Thế hệ thứ: 0
126 5.49117e+07
31 9.69019e+06
29 9.57519e+06
15 3.47813e+06
20 4.27355e+06
24 5.42897e+06
81 3.07635e+07
11 3.23541e+06
27 8.97685e+06
18 3.72225e+06
23 4.53608e+06
49 1.46259e+07
19 3.78534e+06
25 7.63136e+06
112 4.9777e+07
134 6.1842e+07
59 1.93795e+07
91 3.92625e+07
109 4.37987e+07
53 1.77333e+07
69 2.35254e+07
124 5.34875e+07
111 4.87779e+07
133 5.53142e+07
82 3.36092e+07
44 1.30265e+07
62 2.07297e+07
89 3.40004e+07
121 5.04355e+07
129 5.50561e+07
Thế hệ thứ: 1
27 8.97685e+06
11 3.23541e+06
59 1.93795e+07
71 2.67939e+07
53 1.77333e+07
44 1.30265e+07
31 9.69019e+06
69 2.35254e+07
80 2.8325e+07
15 3.47813e+06
133 5.53142e+07
49 1.46259e+07
19 3.78534e+06
62 2.07297e+07
20 4.27355e+06
95 3.33785e+07
24 5.42897e+06
129 5.50561e+07
23 4.53608e+06
29 9.57519e+06
18 3.72225e+06
63 2.24849e+07
113 4.45987e+07
88 3.04928e+07
101 4.15097e+07
25 5.70686e+06
37 1.09321e+07
122 4.95077e+07
140 5.79477e+07
109 4.27982e+07
26 5.78902e+06
126 5.34519e+07
Thế hệ thứ: 2
24 5.42897e+06
95 3.33785e+07
20 4.27355e+06
27 8.97685e+06
11 3.23541e+06
80 2.8325e+07
88 3.04928e+07
26 5.78902e+06
44 1.30265e+07
37 1.09321e+07
19 3.78534e+06
18 3.72225e+06
69 2.35254e+07
59 1.93795e+07
63 2.24849e+07
62 2.07297e+07
15 3.47813e+06
23 4.53608e+06
25 5.70686e+06
164 6.80464e+07
71 2.38401e+07
42 1.29133e+07
75 2.68417e+07
58 1.55789e+07
108 4.01592e+07
123 4.70968e+07
152 5.2532e+07
33 9.51701e+06
114 4.19578e+07
50 1.43472e+07
Thế hệ thứ: 3
164 6.80464e+07
24 5.42897e+06
95 3.33785e+07
20 4.27355e+06
11 3.23541e+06
152 5.2532e+07
114 4.19578e+07
88 3.04928e+07
50 1.43472e+07
108 4.01592e+07
58 1.55789e+07
80 2.8325e+07
75 2.68417e+07
37 1.09321e+07
59 1.93795e+07
18 3.72225e+06
33 9.51701e+06
71 2.38401e+07
42 1.29133e+07
44 1.30265e+07
69 2.35254e+07
26 5.78902e+06
15 3.47813e+06
23 4.53608e+06
19 3.78534e+06
72 2.39603e+07
25 5.70686e+06
63 1.94533e+07
104 3.98888e+07
29 7.37474e+06
65 2.25392e+07
76 2.78402e+07
125 4.27232e+07
35 9.69636e+06
98 3.84314e+07
38 1.27469e+07
Thế hệ thứ: 4
164 6.80464e+07
24 5.42897e+06
95 3.33785e+07
20 4.27355e+06
11 3.23541e+06
152 5.2532e+07
125 4.27232e+07
88 3.04928e+07
58 1.55789e+07
50 1.43472e+07
29 7.37474e+06
59 1.93795e+07
122 4.03047e+07
63 1.94533e+07
75 2.68417e+07
18 3.72225e+06
33 9.51701e+06
44 1.30265e+07
25 5.70686e+06
72 2.39603e+07
37 1.09321e+07
35 9.69636e+06
15 3.47813e+06
26 5.78902e+06
23 4.53608e+06
42 1.29133e+07
71 2.38401e+07
19 3.78534e+06
84 2.69483e+07
105 3.62431e+07
39 1.09938e+07
74 2.67434e+07
92 3.29437e+07
70 2.11644e+07
117 3.9738e+07
Thế hệ thứ: 5
92 3.29437e+07
117 3.9738e+07
105 3.62431e+07
164 6.80464e+07
11 3.23541e+06
152 5.2532e+07
125 4.27232e+07
88 3.04928e+07
84 2.69483e+07
58 1.55789e+07
24 5.42897e+06
95 3.33785e+07
20 4.27355e+06
50 1.43472e+07
122 4.03047e+07
63 1.94533e+07
70 2.11644e+07
29 7.37474e+06
59 1.93795e+07
18 3.72225e+06
33 9.51701e+06
44 1.30265e+07
72 2.39603e+07
25 5.70686e+06
39 1.09938e+07
71 2.38401e+07
15 3.47813e+06
26 5.78902e+06
35 9.69636e+06
37 1.09321e+07
23 4.53608e+06
19 3.78534e+06
150 5.24158e+07
85 2.92137e+07
81 2.63579e+07
43 1.12921e+07
Thế hệ thứ: 6
11 3.23541e+06
92 3.29437e+07
117 3.9738e+07
105 3.62431e+07
164 6.80464e+07
150 5.24158e+07
125 4.27232e+07
152 5.2532e+07
58 1.55789e+07
24 5.42897e+06
20 4.27355e+06
52 1.5329e+07
50 1.43472e+07
81 2.63579e+07
122 4.03047e+07
63 1.94533e+07
70 2.11644e+07
25 5.70686e+06
88 3.04928e+07
29 7.37474e+06
90 3.236e+07
44 1.30265e+07
85 2.92137e+07
18 3.72225e+06
33 9.51701e+06
84 2.69483e+07
43 1.12921e+07
89 3.1303e+07
15 3.47813e+06
26 5.78902e+06
35 9.69636e+06
37 1.09321e+07
39 1.09938e+07
23 4.53608e+06
19 3.78534e+06
67 2.06722e+07
61 1.86701e+07
91 3.27927e+07
130 5.12196e+07
78 2.32212e+07
132 5.1527e+07
97 3.33557e+07
49 1.33325e+07
Thế hệ thứ: 7
67 2.06722e+07
130 5.12196e+07
11 3.23541e+06
117 3.9738e+07
105 3.62431e+07
164 6.80464e+07
152 5.2532e+07
125 4.27232e+07
78 2.32212e+07
132 5.1527e+07
150 5.24158e+07
63 1.94533e+07
122 4.03047e+07
70 2.11644e+07
58 1.55789e+07
81 2.63579e+07
61 1.86701e+07
18 3.72225e+06
33 9.51701e+06
52 1.5329e+07
50 1.43472e+07
44 1.30265e+07
84 2.69483e+07
43 1.12921e+07
23 4.53608e+06
49 1.33325e+07
88 3.04928e+07
15 3.47813e+06
26 5.78902e+06
35 9.69636e+06
89 3.1303e+07
24 5.42897e+06
20 4.27355e+06
19 3.78534e+06
25 5.70686e+06
29 6.56601e+06
41 1.06379e+07
97 3.22439e+07
86 2.88176e+07
59 1.85303e+07
114 3.65751e+07
Thế hệ thứ: 8
67 2.06722e+07
11 3.23541e+06
105 3.62431e+07
164 6.80464e+07
152 5.2532e+07
125 4.27232e+07
97 3.22439e+07
78 2.32212e+07
150 5.24158e+07
114 3.65751e+07
63 1.94533e+07
122 4.03047e+07
70 2.11644e+07
117 3.9738e+07
81 2.63579e+07
58 1.55789e+07
18 3.72225e+06
33 9.51701e+06
89 3.1303e+07
86 2.88176e+07
32 6.24289e+06
50 1.43472e+07
84 2.69483e+07
35 9.69636e+06
59 1.85303e+07
52 1.508e+07
132 4.51707e+07
23 4.53608e+06
49 1.33325e+07
88 3.04928e+07
43 1.12921e+07
15 3.47813e+06
61 1.86701e+07
26 5.78902e+06
24 5.42897e+06
20 4.27355e+06
19 3.78534e+06
25 5.70686e+06
53 1.51e+07
42 1.01784e+07
48 1.19655e+07
Thế hệ thứ: 9
83 2.41363e+07
23 4.53608e+06
49 1.33325e+07
132 4.51707e+07
55 1.41408e+07
164 6.80464e+07
11 3.23541e+06
58 1.44239e+07
152 5.2532e+07
150 5.24158e+07
97 3.22439e+07
78 2.32212e+07
125 4.27232e+07
114 3.65751e+07
63 1.94533e+07
122 4.03047e+07
70 2.11644e+07
117 3.9738e+07
32 6.24289e+06
89 3.1303e+07
48 1.19655e+07
86 2.88176e+07
42 1.01784e+07
18 3.72225e+06
67 2.06722e+07
84 2.69483e+07
59 1.85303e+07
43 1.12921e+07
88 3.04928e+07
26 5.78902e+06
15 3.47813e+06
61 1.86701e+07
24 5.42897e+06
20 4.27355e+06
19 3.78534e+06
25 5.70686e+06
94 3.18312e+07
73 2.29024e+07
100 3.33959e+07
107 3.55177e+07
37 9.33315e+06
Thế hệ thứ: 10
107 3.55177e+07
88 3.00747e+07
11 3.23541e+06
23 4.53608e+06
49 1.33325e+07
83 2.41363e+07
132 4.51707e+07
164 6.80464e+07
55 1.41408e+07
58 1.44239e+07
152 5.2532e+07
125 4.27232e+07
150 5.24158e+07
114 3.65751e+07
32 6.24289e+06
18 3.72225e+06
37 9.33315e+06
100 3.33959e+07
117 3.9738e+07
63 1.94533e+07
70 2.11644e+07
122 4.03047e+07
84 2.69483e+07
78 2.32212e+07
73 2.29024e+07
86 2.88176e+07
67 2.06722e+07
48 1.19655e+07
42 1.01784e+07
94 3.18312e+07
43 1.12921e+07
97 3.22439e+07
26 5.78902e+06
15 3.47813e+06
61 1.86701e+07
24 5.42897e+06
20 4.27355e+06
19 3.78534e+06
25 5.70686e+06
60 1.84509e+07
68 2.09361e+07
123 4.26777e+07
92 3.02028e+07
Thế hệ thứ: 11
92 3.02028e+07
107 3.55177e+07
11 3.23541e+06
23 4.53608e+06
49 1.33325e+07
83 2.41363e+07
132 4.51707e+07
164 6.80464e+07
55 1.41408e+07
33 8.82035e+06
58 1.44239e+07
152 5.2532e+07
150 5.24158e+07
114 3.65751e+07
68 2.09361e+07
32 6.24289e+06
18 3.72225e+06
37 9.33315e+06
100 3.33959e+07
117 3.9738e+07
125 4.27232e+07
84 2.69483e+07
70 2.11644e+07
122 4.03047e+07
78 2.32212e+07
73 2.29024e+07
86 2.88176e+07
48 1.19655e+07
42 1.01784e+07
43 1.12921e+07
80 2.32748e+07
123 4.26777e+07
94 3.18312e+07
97 3.22439e+07
67 2.06722e+07
26 5.78902e+06
15 3.47813e+06
24 5.42897e+06
20 4.27355e+06
19 3.78534e+06
25 5.70686e+06
93 3.03033e+07
88 2.98096e+07
64 1.73928e+07
Thế hệ thứ: 12
92 3.02028e+07
107 3.55177e+07
11 3.23541e+06
23 4.53608e+06
83 2.41363e+07
132 4.51707e+07
164 6.80464e+07
55 1.41408e+07
58 1.44239e+07
33 8.82035e+06
152 5.2532e+07
150 5.24158e+07
64 1.73928e+07
114 3.65751e+07
100 3.33959e+07
117 3.9738e+07
125 4.27232e+07
68 2.09361e+07
32 6.24289e+06
84 2.69483e+07
70 2.11644e+07
122 4.03047e+07
67 2.06722e+07
18 3.72225e+06
37 9.33315e+06
48 1.19655e+07
86 2.88176e+07
42 1.01784e+07
43 1.12921e+07
97 3.22439e+07
80 2.32748e+07
94 3.18312e+07
123 4.26777e+07
15 3.47813e+06
78 2.32212e+07
93 3.03033e+07
74 2.18561e+07
20 4.27355e+06
19 3.78534e+06
26 5.33406e+06
50 1.29321e+07
133 4.89249e+07
66 1.88751e+07
40 9.35292e+06
29 5.82701e+06
90 2.9751e+07
27 5.8189e+06
Thế hệ thứ: 13
92 3.02028e+07
107 3.55177e+07
11 3.23541e+06
23 4.53608e+06
83 2.41363e+07
132 4.51707e+07
164 6.80464e+07
55 1.41408e+07
58 1.44239e+07
33 8.82035e+06
152 5.2532e+07
133 4.89249e+07
150 5.24158e+07
114 3.65751e+07
64 1.73928e+07
100 3.33959e+07
117 3.9738e+07
125 4.27232e+07
84 2.69483e+07
70 2.11644e+07
122 4.03047e+07
20 4.27355e+06
74 2.18561e+07
86 2.88176e+07
50 1.29321e+07
68 2.09361e+07
32 6.24289e+06
48 1.19655e+07
93 3.03033e+07
66 1.88751e+07
43 1.12921e+07
97 3.22439e+07
78 2.32212e+07
90 2.9751e+07
80 2.32748e+07
94 3.18312e+07
123 4.26777e+07
18 3.72225e+06
37 9.33315e+06
15 3.47813e+06
40 9.35292e+06
42 1.01784e+07
26 5.33406e+06
67 2.06722e+07
29 5.82701e+06
27 5.8189e+06
19 3.78534e+06
140 5.0801e+07
136 4.89932e+07
137 5.0293e+07
Thế hệ thứ: 14
92 3.02028e+07
107 3.55177e+07
11 3.23541e+06
23 4.53608e+06
83 2.41363e+07
132 4.51707e+07
164 6.80464e+07
55 1.41408e+07
58 1.44239e+07
33 8.82035e+06
152 5.2532e+07
136 4.89932e+07
114 3.65751e+07
64 1.73928e+07
140 5.0801e+07
100 3.33959e+07
117 3.9738e+07
150 5.24158e+07
125 4.27232e+07
84 2.69483e+07
133 4.89249e+07
70 2.11644e+07
122 4.03047e+07
20 4.27355e+06
74 2.18561e+07
86 2.88176e+07
50 1.29321e+07
68 2.09361e+07
32 6.24289e+06
48 1.19655e+07
93 3.03033e+07
66 1.88751e+07
43 1.12921e+07
97 3.22439e+07
78 2.32212e+07
90 2.9751e+07
80 2.32748e+07
94 3.18312e+07
123 4.26777e+07
137 5.0293e+07
18 3.72225e+06
37 9.33315e+06
15 3.47813e+06
40 9.35292e+06
42 1.01784e+07
26 5.33406e+06
67 2.06722e+07
29 5.82701e+06
27 5.8189e+06
19 3.78534e+06
Thế hệ thứ: 15
92 3.02028e+07
107 3.55177e+07
11 3.23541e+06
23 4.53608e+06
83 2.41363e+07
132 4.51707e+07
164 6.80464e+07
55 1.41408e+07
58 1.44239e+07
33 8.82035e+06
152 5.2532e+07
136 4.89932e+07
114 3.65751e+07
64 1.73928e+07
140 5.0801e+07
100 3.33959e+07
160 6.4497e+07
117 3.9738e+07
150 5.24158e+07
125 4.27232e+07
84 2.69483e+07
70 2.11644e+07
122 4.03047e+07
20 4.27355e+06
74 2.18561e+07
86 2.88176e+07
50 1.29321e+07
68 2.09361e+07
32 6.24289e+06
48 1.19655e+07
93 3.03033e+07
66 1.88751e+07
43 1.12921e+07
97 3.22439e+07
78 2.32212e+07
90 2.9751e+07
80 2.32748e+07
94 3.18312e+07
123 4.26777e+07
137 5.0293e+07
18 3.72225e+06
37 9.33315e+06
15 3.47813e+06
40 9.35292e+06
42 1.01784e+07
26 5.33406e+06
67 2.06722e+07
29 5.82701e+06
27 5.8189e+06
19 3.78534e+06
133 4.86327e+07
Thế hệ thứ: 16
92 3.02028e+07
107 3.55177e+07
11 3.23541e+06
157 6.1048e+07
23 4.53608e+06
83 2.41363e+07
132 4.51707e+07
117 3.9738e+07
55 1.41408e+07
58 1.44239e+07
33 8.82035e+06
152 5.2532e+07
136 4.89932e+07
114 3.65751e+07
64 1.73928e+07
140 5.0801e+07
100 3.33959e+07
150 5.24158e+07
125 4.27232e+07
84 2.69483e+07
133 4.86327e+07
70 2.11644e+07
122 4.03047e+07
20 4.27355e+06
74 2.18561e+07
86 2.88176e+07
50 1.29321e+07
32 6.24289e+06
48 1.19655e+07
93 3.03033e+07
43 1.12921e+07
78 2.32212e+07
90 2.9751e+07
80 2.32748e+07
123 4.26777e+07
137 5.0293e+07
18 3.72225e+06
37 9.33315e+06
15 3.47813e+06
40 9.35292e+06
42 1.01784e+07
26 5.33406e+06
29 5.82701e+06
27 5.8189e+06
69 1.88318e+07
97 3.10189e+07
166 6.44301e+07
Thế hệ thứ: 17
100 3.33959e+07
92 3.02028e+07
107 3.55177e+07
11 3.23541e+06
58 1.44239e+07
152 5.2532e+07
48 1.19655e+07
97 3.10189e+07
23 4.53608e+06
83 2.41363e+07
157 6.1048e+07
132 4.51707e+07
64 1.73928e+07
136 4.89932e+07
140 5.0801e+07
117 3.9738e+07
170 6.3859e+07
150 5.24158e+07
69 1.88318e+07
125 4.27232e+07
84 2.69483e+07
167 6.36729e+07
133 4.86327e+07
70 2.11644e+07
122 4.03047e+07
20 4.27355e+06
74 2.18561e+07
86 2.88176e+07
50 1.29321e+07
55 1.41408e+07
32 6.24289e+06
43 1.12921e+07
78 2.32212e+07
90 2.9751e+07
80 2.32748e+07
123 4.26777e+07
137 5.0293e+07
18 3.72225e+06
37 9.33315e+06
15 3.47813e+06
40 9.35292e+06
42 1.01784e+07
26 5.33406e+06
93 3.03033e+07
29 5.82701e+06
27 5.8189e+06
34 8.04831e+06
114 3.63513e+07
159 6.24433e+07
Thế hệ thứ: 18
150 5.24158e+07
170 6.3859e+07
92 3.02028e+07
107 3.55177e+07
100 3.33959e+07
11 3.23541e+06
23 4.53608e+06
83 2.41363e+07
157 6.1048e+07
132 4.51707e+07
58 1.44239e+07
152 5.2532e+07
64 1.73928e+07
114 3.63513e+07
117 3.9738e+07
78 2.32212e+07
159 6.24433e+07
69 1.88318e+07
125 4.27232e+07
84 2.69483e+07
97 3.10189e+07
48 1.19655e+07
167 6.36729e+07
122 4.03047e+07
20 4.27355e+06
34 8.04831e+06
50 1.29321e+07
55 1.41408e+07
32 6.24289e+06
43 1.12921e+07
90 2.9751e+07
18 3.72225e+06
80 2.32748e+07
123 4.26777e+07
15 3.47813e+06
42 1.01784e+07
26 5.33406e+06
93 3.03033e+07
29 5.82701e+06
27 5.8189e+06
40 8.79146e+06
137 4.87211e+07
76 2.07652e+07
86 2.74835e+07
98 3.30994e+07
142 5.07923e+07
135 4.57881e+07
Thế hệ thứ: 19
44 1.08637e+07
150 5.24158e+07
170 6.3859e+07
92 3.02028e+07
107 3.55177e+07
11 3.23541e+06
23 4.53608e+06
83 2.41363e+07
132 4.51707e+07
157 6.1048e+07
40 8.79146e+06
142 5.07923e+07
58 1.44239e+07
152 5.2532e+07
114 3.63513e+07
64 1.73928e+07
69 1.88318e+07
76 2.07652e+07
137 4.87211e+07
117 3.9738e+07
78 2.32212e+07
159 6.24433e+07
125 4.27232e+07
100 3.33959e+07
167 6.36729e+07
34 8.04831e+06
135 4.57881e+07
122 4.03047e+07
86 2.74835e+07
90 2.9751e+07
50 1.29321e+07
48 1.19655e+07
97 3.10189e+07
55 1.41408e+07
84 2.69483e+07
32 6.24289e+06
42 1.01784e+07
80 2.32748e+07
123 4.26777e+07
18 3.72225e+06
98 3.30994e+07
15 3.47813e+06
26 5.33406e+06
93 3.03033e+07
20 4.27355e+06
29 5.82701e+06
27 5.8189e+06
104 3.49335e+07
Thế hệ thứ: 20
69 1.88318e+07
11 3.23541e+06
44 1.08637e+07
150 5.24158e+07
170 6.3859e+07
23 4.53608e+06
83 2.41363e+07
132 4.51707e+07
157 6.1048e+07
40 8.79146e+06
142 5.07923e+07
58 1.44239e+07
152 5.2532e+07
114 3.63513e+07
64 1.73928e+07
104 3.49335e+07
76 2.07652e+07
137 4.87211e+07
117 3.9738e+07
78 2.32212e+07
159 6.24433e+07
167 6.36729e+07
34 8.04831e+06
135 4.57881e+07
92 3.02028e+07
107 3.55177e+07
122 4.03047e+07
86 2.74835e+07
90 2.9751e+07
50 1.29321e+07
48 1.19655e+07
97 3.10189e+07
55 1.41408e+07
84 2.69483e+07
32 6.24289e+06
100 3.33959e+07
42 1.01784e+07
80 2.32748e+07
18 3.72225e+06
98 3.30994e+07
15 3.47813e+06
26 5.33406e+06
93 3.03033e+07
20 4.27355e+06
29 5.82701e+06
27 5.8189e+06
35 8.04974e+06
128 4.12336e+07
38 8.47893e+06
52 1.29511e+07
Thế hệ thứ: 21
11 3.23541e+06
44 1.08637e+07
44 1.08637e+07
150 5.24158e+07
170 6.3859e+07
132 4.51707e+07
23 4.53608e+06
83 2.41363e+07
157 6.1048e+07
40 8.79146e+06
142 5.07923e+07
128 4.12336e+07
58 1.44239e+07
152 5.2532e+07
114 3.63513e+07
64 1.73928e+07
69 1.88318e+07
104 3.49335e+07
76 2.07652e+07
137 4.87211e+07
52 1.29511e+07
117 3.9738e+07
78 2.32212e+07
159 6.24433e+07
122 4.03047e+07
167 6.36729e+07
135 4.57881e+07
92 3.02028e+07
107 3.55177e+07
86 2.74835e+07
90 2.9751e+07
48 1.19655e+07
97 3.10189e+07
84 2.69483e+07
32 6.24289e+06
100 3.33959e+07
55 1.41408e+07
42 1.01784e+07
18 3.72225e+06
98 3.30994e+07
15 3.47813e+06
80 2.32748e+07
38 8.47893e+06
26 5.33406e+06
93 3.03033e+07
20 4.27355e+06
50 1.29321e+07
29 5.82701e+06
35 8.04974e+06
27 5.8189e+06
102 3.39872e+07
67 1.78393e+07
85 2.72507e+07
34 8.04295e+06
99 3.31929e+07
46 1.1886e+07
Thế hệ thứ: 22
11 3.23541e+06
150 5.24158e+07
170 6.3859e+07
23 4.53608e+06
83 2.41363e+07
132 4.51707e+07
157 6.1048e+07
40 8.79146e+06
142 5.07923e+07
128 4.12336e+07
102 3.39872e+07
58 1.44239e+07
152 5.2532e+07
114 3.63513e+07
67 1.78393e+07
76 2.07652e+07
52 1.29511e+07
117 3.9738e+07
64 1.73928e+07
78 2.32212e+07
159 6.24433e+07
69 1.88318e+07
122 4.03047e+07
167 6.36729e+07
135 4.57881e+07
107 3.55177e+07
90 2.9751e+07
48 1.19655e+07
97 3.10189e+07
86 2.74835e+07
32 6.24289e+06
84 2.69483e+07
55 1.41408e+07
42 1.01784e+07
15 3.47813e+06
34 8.04295e+06
18 3.72225e+06
98 3.30994e+07
80 2.32748e+07
26 5.33406e+06
38 8.47893e+06
93 3.03033e+07
20 4.27355e+06
29 5.82701e+06
50 1.29321e+07
35 8.04974e+06
105 3.43868e+07
100 3.33959e+07
155 5.67413e+07
47 1.05481e+07
140 4.81976e+07
60 1.67276e+07
Thế hệ thứ: 23
11 3.23541e+06
155 5.67413e+07
40 8.79146e+06
142 5.07923e+07
128 4.12336e+07
114 3.63513e+07
67 1.78393e+07
76 2.07652e+07
55 1.41408e+07
140 4.81976e+07
23 4.53608e+06
83 2.41363e+07
132 4.51707e+07
52 1.29511e+07
117 3.9738e+07
78 2.32212e+07
69 1.88318e+07
102 3.39872e+07
58 1.44239e+07
135 4.57881e+07
122 4.03047e+07
90 2.9751e+07
107 3.55177e+07
64 1.73928e+07
60 1.67276e+07
86 2.74835e+07
48 1.19655e+07
97 3.10189e+07
84 2.69483e+07
42 1.01784e+07
32 6.24289e+06
47 1.05481e+07
93 3.03033e+07
38 8.47893e+06
170 6.05381e+07
18 3.72225e+06
98 3.30994e+07
105 3.43868e+07
29 5.82701e+06
15 3.47813e+06
80 2.32748e+07
20 4.27355e+06
50 1.29321e+07
153 5.1882e+07
96 3.08237e+07
34 7.58015e+06
27 5.21095e+06
Thế hệ thứ: 24
11 3.23541e+06
40 8.79146e+06
142 5.07923e+07
128 4.12336e+07
170 6.05381e+07
18 3.72225e+06
98 3.30994e+07
155 5.67413e+07
153 5.1882e+07
114 3.63513e+07
67 1.78393e+07
34 7.58015e+06
76 2.07652e+07
55 1.41408e+07
140 4.81976e+07
23 4.53608e+06
83 2.41363e+07
132 4.51707e+07
52 1.29511e+07
117 3.9738e+07
69 1.88318e+07
135 4.57881e+07
122 4.03047e+07
90 2.9751e+07
107 3.55177e+07
64 1.73928e+07
60 1.67276e+07
86 2.74835e+07
29 5.67044e+06
84 2.69483e+07
102 3.39872e+07
58 1.44239e+07
42 1.01784e+07
78 2.32212e+07
47 1.05481e+07
32 6.24289e+06
48 1.19655e+07
27 5.21095e+06
38 8.47893e+06
97 3.00198e+07
15 3.47813e+06
80 2.32748e+07
20 4.27355e+06
50 1.29321e+07
41 1.01296e+07
106 3.40076e+07
Thế hệ thứ: 25
11 3.23541e+06
40 8.79146e+06
142 5.07923e+07
128 4.12336e+07
170 6.05381e+07
18 3.72225e+06
98 3.30994e+07
155 5.67413e+07
106 3.40076e+07
153 5.1882e+07
114 3.63513e+07
67 1.78393e+07
34 7.58015e+06
76 2.07652e+07
55 1.41408e+07
140 4.81976e+07
23 4.53608e+06
83 2.41363e+07
132 4.51707e+07
117 3.9738e+07
90 2.9751e+07
97 3.00198e+07
69 1.88318e+07
135 4.57881e+07
122 4.03047e+07
107 3.55177e+07
64 1.73928e+07
60 1.67276e+07
29 5.67044e+06
84 2.69483e+07
102 3.39872e+07
58 1.44239e+07
78 2.32212e+07
47 1.05481e+07
32 6.24289e+06
48 1.19655e+07
38 8.47893e+06
27 5.21095e+06
15 3.47813e+06
80 2.32748e+07
20 4.27355e+06
42 1.01784e+07
41 1.01296e+07
86 2.69803e+07
52 1.2e+07
Thế hệ thứ: 26
11 3.23541e+06
40 8.79146e+06
142 5.07923e+07
128 4.12336e+07
170 6.05381e+07
18 3.72225e+06
98 3.30994e+07
155 5.67413e+07
153 5.1882e+07
106 3.40076e+07
114 3.63513e+07
67 1.78393e+07
34 7.58015e+06
76 2.07652e+07
55 1.41408e+07
140 4.81976e+07
23 4.53608e+06
83 2.41363e+07
132 4.51707e+07
52 1.2e+07
117 3.9738e+07
97 3.00198e+07
69 1.88318e+07
135 4.57881e+07
122 4.03047e+07
107 3.55177e+07
64 1.73928e+07
60 1.67276e+07
86 2.69803e+07
102 3.39872e+07
58 1.44239e+07
78 2.32212e+07
47 1.05481e+07
29 5.67044e+06
84 2.69483e+07
32 6.24289e+06
38 8.47893e+06
27 5.21095e+06
48 1.19655e+07
15 3.47813e+06
80 2.32748e+07
20 4.27355e+06
42 1.01784e+07
41 1.01296e+07
91 2.85268e+07
53 1.40928e+07
154 5.40337e+07
30 6.14904e+06
Thế hệ thứ: 27
11 3.23541e+06
40 8.79146e+06
142 5.07923e+07
128 4.12336e+07
170 6.05381e+07
18 3.72225e+06
155 5.67413e+07
114 3.63513e+07
67 1.78393e+07
34 7.58015e+06
76 2.07652e+07
153 5.1882e+07
55 1.41408e+07
140 4.81976e+07
97 3.00198e+07
23 4.53608e+06
83 2.41363e+07
132 4.51707e+07
107 3.55177e+07
52 1.2e+07
117 3.9738e+07
69 1.88318e+07
135 4.57881e+07
154 5.40337e+07
30 6.14904e+06
122 4.03047e+07
64 1.73928e+07
60 1.67276e+07
58 1.44239e+07
86 2.69803e+07
78 2.32212e+07
47 1.05481e+07
29 5.67044e+06
84 2.69483e+07
38 8.47893e+06
27 5.21095e+06
48 1.19655e+07
53 1.40928e+07
15 3.47813e+06
32 6.24289e+06
80 2.32748e+07
20 4.27355e+06
42 1.01784e+07
41 1.01296e+07
106 3.1145e+07
91 2.73919e+07
130 4.24279e+07
Thế hệ thứ: 28
107 3.55177e+07
11 3.23541e+06
40 8.79146e+06
142 5.07923e+07
170 6.05381e+07
18 3.72225e+06
155 5.67413e+07
114 3.63513e+07
97 3.00198e+07
106 3.1145e+07
67 1.78393e+07
34 7.58015e+06
76 2.07652e+07
153 5.1882e+07
91 2.73919e+07
55 1.41408e+07
140 4.81976e+07
52 1.2e+07
117 3.9738e+07
69 1.88318e+07
135 4.57881e+07
154 5.40337e+07
30 6.14904e+06
122 4.03047e+07
130 4.24279e+07
23 4.53608e+06
83 2.41363e+07
132 4.51707e+07
64 1.73928e+07
60 1.67276e+07
128 4.12336e+07
58 1.44239e+07
39 8.48297e+06
78 2.32212e+07
47 1.05481e+07
29 5.67044e+06
84 2.69483e+07
38 8.47893e+06
27 5.21095e+06
48 1.19655e+07
15 3.47813e+06
86 2.69803e+07
32 6.24289e+06
80 2.32748e+07
20 4.27355e+06
42 1.01784e+07
41 1.01296e+07
165 6.03533e+07
54 1.23868e+07
59 1.62563e+07
68 1.82329e+07
Thế hệ thứ: 29
107 3.55177e+07
11 3.23541e+06
40 8.79146e+06
142 5.07923e+07
68 1.82329e+07
170 6.05381e+07
18 3.72225e+06
165 6.03533e+07
155 5.67413e+07
97 3.00198e+07
106 3.1145e+07
114 3.63513e+07
67 1.78393e+07
34 7.58015e+06
76 2.07652e+07
91 2.73919e+07
153 5.1882e+07
55 1.41408e+07
140 4.81976e+07
52 1.2e+07
117 3.9738e+07
154 5.40337e+07
30 6.14904e+06
30 6.14904e+06
122 4.03047e+07
69 1.88318e+07
130 4.24279e+07
23 4.53608e+06
83 2.41363e+07
128 4.12336e+07
78 2.32212e+07
47 1.05481e+07
29 5.67044e+06
84 2.69483e+07
60 1.67276e+07
64 1.73928e+07
58 1.44239e+07
27 5.21095e+06
48 1.19655e+07
54 1.23868e+07
59 1.62563e+07
15 3.47813e+06
86 2.69803e+07
32 6.24289e+06
80 2.32748e+07
38 8.47893e+06
20 4.27355e+06
42 1.01784e+07
41 1.01296e+07
33 7.53727e+06
136 4.51446e+07
Thế hệ thứ: 30
40 8.79146e+06
142 5.07923e+07
128 4.12336e+07
136 4.51446e+07
68 1.82329e+07
170 6.05381e+07
18 3.72225e+06
11 3.23541e+06
165 6.03533e+07
155 5.67413e+07
97 3.00198e+07
106 3.1145e+07
107 3.55177e+07
114 3.63513e+07
55 1.41408e+07
140 4.81976e+07
67 1.78393e+07
34 7.58015e+06
76 2.07652e+07
91 2.73919e+07
153 5.1882e+07
52 1.2e+07
117 3.9738e+07
130 4.24279e+07
154 5.40337e+07
30 6.14904e+06
122 4.03047e+07
69 1.88318e+07
23 4.53608e+06
83 2.41363e+07
78 2.32212e+07
29 5.67044e+06
84 2.69483e+07
60 1.67276e+07
64 1.73928e+07
58 1.44239e+07
38 8.47893e+06
27 5.21095e+06
48 1.19655e+07
54 1.23868e+07
59 1.62563e+07
15 3.47813e+06
86 2.69803e+07
80 2.32748e+07
20 4.27355e+06
42 1.01784e+07
32 6.24289e+06
41 1.01296e+07
47 1.01982e+07
33 7.53727e+06
95 3.00106e+07
70 1.9448e+07
93 2.75743e+07
174 6.12415e+07
Thế hệ thứ: 31
107 3.55177e+07
11 3.23541e+06
106 3.1145e+07
154 5.40337e+07
174 6.12415e+07
165 6.03533e+07
155 5.67413e+07
40 8.79146e+06
142 5.07923e+07
128 4.12336e+07
136 4.51446e+07
140 4.81976e+07
114 3.63513e+07
91 2.73919e+07
153 5.1882e+07
52 1.2e+07
117 3.9738e+07
130 4.24279e+07
67 1.78393e+07
76 2.07652e+07
122 4.03047e+07
23 4.53608e+06
83 2.41363e+07
97 3.00198e+07
48 1.19655e+07
70 1.9448e+07
93 2.75743e+07
170 6.05381e+07
18 3.72225e+06
78 2.32212e+07
47 1.01982e+07
84 2.69483e+07
95 3.00106e+07
60 1.67276e+07
64 1.73928e+07
38 8.47893e+06
27 5.21095e+06
54 1.23868e+07
87 2.72167e+07
59 1.62563e+07
15 3.47813e+06
86 2.69803e+07
80 2.32748e+07
20 4.27355e+06
42 1.01784e+07
41 1.01296e+07
156 5.96628e+07
129 4.17493e+07
58 1.40029e+07
34 6.09299e+06
Thế hệ thứ: 32
107 3.55177e+07
11 3.23541e+06
106 3.1145e+07
154 5.40337e+07
174 6.12415e+07
40 8.79146e+06
142 5.07923e+07
128 4.12336e+07
136 4.51446e+07
140 4.81976e+07
114 3.63513e+07
91 2.73919e+07
153 5.1882e+07
34 6.09299e+06
156 5.96628e+07
52 1.2e+07
67 1.78393e+07
76 2.07652e+07
155 5.67413e+07
48 1.19655e+07
70 1.9448e+07
93 2.75743e+07
130 4.24279e+07
165 6.03533e+07
58 1.40029e+07
27 5.21095e+06
129 4.17493e+07
122 4.03047e+07
23 4.53608e+06
83 2.41363e+07
38 8.47893e+06
54 1.23868e+07
170 6.05381e+07
18 3.72225e+06
78 2.32212e+07
47 1.01982e+07
84 2.69483e+07
60 1.67276e+07
64 1.73928e+07
87 2.72167e+07
59 1.62563e+07
15 3.47813e+06
80 2.32748e+07
20 4.27355e+06
42 1.01784e+07
41 1.01296e+07
86 2.69803e+07
97 2.81143e+07
117 3.79247e+07
26 5.08353e+06
Thế hệ thứ: 33
106 3.1145e+07
154 5.40337e+07
174 6.12415e+07
107 3.55177e+07
97 2.81143e+07
11 3.23541e+06
40 8.79146e+06
128 4.12336e+07
136 4.51446e+07
91 2.73919e+07
153 5.1882e+07
129 4.17493e+07
122 4.03047e+07
34 6.09299e+06
57 1.39903e+07
156 5.96628e+07
117 3.79247e+07
67 1.78393e+07
76 2.07652e+07
155 5.67413e+07
70 1.9448e+07
93 2.75743e+07
48 1.19655e+07
114 3.63513e+07
130 4.24279e+07
58 1.40029e+07
23 4.53608e+06
38 8.47893e+06
54 1.23868e+07
83 2.3465e+07
18 3.72225e+06
78 2.32212e+07
47 1.01982e+07
84 2.69483e+07
27 5.21095e+06
60 1.67276e+07
64 1.73928e+07
87 2.72167e+07
59 1.62563e+07
15 3.47813e+06
80 2.32748e+07
26 5.08353e+06
20 4.27355e+06
52 1.2e+07
42 1.01784e+07
41 1.01296e+07
86 2.69803e+07
33 5.90107e+06
28 5.45157e+06
126 4.10666e+07
72 1.9457e+07
171 6.0032e+07
142 4.69072e+07
Thế hệ thứ: 34
97 2.81143e+07
11 3.23541e+06
106 3.1145e+07
154 5.40337e+07
142 4.69072e+07
37 7.87966e+06
91 2.73919e+07
153 5.1882e+07
57 1.39903e+07
107 3.55177e+07
155 5.67413e+07
171 6.0032e+07
117 3.79247e+07
129 4.17493e+07
122 4.03047e+07
114 3.63513e+07
67 1.78393e+07
76 2.07652e+07
130 4.24279e+07
18 3.72225e+06
83 2.3465e+07
38 8.47893e+06
84 2.69483e+07
34 6.09299e+06
78 2.32212e+07
47 1.01982e+07
54 1.23868e+07
60 1.67276e+07
64 1.73928e+07
70 1.9448e+07
93 2.75743e+07
48 1.19655e+07
72 1.9457e+07
87 2.72167e+07
59 1.62563e+07
126 4.10666e+07
15 3.47813e+06
58 1.40029e+07
23 4.53608e+06
28 5.45157e+06
33 5.90107e+06
40 8.79146e+06
26 5.08353e+06
20 4.27355e+06
52 1.2e+07
178 6.44078e+07
140 4.44418e+07
80 2.32748e+07
158 5.95529e+07
177 6.0599e+07
143 5.05588e+07
68 1.86127e+07
42 9.78604e+06
41 9.28943e+06
Thế hệ thứ: 35
178 6.44078e+07
52 1.2e+07
68 1.86127e+07
107 3.55177e+07
97 2.81143e+07
11 3.23541e+06
106 3.1145e+07
27 5.08537e+06
158 5.95529e+07
143 5.05588e+07
140 4.44418e+07
155 5.67413e+07
171 6.0032e+07
37 7.87966e+06
91 2.73919e+07
153 5.1882e+07
142 4.69072e+07
177 6.0599e+07
117 3.79247e+07
130 4.24279e+07
122 4.03047e+07
114 3.63513e+07
67 1.78393e+07
76 2.07652e+07
154 5.40337e+07
18 3.72225e+06
83 2.3465e+07
47 1.01982e+07
78 2.32212e+07
54 1.23868e+07
60 1.67276e+07
64 1.73928e+07
93 2.75743e+07
70 1.9448e+07
48 1.19655e+07
72 1.9457e+07
59 1.62563e+07
34 6.09299e+06
28 5.45157e+06
42 9.78604e+06
57 1.39903e+07
15 3.47813e+06
23 4.53608e+06
58 1.40029e+07
20 4.27355e+06
26 5.08353e+06
119 3.79629e+07
87 2.59686e+07
129 4.04791e+07
33 5.84003e+06
38 8.20712e+06
Thế hệ thứ: 36
178 6.44078e+07
52 1.2e+07
68 1.86127e+07
107 3.55177e+07
32 5.81693e+06
97 2.81143e+07
11 3.23541e+06
106 3.1145e+07
27 5.08537e+06
143 5.05588e+07
140 4.44418e+07
98 3.09616e+07
171 6.0032e+07
130 4.24279e+07
84 2.49312e+07
91 2.73919e+07
37 7.87966e+06
153 5.1882e+07
142 4.69072e+07
177 6.0599e+07
15 3.47813e+06
87 2.59686e+07
122 4.03047e+07
114 3.63513e+07
18 3.72225e+06
83 2.3465e+07
67 1.78393e+07
76 2.07652e+07
154 5.40337e+07
42 9.78604e+06
33 5.84003e+06
78 2.32212e+07
129 4.04791e+07
47 1.01982e+07
119 3.79629e+07
54 1.23868e+07
38 8.20712e+06
60 1.67276e+07
64 1.73928e+07
93 2.75743e+07
70 1.9448e+07
48 1.19655e+07
72 1.9457e+07
34 6.09299e+06
59 1.62563e+07
117 3.79247e+07
57 1.39903e+07
23 4.53608e+06
58 1.40029e+07
26 5.08353e+06
20 4.27355e+06
111 3.59524e+07
29 5.38189e+06
161 5.49891e+07
116 3.7088e+07
39 9.6091e+06
35 6.21133e+06
Thế hệ thứ: 37
130 4.24279e+07
178 6.44078e+07
52 1.2e+07
11 3.23541e+06
122 4.03047e+07
161 5.49891e+07
143 5.05588e+07
98 3.09616e+07
171 6.0032e+07
140 4.44418e+07
106 3.1145e+07
91 2.73919e+07
37 7.87966e+06
84 2.49312e+07
153 5.1882e+07
142 4.69072e+07
177 6.0599e+07
68 1.86127e+07
107 3.55177e+07
154 5.40337e+07
67 1.78393e+07
76 2.07652e+07
78 2.32212e+07
97 2.81143e+07
129 4.04791e+07
15 3.47813e+06
87 2.59686e+07
47 1.01982e+07
18 3.72225e+06
83 2.3465e+07
54 1.23868e+07
60 1.67276e+07
64 1.73928e+07
93 2.75743e+07
48 1.19655e+07
42 9.78604e+06
72 1.9457e+07
59 1.62563e+07
111 3.59524e+07
116 3.7088e+07
119 3.73583e+07
57 1.39903e+07
23 4.53608e+06
58 1.40029e+07
114 3.63513e+07
35 6.21133e+06
20 4.27355e+06
29 5.38189e+06
38 8.20712e+06
82 2.33275e+07
40 9.31308e+06
Thế hệ thứ: 38
130 4.24279e+07
178 6.44078e+07
52 1.2e+07
11 3.23541e+06
122 4.03047e+07
161 5.49891e+07
143 5.05588e+07
98 3.09616e+07
171 6.0032e+07
140 4.44418e+07
106 3.1145e+07
37 7.87966e+06
84 2.49312e+07
153 5.1882e+07
142 4.69072e+07
177 6.0599e+07
68 1.86127e+07
110 3.38363e+07
29 5.38189e+06
154 5.40337e+07
67 1.78393e+07
76 2.07652e+07
35 6.21133e+06
116 3.7088e+07
119 3.73583e+07
57 1.39903e+07
40 9.31308e+06
97 2.81143e+07
72 1.9457e+07
129 4.04791e+07
15 3.47813e+06
87 2.59686e+07
78 2.32212e+07
23 4.53608e+06
47 1.01982e+07
54 1.23868e+07
60 1.67276e+07
64 1.73928e+07
93 2.75743e+07
48 1.19655e+07
59 1.62563e+07
42 9.78604e+06
111 3.59524e+07
58 1.40029e+07
114 3.63513e+07
20 4.27355e+06
83 2.3465e+07
18 3.72225e+06
38 8.20712e+06
77 2.23721e+07
69 1.86791e+07
24 5.38027e+06
146 5.14002e+07
92 2.67345e+07
Thế hệ thứ: 39
178 6.44078e+07
52 1.2e+07
146 5.14002e+07
11 3.23541e+06
122 4.03047e+07
161 5.49891e+07
98 3.09616e+07
171 6.0032e+07
140 4.44418e+07
106 3.1145e+07
142 4.69072e+07
177 6.0599e+07
110 3.38363e+07
29 5.38189e+06
154 5.40337e+07
143 5.05588e+07
37 7.87966e+06
153 5.1882e+07
84 2.48552e+07
35 6.21133e+06
116 3.7088e+07
119 3.73583e+07
57 1.39903e+07
97 2.81143e+07
129 4.04791e+07
67 1.78393e+07
24 5.38027e+06
76 2.07652e+07
15 3.47813e+06
87 2.59686e+07
72 1.9457e+07
47 1.01982e+07
111 3.59524e+07
18 3.72225e+06
83 2.3465e+07
54 1.23868e+07
59 1.62563e+07
92 2.67345e+07
60 1.67276e+07
64 1.73928e+07
48 1.19655e+07
93 2.75743e+07
42 9.78604e+06
78 2.32212e+07
77 2.23721e+07
58 1.40029e+07
114 3.63513e+07
20 4.27355e+06
39 8.94873e+06
136 4.35703e+07
40 9.13767e+06
30 5.43883e+06
130 4.16053e+07
Thế hệ thứ: 40
178 6.44078e+07
52 1.2e+07
146 5.14002e+07
11 3.23541e+06
161 5.49891e+07
122 4.03047e+07
98 3.09616e+07
171 6.0032e+07
78 2.13306e+07
177 6.0599e+07
106 3.1145e+07
142 4.69072e+07
110 3.38363e+07
136 4.35703e+07
72 1.9457e+07
154 5.40337e+07
143 5.05588e+07
130 4.16053e+07
32 5.81013e+06
37 7.87966e+06
153 5.1882e+07
140 4.44418e+07
116 3.7088e+07
119 3.73583e+07
57 1.39903e+07
97 2.81143e+07
84 2.48552e+07
35 6.21133e+06
24 5.38027e+06
76 2.07652e+07
67 1.78393e+07
15 3.47813e+06
87 2.59686e+07
47 1.01982e+07
129 4.04791e+07
111 3.59524e+07
20 4.27355e+06
18 3.72225e+06
83 2.3465e+07
54 1.23868e+07
59 1.62563e+07
92 2.67345e+07
60 1.67276e+07
64 1.73928e+07
93 2.75743e+07
48 1.19655e+07
42 9.78604e+06
38 8.69604e+06
30 5.43883e+06
58 1.40029e+07
114 3.63513e+07
61 1.68538e+07
41 8.74092e+06
31 5.78684e+06
113 3.60984e+07
Thế hệ thứ: 41
178 6.44078e+07
52 1.2e+07
146 5.14002e+07
11 3.23541e+06
161 5.49891e+07
122 4.03047e+07
98 3.09616e+07
171 6.0032e+07
78 2.13306e+07
177 6.0599e+07
106 3.1145e+07
142 4.69072e+07
110 3.38363e+07
136 4.35703e+07
72 1.9457e+07
154 5.40337e+07
143 5.05588e+07
18 3.72225e+06
83 2.3465e+07
37 7.87966e+06
153 5.1882e+07
140 4.44418e+07
116 3.7088e+07
119 3.73583e+07
57 1.39903e+07
97 2.81143e+07
76 2.07652e+07
24 5.38027e+06
67 1.78393e+07
15 3.47813e+06
87 2.59686e+07
47 1.01982e+07
129 4.04791e+07
35 6.21133e+06
84 2.48552e+07
20 4.27355e+06
41 8.74092e+06
54 1.23868e+07
59 1.62563e+07
92 2.67345e+07
93 2.75743e+07
48 1.19655e+07
111 3.59524e+07
64 1.73928e+07
58 1.40029e+07
38 8.69604e+06
30 5.43883e+06
61 1.68538e+07
131 4.10968e+07
21 4.98665e+06
22 5.04621e+06
28 5.41283e+06
73 1.95098e+07
44 9.24527e+06
85 2.48575e+07
Thế hệ thứ: 42
178 6.44078e+07
52 1.2e+07
11 3.23541e+06
161 5.49891e+07
122 4.03047e+07
98 3.09616e+07
171 6.0032e+07
78 2.13306e+07
177 6.0599e+07
106 3.1145e+07
142 4.69072e+07
136 4.35703e+07
110 3.38363e+07
154 5.40337e+07
18 3.72225e+06
83 2.3465e+07
58 1.40029e+07
131 4.10968e+07
37 7.87966e+06
153 5.1882e+07
140 4.44418e+07
111 3.59524e+07
119 3.73583e+07
57 1.39903e+07
116 3.7088e+07
97 2.81143e+07
35 6.21133e+06
24 5.38027e+06
76 2.07652e+07
67 1.78393e+07
15 3.47813e+06
87 2.59686e+07
47 1.01982e+07
129 4.04791e+07
92 2.67345e+07
59 1.62563e+07
72 1.9457e+07
41 8.74092e+06
54 1.23868e+07
44 9.24527e+06
93 2.75743e+07
48 1.19655e+07
38 8.69604e+06
30 5.43883e+06
114 3.60474e+07
64 1.73928e+07
61 1.68538e+07
73 1.95098e+07
20 4.27355e+06
33 5.84003e+06
86 2.58443e+07
146 4.86982e+07
74 2.07476e+07
Thế hệ thứ: 43
178 6.44078e+07
52 1.2e+07
11 3.23541e+06
146 4.86982e+07
122 4.03047e+07
161 5.49891e+07
98 3.09616e+07
153 5.1882e+07
18 3.72225e+06
83 2.3465e+07
106 3.1145e+07
78 2.13306e+07
136 4.35703e+07
110 3.38363e+07
142 4.69072e+07
154 5.40337e+07
58 1.40029e+07
131 4.10968e+07
140 4.44418e+07
119 3.73583e+07
57 1.39903e+07
116 3.7088e+07
177 5.95419e+07
97 2.81143e+07
24 5.38027e+06
67 1.78393e+07
38 7.03334e+06
47 1.01982e+07
129 4.04791e+07
56 1.39307e+07
86 2.58443e+07
92 2.67345e+07
59 1.62563e+07
72 1.9457e+07
20 4.27355e+06
41 8.74092e+06
54 1.23868e+07
30 5.43883e+06
111 3.59524e+07
93 2.75743e+07
48 1.19655e+07
35 6.21133e+06
114 3.60474e+07
64 1.73928e+07
15 3.47813e+06
87 2.59686e+07
61 1.68538e+07
33 5.84003e+06
74 2.07476e+07
44 9.17853e+06
Thế hệ thứ: 44
178 6.44078e+07
52 1.2e+07
97 2.81143e+07
177 5.95419e+07
11 3.23541e+06
146 4.86982e+07
122 4.03047e+07
161 5.49891e+07
153 5.1882e+07
18 3.72225e+06
83 2.3465e+07
106 3.1145e+07
136 4.35703e+07
110 3.38363e+07
142 4.69072e+07
98 3.09616e+07
154 5.40337e+07
78 2.13306e+07
58 1.40029e+07
131 4.10968e+07
140 4.44418e+07
72 1.9457e+07
119 3.73583e+07
57 1.39903e+07
116 3.7088e+07
24 5.38027e+06
67 1.78393e+07
38 7.03334e+06
47 1.01982e+07
54 1.23868e+07
41 8.74092e+06
129 4.04791e+07
74 2.07476e+07
56 1.39307e+07
86 2.58443e+07
92 2.67345e+07
59 1.62563e+07
20 4.27355e+06
30 5.43883e+06
111 3.59524e+07
44 9.17853e+06
93 2.75743e+07
48 1.19655e+07
114 3.60474e+07
64 1.73928e+07
15 3.47813e+06
87 2.59686e+07
35 6.21133e+06
61 1.68538e+07
33 5.84003e+06
Thế hệ thứ: 45
178 6.44078e+07
177 5.95419e+07
97 2.81143e+07
11 3.23541e+06
146 4.86982e+07
122 4.03047e+07
161 5.49891e+07
153 5.1882e+07
83 2.3465e+07
18 3.72225e+06
106 3.1145e+07
136 4.35703e+07
110 3.38363e+07
142 4.69072e+07
98 3.09616e+07
154 5.40337e+07
78 2.13306e+07
58 1.40029e+07
131 4.10968e+07
140 4.44418e+07
72 1.9457e+07
119 3.73583e+07
116 3.7088e+07
24 5.38027e+06
67 1.78393e+07
38 7.03334e+06
47 1.01982e+07
41 8.74092e+06
129 4.04791e+07
74 2.07476e+07
86 2.58443e+07
92 2.67345e+07
59 1.62563e+07
20 4.27355e+06
30 5.43883e+06
111 3.59524e+07
44 9.17853e+06
93 2.75743e+07
114 3.60474e+07
64 1.73928e+07
15 3.47813e+06
87 2.59686e+07
35 6.21133e+06
33 5.84003e+06
32 5.82074e+06
54 1.14702e+07
61 1.65799e+07
57 1.39235e+07
Thế hệ thứ: 46
178 6.44078e+07
97 2.81143e+07
177 5.95419e+07
11 3.23541e+06
146 4.86982e+07
161 5.49891e+07
122 4.03047e+07
153 5.1882e+07
18 3.72225e+06
83 2.3465e+07
54 1.14702e+07
106 3.1145e+07
136 4.35703e+07
110 3.38363e+07
57 1.39235e+07
142 4.69072e+07
32 5.82074e+06
98 3.09616e+07
154 5.40337e+07
78 2.13306e+07
47 1.01982e+07
58 1.40029e+07
131 4.10968e+07
140 4.44418e+07
72 1.9457e+07
116 3.7088e+07
119 3.73583e+07
24 5.38027e+06
67 1.78393e+07
41 8.74092e+06
129 4.04791e+07
74 2.07476e+07
86 2.58443e+07
20 4.27355e+06
59 1.62563e+07
92 2.67345e+07
61 1.65799e+07
111 3.59524e+07
44 9.17853e+06
114 3.60474e+07
64 1.73928e+07
30 5.43883e+06
93 2.75743e+07
15 3.47813e+06
87 2.59686e+07
35 6.21133e+06
33 5.84003e+06
38 6.78665e+06
25 5.4028e+06
Thế hệ thứ: 47
178 6.44078e+07
97 2.81143e+07
177 5.95419e+07
11 3.23541e+06
146 4.86982e+07
161 5.49891e+07
122 4.03047e+07
153 5.1882e+07
25 5.4028e+06
18 3.72225e+06
83 2.3465e+07
54 1.14702e+07
106 3.1145e+07
136 4.35703e+07
110 3.38363e+07
57 1.39235e+07
142 4.69072e+07
98 3.09616e+07
154 5.40337e+07
78 2.13306e+07
47 1.01982e+07
58 1.40029e+07
131 4.10968e+07
140 4.44418e+07
72 1.9457e+07
116 3.7088e+07
119 3.73583e+07
24 5.38027e+06
67 1.78393e+07
38 6.78665e+06
38 6.78665e+06
41 8.74092e+06
129 4.04791e+07
74 2.07476e+07
86 2.58443e+07
20 4.27355e+06
59 1.62563e+07
92 2.67345e+07
61 1.65799e+07
44 9.17853e+06
114 3.60474e+07
64 1.73928e+07
93 2.75743e+07
15 3.47813e+06
87 2.59686e+07
30 5.43883e+06
35 6.21133e+06
33 5.84003e+06
113 3.57633e+07
32 5.81013e+06
39 8.48297e+06
Thế hệ thứ: 48
178 6.44078e+07
97 2.81143e+07
177 5.95419e+07
11 3.23541e+06
146 4.86982e+07
122 4.03047e+07
161 5.49891e+07
32 5.81013e+06
153 5.1882e+07
25 5.4028e+06
18 3.72225e+06
83 2.3465e+07
54 1.14702e+07
106 3.1145e+07
110 3.38363e+07
136 4.35703e+07
57 1.39235e+07
142 4.69072e+07
154 5.40337e+07
78 2.13306e+07
47 1.01982e+07
58 1.40029e+07
131 4.10968e+07
140 4.44418e+07
72 1.9457e+07
116 3.7088e+07
119 3.73583e+07
24 5.38027e+06
67 1.78393e+07
129 4.04791e+07
74 2.07476e+07
86 2.58443e+07
20 4.27355e+06
59 1.62563e+07
92 2.67345e+07
39 8.48297e+06
113 3.57633e+07
44 9.17853e+06
114 3.60474e+07
64 1.73928e+07
93 2.75743e+07
15 3.47813e+06
87 2.59686e+07
30 5.43883e+06
61 1.65799e+07
35 6.21133e+06
41 8.74092e+06
38 6.78665e+06
38 6.78665e+06
34 5.95742e+06
22 4.81389e+06
31 5.80379e+06
98 2.89322e+07
29 5.41693e+06
148 5.15864e+07
56 1.38729e+07
Thế hệ thứ: 49
178 6.44078e+07
97 2.81143e+07
177 5.95419e+07
11 3.23541e+06
122 4.03047e+07
161 5.49891e+07
54 1.14702e+07
110 3.38363e+07
106 3.1145e+07
18 3.72225e+06
83 2.3465e+07
146 4.86982e+07
136 4.35703e+07
142 4.69072e+07
98 2.89322e+07
154 5.40337e+07
78 2.13306e+07
47 1.01982e+07
148 5.15864e+07
58 1.40029e+07
131 4.10968e+07
140 4.44418e+07
72 1.9457e+07
116 3.7088e+07
119 3.73583e+07
24 5.38027e+06
67 1.78393e+07
153 5.1882e+07
129 4.04791e+07
74 2.07476e+07
59 1.62563e+07
92 2.67345e+07
33 5.84003e+06
87 2.56004e+07
39 8.48297e+06
113 3.57633e+07
56 1.38729e+07
44 9.17853e+06
114 3.60474e+07
64 1.73928e+07
93 2.75743e+07
15 3.47813e+06
22 4.81389e+06
20 4.27355e+06
41 8.74092e+06
35 6.21133e+06
38 6.78665e+06
107 3.36489e+07
42 8.78455e+06
63 1.6335e+07
29 5.38818e+06
