Thế hệ thứ: 0
31 1.16648e+07
47 1.61451e+07
56 1.78317e+07
37 1.30845e+07
30 1.06267e+07
29 7.73237e+06
26 4.88026e+06
45 1.39201e+07
23 4.09174e+06
21 4.06169e+06
75 2.26655e+07
62 1.81549e+07
27 5.31869e+06
43 1.32279e+07
48 1.67648e+07
64 1.92048e+07
52 1.71395e+07
69 2.15594e+07
Thế hệ thứ: 1
75 2.26655e+07
21 4.06169e+06
64 1.92048e+07
69 2.15594e+07
33 7.51484e+06
68 2.07269e+07
23 4.09174e+06
62 1.81549e+07
27 5.31869e+06
26 4.88026e+06
51 1.32419e+07
40 1.05059e+07
58 1.69063e+07
29 6.12684e+06
35 9.78712e+06
60 1.74709e+07
49 1.20975e+07
Thế hệ thứ: 2
23 4.09174e+06
51 1.32419e+07
75 2.26655e+07
49 1.20975e+07
58 1.69063e+07
21 4.06169e+06
35 9.78712e+06
40 1.05059e+07
33 7.51484e+06
64 1.92048e+07
69 2.15594e+07
29 6.12684e+06
68 2.07269e+07
62 1.81549e+07
60 1.74709e+07
26 4.88026e+06
27 5.31869e+06
53 1.59212e+07
56 1.66957e+07
34 9.26646e+06
30 6.34283e+06
Thế hệ thứ: 3
53 1.59212e+07
23 4.09174e+06
51 1.32419e+07
75 2.26655e+07
49 1.20975e+07
21 4.06169e+06
69 2.15594e+07
64 1.92048e+07
40 1.05059e+07
33 7.51484e+06
68 2.07269e+07
35 9.78712e+06
62 1.81549e+07
34 9.26646e+06
30 6.34283e+06
56 1.66957e+07
60 1.74709e+07
26 4.88026e+06
27 5.31869e+06
58 1.69063e+07
29 6.12684e+06
41 1.18026e+07
52 1.50398e+07
72 2.19114e+07
Thế hệ thứ: 4
75 2.26655e+07
21 4.06169e+06
68 2.07269e+07
40 1.05059e+07
64 1.92048e+07
41 1.18026e+07
72 2.19114e+07
33 7.51484e+06
23 4.09174e+06
51 1.32419e+07
52 1.50398e+07
35 9.78712e+06
62 1.81549e+07
53 1.59212e+07
34 9.26646e+06
30 6.34283e+06
56 1.66957e+07
60 1.74709e+07
26 4.88026e+06
69 2.15594e+07
27 5.31869e+06
58 1.69063e+07
29 6.12684e+06
49 1.1956e+07
82 2.56723e+07
Thế hệ thứ: 5
21 4.06169e+06
82 2.56723e+07
23 4.09174e+06
51 1.32419e+07
75 2.26655e+07
49 1.1956e+07
64 1.92048e+07
40 1.05059e+07
68 2.07269e+07
62 1.81549e+07
34 9.26646e+06
30 6.34283e+06
56 1.66957e+07
60 1.74709e+07
26 4.88026e+06
69 2.15594e+07
27 5.31869e+06
58 1.69063e+07
29 6.12684e+06
37 9.36445e+06
33 7.19405e+06
52 1.41426e+07
72 2.15863e+07
57 1.67212e+07
44 1.11503e+07
54 1.50802e+07
Thế hệ thứ: 6
53 1.38793e+07
21 4.06169e+06
33 7.19405e+06
82 2.56723e+07
75 2.26655e+07
40 1.05059e+07
64 1.92048e+07
49 1.1956e+07
62 1.70599e+07
68 2.07269e+07
54 1.50802e+07
72 2.15863e+07
34 9.26646e+06
37 9.36445e+06
23 4.09174e+06
51 1.32419e+07
45 1.09239e+07
56 1.66957e+07
26 4.88026e+06
30 6.34283e+06
27 5.31869e+06
69 2.15594e+07
29 6.12684e+06
58 1.69063e+07
57 1.67212e+07
74 2.15935e+07
28 6.01517e+06
31 6.34881e+06
Thế hệ thứ: 7
82 2.56723e+07
45 1.09239e+07
53 1.38793e+07
21 4.06169e+06
75 2.26655e+07
40 1.05059e+07
62 1.70599e+07
64 1.92048e+07
49 1.1956e+07
33 7.19405e+06
54 1.50802e+07
72 2.15863e+07
34 9.26646e+06
37 9.36445e+06
23 4.09174e+06
51 1.32419e+07
56 1.66957e+07
26 4.88026e+06
69 2.15594e+07
74 2.15935e+07
58 1.69063e+07
31 6.34881e+06
27 5.31869e+06
28 6.01517e+06
29 6.12684e+06
30 6.34283e+06
57 1.67212e+07
68 2.04329e+07
43 1.05195e+07
15 3.78674e+06
Thế hệ thứ: 8
33 7.19405e+06
72 2.15863e+07
15 3.78674e+06
82 2.56723e+07
75 2.26655e+07
68 2.04329e+07
62 1.70599e+07
64 1.92048e+07
49 1.1956e+07
54 1.50802e+07
45 1.09239e+07
23 4.09174e+06
51 1.32419e+07
32 6.71639e+06
40 1.05059e+07
53 1.38793e+07
21 4.06169e+06
56 1.66957e+07
26 4.88026e+06
69 2.15594e+07
74 2.15935e+07
43 1.05195e+07
58 1.69063e+07
31 6.34881e+06
27 5.31869e+06
28 6.01517e+06
29 6.12684e+06
30 6.34283e+06
57 1.67212e+07
37 8.38196e+06
Thế hệ thứ: 9
82 2.56723e+07
72 2.15863e+07
15 3.78674e+06
75 2.26655e+07
37 8.38196e+06
40 1.05059e+07
32 6.71639e+06
62 1.70599e+07
64 1.92048e+07
49 1.1956e+07
68 2.04329e+07
45 1.09239e+07
51 1.32419e+07
23 4.09174e+06
53 1.38793e+07
21 4.06169e+06
56 1.66957e+07
26 4.88026e+06
69 2.15594e+07
74 2.15935e+07
43 1.05195e+07
58 1.69063e+07
27 5.31869e+06
28 6.01517e+06
31 6.34881e+06
29 6.12684e+06
30 6.34283e+06
57 1.67212e+07
55 1.46515e+07
33 6.91941e+06
Thế hệ thứ: 10
72 2.15863e+07
15 3.78674e+06
82 2.56723e+07
75 2.26655e+07
37 8.38196e+06
40 1.05059e+07
32 6.71639e+06
62 1.70599e+07
64 1.92048e+07
49 1.1956e+07
68 2.04329e+07
55 1.46515e+07
45 1.09239e+07
33 6.91941e+06
51 1.32419e+07
23 4.09174e+06
53 1.38793e+07
21 4.06169e+06
56 1.66957e+07
26 4.88026e+06
69 2.15594e+07
74 2.15935e+07
43 1.05195e+07
58 1.69063e+07
27 5.31869e+06
31 6.34881e+06
57 1.67212e+07
30 5.46237e+06
Thế hệ thứ: 11
82 2.56723e+07
72 2.15863e+07
15 3.78674e+06
75 2.26655e+07
40 1.05059e+07
32 6.71639e+06
37 7.56614e+06
62 1.70599e+07
49 1.1956e+07
55 1.46515e+07
45 1.09239e+07
33 6.91941e+06
23 4.09174e+06
51 1.32419e+07
53 1.38793e+07
21 4.06169e+06
56 1.66957e+07
26 4.88026e+06
30 5.46237e+06
74 2.15935e+07
43 1.05195e+07
58 1.69063e+07
31 6.34881e+06
27 5.31869e+06
57 1.67212e+07
70 1.9163e+07
38 1.01434e+07
Thế hệ thứ: 12
38 1.01434e+07
72 2.15863e+07
82 2.56723e+07
70 1.9163e+07
75 2.26655e+07
62 1.70599e+07
37 7.56614e+06
49 1.1956e+07
55 1.46515e+07
45 1.09239e+07
23 4.09174e+06
51 1.32419e+07
53 1.38793e+07
21 4.06169e+06
56 1.66957e+07
26 4.88026e+06
33 6.91941e+06
30 5.46237e+06
74 2.15935e+07
43 1.05195e+07
40 1.05059e+07
32 6.71639e+06
58 1.69063e+07
31 6.34881e+06
27 5.31869e+06
36 7.4207e+06
57 1.67212e+07
16 3.67708e+06
Thế hệ thứ: 13
55 1.46515e+07
16 3.67708e+06
82 2.56723e+07
70 1.9163e+07
75 2.26655e+07
37 7.56614e+06
62 1.70599e+07
49 1.1956e+07
72 2.15863e+07
45 1.09239e+07
23 4.09174e+06
51 1.32419e+07
53 1.38793e+07
21 4.06169e+06
41 9.22268e+06
56 1.66957e+07
26 4.88026e+06
30 5.46237e+06
43 1.05195e+07
74 2.15935e+07
32 6.71639e+06
58 1.69063e+07
27 5.31869e+06
31 6.34881e+06
57 1.67212e+07
36 6.78699e+06
Thế hệ thứ: 14
82 2.56723e+07
16 3.67708e+06
70 1.9163e+07
75 2.26655e+07
62 1.70599e+07
37 7.56614e+06
56 1.66957e+07
49 1.1956e+07
55 1.46515e+07
72 2.15863e+07
45 1.09239e+07
23 4.09174e+06
51 1.32419e+07
43 1.05195e+07
53 1.38793e+07
21 4.06169e+06
26 4.88026e+06
36 6.78699e+06
30 5.46237e+06
32 6.71639e+06
74 2.15935e+07
58 1.69063e+07
31 6.34881e+06
27 5.31869e+06
57 1.67212e+07
41 9.12386e+06
Thế hệ thứ: 15
16 3.67708e+06
82 2.56723e+07
70 1.9163e+07
75 2.26655e+07
62 1.70599e+07
37 7.56614e+06
41 9.12386e+06
49 1.1956e+07
55 1.46515e+07
72 2.15863e+07
45 1.09239e+07
23 4.09174e+06
51 1.32419e+07
43 1.05195e+07
21 4.06169e+06
53 1.38793e+07
26 4.88026e+06
36 6.78699e+06
30 5.46237e+06
32 6.71639e+06
74 2.15935e+07
31 6.34881e+06
27 5.31869e+06
58 1.57283e+07
Thế hệ thứ: 16
82 2.56723e+07
16 3.67708e+06
58 1.57283e+07
70 1.9163e+07
37 7.56614e+06
62 1.70599e+07
75 2.26655e+07
41 9.12386e+06
49 1.1956e+07
72 2.15863e+07
55 1.46515e+07
45 1.09239e+07
23 4.09174e+06
51 1.32419e+07
43 1.05195e+07
53 1.38793e+07
21 4.06169e+06
26 4.88026e+06
36 6.78699e+06
30 5.46237e+06
32 6.71639e+06
74 2.15935e+07
31 6.34881e+06
27 5.31869e+06
57 1.56019e+07
63 1.91087e+07
Thế hệ thứ: 17
16 3.67708e+06
82 2.56723e+07
75 2.26655e+07
70 1.9163e+07
37 7.56614e+06
62 1.70599e+07
41 9.12386e+06
49 1.1956e+07
63 1.91087e+07
72 2.15863e+07
45 1.09239e+07
23 4.09174e+06
51 1.32419e+07
43 1.05195e+07
58 1.57283e+07
55 1.46515e+07
53 1.38793e+07
21 4.06169e+06
26 4.88026e+06
36 6.78699e+06
30 5.46237e+06
32 6.71639e+06
74 2.15935e+07
57 1.56019e+07
31 6.34881e+06
27 5.31869e+06
40 8.42217e+06
61 1.67817e+07
38 8.35003e+06
Thế hệ thứ: 18
72 2.15863e+07
82 2.56723e+07
16 3.67708e+06
75 2.26655e+07
70 1.9163e+07
49 1.1956e+07
63 1.91087e+07
61 1.67817e+07
45 1.09239e+07
23 4.09174e+06
51 1.32419e+07
43 1.05195e+07
41 9.12386e+06
55 1.46515e+07
37 7.56614e+06
62 1.70599e+07
53 1.38793e+07
21 4.06169e+06
26 4.88026e+06
36 6.78699e+06
58 1.57283e+07
30 5.46237e+06
32 6.71639e+06
74 2.15935e+07
57 1.56019e+07
31 6.34881e+06
27 5.31869e+06
38 8.35003e+06
40 8.42217e+06
Thế hệ thứ: 19
72 2.15863e+07
16 3.67708e+06
82 2.56723e+07
75 2.26655e+07
70 1.9163e+07
49 1.1956e+07
61 1.67817e+07
63 1.91087e+07
45 1.09239e+07
23 4.09174e+06
51 1.32419e+07
43 1.05195e+07
41 9.12386e+06
55 1.46515e+07
62 1.70599e+07
53 1.38793e+07
21 4.06169e+06
26 4.88026e+06
36 6.78699e+06
58 1.57283e+07
30 5.46237e+06
32 6.71639e+06
74 2.15935e+07
57 1.56019e+07
31 6.34881e+06
27 5.31869e+06
38 8.35003e+06
40 8.42217e+06
37 7.53096e+06
25 4.86969e+06
Thế hệ thứ: 20
72 2.15863e+07
82 2.56723e+07
16 3.67708e+06
75 2.26655e+07
70 1.9163e+07
49 1.1956e+07
61 1.67817e+07
63 1.91087e+07
45 1.09239e+07
23 4.09174e+06
51 1.32419e+07
43 1.05195e+07
41 9.12386e+06
55 1.46515e+07
62 1.70599e+07
53 1.38793e+07
21 4.06169e+06
58 1.57283e+07
36 6.78699e+06
30 5.46237e+06
37 7.53096e+06
32 6.71639e+06
74 2.15935e+07
57 1.56019e+07
31 6.34881e+06
27 5.31869e+06
38 8.35003e+06
25 4.86969e+06
40 8.42217e+06
26 4.88026e+06
Thế hệ thứ: 21
72 2.15863e+07
16 3.67708e+06
82 2.56723e+07
75 2.26655e+07
70 1.9163e+07
49 1.1956e+07
61 1.67817e+07
63 1.91087e+07
45 1.09239e+07
23 4.09174e+06
43 1.05195e+07
41 9.12386e+06
55 1.46515e+07
62 1.70599e+07
53 1.38793e+07
21 4.06169e+06
58 1.57283e+07
36 6.78699e+06
30 5.46237e+06
37 7.53096e+06
74 2.15935e+07
57 1.56019e+07
27 5.31869e+06
38 8.35003e+06
25 4.86969e+06
40 8.42217e+06
26 4.88026e+06
33 6.05615e+06
51 1.26954e+07
Thế hệ thứ: 22
72 2.15863e+07
82 2.56723e+07
16 3.67708e+06
75 2.26655e+07
70 1.9163e+07
49 1.1956e+07
61 1.67817e+07
63 1.91087e+07
45 1.09239e+07
33 6.05615e+06
21 4.06169e+06
53 1.38793e+07
30 5.46237e+06
51 1.26954e+07
43 1.05195e+07
41 9.12386e+06
55 1.46515e+07
62 1.70599e+07
36 6.78699e+06
58 1.57283e+07
37 7.53096e+06
23 4.09174e+06
74 2.15935e+07
57 1.56019e+07
27 5.31869e+06
38 8.35003e+06
25 4.86969e+06
40 8.42217e+06
26 4.88026e+06
39 8.4217e+06
Thế hệ thứ: 23
72 2.15863e+07
16 3.67708e+06
82 2.56723e+07
75 2.26655e+07
70 1.9163e+07
49 1.1956e+07
61 1.67817e+07
45 1.09239e+07
33 6.05615e+06
21 4.06169e+06
53 1.38793e+07
39 8.4217e+06
30 5.46237e+06
51 1.26954e+07
43 1.05195e+07
41 9.12386e+06
55 1.46515e+07
62 1.70599e+07
36 6.78699e+06
58 1.57283e+07
37 7.53096e+06
23 4.09174e+06
74 2.15935e+07
57 1.56019e+07
27 5.31869e+06
25 4.86969e+06
38 8.35003e+06
40 8.42217e+06
26 4.88026e+06
63 1.88823e+07
Thế hệ thứ: 24
72 2.15863e+07
82 2.56723e+07
16 3.67708e+06
63 1.88823e+07
75 2.26655e+07
70 1.9163e+07
49 1.1956e+07
45 1.09239e+07
33 6.05615e+06
53 1.38793e+07
21 4.06169e+06
39 8.4217e+06
30 5.46237e+06
51 1.26954e+07
43 1.05195e+07
41 9.12386e+06
55 1.46515e+07
36 6.78699e+06
62 1.70599e+07
61 1.67817e+07
58 1.57283e+07
37 7.53096e+06
23 4.09174e+06
74 2.15935e+07
57 1.56019e+07
27 5.31869e+06
25 4.86969e+06
38 8.35003e+06
38 8.35003e+06
40 8.42217e+06
26 4.88026e+06
Thế hệ thứ: 25
72 2.15863e+07
16 3.67708e+06
82 2.56723e+07
63 1.88823e+07
75 2.26655e+07
70 1.9163e+07
49 1.1956e+07
45 1.09239e+07
33 6.05615e+06
21 4.06169e+06
53 1.38793e+07
39 8.4217e+06
30 5.46237e+06
51 1.26954e+07
43 1.05195e+07
41 9.12386e+06
55 1.46515e+07
55 1.46515e+07
36 6.78699e+06
62 1.70599e+07
61 1.67817e+07
58 1.57283e+07
37 7.53096e+06
23 4.09174e+06
74 2.15935e+07
57 1.56019e+07
27 5.31869e+06
25 4.86969e+06
40 8.42217e+06
26 4.88026e+06
38 7.70052e+06
Thế hệ thứ: 26
72 2.15863e+07
82 2.56723e+07
16 3.67708e+06
63 1.88823e+07
75 2.26655e+07
70 1.9163e+07
49 1.1956e+07
45 1.09239e+07
33 6.05615e+06
21 4.06169e+06
53 1.38793e+07
39 8.4217e+06
30 5.46237e+06
51 1.26954e+07
43 1.05195e+07
41 9.12386e+06
36 6.78699e+06
62 1.70599e+07
61 1.67817e+07
58 1.57283e+07
23 4.09174e+06
74 2.15935e+07
57 1.56019e+07
27 5.31869e+06
25 4.86969e+06
55 1.46515e+07
55 1.46515e+07
37 7.53096e+06
38 7.70052e+06
40 8.42217e+06
40 8.42217e+06
26 4.88026e+06
31 5.98332e+06
33 6.05615e+06
34 6.39857e+06
Thế hệ thứ: 27
72 2.15863e+07
16 3.67708e+06
82 2.56723e+07
63 1.88823e+07
75 2.26655e+07
70 1.9163e+07
49 1.1956e+07
33 6.05615e+06
33 6.05615e+06
45 1.09239e+07
21 4.06169e+06
53 1.38793e+07
39 8.4217e+06
30 5.46237e+06
51 1.26954e+07
43 1.05195e+07
41 9.12386e+06
62 1.70599e+07
61 1.67817e+07
58 1.57283e+07
23 4.09174e+06
36 6.78699e+06
74 2.15935e+07
57 1.56019e+07
27 5.31869e+06
25 4.86969e+06
34 6.39857e+06
55 1.46515e+07
55 1.46515e+07
31 5.98332e+06
37 7.53096e+06
38 7.70052e+06
26 4.88026e+06
40 8.42217e+06
40 8.42217e+06
33 6.05615e+06
Thế hệ thứ: 28
72 2.15863e+07
82 2.56723e+07
16 3.67708e+06
63 1.88823e+07
75 2.26655e+07
70 1.9163e+07
49 1.1956e+07
33 6.05615e+06
33 6.05615e+06
45 1.09239e+07
21 4.06169e+06
53 1.38793e+07
30 5.46237e+06
51 1.26954e+07
43 1.05195e+07
41 9.12386e+06
62 1.70599e+07
61 1.67817e+07
58 1.57283e+07
23 4.09174e+06
36 6.78699e+06
74 2.15935e+07
57 1.56019e+07
27 5.31869e+06
25 4.86969e+06
34 6.39857e+06
55 1.46515e+07
55 1.46515e+07
31 5.98332e+06
37 7.53096e+06
38 7.70052e+06
26 4.88026e+06
40 8.42217e+06
40 8.42217e+06
33 6.05615e+06
39 8.05156e+06
Thế hệ thứ: 29
72 2.15863e+07
16 3.67708e+06
82 2.56723e+07
63 1.88823e+07
75 2.26655e+07
70 1.9163e+07
49 1.1956e+07
33 6.05615e+06
33 6.05615e+06
45 1.09239e+07
21 4.06169e+06
53 1.38793e+07
30 5.46237e+06
43 1.05195e+07
41 9.12386e+06
62 1.70599e+07
61 1.67817e+07
31 5.49246e+06
58 1.57283e+07
23 4.09174e+06
36 6.78699e+06
74 2.15935e+07
57 1.56019e+07
27 5.31869e+06
25 4.86969e+06
34 6.39857e+06
55 1.46515e+07
55 1.46515e+07
37 7.53096e+06
33 6.05615e+06
39 8.05156e+06
38 7.70052e+06
26 4.88026e+06
40 8.42217e+06
40 8.42217e+06
51 1.246e+07
Thế hệ thứ: 30
72 2.15863e+07
82 2.56723e+07
16 3.67708e+06
63 1.88823e+07
75 2.26655e+07
70 1.9163e+07
49 1.1956e+07
21 4.06169e+06
53 1.38793e+07
33 6.05615e+06
33 6.05615e+06
45 1.09239e+07
51 1.246e+07
43 1.05195e+07
41 9.12386e+06
62 1.70599e+07
61 1.67817e+07
58 1.57283e+07
31 5.49246e+06
23 4.09174e+06
36 6.78699e+06
74 2.15935e+07
57 1.56019e+07
27 5.31869e+06
25 4.86969e+06
34 6.39857e+06
55 1.46515e+07
55 1.46515e+07
30 5.46237e+06
33 6.05615e+06
39 8.05156e+06
38 7.70052e+06
26 4.88026e+06
40 8.42217e+06
40 8.42217e+06
59 1.65546e+07
37 7.3001e+06
24 4.86731e+06
48 1.19385e+07
Thế hệ thứ: 31
72 2.15863e+07
16 3.67708e+06
82 2.56723e+07
51 1.246e+07
63 1.88823e+07
75 2.26655e+07
70 1.9163e+07
21 4.06169e+06
53 1.38793e+07
43 1.05195e+07
41 9.12386e+06
33 6.05615e+06
33 6.05615e+06
45 1.09239e+07
62 1.70599e+07
48 1.19385e+07
74 2.15935e+07
57 1.56019e+07
59 1.65546e+07
36 6.78699e+06
23 4.09174e+06
34 6.39857e+06
58 1.57283e+07
31 5.49246e+06
55 1.46515e+07
55 1.46515e+07
37 7.3001e+06
49 1.1956e+07
30 5.46237e+06
61 1.67817e+07
38 7.70052e+06
33 6.05615e+06
39 8.05156e+06
26 4.88026e+06
40 8.42217e+06
40 8.42217e+06
25 4.86969e+06
24 4.86129e+06
27 5.23804e+06
Thế hệ thứ: 32
72 2.15863e+07
82 2.56723e+07
16 3.67708e+06
51 1.246e+07
63 1.88823e+07
75 2.26655e+07
70 1.9163e+07
21 4.06169e+06
53 1.38793e+07
43 1.05195e+07
41 9.12386e+06
33 6.05615e+06
33 6.05615e+06
45 1.09239e+07
62 1.70599e+07
48 1.19385e+07
74 2.15935e+07
57 1.56019e+07
59 1.65546e+07
25 4.86969e+06
27 5.23804e+06
36 6.78699e+06
23 4.09174e+06
34 6.39857e+06
58 1.57283e+07
31 5.49246e+06
55 1.46515e+07
55 1.46515e+07
24 4.86129e+06
30 5.46237e+06
37 7.3001e+06
49 1.1956e+07
61 1.67817e+07
38 7.70052e+06
33 6.05615e+06
39 8.05156e+06
40 8.42217e+06
40 8.42217e+06
26 4.88026e+06
Thế hệ thứ: 33
72 2.15863e+07
16 3.67708e+06
82 2.56723e+07
51 1.246e+07
63 1.88823e+07
40 8.10517e+06
75 2.26655e+07
70 1.9163e+07
21 4.06169e+06
53 1.38793e+07
43 1.05195e+07
41 9.12386e+06
33 6.05615e+06
33 6.05615e+06
45 1.09239e+07
62 1.70599e+07
48 1.19385e+07
74 2.15935e+07
57 1.56019e+07
59 1.65546e+07
25 4.86969e+06
27 5.23804e+06
36 6.78699e+06
23 4.09174e+06
34 6.39857e+06
58 1.57283e+07
31 5.49246e+06
55 1.46515e+07
55 1.46515e+07
24 4.86129e+06
30 5.46237e+06
37 7.3001e+06
49 1.1956e+07
61 1.67817e+07
38 7.70052e+06
33 6.05615e+06
39 8.05156e+06
26 4.88026e+06
Thế hệ thứ: 34
72 2.15863e+07
82 2.56723e+07
16 3.67708e+06
63 1.88823e+07
40 8.10517e+06
75 2.26655e+07
70 1.9163e+07
21 4.06169e+06
53 1.38793e+07
41 9.12386e+06
51 1.246e+07
33 6.05615e+06
33 6.05615e+06
45 1.09239e+07
62 1.70599e+07
48 1.19385e+07
74 2.15935e+07
57 1.56019e+07
59 1.65546e+07
25 4.86969e+06
27 5.23804e+06
36 6.78699e+06
23 4.09174e+06
34 6.39857e+06
58 1.57283e+07
31 5.49246e+06
55 1.46515e+07
55 1.46515e+07
24 4.86129e+06
30 5.46237e+06
37 7.3001e+06
49 1.1956e+07
61 1.67817e+07
38 7.70052e+06
33 6.05615e+06
39 8.05156e+06
26 4.88026e+06
43 1.0393e+07
Thế hệ thứ: 35
72 2.15863e+07
16 3.67708e+06
82 2.56723e+07
63 1.88823e+07
40 8.10517e+06
75 2.26655e+07
70 1.9163e+07
21 4.06169e+06
53 1.38793e+07
41 9.12386e+06
51 1.246e+07
33 6.05615e+06
33 6.05615e+06
45 1.09239e+07
43 1.0393e+07
62 1.70599e+07
48 1.19385e+07
74 2.15935e+07
57 1.56019e+07
59 1.65546e+07
25 4.86969e+06
27 5.23804e+06
36 6.78699e+06
23 4.09174e+06
34 6.39857e+06
58 1.57283e+07
31 5.49246e+06
55 1.46515e+07
55 1.46515e+07
24 4.86129e+06
30 5.46237e+06
37 7.3001e+06
49 1.1956e+07
61 1.67817e+07
38 7.70052e+06
39 8.05156e+06
33 6.05615e+06
26 4.88026e+06
Thế hệ thứ: 36
72 2.15863e+07
82 2.56723e+07
16 3.67708e+06
63 1.88823e+07
40 8.10517e+06
75 2.26655e+07
70 1.9163e+07
21 4.06169e+06
53 1.38793e+07
41 9.12386e+06
51 1.246e+07
33 6.05615e+06
33 6.05615e+06
45 1.09239e+07
43 1.0393e+07
62 1.70599e+07
48 1.19385e+07
74 2.15935e+07
57 1.56019e+07
59 1.65546e+07
25 4.86969e+06
27 5.23804e+06
36 6.78699e+06
23 4.09174e+06
34 6.39857e+06
58 1.57283e+07
31 5.49246e+06
55 1.46515e+07
55 1.46515e+07
24 4.86129e+06
30 5.46237e+06
37 7.3001e+06
49 1.1956e+07
61 1.67817e+07
38 7.70052e+06
33 6.05615e+06
39 8.05156e+06
26 4.88026e+06
52 1.26121e+07
Thế hệ thứ: 37
72 2.15863e+07
16 3.67708e+06
82 2.56723e+07
63 1.88823e+07
75 2.26655e+07
40 8.10517e+06
70 1.9163e+07
41 9.12386e+06
33 6.05615e+06
33 6.05615e+06
45 1.09239e+07
43 1.0393e+07
21 4.06169e+06
53 1.38793e+07
62 1.70599e+07
48 1.19385e+07
52 1.26121e+07
74 2.15935e+07
57 1.56019e+07
27 5.23804e+06
27 5.23804e+06
25 4.86969e+06
36 6.78699e+06
23 4.09174e+06
34 6.39857e+06
51 1.246e+07
31 5.49246e+06
55 1.46515e+07
55 1.46515e+07
24 4.86129e+06
30 5.46237e+06
37 7.3001e+06
49 1.1956e+07
61 1.67817e+07
38 7.70052e+06
33 6.05615e+06
39 8.05156e+06
26 4.88026e+06
46 1.16415e+07
25 4.86969e+06
59 1.57283e+07
Thế hệ thứ: 38
72 2.15863e+07
82 2.56723e+07
16 3.67708e+06
43 1.0393e+07
63 1.88823e+07
40 8.10517e+06
75 2.26655e+07
70 1.9163e+07
41 9.12386e+06
21 4.06169e+06
53 1.38793e+07
62 1.70599e+07
51 1.246e+07
59 1.57283e+07
57 1.56019e+07
61 1.67817e+07
33 6.05615e+06
33 6.05615e+06
45 1.09239e+07
52 1.26121e+07
74 2.15935e+07
46 1.16415e+07
36 6.78699e+06
23 4.09174e+06
55 1.46515e+07
55 1.46515e+07
31 5.49246e+06
24 4.86129e+06
30 5.46237e+06
37 7.3001e+06
49 1.1956e+07
38 7.70052e+06
48 1.19385e+07
25 4.86969e+06
27 5.23804e+06
27 5.23804e+06
33 6.05615e+06
39 8.05156e+06
26 4.88026e+06
25 4.86969e+06
34 6.39857e+06
Thế hệ thứ: 39
72 2.15863e+07
16 3.67708e+06
82 2.56723e+07
43 1.0393e+07
63 1.88823e+07
40 8.10517e+06
75 2.26655e+07
70 1.9163e+07
41 9.12386e+06
21 4.06169e+06
53 1.38793e+07
62 1.70599e+07
51 1.246e+07
59 1.57283e+07
57 1.56019e+07
61 1.67817e+07
33 6.05615e+06
33 6.05615e+06
45 1.09239e+07
52 1.26121e+07
74 2.15935e+07
46 1.16415e+07
36 6.78699e+06
23 4.09174e+06
34 6.39857e+06
55 1.46515e+07
55 1.46515e+07
31 5.49246e+06
24 4.86129e+06
30 5.46237e+06
37 7.3001e+06
49 1.1956e+07
38 7.70052e+06
48 1.19385e+07
25 4.86969e+06
27 5.23804e+06
27 5.23804e+06
33 6.05615e+06
39 8.05156e+06
26 4.88026e+06
25 4.86969e+06
65 1.89613e+07
Thế hệ thứ: 40
72 2.15863e+07
82 2.56723e+07
16 3.67708e+06
43 1.0393e+07
75 2.26655e+07
70 1.9163e+07
41 9.12386e+06
21 4.06169e+06
53 1.38793e+07
63 1.88823e+07
62 1.70599e+07
65 1.89613e+07
51 1.246e+07
59 1.57283e+07
57 1.56019e+07
61 1.67817e+07
33 6.05615e+06
33 6.05615e+06
45 1.09239e+07
52 1.26121e+07
74 2.15935e+07
46 1.16415e+07
36 6.78699e+06
23 4.09174e+06
34 6.39857e+06
55 1.46515e+07
55 1.46515e+07
31 5.49246e+06
24 4.86129e+06
30 5.46237e+06
37 7.3001e+06
49 1.1956e+07
38 7.70052e+06
38 7.70052e+06
48 1.19385e+07
25 4.86969e+06
27 5.23804e+06
27 5.23804e+06
33 6.05615e+06
39 8.05156e+06
26 4.88026e+06
25 4.86969e+06
40 8.08575e+06
Thế hệ thứ: 41
72 2.15863e+07
16 3.67708e+06
82 2.56723e+07
43 1.0393e+07
75 2.26655e+07
70 1.9163e+07
41 9.12386e+06
21 4.06169e+06
53 1.38793e+07
62 1.70599e+07
51 1.246e+07
59 1.57283e+07
57 1.56019e+07
61 1.67817e+07
33 6.05615e+06
33 6.05615e+06
33 6.05615e+06
45 1.09239e+07
52 1.26121e+07
74 2.15935e+07
46 1.16415e+07
36 6.78699e+06
23 4.09174e+06
40 8.08575e+06
34 6.39857e+06
55 1.46515e+07
55 1.46515e+07
31 5.49246e+06
24 4.86129e+06
30 5.46237e+06
37 7.3001e+06
49 1.1956e+07
48 1.19385e+07
39 8.05156e+06
33 6.05615e+06
33 6.05615e+06
25 4.86969e+06
27 5.23804e+06
27 5.23804e+06
26 4.88026e+06
38 7.70052e+06
38 7.70052e+06
25 4.86969e+06
65 1.86521e+07
Thế hệ thứ: 42
72 2.15863e+07
82 2.56723e+07
16 3.67708e+06
75 2.26655e+07
70 1.9163e+07
62 1.70599e+07
65 1.86521e+07
41 9.12386e+06
43 1.0393e+07
21 4.06169e+06
53 1.38793e+07
51 1.246e+07
59 1.57283e+07
57 1.56019e+07
61 1.67817e+07
33 6.05615e+06
33 6.05615e+06
33 6.05615e+06
45 1.09239e+07
52 1.26121e+07
74 2.15935e+07
46 1.16415e+07
36 6.78699e+06
23 4.09174e+06
40 8.08575e+06
34 6.39857e+06
55 1.46515e+07
55 1.46515e+07
31 5.49246e+06
24 4.86129e+06
30 5.46237e+06
37 7.3001e+06
49 1.1956e+07
48 1.19385e+07
33 6.05615e+06
33 6.05615e+06
39 8.05156e+06
25 4.86969e+06
27 5.23804e+06
27 5.23804e+06
26 4.88026e+06
38 7.70052e+06
38 7.70052e+06
25 4.86969e+06
32 5.99223e+06
Thế hệ thứ: 43
72 2.15863e+07
32 5.99223e+06
16 3.67708e+06
82 2.56723e+07
75 2.26655e+07
70 1.9163e+07
62 1.70599e+07
65 1.86521e+07
41 9.12386e+06
43 1.0393e+07
21 4.06169e+06
53 1.38793e+07
51 1.246e+07
59 1.57283e+07
57 1.56019e+07
61 1.67817e+07
33 6.05615e+06
33 6.05615e+06
33 6.05615e+06
45 1.09239e+07
52 1.26121e+07
74 2.15935e+07
46 1.16415e+07
36 6.78699e+06
23 4.09174e+06
40 8.08575e+06
34 6.39857e+06
55 1.46515e+07
55 1.46515e+07
24 4.86129e+06
30 5.46237e+06
37 7.3001e+06
49 1.1956e+07
48 1.19385e+07
25 4.86969e+06
27 5.23804e+06
27 5.23804e+06
31 5.49246e+06
33 6.05615e+06
33 6.05615e+06
26 4.88026e+06
38 7.70052e+06
38 7.70052e+06
25 4.86969e+06
39 7.75687e+06
Thế hệ thứ: 44
72 2.15863e+07
32 5.99223e+06
16 3.67708e+06
82 2.56723e+07
75 2.26655e+07
70 1.9163e+07
62 1.70599e+07
24 4.80437e+06
65 1.86521e+07
41 9.12386e+06
43 1.0393e+07
21 4.06169e+06
53 1.38793e+07
51 1.246e+07
59 1.57283e+07
57 1.56019e+07
61 1.67817e+07
33 6.05615e+06
33 6.05615e+06
33 6.05615e+06
45 1.09239e+07
52 1.26121e+07
74 2.15935e+07
40 8.08575e+06
46 1.16415e+07
36 6.78699e+06
23 4.09174e+06
34 6.39857e+06
55 1.46515e+07
55 1.46515e+07
58 1.56582e+07
30 5.46237e+06
37 7.3001e+06
49 1.1956e+07
48 1.19385e+07
25 4.86969e+06
27 5.23804e+06
27 5.23804e+06
31 5.49246e+06
39 7.75687e+06
26 4.88026e+06
38 7.70052e+06
38 7.70052e+06
33 6.05615e+06
33 6.05615e+06
25 4.86969e+06
Thế hệ thứ: 45
72 2.15863e+07
82 2.56723e+07
32 5.99223e+06
16 3.67708e+06
75 2.26655e+07
70 1.9163e+07
62 1.70599e+07
24 4.80437e+06
65 1.86521e+07
41 9.12386e+06
43 1.0393e+07
21 4.06169e+06
53 1.38793e+07
61 1.67817e+07
33 6.05615e+06
33 6.05615e+06
33 6.05615e+06
45 1.09239e+07
51 1.246e+07
59 1.57283e+07
52 1.26121e+07
74 2.15935e+07
40 8.08575e+06
46 1.16415e+07
57 1.56019e+07
36 6.78699e+06
23 4.09174e+06
34 6.39857e+06
55 1.46515e+07
55 1.46515e+07
30 5.46237e+06
58 1.56582e+07
37 7.3001e+06
49 1.1956e+07
48 1.19385e+07
25 4.86969e+06
27 5.23804e+06
27 5.23804e+06
31 5.49246e+06
39 7.75687e+06
26 4.88026e+06
38 7.70052e+06
38 7.70052e+06
25 4.86969e+06
33 6.05615e+06
33 6.05615e+06
Thế hệ thứ: 46
72 2.15863e+07
16 3.67708e+06
82 2.56723e+07
75 2.26655e+07
70 1.9163e+07
62 1.70599e+07
24 4.80437e+06
65 1.86521e+07
41 9.12386e+06
43 1.0393e+07
21 4.06169e+06
53 1.38793e+07
61 1.67817e+07
33 6.05615e+06
33 6.05615e+06
33 6.05615e+06
45 1.09239e+07
59 1.57283e+07
51 1.246e+07
52 1.26121e+07
74 2.15935e+07
40 8.08575e+06
46 1.16415e+07
57 1.56019e+07
36 6.78699e+06
23 4.09174e+06
34 6.39857e+06
55 1.46515e+07
55 1.46515e+07
30 5.46237e+06
58 1.56582e+07
37 7.3001e+06
49 1.1956e+07
48 1.19385e+07
25 4.86969e+06
27 5.23804e+06
27 5.23804e+06
31 5.49246e+06
39 7.75687e+06
26 4.88026e+06
38 7.70052e+06
38 7.70052e+06
33 6.05615e+06
33 6.05615e+06
25 4.86969e+06
32 5.9801e+06
Thế hệ thứ: 47
72 2.15863e+07
82 2.56723e+07
16 3.67708e+06
75 2.26655e+07
70 1.9163e+07
62 1.70599e+07
24 4.80437e+06
65 1.86521e+07
41 9.12386e+06
43 1.0393e+07
21 4.06169e+06
53 1.38793e+07
61 1.67817e+07
33 6.05615e+06
33 6.05615e+06
33 6.05615e+06
45 1.09239e+07
51 1.246e+07
59 1.57283e+07
52 1.26121e+07
74 2.15935e+07
40 8.08575e+06
57 1.56019e+07
36 6.78699e+06
23 4.09174e+06
32 5.9801e+06
34 6.39857e+06
55 1.46515e+07
55 1.46515e+07
30 5.46237e+06
58 1.56582e+07
37 7.3001e+06
49 1.1956e+07
48 1.19385e+07
25 4.86969e+06
27 5.23804e+06
27 5.23804e+06
31 5.49246e+06
39 7.75687e+06
26 4.88026e+06
38 7.70052e+06
38 7.70052e+06
33 6.05615e+06
33 6.05615e+06
25 4.86969e+06
46 1.15558e+07
Thế hệ thứ: 48
72 2.15863e+07
16 3.67708e+06
82 2.56723e+07
75 2.26655e+07
70 1.9163e+07
62 1.70599e+07
24 4.80437e+06
65 1.86521e+07
41 9.12386e+06
43 1.0393e+07
21 4.06169e+06
53 1.38793e+07
61 1.67817e+07
33 6.05615e+06
33 6.05615e+06
33 6.05615e+06
45 1.09239e+07
51 1.246e+07
59 1.57283e+07
52 1.26121e+07
74 2.15935e+07
40 8.08575e+06
46 1.15558e+07
57 1.56019e+07
36 6.78699e+06
23 4.09174e+06
32 5.9801e+06
34 6.39857e+06
55 1.46515e+07
55 1.46515e+07
30 5.46237e+06
58 1.56582e+07
37 7.3001e+06
49 1.1956e+07
48 1.19385e+07
25 4.86969e+06
27 5.23804e+06
27 5.23804e+06
31 5.49246e+06
39 7.75687e+06
26 4.88026e+06
38 7.70052e+06
38 7.70052e+06
33 6.05615e+06
33 6.05615e+06
25 4.86969e+06
25 4.86969e+06
Thế hệ thứ: 49
72 2.15863e+07
82 2.56723e+07
16 3.67708e+06
75 2.26655e+07
70 1.9163e+07
62 1.70599e+07
24 4.80437e+06
65 1.86521e+07
41 9.12386e+06
43 1.0393e+07
21 4.06169e+06
53 1.38793e+07
61 1.67817e+07
33 6.05615e+06
33 6.05615e+06
33 6.05615e+06
33 6.05615e+06
45 1.09239e+07
51 1.246e+07
59 1.57283e+07
52 1.26121e+07
74 2.15935e+07
40 8.08575e+06
46 1.15558e+07
57 1.56019e+07
36 6.78699e+06
23 4.09174e+06
32 5.9801e+06
34 6.39857e+06
55 1.46515e+07
55 1.46515e+07
30 5.46237e+06
58 1.56582e+07
37 7.3001e+06
49 1.1956e+07
48 1.19385e+07
25 4.86969e+06
27 5.23804e+06
27 5.23804e+06
31 5.49246e+06
39 7.75687e+06
39 7.75687e+06
26 4.88026e+06
38 7.70052e+06
38 7.70052e+06
33 6.05615e+06
33 6.05615e+06
25 4.86969e+06
25 4.86969e+06
