Thế hệ thứ: 0
27 8.36757e+06
68 2.66404e+07
23 4.42763e+06
30 9.58535e+06
38 1.70083e+07
97 3.48294e+07
31 1.25249e+07
105 4.28233e+07
34 1.36475e+07
79 2.87699e+07
21 3.65792e+06
51 1.77525e+07
109 4.43676e+07
83 2.97497e+07
95 3.3116e+07
50 1.72234e+07
99 4.05807e+07
60 2.35847e+07
98 3.97179e+07
114 4.49917e+07
107 4.40979e+07
64 2.56224e+07
59 2.14889e+07
93 3.31054e+07
Thế hệ thứ: 1
60 1.87547e+07
79 2.87699e+07
21 3.65792e+06
114 4.49917e+07
83 2.97497e+07
93 3.31054e+07
27 8.36757e+06
97 3.48294e+07
34 1.36475e+07
23 4.42763e+06
105 4.28233e+07
95 3.3116e+07
107 4.40979e+07
103 3.64846e+07
61 2.20184e+07
31 9.13941e+06
62 2.22211e+07
90 3.24338e+07
53 1.60736e+07
73 2.65369e+07
71 2.60224e+07
110 4.43126e+07
67 2.326e+07
46 1.60633e+07
55 1.84887e+07
Thế hệ thứ: 2
21 3.65792e+06
105 4.28233e+07
114 4.49917e+07
103 3.64846e+07
31 9.13941e+06
27 8.36757e+06
84 2.81583e+07
67 2.326e+07
90 3.24338e+07
60 1.87547e+07
23 4.42763e+06
97 3.48294e+07
53 1.60736e+07
68 2.39372e+07
55 1.84887e+07
110 4.43126e+07
63 2.22567e+07
107 4.40979e+07
95 3.3116e+07
93 3.31054e+07
46 1.48738e+07
73 2.59234e+07
79 2.78192e+07
62 2.14442e+07
36 1.04011e+07
40 1.41495e+07
Thế hệ thứ: 3
34 9.38141e+06
21 3.65792e+06
105 4.28233e+07
84 2.81583e+07
27 8.36757e+06
103 3.64846e+07
90 3.24338e+07
73 2.59234e+07
97 3.48294e+07
53 1.60736e+07
23 4.42763e+06
79 2.78192e+07
60 1.87547e+07
31 9.13941e+06
55 1.84887e+07
68 2.39372e+07
62 2.14442e+07
107 4.40979e+07
95 3.3116e+07
93 3.31054e+07
86 2.86004e+07
122 4.41867e+07
48 1.18032e+07
36 9.6467e+06
67 2.21254e+07
39 1.07385e+07
24 6.74263e+06
61 2.05611e+07
Thế hệ thứ: 4
21 3.65792e+06
34 9.38141e+06
122 4.41867e+07
103 3.64846e+07
48 1.18032e+07
97 3.48294e+07
53 1.60736e+07
73 2.59234e+07
90 3.24338e+07
39 1.07385e+07
86 2.86004e+07
79 2.78192e+07
24 6.74263e+06
55 1.84887e+07
27 8.36757e+06
84 2.81583e+07
67 2.21254e+07
60 1.87547e+07
23 4.42763e+06
62 2.14442e+07
31 9.13941e+06
61 2.05611e+07
36 9.6467e+06
95 3.3116e+07
93 3.31054e+07
111 4.08353e+07
68 2.2989e+07
74 2.63724e+07
40 1.14114e+07
Thế hệ thứ: 5
21 3.65792e+06
34 9.38141e+06
86 2.86004e+07
122 4.41867e+07
68 2.2989e+07
111 4.08353e+07
25 5.0458e+06
48 1.18032e+07
97 3.48294e+07
53 1.60736e+07
90 3.24338e+07
79 2.78192e+07
73 2.59234e+07
84 2.81583e+07
40 1.14114e+07
27 5.43661e+06
62 2.14442e+07
74 2.63724e+07
23 4.42763e+06
67 2.21254e+07
39 1.07385e+07
36 9.6467e+06
95 3.3116e+07
93 3.31054e+07
103 3.62547e+07
61 2.00186e+07
33 7.71049e+06
60 1.73296e+07
57 1.66266e+07
Thế hệ thứ: 6
21 3.65792e+06
34 9.38141e+06
71 2.38598e+07
122 4.41867e+07
68 2.2989e+07
111 4.08353e+07
33 7.71049e+06
103 3.62547e+07
48 1.18032e+07
97 3.48294e+07
53 1.60736e+07
67 2.18755e+07
90 3.24338e+07
86 2.86004e+07
27 5.43661e+06
79 2.78192e+07
73 2.59234e+07
60 1.73296e+07
61 2.00186e+07
74 2.63724e+07
62 2.14442e+07
57 1.66266e+07
84 2.81583e+07
36 9.6467e+06
23 4.42763e+06
25 5.0458e+06
89 3.0187e+07
40 1.01017e+07
87 2.90357e+07
95 3.2608e+07
49 1.5881e+07
Thế hệ thứ: 7
43 1.14741e+07
21 3.65792e+06
34 9.38141e+06
40 1.01017e+07
122 4.41867e+07
111 4.08353e+07
33 7.71049e+06
103 3.62547e+07
48 1.18032e+07
53 1.60736e+07
89 3.0187e+07
27 5.43661e+06
79 2.78192e+07
95 3.2608e+07
60 1.73296e+07
61 2.00186e+07
90 3.24338e+07
67 2.18755e+07
62 2.14442e+07
57 1.66266e+07
84 2.81583e+07
31 7.34915e+06
36 9.6467e+06
23 4.42763e+06
86 2.86004e+07
87 2.90357e+07
25 5.0458e+06
24 5.0447e+06
75 2.25131e+07
29 5.70711e+06
99 3.36374e+07
32 7.34928e+06
30 6.36034e+06
49 1.56138e+07
Thế hệ thứ: 8
21 3.65792e+06
34 9.38141e+06
43 1.14741e+07
122 4.41867e+07
111 4.08353e+07
99 3.36374e+07
103 3.62547e+07
75 2.25131e+07
48 1.18032e+07
67 2.18755e+07
49 1.56138e+07
60 1.73296e+07
61 2.00186e+07
95 3.2608e+07
30 6.36034e+06
40 1.01017e+07
53 1.60736e+07
89 3.0187e+07
62 2.14442e+07
84 2.81583e+07
36 9.6467e+06
86 2.86004e+07
87 2.90357e+07
23 4.42763e+06
27 5.43661e+06
29 5.70711e+06
25 5.0458e+06
24 5.0447e+06
91 3.21276e+07
94 3.24389e+07
79 2.7558e+07
57 1.64967e+07
33 6.85222e+06
Thế hệ thứ: 9
21 3.65792e+06
34 9.38141e+06
43 1.14741e+07
86 2.86004e+07
87 2.90357e+07
57 1.64967e+07
122 4.41867e+07
111 4.08353e+07
99 3.36374e+07
103 3.62547e+07
75 2.25131e+07
65 1.87862e+07
48 1.18032e+07
67 2.18755e+07
60 1.73296e+07
53 1.60736e+07
89 3.0187e+07
30 6.36034e+06
40 1.01017e+07
33 6.85222e+06
91 3.21276e+07
84 2.81583e+07
95 3.2608e+07
36 9.6467e+06
23 4.42763e+06
94 3.24389e+07
27 5.43661e+06
29 5.70711e+06
25 5.0458e+06
24 5.0447e+06
79 2.3996e+07
112 4.36769e+07
49 1.3106e+07
Thế hệ thứ: 10
21 3.65792e+06
34 9.38141e+06
43 1.14741e+07
57 1.64967e+07
122 4.41867e+07
29 5.70711e+06
79 2.3996e+07
103 3.62547e+07
111 4.08353e+07
112 4.36769e+07
67 2.18755e+07
84 2.81583e+07
65 1.87862e+07
48 1.18032e+07
75 2.25131e+07
99 3.36374e+07
89 3.0187e+07
53 1.60736e+07
49 1.3106e+07
60 1.73296e+07
30 6.36034e+06
40 1.01017e+07
33 6.85222e+06
91 3.21276e+07
95 3.2608e+07
36 9.6467e+06
86 2.86004e+07
87 2.90357e+07
23 4.42763e+06
94 3.24389e+07
27 5.43661e+06
25 5.0458e+06
24 5.0447e+06
69 2.20451e+07
Thế hệ thứ: 11
21 3.65792e+06
43 1.14741e+07
57 1.64967e+07
122 4.41867e+07
29 5.70711e+06
79 2.3996e+07
103 3.62547e+07
111 4.08353e+07
65 1.87862e+07
48 1.18032e+07
112 4.36769e+07
71 2.20914e+07
84 2.81583e+07
99 3.36374e+07
89 3.0187e+07
53 1.60736e+07
49 1.3106e+07
75 2.25131e+07
60 1.73296e+07
67 2.18755e+07
30 6.36034e+06
40 1.01017e+07
33 6.85222e+06
91 3.21276e+07
69 2.20451e+07
95 3.2608e+07
87 2.90357e+07
23 4.42763e+06
94 3.24389e+07
27 5.43661e+06
25 5.0458e+06
86 2.84612e+07
80 2.70533e+07
37 9.17719e+06
66 2.18591e+07
24 4.62203e+06
Thế hệ thứ: 12
43 1.14741e+07
21 3.65792e+06
57 1.64967e+07
122 4.41867e+07
99 3.36374e+07
103 3.62547e+07
111 4.08353e+07
65 1.87862e+07
48 1.18032e+07
112 4.36769e+07
89 3.0187e+07
53 1.60736e+07
24 4.62203e+06
29 5.70711e+06
79 2.3996e+07
49 1.3106e+07
23 4.42763e+06
80 2.70533e+07
37 9.17719e+06
33 6.85222e+06
60 1.73296e+07
75 2.25131e+07
30 6.36034e+06
40 1.01017e+07
91 3.21276e+07
66 2.18591e+07
71 2.20914e+07
84 2.81583e+07
95 3.2608e+07
87 2.90357e+07
94 3.24389e+07
27 5.43661e+06
86 2.84612e+07
25 5.0458e+06
69 2.20451e+07
67 2.18755e+07
59 1.70676e+07
Thế hệ thứ: 13
21 3.65792e+06
43 1.14741e+07
73 2.24125e+07
57 1.64967e+07
122 4.41867e+07
99 3.36374e+07
111 4.08353e+07
48 1.18032e+07
59 1.70676e+07
89 3.0187e+07
53 1.60736e+07
24 4.62203e+06
29 5.70711e+06
79 2.3996e+07
49 1.3106e+07
23 4.42763e+06
80 2.70533e+07
37 9.17719e+06
33 6.85222e+06
75 2.25131e+07
30 6.36034e+06
40 1.01017e+07
91 3.21276e+07
50 1.60429e+07
60 1.73296e+07
71 2.20914e+07
84 2.81583e+07
95 3.2608e+07
87 2.90357e+07
94 3.24389e+07
27 5.43661e+06
86 2.84612e+07
25 5.0458e+06
107 3.56908e+07
69 1.87538e+07
114 4.31483e+07
Thế hệ thứ: 14
21 3.65792e+06
43 1.14741e+07
73 2.24125e+07
57 1.64967e+07
122 4.41867e+07
107 3.56908e+07
69 1.87538e+07
24 4.62203e+06
29 5.70711e+06
79 2.3996e+07
99 3.36374e+07
23 4.42763e+06
80 2.70533e+07
37 9.17719e+06
33 6.85222e+06
84 2.81583e+07
71 2.20914e+07
49 1.3106e+07
30 6.36034e+06
40 1.01017e+07
53 1.60736e+07
89 3.0187e+07
91 3.21276e+07
48 1.18032e+07
75 2.25131e+07
95 3.2608e+07
87 2.90357e+07
94 3.24389e+07
27 5.43661e+06
86 2.84612e+07
25 5.0458e+06
62 1.66518e+07
115 4.1085e+07
41 1.12723e+07
51 1.5051e+07
112 3.96749e+07
Thế hệ thứ: 15
112 3.96749e+07
21 3.65792e+06
43 1.14741e+07
73 2.24125e+07
57 1.64967e+07
122 4.41867e+07
107 3.56908e+07
62 1.66518e+07
69 1.87538e+07
115 4.1085e+07
99 3.36374e+07
24 4.62203e+06
29 5.70711e+06
79 2.3996e+07
23 4.42763e+06
80 2.70533e+07
37 9.17719e+06
33 6.85222e+06
84 2.81583e+07
71 2.20914e+07
53 1.60736e+07
89 3.0187e+07
51 1.5051e+07
49 1.3106e+07
91 3.21276e+07
48 1.18032e+07
75 2.25131e+07
30 6.36034e+06
40 1.01017e+07
95 3.2608e+07
87 2.90357e+07
41 1.12723e+07
94 3.24389e+07
27 5.43661e+06
86 2.84612e+07
25 5.0458e+06
81 2.73141e+07
70 2.15472e+07
119 4.34531e+07
Thế hệ thứ: 16
112 3.96749e+07
21 3.65792e+06
43 1.14741e+07
73 2.24125e+07
57 1.64967e+07
122 4.41867e+07
107 3.56908e+07
62 1.66518e+07
69 1.87538e+07
70 2.15472e+07
99 3.36374e+07
115 4.1085e+07
24 4.62203e+06
29 5.70711e+06
79 2.3996e+07
37 9.17719e+06
119 4.34531e+07
33 6.85222e+06
89 3.0187e+07
51 1.5051e+07
23 4.42763e+06
48 1.18032e+07
75 2.25131e+07
30 6.36034e+06
40 1.01017e+07
95 3.2608e+07
71 2.20914e+07
84 2.81583e+07
87 2.90357e+07
41 1.12723e+07
27 5.43661e+06
86 2.84612e+07
25 5.0458e+06
83 2.64332e+07
49 1.22266e+07
56 1.63724e+07
54 1.5537e+07
94 3.20431e+07
77 2.38468e+07
Thế hệ thứ: 17
112 3.96749e+07
43 1.14741e+07
21 3.65792e+06
122 4.41867e+07
73 2.24125e+07
57 1.64967e+07
107 3.56908e+07
62 1.66518e+07
69 1.87538e+07
70 2.15472e+07
99 3.36374e+07
115 4.1085e+07
83 2.64332e+07
37 9.17719e+06
119 4.34531e+07
49 1.22266e+07
89 3.0187e+07
33 6.85222e+06
51 1.5051e+07
24 4.62203e+06
79 2.3996e+07
94 3.20431e+07
40 1.01017e+07
95 3.2608e+07
54 1.5537e+07
71 2.20914e+07
50 1.49605e+07
84 2.81583e+07
48 1.18032e+07
77 2.38468e+07
75 2.25131e+07
87 2.90357e+07
27 5.43661e+06
30 5.69866e+06
23 4.42763e+06
56 1.63724e+07
86 2.84612e+07
25 5.0458e+06
117 4.21958e+07
101 3.41879e+07
42 1.09366e+07
26 5.14711e+06
Thế hệ thứ: 18
43 1.14741e+07
21 3.65792e+06
73 2.24125e+07
57 1.64967e+07
122 4.41867e+07
83 2.64332e+07
107 3.56908e+07
62 1.66518e+07
69 1.87538e+07
33 6.85222e+06
49 1.22266e+07
89 3.0187e+07
101 3.41879e+07
24 4.62203e+06
79 2.3996e+07
94 3.20431e+07
115 4.1085e+07
99 3.36374e+07
70 2.15472e+07
119 4.34531e+07
113 3.92187e+07
23 4.42763e+06
30 5.69866e+06
40 1.01017e+07
71 2.20914e+07
50 1.49605e+07
84 2.81583e+07
95 3.2608e+07
54 1.5537e+07
48 1.18032e+07
77 2.38468e+07
75 2.25131e+07
87 2.90357e+07
42 1.09366e+07
51 1.5051e+07
26 5.14711e+06
56 1.63724e+07
27 5.43661e+06
86 2.84612e+07
25 5.0458e+06
110 3.83756e+07
72 2.23779e+07
118 4.3292e+07
37 7.73946e+06
117 4.176e+07
Thế hệ thứ: 19
43 1.14741e+07
21 3.65792e+06
110 3.83756e+07
73 2.24125e+07
57 1.64967e+07
122 4.41867e+07
62 1.66518e+07
69 1.87538e+07
83 2.64332e+07
107 3.56908e+07
117 4.176e+07
37 7.73946e+06
49 1.22266e+07
101 3.41879e+07
40 1.01017e+07
24 4.62203e+06
79 2.3996e+07
33 6.85222e+06
94 3.20431e+07
113 3.92187e+07
115 4.1085e+07
99 3.36374e+07
70 2.15472e+07
23 4.42763e+06
30 5.69866e+06
71 2.20914e+07
50 1.49605e+07
84 2.81583e+07
95 3.2608e+07
54 1.5537e+07
48 1.18032e+07
77 2.38468e+07
75 2.25131e+07
42 1.09366e+07
119 4.34531e+07
118 4.3292e+07
51 1.5051e+07
26 5.14711e+06
56 1.63724e+07
27 5.43661e+06
86 2.84612e+07
25 5.0458e+06
72 2.23779e+07
114 4.10527e+07
39 8.85285e+06
90 2.86128e+07
31 6.74668e+06
Thế hệ thứ: 20
43 1.14741e+07
21 3.65792e+06
73 2.24125e+07
57 1.64967e+07
122 4.41867e+07
75 2.25131e+07
90 2.86128e+07
62 1.66518e+07
69 1.87538e+07
94 3.20431e+07
83 2.64332e+07
107 3.56908e+07
110 3.83756e+07
24 4.62203e+06
79 2.3996e+07
117 4.176e+07
37 7.73946e+06
113 3.92187e+07
70 2.15472e+07
49 1.22266e+07
71 2.20914e+07
84 2.81583e+07
95 3.2608e+07
39 8.85285e+06
33 6.85222e+06
40 1.01017e+07
48 1.18032e+07
77 2.38468e+07
23 4.42763e+06
30 5.69866e+06
86 2.84612e+07
114 4.10527e+07
42 1.09366e+07
119 4.34531e+07
118 4.3292e+07
26 5.14711e+06
56 1.63724e+07
27 5.43661e+06
115 4.1085e+07
25 5.0458e+06
72 2.23779e+07
31 5.95508e+06
102 3.32899e+07
54 1.2929e+07
51 1.28211e+07
91 3.15247e+07
Thế hệ thứ: 21
21 3.65792e+06
110 3.83756e+07
73 2.24125e+07
57 1.64967e+07
51 1.28211e+07
122 4.41867e+07
83 2.64332e+07
107 3.56908e+07
62 1.66518e+07
69 1.87538e+07
42 1.09366e+07
102 3.32899e+07
54 1.2929e+07
75 2.25131e+07
90 2.86128e+07
119 4.34531e+07
91 3.15247e+07
24 4.62203e+06
79 2.3996e+07
26 5.14711e+06
56 1.63724e+07
95 3.2608e+07
117 4.176e+07
37 7.73946e+06
113 3.92187e+07
33 6.85222e+06
70 2.15472e+07
71 2.20914e+07
84 2.81583e+07
48 1.18032e+07
77 2.38468e+07
86 2.84612e+07
94 3.20431e+07
114 4.10527e+07
118 4.3292e+07
31 5.95508e+06
49 1.22266e+07
30 5.69866e+06
23 4.42763e+06
27 5.43661e+06
115 4.1085e+07
25 5.0458e+06
72 2.23779e+07
40 8.27165e+06
46 1.13041e+07
Thế hệ thứ: 22
110 3.83756e+07
51 1.28211e+07
73 2.24125e+07
122 4.41867e+07
21 3.65792e+06
83 2.64332e+07
107 3.56908e+07
62 1.66518e+07
57 1.43104e+07
69 1.87538e+07
102 3.32899e+07
54 1.2929e+07
40 8.27165e+06
75 2.25131e+07
90 2.86128e+07
119 4.34531e+07
91 3.15247e+07
24 4.62203e+06
79 2.3996e+07
26 5.14711e+06
95 3.2608e+07
113 3.92187e+07
117 4.176e+07
37 7.73946e+06
33 6.85222e+06
70 2.15472e+07
114 4.10527e+07
71 2.20914e+07
25 4.74486e+06
84 2.81583e+07
77 2.38468e+07
86 2.84612e+07
94 3.20431e+07
118 4.3292e+07
31 5.95508e+06
49 1.22266e+07
30 5.69866e+06
23 4.42763e+06
27 5.43661e+06
48 1.18032e+07
115 4.1085e+07
72 2.23779e+07
46 1.04386e+07
Thế hệ thứ: 23
46 1.04386e+07
51 1.28211e+07
122 4.41867e+07
21 3.65792e+06
57 1.43104e+07
69 1.87538e+07
62 1.66518e+07
107 3.56908e+07
102 3.32899e+07
40 8.27165e+06
83 2.64332e+07
110 3.83756e+07
90 2.86128e+07
119 4.34531e+07
91 3.15247e+07
24 4.62203e+06
79 2.3996e+07
95 3.2608e+07
113 3.92187e+07
117 4.176e+07
37 7.73946e+06
33 6.85222e+06
70 2.15472e+07
54 1.2929e+07
84 2.81583e+07
25 4.74486e+06
71 2.20914e+07
77 2.38468e+07
48 1.18032e+07
86 2.84612e+07
94 3.20431e+07
114 4.10527e+07
118 4.3292e+07
31 5.95508e+06
49 1.22266e+07
30 5.69866e+06
23 4.42763e+06
115 4.1085e+07
27 4.79786e+06
34 7.26724e+06
50 1.24489e+07
76 2.22351e+07
Thế hệ thứ: 24
46 1.04386e+07
51 1.28211e+07
122 4.41867e+07
21 3.65792e+06
57 1.43104e+07
69 1.87538e+07
62 1.66518e+07
107 3.56908e+07
102 3.32899e+07
40 8.27165e+06
83 2.64332e+07
110 3.83756e+07
90 2.86128e+07
119 4.34531e+07
91 3.15247e+07
24 4.62203e+06
79 2.3996e+07
113 3.92187e+07
76 2.22351e+07
70 2.15472e+07
54 1.2929e+07
117 4.176e+07
37 7.73946e+06
84 2.81583e+07
25 4.74486e+06
71 2.20914e+07
48 1.18032e+07
77 2.38468e+07
34 7.26724e+06
27 4.79786e+06
86 2.84612e+07
23 4.42763e+06
94 3.20431e+07
114 4.10527e+07
33 6.85222e+06
118 4.3292e+07
31 5.95508e+06
115 4.1085e+07
49 1.22266e+07
50 1.24489e+07
30 5.51292e+06
98 3.24963e+07
Thế hệ thứ: 25
46 1.04386e+07
51 1.28211e+07
122 4.41867e+07
21 3.65792e+06
57 1.43104e+07
69 1.87538e+07
62 1.66518e+07
107 3.56908e+07
102 3.32899e+07
40 8.27165e+06
83 2.64332e+07
110 3.83756e+07
90 2.86128e+07
119 4.34531e+07
91 3.15247e+07
24 4.62203e+06
98 3.24963e+07
113 3.92187e+07
76 2.22351e+07
70 2.15472e+07
41 1.04182e+07
54 1.2929e+07
94 3.20431e+07
117 4.176e+07
37 7.73946e+06
84 2.81583e+07
25 4.74486e+06
71 2.20914e+07
48 1.18032e+07
77 2.38468e+07
86 2.84612e+07
27 4.79786e+06
114 4.10527e+07
30 5.51292e+06
31 5.95508e+06
118 4.3292e+07
23 4.42763e+06
115 4.1085e+07
49 1.22266e+07
50 1.24489e+07
80 2.39583e+07
74 2.21748e+07
35 6.49627e+06
Thế hệ thứ: 26
110 3.83756e+07
51 1.28211e+07
122 4.41867e+07
21 3.65792e+06
71 2.14036e+07
57 1.43104e+07
69 1.87538e+07
62 1.66518e+07
102 3.32899e+07
83 2.64332e+07
90 2.86128e+07
119 4.34531e+07
80 2.39583e+07
54 1.2929e+07
41 1.04182e+07
98 3.24963e+07
40 8.27165e+06
113 3.92187e+07
46 1.04386e+07
35 6.49627e+06
117 4.176e+07
37 7.73946e+06
94 3.20431e+07
77 2.38468e+07
25 4.74486e+06
48 1.18032e+07
31 5.95508e+06
76 2.22351e+07
91 3.12309e+07
27 4.79786e+06
114 4.10527e+07
30 5.51292e+06
118 4.3292e+07
23 4.42763e+06
74 2.21748e+07
115 4.1085e+07
49 1.22266e+07
50 1.24489e+07
24 4.62203e+06
60 1.56296e+07
109 3.45655e+07
86 2.69e+07
Thế hệ thứ: 27
110 3.83756e+07
51 1.28211e+07
122 4.41867e+07
119 4.34531e+07
109 3.45655e+07
21 3.65792e+06
62 1.66518e+07
57 1.43104e+07
102 3.32899e+07
83 2.64332e+07
27 4.79786e+06
80 2.39583e+07
77 2.38468e+07
86 2.69e+07
54 1.2929e+07
98 3.24963e+07
60 1.56296e+07
40 8.27165e+06
113 3.92187e+07
46 1.04386e+07
35 6.49627e+06
94 3.20431e+07
117 4.176e+07
37 7.73946e+06
48 1.18032e+07
31 5.95508e+06
76 2.22351e+07
74 2.21748e+07
114 4.10527e+07
30 5.51292e+06
118 4.3292e+07
23 4.42763e+06
115 4.1085e+07
49 1.22266e+07
50 1.24489e+07
25 4.74486e+06
24 4.62203e+06
92 2.76897e+07
29 5.48534e+06
66 1.71028e+07
41 9.51327e+06
30 5.51292e+06
72 1.76921e+07
Thế hệ thứ: 28
110 3.83756e+07
51 1.28211e+07
122 4.41867e+07
119 4.34531e+07
109 3.45655e+07
21 3.65792e+06
102 3.32899e+07
116 3.99449e+07
35 6.49627e+06
92 2.76897e+07
72 1.76921e+07
94 3.20431e+07
74 2.21748e+07
66 1.71028e+07
41 9.51327e+06
83 2.64332e+07
57 1.43104e+07
46 1.04386e+07
80 2.39583e+07
77 2.38468e+07
86 2.69e+07
98 3.24963e+07
113 3.92187e+07
54 1.2929e+07
117 4.176e+07
37 7.73946e+06
40 8.27165e+06
48 1.18032e+07
31 5.95508e+06
76 2.22351e+07
30 5.51292e+06
118 4.3292e+07
27 4.79786e+06
23 4.42763e+06
29 5.48534e+06
49 1.22266e+07
50 1.24489e+07
25 4.74486e+06
24 4.62203e+06
30 5.51292e+06
115 3.99245e+07
63 1.55173e+07
Thế hệ thứ: 29
109 3.45655e+07
21 3.65792e+06
51 1.28211e+07
102 3.32899e+07
116 3.99449e+07
35 6.49627e+06
92 2.76897e+07
72 1.76921e+07
94 3.20431e+07
63 1.55173e+07
57 1.43104e+07
74 2.21748e+07
66 1.71028e+07
41 9.51327e+06
83 2.64332e+07
80 2.39583e+07
77 2.38468e+07
86 2.69e+07
98 3.24963e+07
37 7.73946e+06
117 4.176e+07
54 1.2929e+07
40 8.27165e+06
48 1.18032e+07
76 2.22351e+07
27 4.79786e+06
23 4.42763e+06
115 3.99245e+07
29 5.48534e+06
49 1.22266e+07
50 1.24489e+07
25 4.74486e+06
24 4.62203e+06
30 5.51292e+06
30 5.51292e+06
110 3.50221e+07
122 4.24271e+07
88 2.72063e+07
93 3.14239e+07
34 6.40268e+06
31 5.71696e+06
114 3.91776e+07
47 1.01065e+07
Thế hệ thứ: 30
88 2.72063e+07
110 3.50221e+07
21 3.65792e+06
72 1.76921e+07
122 4.24271e+07
114 3.91776e+07
35 6.49627e+06
116 3.99449e+07
92 2.76897e+07
102 3.32899e+07
63 1.55173e+07
74 2.21748e+07
57 1.43104e+07
66 1.71028e+07
41 9.51327e+06
83 2.64332e+07
93 3.14239e+07
47 1.01065e+07
80 2.39583e+07
109 3.45655e+07
37 7.51135e+06
117 4.176e+07
98 3.24963e+07
54 1.2929e+07
40 8.27165e+06
86 2.69e+07
77 2.38468e+07
94 3.20431e+07
48 1.18032e+07
76 2.22351e+07
34 6.40268e+06
27 4.79786e+06
23 4.42763e+06
51 1.28211e+07
29 5.48534e+06
115 3.99245e+07
49 1.22266e+07
50 1.24489e+07
25 4.74486e+06
24 4.62203e+06
30 5.51292e+06
30 5.51292e+06
31 5.63952e+06
Thế hệ thứ: 31
110 3.50221e+07
21 3.65792e+06
72 1.76921e+07
122 4.24271e+07
114 3.91776e+07
35 6.49627e+06
116 3.99449e+07
92 2.76897e+07
102 3.32899e+07
32 6.0087e+06
63 1.55173e+07
74 2.21748e+07
57 1.43104e+07
88 2.70502e+07
83 2.64332e+07
66 1.71028e+07
41 9.51327e+06
47 1.01065e+07
80 2.39583e+07
109 3.45655e+07
87 2.6435e+07
37 7.51135e+06
117 4.176e+07
54 1.2929e+07
77 2.38468e+07
76 2.22351e+07
98 3.01913e+07
31 5.63952e+06
34 6.40268e+06
27 4.79786e+06
23 4.42763e+06
29 5.48534e+06
115 3.99245e+07
51 1.24544e+07
25 4.74486e+06
24 4.62203e+06
30 5.51292e+06
40 8.07339e+06
30 5.51292e+06
50 1.11913e+07
82 2.52127e+07
28 5.26058e+06
39 8.00967e+06
Thế hệ thứ: 32
110 3.50221e+07
31 5.63952e+06
98 3.01913e+07
21 3.65792e+06
72 1.76921e+07
116 3.99449e+07
92 2.76897e+07
102 3.32899e+07
114 3.91776e+07
63 1.55173e+07
32 6.0087e+06
74 2.21748e+07
57 1.43104e+07
88 2.70502e+07
83 2.64332e+07
66 1.71028e+07
41 9.51327e+06
47 1.01065e+07
109 3.45655e+07
87 2.6435e+07
117 4.176e+07
28 5.26058e+06
54 1.2929e+07
50 1.11913e+07
82 2.52127e+07
80 2.39583e+07
25 4.74486e+06
51 1.24544e+07
77 2.38468e+07
76 2.22351e+07
40 8.07339e+06
30 5.51292e+06
23 4.42763e+06
30 5.51292e+06
27 4.79786e+06
115 3.99245e+07
24 4.62203e+06
29 5.48534e+06
94 2.86044e+07
123 4.2015e+07
35 6.21804e+06
37 7.34632e+06
39 7.89977e+06
36 7.00701e+06
Thế hệ thứ: 33
63 1.55173e+07
32 6.0087e+06
123 4.2015e+07
110 3.50221e+07
31 5.63952e+06
98 3.01913e+07
21 3.65792e+06
102 3.32899e+07
72 1.76921e+07
114 3.91776e+07
74 2.21748e+07
57 1.43104e+07
88 2.70502e+07
83 2.64332e+07
66 1.71028e+07
41 9.51327e+06
47 1.01065e+07
94 2.86044e+07
117 4.07569e+07
109 3.45655e+07
87 2.6435e+07
28 5.26058e+06
54 1.2929e+07
37 7.34632e+06
50 1.11913e+07
116 3.99449e+07
82 2.52127e+07
80 2.39583e+07
25 4.74486e+06
51 1.24544e+07
77 2.38468e+07
76 2.22351e+07
35 6.21804e+06
40 8.07339e+06
30 5.51292e+06
23 4.42763e+06
36 7.00701e+06
39 7.89977e+06
27 4.79786e+06
115 3.99245e+07
24 4.62203e+06
29 5.48534e+06
30 5.51292e+06
42 9.79437e+06
92 2.75736e+07
Thế hệ thứ: 34
63 1.55173e+07
32 6.0087e+06
123 4.2015e+07
110 3.50221e+07
31 5.63952e+06
98 3.01913e+07
21 3.65792e+06
102 3.32899e+07
72 1.76921e+07
114 3.91776e+07
74 2.21748e+07
57 1.43104e+07
88 2.70502e+07
66 1.71028e+07
41 9.51327e+06
83 2.64332e+07
94 2.86044e+07
42 9.79437e+06
117 4.07569e+07
109 3.45655e+07
47 1.01065e+07
28 5.26058e+06
54 1.2929e+07
37 7.34632e+06
50 1.11913e+07
92 2.75736e+07
82 2.52127e+07
80 2.39583e+07
25 4.74486e+06
51 1.24544e+07
76 2.22351e+07
35 6.21804e+06
87 2.6435e+07
40 8.07339e+06
30 5.51292e+06
23 4.42763e+06
36 7.00701e+06
39 7.89977e+06
27 4.79786e+06
73 1.9818e+07
116 3.99449e+07
115 3.99245e+07
24 4.62203e+06
29 5.48534e+06
30 5.51292e+06
78 2.31615e+07
99 3.1183e+07
Thế hệ thứ: 35
57 1.43104e+07
88 2.70502e+07
63 1.55173e+07
32 6.0087e+06
123 4.2015e+07
110 3.50221e+07
21 3.65792e+06
102 3.32899e+07
66 1.71028e+07
41 9.51327e+06
114 3.91776e+07
72 1.76921e+07
116 3.99449e+07
73 1.9818e+07
94 2.86044e+07
42 9.79437e+06
117 4.07569e+07
109 3.45655e+07
99 3.1183e+07
31 5.63952e+06
98 3.01913e+07
47 1.01065e+07
28 5.26058e+06
54 1.2929e+07
44 9.93627e+06
37 7.34632e+06
50 1.11913e+07
92 2.75736e+07
74 2.21748e+07
23 4.40127e+06
51 1.24544e+07
78 2.31615e+07
35 6.21804e+06
87 2.6435e+07
76 2.22351e+07
40 8.07339e+06
30 5.51292e+06
36 7.00701e+06
39 7.89977e+06
27 4.79786e+06
115 3.99245e+07
24 4.62203e+06
29 5.48534e+06
30 5.51292e+06
26 4.6265e+06
45 1.00629e+07
125 4.40058e+07
83 2.37047e+07
Thế hệ thứ: 36
110 3.50221e+07
21 3.65792e+06
125 4.40058e+07
102 3.32899e+07
114 3.91776e+07
24 4.62203e+06
83 2.37047e+07
63 1.55173e+07
32 6.0087e+06
123 4.2015e+07
57 1.43104e+07
88 2.70502e+07
66 1.71028e+07
41 9.51327e+06
72 1.76921e+07
87 2.6435e+07
116 3.99449e+07
94 2.86044e+07
42 9.79437e+06
117 4.07569e+07
109 3.45655e+07
99 3.1183e+07
31 5.63952e+06
98 3.01913e+07
28 5.26058e+06
54 1.2929e+07
37 7.34632e+06
44 9.93627e+06
50 1.11913e+07
92 2.75736e+07
23 4.40127e+06
47 1.01065e+07
40 7.6294e+06
35 6.21804e+06
76 2.22351e+07
30 5.51292e+06
36 7.00701e+06
115 3.99245e+07
27 4.79786e+06
26 4.6265e+06
45 1.00629e+07
30 5.51292e+06
29 5.2901e+06
51 1.12174e+07
79 2.30218e+07
74 1.98023e+07
Thế hệ thứ: 37
110 3.50221e+07
21 3.65792e+06
125 4.40058e+07
102 3.32899e+07
74 1.98023e+07
114 3.91776e+07
24 4.62203e+06
83 2.37047e+07
63 1.55173e+07
123 4.2015e+07
57 1.43104e+07
72 1.76921e+07
66 1.71028e+07
41 9.51327e+06
32 6.00592e+06
28 5.26058e+06
54 1.2929e+07
87 2.6435e+07
76 2.22351e+07
94 2.86044e+07
42 9.79437e+06
117 4.07569e+07
109 3.45655e+07
99 3.1183e+07
31 5.63952e+06
98 3.01913e+07
79 2.30218e+07
92 2.75736e+07
35 6.21804e+06
40 7.6294e+06
51 1.12174e+07
47 1.01065e+07
37 7.34632e+06
44 9.93627e+06
50 1.11913e+07
23 4.40127e+06
36 7.00701e+06
116 3.99449e+07
115 3.99245e+07
27 4.79786e+06
26 4.6265e+06
45 1.00629e+07
29 5.2901e+06
30 5.51292e+06
30 5.51292e+06
88 2.69112e+07
Thế hệ thứ: 38
110 3.50221e+07
21 3.65792e+06
125 4.40058e+07
102 3.32899e+07
74 1.98023e+07
114 3.91776e+07
24 4.62203e+06
83 2.37047e+07
63 1.55173e+07
33 6.0335e+06
123 4.2015e+07
57 1.43104e+07
72 1.76921e+07
66 1.71028e+07
41 9.51327e+06
28 5.26058e+06
32 6.00592e+06
54 1.2929e+07
76 2.22351e+07
87 2.6435e+07
94 2.86044e+07
42 9.79437e+06
117 4.07569e+07
109 3.45655e+07
99 3.1183e+07
31 5.63952e+06
98 3.01913e+07
79 2.30218e+07
92 2.75736e+07
35 6.21804e+06
40 7.6294e+06
51 1.12174e+07
88 2.69112e+07
47 1.01065e+07
37 7.34632e+06
44 9.93627e+06
50 1.11913e+07
23 4.40127e+06
36 7.00701e+06
116 3.99449e+07
115 3.99245e+07
27 4.79786e+06
26 4.6265e+06
45 1.00629e+07
29 5.2901e+06
30 5.51292e+06
30 5.51292e+06
120 4.12671e+07
67 1.74346e+07
Thế hệ thứ: 39
110 3.50221e+07
21 3.65792e+06
125 4.40058e+07
102 3.32899e+07
114 3.91776e+07
74 1.98023e+07
24 4.62203e+06
83 2.37047e+07
63 1.55173e+07
57 1.43104e+07
32 6.00592e+06
52 1.24645e+07
28 5.26058e+06
54 1.2929e+07
76 2.22351e+07
87 2.6435e+07
72 1.76921e+07
94 2.86044e+07
42 9.79437e+06
35 6.04977e+06
117 4.07569e+07
109 3.45655e+07
33 6.0335e+06
123 4.2015e+07
99 3.1183e+07
31 5.63952e+06
98 3.01913e+07
79 2.30218e+07
92 2.75736e+07
40 7.6294e+06
88 2.69112e+07
120 4.12671e+07
66 1.71028e+07
41 9.51327e+06
51 1.12174e+07
47 1.01065e+07
67 1.74346e+07
37 7.34632e+06
44 9.93627e+06
50 1.11913e+07
23 4.40127e+06
36 7.00701e+06
116 3.99449e+07
115 3.99245e+07
27 4.79786e+06
26 4.6265e+06
45 1.00629e+07
29 5.2901e+06
30 5.51292e+06
30 5.51292e+06
Thế hệ thứ: 40
110 3.50221e+07
21 3.65792e+06
111 3.67668e+07
125 4.40058e+07
102 3.32899e+07
114 3.91776e+07
74 1.98023e+07
24 4.62203e+06
83 2.37047e+07
63 1.55173e+07
57 1.43104e+07
76 2.22351e+07
87 2.6435e+07
72 1.76921e+07
94 2.86044e+07
35 6.04977e+06
42 9.79437e+06
117 4.07569e+07
109 3.45655e+07
33 6.0335e+06
123 4.2015e+07
99 3.1183e+07
31 5.63952e+06
98 3.01913e+07
79 2.30218e+07
92 2.75736e+07
32 6.00592e+06
52 1.24645e+07
28 5.26058e+06
54 1.2929e+07
40 7.6294e+06
88 2.69112e+07
120 4.12671e+07
66 1.71028e+07
41 9.51327e+06
47 1.01065e+07
67 1.74346e+07
37 7.34632e+06
44 9.93627e+06
50 1.11913e+07
23 4.40127e+06
36 7.00701e+06
51 1.12174e+07
116 3.99449e+07
115 3.99245e+07
27 4.79786e+06
26 4.6265e+06
45 1.00629e+07
29 5.2901e+06
30 5.51292e+06
30 5.51292e+06
59 1.48755e+07
Thế hệ thứ: 41
21 3.65792e+06
87 2.6435e+07
76 2.22351e+07
111 3.67668e+07
125 4.40058e+07
102 3.32899e+07
83 2.37047e+07
114 3.91776e+07
74 1.98023e+07
72 1.76921e+07
94 2.86044e+07
63 1.55173e+07
35 6.04977e+06
42 9.79437e+06
117 4.07569e+07
109 3.45655e+07
33 6.0335e+06
123 4.2015e+07
99 3.1183e+07
31 5.63952e+06
98 3.01913e+07
79 2.30218e+07
92 2.75736e+07
57 1.43104e+07
52 1.24645e+07
28 5.26058e+06
54 1.2929e+07
40 7.6294e+06
88 2.69112e+07
120 4.12671e+07
24 4.40575e+06
59 1.48755e+07
66 1.71028e+07
41 9.51327e+06
113 3.75194e+07
47 1.01065e+07
110 3.50221e+07
67 1.74346e+07
37 7.34632e+06
44 9.93627e+06
50 1.11913e+07
23 4.40127e+06
36 7.00701e+06
51 1.12174e+07
116 3.99449e+07
115 3.99245e+07
27 4.79786e+06
26 4.6265e+06
45 1.00629e+07
29 5.2901e+06
73 1.82574e+07
58 1.45086e+07
32 5.76658e+06
25 4.43983e+06
Thế hệ thứ: 42
21 3.65792e+06
87 2.6435e+07
76 2.22351e+07
125 4.40058e+07
111 3.67668e+07
94 2.86044e+07
102 3.32899e+07
83 2.37047e+07
114 3.91776e+07
74 1.98023e+07
63 1.55173e+07
35 6.04977e+06
42 9.79437e+06
117 4.07569e+07
109 3.45655e+07
123 4.2015e+07
99 3.1183e+07
31 5.63952e+06
98 3.01913e+07
79 2.30218e+07
92 2.75736e+07
28 5.26058e+06
54 1.2929e+07
40 7.6294e+06
88 2.69112e+07
120 4.12671e+07
113 3.75194e+07
47 1.01065e+07
66 1.71028e+07
72 1.76921e+07
57 1.43104e+07
110 3.50221e+07
59 1.48755e+07
67 1.74346e+07
23 4.40127e+06
73 1.82574e+07
37 7.34632e+06
44 9.93627e+06
50 1.11913e+07
36 7.00701e+06
51 1.12174e+07
116 3.99449e+07
115 3.99245e+07
29 5.2901e+06
27 4.79786e+06
58 1.45086e+07
45 1.00629e+07
41 7.66796e+06
25 4.74005e+06
33 6.0335e+06
52 1.20045e+07
Thế hệ thứ: 43
21 3.65792e+06
87 2.6435e+07
76 2.22351e+07
125 4.40058e+07
111 3.67668e+07
94 2.86044e+07
102 3.32899e+07
83 2.37047e+07
114 3.91776e+07
74 1.98023e+07
52 1.20045e+07
63 1.55173e+07
42 9.79437e+06
35 6.04977e+06
117 4.07569e+07
109 3.45655e+07
123 4.2015e+07
99 3.1183e+07
31 5.63952e+06
98 3.01913e+07
54 1.2929e+07
79 2.30218e+07
92 2.75736e+07
88 2.69112e+07
113 3.75194e+07
47 1.01065e+07
66 1.71028e+07
72 1.76921e+07
57 1.43104e+07
110 3.50221e+07
24 4.40575e+06
59 1.48755e+07
36 7.00701e+06
41 7.66796e+06
67 1.74346e+07
23 4.40127e+06
73 1.82574e+07
44 9.93627e+06
50 1.11913e+07
33 6.0335e+06
116 3.99449e+07
25 4.74005e+06
40 7.6294e+06
27 4.79786e+06
51 1.12174e+07
115 3.99245e+07
29 5.2901e+06
58 1.45086e+07
45 1.00629e+07
39 7.21684e+06
122 4.0898e+07
31 5.63952e+06
Thế hệ thứ: 44
21 3.65792e+06
87 2.6435e+07
125 4.40058e+07
111 3.67668e+07
94 2.86044e+07
102 3.32899e+07
83 2.37047e+07
114 3.91776e+07
74 1.98023e+07
52 1.20045e+07
63 1.55173e+07
42 9.79437e+06
35 6.04977e+06
117 4.07569e+07
109 3.45655e+07
99 3.1183e+07
98 3.01913e+07
31 5.63952e+06
77 2.16125e+07
123 4.2015e+07
54 1.2929e+07
79 2.30218e+07
92 2.75736e+07
29 5.2901e+06
122 4.0898e+07
113 3.75194e+07
47 1.01065e+07
66 1.71028e+07
31 5.63952e+06
72 1.76921e+07
57 1.43104e+07
88 2.69112e+07
110 3.50221e+07
59 1.48755e+07
36 7.00701e+06
41 7.66796e+06
67 1.74346e+07
73 1.82574e+07
44 9.93627e+06
50 1.11913e+07
39 7.21684e+06
33 6.0335e+06
25 4.74005e+06
116 3.99449e+07
51 1.12174e+07
115 3.99245e+07
58 1.45086e+07
45 1.00629e+07
40 7.6294e+06
23 4.34924e+06
108 3.38573e+07
28 4.75309e+06
49 1.1041e+07
Thế hệ thứ: 45
21 3.65792e+06
87 2.6435e+07
111 3.67668e+07
23 4.34924e+06
83 2.37047e+07
94 2.86044e+07
102 3.32899e+07
63 1.55173e+07
30 5.79157e+06
52 1.20045e+07
77 2.16125e+07
123 4.2015e+07
114 3.91776e+07
74 1.98023e+07
99 3.1183e+07
98 3.01913e+07
79 2.30218e+07
54 1.2929e+07
92 2.75736e+07
108 3.38573e+07
29 5.2901e+06
122 4.0898e+07
113 3.75194e+07
47 1.01065e+07
66 1.71028e+07
109 3.45655e+07
42 9.79437e+06
35 6.04977e+06
72 1.76921e+07
57 1.43104e+07
88 2.69112e+07
110 3.50221e+07
59 1.48755e+07
36 7.00701e+06
41 7.66796e+06
41 7.66796e+06
67 1.74346e+07
73 1.82574e+07
25 4.74005e+06
49 1.1041e+07
39 7.21684e+06
28 4.75309e+06
33 6.0335e+06
51 1.12174e+07
44 9.93627e+06
58 1.45086e+07
45 1.00629e+07
40 7.6294e+06
100 3.12721e+07
127 4.36595e+07
117 3.96203e+07
90 2.73061e+07
68 1.75192e+07
38 7.18664e+06
37 7.05051e+06
Thế hệ thứ: 46
21 3.65792e+06
114 3.91776e+07
74 1.98023e+07
127 4.36595e+07
23 4.34924e+06
83 2.37047e+07
94 2.86044e+07
102 3.32899e+07
52 1.20045e+07
63 1.55173e+07
77 2.16125e+07
123 4.2015e+07
87 2.6435e+07
117 3.96203e+07
29 5.2901e+06
122 4.0898e+07
98 3.01913e+07
79 2.30218e+07
54 1.2929e+07
108 3.38573e+07
111 3.67668e+07
113 3.75194e+07
47 1.01065e+07
66 1.71028e+07
109 3.45655e+07
42 9.79437e+06
35 6.04977e+06
100 3.12721e+07
57 1.43104e+07
110 3.50221e+07
73 1.82574e+07
92 2.75736e+07
72 1.76921e+07
30 5.60275e+06
36 7.00701e+06
41 7.66796e+06
25 4.74005e+06
58 1.45086e+07
90 2.73061e+07
33 6.0335e+06
45 1.00629e+07
68 1.75192e+07
51 1.12174e+07
28 4.75309e+06
88 2.69112e+07
99 3.1183e+07
44 9.93627e+06
40 7.6294e+06
84 2.53039e+07
59 1.45836e+07
24 4.41524e+06
49 1.09666e+07
32 6.00982e+06
Thế hệ thứ: 47
21 3.65792e+06
127 4.36595e+07
114 3.91776e+07
74 1.98023e+07
94 2.86044e+07
102 3.32899e+07
77 2.16125e+07
123 4.2015e+07
52 1.20045e+07
63 1.55173e+07
84 2.35002e+07
117 3.96203e+07
29 5.2901e+06
122 4.0898e+07
98 3.01913e+07
79 2.30218e+07
54 1.2929e+07
23 4.34924e+06
108 3.38573e+07
66 1.71028e+07
111 3.67668e+07
113 3.75194e+07
47 1.01065e+07
41 7.66796e+06
36 7.00701e+06
109 3.45655e+07
42 9.79437e+06
35 6.04977e+06
100 3.12721e+07
87 2.6435e+07
57 1.43104e+07
110 3.50221e+07
59 1.45836e+07
73 1.82574e+07
45 1.00629e+07
68 1.75192e+07
92 2.75736e+07
72 1.76921e+07
49 1.09666e+07
40 7.6294e+06
90 2.73061e+07
51 1.12174e+07
28 4.75309e+06
88 2.69112e+07
30 5.60275e+06
99 3.1183e+07
32 6.00982e+06
24 4.43588e+06
25 4.43827e+06
44 9.91397e+06
39 7.29529e+06
Thế hệ thứ: 48
21 3.65792e+06
114 3.91776e+07
74 1.98023e+07
127 4.36595e+07
117 3.96203e+07
84 2.35002e+07
94 2.86044e+07
102 3.32899e+07
124 4.24187e+07
77 2.16125e+07
123 4.2015e+07
52 1.20045e+07
63 1.55173e+07
87 2.6435e+07
29 5.2901e+06
122 4.0898e+07
79 2.30218e+07
34 5.97276e+06
98 3.01913e+07
54 1.2929e+07
108 3.38573e+07
66 1.71028e+07
111 3.67668e+07
113 3.75194e+07
47 1.01065e+07
57 1.43104e+07
59 1.45836e+07
44 9.91397e+06
109 3.45655e+07
42 9.79437e+06
35 6.04977e+06
100 3.12721e+07
110 3.50221e+07
41 7.66796e+06
36 6.65691e+06
73 1.82574e+07
45 1.00629e+07
68 1.75192e+07
92 2.75736e+07
72 1.76921e+07
49 1.09666e+07
28 4.75309e+06
90 2.73061e+07
51 1.12174e+07
39 7.29529e+06
88 2.69112e+07
23 4.34924e+06
30 5.60275e+06
99 3.1183e+07
25 4.43827e+06
40 7.6294e+06
60 1.54822e+07
31 5.63952e+06
Thế hệ thứ: 49
21 3.65792e+06
114 3.91776e+07
127 4.36595e+07
74 1.98023e+07
117 3.96203e+07
84 2.35002e+07
94 2.86044e+07
24 4.26691e+06
102 3.32899e+07
77 2.16125e+07
123 4.2015e+07
124 4.24187e+07
87 2.6435e+07
122 4.0898e+07
101 3.2017e+07
79 2.30218e+07
98 3.01913e+07
34 5.97276e+06
108 3.38573e+07
66 1.71028e+07
52 1.20045e+07
63 1.55173e+07
111 3.67668e+07
113 3.75194e+07
47 1.01065e+07
57 1.43104e+07
44 9.91397e+06
42 9.79437e+06
35 6.04977e+06
109 3.45655e+07
100 3.12721e+07
110 3.50221e+07
41 7.66796e+06
36 6.65691e+06
73 1.82574e+07
68 1.75192e+07
92 2.75736e+07
72 1.76921e+07
49 1.09666e+07
39 7.29529e+06
60 1.54822e+07
28 4.75309e+06
59 1.45836e+07
25 4.43827e+06
90 2.73061e+07
51 1.12174e+07
88 2.69112e+07
99 3.1183e+07
54 1.23602e+07
31 5.05901e+06
