Thế hệ thứ: 0
44 1.28094e+07
24 4.75081e+06
35 1.02077e+07
50 1.29867e+07
28 7.94692e+06
20 3.30296e+06
22 3.63537e+06
37 1.16872e+07
23 3.86311e+06
30 9.37811e+06
56 1.6355e+07
26 5.19363e+06
53 1.49121e+07
60 1.78969e+07
29 8.19435e+06
51 1.38528e+07
Thế hệ thứ: 1
20 3.30296e+06
46 1.25884e+07
56 1.6355e+07
53 1.49121e+07
26 5.19363e+06
50 1.29867e+07
51 1.38528e+07
24 4.75081e+06
23 3.86311e+06
22 3.63537e+06
44 1.14404e+07
35 9.8633e+06
37 1.03273e+07
31 7.0892e+06
58 1.64257e+07
38 1.09413e+07
63 1.74184e+07
Thế hệ thứ: 2
20 3.30296e+06
63 1.74184e+07
44 1.14404e+07
26 5.19363e+06
46 1.25884e+07
29 5.91689e+06
51 1.38528e+07
50 1.29867e+07
24 4.75081e+06
40 9.29728e+06
23 3.86311e+06
22 3.63537e+06
58 1.44676e+07
52 1.43213e+07
45 1.20397e+07
31 7.06794e+06
35 7.46559e+06
Thế hệ thứ: 3
20 3.30296e+06
40 9.29728e+06
58 1.44676e+07
35 7.46559e+06
29 5.91689e+06
50 1.29867e+07
52 1.43213e+07
26 5.19363e+06
24 4.75081e+06
45 1.12707e+07
51 1.38528e+07
23 3.86311e+06
22 3.63537e+06
64 1.67634e+07
34 6.43206e+06
48 1.1714e+07
Thế hệ thứ: 4
34 6.43206e+06
20 3.30296e+06
64 1.67634e+07
40 9.29728e+06
58 1.44676e+07
51 1.38528e+07
45 1.12707e+07
35 7.46559e+06
23 3.86311e+06
48 1.1714e+07
52 1.43213e+07
26 5.19363e+06
24 4.75081e+06
22 3.63537e+06
36 7.82094e+06
31 6.02385e+06
62 1.63142e+07
30 5.68452e+06
50 1.23611e+07
Thế hệ thứ: 5
20 3.30296e+06
64 1.67634e+07
40 9.29728e+06
58 1.44676e+07
36 7.82094e+06
45 1.12707e+07
51 1.38528e+07
50 1.23611e+07
62 1.63142e+07
52 1.43213e+07
34 6.43206e+06
23 3.86311e+06
48 1.1714e+07
41 1.10202e+07
30 5.68452e+06
31 6.02385e+06
24 4.75081e+06
35 7.46559e+06
22 3.63537e+06
27 5.17442e+06
Thế hệ thứ: 6
20 3.30296e+06
41 1.10202e+07
30 5.68452e+06
64 1.67634e+07
64 1.67634e+07
58 1.44676e+07
50 1.23611e+07
62 1.63142e+07
36 7.82094e+06
27 5.17442e+06
34 6.43206e+06
23 3.86311e+06
24 4.75081e+06
35 7.46559e+06
22 3.63537e+06
48 1.12671e+07
40 9.24118e+06
26 5.16846e+06
53 1.29988e+07
31 6.01139e+06
Thế hệ thứ: 7
40 9.24118e+06
20 3.30296e+06
41 1.10202e+07
30 5.68452e+06
64 1.67634e+07
64 1.67634e+07
58 1.44676e+07
53 1.29988e+07
48 1.12671e+07
62 1.63142e+07
36 7.82094e+06
50 1.23611e+07
31 6.01139e+06
34 6.43206e+06
24 4.75081e+06
35 7.46559e+06
27 5.17442e+06
23 3.86311e+06
22 3.63537e+06
26 5.16846e+06
Thế hệ thứ: 8
40 9.24118e+06
20 3.30296e+06
41 1.10202e+07
30 5.68452e+06
64 1.67634e+07
64 1.67634e+07
58 1.44676e+07
53 1.29988e+07
48 1.12671e+07
62 1.63142e+07
36 7.82094e+06
50 1.23611e+07
31 6.01139e+06
34 6.43206e+06
24 4.75081e+06
35 7.46559e+06
23 3.86311e+06
22 3.63537e+06
27 5.15431e+06
33 6.37252e+06
60 1.59001e+07
28 5.52329e+06
Thế hệ thứ: 9
40 9.24118e+06
20 3.30296e+06
41 1.10202e+07
64 1.67634e+07
64 1.67634e+07
58 1.44676e+07
53 1.29988e+07
48 1.12671e+07
36 7.82094e+06
50 1.23611e+07
60 1.59001e+07
24 4.75081e+06
62 1.63142e+07
35 7.46559e+06
27 5.15431e+06
23 3.86311e+06
34 6.43206e+06
22 3.63537e+06
28 5.52329e+06
33 6.37252e+06
30 5.63509e+06
61 1.60291e+07
31 5.95961e+06
Thế hệ thứ: 10
40 9.24118e+06
20 3.30296e+06
41 1.10202e+07
64 1.67634e+07
64 1.67634e+07
58 1.44676e+07
53 1.29988e+07
48 1.12671e+07
50 1.23611e+07
24 4.75081e+06
60 1.59001e+07
35 7.46559e+06
27 5.15431e+06
23 3.86311e+06
34 6.43206e+06
31 5.95961e+06
62 1.63142e+07
22 3.63537e+06
28 5.52329e+06
33 6.37252e+06
30 5.63509e+06
61 1.60291e+07
37 7.72437e+06
63 1.67556e+07
59 1.57012e+07
38 8.06748e+06
32 6.19732e+06
Thế hệ thứ: 11
40 9.24118e+06
20 3.30296e+06
41 1.10202e+07
64 1.67634e+07
64 1.67634e+07
53 1.29988e+07
58 1.44676e+07
38 8.06748e+06
50 1.23611e+07
48 1.12671e+07
24 4.75081e+06
35 7.46559e+06
59 1.57012e+07
27 5.15431e+06
23 3.86311e+06
34 6.43206e+06
37 7.72437e+06
22 3.63537e+06
62 1.63142e+07
31 5.95961e+06
63 1.67556e+07
61 1.60291e+07
32 6.19732e+06
60 1.59001e+07
33 6.37252e+06
29 5.20684e+06
30 5.59694e+06
Thế hệ thứ: 12
40 9.24118e+06
20 3.30296e+06
41 1.10202e+07
64 1.67634e+07
64 1.67634e+07
53 1.29988e+07
58 1.44676e+07
50 1.23611e+07
48 1.12671e+07
24 4.75081e+06
35 7.46559e+06
59 1.57012e+07
27 5.15431e+06
23 3.86311e+06
34 6.43206e+06
34 6.43206e+06
37 7.72437e+06
22 3.63537e+06
30 5.59694e+06
30 5.59694e+06
29 5.20684e+06
62 1.63142e+07
39 7.84175e+06
31 5.95961e+06
63 1.67556e+07
61 1.60291e+07
32 6.19732e+06
60 1.59001e+07
33 6.37252e+06
26 5.10572e+06
Thế hệ thứ: 13
40 9.24118e+06
26 5.10572e+06
20 3.30296e+06
64 1.67634e+07
64 1.67634e+07
53 1.29988e+07
58 1.44676e+07
50 1.23611e+07
48 1.12671e+07
31 5.95961e+06
39 7.84175e+06
24 4.75081e+06
59 1.57012e+07
23 3.86311e+06
37 7.72437e+06
22 3.63537e+06
29 5.20684e+06
34 6.43206e+06
34 6.43206e+06
62 1.63142e+07
63 1.67556e+07
61 1.60291e+07
32 6.19732e+06
27 5.15431e+06
60 1.59001e+07
33 6.37252e+06
30 5.59694e+06
30 5.59694e+06
36 7.37217e+06
28 5.18603e+06
43 1.08517e+07
Thế hệ thứ: 14
40 9.24118e+06
26 5.10572e+06
20 3.30296e+06
64 1.67634e+07
64 1.67634e+07
53 1.29988e+07
58 1.44676e+07
43 1.08517e+07
50 1.23611e+07
48 1.12671e+07
39 7.84175e+06
36 7.37217e+06
24 4.75081e+06
59 1.57012e+07
23 3.86311e+06
22 3.63537e+06
62 1.63142e+07
63 1.67556e+07
61 1.60291e+07
29 5.20684e+06
60 1.59001e+07
30 5.59694e+06
30 5.59694e+06
27 5.15431e+06
28 5.18603e+06
38 7.71494e+06
66 1.73367e+07
34 5.85013e+06
32 5.70039e+06
Thế hệ thứ: 15
40 9.24118e+06
26 5.10572e+06
20 3.30296e+06
58 1.44676e+07
66 1.73367e+07
43 1.08517e+07
50 1.23611e+07
48 1.12671e+07
36 7.37217e+06
34 5.85013e+06
24 4.75081e+06
39 7.84175e+06
59 1.57012e+07
23 3.86311e+06
22 3.63537e+06
32 5.70039e+06
38 7.71494e+06
62 1.63142e+07
64 1.67634e+07
64 1.67634e+07
63 1.67556e+07
61 1.60291e+07
29 5.20684e+06
60 1.59001e+07
27 5.15431e+06
28 5.18603e+06
53 1.286e+07
30 5.2956e+06
Thế hệ thứ: 16
40 9.24118e+06
20 3.30296e+06
37 7.68917e+06
26 5.10572e+06
58 1.44676e+07
66 1.73367e+07
53 1.286e+07
43 1.08517e+07
50 1.23611e+07
48 1.12671e+07
36 7.37217e+06
34 5.85013e+06
24 4.75081e+06
39 7.84175e+06
59 1.57012e+07
32 5.70039e+06
23 3.86311e+06
22 3.63537e+06
30 5.2956e+06
38 7.71494e+06
62 1.63142e+07
64 1.67634e+07
64 1.67634e+07
63 1.67556e+07
61 1.60291e+07
60 1.59001e+07
29 5.20684e+06
27 5.15431e+06
28 5.18603e+06
33 5.79378e+06
Thế hệ thứ: 17
40 9.24118e+06
26 5.10572e+06
37 7.68917e+06
20 3.30296e+06
58 1.44676e+07
66 1.73367e+07
53 1.286e+07
43 1.08517e+07
50 1.23611e+07
48 1.12671e+07
36 7.37217e+06
34 5.85013e+06
24 4.75081e+06
39 7.84175e+06
59 1.57012e+07
23 3.86311e+06
22 3.63537e+06
32 5.70039e+06
30 5.2956e+06
62 1.63142e+07
64 1.67634e+07
64 1.67634e+07
63 1.67556e+07
61 1.60291e+07
60 1.59001e+07
38 7.71494e+06
33 5.79378e+06
29 5.20684e+06
27 5.15431e+06
28 5.18603e+06
Thế hệ thứ: 18
40 9.24118e+06
26 5.10572e+06
37 7.68917e+06
20 3.30296e+06
58 1.44676e+07
66 1.73367e+07
53 1.286e+07
43 1.08517e+07
50 1.23611e+07
48 1.12671e+07
24 4.75081e+06
39 7.84175e+06
59 1.57012e+07
23 3.86311e+06
22 3.63537e+06
32 5.70039e+06
30 5.2956e+06
62 1.63142e+07
64 1.67634e+07
64 1.67634e+07
63 1.67556e+07
61 1.60291e+07
60 1.59001e+07
38 7.71494e+06
33 5.79378e+06
29 5.20684e+06
27 5.15431e+06
28 5.18603e+06
68 1.81904e+07
41 1.06847e+07
34 5.8387e+06
36 7.32373e+06
Thế hệ thứ: 19
40 9.24118e+06
26 5.10572e+06
37 7.68917e+06
20 3.30296e+06
68 1.81904e+07
58 1.44676e+07
53 1.286e+07
50 1.23611e+07
41 1.06847e+07
48 1.12671e+07
36 7.32373e+06
43 1.08517e+07
66 1.73367e+07
34 5.8387e+06
24 4.75081e+06
39 7.84175e+06
59 1.57012e+07
23 3.86311e+06
22 3.63537e+06
32 5.70039e+06
30 5.2956e+06
62 1.63142e+07
64 1.67634e+07
64 1.67634e+07
63 1.67556e+07
61 1.60291e+07
60 1.59001e+07
38 7.71494e+06
33 5.79378e+06
29 5.20684e+06
31 5.60082e+06
28 5.12385e+06
Thế hệ thứ: 20
40 9.24118e+06
26 5.10572e+06
20 3.30296e+06
68 1.81904e+07
58 1.44676e+07
53 1.286e+07
50 1.23611e+07
48 1.12671e+07
36 7.32373e+06
43 1.08517e+07
66 1.73367e+07
34 5.8387e+06
24 4.75081e+06
39 7.84175e+06
23 3.86311e+06
22 3.63537e+06
62 1.63142e+07
64 1.67634e+07
64 1.67634e+07
63 1.67556e+07
61 1.60291e+07
28 5.12385e+06
31 5.60082e+06
30 5.2956e+06
32 5.70039e+06
29 5.20684e+06
38 7.71494e+06
33 5.79378e+06
37 7.38879e+06
60 1.51508e+07
41 1.05858e+07
Thế hệ thứ: 21
68 1.81904e+07
40 9.24118e+06
26 5.10572e+06
20 3.30296e+06
53 1.286e+07
43 1.01429e+07
58 1.44676e+07
50 1.23611e+07
48 1.12671e+07
66 1.73367e+07
23 3.86311e+06
60 1.51508e+07
36 7.32373e+06
34 5.8387e+06
24 4.75081e+06
39 7.84175e+06
61 1.60291e+07
22 3.63537e+06
62 1.63142e+07
64 1.67634e+07
64 1.67634e+07
38 7.71494e+06
38 7.71494e+06
63 1.67556e+07
28 5.12385e+06
31 5.60082e+06
30 5.2956e+06
32 5.70039e+06
29 5.20684e+06
33 5.79378e+06
54 1.36697e+07
35 6.79061e+06
37 7.38606e+06
Thế hệ thứ: 22
54 1.36697e+07
68 1.81904e+07
20 3.30296e+06
43 1.01429e+07
53 1.286e+07
50 1.23611e+07
48 1.12671e+07
58 1.44676e+07
66 1.73367e+07
60 1.51508e+07
24 4.75081e+06
39 7.84175e+06
35 6.79061e+06
23 3.86311e+06
34 5.8387e+06
22 3.63537e+06
62 1.63142e+07
36 7.32373e+06
64 1.67634e+07
64 1.67634e+07
46 1.02054e+07
63 1.67556e+07
28 5.12385e+06
31 5.60082e+06
30 5.2956e+06
37 7.38606e+06
32 5.70039e+06
29 5.20684e+06
33 5.79378e+06
38 7.71494e+06
38 7.71494e+06
27 5.02175e+06
40 8.21303e+06
61 1.56334e+07
Thế hệ thứ: 23
54 1.36697e+07
68 1.81904e+07
20 3.30296e+06
43 1.01429e+07
53 1.286e+07
58 1.44676e+07
40 8.21303e+06
50 1.23611e+07
63 1.67556e+07
46 1.02054e+07
66 1.73367e+07
24 4.75081e+06
35 6.79061e+06
60 1.51508e+07
62 1.63142e+07
23 3.86311e+06
34 5.8387e+06
27 5.02175e+06
22 3.63537e+06
36 7.32373e+06
64 1.67634e+07
64 1.67634e+07
39 7.84175e+06
31 5.60082e+06
30 5.2956e+06
37 7.38606e+06
32 5.70039e+06
28 5.12385e+06
29 5.20684e+06
33 5.79378e+06
38 7.71494e+06
38 7.71494e+06
41 9.54722e+06
48 1.10717e+07
61 1.56082e+07
Thế hệ thứ: 24
54 1.36697e+07
68 1.81904e+07
20 3.30296e+06
48 1.10717e+07
66 1.73367e+07
58 1.44676e+07
41 9.54722e+06
63 1.67556e+07
46 1.02054e+07
24 4.75081e+06
40 8.21303e+06
35 6.79061e+06
60 1.51508e+07
61 1.56082e+07
62 1.63142e+07
23 3.86311e+06
34 5.8387e+06
27 5.02175e+06
22 3.63537e+06
36 7.32373e+06
64 1.67634e+07
64 1.67634e+07
39 7.84175e+06
31 5.60082e+06
30 5.2956e+06
37 7.38606e+06
32 5.70039e+06
28 5.12385e+06
29 5.20684e+06
33 5.79378e+06
38 7.71494e+06
38 7.71494e+06
53 1.19946e+07
43 9.64824e+06
Thế hệ thứ: 25
54 1.36697e+07
53 1.19946e+07
68 1.81904e+07
20 3.30296e+06
48 1.10717e+07
66 1.73367e+07
58 1.44676e+07
63 1.67556e+07
46 1.02054e+07
24 4.75081e+06
41 9.54722e+06
40 8.21303e+06
43 9.64824e+06
35 6.79061e+06
60 1.51508e+07
61 1.56082e+07
62 1.63142e+07
23 3.86311e+06
34 5.8387e+06
27 5.02175e+06
22 3.63537e+06
36 7.32373e+06
64 1.67634e+07
64 1.67634e+07
39 7.84175e+06
31 5.60082e+06
30 5.2956e+06
37 7.38606e+06
32 5.70039e+06
28 5.12385e+06
29 5.20684e+06
33 5.79378e+06
38 7.71494e+06
38 7.71494e+06
47 1.0243e+07
26 4.98415e+06
25 4.92979e+06
Thế hệ thứ: 26
54 1.36697e+07
53 1.19946e+07
68 1.81904e+07
20 3.30296e+06
48 1.10717e+07
66 1.73367e+07
58 1.44676e+07
41 9.54722e+06
40 8.21303e+06
40 8.21303e+06
43 9.64824e+06
35 6.79061e+06
60 1.51508e+07
63 1.67556e+07
46 1.02054e+07
61 1.56082e+07
62 1.63142e+07
23 3.86311e+06
24 4.75081e+06
34 5.8387e+06
22 3.63537e+06
47 1.0243e+07
36 7.32373e+06
64 1.67634e+07
64 1.67634e+07
39 7.84175e+06
26 4.98415e+06
31 5.60082e+06
30 5.2956e+06
37 7.38606e+06
25 4.92979e+06
32 5.70039e+06
28 5.12385e+06
29 5.20684e+06
27 5.02175e+06
33 5.79378e+06
38 7.71494e+06
38 7.71494e+06
Thế hệ thứ: 27
54 1.36697e+07
53 1.19946e+07
68 1.81904e+07
20 3.30296e+06
48 1.10717e+07
66 1.73367e+07
58 1.44676e+07
41 9.54722e+06
43 9.64824e+06
60 1.51508e+07
63 1.67556e+07
61 1.56082e+07
35 6.16758e+06
62 1.63142e+07
23 3.86311e+06
24 4.75081e+06
40 8.21303e+06
40 8.21303e+06
34 5.8387e+06
22 3.63537e+06
47 1.0243e+07
36 7.32373e+06
64 1.67634e+07
64 1.67634e+07
39 7.84175e+06
26 4.98415e+06
55 1.42097e+07
31 5.60082e+06
30 5.2956e+06
37 7.38606e+06
25 4.92979e+06
32 5.70039e+06
28 5.12385e+06
29 5.20684e+06
27 5.02175e+06
33 5.79378e+06
38 7.71494e+06
38 7.71494e+06
46 1.01598e+07
Thế hệ thứ: 28
54 1.36697e+07
53 1.19946e+07
68 1.81904e+07
20 3.30296e+06
48 1.10717e+07
58 1.44676e+07
66 1.73367e+07
41 9.54722e+06
43 9.64824e+06
62 1.63142e+07
35 6.16758e+06
60 1.51508e+07
26 4.98415e+06
55 1.42097e+07
31 5.60082e+06
36 7.32373e+06
33 5.79378e+06
46 1.01598e+07
61 1.56082e+07
23 3.86311e+06
24 4.75081e+06
40 8.21303e+06
40 8.21303e+06
47 1.0243e+07
22 3.63537e+06
64 1.67634e+07
64 1.67634e+07
39 7.84175e+06
63 1.67556e+07
37 7.38606e+06
34 5.8387e+06
25 4.92979e+06
32 5.70039e+06
27 5.02175e+06
38 7.71494e+06
38 7.71494e+06
30 5.09415e+06
Thế hệ thứ: 29
54 1.36697e+07
53 1.19946e+07
68 1.81904e+07
20 3.30296e+06
48 1.10717e+07
58 1.44676e+07
66 1.73367e+07
41 9.54722e+06
43 9.64824e+06
62 1.63142e+07
35 6.16758e+06
60 1.51508e+07
26 4.98415e+06
55 1.42097e+07
31 5.60082e+06
36 7.32373e+06
33 5.79378e+06
46 1.01598e+07
30 5.09415e+06
61 1.56082e+07
23 3.86311e+06
24 4.75081e+06
40 8.21303e+06
40 8.21303e+06
47 1.0243e+07
22 3.63537e+06
27 5.02175e+06
64 1.67634e+07
64 1.67634e+07
39 7.84175e+06
63 1.67556e+07
37 7.38606e+06
34 5.8387e+06
25 4.92979e+06
32 5.70039e+06
38 7.71494e+06
38 7.71494e+06
Thế hệ thứ: 30
54 1.36697e+07
53 1.19946e+07
68 1.81904e+07
20 3.30296e+06
48 1.10717e+07
58 1.44676e+07
66 1.73367e+07
41 9.54722e+06
43 9.64824e+06
62 1.63142e+07
35 6.16758e+06
60 1.51508e+07
26 4.98415e+06
55 1.42097e+07
31 5.60082e+06
36 7.32373e+06
33 5.79378e+06
46 1.01598e+07
30 5.09415e+06
61 1.56082e+07
23 3.86311e+06
24 4.75081e+06
40 8.21303e+06
40 8.21303e+06
47 1.0243e+07
22 3.63537e+06
27 5.02175e+06
64 1.67634e+07
64 1.67634e+07
39 7.84175e+06
63 1.67556e+07
37 7.38606e+06
34 5.8387e+06
25 4.92979e+06
32 5.70039e+06
38 7.71494e+06
38 7.71494e+06
38 7.71494e+06
50 1.13628e+07
Thế hệ thứ: 31
54 1.36697e+07
53 1.19946e+07
68 1.81904e+07
20 3.30296e+06
58 1.44676e+07
66 1.73367e+07
50 1.13628e+07
41 9.54722e+06
43 9.64824e+06
62 1.63142e+07
35 6.16758e+06
60 1.51508e+07
48 1.10717e+07
26 4.98415e+06
55 1.42097e+07
31 5.60082e+06
36 7.32373e+06
33 5.79378e+06
33 5.79378e+06
46 1.01598e+07
30 5.09415e+06
61 1.56082e+07
23 3.86311e+06
24 4.75081e+06
40 8.21303e+06
40 8.21303e+06
47 1.0243e+07
22 3.63537e+06
64 1.67634e+07
64 1.67634e+07
39 7.84175e+06
63 1.67556e+07
37 7.38606e+06
34 5.8387e+06
25 4.92979e+06
32 5.70039e+06
38 7.71494e+06
38 7.71494e+06
38 7.71494e+06
27 4.99167e+06
Thế hệ thứ: 32
54 1.36697e+07
53 1.19946e+07
68 1.81904e+07
20 3.30296e+06
58 1.44676e+07
66 1.73367e+07
50 1.13628e+07
41 9.54722e+06
43 9.64824e+06
62 1.63142e+07
35 6.16758e+06
60 1.51508e+07
48 1.10717e+07
26 4.98415e+06
31 5.60082e+06
55 1.42097e+07
31 5.60082e+06
30 5.09415e+06
36 7.32373e+06
33 5.79378e+06
33 5.79378e+06
46 1.01598e+07
61 1.56082e+07
23 3.86311e+06
24 4.75081e+06
40 8.21303e+06
40 8.21303e+06
47 1.0243e+07
22 3.63537e+06
27 4.99167e+06
64 1.67634e+07
64 1.67634e+07
39 7.84175e+06
37 7.38606e+06
34 5.8387e+06
25 4.92979e+06
32 5.70039e+06
38 7.71494e+06
38 7.71494e+06
38 7.71494e+06
63 1.63516e+07
Thế hệ thứ: 33
20 3.30296e+06
53 1.19946e+07
68 1.81904e+07
58 1.44676e+07
66 1.73367e+07
50 1.13628e+07
43 9.64824e+06
62 1.63142e+07
35 6.16758e+06
60 1.51508e+07
48 1.10717e+07
26 4.98415e+06
55 1.42097e+07
31 5.60082e+06
31 5.60082e+06
30 5.09415e+06
36 7.32373e+06
33 5.79378e+06
33 5.79378e+06
46 1.01598e+07
61 1.56082e+07
23 3.86311e+06
24 4.75081e+06
40 8.21303e+06
40 8.21303e+06
47 1.0243e+07
22 3.63537e+06
27 4.99167e+06
64 1.67634e+07
64 1.67634e+07
39 7.84175e+06
63 1.63516e+07
37 7.38606e+06
34 5.8387e+06
25 4.92979e+06
32 5.70039e+06
38 7.71494e+06
38 7.71494e+06
38 7.71494e+06
41 9.27251e+06
54 1.28794e+07
59 1.51186e+07
Thế hệ thứ: 34
55 1.42097e+07
31 5.60082e+06
31 5.60082e+06
26 4.98415e+06
20 3.30296e+06
53 1.19946e+07
68 1.81904e+07
54 1.28794e+07
66 1.73367e+07
50 1.13628e+07
43 9.64824e+06
58 1.44676e+07
62 1.63142e+07
35 6.16758e+06
48 1.10717e+07
30 5.09415e+06
36 7.32373e+06
33 5.79378e+06
33 5.79378e+06
46 1.01598e+07
61 1.56082e+07
23 3.86311e+06
24 4.75081e+06
47 1.0243e+07
22 3.63537e+06
40 8.21303e+06
40 8.21303e+06
27 4.99167e+06
34 5.8387e+06
59 1.51186e+07
64 1.67634e+07
64 1.67634e+07
39 7.84175e+06
60 1.51508e+07
63 1.63516e+07
37 7.38606e+06
25 4.92979e+06
32 5.70039e+06
38 7.71494e+06
38 7.71494e+06
38 7.71494e+06
41 8.38004e+06
Thế hệ thứ: 35
53 1.19946e+07
68 1.81904e+07
55 1.42097e+07
31 5.60082e+06
31 5.60082e+06
26 4.98415e+06
20 3.30296e+06
43 9.64824e+06
54 1.28794e+07
66 1.73367e+07
50 1.13628e+07
41 8.38004e+06
58 1.44676e+07
35 6.16758e+06
48 1.10717e+07
30 5.09415e+06
36 7.32373e+06
33 5.79378e+06
33 5.79378e+06
46 1.01598e+07
61 1.56082e+07
23 3.86311e+06
24 4.75081e+06
47 1.0243e+07
22 3.63537e+06
27 4.99167e+06
34 5.8387e+06
59 1.51186e+07
64 1.67634e+07
64 1.67634e+07
39 7.84175e+06
60 1.51508e+07
37 7.38606e+06
25 4.92979e+06
32 5.70039e+06
40 8.21303e+06
40 8.21303e+06
38 7.71494e+06
38 7.71494e+06
38 7.71494e+06
38 7.71494e+06
38 7.71494e+06
63 1.62045e+07
Thế hệ thứ: 36
53 1.19946e+07
68 1.81904e+07
55 1.42097e+07
31 5.60082e+06
31 5.60082e+06
26 4.98415e+06
20 3.30296e+06
43 9.64824e+06
54 1.28794e+07
66 1.73367e+07
50 1.13628e+07
41 8.38004e+06
58 1.44676e+07
35 6.16758e+06
63 1.62045e+07
48 1.10717e+07
61 1.56082e+07
30 5.09415e+06
36 7.32373e+06
33 5.79378e+06
33 5.79378e+06
46 1.01598e+07
23 3.86311e+06
24 4.75081e+06
47 1.0243e+07
22 3.63537e+06
27 4.99167e+06
59 1.51186e+07
34 5.8387e+06
64 1.67634e+07
64 1.67634e+07
39 7.84175e+06
60 1.51508e+07
37 7.38606e+06
25 4.92979e+06
32 5.70039e+06
40 8.21303e+06
40 8.21303e+06
38 7.71494e+06
38 7.71494e+06
38 7.71494e+06
38 7.71494e+06
38 7.71494e+06
Thế hệ thứ: 37
53 1.19946e+07
68 1.81904e+07
55 1.42097e+07
31 5.60082e+06
31 5.60082e+06
26 4.98415e+06
20 3.30296e+06
43 9.64824e+06
54 1.28794e+07
66 1.73367e+07
50 1.13628e+07
41 8.38004e+06
58 1.44676e+07
35 6.16758e+06
63 1.62045e+07
48 1.10717e+07
61 1.56082e+07
30 5.09415e+06
36 7.32373e+06
33 5.79378e+06
33 5.79378e+06
46 1.01598e+07
23 3.86311e+06
24 4.75081e+06
47 1.0243e+07
22 3.63537e+06
27 4.99167e+06
34 5.8387e+06
59 1.51186e+07
64 1.67634e+07
64 1.67634e+07
39 7.84175e+06
60 1.51508e+07
37 7.38606e+06
25 4.92979e+06
32 5.70039e+06
40 8.21303e+06
40 8.21303e+06
38 7.71494e+06
38 7.71494e+06
38 7.71494e+06
38 7.71494e+06
38 7.71494e+06
Thế hệ thứ: 38
53 1.19946e+07
68 1.81904e+07
55 1.42097e+07
31 5.60082e+06
31 5.60082e+06
26 4.98415e+06
20 3.30296e+06
43 9.64824e+06
54 1.28794e+07
66 1.73367e+07
50 1.13628e+07
41 8.38004e+06
41 8.38004e+06
58 1.44676e+07
35 6.16758e+06
63 1.62045e+07
48 1.10717e+07
61 1.56082e+07
30 5.09415e+06
36 7.32373e+06
33 5.79378e+06
33 5.79378e+06
46 1.01598e+07
23 3.86311e+06
24 4.75081e+06
47 1.0243e+07
22 3.63537e+06
27 4.99167e+06
34 5.8387e+06
59 1.51186e+07
64 1.67634e+07
64 1.67634e+07
39 7.84175e+06
60 1.51508e+07
37 7.38606e+06
25 4.92979e+06
32 5.70039e+06
40 8.21303e+06
40 8.21303e+06
38 7.71494e+06
38 7.71494e+06
38 7.71494e+06
38 7.71494e+06
38 7.71494e+06
27 4.99167e+06
69 1.83334e+07
Thế hệ thứ: 39
55 1.42097e+07
31 5.60082e+06
31 5.60082e+06
26 4.98415e+06
20 3.30296e+06
53 1.19946e+07
23 3.86311e+06
69 1.83334e+07
43 9.64824e+06
66 1.73367e+07
50 1.13628e+07
58 1.44676e+07
35 6.16758e+06
63 1.62045e+07
36 7.00808e+06
48 1.10717e+07
61 1.56082e+07
68 1.81904e+07
30 5.09415e+06
46 1.01598e+07
33 5.79378e+06
33 5.79378e+06
24 4.75081e+06
47 1.0243e+07
22 3.63537e+06
34 5.8387e+06
59 1.51186e+07
64 1.67634e+07
64 1.67634e+07
39 7.84175e+06
60 1.51508e+07
27 4.99167e+06
37 7.38606e+06
27 4.99167e+06
25 4.92979e+06
32 5.70039e+06
40 8.21303e+06
40 8.21303e+06
38 7.71494e+06
38 7.71494e+06
38 7.71494e+06
38 7.71494e+06
38 7.71494e+06
38 7.71494e+06
41 8.37274e+06
54 1.28136e+07
Thế hệ thứ: 40
55 1.42097e+07
31 5.60082e+06
31 5.60082e+06
26 4.98415e+06
20 3.30296e+06
53 1.19946e+07
23 3.86311e+06
69 1.83334e+07
54 1.28136e+07
43 9.64824e+06
66 1.73367e+07
50 1.13628e+07
41 8.37274e+06
58 1.44676e+07
63 1.62045e+07
36 7.00808e+06
48 1.10717e+07
61 1.56082e+07
68 1.81904e+07
30 5.09415e+06
33 5.79378e+06
33 5.79378e+06
46 1.01598e+07
35 6.16758e+06
24 4.75081e+06
47 1.0243e+07
22 3.63537e+06
27 4.99167e+06
34 5.8387e+06
59 1.51186e+07
64 1.67634e+07
64 1.67634e+07
39 7.84175e+06
60 1.51508e+07
27 4.99167e+06
25 4.92979e+06
32 5.70039e+06
40 8.21303e+06
40 8.21303e+06
38 7.45413e+06
37 7.38484e+06
Thế hệ thứ: 41
55 1.42097e+07
31 5.60082e+06
31 5.60082e+06
26 4.98415e+06
20 3.30296e+06
53 1.19946e+07
23 3.86311e+06
69 1.83334e+07
54 1.28136e+07
43 9.64824e+06
66 1.73367e+07
50 1.13628e+07
41 8.37274e+06
58 1.44676e+07
63 1.62045e+07
36 7.00808e+06
48 1.10717e+07
61 1.56082e+07
68 1.81904e+07
30 5.09415e+06
33 5.79378e+06
33 5.79378e+06
46 1.01598e+07
24 4.75081e+06
47 1.0243e+07
22 3.63537e+06
39 7.84175e+06
34 5.8387e+06
64 1.67634e+07
64 1.67634e+07
60 1.51508e+07
38 7.45413e+06
37 7.38484e+06
27 4.99167e+06
25 4.92979e+06
32 5.70039e+06
40 8.21303e+06
40 8.21303e+06
27 4.99167e+06
59 1.4545e+07
35 6.16404e+06
Thế hệ thứ: 42
53 1.19946e+07
69 1.83334e+07
42 8.79346e+06
23 3.86311e+06
55 1.42097e+07
31 5.60082e+06
31 5.60082e+06
26 4.98415e+06
20 3.30296e+06
54 1.28136e+07
43 9.64824e+06
66 1.73367e+07
50 1.13628e+07
41 8.37274e+06
63 1.62045e+07
36 7.00808e+06
48 1.10717e+07
61 1.56082e+07
68 1.81904e+07
30 5.09415e+06
33 5.79378e+06
33 5.79378e+06
46 1.01598e+07
60 1.51508e+07
35 6.16404e+06
24 4.75081e+06
58 1.44676e+07
47 1.0243e+07
22 3.63537e+06
39 7.84175e+06
59 1.4545e+07
64 1.67634e+07
64 1.67634e+07
38 7.45413e+06
37 7.38484e+06
27 4.99167e+06
34 5.8387e+06
25 4.92979e+06
32 5.70039e+06
40 8.21303e+06
40 8.21303e+06
40 8.21303e+06
27 4.99167e+06
41 8.37274e+06
41 8.37274e+06
Thế hệ thứ: 43
41 8.37274e+06
41 8.37274e+06
53 1.19946e+07
23 3.86311e+06
69 1.83334e+07
42 8.79346e+06
55 1.42097e+07
26 4.98415e+06
20 3.30296e+06
43 9.64824e+06
54 1.28136e+07
66 1.73367e+07
50 1.13628e+07
63 1.62045e+07
36 7.00808e+06
48 1.10717e+07
61 1.56082e+07
68 1.81904e+07
30 5.09415e+06
33 5.79378e+06
33 5.79378e+06
46 1.01598e+07
60 1.51508e+07
35 6.16404e+06
24 4.75081e+06
58 1.44676e+07
47 1.0243e+07
22 3.63537e+06
39 7.84175e+06
59 1.4545e+07
64 1.67634e+07
64 1.67634e+07
38 7.45413e+06
37 7.38484e+06
27 4.99167e+06
34 5.8387e+06
25 4.92979e+06
32 5.70039e+06
40 8.21303e+06
40 8.21303e+06
40 8.21303e+06
41 8.37274e+06
27 4.99167e+06
31 5.54755e+06
Thế hệ thứ: 44
41 8.37274e+06
41 8.37274e+06
53 1.19946e+07
23 3.86311e+06
69 1.83334e+07
42 8.79346e+06
26 4.98415e+06
55 1.42097e+07
20 3.30296e+06
43 9.64824e+06
54 1.28136e+07
66 1.73367e+07
50 1.13628e+07
63 1.62045e+07
36 7.00808e+06
48 1.10717e+07
61 1.56082e+07
68 1.81904e+07
33 5.79378e+06
33 5.79378e+06
46 1.01598e+07
60 1.51508e+07
35 6.16404e+06
30 5.09415e+06
58 1.44676e+07
47 1.0243e+07
22 3.63537e+06
39 7.84175e+06
59 1.4545e+07
31 5.54755e+06
64 1.67634e+07
64 1.67634e+07
38 7.45413e+06
37 7.38484e+06
27 4.99167e+06
34 5.8387e+06
32 5.70039e+06
25 4.92979e+06
41 8.37274e+06
40 8.21303e+06
40 8.21303e+06
40 8.21303e+06
27 4.99167e+06
24 4.67038e+06
57 1.43112e+07
Thế hệ thứ: 45
41 8.37274e+06
41 8.37274e+06
53 1.19946e+07
23 3.86311e+06
69 1.83334e+07
42 8.79346e+06
26 4.98415e+06
55 1.42097e+07
20 3.30296e+06
54 1.28136e+07
66 1.73367e+07
50 1.13628e+07
63 1.62045e+07
36 7.00808e+06
48 1.10717e+07
61 1.56082e+07
68 1.81904e+07
33 5.79378e+06
33 5.79378e+06
46 1.01598e+07
60 1.51508e+07
35 6.16404e+06
30 5.09415e+06
41 8.37274e+06
24 4.67038e+06
47 1.0243e+07
22 3.63537e+06
39 7.84175e+06
59 1.4545e+07
57 1.43112e+07
64 1.67634e+07
64 1.67634e+07
38 7.45413e+06
37 7.38484e+06
27 4.99167e+06
34 5.8387e+06
25 4.92979e+06
32 5.70039e+06
58 1.44676e+07
40 8.21303e+06
40 8.21303e+06
40 8.21303e+06
27 4.99167e+06
44 9.0744e+06
31 5.54718e+06
Thế hệ thứ: 46
41 8.37274e+06
41 8.37274e+06
53 1.19946e+07
69 1.83334e+07
42 8.79346e+06
23 3.86311e+06
26 4.98415e+06
55 1.42097e+07
44 9.0744e+06
20 3.30296e+06
54 1.28136e+07
66 1.73367e+07
50 1.13628e+07
33 5.79378e+06
33 5.79378e+06
46 1.01598e+07
63 1.62045e+07
36 7.00808e+06
48 1.10717e+07
61 1.56082e+07
68 1.81904e+07
60 1.51508e+07
35 6.16404e+06
30 5.09415e+06
41 8.37274e+06
24 4.67038e+06
47 1.0243e+07
22 3.63537e+06
39 7.84175e+06
59 1.4545e+07
58 1.44676e+07
31 5.54718e+06
64 1.67634e+07
64 1.67634e+07
57 1.43112e+07
38 7.45413e+06
37 7.38484e+06
27 4.99167e+06
34 5.8387e+06
25 4.92979e+06
32 5.70039e+06
40 8.21303e+06
40 8.21303e+06
40 8.21303e+06
27 4.99167e+06
Thế hệ thứ: 47
41 8.37274e+06
41 8.37274e+06
53 1.19946e+07
69 1.83334e+07
42 8.79346e+06
23 3.86311e+06
26 4.98415e+06
55 1.42097e+07
44 9.0744e+06
20 3.30296e+06
54 1.28136e+07
66 1.73367e+07
50 1.13628e+07
33 5.79378e+06
33 5.79378e+06
46 1.01598e+07
63 1.62045e+07
48 1.10717e+07
61 1.56082e+07
68 1.81904e+07
60 1.51508e+07
35 6.16404e+06
30 5.09415e+06
41 8.37274e+06
24 4.67038e+06
47 1.0243e+07
22 3.63537e+06
39 7.84175e+06
39 7.84175e+06
59 1.4545e+07
58 1.44676e+07
31 5.54718e+06
64 1.67634e+07
64 1.67634e+07
57 1.43112e+07
38 7.45413e+06
37 7.38484e+06
27 4.99167e+06
34 5.8387e+06
25 4.92979e+06
32 5.70039e+06
40 8.21303e+06
40 8.21303e+06
40 8.21303e+06
27 4.99167e+06
36 6.36987e+06
36 6.36987e+06
Thế hệ thứ: 48
41 8.37274e+06
41 8.37274e+06
53 1.19946e+07
69 1.83334e+07
42 8.79346e+06
23 3.86311e+06
55 1.42097e+07
44 9.0744e+06
20 3.30296e+06
54 1.28136e+07
66 1.73367e+07
50 1.13628e+07
33 5.79378e+06
33 5.79378e+06
46 1.01598e+07
63 1.62045e+07
61 1.56082e+07
68 1.81904e+07
30 5.09415e+06
37 7.38484e+06
41 8.37274e+06
24 4.67038e+06
35 6.16404e+06
60 1.51508e+07
47 1.0243e+07
22 3.63537e+06
36 6.36987e+06
36 6.36987e+06
59 1.4545e+07
58 1.44676e+07
31 5.54718e+06
64 1.67634e+07
64 1.67634e+07
57 1.43112e+07
38 7.45413e+06
27 4.99167e+06
34 5.8387e+06
25 4.92979e+06
32 5.70039e+06
39 7.84175e+06
39 7.84175e+06
40 8.21303e+06
40 8.21303e+06
40 8.21303e+06
27 4.99167e+06
45 1.01281e+07
56 1.42463e+07
26 4.95706e+06
48 1.03617e+07
Thế hệ thứ: 49
41 8.37274e+06
41 8.37274e+06
53 1.19946e+07
69 1.83334e+07
42 8.79346e+06
23 3.86311e+06
44 9.0744e+06
20 3.30296e+06
50 1.13628e+07
54 1.28136e+07
66 1.73367e+07
63 1.62045e+07
55 1.42097e+07
48 1.03617e+07
61 1.56082e+07
68 1.81904e+07
30 5.09415e+06
45 1.01281e+07
37 7.38484e+06
41 8.37274e+06
24 4.67038e+06
35 6.16404e+06
35 6.16404e+06
60 1.51508e+07
22 3.63537e+06
36 6.36987e+06
36 6.36987e+06
59 1.4545e+07
58 1.44676e+07
31 5.54718e+06
64 1.67634e+07
64 1.67634e+07
38 7.45413e+06
27 4.99167e+06
34 5.8387e+06
25 4.92979e+06
32 5.70039e+06
57 1.43112e+07
47 1.0243e+07
33 5.79378e+06
33 5.79378e+06
46 1.01598e+07
40 8.21303e+06
40 8.21303e+06
40 8.21303e+06
56 1.42463e+07
39 7.84175e+06
39 7.84175e+06
26 4.95706e+06
27 4.99167e+06
