Thế hệ thứ: 0
155 7.55648e+06
179 1.02945e+07
162 7.85185e+06
157 7.76449e+06
191 1.4009e+07
149 6.81423e+06
198 1.43032e+07
178 9.74601e+06
154 6.93974e+06
182 1.04231e+07
187 1.2383e+07
127 5.95673e+06
199 1.68782e+07
163 9.37313e+06
188 1.30894e+07
113 5.69804e+06
Thế hệ thứ: 1
155 7.55648e+06
113 5.69804e+06
188 1.30894e+07
127 5.95673e+06
187 1.2383e+07
179 1.02945e+07
162 7.85185e+06
157 7.76449e+06
149 6.81423e+06
182 1.04231e+07
154 6.93974e+06
178 9.74601e+06
71 5.56853e+06
175 8.24062e+06
69 5.47411e+06
66 4.24165e+06
200 1.3925e+07
173 7.96498e+06
183 1.15199e+07
45 4.01206e+06
Thế hệ thứ: 2
179 1.02945e+07
162 7.85185e+06
178 9.74601e+06
43 3.64862e+06
157 7.76449e+06
155 7.55648e+06
149 6.81423e+06
154 6.93974e+06
45 4.01206e+06
182 1.04231e+07
175 8.24062e+06
66 4.24165e+06
67 4.25179e+06
187 1.12578e+07
200 1.3925e+07
173 7.96498e+06
129 5.54544e+06
194 1.30716e+07
121 4.73858e+06
176 9.53553e+06
Thế hệ thứ: 3
129 5.54544e+06
154 6.93974e+06
173 7.96498e+06
194 1.30716e+07
179 1.02945e+07
162 7.85185e+06
121 4.73858e+06
182 1.04231e+07
175 8.24062e+06
187 1.12578e+07
66 4.24165e+06
67 4.25179e+06
178 9.74601e+06
157 7.76449e+06
176 9.53553e+06
155 7.55648e+06
45 3.62522e+06
200 1.3925e+07
149 6.81423e+06
46 3.6714e+06
39 3.45418e+06
189 1.18231e+07
68 4.42517e+06
92 4.61867e+06
Thế hệ thứ: 4
154 6.93974e+06
129 5.54544e+06
162 7.85185e+06
173 7.96498e+06
200 1.3925e+07
149 6.81423e+06
39 3.45418e+06
46 3.58398e+06
90 4.41443e+06
121 4.73858e+06
47 3.67049e+06
175 8.24062e+06
66 4.24165e+06
67 4.25179e+06
92 4.61867e+06
178 9.74601e+06
124 5.17283e+06
194 1.0502e+07
158 7.35672e+06
176 8.58888e+06
187 1.02264e+07
Thế hệ thứ: 5
46 3.58398e+06
129 5.54544e+06
154 6.93974e+06
39 3.45418e+06
175 8.24062e+06
158 7.35672e+06
194 1.0502e+07
47 3.67049e+06
187 1.02264e+07
162 7.85185e+06
121 4.73858e+06
173 7.96498e+06
176 8.58888e+06
200 1.3925e+07
124 5.17283e+06
178 9.74601e+06
149 6.81423e+06
58 3.93858e+06
177 9.43588e+06
94 4.10119e+06
Thế hệ thứ: 6
194 1.0502e+07
176 8.58888e+06
94 4.10119e+06
154 6.93974e+06
129 5.54544e+06
46 3.58398e+06
124 5.17283e+06
121 4.73858e+06
177 9.43588e+06
39 3.45418e+06
175 8.24062e+06
187 1.02264e+07
47 3.67049e+06
178 9.74601e+06
58 3.93858e+06
142 6.45859e+06
141 6.27268e+06
149 6.81423e+06
200 1.3925e+07
173 7.19913e+06
143 6.69792e+06
Thế hệ thứ: 7
194 1.0502e+07
175 8.24062e+06
141 6.27268e+06
142 6.45859e+06
187 1.02264e+07
94 4.10119e+06
176 8.58888e+06
200 1.3925e+07
178 9.74601e+06
124 5.17283e+06
173 7.19913e+06
121 4.73858e+06
177 9.43588e+06
49 3.33448e+06
166 6.66991e+06
130 5.19282e+06
73 3.82104e+06
Thế hệ thứ: 8
194 1.0502e+07
175 8.24062e+06
124 5.17283e+06
173 7.19913e+06
142 6.45859e+06
141 6.27268e+06
187 1.02264e+07
176 8.58888e+06
94 4.10119e+06
178 9.74601e+06
49 3.33448e+06
166 6.66991e+06
121 4.73858e+06
177 9.43588e+06
73 3.82104e+06
130 5.19282e+06
170 6.94187e+06
200 1.38808e+07
Thế hệ thứ: 9
194 1.0502e+07
177 9.43588e+06
175 8.24062e+06
173 7.19913e+06
124 5.17283e+06
200 1.38808e+07
141 6.27268e+06
142 6.45859e+06
73 3.82104e+06
130 5.19282e+06
170 6.94187e+06
94 4.10119e+06
176 8.58888e+06
178 9.74601e+06
121 4.73858e+06
49 3.33448e+06
166 6.66991e+06
51 3.50132e+06
133 5.6951e+06
191 1.02097e+07
Thế hệ thứ: 10
194 1.0502e+07
177 9.43588e+06
175 8.24062e+06
170 6.94187e+06
178 9.74601e+06
133 5.6951e+06
94 4.10119e+06
176 8.58888e+06
173 7.19913e+06
124 5.17283e+06
51 3.50132e+06
200 1.38808e+07
141 6.27268e+06
142 6.45859e+06
191 1.02097e+07
73 3.82104e+06
130 5.19282e+06
121 4.73858e+06
49 3.33448e+06
166 6.66991e+06
132 5.56339e+06
198 1.16085e+07
Thế hệ thứ: 11
194 1.0502e+07
170 6.94187e+06
49 3.33448e+06
166 6.66991e+06
133 5.6951e+06
130 5.19282e+06
94 4.10119e+06
173 7.19913e+06
124 5.17283e+06
132 5.56339e+06
184 9.86179e+06
121 4.73858e+06
200 1.38808e+07
198 1.16085e+07
191 1.02097e+07
73 3.82104e+06
179 7.40451e+06
54 3.49349e+06
199 1.38629e+07
155 6.12492e+06
Thế hệ thứ: 12
198 1.16085e+07
130 5.19282e+06
199 1.38629e+07
194 1.0502e+07
121 4.73858e+06
166 6.66991e+06
49 3.33448e+06
54 3.49349e+06
170 6.94187e+06
191 1.02097e+07
73 3.82104e+06
133 5.6951e+06
200 1.38808e+07
179 7.40451e+06
155 6.12492e+06
94 4.10119e+06
173 7.19913e+06
124 5.17283e+06
132 5.56339e+06
185 9.24478e+06
42 3.30366e+06
Thế hệ thứ: 13
198 1.16085e+07
130 5.19282e+06
73 3.82104e+06
54 3.49349e+06
170 6.94187e+06
166 6.66991e+06
179 7.40451e+06
191 1.02097e+07
194 1.0502e+07
133 5.6951e+06
121 4.73858e+06
50 3.34764e+06
155 6.12492e+06
94 4.10119e+06
173 7.19913e+06
124 5.17283e+06
132 5.56339e+06
185 9.24478e+06
42 3.30366e+06
160 6.30022e+06
106 4.63609e+06
53 3.37829e+06
200 1.24446e+07
49 3.3123e+06
Thế hệ thứ: 14
53 3.37829e+06
170 6.94187e+06
54 3.49349e+06
73 3.82104e+06
49 3.3123e+06
124 5.17283e+06
200 1.24446e+07
130 5.19282e+06
198 1.16085e+07
166 6.66991e+06
179 7.40451e+06
173 7.19913e+06
42 3.30366e+06
194 1.0502e+07
160 6.30022e+06
121 4.73858e+06
106 4.63609e+06
50 3.34764e+06
155 6.12492e+06
94 4.10119e+06
181 8.77056e+06
191 9.21981e+06
55 3.52088e+06
133 5.52227e+06
Thế hệ thứ: 15
42 3.30366e+06
191 9.21981e+06
194 1.0502e+07
73 3.82104e+06
53 3.37829e+06
170 6.94187e+06
54 3.49349e+06
181 8.77056e+06
133 5.52227e+06
49 3.3123e+06
124 5.17283e+06
50 3.34764e+06
155 6.12492e+06
55 3.52088e+06
200 1.24446e+07
130 5.19282e+06
160 6.30022e+06
94 4.10119e+06
198 1.16085e+07
121 4.73858e+06
106 4.63609e+06
166 6.66991e+06
179 7.40451e+06
173 7.19913e+06
101 4.43304e+06
Thế hệ thứ: 16
54 3.49349e+06
170 6.94187e+06
53 3.37829e+06
73 3.82104e+06
49 3.3123e+06
133 5.52227e+06
106 4.63609e+06
194 1.0502e+07
101 4.43304e+06
191 9.21981e+06
198 1.16085e+07
181 8.77056e+06
94 4.10119e+06
124 5.17283e+06
121 4.73858e+06
166 6.66991e+06
50 3.34764e+06
155 6.12492e+06
200 1.24446e+07
55 3.52088e+06
130 5.19282e+06
179 7.40451e+06
160 6.30022e+06
173 7.19913e+06
85 3.9674e+06
42 3.28063e+06
72 3.68702e+06
Thế hệ thứ: 17
101 4.43304e+06
133 5.52227e+06
73 3.82104e+06
54 3.49349e+06
170 6.94187e+06
53 3.37829e+06
106 4.63609e+06
72 3.68702e+06
194 1.0502e+07
155 6.12492e+06
55 3.52088e+06
200 1.24446e+07
130 5.19282e+06
179 7.40451e+06
198 1.16085e+07
160 6.30022e+06
181 8.77056e+06
94 4.10119e+06
121 4.73858e+06
166 6.66991e+06
173 7.19913e+06
85 3.9674e+06
125 5.12451e+06
192 8.95871e+06
52 3.25353e+06
Thế hệ thứ: 18
101 4.43304e+06
130 5.19282e+06
170 6.94187e+06
84 3.90513e+06
73 3.82104e+06
133 5.52227e+06
173 7.19913e+06
179 7.40451e+06
52 3.25353e+06
198 1.16085e+07
106 4.63609e+06
160 6.30022e+06
72 3.68702e+06
194 1.0502e+07
94 4.10119e+06
85 3.9674e+06
121 4.73858e+06
155 6.12492e+06
166 6.66991e+06
200 1.24446e+07
55 3.52088e+06
183 7.84151e+06
125 5.12451e+06
192 8.95871e+06
54 3.34843e+06
135 5.61236e+06
193 1.03936e+07
162 6.64133e+06
Thế hệ thứ: 19
79 3.604e+06
101 4.43304e+06
94 4.10119e+06
121 4.73858e+06
85 3.9674e+06
54 3.34843e+06
135 5.61236e+06
130 5.19282e+06
155 6.12492e+06
170 6.94187e+06
183 7.84151e+06
125 5.12451e+06
84 3.90513e+06
166 6.66991e+06
133 5.52227e+06
173 7.19913e+06
179 7.40451e+06
162 6.64133e+06
192 8.95871e+06
52 3.25353e+06
55 3.52088e+06
200 1.24446e+07
198 1.16085e+07
106 4.63609e+06
160 6.30022e+06
193 1.03936e+07
194 1.0502e+07
51 3.25256e+06
114 4.69249e+06
Thế hệ thứ: 20
130 5.19282e+06
162 6.64133e+06
101 4.43304e+06
79 3.604e+06
94 4.10119e+06
121 4.73858e+06
173 7.19913e+06
114 4.69249e+06
133 5.52227e+06
85 3.9674e+06
125 5.12451e+06
183 7.84151e+06
186 8.95828e+06
135 5.61236e+06
54 3.34843e+06
155 6.12492e+06
193 1.03936e+07
179 7.40451e+06
84 3.90513e+06
192 8.95871e+06
166 6.66991e+06
170 6.94187e+06
52 3.25353e+06
51 3.25256e+06
194 1.0502e+07
200 1.24446e+07
55 3.52088e+06
198 1.16085e+07
106 4.63609e+06
160 6.30022e+06
49 3.24362e+06
86 4.01675e+06
Thế hệ thứ: 21
200 1.24446e+07
55 3.52088e+06
166 6.66991e+06
49 3.24362e+06
130 5.19282e+06
162 6.64133e+06
79 3.604e+06
101 4.43304e+06
94 4.10119e+06
102 4.50075e+06
121 4.73858e+06
106 4.63609e+06
173 7.19913e+06
160 6.30022e+06
133 5.52227e+06
114 4.69249e+06
170 6.94187e+06
52 3.25353e+06
85 3.9674e+06
51 3.25256e+06
194 1.0502e+07
183 7.84151e+06
125 5.12451e+06
135 5.61236e+06
54 3.34843e+06
186 8.95828e+06
198 1.16085e+07
155 6.12492e+06
193 1.03936e+07
86 4.01675e+06
179 7.40451e+06
84 3.90513e+06
192 8.95871e+06
171 6.94406e+06
Thế hệ thứ: 22
166 6.66991e+06
200 1.24446e+07
55 3.52088e+06
186 8.95828e+06
135 5.61236e+06
54 3.34843e+06
130 5.19282e+06
49 3.24362e+06
162 6.64133e+06
86 4.01675e+06
79 3.604e+06
101 4.43304e+06
94 4.10119e+06
121 4.73858e+06
102 4.50075e+06
106 4.63609e+06
173 7.19913e+06
160 6.30022e+06
179 7.40451e+06
114 4.69249e+06
133 5.52227e+06
198 1.16085e+07
84 3.90513e+06
155 6.12492e+06
170 6.94187e+06
52 3.25353e+06
192 8.95871e+06
85 3.9674e+06
51 3.25256e+06
194 1.0502e+07
171 6.94406e+06
193 1.03936e+07
125 5.12451e+06
183 7.84151e+06
Thế hệ thứ: 23
162 6.64133e+06
170 6.94187e+06
55 3.52088e+06
166 6.66991e+06
54 3.34843e+06
186 8.95828e+06
135 5.61236e+06
183 7.84151e+06
125 5.12451e+06
130 5.19282e+06
49 3.24362e+06
133 5.52227e+06
114 4.69249e+06
160 6.30022e+06
86 4.01675e+06
155 6.12492e+06
79 3.604e+06
101 4.43304e+06
94 4.10119e+06
102 4.50075e+06
121 4.73858e+06
106 4.63609e+06
84 3.90513e+06
173 7.19913e+06
179 7.40451e+06
192 8.95871e+06
85 3.9674e+06
51 3.25256e+06
194 1.0502e+07
171 6.94406e+06
193 1.03936e+07
146 6.09107e+06
52 3.2526e+06
134 5.60265e+06
200 1.13588e+07
Thế hệ thứ: 24
186 8.95828e+06
54 3.34843e+06
135 5.61236e+06
162 6.64133e+06
106 4.63609e+06
193 1.03936e+07
192 8.95871e+06
170 6.94187e+06
84 3.90513e+06
52 3.2526e+06
51 3.25256e+06
194 1.0502e+07
55 3.52088e+06
166 6.66991e+06
155 6.12492e+06
125 5.12451e+06
183 7.84151e+06
173 7.19913e+06
171 6.94406e+06
130 5.19282e+06
87 4.07757e+06
200 1.13588e+07
49 3.24362e+06
179 7.40451e+06
114 4.69249e+06
160 6.30022e+06
86 4.01675e+06
85 3.9674e+06
79 3.604e+06
101 4.43304e+06
134 5.60265e+06
94 4.10119e+06
121 4.73858e+06
102 4.50075e+06
146 6.09107e+06
133 5.28768e+06
Thế hệ thứ: 25
186 8.95828e+06
54 3.34843e+06
135 5.61236e+06
149 5.77939e+06
160 6.30022e+06
106 4.63609e+06
162 6.64133e+06
193 1.03936e+07
192 8.95871e+06
86 4.01675e+06
85 3.9674e+06
102 4.50075e+06
121 4.73858e+06
84 3.90513e+06
194 1.0502e+07
51 3.25256e+06
180 6.66751e+06
52 3.2526e+06
133 5.28768e+06
55 3.52088e+06
155 6.12492e+06
79 3.604e+06
101 4.43304e+06
125 5.12451e+06
183 7.84151e+06
130 5.19282e+06
49 3.24362e+06
200 1.13588e+07
87 4.07757e+06
114 4.69249e+06
134 5.60265e+06
94 4.10119e+06
Thế hệ thứ: 26
186 8.95828e+06
54 3.34843e+06
149 5.77939e+06
160 6.30022e+06
106 4.63609e+06
55 3.52088e+06
101 4.43304e+06
79 3.604e+06
162 6.64133e+06
193 1.03936e+07
76 3.54967e+06
94 4.10119e+06
192 8.95871e+06
114 4.69249e+06
86 4.01675e+06
85 3.9674e+06
121 4.73858e+06
102 4.50075e+06
200 1.13588e+07
87 4.07757e+06
49 3.24362e+06
125 5.12451e+06
183 7.84151e+06
155 6.12492e+06
84 3.90513e+06
180 6.66751e+06
52 3.2526e+06
51 3.25256e+06
194 1.0502e+07
130 5.19282e+06
153 5.92199e+06
93 4.10073e+06
47 3.23393e+06
135 5.28465e+06
Thế hệ thứ: 27
54 3.34843e+06
130 5.19282e+06
125 5.12451e+06
149 5.77939e+06
160 6.30022e+06
106 4.63609e+06
55 3.52088e+06
94 4.10119e+06
76 3.54967e+06
93 4.10073e+06
153 5.92199e+06
155 6.12492e+06
135 5.28465e+06
101 4.43304e+06
79 3.604e+06
47 3.23393e+06
162 6.64133e+06
193 1.03936e+07
84 3.90513e+06
192 8.95871e+06
194 1.0502e+07
51 3.25256e+06
180 6.66751e+06
52 3.2526e+06
114 4.69249e+06
86 4.01675e+06
85 3.9674e+06
102 4.50075e+06
121 4.73858e+06
49 3.24362e+06
87 4.07757e+06
200 1.13588e+07
188 8.86458e+06
183 7.02349e+06
Thế hệ thứ: 28
135 5.28465e+06
193 1.03936e+07
84 3.90513e+06
54 3.34843e+06
125 5.12451e+06
130 5.19282e+06
192 8.95871e+06
180 6.66751e+06
52 3.2526e+06
51 3.25256e+06
194 1.0502e+07
160 6.30022e+06
149 5.77939e+06
106 4.63609e+06
87 4.07757e+06
200 1.13588e+07
49 3.24362e+06
114 4.69249e+06
86 4.01675e+06
85 3.9674e+06
93 4.10073e+06
76 3.54967e+06
94 4.10119e+06
153 5.92199e+06
155 6.12492e+06
121 4.73858e+06
102 4.50075e+06
101 4.43304e+06
79 3.604e+06
47 3.23393e+06
188 8.86458e+06
162 6.64133e+06
183 7.02349e+06
75 3.4278e+06
124 4.96617e+06
Thế hệ thứ: 29
130 5.19282e+06
75 3.4278e+06
135 5.28465e+06
93 4.10073e+06
76 3.54967e+06
94 4.10119e+06
193 1.03936e+07
84 3.90513e+06
54 3.34843e+06
153 5.92199e+06
155 6.12492e+06
125 5.12451e+06
114 4.69249e+06
192 8.95871e+06
194 1.0502e+07
51 3.25256e+06
180 6.66751e+06
52 3.2526e+06
149 5.77939e+06
160 6.30022e+06
106 4.63609e+06
49 3.24362e+06
97 4.39866e+06
200 1.13588e+07
87 4.07757e+06
183 7.02349e+06
86 4.01675e+06
188 8.86458e+06
102 4.50075e+06
121 4.73858e+06
79 3.604e+06
101 4.43304e+06
47 3.23393e+06
162 6.64133e+06
85 3.9674e+06
124 4.96617e+06
111 4.69025e+06
Thế hệ thứ: 30
130 5.19282e+06
183 7.02349e+06
135 5.28465e+06
75 3.4278e+06
86 4.01675e+06
94 4.10119e+06
93 4.10073e+06
76 3.54967e+06
188 8.86458e+06
193 1.03936e+07
84 3.90513e+06
114 4.69249e+06
121 4.73858e+06
102 4.50075e+06
54 3.34843e+06
153 5.92199e+06
155 6.12492e+06
79 3.604e+06
101 4.43304e+06
47 3.23393e+06
85 3.9674e+06
124 4.96617e+06
125 5.12451e+06
111 4.69025e+06
192 8.95871e+06
180 6.66751e+06
52 3.2526e+06
51 3.25256e+06
194 1.0502e+07
160 6.30022e+06
149 5.77939e+06
106 4.63609e+06
200 1.13588e+07
49 3.24362e+06
97 4.39866e+06
170 6.49843e+06
53 3.30834e+06
90 4.02722e+06
139 5.42621e+06
Thế hệ thứ: 31
93 4.10073e+06
94 4.10119e+06
76 3.54967e+06
111 4.69025e+06
130 5.19282e+06
192 8.95871e+06
183 7.02349e+06
75 3.4278e+06
135 5.28465e+06
139 5.42621e+06
86 4.01675e+06
194 1.0502e+07
51 3.25256e+06
180 6.66751e+06
52 3.2526e+06
188 8.86458e+06
193 1.03936e+07
84 3.90513e+06
90 4.02722e+06
114 4.69249e+06
53 3.30834e+06
102 4.50075e+06
121 4.73858e+06
54 3.34843e+06
170 6.49843e+06
153 5.92199e+06
155 6.12492e+06
79 3.604e+06
101 4.43304e+06
47 3.23393e+06
160 6.30022e+06
149 5.77939e+06
200 1.13588e+07
97 4.39866e+06
49 3.24362e+06
85 3.9674e+06
124 4.96617e+06
106 4.63609e+06
125 5.12451e+06
Thế hệ thứ: 32
93 4.10073e+06
94 4.10119e+06
76 3.54967e+06
111 4.69025e+06
130 5.19282e+06
126 5.11595e+06
183 7.02349e+06
192 8.95871e+06
75 3.4278e+06
97 4.39866e+06
49 3.24362e+06
200 1.13588e+07
135 5.28465e+06
139 5.42621e+06
86 4.01675e+06
180 6.66751e+06
52 3.2526e+06
51 3.25256e+06
194 1.0502e+07
188 8.86458e+06
193 1.03936e+07
84 3.90513e+06
90 4.02722e+06
114 4.69249e+06
53 3.30834e+06
102 4.50075e+06
121 4.73858e+06
85 3.9674e+06
54 3.34843e+06
170 6.49843e+06
153 5.92199e+06
155 6.12492e+06
47 3.23393e+06
79 3.604e+06
101 4.43304e+06
106 4.63609e+06
149 5.77939e+06
160 6.30022e+06
124 4.96617e+06
115 4.71419e+06
140 5.67077e+06
Thế hệ thứ: 33
93 4.10073e+06
94 4.10119e+06
76 3.54967e+06
111 4.69025e+06
149 5.77939e+06
160 6.30022e+06
153 5.92199e+06
130 5.19282e+06
183 7.02349e+06
126 5.11595e+06
192 8.95871e+06
75 3.4278e+06
155 6.12492e+06
200 1.13588e+07
97 4.39866e+06
49 3.24362e+06
54 3.34843e+06
135 5.28465e+06
106 4.63609e+06
139 5.42621e+06
47 3.23393e+06
101 4.43304e+06
79 3.604e+06
86 4.01675e+06
194 1.0502e+07
51 3.25256e+06
180 6.66751e+06
52 3.2526e+06
188 8.86458e+06
193 1.03936e+07
113 4.69248e+06
84 3.90513e+06
90 4.02722e+06
170 6.49843e+06
114 4.69249e+06
53 3.30834e+06
102 4.50075e+06
121 4.73858e+06
85 3.9674e+06
124 4.96617e+06
115 4.71419e+06
140 5.67077e+06
195 1.06283e+07
Thế hệ thứ: 34
76 3.54967e+06
93 4.10073e+06
94 4.10119e+06
111 4.69025e+06
153 5.92199e+06
149 5.77939e+06
160 6.30022e+06
90 4.02722e+06
195 1.06283e+07
170 6.49843e+06
130 5.19282e+06
126 5.11595e+06
183 7.02349e+06
192 8.95871e+06
75 3.4278e+06
155 6.12492e+06
97 4.39866e+06
200 1.13588e+07
85 3.9674e+06
114 4.69249e+06
54 3.34843e+06
135 5.28465e+06
53 3.30834e+06
106 4.63609e+06
121 4.73858e+06
102 4.50075e+06
139 5.42621e+06
101 4.43304e+06
79 3.604e+06
86 4.01675e+06
180 6.66751e+06
194 1.0502e+07
140 5.67077e+06
188 8.86458e+06
193 1.03936e+07
84 3.90513e+06
113 4.69248e+06
115 4.71419e+06
124 4.96617e+06
52 3.22823e+06
Thế hệ thứ: 35
76 3.54967e+06
93 4.10073e+06
94 4.10119e+06
115 4.71419e+06
111 4.69025e+06
149 5.77939e+06
160 6.30022e+06
153 5.92199e+06
90 4.02722e+06
195 1.06283e+07
52 3.22823e+06
170 6.49843e+06
180 6.66751e+06
194 1.0502e+07
130 5.19282e+06
84 3.90513e+06
113 4.69248e+06
101 4.43304e+06
79 3.604e+06
183 7.02349e+06
126 5.11595e+06
192 8.95871e+06
75 3.4278e+06
155 6.12492e+06
200 1.13588e+07
97 4.39866e+06
140 5.67077e+06
85 3.9674e+06
114 4.69249e+06
193 1.03936e+07
86 4.01675e+06
54 3.34843e+06
135 5.28465e+06
53 3.30834e+06
106 4.63609e+06
102 4.50075e+06
121 4.73858e+06
139 5.42621e+06
188 8.86458e+06
124 4.96617e+06
78 3.57682e+06
161 6.46592e+06
Thế hệ thứ: 36
76 3.54967e+06
93 4.10073e+06
94 4.10119e+06
114 4.69249e+06
115 4.71419e+06
111 4.69025e+06
149 5.77939e+06
160 6.30022e+06
153 5.92199e+06
90 4.02722e+06
195 1.06283e+07
170 6.49843e+06
52 3.22823e+06
161 6.46592e+06
193 1.03936e+07
180 6.66751e+06
194 1.0502e+07
86 4.01675e+06
78 3.57682e+06
124 4.96617e+06
130 5.19282e+06
84 3.90513e+06
113 4.69248e+06
135 5.28465e+06
53 3.30834e+06
126 5.11595e+06
183 7.02349e+06
192 8.95871e+06
75 3.4278e+06
155 6.12492e+06
200 1.13588e+07
54 3.34843e+06
188 8.86458e+06
139 5.42621e+06
121 4.73858e+06
140 5.67077e+06
85 3.9674e+06
79 3.59271e+06
116 4.71922e+06
106 4.22982e+06
173 6.50758e+06
Thế hệ thứ: 37
153 5.92199e+06
76 3.54967e+06
93 4.10073e+06
94 4.10119e+06
155 6.12492e+06
115 4.71419e+06
114 4.69249e+06
200 1.13588e+07
111 4.69025e+06
160 6.30022e+06
149 5.77939e+06
79 3.59271e+06
78 3.57682e+06
90 4.02722e+06
195 1.06283e+07
52 3.22823e+06
170 6.49843e+06
161 6.46592e+06
193 1.03936e+07
180 6.66751e+06
194 1.0502e+07
116 4.71922e+06
106 4.22982e+06
86 4.01675e+06
75 3.4278e+06
124 4.96617e+06
130 5.19282e+06
113 4.69248e+06
84 3.90513e+06
54 3.34843e+06
135 5.28465e+06
53 3.30834e+06
188 8.86458e+06
139 5.42621e+06
121 4.73858e+06
140 5.67077e+06
183 7.02349e+06
126 5.11595e+06
85 3.9674e+06
192 8.95871e+06
107 4.24318e+06
173 6.50758e+06
Thế hệ thứ: 38
153 5.92199e+06
54 3.34843e+06
76 3.54967e+06
93 4.10073e+06
94 4.10119e+06
155 6.12492e+06
115 4.71419e+06
173 6.50758e+06
114 4.69249e+06
200 1.13588e+07
107 4.24318e+06
149 5.77939e+06
160 6.30022e+06
79 3.59271e+06
78 3.57682e+06
192 8.95871e+06
90 4.02722e+06
85 3.9674e+06
195 1.06283e+07
170 6.49843e+06
52 3.22823e+06
161 6.46592e+06
193 1.03936e+07
135 5.28465e+06
180 6.66751e+06
194 1.0502e+07
116 4.71922e+06
106 4.22982e+06
86 4.01675e+06
75 3.4278e+06
183 7.02349e+06
126 5.11595e+06
188 8.86458e+06
124 4.96617e+06
139 5.42621e+06
130 5.19282e+06
140 5.67077e+06
121 4.73858e+06
84 3.90513e+06
113 4.69248e+06
112 4.64061e+06
53 3.30159e+06
Thế hệ thứ: 39
153 5.92199e+06
84 3.90513e+06
113 4.69248e+06
112 4.64061e+06
54 3.34843e+06
76 3.54967e+06
93 4.10073e+06
94 4.10119e+06
155 6.12492e+06
188 8.86458e+06
115 4.71419e+06
173 6.50758e+06
114 4.69249e+06
200 1.13588e+07
107 4.24318e+06
124 4.96617e+06
160 6.30022e+06
79 3.59271e+06
78 3.57682e+06
192 8.95871e+06
90 4.02722e+06
139 5.42621e+06
85 3.9674e+06
195 1.06283e+07
52 3.22823e+06
170 6.49843e+06
161 6.46592e+06
193 1.03936e+07
180 6.66751e+06
194 1.0502e+07
53 3.30159e+06
135 5.28465e+06
130 5.19282e+06
140 5.67077e+06
121 4.73858e+06
116 4.71922e+06
106 4.22982e+06
86 4.01675e+06
75 3.4278e+06
126 5.11595e+06
183 7.02349e+06
102 4.18795e+06
149 5.77939e+06
Thế hệ thứ: 40
180 6.66751e+06
194 1.0502e+07
53 3.30159e+06
84 3.90513e+06
113 4.69248e+06
54 3.34843e+06
128 5.13853e+06
112 4.64061e+06
94 4.10119e+06
93 4.10073e+06
135 5.28465e+06
188 8.86458e+06
115 4.71419e+06
86 4.01675e+06
149 5.77939e+06
173 6.50758e+06
114 4.69249e+06
130 5.19282e+06
200 1.13588e+07
107 4.24318e+06
124 4.96617e+06
140 5.67077e+06
160 6.30022e+06
121 4.73858e+06
79 3.59271e+06
116 4.71922e+06
78 3.57682e+06
192 8.95871e+06
106 4.22982e+06
90 4.02722e+06
139 5.42621e+06
85 3.9674e+06
75 3.4278e+06
195 1.06283e+07
183 7.02349e+06
126 5.11595e+06
170 6.49843e+06
52 3.22823e+06
161 6.46592e+06
193 1.03936e+07
102 4.18795e+06
158 5.88356e+06
76 3.49318e+06
Thế hệ thứ: 41
128 5.13853e+06
112 4.64061e+06
106 4.22982e+06
102 4.18795e+06
158 5.88356e+06
180 6.66751e+06
194 1.0502e+07
90 4.02722e+06
113 4.69248e+06
84 3.90513e+06
76 3.49318e+06
86 4.01675e+06
149 5.77939e+06
139 5.42621e+06
85 3.9674e+06
75 3.4278e+06
93 4.10073e+06
94 4.10119e+06
135 5.28465e+06
195 1.06283e+07
188 8.86458e+06
115 4.71419e+06
126 5.11595e+06
183 7.02349e+06
52 3.22823e+06
170 6.49843e+06
173 6.50758e+06
114 4.69249e+06
130 5.19282e+06
200 1.13588e+07
107 4.24318e+06
124 4.96617e+06
140 5.67077e+06
161 6.46592e+06
160 6.30022e+06
121 4.73858e+06
79 3.59271e+06
193 1.03936e+07
116 4.71922e+06
78 3.57682e+06
192 8.95871e+06
54 3.25618e+06
Thế hệ thứ: 42
121 4.73858e+06
128 5.13853e+06
112 4.64061e+06
192 8.95871e+06
106 4.22982e+06
102 4.18795e+06
158 5.88356e+06
180 6.66751e+06
194 1.0502e+07
107 4.24318e+06
124 4.96617e+06
90 4.02722e+06
84 3.90513e+06
113 4.69248e+06
51 3.19111e+06
140 5.67077e+06
76 3.49318e+06
161 6.46592e+06
149 5.77939e+06
86 4.01675e+06
139 5.42621e+06
85 3.9674e+06
78 3.57682e+06
75 3.4278e+06
116 4.71922e+06
160 6.30022e+06
54 3.25618e+06
93 4.10073e+06
94 4.10119e+06
135 5.28465e+06
195 1.06283e+07
188 8.86458e+06
193 1.03936e+07
115 4.71419e+06
183 7.02349e+06
126 5.11595e+06
170 6.49843e+06
52 3.22823e+06
173 6.50758e+06
114 4.69249e+06
130 5.19282e+06
79 3.59271e+06
200 1.13588e+07
Thế hệ thứ: 43
128 5.13853e+06
112 4.64061e+06
121 4.73858e+06
130 5.19282e+06
192 8.95871e+06
106 4.22982e+06
173 6.50758e+06
170 6.49843e+06
52 3.22823e+06
102 4.18795e+06
158 5.88356e+06
180 6.66751e+06
194 1.0502e+07
93 4.10073e+06
94 4.10119e+06
55 3.25678e+06
193 1.03936e+07
107 4.24318e+06
124 4.96617e+06
90 4.02722e+06
84 3.90513e+06
135 5.28465e+06
51 3.19111e+06
140 5.67077e+06
76 3.49318e+06
161 6.46592e+06
86 4.01675e+06
149 5.77939e+06
139 5.42621e+06
183 7.02349e+06
126 5.11595e+06
85 3.9674e+06
78 3.57682e+06
75 3.4278e+06
160 6.30022e+06
54 3.25618e+06
195 1.06283e+07
188 8.86458e+06
79 3.59271e+06
200 1.13588e+07
117 4.66062e+06
Thế hệ thứ: 44
173 6.50758e+06
121 4.73858e+06
128 5.13853e+06
112 4.64061e+06
130 5.19282e+06
192 8.95871e+06
106 4.22982e+06
135 5.28465e+06
149 5.77939e+06
86 4.01675e+06
170 6.49843e+06
102 4.18795e+06
200 1.13588e+07
158 5.88356e+06
85 3.9674e+06
180 6.66751e+06
194 1.0502e+07
140 5.67077e+06
51 3.19111e+06
84 3.90513e+06
107 4.24318e+06
124 4.96617e+06
94 4.10119e+06
93 4.10073e+06
193 1.03936e+07
55 3.25678e+06
90 4.02722e+06
75 3.4278e+06
78 3.57682e+06
76 3.49318e+06
161 6.46592e+06
139 5.42621e+06
126 5.11595e+06
183 7.02349e+06
160 6.30022e+06
195 1.06283e+07
188 8.86458e+06
79 3.59271e+06
117 4.66062e+06
54 3.21369e+06
Thế hệ thứ: 45
149 5.77939e+06
86 4.01675e+06
173 6.50758e+06
128 5.13853e+06
112 4.64061e+06
121 4.73858e+06
161 6.46592e+06
130 5.19282e+06
192 8.95871e+06
90 4.02722e+06
106 4.22982e+06
135 5.28465e+06
194 1.0502e+07
180 6.66751e+06
170 6.49843e+06
79 3.59271e+06
117 4.66062e+06
102 4.18795e+06
200 1.13588e+07
75 3.4278e+06
158 5.88356e+06
85 3.9674e+06
188 8.86458e+06
78 3.57682e+06
195 1.06283e+07
160 6.30022e+06
76 3.49318e+06
54 3.21369e+06
140 5.67077e+06
51 3.19111e+06
84 3.90513e+06
126 5.11595e+06
183 7.02349e+06
107 4.24318e+06
124 4.96617e+06
139 5.42621e+06
93 4.10073e+06
94 4.10119e+06
55 3.25623e+06
193 1.03936e+07
157 5.86017e+06
Thế hệ thứ: 46
149 5.77939e+06
86 4.01675e+06
173 6.50758e+06
121 4.73858e+06
128 5.13853e+06
112 4.64061e+06
161 6.46592e+06
130 5.19282e+06
192 8.95871e+06
90 4.02722e+06
55 3.25623e+06
106 4.22982e+06
135 5.28465e+06
180 6.66751e+06
93 4.10073e+06
94 4.10119e+06
84 3.90513e+06
170 6.49843e+06
54 3.21369e+06
79 3.59271e+06
183 7.02349e+06
126 5.11595e+06
117 4.66062e+06
102 4.18795e+06
200 1.13588e+07
139 5.42621e+06
124 4.96617e+06
75 3.4278e+06
140 5.67077e+06
51 3.19111e+06
158 5.88356e+06
107 4.24318e+06
85 3.9674e+06
188 8.86458e+06
78 3.57682e+06
160 6.30022e+06
76 3.49318e+06
157 5.86017e+06
159 6.27067e+06
108 4.30121e+06
88 4.02476e+06
197 1.01155e+07
Thế hệ thứ: 47
149 5.77939e+06
86 4.01675e+06
173 6.50758e+06
157 5.86017e+06
128 5.13853e+06
112 4.64061e+06
121 4.73858e+06
161 6.46592e+06
130 5.19282e+06
192 8.95871e+06
90 4.02722e+06
55 3.25623e+06
84 3.90513e+06
140 5.67077e+06
51 3.19111e+06
159 6.27067e+06
106 4.22982e+06
135 5.28465e+06
180 6.66751e+06
197 1.01155e+07
108 4.30121e+06
88 4.02476e+06
158 5.88356e+06
94 4.10119e+06
93 4.10073e+06
107 4.24318e+06
170 6.49843e+06
85 3.9674e+06
188 8.86458e+06
54 3.21369e+06
79 3.59271e+06
78 3.57682e+06
126 5.11595e+06
183 7.02349e+06
160 6.30022e+06
117 4.66062e+06
76 3.49318e+06
102 4.18795e+06
200 1.13588e+07
139 5.42621e+06
124 4.96617e+06
75 3.4278e+06
Thế hệ thứ: 48
149 5.77939e+06
86 4.01675e+06
173 6.50758e+06
157 5.86017e+06
121 4.73858e+06
112 4.64061e+06
76 3.49318e+06
102 4.18795e+06
192 8.95871e+06
90 4.02722e+06
54 3.21369e+06
55 3.25623e+06
200 1.13588e+07
79 3.59271e+06
84 3.90513e+06
51 3.19111e+06
140 5.67077e+06
159 6.27067e+06
106 4.22982e+06
139 5.42621e+06
75 3.4278e+06
180 6.66751e+06
108 4.30121e+06
197 1.01155e+07
124 4.96617e+06
78 3.57682e+06
88 4.02476e+06
183 7.02349e+06
158 5.88356e+06
93 4.10073e+06
94 4.10119e+06
107 4.24318e+06
117 4.66062e+06
170 6.49843e+06
85 3.9674e+06
164 6.28273e+06
113 4.64312e+06
191 8.74499e+06
184 8.13644e+06
194 9.66912e+06
135 5.03966e+06
Thế hệ thứ: 49
86 4.01675e+06
78 3.57682e+06
107 4.24318e+06
173 6.50758e+06
121 4.73858e+06
102 4.18795e+06
112 4.64061e+06
76 3.49318e+06
117 4.66062e+06
170 6.49843e+06
85 3.9674e+06
164 6.28273e+06
168 6.44636e+06
113 4.64312e+06
192 8.95871e+06
88 4.02476e+06
189 7.42486e+06
191 8.74499e+06
90 4.02722e+06
183 7.02349e+06
194 9.66912e+06
54 3.21369e+06
93 4.10073e+06
94 4.10119e+06
55 3.25623e+06
200 1.13588e+07
79 3.59271e+06
135 5.03966e+06
84 3.90513e+06
51 3.19111e+06
159 6.27067e+06
106 4.22982e+06
139 5.42621e+06
75 3.4278e+06
180 6.66751e+06
197 1.01155e+07
108 4.30121e+06
124 4.96617e+06
158 5.65292e+06
