Thế hệ thứ: 0
20 2.2045e+06
18 1.73491e+06
19 2.0609e+06
17 1.69185e+06
Thế hệ thứ: 1
20 1.80563e+06
18 1.73491e+06
17 1.69185e+06
Thế hệ thứ: 2
17 1.69185e+06
20 1.80563e+06
18 1.73491e+06
Thế hệ thứ: 3
17 1.69185e+06
20 1.80563e+06
18 1.73491e+06
19 1.76256e+06
Thế hệ thứ: 4
17 1.69185e+06
18 1.73491e+06
19 1.76256e+06
20 1.79884e+06
Thế hệ thứ: 5
18 1.73491e+06
17 1.69185e+06
19 1.76256e+06
20 1.79884e+06
Thế hệ thứ: 6
17 1.69185e+06
18 1.73491e+06
19 1.76256e+06
20 1.79884e+06
Thế hệ thứ: 7
17 1.69185e+06
18 1.73491e+06
19 1.76256e+06
20 1.79884e+06
Thế hệ thứ: 8
17 1.69185e+06
18 1.73491e+06
19 1.76256e+06
20 1.79884e+06
Thế hệ thứ: 9
19 1.76256e+06
17 1.69185e+06
18 1.73491e+06
20 1.79884e+06
Thế hệ thứ: 10
18 1.73491e+06
19 1.76256e+06
17 1.69185e+06
20 1.79884e+06
Thế hệ thứ: 11
18 1.73491e+06
17 1.69185e+06
20 1.79884e+06
19 1.76161e+06
Thế hệ thứ: 12
20 1.79884e+06
17 1.69185e+06
19 1.72997e+06
Thế hệ thứ: 13
20 1.79884e+06
17 1.69185e+06
19 1.72997e+06
Thế hệ thứ: 14
20 1.79884e+06
17 1.69185e+06
19 1.72997e+06
Thế hệ thứ: 15
20 1.79884e+06
17 1.69185e+06
19 1.72997e+06
Thế hệ thứ: 16
20 1.79884e+06
17 1.69185e+06
19 1.72997e+06
18 1.70757e+06
Thế hệ thứ: 17
19 1.72997e+06
20 1.79884e+06
17 1.69185e+06
18 1.70757e+06
Thế hệ thứ: 18
19 1.72997e+06
20 1.79884e+06
17 1.69185e+06
18 1.70757e+06
Thế hệ thứ: 19
19 1.72997e+06
20 1.79884e+06
17 1.69185e+06
18 1.70757e+06
Thế hệ thứ: 20
19 1.72997e+06
20 1.79884e+06
17 1.69185e+06
18 1.70757e+06
Thế hệ thứ: 21
20 1.79884e+06
19 1.72997e+06
17 1.69185e+06
18 1.70757e+06
Thế hệ thứ: 22
17 1.69185e+06
20 1.79884e+06
19 1.72997e+06
18 1.70757e+06
Thế hệ thứ: 23
17 1.69185e+06
20 1.79884e+06
19 1.72997e+06
18 1.70757e+06
Thế hệ thứ: 24
17 1.69185e+06
20 1.79884e+06
19 1.72997e+06
18 1.70757e+06
Thế hệ thứ: 25
17 1.69185e+06
20 1.79884e+06
19 1.72997e+06
18 1.70757e+06
Thế hệ thứ: 26
17 1.69185e+06
20 1.79884e+06
19 1.72997e+06
18 1.70757e+06
Thế hệ thứ: 27
17 1.69185e+06
20 1.79884e+06
19 1.72997e+06
18 1.70757e+06
Thế hệ thứ: 28
17 1.69185e+06
20 1.79884e+06
19 1.72997e+06
18 1.70757e+06
Thế hệ thứ: 29
17 1.69185e+06
20 1.79884e+06
19 1.72997e+06
18 1.70757e+06
