Thế hệ thứ: 0
76 6.66914e+06
115 1.48965e+07
78 8.28443e+06
129 1.82808e+07
74 5.89727e+06
75 6.5145e+06
86 8.91915e+06
113 1.40192e+07
135 1.89479e+07
169 2.57404e+07
143 2.19878e+07
146 2.46168e+07
178 2.78882e+07
112 1.27532e+07
127 1.64577e+07
172 2.74031e+07
Thế hệ thứ: 1
143 2.19878e+07
75 6.5145e+06
113 1.40192e+07
146 2.46168e+07
144 2.45262e+07
112 1.27532e+07
74 5.89727e+06
127 1.64577e+07
78 8.28443e+06
135 1.89479e+07
178 2.78882e+07
76 6.66914e+06
93 1.14095e+07
116 1.43966e+07
130 1.7872e+07
94 1.15451e+07
86 8.85032e+06
59 5.51402e+06
142 2.09561e+07
161 2.47617e+07
175 2.50995e+07
182 3.19368e+07
Thế hệ thứ: 2
113 1.40192e+07
86 8.85032e+06
75 6.5145e+06
130 1.7872e+07
127 1.64577e+07
78 8.28443e+06
112 1.27532e+07
76 6.66914e+06
135 1.89479e+07
74 5.89727e+06
178 2.78882e+07
175 2.50995e+07
182 3.19368e+07
116 1.43966e+07
93 1.14095e+07
92 9.75084e+06
144 2.08131e+07
162 2.27348e+07
138 1.99146e+07
110 1.17888e+07
65 5.30009e+06
99 1.15214e+07
Thế hệ thứ: 3
86 8.85032e+06
138 1.99146e+07
130 1.61187e+07
175 2.50995e+07
75 6.5145e+06
74 5.89727e+06
178 2.78882e+07
95 9.98617e+06
65 5.30009e+06
162 2.27348e+07
182 3.19368e+07
116 1.43966e+07
144 2.08131e+07
92 9.75084e+06
76 6.66914e+06
135 1.89479e+07
113 1.07995e+07
45 5.08474e+06
99 1.02364e+07
68 5.69384e+06
83 8.0299e+06
32 3.98475e+06
171 2.40627e+07
Thế hệ thứ: 4
95 9.98617e+06
65 5.30009e+06
162 2.27348e+07
171 2.40627e+07
45 5.08474e+06
86 8.85032e+06
116 1.43966e+07
130 1.61187e+07
99 1.02364e+07
175 2.50995e+07
76 6.66914e+06
135 1.89479e+07
182 3.19368e+07
68 5.69384e+06
144 2.08131e+07
92 9.75084e+06
113 1.07995e+07
75 6.5145e+06
83 8.0299e+06
32 3.98475e+06
74 5.89727e+06
178 2.78882e+07
41 4.21924e+06
46 5.12379e+06
64 5.29459e+06
115 1.18257e+07
158 2.19765e+07
143 1.92294e+07
Thế hệ thứ: 5
171 2.40627e+07
95 9.98617e+06
65 5.30009e+06
130 1.61187e+07
175 2.50995e+07
99 1.02364e+07
143 1.92294e+07
115 1.18257e+07
45 5.08474e+06
41 4.21924e+06
116 1.43966e+07
74 5.89727e+06
75 6.5145e+06
83 8.0299e+06
76 6.66914e+06
29 3.2866e+06
135 1.89479e+07
182 3.19368e+07
64 5.29459e+06
57 5.18809e+06
68 5.69384e+06
32 3.98475e+06
178 2.78882e+07
92 9.75084e+06
113 1.07995e+07
155 1.95796e+07
110 1.03778e+07
89 8.49793e+06
47 5.10377e+06
164 2.18447e+07
67 5.69359e+06
Thế hệ thứ: 6
130 1.61187e+07
99 1.02364e+07
175 2.50995e+07
95 9.98617e+06
65 5.30009e+06
171 2.40627e+07
32 3.98475e+06
76 6.66914e+06
68 5.69384e+06
113 1.07995e+07
47 5.10377e+06
115 1.18257e+07
75 6.5145e+06
155 1.95796e+07
45 5.08474e+06
41 4.21924e+06
29 3.2866e+06
116 1.43966e+07
182 3.19368e+07
92 9.75084e+06
74 5.89727e+06
178 2.78882e+07
64 5.29459e+06
57 5.18809e+06
83 8.0299e+06
110 1.03778e+07
89 8.49793e+06
164 2.18447e+07
144 1.66276e+07
67 5.60723e+06
Thế hệ thứ: 7
181 2.99907e+07
95 9.98617e+06
65 5.30009e+06
57 5.18809e+06
64 5.29459e+06
67 5.60723e+06
130 1.61187e+07
99 1.02364e+07
175 2.50995e+07
116 1.43966e+07
182 3.19368e+07
171 2.40627e+07
32 3.98475e+06
83 8.0299e+06
76 6.66914e+06
155 1.95796e+07
68 5.69384e+06
68 5.69384e+06
113 1.07995e+07
47 5.10377e+06
144 1.66276e+07
74 5.89727e+06
115 1.18257e+07
178 2.78882e+07
75 6.5145e+06
110 1.03778e+07
45 5.08474e+06
41 4.21924e+06
164 2.18447e+07
29 3.2866e+06
69 5.72647e+06
92 8.12932e+06
43 4.9955e+06
Thế hệ thứ: 8
67 5.60723e+06
57 5.18809e+06
64 5.29459e+06
181 2.99907e+07
95 9.98617e+06
65 5.30009e+06
41 4.21924e+06
69 5.72647e+06
164 2.18447e+07
184 3.06668e+07
47 5.10377e+06
29 3.2866e+06
130 1.61187e+07
175 2.50995e+07
99 1.02364e+07
178 2.78882e+07
75 6.5145e+06
171 2.40627e+07
32 3.98475e+06
110 1.03778e+07
83 8.0299e+06
76 6.66914e+06
155 1.95796e+07
92 8.12932e+06
68 5.69384e+06
68 5.69384e+06
43 4.9955e+06
113 1.07995e+07
144 1.66276e+07
45 5.08474e+06
74 5.89727e+06
115 1.18257e+07
122 1.39677e+07
Thế hệ thứ: 9
69 5.72647e+06
65 5.30009e+06
181 2.99907e+07
95 9.98617e+06
67 5.60723e+06
64 5.29459e+06
57 5.18809e+06
122 1.39677e+07
115 1.18257e+07
171 2.40627e+07
32 3.98475e+06
41 4.21924e+06
110 1.03778e+07
164 2.18447e+07
83 8.0299e+06
184 3.06668e+07
47 5.10377e+06
74 5.89727e+06
29 3.2866e+06
99 1.02364e+07
175 2.50995e+07
155 1.95796e+07
92 8.12932e+06
178 2.78882e+07
113 1.07995e+07
68 5.69384e+06
68 5.69384e+06
75 6.5145e+06
80 6.55116e+06
45 4.95312e+06
46 5.00348e+06
145 1.59459e+07
43 4.83183e+06
Thế hệ thứ: 10
68 5.69384e+06
68 5.69384e+06
69 5.72647e+06
99 1.02364e+07
175 2.50995e+07
181 2.99907e+07
95 9.98617e+06
46 5.00348e+06
64 5.29459e+06
57 5.18809e+06
67 5.60723e+06
155 1.95796e+07
122 1.39677e+07
115 1.18257e+07
92 8.12932e+06
171 2.40627e+07
32 3.98475e+06
41 4.21924e+06
110 1.03778e+07
164 2.18447e+07
83 8.0299e+06
113 1.07995e+07
47 5.10377e+06
184 3.06668e+07
45 4.95312e+06
74 5.89727e+06
75 6.5145e+06
80 6.55116e+06
43 4.83183e+06
29 3.2866e+06
145 1.59459e+07
65 5.29858e+06
178 2.72615e+07
93 8.50064e+06
Thế hệ thứ: 11
69 5.72647e+06
68 5.69384e+06
68 5.69384e+06
178 2.72615e+07
99 1.02364e+07
175 2.50995e+07
74 5.89727e+06
145 1.59459e+07
95 9.98617e+06
181 2.99907e+07
46 5.00348e+06
75 6.5145e+06
41 4.21924e+06
67 5.60723e+06
64 5.29459e+06
57 5.18809e+06
80 6.55116e+06
155 1.95796e+07
122 1.39677e+07
90 8.0364e+06
115 1.18257e+07
92 8.12932e+06
171 2.40627e+07
65 5.29858e+06
32 3.98475e+06
93 8.50064e+06
110 1.03778e+07
43 4.83183e+06
164 2.18447e+07
83 8.0299e+06
113 1.07995e+07
29 3.2866e+06
184 3.06668e+07
47 5.10377e+06
45 4.95312e+06
119 1.32547e+07
37 4.06074e+06
Thế hệ thứ: 12
68 5.69384e+06
68 5.69384e+06
69 5.72647e+06
178 2.72615e+07
184 3.06668e+07
47 5.10377e+06
99 1.02364e+07
175 2.50995e+07
74 5.89727e+06
171 2.40627e+07
145 1.59459e+07
65 5.29858e+06
32 3.98475e+06
181 2.99907e+07
95 9.98617e+06
93 8.50064e+06
46 5.00348e+06
110 1.03778e+07
43 4.83183e+06
75 6.5145e+06
41 4.21924e+06
164 2.18447e+07
45 4.95312e+06
64 5.29459e+06
57 5.18809e+06
67 5.60723e+06
92 8.12932e+06
37 4.06074e+06
113 1.07995e+07
80 6.55116e+06
155 1.95796e+07
122 1.39677e+07
90 8.0364e+06
29 3.2866e+06
119 1.16689e+07
85 7.37778e+06
42 4.78529e+06
Thế hệ thứ: 13
178 2.72615e+07
184 3.06668e+07
92 8.12932e+06
37 4.06074e+06
175 2.50995e+07
99 1.02364e+07
74 5.89727e+06
171 2.40627e+07
113 1.07995e+07
145 1.59459e+07
65 5.29858e+06
155 1.95796e+07
32 3.98475e+06
80 6.55116e+06
119 1.16689e+07
95 9.98617e+06
181 2.99907e+07
93 8.50064e+06
85 7.37778e+06
110 1.03778e+07
29 3.2866e+06
122 1.39677e+07
121 1.21447e+07
75 6.5145e+06
41 4.21924e+06
164 2.18447e+07
64 5.29459e+06
57 5.18809e+06
67 5.60723e+06
88 7.79822e+06
90 8.0364e+06
179 2.93453e+07
69 5.71707e+06
47 4.38278e+06
68 5.69312e+06
51 4.91176e+06
Thế hệ thứ: 14
97 8.53203e+06
74 5.89727e+06
122 1.39677e+07
57 5.18809e+06
64 5.29459e+06
67 5.60723e+06
178 2.72615e+07
179 2.93453e+07
29 3.2866e+06
184 3.06668e+07
51 4.91176e+06
121 1.21447e+07
37 4.06074e+06
92 8.12932e+06
99 1.02364e+07
175 2.50995e+07
171 2.40627e+07
113 1.07995e+07
88 7.79822e+06
90 8.0364e+06
145 1.59459e+07
65 5.29858e+06
155 1.95796e+07
32 3.98475e+06
68 5.69312e+06
80 6.55116e+06
47 4.38278e+06
119 1.16689e+07
75 6.5145e+06
41 4.21924e+06
181 2.99907e+07
69 5.71707e+06
93 8.50064e+06
164 2.18447e+07
85 7.37778e+06
110 1.03778e+07
82 7.16569e+06
52 4.92229e+06
Thế hệ thứ: 15
97 8.53203e+06
74 5.89727e+06
64 5.29459e+06
57 5.18809e+06
67 5.60723e+06
122 1.39677e+07
119 1.16689e+07
47 4.38278e+06
178 2.72615e+07
29 3.2866e+06
179 2.93453e+07
164 2.18447e+07
88 7.79822e+06
90 8.0364e+06
184 3.06668e+07
75 6.5145e+06
51 4.91176e+06
121 1.21447e+07
41 4.21924e+06
92 8.12932e+06
37 4.06074e+06
99 1.02364e+07
113 1.07995e+07
85 7.37778e+06
110 1.03778e+07
82 7.16569e+06
181 2.99907e+07
145 1.59459e+07
65 5.29858e+06
155 1.95796e+07
32 3.98475e+06
68 5.69312e+06
52 4.92229e+06
69 5.71707e+06
80 6.55116e+06
93 8.50064e+06
177 2.34234e+07
Thế hệ thứ: 16
97 8.53203e+06
74 5.89727e+06
122 1.39677e+07
57 5.18809e+06
64 5.29459e+06
67 5.60723e+06
119 1.16689e+07
47 4.38278e+06
68 5.69312e+06
178 2.72615e+07
181 2.99907e+07
179 2.93453e+07
29 3.2866e+06
164 2.18447e+07
52 4.92229e+06
88 7.79822e+06
90 8.0364e+06
69 5.71707e+06
80 6.55116e+06
184 3.06668e+07
75 6.5145e+06
93 8.50064e+06
145 1.59459e+07
65 5.29858e+06
121 1.21447e+07
41 4.21924e+06
155 1.95796e+07
37 4.06074e+06
92 8.12932e+06
32 3.98475e+06
99 1.02364e+07
177 2.34234e+07
113 1.07995e+07
85 7.37778e+06
110 1.03778e+07
82 7.16569e+06
78 6.52741e+06
51 4.86829e+06
42 4.33318e+06
43 4.3712e+06
Thế hệ thứ: 17
97 8.53203e+06
74 5.89727e+06
68 5.69312e+06
51 4.86829e+06
64 5.29459e+06
57 5.18809e+06
67 5.60723e+06
122 1.39677e+07
47 4.38278e+06
119 1.16689e+07
164 2.18447e+07
82 7.16569e+06
178 2.72615e+07
78 6.52741e+06
37 4.06074e+06
181 2.99907e+07
32 3.98475e+06
29 3.2866e+06
179 2.93453e+07
99 1.02364e+07
52 4.92229e+06
88 7.79822e+06
69 5.71707e+06
80 6.55116e+06
177 2.34234e+07
184 3.06668e+07
113 1.07995e+07
75 6.5145e+06
43 4.3712e+06
93 8.50064e+06
42 4.33318e+06
145 1.59459e+07
65 5.29858e+06
85 7.37778e+06
121 1.21447e+07
41 4.21924e+06
110 1.03778e+07
155 1.95796e+07
43 4.3712e+06
96 8.51979e+06
92 8.00709e+06
Thế hệ thứ: 18
68 5.69312e+06
97 8.53203e+06
74 5.89727e+06
122 1.39677e+07
51 4.86829e+06
57 5.18809e+06
64 5.29459e+06
67 5.60723e+06
75 6.5145e+06
43 4.3712e+06
119 1.16689e+07
47 4.38278e+06
164 2.18447e+07
178 2.72615e+07
78 6.52741e+06
37 4.06074e+06
42 4.33318e+06
52 4.92229e+06
43 4.3712e+06
181 2.99907e+07
96 8.51979e+06
92 8.00709e+06
145 1.59459e+07
179 2.93453e+07
29 3.2866e+06
99 1.02364e+07
65 5.29858e+06
88 7.79822e+06
121 1.21447e+07
41 4.21924e+06
110 1.03778e+07
155 1.95796e+07
69 5.71707e+06
80 6.55116e+06
177 2.34234e+07
184 3.06668e+07
113 1.07995e+07
95 8.27051e+06
85 6.66067e+06
34 3.98179e+06
Thế hệ thứ: 19
97 8.53203e+06
74 5.89727e+06
68 5.69312e+06
51 4.86829e+06
64 5.29459e+06
57 5.18809e+06
67 5.60723e+06
122 1.39677e+07
75 6.5145e+06
43 4.3712e+06
88 7.79822e+06
47 4.38278e+06
119 1.16689e+07
113 1.07995e+07
164 2.18447e+07
121 1.21447e+07
41 4.21924e+06
178 2.72615e+07
78 6.52741e+06
110 1.03778e+07
155 1.95796e+07
37 4.06074e+06
42 4.33318e+06
95 8.27051e+06
85 6.66067e+06
43 4.3712e+06
52 4.92229e+06
34 3.98179e+06
177 2.34234e+07
96 8.51979e+06
92 8.00709e+06
69 5.71707e+06
145 1.59459e+07
80 6.55116e+06
29 3.2866e+06
65 5.29858e+06
186 2.81088e+07
102 9.16124e+06
Thế hệ thứ: 20
75 6.5145e+06
68 5.69312e+06
97 8.53203e+06
74 5.89727e+06
69 5.71707e+06
67 5.60723e+06
51 4.86829e+06
57 5.18809e+06
64 5.29459e+06
95 8.27051e+06
122 1.39677e+07
85 6.66067e+06
52 4.92229e+06
43 4.3712e+06
43 4.3712e+06
113 1.07995e+07
88 7.79822e+06
119 1.16689e+07
47 4.38278e+06
186 2.81088e+07
164 2.18447e+07
82 6.55609e+06
121 1.21447e+07
41 4.21924e+06
65 5.29858e+06
34 3.98179e+06
29 3.2866e+06
80 6.55116e+06
178 2.72615e+07
78 6.52741e+06
110 1.03778e+07
145 1.59459e+07
155 1.95796e+07
92 8.00709e+06
96 8.51979e+06
37 4.06074e+06
42 4.33318e+06
177 2.34234e+07
102 8.79145e+06
197 2.93551e+07
56 4.92462e+06
61 5.27537e+06
Thế hệ thứ: 21
97 8.53203e+06
74 5.89727e+06
68 5.69312e+06
177 2.34234e+07
69 5.71707e+06
57 5.18809e+06
64 5.29459e+06
51 4.86829e+06
67 5.60723e+06
95 8.27051e+06
119 1.16689e+07
47 4.38278e+06
122 1.39677e+07
56 4.92462e+06
85 6.66067e+06
61 5.27537e+06
43 4.3712e+06
52 4.92229e+06
43 4.3712e+06
113 1.07995e+07
102 8.79145e+06
197 2.93551e+07
96 8.51979e+06
186 2.81088e+07
164 2.18447e+07
37 4.06074e+06
121 1.21447e+07
82 6.55609e+06
41 4.21924e+06
65 5.29858e+06
34 3.98179e+06
29 3.2866e+06
80 6.55116e+06
178 2.72615e+07
78 6.52741e+06
42 4.33318e+06
110 1.03778e+07
145 1.59459e+07
155 1.95796e+07
86 6.78766e+06
75 6.40448e+06
93 7.60965e+06
Thế hệ thứ: 22
67 5.60723e+06
64 5.29459e+06
57 5.18809e+06
85 6.66067e+06
80 6.55116e+06
68 5.69312e+06
97 8.53203e+06
74 5.89727e+06
177 2.34234e+07
78 6.52741e+06
69 5.71707e+06
43 4.3712e+06
61 5.27537e+06
95 8.27051e+06
178 2.72615e+07
47 4.38278e+06
119 1.16689e+07
43 4.3712e+06
113 1.07995e+07
102 8.79145e+06
197 2.93551e+07
29 3.2866e+06
96 8.51979e+06
186 2.81088e+07
164 2.18447e+07
37 4.06074e+06
82 6.55609e+06
121 1.21447e+07
41 4.21924e+06
65 5.29858e+06
34 3.98179e+06
42 4.33318e+06
110 1.03778e+07
145 1.59459e+07
155 1.95796e+07
75 6.40448e+06
86 6.78766e+06
93 7.60965e+06
56 4.63756e+06
123 1.23424e+07
130 1.5834e+07
Thế hệ thứ: 23
110 1.03778e+07
97 8.53203e+06
74 5.89727e+06
67 5.60723e+06
57 5.18809e+06
64 5.29459e+06
164 2.18447e+07
37 4.06074e+06
85 6.66067e+06
80 6.55116e+06
56 4.63756e+06
94 7.82032e+06
68 5.69312e+06
121 1.21447e+07
82 6.55609e+06
177 2.34234e+07
78 6.52741e+06
69 5.71707e+06
93 7.60965e+06
43 4.3712e+06
61 5.27537e+06
95 8.27051e+06
178 2.72615e+07
42 4.33318e+06
65 5.29858e+06
34 3.98179e+06
75 6.40448e+06
86 6.78766e+06
119 1.16689e+07
47 4.38278e+06
43 4.3712e+06
113 1.07995e+07
102 8.79145e+06
197 2.93551e+07
29 3.2866e+06
145 1.59459e+07
96 8.51979e+06
186 2.81088e+07
123 1.23424e+07
130 1.5834e+07
41 4.09876e+06
91 7.31772e+06
156 1.91105e+07
Thế hệ thứ: 24
85 6.66067e+06
41 4.09876e+06
97 8.53203e+06
74 5.89727e+06
110 1.03778e+07
67 5.60723e+06
64 5.29459e+06
57 5.18809e+06
164 2.18447e+07
37 4.06074e+06
197 2.93551e+07
75 6.40448e+06
86 6.78766e+06
102 8.79145e+06
130 1.5834e+07
80 6.55116e+06
56 4.63756e+06
94 7.82032e+06
68 5.69312e+06
156 1.91105e+07
82 6.55609e+06
121 1.21447e+07
177 2.34234e+07
78 6.52741e+06
91 7.31772e+06
69 5.71707e+06
93 7.60965e+06
123 1.23424e+07
186 2.81088e+07
113 1.07995e+07
61 5.27537e+06
43 4.3712e+06
96 8.51979e+06
47 4.38278e+06
119 1.16689e+07
95 8.27051e+06
145 1.59459e+07
42 4.33318e+06
29 3.2866e+06
65 5.29858e+06
34 3.98179e+06
43 4.3712e+06
179 2.52048e+07
40 4.07127e+06
Thế hệ thứ: 25
43 4.3712e+06
85 6.66067e+06
110 1.03778e+07
97 8.53203e+06
74 5.89727e+06
41 4.09876e+06
65 5.29858e+06
64 5.29459e+06
57 5.18809e+06
67 5.60723e+06
47 4.38278e+06
60 5.20877e+06
119 1.16689e+07
164 2.18447e+07
37 4.06074e+06
197 2.93551e+07
86 6.78766e+06
102 8.79145e+06
130 1.5834e+07
80 6.55116e+06
95 8.27051e+06
84 6.65552e+06
177 2.34234e+07
40 4.07127e+06
68 5.69312e+06
179 2.52048e+07
121 1.21447e+07
82 6.55609e+06
156 1.91105e+07
29 3.2866e+06
94 7.61939e+06
69 5.71707e+06
91 7.31772e+06
93 7.60965e+06
123 1.23424e+07
154 1.88269e+07
145 1.59459e+07
113 1.07995e+07
43 4.3712e+06
61 5.27537e+06
96 8.51979e+06
42 4.33318e+06
34 3.98179e+06
187 2.79166e+07
78 5.98408e+06
56 4.63747e+06
Thế hệ thứ: 26
119 1.16689e+07
47 4.38278e+06
60 5.20877e+06
56 4.63747e+06
85 6.66067e+06
43 4.3712e+06
42 4.33318e+06
41 4.09876e+06
97 8.53203e+06
74 5.89727e+06
110 1.03778e+07
65 5.29858e+06
67 5.60723e+06
64 5.29459e+06
34 3.98179e+06
164 2.18447e+07
37 4.06074e+06
113 1.07995e+07
197 2.93551e+07
86 6.78766e+06
102 8.79145e+06
130 1.5834e+07
80 6.55116e+06
43 4.3712e+06
95 8.27051e+06
40 4.07127e+06
177 2.34234e+07
84 6.65552e+06
156 1.91105e+07
121 1.21447e+07
187 2.79166e+07
78 5.98408e+06
82 6.55609e+06
68 5.69312e+06
93 7.60965e+06
29 3.2866e+06
91 7.31772e+06
69 5.71707e+06
94 7.61939e+06
123 1.23424e+07
154 1.88269e+07
145 1.59459e+07
96 8.51979e+06
66 5.48763e+06
58 5.03596e+06
55 4.63698e+06
180 2.50991e+07
63 5.21731e+06
Thế hệ thứ: 27
119 1.16689e+07
60 5.20877e+06
47 4.38278e+06
145 1.59459e+07
154 1.88269e+07
43 4.3712e+06
56 4.63747e+06
85 6.66067e+06
42 4.33318e+06
41 4.09876e+06
74 5.89727e+06
97 8.53203e+06
55 4.63698e+06
110 1.03778e+07
65 5.29858e+06
64 5.29459e+06
67 5.60723e+06
180 2.50991e+07
34 3.98179e+06
164 2.18447e+07
37 4.06074e+06
113 1.07995e+07
197 2.93551e+07
123 1.23424e+07
68 5.69312e+06
69 5.71707e+06
86 6.78766e+06
102 8.79145e+06
80 6.55116e+06
63 5.21731e+06
43 4.3712e+06
84 6.65552e+06
177 2.34234e+07
40 4.07127e+06
29 3.2866e+06
82 6.55609e+06
187 2.79166e+07
78 5.98408e+06
121 1.21447e+07
156 1.91105e+07
96 8.51979e+06
66 5.48763e+06
58 5.03596e+06
131 1.43468e+07
95 7.23911e+06
Thế hệ thứ: 28
154 1.88269e+07
145 1.59459e+07
119 1.16689e+07
47 4.38278e+06
60 5.20877e+06
56 4.63747e+06
85 6.66067e+06
43 4.3712e+06
177 2.34234e+07
84 6.65552e+06
40 4.07127e+06
41 4.09876e+06
97 8.53203e+06
74 5.89727e+06
55 4.63698e+06
131 1.43468e+07
95 7.23911e+06
110 1.03778e+07
29 3.2866e+06
65 5.29858e+06
64 5.29459e+06
67 5.60723e+06
156 1.91105e+07
121 1.21447e+07
187 2.79166e+07
78 5.98408e+06
82 6.55609e+06
180 2.50991e+07
34 3.98179e+06
164 2.18447e+07
37 4.06074e+06
113 1.07995e+07
197 2.93551e+07
123 1.23424e+07
68 5.69312e+06
69 5.71707e+06
86 6.78766e+06
102 8.79145e+06
96 8.51979e+06
80 6.55116e+06
63 5.21731e+06
43 4.3712e+06
66 5.48763e+06
58 5.03596e+06
42 4.33037e+06
Thế hệ thứ: 29
119 1.16689e+07
60 5.20877e+06
47 4.38278e+06
145 1.59459e+07
154 1.88269e+07
43 4.3712e+06
56 4.63747e+06
68 5.69312e+06
42 4.33037e+06
58 5.03596e+06
40 4.07127e+06
177 2.34234e+07
41 4.09876e+06
74 5.89727e+06
97 8.53203e+06
55 4.63698e+06
131 1.43468e+07
95 7.23911e+06
66 5.48763e+06
69 5.71707e+06
110 1.03778e+07
29 3.2866e+06
43 4.3712e+06
63 5.21731e+06
65 5.29858e+06
64 5.29459e+06
67 5.60723e+06
102 8.79145e+06
121 1.21447e+07
187 2.79166e+07
78 5.98408e+06
156 1.91105e+07
86 6.78766e+06
180 2.50991e+07
34 3.98179e+06
164 2.18447e+07
37 4.06074e+06
113 1.07995e+07
197 2.93551e+07
123 1.23424e+07
96 8.51979e+06
181 2.78248e+07
85 6.46604e+06
Thế hệ thứ: 30
154 1.88269e+07
145 1.59459e+07
119 1.16689e+07
47 4.38278e+06
60 5.20877e+06
56 4.63747e+06
43 4.3712e+06
37 4.06074e+06
85 6.46604e+06
121 1.21447e+07
78 5.98408e+06
187 2.79166e+07
156 1.91105e+07
68 5.69312e+06
42 4.33037e+06
177 2.34234e+07
40 4.07127e+06
41 4.09876e+06
97 8.53203e+06
74 5.89727e+06
55 4.63698e+06
181 2.78248e+07
131 1.43468e+07
86 6.78766e+06
95 7.23911e+06
66 5.48763e+06
69 5.71707e+06
123 1.23424e+07
180 2.50991e+07
197 2.93551e+07
110 1.03778e+07
29 3.2866e+06
43 4.3712e+06
113 1.07995e+07
63 5.21731e+06
65 5.29858e+06
64 5.29459e+06
67 5.60723e+06
34 3.98179e+06
102 8.79145e+06
164 2.18447e+07
96 8.46817e+06
189 2.86735e+07
59 5.02882e+06
141 1.45146e+07
57 4.88919e+06
Thế hệ thứ: 31
119 1.16689e+07
47 4.38278e+06
145 1.59459e+07
154 1.88269e+07
67 5.60723e+06
64 5.29459e+06
56 4.63747e+06
85 6.46604e+06
37 4.06074e+06
141 1.45146e+07
156 1.91105e+07
78 5.98408e+06
187 2.79166e+07
121 1.21447e+07
74 5.89727e+06
97 8.53203e+06
68 5.69312e+06
57 4.88919e+06
34 3.98179e+06
40 4.07127e+06
177 2.34234e+07
41 4.09876e+06
102 8.79145e+06
55 4.63698e+06
181 2.78248e+07
131 1.43468e+07
86 6.78766e+06
164 2.18447e+07
95 7.23911e+06
66 5.48763e+06
96 8.46817e+06
189 2.86735e+07
69 5.71707e+06
123 1.23424e+07
180 2.50991e+07
197 2.93551e+07
110 1.03778e+07
29 3.2866e+06
113 1.07995e+07
63 5.21731e+06
65 5.29858e+06
42 4.304e+06
46 4.36374e+06
61 4.89071e+06
Thế hệ thứ: 32
154 1.88269e+07
145 1.59459e+07
47 4.38278e+06
119 1.16689e+07
46 4.36374e+06
69 5.71707e+06
67 5.60723e+06
64 5.29459e+06
123 1.23424e+07
102 8.79145e+06
61 4.89071e+06
56 4.63747e+06
180 2.50991e+07
37 4.06074e+06
85 6.46604e+06
141 1.45146e+07
65 5.29858e+06
197 2.93551e+07
121 1.21447e+07
78 5.98408e+06
187 2.79166e+07
156 1.91105e+07
97 8.53203e+06
74 5.89727e+06
68 5.69312e+06
110 1.03778e+07
57 4.88919e+06
29 3.2866e+06
34 3.98179e+06
113 1.07995e+07
177 2.34234e+07
40 4.07127e+06
41 4.09876e+06
55 4.63698e+06
181 2.78248e+07
131 1.43468e+07
63 5.21731e+06
86 6.78766e+06
164 2.18447e+07
95 7.23911e+06
42 4.304e+06
66 5.48763e+06
96 8.46817e+06
189 2.86735e+07
97 8.53203e+06
Thế hệ thứ: 33
119 1.16689e+07
181 2.78248e+07
145 1.59459e+07
154 1.88269e+07
55 4.63698e+06
42 4.304e+06
66 5.48763e+06
69 5.71707e+06
96 8.46817e+06
131 1.43468e+07
67 5.60723e+06
64 5.29459e+06
123 1.23424e+07
61 4.89071e+06
102 8.79145e+06
189 2.86735e+07
56 4.63747e+06
180 2.50991e+07
97 8.53203e+06
85 6.46604e+06
37 4.06074e+06
141 1.45146e+07
65 5.29858e+06
197 2.93551e+07
121 1.21447e+07
156 1.91105e+07
78 5.98408e+06
187 2.79166e+07
95 7.23911e+06
164 2.18447e+07
74 5.89727e+06
97 8.53203e+06
68 5.69312e+06
110 1.03778e+07
57 4.88919e+06
155 1.89885e+07
29 3.2866e+06
34 3.98179e+06
113 1.07995e+07
63 5.21731e+06
40 4.07127e+06
177 2.34234e+07
86 6.78766e+06
41 4.09876e+06
47 4.36381e+06
46 4.36006e+06
Thế hệ thứ: 34
110 1.03778e+07
68 5.69312e+06
66 5.48763e+06
154 1.88269e+07
145 1.59459e+07
119 1.16689e+07
55 4.63698e+06
41 4.09876e+06
57 4.88919e+06
189 2.86735e+07
69 5.71707e+06
96 8.46817e+06
131 1.43468e+07
67 5.60723e+06
29 3.2866e+06
155 1.89885e+07
123 1.23424e+07
34 3.98179e+06
102 8.79145e+06
61 4.89071e+06
113 1.07995e+07
63 5.21731e+06
56 4.63747e+06
177 2.34234e+07
40 4.07127e+06
180 2.50991e+07
97 8.53203e+06
37 4.06074e+06
85 6.46604e+06
141 1.45146e+07
86 6.78766e+06
65 5.29858e+06
197 2.93551e+07
78 5.98408e+06
187 2.79166e+07
156 1.91105e+07
121 1.21447e+07
95 7.23911e+06
164 2.18447e+07
97 8.53203e+06
74 5.89727e+06
47 4.35719e+06
42 4.2168e+06
183 2.67679e+07
64 5.23357e+06
48 4.35869e+06
Thế hệ thứ: 35
66 5.48763e+06
68 5.69312e+06
110 1.03778e+07
119 1.16689e+07
145 1.59459e+07
154 1.88269e+07
64 5.23357e+06
48 4.35869e+06
197 2.93551e+07
55 4.63698e+06
121 1.21447e+07
156 1.91105e+07
78 5.98408e+06
187 2.79166e+07
41 4.09876e+06
123 1.23424e+07
57 4.88919e+06
189 2.86735e+07
69 5.71707e+06
183 2.67679e+07
96 8.46817e+06
131 1.43468e+07
67 5.60723e+06
155 1.89885e+07
29 3.2866e+06
95 7.23911e+06
34 3.98179e+06
61 4.89071e+06
102 8.79145e+06
113 1.07995e+07
164 2.18447e+07
63 5.21731e+06
56 4.63747e+06
40 4.07127e+06
177 2.34234e+07
74 5.89727e+06
97 8.53203e+06
180 2.50991e+07
97 8.53203e+06
85 6.46604e+06
37 4.06074e+06
47 4.35719e+06
42 4.2168e+06
141 1.45146e+07
86 6.78766e+06
65 5.29858e+06
43 4.25764e+06
Thế hệ thứ: 36
110 1.03778e+07
68 5.69312e+06
66 5.48763e+06
65 5.29858e+06
177 2.34234e+07
40 4.07127e+06
154 1.88269e+07
145 1.59459e+07
119 1.16689e+07
64 5.23357e+06
48 4.35869e+06
197 2.93551e+07
55 4.63698e+06
78 5.98408e+06
187 2.79166e+07
156 1.91105e+07
41 4.09876e+06
37 4.06074e+06
85 6.46604e+06
57 4.88919e+06
189 2.86735e+07
69 5.71707e+06
183 2.67679e+07
131 1.43468e+07
67 5.60723e+06
29 3.2866e+06
155 1.89885e+07
95 7.23911e+06
34 3.98179e+06
102 8.79145e+06
61 4.89071e+06
113 1.07995e+07
42 4.2168e+06
164 2.18447e+07
141 1.45146e+07
63 5.21731e+06
56 4.63747e+06
86 6.78766e+06
74 5.89727e+06
180 2.50991e+07
100 8.76126e+06
152 1.82358e+07
124 1.20698e+07
98 8.39973e+06
47 4.25191e+06
Thế hệ thứ: 37
66 5.48763e+06
68 5.69312e+06
110 1.03778e+07
177 2.34234e+07
40 4.07127e+06
183 2.67679e+07
98 8.39973e+06
113 1.07995e+07
124 1.20698e+07
65 5.29858e+06
102 8.79145e+06
61 4.89071e+06
154 1.88269e+07
145 1.59459e+07
85 6.46604e+06
37 4.06074e+06
119 1.16689e+07
64 5.23357e+06
152 1.82358e+07
48 4.35869e+06
197 2.93551e+07
62 5.21673e+06
156 1.91105e+07
78 5.98408e+06
187 2.79166e+07
42 4.2168e+06
41 4.09876e+06
164 2.18447e+07
100 8.76126e+06
57 4.88919e+06
189 2.86735e+07
69 5.71707e+06
141 1.45146e+07
131 1.43468e+07
74 5.89727e+06
67 5.60723e+06
155 1.89885e+07
29 3.2866e+06
95 7.23911e+06
86 6.78766e+06
63 5.21731e+06
34 3.98179e+06
56 4.63747e+06
180 2.39606e+07
47 4.25189e+06
55 4.44904e+06
Thế hệ thứ: 38
110 1.03778e+07
68 5.69312e+06
66 5.48763e+06
131 1.43468e+07
98 8.39973e+06
183 2.67679e+07
55 4.44904e+06
177 2.34234e+07
40 4.07127e+06
124 1.20698e+07
113 1.07995e+07
65 5.29858e+06
61 4.89071e+06
102 8.79145e+06
154 1.88269e+07
145 1.59459e+07
37 4.06074e+06
85 6.46604e+06
74 5.89727e+06
119 1.16689e+07
64 5.23357e+06
67 5.60723e+06
180 2.39606e+07
152 1.82358e+07
29 3.2866e+06
155 1.89885e+07
197 2.93551e+07
95 7.23911e+06
86 6.78766e+06
63 5.21731e+06
78 5.98408e+06
187 2.79166e+07
156 1.91105e+07
42 4.2168e+06
41 4.09876e+06
164 2.18447e+07
34 3.98179e+06
56 4.63747e+06
57 4.88919e+06
189 2.86735e+07
47 4.25189e+06
69 5.71707e+06
141 1.45146e+07
101 8.72131e+06
49 4.25288e+06
62 5.20982e+06
Thế hệ thứ: 39
71 5.76296e+06
154 1.88269e+07
145 1.59459e+07
66 5.48763e+06
68 5.69312e+06
110 1.03778e+07
141 1.45146e+07
63 5.21731e+06
131 1.43468e+07
183 2.67679e+07
98 8.39973e+06
69 5.71707e+06
55 4.44904e+06
47 4.25189e+06
41 4.09876e+06
40 4.07127e+06
177 2.34234e+07
113 1.07995e+07
124 1.20698e+07
65 5.29858e+06
102 8.79145e+06
61 4.89071e+06
57 4.88919e+06
56 4.63747e+06
62 5.20982e+06
156 1.91105e+07
78 5.98408e+06
34 3.98179e+06
85 6.46604e+06
37 4.06074e+06
74 5.89727e+06
119 1.16689e+07
64 5.23357e+06
67 5.60723e+06
152 1.82358e+07
180 2.39606e+07
155 1.89885e+07
29 3.2866e+06
164 2.18447e+07
197 2.93551e+07
42 4.2168e+06
95 7.23911e+06
86 6.78766e+06
101 8.72131e+06
49 4.25288e+06
191 2.79138e+07
Thế hệ thứ: 40
145 1.59459e+07
154 1.88269e+07
71 5.76296e+06
64 5.23357e+06
68 5.69312e+06
66 5.48763e+06
95 7.23911e+06
191 2.79138e+07
67 5.60723e+06
180 2.39606e+07
152 1.82358e+07
110 1.03778e+07
141 1.45146e+07
63 5.21731e+06
131 1.43468e+07
183 2.67679e+07
69 5.71707e+06
69 5.71707e+06
29 3.2866e+06
155 1.89885e+07
55 4.44904e+06
47 4.25189e+06
41 4.09876e+06
177 2.34234e+07
40 4.07127e+06
124 1.20698e+07
113 1.07995e+07
164 2.18447e+07
65 5.29858e+06
61 4.89071e+06
102 8.79145e+06
197 2.93551e+07
42 4.2168e+06
57 4.88919e+06
56 4.63747e+06
86 6.78766e+06
78 5.98408e+06
156 1.91105e+07
62 5.20982e+06
101 8.72131e+06
34 3.98179e+06
37 4.06074e+06
85 6.46604e+06
74 5.89727e+06
49 4.25288e+06
119 1.16689e+07
99 7.93751e+06
Thế hệ thứ: 41
71 5.76296e+06
154 1.88269e+07
145 1.59459e+07
34 3.98179e+06
64 5.23357e+06
157 2.10242e+07
66 5.48763e+06
68 5.69312e+06
191 2.79138e+07
95 7.23911e+06
67 5.60723e+06
180 2.39606e+07
152 1.82358e+07
99 7.93751e+06
85 6.46604e+06
37 4.06074e+06
110 1.03778e+07
141 1.45146e+07
63 5.21731e+06
131 1.43468e+07
74 5.89727e+06
183 2.67679e+07
69 5.71707e+06
69 5.71707e+06
155 1.89885e+07
29 3.2866e+06
55 4.44904e+06
47 4.25189e+06
49 4.25288e+06
41 4.09876e+06
40 4.07127e+06
177 2.34234e+07
113 1.07995e+07
124 1.20698e+07
164 2.18447e+07
65 5.29858e+06
102 8.79145e+06
61 4.89071e+06
197 2.93551e+07
42 4.2168e+06
57 4.88919e+06
56 4.63747e+06
119 1.16689e+07
86 6.78766e+06
78 5.98408e+06
62 5.20982e+06
156 1.91105e+07
101 8.72131e+06
46 4.24937e+06
Thế hệ thứ: 42
67 5.60723e+06
145 1.59459e+07
154 1.88269e+07
71 5.76296e+06
64 5.23357e+06
101 8.72131e+06
66 5.48763e+06
157 2.10242e+07
68 5.69312e+06
95 7.23911e+06
191 2.79138e+07
57 4.88919e+06
152 1.82358e+07
180 2.39606e+07
85 6.46604e+06
99 7.93751e+06
110 1.03778e+07
119 1.16689e+07
141 1.45146e+07
63 5.21731e+06
56 4.63747e+06
131 1.43468e+07
74 5.89727e+06
183 2.67679e+07
69 5.71707e+06
69 5.71707e+06
29 3.2866e+06
155 1.89885e+07
55 4.44904e+06
49 4.25288e+06
177 2.34234e+07
124 1.20698e+07
113 1.07995e+07
164 2.18447e+07
65 5.29858e+06
61 4.89071e+06
102 8.79145e+06
197 2.93551e+07
86 6.78766e+06
156 1.91105e+07
78 5.98408e+06
48 3.97039e+06
62 4.95625e+06
115 1.12078e+07
Thế hệ thứ: 43
67 5.60723e+06
197 2.93551e+07
71 5.76296e+06
154 1.88269e+07
145 1.59459e+07
64 5.23357e+06
61 4.89071e+06
102 8.79145e+06
74 5.89727e+06
183 2.67679e+07
101 8.72131e+06
69 5.71707e+06
69 5.71707e+06
157 2.10242e+07
66 5.48763e+06
68 5.69312e+06
191 2.79138e+07
95 7.23911e+06
57 4.88919e+06
180 2.39606e+07
152 1.82358e+07
155 1.89885e+07
48 3.97039e+06
29 3.2866e+06
49 4.25288e+06
99 7.93751e+06
85 6.46604e+06
65 5.29858e+06
55 4.44904e+06
110 1.03778e+07
119 1.16689e+07
164 2.18447e+07
115 1.12078e+07
141 1.45146e+07
124 1.20698e+07
113 1.07995e+07
63 5.21731e+06
56 4.63747e+06
131 1.43468e+07
177 2.34234e+07
86 6.78766e+06
78 5.98408e+06
156 1.91105e+07
62 4.95625e+06
160 2.14431e+07
181 2.63908e+07
Thế hệ thứ: 44
67 5.60723e+06
197 2.93551e+07
145 1.59459e+07
154 1.88269e+07
71 5.76296e+06
64 5.23357e+06
61 4.89071e+06
102 8.79145e+06
74 5.89727e+06
183 2.67679e+07
101 8.72131e+06
101 8.72131e+06
69 5.71707e+06
69 5.71707e+06
62 4.95625e+06
66 5.48763e+06
157 2.10242e+07
68 5.69312e+06
95 7.23911e+06
191 2.79138e+07
57 4.88919e+06
78 5.98408e+06
156 1.91105e+07
152 1.82358e+07
180 2.39606e+07
155 1.89885e+07
29 3.2866e+06
48 3.97039e+06
181 2.63908e+07
49 4.25288e+06
85 6.46604e+06
99 7.93751e+06
65 5.29858e+06
55 4.44904e+06
110 1.03778e+07
119 1.16689e+07
164 2.18447e+07
141 1.45146e+07
115 1.12078e+07
124 1.20698e+07
175 2.32036e+07
113 1.07995e+07
86 6.78766e+06
63 5.21731e+06
56 4.63747e+06
131 1.43468e+07
177 2.34234e+07
160 2.14431e+07
80 6.09606e+06
166 2.28905e+07
Thế hệ thứ: 45
110 1.03778e+07
131 1.43468e+07
67 5.60723e+06
197 2.93551e+07
71 5.76296e+06
154 1.88269e+07
145 1.59459e+07
64 5.23357e+06
102 8.79145e+06
61 4.89071e+06
177 2.34234e+07
74 5.89727e+06
183 2.67679e+07
101 8.72131e+06
101 8.72131e+06
187 2.7711e+07
62 4.95625e+06
66 5.48763e+06
80 6.09606e+06
191 2.79138e+07
95 7.23911e+06
175 2.32036e+07
113 1.07995e+07
124 1.20698e+07
57 4.88919e+06
156 1.91105e+07
78 5.98408e+06
180 2.39606e+07
152 1.82358e+07
48 3.97039e+06
29 3.2866e+06
155 1.89885e+07
181 2.63908e+07
141 1.45146e+07
115 1.12078e+07
49 4.25288e+06
99 7.93751e+06
85 6.46604e+06
65 5.29858e+06
55 4.44904e+06
119 1.16689e+07
86 6.78766e+06
63 5.21731e+06
56 4.63747e+06
70 5.6523e+06
170 2.17663e+07
162 2.02839e+07
Thế hệ thứ: 46
102 8.79145e+06
61 4.89071e+06
110 1.03778e+07
154 1.88269e+07
71 5.76296e+06
145 1.59459e+07
119 1.16689e+07
131 1.43468e+07
67 5.60723e+06
197 2.93551e+07
64 5.23357e+06
181 2.63908e+07
62 4.95625e+06
177 2.34234e+07
86 6.78766e+06
74 5.89727e+06
183 2.67679e+07
101 8.72131e+06
101 8.72131e+06
187 2.7711e+07
63 5.21731e+06
56 4.63747e+06
70 5.6523e+06
55 4.44904e+06
170 2.17663e+07
49 4.25288e+06
162 2.02839e+07
66 5.48763e+06
80 6.09606e+06
95 7.23911e+06
191 2.79138e+07
124 1.20698e+07
175 2.32036e+07
113 1.07995e+07
115 1.12078e+07
141 1.45146e+07
78 5.98408e+06
156 1.91105e+07
85 6.46604e+06
99 7.93751e+06
152 1.82358e+07
180 2.39606e+07
155 1.89885e+07
29 3.2866e+06
48 3.97039e+06
65 5.29858e+06
58 4.8764e+06
Thế hệ thứ: 47
58 4.8764e+06
102 8.79145e+06
61 4.89071e+06
110 1.03778e+07
119 1.16689e+07
145 1.59459e+07
154 1.88269e+07
131 1.43468e+07
197 2.93551e+07
64 5.23357e+06
181 2.63908e+07
62 4.95625e+06
65 5.29858e+06
177 2.34234e+07
155 1.89885e+07
29 3.2866e+06
48 3.97039e+06
74 5.89727e+06
183 2.67679e+07
91 6.77473e+06
115 1.12078e+07
141 1.45146e+07
127 1.3698e+07
101 8.72131e+06
101 8.72131e+06
187 2.7711e+07
63 5.21731e+06
56 4.63747e+06
170 2.17663e+07
55 4.44904e+06
49 4.25288e+06
152 1.82358e+07
180 2.39606e+07
72 5.50887e+06
162 2.02839e+07
78 5.98408e+06
156 1.91105e+07
66 5.48763e+06
80 6.09606e+06
191 2.79138e+07
95 7.23911e+06
85 6.46604e+06
99 7.93751e+06
175 2.32036e+07
113 1.07995e+07
124 1.20698e+07
83 6.40821e+06
Thế hệ thứ: 48
197 2.93551e+07
102 8.79145e+06
61 4.89071e+06
58 4.8764e+06
145 1.59459e+07
154 1.88269e+07
119 1.16689e+07
80 6.09606e+06
110 1.03778e+07
95 7.23911e+06
191 2.79138e+07
131 1.43468e+07
183 2.67679e+07
99 7.93751e+06
85 6.46604e+06
64 5.23357e+06
181 2.63908e+07
62 4.95625e+06
65 5.29858e+06
177 2.34234e+07
48 3.97039e+06
29 3.2866e+06
155 1.89885e+07
74 5.89727e+06
124 1.20698e+07
175 2.32036e+07
113 1.07995e+07
141 1.45146e+07
115 1.12078e+07
91 6.77473e+06
101 8.72131e+06
101 8.72131e+06
187 2.7711e+07
127 1.3698e+07
63 5.21731e+06
56 4.63747e+06
55 4.44904e+06
170 2.17663e+07
180 2.39606e+07
152 1.82358e+07
162 2.02839e+07
72 5.50887e+06
156 1.91105e+07
78 5.98408e+06
66 5.48763e+06
83 6.40821e+06
50 4.23023e+06
Thế hệ thứ: 49
72 5.50887e+06
162 2.02839e+07
50 4.23023e+06
197 2.93551e+07
58 4.8764e+06
100 7.74369e+06
102 8.79145e+06
61 4.89071e+06
154 1.88269e+07
145 1.59459e+07
180 2.39606e+07
152 1.82358e+07
119 1.16689e+07
80 6.09606e+06
110 1.03778e+07
191 2.79138e+07
95 7.23911e+06
131 1.43468e+07
183 2.67679e+07
85 6.46604e+06
64 5.23357e+06
181 2.63908e+07
62 4.95625e+06
65 5.29858e+06
177 2.34234e+07
155 1.89885e+07
29 3.2866e+06
48 3.97039e+06
78 5.98408e+06
156 1.91105e+07
74 5.89727e+06
175 2.32036e+07
113 1.07995e+07
124 1.20698e+07
91 6.77473e+06
115 1.12078e+07
141 1.45146e+07
127 1.3698e+07
101 8.72131e+06
101 8.72131e+06
187 2.7711e+07
66 5.48763e+06
63 5.21731e+06
81 6.39937e+06
56 4.63747e+06
170 2.17663e+07
55 4.44904e+06
83 6.40821e+06
166 2.03512e+07
49 4.20046e+06
50 4.23023e+06

