Thế hệ thứ: 0
141 7.21357e+06
158 7.59302e+06
145 7.30415e+06
180 1.07341e+07
163 7.71778e+06
194 1.26659e+07
135 7.14479e+06
134 6.64908e+06
200 1.44705e+07
164 7.80923e+06
186 1.17482e+07
173 8.1718e+06
Thế hệ thứ: 1
158 7.59302e+06
141 7.21357e+06
135 7.14479e+06
173 8.1718e+06
163 7.71778e+06
134 6.64908e+06
145 7.30415e+06
164 7.80923e+06
200 1.44705e+07
191 1.11893e+07
113 5.74641e+06
196 1.23096e+07
181 1.02478e+07
180 1.00986e+07
Thế hệ thứ: 2
158 7.59302e+06
196 1.23096e+07
135 7.14479e+06
141 7.21357e+06
163 7.71778e+06
173 8.1718e+06
134 6.64908e+06
113 5.74641e+06
168 7.74144e+06
200 1.44705e+07
191 1.11893e+07
156 7.28977e+06
92 5.30299e+06
86 3.87037e+06
183 1.09342e+07
181 9.60174e+06
Thế hệ thứ: 3
196 1.23096e+07
168 7.74144e+06
200 1.44705e+07
191 1.11893e+07
156 7.28977e+06
173 8.1718e+06
86 3.87037e+06
188 9.4104e+06
113 5.74641e+06
177 8.58783e+06
111 4.78713e+06
163 7.59097e+06
195 1.22544e+07
142 5.9579e+06
Thế hệ thứ: 4
156 7.28977e+06
111 4.78713e+06
142 5.9579e+06
177 8.58783e+06
191 1.11893e+07
196 1.23096e+07
168 7.74144e+06
200 1.44705e+07
173 8.1718e+06
86 3.87037e+06
188 9.4104e+06
195 1.22544e+07
113 5.74641e+06
163 7.59097e+06
54 3.78617e+06
198 1.40873e+07
93 3.98355e+06
193 1.16942e+07
103 4.37583e+06
169 7.76003e+06
189 1.10689e+07
Thế hệ thứ: 5
193 1.16942e+07
200 1.44705e+07
195 1.22544e+07
111 4.78713e+06
177 8.58783e+06
142 5.9579e+06
191 1.11893e+07
196 1.23096e+07
103 4.37583e+06
189 1.10689e+07
54 3.78617e+06
93 3.98355e+06
86 3.87037e+06
188 9.4104e+06
115 4.8312e+06
97 4.36224e+06
175 7.23206e+06
199 1.34268e+07
114 4.83105e+06
53 3.78435e+06
Thế hệ thứ: 6
200 1.44705e+07
193 1.16942e+07
56 3.72683e+06
86 3.87037e+06
196 1.23096e+07
188 9.4104e+06
195 1.22544e+07
97 4.36224e+06
111 4.78713e+06
199 1.34268e+07
175 7.23206e+06
103 4.37583e+06
115 4.8312e+06
142 5.9579e+06
93 3.98355e+06
114 4.83105e+06
183 9.3216e+06
180 8.09235e+06
104 4.71537e+06
191 1.04186e+07
Thế hệ thứ: 7
103 4.37583e+06
199 1.34268e+07
195 1.22544e+07
193 1.16942e+07
200 1.44705e+07
56 3.72683e+06
97 4.36224e+06
86 3.87037e+06
111 4.78713e+06
175 7.23206e+06
196 1.23096e+07
188 9.4104e+06
115 4.8312e+06
142 5.9579e+06
93 3.98355e+06
114 4.83105e+06
183 9.3216e+06
180 8.09235e+06
104 4.71537e+06
191 1.04186e+07
64 3.7946e+06
181 9.1502e+06
120 5.36476e+06
51 3.65262e+06
55 3.69922e+06
168 6.84855e+06
145 6.39253e+06
Thế hệ thứ: 8
114 4.83105e+06
191 1.04186e+07
103 4.37583e+06
93 3.98355e+06
193 1.16942e+07
51 3.65262e+06
64 3.7946e+06
56 3.72683e+06
97 4.36224e+06
86 3.87037e+06
111 4.78713e+06
104 4.71537e+06
120 5.36476e+06
175 7.23206e+06
145 6.39253e+06
168 6.84855e+06
188 9.4104e+06
115 4.8312e+06
55 3.69922e+06
142 5.9579e+06
200 1.21437e+07
183 7.55475e+06
94 4.29408e+06
Thế hệ thứ: 9
142 5.9579e+06
103 4.37583e+06
183 7.55475e+06
191 1.04186e+07
114 4.83105e+06
86 3.87037e+06
200 1.21437e+07
168 6.84855e+06
111 4.78713e+06
104 4.71537e+06
188 9.4104e+06
120 5.36476e+06
115 4.8312e+06
93 3.98355e+06
193 1.16942e+07
175 7.23206e+06
64 3.7946e+06
94 4.29408e+06
145 6.39253e+06
56 3.72683e+06
97 4.36224e+06
63 3.77121e+06
55 3.53791e+06
194 1.17844e+07
Thế hệ thứ: 10
63 3.77121e+06
142 5.9579e+06
103 4.37583e+06
183 7.55475e+06
175 7.23206e+06
194 1.17844e+07
145 6.39253e+06
56 3.72683e+06
114 4.83105e+06
86 3.87037e+06
97 4.36224e+06
200 1.21437e+07
168 6.84855e+06
64 3.7946e+06
111 4.78713e+06
188 9.4104e+06
94 4.29408e+06
115 4.8312e+06
55 3.53791e+06
93 3.98355e+06
193 1.16942e+07
192 9.56394e+06
182 7.5222e+06
105 4.47361e+06
134 5.03264e+06
Thế hệ thứ: 11
105 4.47361e+06
63 3.77121e+06
103 4.37583e+06
183 7.55475e+06
175 7.23206e+06
93 3.98355e+06
194 1.17844e+07
115 4.8312e+06
182 7.5222e+06
111 4.78713e+06
193 1.16942e+07
188 9.4104e+06
94 4.29408e+06
56 3.72683e+06
149 5.81342e+06
134 5.03264e+06
192 9.56394e+06
114 4.83105e+06
86 3.87037e+06
97 4.36224e+06
200 1.21437e+07
55 3.53791e+06
168 6.84855e+06
64 3.7946e+06
135 5.67739e+06
186 9.24984e+06
Thế hệ thứ: 12
56 3.72683e+06
105 4.47361e+06
63 3.77121e+06
103 4.37583e+06
183 7.55475e+06
175 7.23206e+06
149 5.81342e+06
134 5.03264e+06
93 3.98355e+06
192 9.56394e+06
194 1.17844e+07
182 7.5222e+06
115 4.8312e+06
54 3.51656e+06
94 4.29408e+06
111 4.78713e+06
114 4.83105e+06
193 1.16942e+07
86 3.87037e+06
97 4.36224e+06
135 5.67739e+06
200 1.21437e+07
55 3.53791e+06
168 6.84855e+06
64 3.7946e+06
188 9.02385e+06
Thế hệ thứ: 13
111 4.78713e+06
56 3.72683e+06
105 4.47361e+06
63 3.77121e+06
103 4.37583e+06
183 7.55475e+06
175 7.23206e+06
134 5.03264e+06
149 5.81342e+06
114 4.83105e+06
93 3.98355e+06
192 9.56394e+06
97 4.36224e+06
115 4.8312e+06
182 7.5222e+06
94 4.29408e+06
193 1.16942e+07
86 3.87037e+06
135 5.67739e+06
200 1.21437e+07
55 3.53791e+06
168 6.84855e+06
64 3.7946e+06
188 9.02385e+06
195 1.17755e+07
54 3.49569e+06
180 7.34139e+06
108 4.56073e+06
Thế hệ thứ: 14
56 3.72683e+06
108 4.56073e+06
111 4.78713e+06
105 4.47361e+06
63 3.77121e+06
103 4.37583e+06
183 7.55475e+06
175 7.23206e+06
149 5.81342e+06
134 5.03264e+06
195 1.17755e+07
114 4.83105e+06
54 3.49569e+06
86 3.87037e+06
93 3.98355e+06
192 9.56394e+06
135 5.67739e+06
180 7.34139e+06
200 1.21437e+07
55 3.53791e+06
182 7.5222e+06
115 4.8312e+06
168 6.84855e+06
64 3.7946e+06
94 4.29408e+06
188 9.02385e+06
95 4.30008e+06
119 4.96797e+06
193 1.1576e+07
154 6.08633e+06
167 6.58137e+06
99 4.36002e+06
Thế hệ thứ: 15
169 6.76453e+06
108 4.56073e+06
111 4.78713e+06
56 3.72683e+06
105 4.47361e+06
103 4.37583e+06
183 7.55475e+06
95 4.30008e+06
175 7.23206e+06
94 4.29408e+06
134 5.03264e+06
149 5.81342e+06
188 9.02385e+06
195 1.17755e+07
114 4.83105e+06
54 3.49569e+06
86 3.87037e+06
119 4.96797e+06
93 3.98355e+06
192 9.56394e+06
193 1.1576e+07
154 6.08633e+06
135 5.67739e+06
167 6.58137e+06
66 3.7545e+06
180 7.34139e+06
99 4.36002e+06
200 1.21437e+07
55 3.53791e+06
115 4.8312e+06
182 7.5222e+06
170 6.78737e+06
Thế hệ thứ: 16
56 3.72683e+06
108 4.56073e+06
169 6.76453e+06
111 4.78713e+06
105 4.47361e+06
192 9.56394e+06
103 4.37583e+06
183 7.55475e+06
193 1.1576e+07
200 1.21437e+07
154 6.08633e+06
95 4.30008e+06
195 1.17755e+07
175 7.23206e+06
135 5.67739e+06
167 6.58137e+06
94 4.29408e+06
66 3.7545e+06
180 7.34139e+06
170 6.78737e+06
149 5.81342e+06
134 5.03264e+06
55 3.53791e+06
188 9.02385e+06
182 7.5222e+06
115 4.8312e+06
114 4.83105e+06
54 3.49569e+06
86 3.87037e+06
99 4.36002e+06
119 4.96797e+06
93 3.98355e+06
166 6.57481e+06
92 3.93946e+06
68 3.76901e+06
Thế hệ thứ: 17
169 6.76453e+06
108 4.56073e+06
56 3.72683e+06
99 4.36002e+06
119 4.96797e+06
105 4.47361e+06
192 9.56394e+06
183 7.55475e+06
103 4.37583e+06
134 5.03264e+06
149 5.81342e+06
200 1.21437e+07
154 6.08633e+06
92 3.93946e+06
188 9.02385e+06
115 4.8312e+06
182 7.5222e+06
95 4.30008e+06
175 7.23206e+06
135 5.67739e+06
167 6.58137e+06
68 3.76901e+06
94 4.29408e+06
114 4.83105e+06
93 3.98355e+06
86 3.87037e+06
170 6.78737e+06
180 7.34139e+06
190 9.24407e+06
197 1.05651e+07
113 4.77556e+06
166 6.33278e+06
67 3.73128e+06
153 6.08454e+06
55 3.4939e+06
Thế hệ thứ: 18
197 1.05651e+07
183 7.55475e+06
103 4.37583e+06
135 5.67739e+06
56 3.72683e+06
108 4.56073e+06
169 6.76453e+06
99 4.36002e+06
119 4.96797e+06
105 4.47361e+06
192 9.56394e+06
167 6.58137e+06
154 6.08633e+06
92 3.93946e+06
55 3.4939e+06
190 9.24407e+06
170 6.78737e+06
180 7.34139e+06
149 5.81342e+06
134 5.03264e+06
166 6.33278e+06
93 3.98355e+06
68 3.76901e+06
200 1.21437e+07
94 4.29408e+06
153 6.08454e+06
188 9.02385e+06
182 7.5222e+06
115 4.8312e+06
67 3.73128e+06
113 4.77556e+06
185 8.99861e+06
86 3.87037e+06
95 4.30008e+06
114 4.83105e+06
175 7.23206e+06
Thế hệ thứ: 19
183 7.55475e+06
103 4.37583e+06
197 1.05651e+07
67 3.73128e+06
185 8.99861e+06
86 3.87037e+06
200 1.21437e+07
135 5.67739e+06
94 4.29408e+06
56 3.72683e+06
182 7.5222e+06
115 4.8312e+06
108 4.56073e+06
169 6.76453e+06
99 4.36002e+06
119 4.96797e+06
105 4.47361e+06
153 6.08454e+06
175 7.23206e+06
188 9.02385e+06
192 9.56394e+06
167 6.58137e+06
154 6.08633e+06
190 9.24407e+06
55 3.4939e+06
180 7.34139e+06
170 6.78737e+06
114 4.83105e+06
134 5.03264e+06
149 5.81342e+06
93 3.98355e+06
68 3.76901e+06
95 4.30008e+06
148 5.80571e+06
113 4.6337e+06
166 6.16463e+06
92 3.93031e+06
Thế hệ thứ: 20
56 3.72683e+06
197 1.05651e+07
183 7.55475e+06
103 4.37583e+06
67 3.73128e+06
185 8.99861e+06
86 3.87037e+06
114 4.83105e+06
200 1.21437e+07
94 4.29408e+06
175 7.23206e+06
115 4.8312e+06
182 7.5222e+06
92 3.93031e+06
108 4.56073e+06
169 6.76453e+06
99 4.36002e+06
95 4.30008e+06
134 5.03264e+06
119 4.96797e+06
105 4.47361e+06
153 6.08454e+06
188 9.02385e+06
166 6.16463e+06
167 6.58137e+06
93 3.98355e+06
68 3.76901e+06
136 5.60893e+06
149 5.67877e+06
154 6.08633e+06
55 3.4939e+06
190 9.24407e+06
170 6.78737e+06
180 7.34139e+06
113 4.6337e+06
97 4.33295e+06
168 6.6759e+06
193 9.35455e+06
Thế hệ thứ: 21
183 7.55475e+06
103 4.37583e+06
197 1.05651e+07
92 3.93031e+06
115 4.8312e+06
182 7.5222e+06
119 4.96797e+06
67 3.73128e+06
86 3.87037e+06
171 6.91041e+06
185 8.99861e+06
114 4.83105e+06
113 4.6337e+06
190 9.24407e+06
55 3.4939e+06
168 6.6759e+06
170 6.78737e+06
180 7.34139e+06
193 9.35455e+06
108 4.56073e+06
169 6.76453e+06
175 7.23206e+06
99 4.36002e+06
95 4.30008e+06
134 5.03264e+06
105 4.47361e+06
153 6.08454e+06
188 9.02385e+06
166 6.16463e+06
167 6.58137e+06
93 3.98355e+06
68 3.76901e+06
136 5.60893e+06
149 5.67877e+06
154 6.08633e+06
97 4.33295e+06
94 4.26748e+06
200 1.18874e+07
57 3.52824e+06
195 9.5337e+06
Thế hệ thứ: 22
92 3.93031e+06
197 1.05651e+07
183 7.55475e+06
103 4.37583e+06
153 6.08454e+06
136 5.60893e+06
154 6.08633e+06
149 5.67877e+06
115 4.8312e+06
182 7.5222e+06
58 3.53464e+06
119 4.96797e+06
67 3.73128e+06
185 8.99861e+06
86 3.87037e+06
171 6.91041e+06
114 4.83105e+06
193 9.35455e+06
195 9.5337e+06
113 4.6337e+06
55 3.4939e+06
190 9.24407e+06
180 7.34139e+06
170 6.78737e+06
168 6.6759e+06
57 3.52824e+06
188 9.02385e+06
200 1.18874e+07
166 6.16463e+06
94 4.26748e+06
108 4.56073e+06
169 6.76453e+06
175 7.23206e+06
167 6.58137e+06
99 4.36002e+06
97 4.33295e+06
95 4.30008e+06
134 5.03264e+06
93 3.98355e+06
68 3.76901e+06
105 4.47361e+06
Thế hệ thứ: 23
183 7.55475e+06
185 7.56045e+06
103 4.37583e+06
197 1.05651e+07
92 3.93031e+06
136 5.60893e+06
149 5.67877e+06
167 6.58137e+06
95 4.30008e+06
182 7.5222e+06
115 4.8312e+06
93 3.98355e+06
119 4.96797e+06
58 3.53464e+06
67 3.73128e+06
86 3.87037e+06
171 6.91041e+06
99 4.36002e+06
195 9.5337e+06
193 9.35455e+06
97 4.33295e+06
113 4.6337e+06
190 9.24407e+06
55 3.4939e+06
168 6.6759e+06
170 6.78737e+06
180 7.34139e+06
57 3.52824e+06
188 9.02385e+06
200 1.18874e+07
166 6.16463e+06
94 4.26748e+06
134 5.03264e+06
105 4.47361e+06
108 4.56073e+06
169 6.76453e+06
54 3.48231e+06
175 7.23206e+06
68 3.75141e+06
158 6.011e+06
114 4.82651e+06
Thế hệ thứ: 24
92 3.93031e+06
197 1.05651e+07
183 7.55475e+06
103 4.37583e+06
185 7.56045e+06
175 7.23206e+06
149 5.67877e+06
136 5.60893e+06
182 7.5222e+06
94 3.98041e+06
115 4.8312e+06
114 4.82651e+06
54 3.48231e+06
167 6.58137e+06
95 4.30008e+06
154 5.68077e+06
58 3.53464e+06
119 4.96797e+06
86 3.87037e+06
171 6.91041e+06
134 5.03264e+06
105 4.47361e+06
158 6.011e+06
99 4.36002e+06
169 6.76453e+06
108 4.56073e+06
193 9.35455e+06
195 9.5337e+06
97 4.33295e+06
113 4.6337e+06
55 3.4939e+06
190 9.24407e+06
180 7.34139e+06
170 6.78737e+06
168 6.6759e+06
57 3.52824e+06
188 9.02385e+06
200 1.18874e+07
166 6.16463e+06
68 3.75141e+06
67 3.60068e+06
Thế hệ thứ: 25
183 7.55475e+06
185 7.56045e+06
103 4.37583e+06
197 1.05651e+07
92 3.93031e+06
169 6.76453e+06
108 4.56073e+06
149 5.67877e+06
136 5.60893e+06
54 3.48231e+06
86 3.87037e+06
58 3.53464e+06
119 4.96797e+06
99 4.36002e+06
114 4.82651e+06
115 4.8312e+06
182 7.5222e+06
94 3.98041e+06
167 6.58137e+06
95 4.30008e+06
105 4.47361e+06
154 5.68077e+06
158 6.011e+06
55 3.4939e+06
190 9.24407e+06
134 5.03264e+06
97 4.33295e+06
195 9.5337e+06
193 9.35455e+06
113 4.6337e+06
168 6.6759e+06
170 6.78737e+06
180 7.34139e+06
188 9.02385e+06
200 1.18874e+07
166 6.16463e+06
68 3.75141e+06
67 3.60068e+06
176 6.85858e+06
186 8.2342e+06
57 3.52696e+06
Thế hệ thứ: 26
92 3.93031e+06
197 1.05651e+07
187 7.89676e+06
183 7.55475e+06
103 4.37583e+06
185 7.56045e+06
108 4.56073e+06
169 6.76453e+06
195 9.5337e+06
193 9.35455e+06
176 6.85858e+06
67 3.60068e+06
136 5.60893e+06
149 5.67877e+06
113 4.6337e+06
182 7.5222e+06
94 3.98041e+06
115 4.8312e+06
114 4.82651e+06
180 7.34139e+06
170 6.78737e+06
168 6.6759e+06
54 3.48231e+06
86 3.87037e+06
200 1.06369e+07
119 4.96797e+06
99 4.36002e+06
57 3.52696e+06
167 6.58137e+06
105 4.47361e+06
134 5.03264e+06
154 5.68077e+06
158 6.011e+06
190 9.24407e+06
55 3.4939e+06
68 3.75141e+06
166 6.16463e+06
188 9.02385e+06
97 4.33295e+06
96 4.29306e+06
58 3.53356e+06
148 5.67157e+06
Thế hệ thứ: 27
187 7.89676e+06
185 7.56045e+06
103 4.37583e+06
197 1.05651e+07
92 3.93031e+06
97 4.33295e+06
188 9.02385e+06
108 4.56073e+06
169 6.76453e+06
193 9.35455e+06
195 9.5337e+06
166 6.16463e+06
167 6.58137e+06
67 3.60068e+06
184 7.19054e+06
176 6.85858e+06
149 5.67877e+06
136 5.60893e+06
154 5.68077e+06
105 4.47361e+06
113 4.6337e+06
68 3.75141e+06
114 4.82651e+06
115 4.8312e+06
94 3.98041e+06
168 6.6759e+06
170 6.78737e+06
54 3.48231e+06
86 3.87037e+06
158 6.011e+06
119 4.96797e+06
190 9.24407e+06
55 3.4939e+06
134 5.03264e+06
99 4.36002e+06
57 3.52696e+06
96 4.29306e+06
58 3.53356e+06
148 5.67157e+06
200 1.05756e+07
Thế hệ thứ: 28
92 3.93031e+06
197 1.05651e+07
148 5.67157e+06
187 7.89676e+06
103 4.37583e+06
185 7.56045e+06
96 4.29306e+06
97 4.33295e+06
188 9.02385e+06
108 4.56073e+06
169 6.76453e+06
195 9.5337e+06
193 9.35455e+06
166 6.16463e+06
200 1.05756e+07
167 6.58137e+06
184 7.19054e+06
176 6.85858e+06
67 3.60068e+06
136 5.60893e+06
149 5.67877e+06
154 5.68077e+06
105 4.47361e+06
99 4.36002e+06
113 4.6337e+06
59 3.53619e+06
68 3.75141e+06
134 5.03264e+06
94 3.98041e+06
115 4.8312e+06
114 4.82651e+06
170 6.78737e+06
168 6.6759e+06
86 3.87037e+06
158 6.011e+06
119 4.96797e+06
190 9.24407e+06
58 3.40566e+06
Thế hệ thứ: 29
67 3.60068e+06
184 7.19054e+06
176 6.85858e+06
103 4.37583e+06
185 7.56045e+06
187 7.89676e+06
148 5.67157e+06
197 1.05651e+07
92 3.93031e+06
94 3.98041e+06
115 4.8312e+06
114 4.82651e+06
59 3.53619e+06
68 3.75141e+06
170 6.78737e+06
168 6.6759e+06
97 4.33295e+06
188 9.02385e+06
58 3.40566e+06
108 4.56073e+06
169 6.76453e+06
193 9.35455e+06
195 9.5337e+06
166 6.16463e+06
200 1.05756e+07
134 5.03264e+06
167 6.58137e+06
149 5.67877e+06
136 5.60893e+06
154 5.68077e+06
190 9.24407e+06
105 4.47361e+06
119 4.96797e+06
99 4.36002e+06
158 6.011e+06
86 3.87037e+06
113 4.6337e+06
96 3.98671e+06
Thế hệ thứ: 30
105 4.47361e+06
67 3.60068e+06
176 6.85858e+06
184 7.19054e+06
148 5.67157e+06
185 7.56045e+06
103 4.37583e+06
187 7.89676e+06
149 5.67877e+06
136 5.60893e+06
134 5.03264e+06
197 1.05651e+07
92 3.93031e+06
98 4.33721e+06
94 3.98041e+06
114 4.82651e+06
115 4.8312e+06
154 5.68077e+06
96 3.98671e+06
113 4.6337e+06
86 3.87037e+06
68 3.75141e+06
59 3.53619e+06
167 6.58137e+06
168 6.6759e+06
170 6.78737e+06
97 4.33295e+06
188 9.02385e+06
158 6.011e+06
108 4.56073e+06
169 6.76453e+06
58 3.40566e+06
195 9.5337e+06
193 9.35455e+06
99 4.36002e+06
166 6.16463e+06
119 4.96797e+06
200 1.05756e+07
190 9.16618e+06
Thế hệ thứ: 31
67 3.60068e+06
184 7.19054e+06
176 6.85858e+06
105 4.47361e+06
166 6.16463e+06
167 6.58137e+06
119 4.96797e+06
187 7.89676e+06
185 7.56045e+06
103 4.37583e+06
136 5.60893e+06
149 5.67877e+06
200 1.05756e+07
170 6.78737e+06
168 6.6759e+06
134 5.03264e+06
97 4.33295e+06
188 9.02385e+06
197 1.05651e+07
92 3.93031e+06
190 9.16618e+06
158 6.011e+06
98 4.33721e+06
94 3.98041e+06
115 4.8312e+06
114 4.82651e+06
95 3.98566e+06
58 3.40566e+06
108 4.56073e+06
169 6.76453e+06
154 5.68077e+06
96 3.98671e+06
113 4.6337e+06
193 9.35455e+06
195 9.5337e+06
86 3.87037e+06
59 3.53619e+06
68 3.75141e+06
99 4.36002e+06
148 5.65482e+06
177 6.85936e+06
Thế hệ thứ: 32
105 4.47361e+06
67 3.60068e+06
176 6.85858e+06
184 7.19054e+06
58 3.40566e+06
95 3.98566e+06
108 4.56073e+06
169 6.76453e+06
166 6.16463e+06
167 6.58137e+06
154 5.68077e+06
119 4.96797e+06
96 3.98671e+06
185 7.56045e+06
187 7.89676e+06
149 5.67877e+06
99 4.11603e+06
113 4.6337e+06
200 1.05756e+07
168 6.6759e+06
170 6.78737e+06
190 9.16618e+06
148 5.65482e+06
177 6.85936e+06
195 9.5337e+06
193 9.35455e+06
134 5.03264e+06
188 9.02385e+06
86 3.87037e+06
197 1.05651e+07
68 3.75141e+06
59 3.53619e+06
92 3.93031e+06
158 6.011e+06
115 4.8312e+06
94 3.98041e+06
139 5.06511e+06
104 4.26673e+06
114 4.64698e+06
Thế hệ thứ: 33
167 6.58137e+06
67 3.60068e+06
184 7.19054e+06
176 6.85858e+06
105 4.47361e+06
113 4.6337e+06
99 4.11603e+06
94 3.98041e+06
115 4.8312e+06
108 4.56073e+06
169 6.76453e+06
58 3.40566e+06
95 3.98566e+06
166 6.16463e+06
158 6.011e+06
154 5.68077e+06
119 4.96797e+06
114 4.64698e+06
96 3.98671e+06
92 3.93031e+06
187 7.89676e+06
185 7.56045e+06
200 1.05756e+07
149 5.67877e+06
170 6.78737e+06
168 6.6759e+06
148 5.65482e+06
190 9.16618e+06
177 6.85936e+06
193 9.35455e+06
195 9.5337e+06
134 5.03264e+06
188 9.02385e+06
86 3.87037e+06
197 1.05651e+07
59 3.53619e+06
68 3.75141e+06
104 4.26673e+06
139 5.06511e+06
178 7.12243e+06
Thế hệ thứ: 34
167 6.58137e+06
105 4.47361e+06
67 3.60068e+06
176 6.85858e+06
184 7.19054e+06
113 4.6337e+06
99 4.11603e+06
94 3.98041e+06
115 4.8312e+06
148 5.65482e+06
190 9.16618e+06
177 6.85936e+06
58 3.40566e+06
95 3.98566e+06
108 4.56073e+06
169 6.76453e+06
178 7.12243e+06
104 4.26673e+06
139 5.06511e+06
166 6.16463e+06
195 9.5337e+06
193 9.35455e+06
158 6.011e+06
154 5.68077e+06
119 4.96797e+06
134 5.03264e+06
96 3.98671e+06
114 4.64698e+06
188 9.02385e+06
185 7.56045e+06
187 7.89676e+06
200 1.05756e+07
197 1.05651e+07
149 5.67877e+06
68 3.75141e+06
59 3.53619e+06
168 6.6759e+06
170 6.78737e+06
92 3.8612e+06
Thế hệ thứ: 35
167 6.58137e+06
67 3.60068e+06
184 7.19054e+06
176 6.85858e+06
105 4.47361e+06
68 3.75141e+06
59 3.53619e+06
170 6.78737e+06
168 6.6759e+06
99 4.11603e+06
113 4.6337e+06
187 7.89676e+06
185 7.56045e+06
94 3.98041e+06
115 4.8312e+06
190 9.16618e+06
148 5.65482e+06
200 1.05756e+07
177 6.85936e+06
108 4.56073e+06
169 6.76453e+06
58 3.40566e+06
95 3.98566e+06
104 4.26673e+06
178 7.12243e+06
139 5.06511e+06
197 1.05651e+07
166 6.16463e+06
193 9.35455e+06
195 9.5337e+06
158 6.011e+06
154 5.68077e+06
119 4.96797e+06
92 3.8612e+06
149 5.67877e+06
134 5.03264e+06
114 4.64698e+06
96 3.98671e+06
188 9.02385e+06
140 5.25412e+06
75 3.83029e+06
73 3.82571e+06
Thế hệ thứ: 36
168 6.6759e+06
170 6.78737e+06
75 3.83029e+06
73 3.82571e+06
167 6.58137e+06
105 4.47361e+06
67 3.60068e+06
176 6.85858e+06
184 7.19054e+06
59 3.53619e+06
68 3.75141e+06
140 5.25412e+06
158 6.011e+06
190 9.16618e+06
148 5.65482e+06
113 4.6337e+06
99 4.11603e+06
185 7.56045e+06
187 7.89676e+06
94 3.98041e+06
115 4.8312e+06
149 5.67877e+06
154 5.68077e+06
119 4.96797e+06
188 9.02385e+06
114 4.64698e+06
96 3.98671e+06
200 1.05756e+07
177 6.85936e+06
58 3.40566e+06
95 3.98566e+06
108 4.56073e+06
169 6.76453e+06
178 7.12243e+06
104 4.26673e+06
134 5.03264e+06
197 1.05651e+07
92 3.8612e+06
166 6.16463e+06
195 9.5337e+06
193 9.35455e+06
139 5.0543e+06
Thế hệ thứ: 37
168 6.6759e+06
170 6.78737e+06
58 3.40566e+06
169 6.76453e+06
108 4.56073e+06
73 3.82571e+06
75 3.83029e+06
167 6.58137e+06
105 4.47361e+06
176 6.85858e+06
184 7.19054e+06
67 3.60068e+06
187 7.89676e+06
185 7.56045e+06
139 5.0543e+06
59 3.53619e+06
104 4.26673e+06
178 7.12243e+06
140 5.25412e+06
158 6.011e+06
69 3.68833e+06
148 5.65482e+06
190 9.16618e+06
99 4.11603e+06
113 4.6337e+06
195 9.5337e+06
193 9.35455e+06
197 1.05651e+07
115 4.8312e+06
92 3.8612e+06
166 6.16463e+06
149 5.67877e+06
154 5.68077e+06
119 4.96797e+06
188 9.02385e+06
134 5.03264e+06
96 3.98671e+06
114 4.64698e+06
200 1.05756e+07
177 6.85936e+06
95 3.979e+06
93 3.91101e+06
Thế hệ thứ: 38
67 3.60068e+06
184 7.19054e+06
176 6.85858e+06
168 6.6759e+06
170 6.78737e+06
115 4.8312e+06
58 3.40566e+06
108 4.56073e+06
169 6.76453e+06
140 5.25412e+06
73 3.82571e+06
75 3.83029e+06
95 3.979e+06
167 6.58137e+06
105 4.47361e+06
92 3.8612e+06
200 1.05756e+07
185 7.56045e+06
187 7.89676e+06
114 4.64698e+06
96 3.98671e+06
139 5.0543e+06
59 3.53619e+06
93 3.91101e+06
134 5.03264e+06
188 9.02385e+06
178 7.12243e+06
104 4.26673e+06
177 6.85936e+06
119 4.96797e+06
158 6.011e+06
190 9.16618e+06
148 5.65482e+06
69 3.68833e+06
154 5.68077e+06
113 4.6337e+06
99 4.11603e+06
193 9.35455e+06
195 9.5337e+06
197 1.05651e+07
149 5.67877e+06
166 6.16463e+06
Thế hệ thứ: 39
67 3.60068e+06
176 6.85858e+06
184 7.19054e+06
168 6.6759e+06
170 6.78737e+06
190 9.16618e+06
69 3.68833e+06
148 5.65482e+06
115 4.8312e+06
58 3.40566e+06
108 4.56073e+06
169 6.76453e+06
154 5.68077e+06
140 5.25412e+06
73 3.82571e+06
99 4.11603e+06
113 4.6337e+06
75 3.83029e+06
167 6.58137e+06
105 4.47361e+06
92 3.8612e+06
200 1.05756e+07
195 9.5337e+06
193 9.35455e+06
187 7.89676e+06
185 7.56045e+06
96 3.98671e+06
114 4.64698e+06
139 5.0543e+06
59 3.53619e+06
149 5.67877e+06
93 3.91101e+06
134 5.03264e+06
188 9.02385e+06
104 4.26673e+06
178 7.12243e+06
177 6.85936e+06
119 4.96797e+06
166 5.94675e+06
199 1.04528e+07
68 3.67828e+06
95 3.97412e+06
Thế hệ thứ: 40
99 4.11603e+06
113 4.6337e+06
67 3.60068e+06
184 7.19054e+06
176 6.85858e+06
168 6.6759e+06
170 6.78737e+06
148 5.65482e+06
190 9.16618e+06
69 3.68833e+06
139 5.0543e+06
73 3.82571e+06
95 3.97412e+06
115 4.8312e+06
134 5.03264e+06
68 3.67828e+06
108 4.56073e+06
169 6.76453e+06
58 3.40566e+06
199 1.04528e+07
154 5.68077e+06
166 5.94675e+06
140 5.25412e+06
119 4.96797e+06
177 6.85936e+06
93 3.91101e+06
75 3.83029e+06
167 6.58137e+06
178 7.12243e+06
104 4.26673e+06
188 9.02385e+06
105 4.47361e+06
59 3.53619e+06
92 3.8612e+06
200 1.05756e+07
193 9.35455e+06
195 9.5337e+06
149 5.67877e+06
185 7.56045e+06
187 7.89676e+06
114 4.64698e+06
96 3.98671e+06
186 7.88639e+06
Thế hệ thứ: 41
59 3.43669e+06
99 4.11603e+06
113 4.6337e+06
67 3.60068e+06
176 6.85858e+06
184 7.19054e+06
168 6.6759e+06
170 6.78737e+06
73 3.82571e+06
95 3.97412e+06
69 3.68833e+06
190 9.16618e+06
148 5.65482e+06
185 7.56045e+06
187 7.89676e+06
139 5.0543e+06
114 4.64698e+06
96 3.98671e+06
115 4.8312e+06
92 3.8612e+06
134 5.03264e+06
58 3.40566e+06
108 4.56073e+06
169 6.76453e+06
199 1.04528e+07
154 5.68077e+06
166 5.94675e+06
140 5.25412e+06
119 4.96797e+06
186 7.88639e+06
177 6.85936e+06
149 5.67877e+06
93 3.91101e+06
75 3.83029e+06
193 9.35455e+06
195 9.5337e+06
200 1.05756e+07
167 6.58137e+06
104 4.26673e+06
178 7.12243e+06
188 9.02385e+06
105 4.47361e+06
68 3.66012e+06
Thế hệ thứ: 42
59 3.43669e+06
99 4.11603e+06
113 4.6337e+06
93 3.91101e+06
67 3.60068e+06
184 7.19054e+06
176 6.85858e+06
170 6.78737e+06
168 6.6759e+06
95 3.97412e+06
73 3.82571e+06
200 1.05756e+07
148 5.65482e+06
190 9.16618e+06
69 3.68833e+06
75 3.83029e+06
187 7.89676e+06
185 7.56045e+06
140 5.25412e+06
68 3.66012e+06
139 5.0543e+06
96 3.98671e+06
114 4.64698e+06
115 4.8312e+06
195 9.5337e+06
193 9.35455e+06
92 3.8612e+06
134 5.03264e+06
105 4.47361e+06
188 9.02385e+06
108 4.56073e+06
169 6.76453e+06
199 1.04528e+07
104 4.26673e+06
178 7.12243e+06
154 5.68077e+06
167 6.58137e+06
166 5.94675e+06
119 4.96797e+06
186 7.88639e+06
58 3.32913e+06
177 6.85936e+06
149 5.67877e+06
142 5.56628e+06
Thế hệ thứ: 43
59 3.43669e+06
99 4.11603e+06
113 4.6337e+06
93 3.91101e+06
67 3.60068e+06
176 6.85858e+06
184 7.19054e+06
170 6.78737e+06
168 6.6759e+06
73 3.82571e+06
95 3.97412e+06
177 6.85936e+06
58 3.32913e+06
200 1.05756e+07
69 3.68833e+06
190 9.16618e+06
148 5.65482e+06
149 5.67877e+06
75 3.83029e+06
142 5.56628e+06
185 7.56045e+06
187 7.89676e+06
68 3.66012e+06
140 5.25412e+06
139 5.0543e+06
114 4.64698e+06
96 3.98671e+06
104 4.26673e+06
178 7.12243e+06
115 4.8312e+06
154 5.68077e+06
193 9.35455e+06
195 9.5337e+06
186 7.88639e+06
119 4.96797e+06
92 3.8612e+06
166 5.94675e+06
134 5.03264e+06
167 6.58137e+06
105 4.47361e+06
188 9.02385e+06
108 4.56073e+06
169 6.76453e+06
199 1.04528e+07
Thế hệ thứ: 44
59 3.43669e+06
99 4.11603e+06
113 4.6337e+06
93 3.91101e+06
119 4.96797e+06
67 3.60068e+06
184 7.19054e+06
176 6.85858e+06
168 6.6759e+06
170 6.78737e+06
199 1.04528e+07
95 3.97412e+06
73 3.82571e+06
75 3.83029e+06
177 6.85936e+06
58 3.32913e+06
92 3.8612e+06
200 1.05756e+07
148 5.65482e+06
190 9.16618e+06
69 3.68833e+06
149 5.67877e+06
166 5.94675e+06
134 5.03264e+06
167 6.58137e+06
142 5.56628e+06
105 4.47361e+06
188 9.02385e+06
187 7.89676e+06
185 7.56045e+06
108 4.56073e+06
169 6.76453e+06
140 5.25412e+06
68 3.66012e+06
139 5.0543e+06
96 3.98671e+06
114 4.64698e+06
178 7.12243e+06
104 4.26673e+06
115 4.8312e+06
154 5.68077e+06
195 9.5337e+06
193 9.35455e+06
186 7.88639e+06
Thế hệ thứ: 45
114 4.64698e+06
96 3.98671e+06
59 3.43669e+06
99 4.11603e+06
113 4.6337e+06
184 7.19054e+06
176 6.85858e+06
67 3.60068e+06
195 9.5337e+06
93 3.91101e+06
119 4.96797e+06
154 5.68077e+06
170 6.78737e+06
168 6.6759e+06
199 1.04528e+07
95 3.97412e+06
73 3.82571e+06
139 5.0543e+06
75 3.83029e+06
177 6.85936e+06
58 3.32913e+06
186 7.88639e+06
115 4.8312e+06
92 3.8612e+06
200 1.05756e+07
69 3.68833e+06
190 9.16618e+06
148 5.65482e+06
149 5.67877e+06
105 4.47361e+06
178 7.12243e+06
104 4.26673e+06
166 5.94675e+06
134 5.03264e+06
194 9.2777e+06
167 6.58137e+06
142 5.56628e+06
188 9.02385e+06
185 7.56045e+06
187 7.89676e+06
108 4.56073e+06
169 6.76453e+06
68 3.66012e+06
140 5.25412e+06
Thế hệ thứ: 46
59 3.43669e+06
99 4.11603e+06
113 4.6337e+06
114 4.64698e+06
96 3.98671e+06
176 6.85858e+06
184 7.19054e+06
67 3.60068e+06
167 6.58137e+06
142 5.56628e+06
93 3.91101e+06
119 4.96797e+06
154 5.68077e+06
168 6.6759e+06
170 6.78737e+06
199 1.04528e+07
140 5.25412e+06
68 3.66012e+06
95 3.97412e+06
73 3.82571e+06
139 5.0543e+06
187 7.89676e+06
145 5.61942e+06
185 7.56045e+06
75 3.83029e+06
58 3.32913e+06
177 6.85936e+06
186 7.88639e+06
115 4.8312e+06
108 4.56073e+06
169 6.76453e+06
92 3.8612e+06
200 1.05756e+07
148 5.65482e+06
190 9.16618e+06
69 3.68833e+06
149 5.67877e+06
105 4.47361e+06
104 4.26673e+06
178 7.12243e+06
166 5.94675e+06
134 5.03264e+06
188 8.51671e+06
195 9.17052e+06
98 4.08944e+06
Thế hệ thứ: 47
114 4.64698e+06
96 3.98671e+06
59 3.43669e+06
99 4.11603e+06
113 4.6337e+06
166 5.94675e+06
178 7.12243e+06
104 4.26673e+06
67 3.60068e+06
176 6.85858e+06
184 7.19054e+06
134 5.03264e+06
188 8.51671e+06
142 5.56628e+06
105 4.47361e+06
92 3.8612e+06
195 9.17052e+06
93 3.91101e+06
119 4.96797e+06
154 5.68077e+06
149 5.67877e+06
199 1.04528e+07
148 5.65482e+06
190 9.16618e+06
69 3.68833e+06
98 4.08944e+06
68 3.66012e+06
140 5.25412e+06
95 3.97412e+06
73 3.82571e+06
139 5.0543e+06
145 5.61942e+06
185 7.56045e+06
187 7.89676e+06
75 3.83029e+06
177 6.85936e+06
58 3.32913e+06
200 1.05756e+07
115 4.8312e+06
108 4.56073e+06
186 7.85871e+06
171 6.33853e+06
Thế hệ thứ: 48
184 7.19054e+06
176 6.85858e+06
67 3.60068e+06
59 3.43669e+06
99 4.11603e+06
113 4.6337e+06
114 4.64698e+06
96 3.98671e+06
166 5.94675e+06
104 4.26673e+06
68 3.66012e+06
140 5.25412e+06
195 9.17052e+06
134 5.03264e+06
108 4.56073e+06
139 5.0543e+06
186 7.85871e+06
188 8.51671e+06
73 3.82571e+06
95 3.97412e+06
142 5.56628e+06
171 6.33853e+06
105 4.47361e+06
92 3.8612e+06
187 7.89676e+06
145 5.61942e+06
185 7.56045e+06
93 3.91101e+06
75 3.83029e+06
58 3.32913e+06
177 6.85936e+06
119 4.96797e+06
154 5.68077e+06
149 5.67877e+06
200 1.05756e+07
115 4.8312e+06
199 1.04528e+07
69 3.68833e+06
190 9.16618e+06
148 5.65482e+06
98 4.08944e+06
179 6.89343e+06
Thế hệ thứ: 49
176 6.85858e+06
184 7.19054e+06
67 3.60068e+06
114 4.64698e+06
96 3.98671e+06
59 3.43669e+06
99 4.11603e+06
113 4.6337e+06
154 5.68077e+06
166 5.94675e+06
190 9.16618e+06
69 3.68833e+06
148 5.65482e+06
104 4.26673e+06
188 8.51671e+06
140 5.25412e+06
68 3.66012e+06
149 5.67877e+06
200 1.05756e+07
105 4.47361e+06
179 6.89343e+06
195 9.17052e+06
98 4.08944e+06
134 5.03264e+06
108 4.56073e+06
186 7.85871e+06
139 5.0543e+06
115 4.8312e+06
95 3.97412e+06
73 3.82571e+06
142 5.56628e+06
171 6.33853e+06
199 1.04528e+07
92 3.8612e+06
145 5.61942e+06
185 7.56045e+06
187 7.89676e+06
93 3.91101e+06
75 3.83029e+06
177 6.85936e+06
58 3.32913e+06
119 4.96797e+06
