Thế hệ thứ: 0
18 2.22531e+06
20 3.66701e+06
19 3.50847e+06
Thế hệ thứ: 1
18 2.22531e+06
19 2.45533e+06
20 2.4913e+06
Thế hệ thứ: 2
18 2.22531e+06
20 2.35989e+06
Thế hệ thứ: 3
18 2.22531e+06
20 2.35989e+06
17 2.12356e+06
Thế hệ thứ: 4
18 2.22531e+06
20 2.35989e+06
17 2.12356e+06
Thế hệ thứ: 5
18 2.22531e+06
20 2.35989e+06
17 2.12356e+06
19 2.35795e+06
Thế hệ thứ: 6
18 2.22531e+06
20 2.35989e+06
17 2.12356e+06
19 2.27043e+06
Thế hệ thứ: 7
18 2.22531e+06
19 2.27043e+06
20 2.35989e+06
17 2.12356e+06
Thế hệ thứ: 8
17 2.12356e+06
18 2.22531e+06
19 2.27043e+06
20 2.35989e+06
Thế hệ thứ: 9
17 2.12356e+06
18 2.22531e+06
19 2.27043e+06
20 2.35989e+06
Thế hệ thứ: 10
20 2.35989e+06
19 2.27043e+06
17 2.12356e+06
18 2.22531e+06
Thế hệ thứ: 11
19 2.27043e+06
20 2.35989e+06
17 2.12356e+06
18 2.22531e+06
Thế hệ thứ: 12
18 2.22531e+06
20 2.35989e+06
19 2.27043e+06
17 2.12356e+06
Thế hệ thứ: 13
18 2.22531e+06
19 2.27043e+06
17 2.12356e+06
20 2.35694e+06
Thế hệ thứ: 14
20 2.35694e+06
18 2.22531e+06
19 2.27043e+06
17 2.12356e+06
Thế hệ thứ: 15
20 2.35694e+06
19 2.27043e+06
17 2.12356e+06
18 2.20448e+06
Thế hệ thứ: 16
18 2.20448e+06
19 2.27043e+06
17 2.12356e+06
20 2.35424e+06
Thế hệ thứ: 17
18 2.20448e+06
19 2.27043e+06
20 2.35424e+06
17 2.12356e+06
Thế hệ thứ: 18
18 2.20448e+06
20 2.35424e+06
19 2.27043e+06
17 2.12356e+06
Thế hệ thứ: 19
18 2.20448e+06
19 2.27043e+06
20 2.35424e+06
17 2.12356e+06
Thế hệ thứ: 20
20 2.35424e+06
17 2.12356e+06
19 2.20342e+06
Thế hệ thứ: 21
19 2.14834e+06
20 2.31239e+06
18 2.09457e+06
Thế hệ thứ: 22
19 2.14834e+06
20 2.31239e+06
18 2.09457e+06
Thế hệ thứ: 23
19 2.14834e+06
20 2.31239e+06
18 2.09457e+06
Thế hệ thứ: 24
19 2.14834e+06
20 2.31239e+06
18 2.09457e+06
Thế hệ thứ: 25
19 2.14834e+06
18 2.09457e+06
20 2.23378e+06
Thế hệ thứ: 26
19 2.14834e+06
18 2.09457e+06
20 2.23378e+06
Thế hệ thứ: 27
19 2.14834e+06
18 2.09457e+06
20 2.23378e+06
Thế hệ thứ: 28
19 2.14834e+06
18 2.09457e+06
20 2.23378e+06
Thế hệ thứ: 29
19 2.14834e+06
20 2.23378e+06
18 2.07524e+06
