Thế hệ thứ: 0
107 3.74105e+07
49 2.28141e+07
65 2.76593e+07
113 4.58602e+07
40 2.0979e+07
55 2.69481e+07
53 2.50231e+07
47 2.26378e+07
45 2.21816e+07
51 2.354e+07
67 2.93131e+07
96 3.5474e+07
54 2.58592e+07
99 3.55207e+07
108 3.95623e+07
100 3.60834e+07
117 4.64219e+07
110 4.42443e+07
123 4.94856e+07
Thế hệ thứ: 1
117 4.64219e+07
100 3.60834e+07
49 2.28141e+07
107 3.74105e+07
65 2.76593e+07
40 2.0979e+07
99 3.55207e+07
96 3.5474e+07
47 2.26378e+07
123 4.94856e+07
51 2.354e+07
55 2.69481e+07
53 2.50231e+07
54 2.58592e+07
45 2.21816e+07
94 3.4531e+07
119 4.64249e+07
115 4.04609e+07
67 2.92411e+07
108 3.94359e+07
76 3.35592e+07
Thế hệ thứ: 2
67 2.92411e+07
45 2.21816e+07
123 4.94856e+07
54 2.58592e+07
55 2.69481e+07
53 2.50231e+07
108 3.94359e+07
117 4.64219e+07
115 4.04609e+07
100 3.60834e+07
49 2.28141e+07
107 3.74105e+07
94 3.4531e+07
65 2.76593e+07
119 4.64249e+07
40 2.0979e+07
51 2.354e+07
47 2.26378e+07
81 3.25011e+07
99 3.51365e+07
Thế hệ thứ: 3
107 3.74105e+07
49 2.28141e+07
45 2.21816e+07
67 2.92411e+07
123 4.94856e+07
65 2.76593e+07
54 2.58592e+07
119 4.64249e+07
40 2.0979e+07
53 2.50231e+07
55 2.69481e+07
51 2.354e+07
115 4.04609e+07
47 2.26378e+07
108 3.85892e+07
104 3.42367e+07
81 3.19902e+07
118 4.54255e+07
89 3.27286e+07
117 4.32884e+07
Thế hệ thứ: 4
40 2.0979e+07
65 2.76593e+07
55 2.69481e+07
53 2.50231e+07
108 3.85892e+07
117 4.32884e+07
118 4.54255e+07
49 2.28141e+07
107 3.74105e+07
45 2.21816e+07
67 2.92411e+07
89 3.27286e+07
123 4.94856e+07
51 2.354e+07
81 3.19902e+07
115 4.04609e+07
104 3.42367e+07
54 2.58592e+07
47 2.26378e+07
119 4.64249e+07
120 4.67788e+07
128 4.95036e+07
110 3.88461e+07
114 3.92496e+07
Thế hệ thứ: 5
49 2.28141e+07
107 3.74105e+07
118 4.54255e+07
65 2.76593e+07
40 2.0979e+07
67 2.92411e+07
55 2.69481e+07
53 2.50231e+07
128 4.95036e+07
110 3.88461e+07
117 4.32884e+07
81 3.19902e+07
89 3.27286e+07
45 2.21816e+07
51 2.354e+07
115 4.04609e+07
104 3.42367e+07
54 2.58592e+07
47 2.26378e+07
119 4.64249e+07
120 4.67788e+07
114 3.92496e+07
108 3.75127e+07
87 3.25038e+07
123 4.76265e+07
Thế hệ thứ: 6
121 4.66169e+07
53 2.50231e+07
55 2.69481e+07
49 2.28141e+07
54 2.58592e+07
128 4.95036e+07
110 3.88461e+07
65 2.76593e+07
40 2.0979e+07
104 3.42367e+07
81 3.19902e+07
67 2.92411e+07
89 3.27286e+07
51 2.354e+07
115 4.04609e+07
45 2.21816e+07
47 2.26378e+07
119 4.64249e+07
114 3.92496e+07
87 3.25038e+07
123 4.76265e+07
109 3.60723e+07
118 4.19192e+07
124 4.91038e+07
Thế hệ thứ: 7
53 2.50231e+07
55 2.69481e+07
121 4.66169e+07
115 4.04609e+07
51 2.354e+07
124 4.91038e+07
123 4.76265e+07
49 2.28141e+07
114 3.92496e+07
87 3.25038e+07
45 2.21816e+07
89 3.27286e+07
54 2.58592e+07
128 4.95036e+07
65 2.76593e+07
109 3.60723e+07
40 2.0979e+07
104 3.42367e+07
81 3.19902e+07
47 2.26378e+07
118 4.19192e+07
67 2.92411e+07
119 4.43346e+07
110 3.83372e+07
116 4.06394e+07
Thế hệ thứ: 8
129 4.81169e+07
114 3.92496e+07
53 2.50231e+07
55 2.69481e+07
89 3.27286e+07
65 2.76593e+07
110 3.83372e+07
87 3.25038e+07
115 4.04609e+07
51 2.354e+07
121 4.40685e+07
54 2.58592e+07
49 2.28141e+07
45 2.21816e+07
109 3.60723e+07
40 2.0979e+07
104 3.42367e+07
81 3.19902e+07
47 2.26378e+07
118 4.19192e+07
67 2.92411e+07
116 4.06394e+07
123 4.57234e+07
Thế hệ thứ: 9
65 2.76593e+07
129 4.81169e+07
114 3.80454e+07
47 2.26378e+07
118 4.19192e+07
116 4.06394e+07
45 2.21816e+07
55 2.69481e+07
53 2.50231e+07
89 3.27286e+07
109 3.60723e+07
49 2.28141e+07
40 2.0979e+07
87 3.25038e+07
115 4.04609e+07
51 2.354e+07
104 3.42367e+07
81 3.19902e+07
67 2.92411e+07
54 2.58592e+07
123 4.22652e+07
Thế hệ thứ: 10
40 2.0979e+07
65 2.76593e+07
54 2.58592e+07
123 4.22652e+07
114 3.80454e+07
129 4.81169e+07
104 3.42367e+07
87 3.25038e+07
53 2.50231e+07
115 3.93229e+07
55 2.69481e+07
47 2.26378e+07
118 4.19192e+07
116 4.06394e+07
45 2.21816e+07
51 2.354e+07
67 2.92411e+07
89 3.27286e+07
109 3.60723e+07
49 2.28141e+07
125 4.77618e+07
81 3.07487e+07
124 4.41854e+07
Thế hệ thứ: 11
123 4.22652e+07
82 3.14062e+07
65 2.76593e+07
40 2.0979e+07
53 2.50231e+07
55 2.69481e+07
54 2.58592e+07
116 3.92078e+07
89 3.27286e+07
67 2.92411e+07
51 2.354e+07
114 3.80454e+07
129 4.81169e+07
104 3.42367e+07
118 4.19192e+07
47 2.26378e+07
87 3.25038e+07
45 2.21816e+07
109 3.60723e+07
49 2.28141e+07
125 4.77618e+07
81 3.07487e+07
124 4.41854e+07
113 3.67e+07
91 3.40347e+07
Thế hệ thứ: 12
123 4.22652e+07
82 3.14062e+07
40 2.0979e+07
65 2.76593e+07
51 2.354e+07
114 3.80454e+07
87 3.25038e+07
55 2.69481e+07
53 2.50231e+07
109 3.60723e+07
104 3.42367e+07
54 2.58592e+07
89 3.27286e+07
116 3.92078e+07
49 2.28141e+07
45 2.21816e+07
118 4.19192e+07
67 2.92411e+07
47 2.26378e+07
81 3.07487e+07
124 4.41854e+07
113 3.67e+07
91 3.40347e+07
129 4.48503e+07
122 4.20058e+07
Thế hệ thứ: 13
49 2.28141e+07
87 3.25038e+07
123 4.22652e+07
82 3.14062e+07
65 2.76593e+07
40 2.0979e+07
104 3.42367e+07
47 2.26378e+07
51 2.354e+07
54 2.58592e+07
89 3.27286e+07
116 3.92078e+07
55 2.69481e+07
53 2.50231e+07
45 2.21816e+07
109 3.60723e+07
67 2.92411e+07
81 3.07487e+07
124 4.41854e+07
113 3.67e+07
91 3.40347e+07
129 4.48503e+07
122 4.20058e+07
114 3.67982e+07
121 4.12599e+07
Thế hệ thứ: 14
87 3.25038e+07
114 3.67982e+07
49 2.28141e+07
55 2.69481e+07
53 2.50231e+07
123 4.22652e+07
82 3.14062e+07
65 2.76593e+07
45 2.21816e+07
40 2.0979e+07
109 3.60723e+07
104 3.42367e+07
118 4.05106e+07
129 4.48503e+07
122 4.20058e+07
47 2.26378e+07
51 2.354e+07
67 2.92411e+07
54 2.58592e+07
81 3.07487e+07
121 4.12599e+07
124 4.41854e+07
113 3.67e+07
116 3.92078e+07
89 3.27286e+07
101 3.39637e+07
Thế hệ thứ: 15
129 4.48503e+07
81 3.07487e+07
53 2.50231e+07
55 2.69481e+07
47 2.26378e+07
49 2.28141e+07
114 3.67982e+07
87 3.25038e+07
121 4.12599e+07
51 2.354e+07
82 3.14062e+07
123 4.22652e+07
89 3.27286e+07
101 3.39637e+07
65 2.76593e+07
124 4.41854e+07
113 3.67e+07
45 2.21816e+07
40 2.0979e+07
109 3.60723e+07
104 3.42367e+07
118 4.05106e+07
67 2.92411e+07
54 2.58592e+07
122 4.20058e+07
86 3.17042e+07
116 3.83689e+07
Thế hệ thứ: 16
129 4.48503e+07
40 2.0979e+07
81 3.07487e+07
47 2.26378e+07
53 2.50231e+07
55 2.69481e+07
109 3.60723e+07
114 3.67982e+07
49 2.28141e+07
104 3.42367e+07
118 4.05106e+07
87 3.25038e+07
116 3.83689e+07
121 4.12599e+07
51 2.354e+07
82 3.14062e+07
86 3.17042e+07
101 3.39637e+07
65 2.76593e+07
67 2.92411e+07
124 4.41854e+07
113 3.67e+07
54 2.58592e+07
45 2.21816e+07
92 3.25324e+07
123 4.13893e+07
123 4.13893e+07
Thế hệ thứ: 17
129 4.48503e+07
40 2.0979e+07
123 4.13893e+07
123 4.13893e+07
81 3.07487e+07
101 3.39637e+07
53 2.50231e+07
55 2.69481e+07
47 2.26378e+07
109 3.60723e+07
49 2.28141e+07
114 3.67982e+07
65 2.76593e+07
104 3.42367e+07
113 3.67e+07
54 2.58592e+07
92 3.25324e+07
87 3.25038e+07
121 4.12599e+07
116 3.83689e+07
45 2.21816e+07
51 2.354e+07
67 2.92411e+07
82 3.14062e+07
86 3.17042e+07
124 4.41854e+07
119 3.91124e+07
Thế hệ thứ: 18
129 4.48503e+07
81 3.07487e+07
124 4.41854e+07
40 2.0979e+07
123 4.13893e+07
123 4.13893e+07
101 3.39637e+07
55 2.69481e+07
53 2.50231e+07
87 3.25038e+07
116 3.83689e+07
47 2.26378e+07
109 3.60723e+07
114 3.67982e+07
49 2.28141e+07
65 2.76593e+07
82 3.14062e+07
104 3.42367e+07
45 2.21816e+07
113 3.67e+07
51 2.354e+07
54 2.58592e+07
86 3.17042e+07
92 3.25324e+07
67 2.92411e+07
131 4.65839e+07
117 3.85101e+07
121 3.9168e+07
119 3.90227e+07
Thế hệ thứ: 19
129 4.48503e+07
81 3.07487e+07
92 3.25324e+07
40 2.0979e+07
123 4.13893e+07
123 4.13893e+07
101 3.39637e+07
53 2.50231e+07
55 2.69481e+07
45 2.21816e+07
113 3.67e+07
87 3.25038e+07
51 2.354e+07
131 4.65839e+07
67 2.92411e+07
47 2.26378e+07
109 3.60723e+07
49 2.28141e+07
114 3.67982e+07
65 2.76593e+07
54 2.58592e+07
86 3.17042e+07
82 3.14062e+07
104 3.42367e+07
122 3.80271e+07
124 4.25648e+07
Thế hệ thứ: 20
123 4.13893e+07
123 4.13893e+07
109 3.60723e+07
49 2.28141e+07
114 3.67982e+07
113 3.67e+07
67 2.92411e+07
129 4.48503e+07
81 3.07487e+07
92 3.25324e+07
51 2.354e+07
131 4.65839e+07
40 2.0979e+07
122 3.80271e+07
87 3.25038e+07
101 3.39637e+07
55 2.69481e+07
53 2.50231e+07
47 2.26378e+07
45 2.21816e+07
65 2.76593e+07
54 2.58592e+07
86 3.17042e+07
82 3.14062e+07
104 3.42367e+07
130 4.5078e+07
124 4.241e+07
Thế hệ thứ: 21
109 3.60723e+07
113 3.67e+07
49 2.28141e+07
114 3.67982e+07
81 3.07487e+07
53 2.50231e+07
55 2.69481e+07
47 2.26378e+07
67 2.92411e+07
129 4.48503e+07
45 2.21816e+07
65 2.76593e+07
92 3.25324e+07
54 2.58592e+07
51 2.354e+07
86 3.17042e+07
131 4.65839e+07
82 3.14062e+07
40 2.0979e+07
104 3.42367e+07
122 3.80271e+07
130 4.5078e+07
87 3.25038e+07
101 3.39637e+07
126 4.10575e+07
Thế hệ thứ: 22
55 2.69481e+07
53 2.50231e+07
126 4.10575e+07
47 2.26378e+07
54 2.58592e+07
51 2.354e+07
109 3.60723e+07
49 2.28141e+07
114 3.67982e+07
113 3.67e+07
81 3.07487e+07
86 3.17042e+07
92 3.25324e+07
131 4.65839e+07
82 3.14062e+07
67 2.92411e+07
129 4.48503e+07
40 2.0979e+07
130 4.5078e+07
45 2.21816e+07
65 2.76593e+07
104 3.42367e+07
122 3.80271e+07
101 3.39637e+07
87 3.25038e+07
115 3.70768e+07
128 4.19012e+07
Thế hệ thứ: 23
47 2.26378e+07
55 2.69481e+07
53 2.50231e+07
126 4.10575e+07
87 3.25038e+07
51 2.354e+07
40 2.0979e+07
54 2.58592e+07
109 3.60723e+07
114 3.67982e+07
49 2.28141e+07
122 3.80271e+07
113 3.67e+07
81 3.07487e+07
130 4.5078e+07
86 3.17042e+07
115 3.70768e+07
45 2.21816e+07
92 3.25324e+07
65 2.76593e+07
131 4.65839e+07
101 3.39637e+07
82 3.14062e+07
104 3.42367e+07
67 2.92411e+07
129 4.1563e+07
Thế hệ thứ: 24
51 2.354e+07
81 3.07487e+07
55 2.69481e+07
53 2.50231e+07
126 4.10575e+07
47 2.26378e+07
86 3.17042e+07
129 4.1563e+07
87 3.25038e+07
115 3.70768e+07
45 2.21816e+07
101 3.39637e+07
40 2.0979e+07
54 2.58592e+07
109 3.60723e+07
104 3.42367e+07
92 3.25324e+07
49 2.28141e+07
114 3.67982e+07
122 3.80271e+07
82 3.14062e+07
65 2.76593e+07
67 2.92411e+07
113 3.67e+07
131 4.29387e+07
Thế hệ thứ: 25
51 2.354e+07
81 3.07487e+07
47 2.26378e+07
55 2.69481e+07
53 2.50231e+07
126 4.10575e+07
109 3.60723e+07
82 3.14062e+07
104 3.42367e+07
67 2.92411e+07
86 3.17042e+07
129 4.1563e+07
87 3.25038e+07
65 2.76593e+07
131 4.29387e+07
92 3.25324e+07
115 3.70768e+07
114 3.67982e+07
49 2.28141e+07
45 2.21816e+07
101 3.39637e+07
122 3.80271e+07
40 2.0979e+07
54 2.58592e+07
113 3.67e+07
123 4.07486e+07
Thế hệ thứ: 26
51 2.354e+07
115 3.70768e+07
81 3.07487e+07
114 3.67982e+07
49 2.28141e+07
55 2.69481e+07
53 2.50231e+07
47 2.26378e+07
40 2.0979e+07
109 3.60723e+07
82 3.14062e+07
92 3.25324e+07
131 4.29387e+07
104 3.42367e+07
45 2.21816e+07
101 3.39637e+07
67 2.92411e+07
86 3.17042e+07
129 4.1563e+07
87 3.25038e+07
65 2.76593e+07
54 2.58592e+07
122 3.80271e+07
113 3.67e+07
126 4.05657e+07
Thế hệ thứ: 27
65 2.76593e+07
51 2.354e+07
81 3.07487e+07
115 3.70768e+07
114 3.67982e+07
49 2.28141e+07
55 2.69481e+07
53 2.50231e+07
122 3.80271e+07
54 2.58592e+07
47 2.26378e+07
67 2.92411e+07
40 2.0979e+07
86 3.17042e+07
109 3.60723e+07
82 3.14062e+07
126 4.05657e+07
131 4.29387e+07
92 3.25324e+07
129 4.1563e+07
104 3.42367e+07
87 3.25038e+07
45 2.21816e+07
113 3.67e+07
101 3.39637e+07
133 4.47026e+07
Thế hệ thứ: 28
87 3.25038e+07
86 3.17042e+07
114 3.67982e+07
49 2.28141e+07
51 2.354e+07
40 2.0979e+07
65 2.76593e+07
82 3.14062e+07
109 3.60723e+07
81 3.07487e+07
54 2.58592e+07
115 3.70768e+07
67 2.92411e+07
126 4.05657e+07
53 2.50231e+07
55 2.69481e+07
45 2.21816e+07
122 3.80271e+07
113 3.67e+07
92 3.25324e+07
131 4.29387e+07
47 2.26378e+07
104 3.42367e+07
133 4.47026e+07
101 3.39637e+07
134 4.53842e+07
129 4.08092e+07
Thế hệ thứ: 29
114 3.67982e+07
49 2.28141e+07
86 3.17042e+07
87 3.25038e+07
47 2.26378e+07
65 2.76593e+07
40 2.0979e+07
51 2.354e+07
129 4.08092e+07
45 2.21816e+07
82 3.14062e+07
101 3.39637e+07
109 3.60723e+07
104 3.42367e+07
122 3.80271e+07
81 3.07487e+07
113 3.67e+07
54 2.58592e+07
115 3.70768e+07
131 4.29387e+07
92 3.25324e+07
133 4.47026e+07
67 2.92411e+07
126 4.05657e+07
134 4.53842e+07
55 2.69481e+07
53 2.50231e+07
106 3.50983e+07
Thế hệ thứ: 30
87 3.25038e+07
86 3.17042e+07
114 3.67982e+07
49 2.28141e+07
129 4.08092e+07
104 3.42367e+07
122 3.80271e+07
47 2.26378e+07
109 3.60723e+07
45 2.21816e+07
65 2.76593e+07
82 3.14062e+07
101 3.39637e+07
40 2.0979e+07
51 2.354e+07
81 3.07487e+07
113 3.67e+07
54 2.58592e+07
115 3.70768e+07
92 3.25324e+07
131 4.29387e+07
133 4.47026e+07
106 3.50983e+07
67 2.92411e+07
126 4.05657e+07
134 4.53842e+07
53 2.50231e+07
55 2.69481e+07
Thế hệ thứ: 31
114 3.67982e+07
49 2.28141e+07
86 3.17042e+07
87 3.25038e+07
115 3.70768e+07
54 2.58592e+07
134 4.53842e+07
129 4.08092e+07
104 3.42367e+07
131 4.29387e+07
92 3.25324e+07
122 3.80271e+07
47 2.26378e+07
109 3.60723e+07
67 2.92411e+07
45 2.21816e+07
65 2.76593e+07
133 4.47026e+07
55 2.69481e+07
53 2.50231e+07
82 3.14062e+07
101 3.39637e+07
106 3.50983e+07
40 2.0979e+07
51 2.354e+07
81 3.07487e+07
126 4.05657e+07
113 3.67e+07
124 3.94127e+07
Thế hệ thứ: 32
87 3.25038e+07
86 3.17042e+07
114 3.67982e+07
49 2.28141e+07
51 2.354e+07
133 4.47026e+07
124 3.94127e+07
81 3.07487e+07
115 3.70768e+07
54 2.58592e+07
53 2.50231e+07
55 2.69481e+07
134 4.53842e+07
129 4.08092e+07
104 3.42367e+07
92 3.25324e+07
122 3.80271e+07
82 3.14062e+07
47 2.26378e+07
109 3.60723e+07
101 3.39637e+07
113 3.67e+07
106 3.50983e+07
67 2.92411e+07
126 4.05657e+07
45 2.21816e+07
40 2.0979e+07
65 2.76593e+07
131 4.13546e+07
Thế hệ thứ: 33
114 3.67982e+07
49 2.28141e+07
86 3.17042e+07
87 3.25038e+07
109 3.60723e+07
51 2.354e+07
133 4.47026e+07
101 3.39637e+07
126 4.05657e+07
131 4.13546e+07
124 3.94127e+07
45 2.21816e+07
81 3.07487e+07
113 3.67e+07
115 3.70768e+07
54 2.58592e+07
55 2.69481e+07
53 2.50231e+07
134 4.53842e+07
129 4.08092e+07
106 3.50983e+07
104 3.42367e+07
92 3.25324e+07
40 2.0979e+07
65 2.76593e+07
122 3.80271e+07
82 3.14062e+07
67 2.92411e+07
47 2.26378e+07
118 3.78081e+07
Thế hệ thứ: 34
87 3.25038e+07
86 3.17042e+07
114 3.67982e+07
49 2.28141e+07
106 3.50983e+07
109 3.60723e+07
51 2.354e+07
133 4.47026e+07
104 3.42367e+07
101 3.39637e+07
118 3.78081e+07
126 4.05657e+07
131 4.13546e+07
92 3.25324e+07
124 3.94127e+07
40 2.0979e+07
45 2.21816e+07
81 3.07487e+07
122 3.80271e+07
82 3.14062e+07
113 3.67e+07
47 2.26378e+07
65 2.76593e+07
115 3.70768e+07
54 2.58592e+07
53 2.50231e+07
55 2.69481e+07
134 4.53842e+07
129 4.08092e+07
67 2.92411e+07
123 3.90007e+07
Thế hệ thứ: 35
114 3.67982e+07
49 2.28141e+07
86 3.17042e+07
87 3.25038e+07
123 3.90007e+07
67 2.92411e+07
122 3.80271e+07
54 2.58592e+07
106 3.50983e+07
109 3.60723e+07
51 2.354e+07
82 3.14062e+07
133 4.47026e+07
55 2.69481e+07
53 2.50231e+07
104 3.42367e+07
113 3.67e+07
101 3.39637e+07
118 3.78081e+07
131 4.13546e+07
47 2.26378e+07
65 2.76593e+07
92 3.25324e+07
134 4.53842e+07
124 3.94127e+07
40 2.0979e+07
115 3.70768e+07
45 2.21816e+07
81 3.07487e+07
129 4.05524e+07
Thế hệ thứ: 36
106 3.50983e+07
87 3.25038e+07
86 3.17042e+07
49 2.28141e+07
114 3.67982e+07
124 3.94127e+07
123 3.90007e+07
118 3.78081e+07
67 2.92411e+07
40 2.0979e+07
122 3.80271e+07
54 2.58592e+07
131 4.13546e+07
109 3.60723e+07
51 2.354e+07
47 2.26378e+07
115 3.70768e+07
82 3.14062e+07
133 4.47026e+07
65 2.76593e+07
53 2.50231e+07
55 2.69481e+07
129 4.05524e+07
104 3.42367e+07
81 3.07487e+07
113 3.67e+07
101 3.39637e+07
92 3.25324e+07
134 4.53842e+07
45 2.21816e+07
96 3.38328e+07
Thế hệ thứ: 37
55 2.69481e+07
53 2.50231e+07
106 3.50983e+07
101 3.39637e+07
45 2.21816e+07
114 3.67982e+07
49 2.28141e+07
86 3.17042e+07
87 3.25038e+07
51 2.354e+07
96 3.38328e+07
92 3.25324e+07
124 3.94127e+07
123 3.90007e+07
129 4.05524e+07
118 3.78081e+07
67 2.92411e+07
40 2.0979e+07
104 3.42367e+07
122 3.80271e+07
54 2.58592e+07
131 4.13546e+07
109 3.60723e+07
81 3.07487e+07
134 4.53842e+07
47 2.26378e+07
113 3.67e+07
82 3.14062e+07
133 4.47026e+07
65 2.76593e+07
116 3.70301e+07
107 3.60575e+07
Thế hệ thứ: 38
106 3.50983e+07
55 2.69481e+07
53 2.50231e+07
118 3.78081e+07
67 2.92411e+07
40 2.0979e+07
104 3.42367e+07
101 3.39637e+07
107 3.60575e+07
113 3.67e+07
45 2.21816e+07
122 3.80271e+07
49 2.28141e+07
114 3.67982e+07
54 2.58592e+07
131 4.13546e+07
109 3.60723e+07
81 3.07487e+07
86 3.17042e+07
116 3.70301e+07
134 4.53842e+07
87 3.25038e+07
47 2.26378e+07
96 3.38328e+07
51 2.354e+07
65 2.76593e+07
133 4.47026e+07
92 3.25324e+07
82 3.14062e+07
124 3.94127e+07
123 3.90007e+07
129 4.05524e+07
117 3.72348e+07
Thế hệ thứ: 39
67 2.92411e+07
131 4.13546e+07
55 2.69481e+07
53 2.50231e+07
106 3.50983e+07
118 3.78081e+07
129 4.05524e+07
40 2.0979e+07
104 3.42367e+07
101 3.39637e+07
87 3.25038e+07
47 2.26378e+07
51 2.354e+07
96 3.38328e+07
65 2.76593e+07
45 2.21816e+07
133 4.47026e+07
122 3.80271e+07
117 3.72348e+07
114 3.67982e+07
49 2.28141e+07
54 2.58592e+07
124 3.94127e+07
109 3.60723e+07
81 3.07487e+07
86 3.17042e+07
92 3.25324e+07
123 3.90007e+07
116 3.70301e+07
134 4.53842e+07
82 3.14062e+07
113 3.63645e+07
108 3.5916e+07
Thế hệ thứ: 40
122 3.80271e+07
101 3.39637e+07
113 3.63645e+07
131 4.13546e+07
67 2.92411e+07
106 3.50983e+07
55 2.69481e+07
53 2.50231e+07
118 3.78081e+07
82 3.14062e+07
129 4.05524e+07
40 2.0979e+07
104 3.42367e+07
92 3.25324e+07
133 4.47026e+07
45 2.21816e+07
116 3.70301e+07
87 3.25038e+07
134 4.53842e+07
47 2.26378e+07
81 3.07487e+07
96 3.38328e+07
51 2.354e+07
123 3.90007e+07
65 2.76593e+07
117 3.72348e+07
49 2.28141e+07
114 3.67982e+07
86 3.17042e+07
54 2.58592e+07
124 3.94127e+07
109 3.60723e+07
108 3.5916e+07
Thế hệ thứ: 41
65 2.76593e+07
101 3.39637e+07
113 3.63645e+07
122 3.80271e+07
117 3.72348e+07
67 2.92411e+07
131 4.13546e+07
106 3.50983e+07
53 2.50231e+07
55 2.69481e+07
118 3.78081e+07
82 3.14062e+07
114 3.67982e+07
49 2.28141e+07
54 2.58592e+07
129 4.05524e+07
40 2.0979e+07
104 3.42367e+07
109 3.60723e+07
92 3.25324e+07
133 4.47026e+07
45 2.21816e+07
116 3.70301e+07
86 3.17042e+07
87 3.25038e+07
134 4.53842e+07
47 2.26378e+07
81 3.07487e+07
51 2.354e+07
96 3.38328e+07
108 3.5916e+07
125 3.88175e+07
Thế hệ thứ: 42
101 3.39637e+07
113 3.63645e+07
122 3.80271e+07
65 2.76593e+07
87 3.25038e+07
86 3.17042e+07
134 4.53842e+07
117 3.72348e+07
67 2.92411e+07
131 4.13546e+07
106 3.50983e+07
47 2.26378e+07
55 2.69481e+07
53 2.50231e+07
118 3.78081e+07
82 3.14062e+07
81 3.07487e+07
49 2.28141e+07
114 3.67982e+07
54 2.58592e+07
96 3.38328e+07
51 2.354e+07
129 4.05524e+07
40 2.0979e+07
125 3.88175e+07
104 3.42367e+07
109 3.60723e+07
92 3.25324e+07
133 4.47026e+07
45 2.21816e+07
116 3.70301e+07
108 3.56642e+07
Thế hệ thứ: 43
86 3.17042e+07
122 3.80271e+07
101 3.39637e+07
113 3.63645e+07
54 2.58592e+07
65 2.76593e+07
96 3.38328e+07
51 2.354e+07
92 3.25324e+07
129 4.05524e+07
87 3.25038e+07
45 2.21816e+07
40 2.0979e+07
108 3.56642e+07
134 4.53842e+07
133 4.47026e+07
67 2.92411e+07
131 4.13546e+07
106 3.50983e+07
47 2.26378e+07
53 2.50231e+07
55 2.69481e+07
125 3.88175e+07
118 3.78081e+07
82 3.14062e+07
81 3.07487e+07
104 3.42367e+07
109 3.60723e+07
49 2.28141e+07
132 4.39047e+07
117 3.65296e+07
Thế hệ thứ: 44
86 3.17042e+07
55 2.69481e+07
53 2.50231e+07
47 2.26378e+07
101 3.39637e+07
113 3.63645e+07
125 3.88175e+07
122 3.80271e+07
118 3.78081e+07
54 2.58592e+07
82 3.14062e+07
65 2.76593e+07
51 2.354e+07
96 3.38328e+07
81 3.07487e+07
104 3.42367e+07
92 3.25324e+07
129 4.05524e+07
87 3.25038e+07
134 4.53842e+07
49 2.28141e+07
45 2.21816e+07
40 2.0979e+07
132 4.39047e+07
67 2.92411e+07
117 3.65296e+07
133 4.47026e+07
131 4.13546e+07
109 3.50753e+07
Thế hệ thứ: 45
87 3.25038e+07
86 3.17042e+07
40 2.0979e+07
47 2.26378e+07
55 2.69481e+07
53 2.50231e+07
109 3.50753e+07
101 3.39637e+07
113 3.63645e+07
131 4.13546e+07
125 3.88175e+07
134 4.53842e+07
54 2.58592e+07
82 3.14062e+07
65 2.76593e+07
96 3.38328e+07
51 2.354e+07
117 3.65296e+07
67 2.92411e+07
81 3.07487e+07
104 3.42367e+07
49 2.28141e+07
45 2.21816e+07
122 3.76438e+07
92 3.25324e+07
133 4.47026e+07
129 4.05524e+07
132 4.31616e+07
Thế hệ thứ: 46
134 4.53842e+07
86 3.17042e+07
87 3.25038e+07
82 3.14062e+07
65 2.76593e+07
132 4.31616e+07
40 2.0979e+07
53 2.50231e+07
55 2.69481e+07
47 2.26378e+07
51 2.354e+07
96 3.38328e+07
109 3.50753e+07
101 3.39637e+07
113 3.63645e+07
67 2.92411e+07
117 3.65296e+07
131 4.13546e+07
125 3.88175e+07
81 3.07487e+07
104 3.42367e+07
92 3.25324e+07
122 3.76438e+07
133 4.47026e+07
49 2.28141e+07
129 4.05524e+07
45 2.21816e+07
54 2.58592e+07
Thế hệ thứ: 47
134 4.53842e+07
87 3.25038e+07
86 3.17042e+07
67 2.92411e+07
117 3.65296e+07
129 4.05524e+07
82 3.14062e+07
40 2.0979e+07
132 4.31616e+07
65 2.76593e+07
53 2.50231e+07
55 2.69481e+07
92 3.25324e+07
122 3.76438e+07
81 3.07487e+07
47 2.26378e+07
96 3.38328e+07
51 2.354e+07
131 4.13546e+07
109 3.50753e+07
101 3.39637e+07
113 3.63645e+07
104 3.42367e+07
125 3.88175e+07
133 4.47026e+07
49 2.28141e+07
45 2.21816e+07
54 2.58592e+07
126 3.99783e+07
Thế hệ thứ: 48
134 4.53842e+07
86 3.17042e+07
87 3.25038e+07
54 2.58592e+07
67 2.92411e+07
117 3.65296e+07
101 3.39637e+07
113 3.63645e+07
129 4.05524e+07
82 3.14062e+07
40 2.0979e+07
132 4.31616e+07
65 2.76593e+07
55 2.69481e+07
53 2.50231e+07
104 3.42367e+07
49 2.28141e+07
125 3.88175e+07
92 3.25324e+07
122 3.76438e+07
81 3.07487e+07
47 2.26378e+07
133 4.47026e+07
126 3.99783e+07
51 2.354e+07
96 3.38328e+07
131 4.13546e+07
45 2.21816e+07
109 3.50753e+07
Thế hệ thứ: 49
134 4.53842e+07
87 3.25038e+07
86 3.17042e+07
67 2.92411e+07
117 3.65296e+07
131 4.13546e+07
54 2.58592e+07
101 3.39637e+07
113 3.63645e+07
47 2.26378e+07
129 4.05524e+07
82 3.14062e+07
132 4.31616e+07
40 2.0979e+07
133 4.47026e+07
65 2.76593e+07
53 2.50231e+07
55 2.69481e+07
109 3.50753e+07
104 3.42367e+07
126 3.99783e+07
45 2.21816e+07
49 2.28141e+07
96 3.38328e+07
51 2.354e+07
125 3.88175e+07
92 3.25324e+07
122 3.76438e+07
81 3.07487e+07
119 3.6833e+07

