Thế hệ thứ: 0
40 1.03528e+07
12 2.70126e+06
11 2.39011e+06
49 1.42919e+07
45 1.21801e+07
15 3.29504e+06
41 1.15653e+07
34 6.71518e+06
14 3.21885e+06
35 8.82172e+06
38 9.97715e+06
37 9.48433e+06
43 1.1842e+07
24 4.60147e+06
36 9.22487e+06
27 5.88567e+06
Thế hệ thứ: 1
15 3.29504e+06
11 2.39011e+06
24 4.60147e+06
27 5.88567e+06
12 2.70126e+06
37 9.48433e+06
14 3.21885e+06
46 1.15285e+07
42 9.80632e+06
21 4.00242e+06
29 6.49987e+06
36 6.52928e+06
17 3.54528e+06
43 1.10779e+07
49 1.23643e+07
40 9.65804e+06
Thế hệ thứ: 2
14 3.21885e+06
11 2.39011e+06
15 3.29504e+06
36 6.52928e+06
24 4.60147e+06
27 5.88567e+06
17 3.54528e+06
42 9.80632e+06
40 9.65804e+06
12 2.70126e+06
30 6.46848e+06
49 1.14898e+07
43 1.07824e+07
37 7.08227e+06
23 3.8745e+06
Thế hệ thứ: 3
11 2.39011e+06
28 4.5996e+06
49 1.14898e+07
30 6.46848e+06
23 3.8745e+06
17 3.54528e+06
15 3.29504e+06
36 6.52928e+06
12 2.70126e+06
14 3.21885e+06
38 6.87446e+06
43 1.03089e+07
42 9.4124e+06
46 1.03656e+07
Thế hệ thứ: 4
11 2.39011e+06
28 4.5996e+06
49 1.14898e+07
42 9.4124e+06
38 6.87446e+06
46 1.03656e+07
17 3.54528e+06
15 3.29504e+06
36 6.52928e+06
43 1.03089e+07
12 2.70126e+06
14 3.21885e+06
44 1.03322e+07
23 3.64974e+06
31 4.9149e+06
41 8.62978e+06
Thế hệ thứ: 5
11 2.39011e+06
28 4.5996e+06
49 1.14898e+07
38 6.87446e+06
31 4.9149e+06
42 9.4124e+06
23 3.64974e+06
36 6.52928e+06
15 3.29504e+06
46 1.03656e+07
24 3.74792e+06
17 3.54528e+06
12 2.70126e+06
43 1.03089e+07
14 3.21885e+06
44 1.03322e+07
41 8.1988e+06
29 4.84482e+06
Thế hệ thứ: 6
11 2.39011e+06
28 4.5996e+06
49 1.14898e+07
41 8.1988e+06
15 3.29504e+06
36 6.52928e+06
38 6.87446e+06
31 4.9149e+06
23 3.64974e+06
42 9.4124e+06
46 1.03656e+07
24 3.74792e+06
17 3.54528e+06
12 2.70126e+06
43 1.03089e+07
14 3.21885e+06
44 1.03322e+07
29 4.83016e+06
26 4.5033e+06
50 1.2737e+07
Thế hệ thứ: 7
50 1.2737e+07
11 2.39011e+06
41 8.1988e+06
15 3.29504e+06
36 6.52928e+06
38 6.87446e+06
31 4.9149e+06
28 4.5996e+06
49 1.14898e+07
23 3.64974e+06
42 9.4124e+06
46 1.03656e+07
24 3.74792e+06
26 4.5033e+06
12 2.70126e+06
43 1.03089e+07
14 3.21885e+06
29 4.83016e+06
44 1.03322e+07
25 4.37001e+06
17 3.48099e+06
39 7.62141e+06
Thế hệ thứ: 8
11 2.39011e+06
50 1.2737e+07
45 1.02701e+07
41 8.1988e+06
15 3.29504e+06
36 6.52928e+06
31 4.9149e+06
28 4.5996e+06
49 1.14898e+07
23 3.64974e+06
42 9.4124e+06
46 1.03656e+07
29 4.83016e+06
39 7.62141e+06
17 3.48099e+06
38 6.87446e+06
12 2.70126e+06
14 3.21885e+06
25 4.37001e+06
24 3.74792e+06
26 4.5033e+06
40 7.79023e+06
43 9.80954e+06
32 5.91726e+06
Thế hệ thứ: 9
50 1.2737e+07
11 2.39011e+06
28 4.5996e+06
49 1.14898e+07
17 3.48099e+06
29 4.83016e+06
39 7.62141e+06
47 1.07025e+07
32 5.91726e+06
40 7.79023e+06
45 1.02701e+07
41 8.1988e+06
15 3.29504e+06
36 6.52928e+06
46 1.03656e+07
23 3.64974e+06
42 9.4124e+06
38 6.87446e+06
31 4.9149e+06
12 2.70126e+06
14 3.21885e+06
25 4.37001e+06
24 3.74792e+06
26 4.5033e+06
26 4.5033e+06
44 9.72671e+06
Thế hệ thứ: 10
11 2.39011e+06
50 1.2737e+07
23 3.64974e+06
17 3.48099e+06
29 4.83016e+06
39 7.62141e+06
47 1.07025e+07
32 5.91726e+06
28 4.5996e+06
49 1.14898e+07
41 8.1988e+06
40 7.79023e+06
45 1.02701e+07
15 3.29504e+06
36 6.52928e+06
38 6.87446e+06
31 4.9149e+06
44 9.72671e+06
12 2.70126e+06
14 3.21885e+06
46 1.03656e+07
26 4.17205e+06
27 4.21217e+06
42 8.65767e+06
24 3.72737e+06
18 3.52241e+06
25 4.12831e+06
Thế hệ thứ: 11
50 1.2737e+07
11 2.39011e+06
47 1.07025e+07
28 4.5996e+06
49 1.14898e+07
15 3.29504e+06
36 6.52928e+06
27 4.21217e+06
18 3.52241e+06
44 9.72671e+06
38 6.87446e+06
31 4.9149e+06
23 3.64974e+06
12 2.70126e+06
17 3.48099e+06
29 4.83016e+06
39 7.62141e+06
40 7.79023e+06
45 1.02701e+07
14 3.21885e+06
24 3.72737e+06
25 4.12831e+06
46 1.03656e+07
26 4.17205e+06
32 5.87714e+06
43 8.11533e+06
33 6.38656e+06
Thế hệ thứ: 12
11 2.39011e+06
50 1.2737e+07
43 8.11533e+06
49 1.14898e+07
27 4.21217e+06
18 3.52241e+06
32 5.87714e+06
47 1.07025e+07
38 6.87446e+06
31 4.9149e+06
15 3.29504e+06
36 6.52928e+06
23 3.64974e+06
33 6.38656e+06
12 2.70126e+06
40 7.79023e+06
29 4.83016e+06
17 3.48099e+06
29 4.83016e+06
39 7.62141e+06
45 9.69349e+06
14 3.21885e+06
24 3.72737e+06
25 4.12831e+06
46 1.03656e+07
28 4.26599e+06
26 4.15261e+06
Thế hệ thứ: 13
14 3.21885e+06
45 9.69349e+06
50 1.2737e+07
11 2.39011e+06
43 8.11533e+06
49 1.14898e+07
32 5.87714e+06
32 5.87714e+06
47 1.07025e+07
38 6.87446e+06
31 4.9149e+06
15 3.29504e+06
36 6.52928e+06
23 3.64974e+06
27 4.21217e+06
18 3.52241e+06
33 6.38656e+06
12 2.70126e+06
40 7.79023e+06
46 1.03656e+07
17 3.48099e+06
29 4.83016e+06
29 4.83016e+06
17 3.48099e+06
39 7.62141e+06
28 4.26599e+06
28 4.26599e+06
24 3.72737e+06
48 1.08452e+07
26 4.02483e+06
Thế hệ thứ: 14
14 3.21885e+06
11 2.39011e+06
50 1.2737e+07
36 6.52928e+06
43 8.11533e+06
49 1.14898e+07
31 4.9149e+06
27 4.21217e+06
18 3.52241e+06
33 6.38656e+06
12 2.70126e+06
40 7.79023e+06
46 1.03656e+07
39 7.62141e+06
48 1.08452e+07
26 4.02483e+06
32 5.87714e+06
32 5.87714e+06
24 3.72737e+06
47 1.07025e+07
28 4.26599e+06
28 4.26599e+06
45 9.15777e+06
38 6.70144e+06
18 3.52241e+06
23 3.62919e+06
29 4.82542e+06
17 3.22789e+06
Thế hệ thứ: 15
14 3.21885e+06
11 2.39011e+06
45 9.15777e+06
43 8.11533e+06
38 6.70144e+06
17 3.22789e+06
46 1.03656e+07
31 4.9149e+06
23 3.62919e+06
26 4.02483e+06
33 6.38656e+06
36 6.52928e+06
12 2.70126e+06
39 7.62141e+06
40 7.79023e+06
24 3.72737e+06
29 4.82542e+06
18 3.52241e+06
48 1.08452e+07
32 5.87714e+06
32 5.87714e+06
47 1.07025e+07
28 4.26599e+06
28 4.26599e+06
18 3.52241e+06
27 4.21217e+06
49 1.10716e+07
50 1.24617e+07
Thế hệ thứ: 16
11 2.39011e+06
50 1.24617e+07
31 4.9149e+06
45 9.15777e+06
43 8.11533e+06
38 6.70144e+06
46 1.03656e+07
49 1.10716e+07
23 3.62919e+06
26 4.02483e+06
33 6.38656e+06
36 6.52928e+06
12 2.70126e+06
24 3.72737e+06
29 4.82542e+06
32 5.87714e+06
32 5.87714e+06
47 1.07025e+07
48 1.08452e+07
28 4.26599e+06
28 4.26599e+06
40 7.48768e+06
17 3.04562e+06
20 3.50055e+06
27 4.13907e+06
Thế hệ thứ: 17
11 2.39011e+06
40 7.48768e+06
45 9.15777e+06
31 4.9149e+06
38 6.70144e+06
43 8.11533e+06
17 3.04562e+06
20 3.50055e+06
12 2.70126e+06
46 1.03656e+07
33 6.38656e+06
36 6.52928e+06
24 3.72737e+06
29 4.82542e+06
23 3.62919e+06
32 5.87714e+06
32 5.87714e+06
28 4.26599e+06
28 4.26599e+06
27 4.13907e+06
50 1.07623e+07
26 3.97939e+06
47 1.05808e+07
Thế hệ thứ: 18
11 2.39011e+06
40 7.48768e+06
45 9.15777e+06
33 6.38656e+06
50 1.07623e+07
38 6.70144e+06
43 8.11533e+06
17 3.04562e+06
20 3.50055e+06
12 2.70126e+06
46 1.03656e+07
31 4.9149e+06
36 6.52928e+06
24 3.72737e+06
29 4.82542e+06
47 1.05808e+07
32 5.87714e+06
32 5.87714e+06
23 3.62919e+06
26 3.97939e+06
28 4.26599e+06
28 4.26599e+06
27 4.13907e+06
44 8.74428e+06
Thế hệ thứ: 19
11 2.39011e+06
45 9.15777e+06
40 7.48768e+06
33 6.38656e+06
50 1.07623e+07
17 3.04562e+06
20 3.50055e+06
38 6.70144e+06
43 8.11533e+06
12 2.70126e+06
46 1.03656e+07
31 4.9149e+06
44 8.74428e+06
36 6.52928e+06
24 3.72737e+06
29 4.82542e+06
47 1.05808e+07
32 5.87714e+06
32 5.87714e+06
23 3.62919e+06
26 3.97939e+06
28 4.26599e+06
28 4.26599e+06
27 4.13907e+06
Thế hệ thứ: 20
11 2.39011e+06
39 6.97893e+06
45 9.15777e+06
40 7.48768e+06
33 6.38656e+06
50 1.07623e+07
20 3.50055e+06
17 3.04562e+06
43 8.11533e+06
38 6.70144e+06
12 2.70126e+06
46 1.03656e+07
31 4.9149e+06
44 8.74428e+06
36 6.52928e+06
24 3.72737e+06
29 4.82542e+06
47 1.05808e+07
23 3.62919e+06
26 3.97939e+06
28 4.26599e+06
28 4.26599e+06
27 4.13907e+06
32 5.45336e+06
Thế hệ thứ: 21
11 2.39011e+06
50 1.07623e+07
25 3.72131e+06
40 7.48768e+06
39 6.97893e+06
45 9.15777e+06
20 3.50055e+06
17 3.04562e+06
38 6.70144e+06
12 2.70126e+06
32 5.45336e+06
46 1.03656e+07
44 8.74428e+06
36 6.52928e+06
29 4.82542e+06
31 4.9149e+06
47 1.05808e+07
23 3.62919e+06
26 3.97939e+06
28 4.26599e+06
28 4.26599e+06
27 4.13907e+06
33 5.45525e+06
43 7.9646e+06
29 4.82542e+06
Thế hệ thứ: 22
33 5.45525e+06
11 2.39011e+06
39 6.97893e+06
45 9.15777e+06
50 1.07623e+07
20 3.50055e+06
17 3.04562e+06
43 7.9646e+06
36 6.52928e+06
12 2.70126e+06
46 1.03656e+07
25 3.72131e+06
40 7.48768e+06
44 8.74428e+06
23 3.62919e+06
31 4.9149e+06
47 1.05808e+07
38 6.70144e+06
32 5.45336e+06
26 3.97939e+06
28 4.26599e+06
28 4.26599e+06
29 4.82542e+06
27 4.13907e+06
29 4.82542e+06
29 4.82542e+06
Thế hệ thứ: 23
33 5.45525e+06
11 2.39011e+06
39 6.97893e+06
45 9.15777e+06
50 1.07623e+07
20 3.50055e+06
17 3.04562e+06
43 7.9646e+06
36 6.52928e+06
12 2.70126e+06
46 1.03656e+07
25 3.72131e+06
40 7.48768e+06
44 8.74428e+06
23 3.62919e+06
31 4.9149e+06
47 1.05808e+07
38 6.70144e+06
32 5.45336e+06
29 4.82542e+06
28 4.26599e+06
28 4.26599e+06
27 4.13907e+06
29 4.82542e+06
29 4.82542e+06
26 3.84775e+06
Thế hệ thứ: 24
33 5.45525e+06
11 2.39011e+06
45 9.15777e+06
39 6.97893e+06
50 1.07623e+07
20 3.50055e+06
17 3.04562e+06
43 7.9646e+06
36 6.52928e+06
12 2.70126e+06
46 1.03656e+07
25 3.72131e+06
40 7.48768e+06
44 8.74428e+06
23 3.62919e+06
47 1.05808e+07
38 6.70144e+06
32 5.45336e+06
27 4.13907e+06
26 3.84775e+06
28 4.26599e+06
28 4.26599e+06
31 4.54231e+06
37 6.67019e+06
18 3.07592e+06
Thế hệ thứ: 25
33 5.45525e+06
11 2.39011e+06
39 6.97893e+06
45 9.15777e+06
50 1.07623e+07
36 6.52928e+06
43 7.9646e+06
31 4.54231e+06
12 2.70126e+06
46 1.03656e+07
25 3.72131e+06
40 7.48768e+06
20 3.50055e+06
17 3.04562e+06
44 8.74428e+06
23 3.62919e+06
47 1.05808e+07
18 3.07592e+06
28 4.26599e+06
28 4.26599e+06
27 4.13907e+06
26 3.84775e+06
38 6.70144e+06
37 6.67019e+06
32 4.96882e+06
19 3.47385e+06
Thế hệ thứ: 26
33 5.45525e+06
11 2.39011e+06
45 9.15777e+06
39 6.97893e+06
50 1.07623e+07
36 6.52928e+06
43 7.9646e+06
19 3.47385e+06
12 2.70126e+06
46 1.03656e+07
25 3.72131e+06
40 7.48768e+06
20 3.50055e+06
17 3.04562e+06
31 4.54231e+06
32 4.96882e+06
23 3.62919e+06
47 1.05808e+07
28 4.26599e+06
28 4.26599e+06
18 3.07592e+06
27 4.13907e+06
26 3.84775e+06
38 6.70144e+06
37 6.67019e+06
44 8.40225e+06
Thế hệ thứ: 27
33 5.45525e+06
11 2.39011e+06
25 3.72131e+06
40 7.48768e+06
39 6.97893e+06
45 9.15777e+06
50 1.07623e+07
36 6.52928e+06
19 3.47385e+06
12 2.70126e+06
46 1.03656e+07
43 7.9646e+06
20 3.50055e+06
17 3.04562e+06
44 8.40225e+06
32 4.96882e+06
23 3.62919e+06
47 1.05808e+07
28 4.26599e+06
28 4.26599e+06
18 3.07592e+06
27 4.13907e+06
26 3.84775e+06
38 6.70144e+06
37 6.67019e+06
20 3.50055e+06
31 4.47335e+06
Thế hệ thứ: 28
33 5.45525e+06
11 2.39011e+06
20 3.50055e+06
25 3.72131e+06
40 7.48768e+06
39 6.97893e+06
45 9.15777e+06
50 1.07623e+07
36 6.52928e+06
12 2.70126e+06
46 1.03656e+07
43 7.9646e+06
20 3.50055e+06
17 3.04562e+06
44 8.40225e+06
31 4.47335e+06
32 4.96882e+06
23 3.62919e+06
47 1.05808e+07
18 3.07592e+06
28 4.26599e+06
28 4.26599e+06
27 4.13907e+06
26 3.84775e+06
38 6.70144e+06
37 6.67019e+06
19 3.43157e+06
Thế hệ thứ: 29
33 5.45525e+06
11 2.39011e+06
20 3.50055e+06
25 3.72131e+06
40 7.48768e+06
19 3.43157e+06
39 6.97893e+06
45 9.15777e+06
50 1.07623e+07
36 6.52928e+06
12 2.70126e+06
46 1.03656e+07
43 7.9646e+06
34 6.37249e+06
20 3.50055e+06
17 3.04562e+06
44 8.40225e+06
31 4.47335e+06
32 4.96882e+06
23 3.62919e+06
47 1.05808e+07
28 4.26599e+06
28 4.26599e+06
27 4.13907e+06
26 3.84775e+06
18 3.07592e+06
38 6.70144e+06
37 6.67019e+06
48 1.06327e+07
Thế hệ thứ: 30
33 5.45525e+06
11 2.39011e+06
25 3.72131e+06
20 3.50055e+06
40 7.48768e+06
19 3.43157e+06
39 6.97893e+06
45 9.15777e+06
50 1.07623e+07
12 2.70126e+06
46 1.03656e+07
43 7.9646e+06
20 3.50055e+06
48 1.06327e+07
17 3.04562e+06
34 6.37249e+06
44 8.40225e+06
31 4.47335e+06
32 4.96882e+06
23 3.62919e+06
36 6.52928e+06
28 4.26599e+06
28 4.26599e+06
27 4.13907e+06
26 3.84775e+06
18 3.07592e+06
38 6.70144e+06
47 1.05808e+07
37 6.67019e+06
30 4.45392e+06
Thế hệ thứ: 31
33 5.45525e+06
11 2.39011e+06
25 3.72131e+06
20 3.50055e+06
40 7.48768e+06
19 3.43157e+06
39 6.97893e+06
45 9.15777e+06
50 1.07623e+07
12 2.70126e+06
46 1.03656e+07
43 7.9646e+06
20 3.50055e+06
48 1.06327e+07
17 3.04562e+06
34 6.37249e+06
44 8.40225e+06
32 4.96882e+06
23 3.62919e+06
31 4.47335e+06
36 6.52928e+06
30 4.45392e+06
27 4.13907e+06
26 3.84775e+06
18 3.07592e+06
38 6.70144e+06
47 1.05808e+07
28 4.26599e+06
28 4.26599e+06
37 6.67019e+06
Thế hệ thứ: 32
33 5.45525e+06
11 2.39011e+06
25 3.72131e+06
20 3.50055e+06
40 7.48768e+06
19 3.43157e+06
39 6.97893e+06
45 9.15777e+06
50 1.07623e+07
12 2.70126e+06
46 1.03656e+07
43 7.9646e+06
20 3.50055e+06
48 1.06327e+07
34 6.37249e+06
44 8.40225e+06
32 4.96882e+06
23 3.62919e+06
31 4.47335e+06
36 6.52928e+06
30 4.45392e+06
27 4.13907e+06
26 3.84775e+06
18 3.07592e+06
38 6.70144e+06
47 1.05808e+07
28 4.26599e+06
28 4.26599e+06
37 6.67019e+06
17 3.0345e+06
35 6.48065e+06
Thế hệ thứ: 33
33 5.45525e+06
11 2.39011e+06
25 3.72131e+06
20 3.50055e+06
40 7.48768e+06
19 3.43157e+06
39 6.97893e+06
45 9.15777e+06
50 1.07623e+07
12 2.70126e+06
35 6.48065e+06
46 1.03656e+07
43 7.9646e+06
17 3.0345e+06
44 8.40225e+06
20 3.50055e+06
34 6.37249e+06
32 4.96882e+06
23 3.62919e+06
31 4.47335e+06
30 4.45392e+06
27 4.13907e+06
26 3.84775e+06
18 3.07592e+06
38 6.70144e+06
36 6.52928e+06
28 4.26599e+06
28 4.26599e+06
37 6.67019e+06
49 1.05389e+07
Thế hệ thứ: 34
11 2.39011e+06
25 3.72131e+06
20 3.50055e+06
40 7.48768e+06
19 3.43157e+06
39 6.97893e+06
45 9.15777e+06
50 1.07623e+07
35 6.48065e+06
46 1.03656e+07
12 2.70126e+06
17 3.0345e+06
44 8.40225e+06
20 3.50055e+06
34 6.37249e+06
21 3.56969e+06
32 4.96882e+06
23 3.62919e+06
49 1.05389e+07
31 4.47335e+06
30 4.45392e+06
43 7.88892e+06
27 4.13907e+06
26 3.84775e+06
18 3.07592e+06
38 6.70144e+06
36 6.52928e+06
28 4.26599e+06
28 4.26599e+06
37 6.67019e+06
33 5.02091e+06
Thế hệ thứ: 35
11 2.39011e+06
39 6.97893e+06
45 9.15777e+06
50 1.07623e+07
27 4.13907e+06
43 7.88892e+06
35 6.48065e+06
46 1.03656e+07
12 2.70126e+06
20 3.50055e+06
34 6.37249e+06
33 5.02091e+06
20 3.50055e+06
25 3.72131e+06
40 7.48768e+06
44 8.40225e+06
17 3.0345e+06
49 1.05389e+07
23 3.62919e+06
21 3.56969e+06
32 4.96882e+06
31 4.47335e+06
30 4.45392e+06
26 3.84775e+06
18 3.07592e+06
38 6.70144e+06
36 6.52928e+06
28 4.26599e+06
28 4.26599e+06
37 6.67019e+06
19 3.42383e+06
Thế hệ thứ: 36
11 2.39011e+06
39 6.97893e+06
45 9.15777e+06
50 1.07623e+07
27 4.13907e+06
43 7.88892e+06
35 6.48065e+06
12 2.70126e+06
20 3.50055e+06
34 6.37249e+06
33 5.02091e+06
20 3.50055e+06
25 3.72131e+06
40 7.48768e+06
44 8.40225e+06
17 3.0345e+06
49 1.05389e+07
23 3.62919e+06
21 3.56969e+06
32 4.96882e+06
31 4.47335e+06
19 3.42383e+06
30 4.45392e+06
26 3.84775e+06
18 3.07592e+06
38 6.70144e+06
36 6.52928e+06
28 4.26599e+06
28 4.26599e+06
37 6.67019e+06
46 9.91907e+06
Thế hệ thứ: 37
46 9.91907e+06
11 2.39011e+06
39 6.97893e+06
45 9.15777e+06
20 3.47575e+06
12 2.70126e+06
50 1.05528e+07
34 6.37249e+06
33 5.02091e+06
27 4.13907e+06
43 7.88892e+06
25 3.72131e+06
40 7.48768e+06
49 1.05389e+07
44 8.40225e+06
17 3.0345e+06
23 3.62919e+06
21 3.56969e+06
32 4.96882e+06
31 4.47335e+06
19 3.42383e+06
30 4.45392e+06
26 3.84775e+06
18 3.07592e+06
38 6.70144e+06
36 6.52928e+06
28 4.26599e+06
28 4.26599e+06
37 6.67019e+06
35 6.48065e+06
41 7.82302e+06
Thế hệ thứ: 38
46 9.91907e+06
11 2.39011e+06
34 6.37249e+06
50 1.05528e+07
39 6.97893e+06
44 8.40225e+06
45 8.42529e+06
12 2.70126e+06
33 5.02091e+06
17 3.0345e+06
49 1.05389e+07
25 3.72131e+06
40 7.48768e+06
27 4.13907e+06
43 7.88892e+06
41 7.82302e+06
23 3.62919e+06
21 3.56969e+06
32 4.96882e+06
31 4.47335e+06
26 3.84775e+06
30 4.45392e+06
19 3.42383e+06
18 3.07592e+06
38 6.70144e+06
36 6.52928e+06
28 4.26599e+06
28 4.26599e+06
28 4.26599e+06
37 6.67019e+06
35 6.48065e+06
20 3.47575e+06
Thế hệ thứ: 39
17 3.0345e+06
46 9.91907e+06
11 2.39011e+06
34 6.37249e+06
50 1.05528e+07
45 8.42529e+06
12 2.70126e+06
33 5.02091e+06
49 1.05389e+07
25 3.72131e+06
40 7.48768e+06
27 4.13907e+06
43 7.88892e+06
39 6.97893e+06
41 7.82302e+06
23 3.62919e+06
21 3.56969e+06
32 4.96882e+06
44 8.40225e+06
31 4.47335e+06
26 3.84775e+06
30 4.45392e+06
19 3.42383e+06
18 3.07592e+06
38 6.70144e+06
36 6.52928e+06
28 4.26599e+06
28 4.26599e+06
28 4.26599e+06
37 6.67019e+06
35 6.48065e+06
20 3.47575e+06
Thế hệ thứ: 40
17 3.0345e+06
46 9.91907e+06
11 2.39011e+06
34 6.37249e+06
50 1.05528e+07
45 8.42529e+06
12 2.70126e+06
33 5.02091e+06
49 1.05389e+07
25 3.72131e+06
40 7.48768e+06
43 7.88892e+06
39 6.97893e+06
41 7.82302e+06
23 3.62919e+06
21 3.56969e+06
32 4.96882e+06
44 8.40225e+06
31 4.47335e+06
26 3.84775e+06
30 4.45392e+06
19 3.42383e+06
18 3.07592e+06
38 6.70144e+06
36 6.52928e+06
37 6.67019e+06
35 6.48065e+06
20 3.47575e+06
28 4.12903e+06
27 4.1239e+06
Thế hệ thứ: 41
34 6.37249e+06
50 1.05528e+07
41 7.5068e+06
17 3.0345e+06
46 9.91907e+06
11 2.39011e+06
45 8.42529e+06
12 2.70126e+06
33 5.02091e+06
49 1.05389e+07
25 3.72131e+06
40 7.48768e+06
43 7.88892e+06
39 6.97893e+06
23 3.62919e+06
30 4.45392e+06
21 3.56969e+06
32 4.96882e+06
28 4.12903e+06
44 8.40225e+06
31 4.47335e+06
26 3.84775e+06
19 3.42383e+06
18 3.07592e+06
38 6.70144e+06
36 6.52928e+06
37 6.67019e+06
35 6.48065e+06
20 3.47575e+06
27 4.07055e+06
Thế hệ thứ: 42
34 6.37249e+06
50 1.05528e+07
41 7.5068e+06
17 3.0345e+06
11 2.39011e+06
45 8.42529e+06
12 2.70126e+06
33 5.02091e+06
43 7.88892e+06
49 1.05389e+07
39 6.97893e+06
28 4.12903e+06
23 3.62919e+06
21 3.56969e+06
32 4.96882e+06
44 8.40225e+06
25 3.72131e+06
40 7.48768e+06
31 4.47335e+06
19 3.42383e+06
18 3.07592e+06
26 3.84775e+06
38 6.70144e+06
27 4.07055e+06
36 6.52928e+06
37 6.67019e+06
35 6.48065e+06
20 3.47575e+06
46 8.43002e+06
30 4.42138e+06
Thế hệ thứ: 43
34 6.37249e+06
50 1.05528e+07
41 7.5068e+06
11 2.39011e+06
49 1.05389e+07
46 8.43002e+06
45 8.42529e+06
12 2.70126e+06
33 5.02091e+06
43 7.88892e+06
39 6.97893e+06
47 1.01981e+07
23 3.62919e+06
28 4.12903e+06
30 4.42138e+06
21 3.56969e+06
32 4.96882e+06
31 4.47335e+06
44 8.40225e+06
40 7.48768e+06
25 3.72131e+06
19 3.42383e+06
18 3.07592e+06
26 3.84775e+06
38 6.70144e+06
27 4.07055e+06
36 6.52928e+06
37 6.67019e+06
35 6.48065e+06
20 3.47575e+06
42 7.72043e+06
17 3.03174e+06
Thế hệ thứ: 44
50 1.05528e+07
17 3.03174e+06
11 2.39011e+06
47 1.01981e+07
23 3.62919e+06
46 8.43002e+06
45 8.42529e+06
12 2.70126e+06
33 5.02091e+06
39 6.97893e+06
43 7.88892e+06
49 1.05389e+07
28 4.12903e+06
30 4.42138e+06
21 3.56969e+06
32 4.96882e+06
31 4.47335e+06
44 8.40225e+06
42 7.72043e+06
25 3.72131e+06
40 7.48768e+06
19 3.42383e+06
18 3.07592e+06
26 3.84775e+06
38 6.70144e+06
27 4.07055e+06
41 7.5068e+06
36 6.52928e+06
37 6.67019e+06
35 6.48065e+06
20 3.47575e+06
34 5.34413e+06
Thế hệ thứ: 45
50 1.05528e+07
17 3.03174e+06
11 2.39011e+06
47 1.01981e+07
23 3.62919e+06
35 6.48065e+06
46 8.43002e+06
45 8.42529e+06
12 2.70126e+06
34 5.34413e+06
39 6.97893e+06
43 7.88892e+06
49 1.05389e+07
28 4.12903e+06
30 4.42138e+06
21 3.56969e+06
32 4.96882e+06
31 4.47335e+06
44 8.40225e+06
42 7.72043e+06
25 3.72131e+06
40 7.48768e+06
18 3.07592e+06
33 5.02091e+06
26 3.84775e+06
38 6.70144e+06
27 4.07055e+06
41 7.5068e+06
36 6.52928e+06
37 6.67019e+06
20 3.47575e+06
19 3.21443e+06
Thế hệ thứ: 46
50 1.05528e+07
17 3.03174e+06
11 2.39011e+06
47 1.01981e+07
23 3.62919e+06
35 6.48065e+06
46 8.43002e+06
45 8.42529e+06
12 2.70126e+06
34 5.34413e+06
39 6.97893e+06
43 7.88892e+06
49 1.05389e+07
28 4.12903e+06
30 4.42138e+06
21 3.56969e+06
32 4.96882e+06
31 4.47335e+06
44 8.40225e+06
42 7.72043e+06
25 3.72131e+06
40 7.48768e+06
19 3.21443e+06
33 5.02091e+06
20 3.47575e+06
26 3.84775e+06
38 6.70144e+06
27 4.07055e+06
41 7.5068e+06
36 6.52928e+06
18 3.07592e+06
37 6.67019e+06
Thế hệ thứ: 47
17 3.03174e+06
11 2.39011e+06
23 3.62919e+06
35 6.48065e+06
46 8.43002e+06
45 8.42529e+06
12 2.70126e+06
34 5.34413e+06
39 6.97893e+06
43 7.88892e+06
49 1.05389e+07
28 4.12903e+06
30 4.42138e+06
21 3.56969e+06
32 4.96882e+06
31 4.47335e+06
44 8.40225e+06
42 7.72043e+06
25 3.72131e+06
40 7.48768e+06
19 3.21443e+06
33 5.02091e+06
20 3.47575e+06
26 3.84775e+06
38 6.70144e+06
27 4.07055e+06
41 7.5068e+06
36 6.52928e+06
18 3.07592e+06
37 6.67019e+06
50 1.05471e+07
47 1.0146e+07
22 3.62371e+06
Thế hệ thứ: 48
17 3.03174e+06
11 2.39011e+06
50 1.05471e+07
47 1.0146e+07
35 6.48065e+06
46 8.43002e+06
45 8.42529e+06
12 2.70126e+06
34 5.34413e+06
39 6.97893e+06
43 7.88892e+06
49 1.05389e+07
28 4.12903e+06
30 4.42138e+06
21 3.56969e+06
32 4.96882e+06
31 4.47335e+06
44 8.40225e+06
42 7.72043e+06
25 3.72131e+06
19 3.21443e+06
33 5.02091e+06
20 3.47575e+06
26 3.84775e+06
38 6.70144e+06
23 3.62919e+06
27 4.07055e+06
41 7.5068e+06
36 6.52928e+06
18 3.07592e+06
37 6.67019e+06
22 3.62371e+06
40 7.2966e+06
Thế hệ thứ: 49
17 3.03174e+06
11 2.39011e+06
50 1.05471e+07
47 1.0146e+07
35 6.48065e+06
46 8.43002e+06
45 8.42529e+06
12 2.70126e+06
34 5.34413e+06
49 1.05389e+07
39 6.97893e+06
28 4.12903e+06
30 4.42138e+06
21 3.56969e+06
32 4.96882e+06
31 4.47335e+06
44 8.40225e+06
40 7.2966e+06
42 7.72043e+06
25 3.72131e+06
41 7.5068e+06
19 3.21443e+06
33 5.02091e+06
20 3.47575e+06
26 3.84775e+06
38 6.70144e+06
23 3.62919e+06
27 4.07055e+06
36 6.52928e+06
18 3.07592e+06
37 6.67019e+06
22 3.62371e+06
43 7.72043e+06

