Thế hệ thứ: 0
50 8.58366e+06
49 7.84467e+06
24 3.89021e+06
48 7.39881e+06
42 4.42733e+06
44 6.45444e+06
43 5.973e+06
37 3.96646e+06
46 7.05536e+06
Thế hệ thứ: 1
37 3.96646e+06
42 4.42733e+06
49 6.65968e+06
47 5.42054e+06
50 6.66019e+06
46 4.70816e+06
39 3.97371e+06
31 3.32187e+06
Thế hệ thứ: 2
31 3.32187e+06
46 4.70816e+06
50 6.66019e+06
47 5.42054e+06
42 4.42733e+06
49 6.65968e+06
41 3.84591e+06
29 3.22174e+06
27 2.96469e+06
48 5.78307e+06
38 3.6963e+06
37 3.66992e+06
33 3.46658e+06
Thế hệ thứ: 3
46 4.70816e+06
50 6.66019e+06
27 2.96469e+06
37 3.66992e+06
48 5.78307e+06
42 4.42733e+06
47 5.42054e+06
41 3.84591e+06
49 6.65968e+06
29 3.22174e+06
38 3.6963e+06
35 3.43615e+06
33 3.31289e+06
Thế hệ thứ: 4
46 4.70816e+06
50 6.66019e+06
27 2.96469e+06
48 5.78307e+06
42 4.42733e+06
47 5.42054e+06
41 3.84591e+06
49 6.65968e+06
33 3.31289e+06
35 3.43615e+06
37 3.59044e+06
29 3.21013e+06
39 3.67809e+06
Thế hệ thứ: 5
46 4.70816e+06
29 3.21013e+06
27 2.96469e+06
48 5.78307e+06
47 5.42054e+06
41 3.84591e+06
33 3.31289e+06
35 3.43615e+06
39 3.67809e+06
37 3.59044e+06
42 4.31279e+06
50 6.23867e+06
Thế hệ thứ: 6
50 6.23867e+06
27 2.96469e+06
46 4.70816e+06
29 3.21013e+06
47 5.42054e+06
33 3.31289e+06
41 3.84591e+06
42 4.12594e+06
39 3.67809e+06
37 3.59044e+06
44 4.39424e+06
48 5.56128e+06
35 3.41373e+06
Thế hệ thứ: 7
50 6.23867e+06
27 2.96469e+06
46 4.70816e+06
37 3.59044e+06
48 5.56128e+06
33 3.31289e+06
44 4.39424e+06
49 6.16906e+06
25 2.81467e+06
47 5.42054e+06
35 3.41373e+06
39 3.67809e+06
42 3.69155e+06
29 3.08384e+06
30 3.10404e+06
Thế hệ thứ: 8
50 6.23867e+06
25 2.81467e+06
47 5.42054e+06
33 3.31289e+06
46 4.70816e+06
48 5.56128e+06
42 3.69155e+06
35 3.41373e+06
27 2.96469e+06
39 3.67809e+06
34 3.36789e+06
32 3.00691e+06
49 5.84939e+06
45 4.10889e+06
38 3.45041e+06
Thế hệ thứ: 9
50 6.23867e+06
50 6.23867e+06
47 5.42054e+06
32 3.00691e+06
33 3.01865e+06
45 4.10889e+06
46 4.70816e+06
49 5.84939e+06
38 3.45041e+06
48 5.56128e+06
35 3.41373e+06
34 3.36789e+06
28 2.72927e+06
42 3.67432e+06
43 3.71681e+06
Thế hệ thứ: 10
43 3.71681e+06
32 3.00691e+06
28 2.72927e+06
33 3.01865e+06
45 4.10889e+06
46 4.70816e+06
42 3.67432e+06
38 3.45041e+06
35 3.41373e+06
34 3.36789e+06
49 5.12678e+06
37 3.44711e+06
50 5.52671e+06
31 3.00551e+06
Thế hệ thứ: 11
28 2.72927e+06
33 3.01865e+06
45 4.10889e+06
38 3.45041e+06
42 3.67432e+06
49 5.12678e+06
43 3.71681e+06
31 3.00551e+06
35 3.41373e+06
37 3.44711e+06
32 3.00691e+06
48 4.59931e+06
50 5.13004e+06
34 3.27791e+06
Thế hệ thứ: 12
28 2.72927e+06
50 5.13004e+06
33 3.01865e+06
45 4.10889e+06
48 4.59931e+06
48 4.59931e+06
49 5.12678e+06
38 3.45041e+06
42 3.67432e+06
43 3.71681e+06
31 3.00551e+06
35 3.41373e+06
37 3.44711e+06
32 3.00691e+06
34 3.2448e+06
36 3.44711e+06
30 2.80534e+06
Thế hệ thứ: 13
28 2.72927e+06
50 5.13004e+06
48 4.59931e+06
48 4.59931e+06
33 3.01865e+06
45 4.10889e+06
49 5.12678e+06
38 3.45041e+06
42 3.67432e+06
43 3.71681e+06
30 2.80534e+06
35 3.41373e+06
36 3.44711e+06
37 3.44711e+06
34 3.20144e+06
32 2.95054e+06
Thế hệ thứ: 14
28 2.72927e+06
50 5.13004e+06
48 4.59931e+06
48 4.59931e+06
33 3.01865e+06
45 4.10889e+06
49 5.12678e+06
38 3.45041e+06
42 3.67432e+06
43 3.71681e+06
30 2.80534e+06
34 3.20144e+06
32 2.95054e+06
35 3.41373e+06
36 3.44711e+06
37 3.44711e+06
Thế hệ thứ: 15
28 2.72927e+06
50 5.13004e+06
48 4.59931e+06
48 4.59931e+06
45 4.10889e+06
49 5.12678e+06
38 3.45041e+06
42 3.67432e+06
43 3.71681e+06
30 2.80534e+06
32 2.95054e+06
37 3.44711e+06
35 2.98706e+06
36 3.20782e+06
44 4.10825e+06
Thế hệ thứ: 16
28 2.72927e+06
50 5.13004e+06
48 4.59931e+06
48 4.59931e+06
45 4.10889e+06
49 5.12678e+06
38 3.45041e+06
42 3.67432e+06
32 2.95054e+06
35 2.98706e+06
36 3.20782e+06
30 2.80534e+06
43 3.71681e+06
44 4.10825e+06
37 3.44711e+06
Thế hệ thứ: 17
28 2.72927e+06
50 5.13004e+06
48 4.59931e+06
48 4.59931e+06
45 4.10889e+06
49 5.12678e+06
38 3.45041e+06
42 3.67432e+06
32 2.95054e+06
35 2.98706e+06
36 3.20782e+06
30 2.80534e+06
43 3.71681e+06
44 4.10825e+06
37 3.44711e+06
47 4.57194e+06
Thế hệ thứ: 18
28 2.72927e+06
50 5.13004e+06
32 2.95054e+06
47 4.57194e+06
49 5.12678e+06
38 3.45041e+06
42 3.67432e+06
45 4.10889e+06
35 2.98706e+06
36 3.20782e+06
30 2.80534e+06
43 3.71681e+06
44 4.10825e+06
37 3.44711e+06
48 4.59819e+06
Thế hệ thứ: 19
28 2.72927e+06
50 5.13004e+06
47 4.57194e+06
49 5.12678e+06
38 3.45041e+06
42 3.67432e+06
48 4.59819e+06
45 4.10889e+06
36 3.20782e+06
30 2.80534e+06
43 3.71681e+06
44 4.10825e+06
37 3.44711e+06
35 2.94902e+06
Thế hệ thứ: 20
30 2.80534e+06
28 2.72927e+06
50 5.13004e+06
47 4.57194e+06
35 2.94902e+06
42 3.67432e+06
48 4.59819e+06
45 4.10889e+06
38 3.45041e+06
49 5.12678e+06
36 3.20782e+06
43 3.71681e+06
44 4.10825e+06
37 3.44711e+06
46 4.4781e+06
32 2.93501e+06
Thế hệ thứ: 21
28 2.72927e+06
50 5.13004e+06
49 5.12678e+06
38 3.45041e+06
42 3.67432e+06
36 3.20782e+06
48 4.59819e+06
35 2.94902e+06
46 4.4781e+06
43 3.71681e+06
30 2.80534e+06
44 4.10825e+06
45 4.10889e+06
37 3.44711e+06
47 4.57194e+06
34 2.93469e+06
Thế hệ thứ: 22
30 2.80534e+06
28 2.72927e+06
50 5.13004e+06
49 5.12678e+06
38 3.45041e+06
42 3.67432e+06
48 4.59819e+06
34 2.93469e+06
43 3.71681e+06
44 4.10825e+06
45 4.10889e+06
35 2.94902e+06
37 3.44711e+06
31 2.87441e+06
47 4.20242e+06
36 3.20473e+06
46 4.1781e+06
Thế hệ thứ: 23
28 2.72927e+06
50 5.13004e+06
46 4.1781e+06
36 3.20473e+06
49 5.12678e+06
38 3.45041e+06
42 3.67432e+06
43 3.71681e+06
47 4.20242e+06
44 4.10825e+06
31 2.87441e+06
34 2.93469e+06
35 2.94902e+06
30 2.80534e+06
37 3.44711e+06
45 4.10889e+06
48 4.29931e+06
Thế hệ thứ: 24
28 2.72927e+06
50 5.13004e+06
43 3.71681e+06
48 4.29931e+06
48 4.29931e+06
36 3.20473e+06
38 3.45041e+06
42 3.67432e+06
49 5.12678e+06
44 4.10825e+06
31 2.87441e+06
34 2.93469e+06
35 2.94902e+06
30 2.80534e+06
37 3.44711e+06
47 4.20242e+06
46 4.1781e+06
45 4.10889e+06
Thế hệ thứ: 25
28 2.72927e+06
50 5.13004e+06
36 3.20473e+06
38 3.45041e+06
42 3.67432e+06
49 5.12678e+06
43 3.71681e+06
48 4.29931e+06
48 4.29931e+06
44 4.10825e+06
31 2.87441e+06
32 2.91172e+06
34 2.93469e+06
35 2.94902e+06
30 2.80534e+06
37 3.44711e+06
47 4.20242e+06
46 4.1781e+06
45 4.10889e+06
Thế hệ thứ: 26
28 2.72927e+06
50 5.13004e+06
36 3.00139e+06
38 3.45041e+06
42 3.67432e+06
49 5.12678e+06
43 3.71681e+06
48 4.29931e+06
48 4.29931e+06
35 2.94902e+06
30 2.80534e+06
34 2.93469e+06
32 2.91172e+06
47 4.20242e+06
31 2.87441e+06
46 4.1781e+06
45 4.10889e+06
44 4.10648e+06
33 2.91291e+06
37 3.37123e+06
Thế hệ thứ: 27
28 2.72927e+06
50 5.13004e+06
42 3.67432e+06
38 3.45041e+06
36 3.00139e+06
49 5.12678e+06
43 3.71681e+06
48 4.29931e+06
48 4.29931e+06
37 3.37123e+06
33 2.91291e+06
30 2.80534e+06
47 4.20242e+06
31 2.87441e+06
46 4.1781e+06
45 4.10889e+06
35 2.94902e+06
34 2.93469e+06
32 2.91172e+06
44 4.10053e+06
Thế hệ thứ: 28
28 2.72927e+06
50 5.13004e+06
42 3.67432e+06
38 3.45041e+06
36 3.00139e+06
49 5.12678e+06
43 3.71681e+06
48 4.29931e+06
48 4.29931e+06
37 3.37123e+06
44 4.10053e+06
30 2.80534e+06
31 2.87441e+06
46 4.1781e+06
45 4.10889e+06
35 2.94902e+06
34 2.93469e+06
32 2.91172e+06
33 2.91291e+06
47 4.20131e+06
Thế hệ thứ: 29
28 2.72927e+06
50 5.13004e+06
42 3.67432e+06
38 3.45041e+06
36 3.00139e+06
49 5.12678e+06
48 4.29931e+06
48 4.29931e+06
37 3.37123e+06
44 4.10053e+06
30 2.80534e+06
47 4.20131e+06
46 4.1781e+06
45 4.10889e+06
35 2.94902e+06
34 2.93469e+06
32 2.91172e+06
33 2.91291e+06
31 2.84776e+06
43 3.7157e+06
Thế hệ thứ: 30
28 2.72927e+06
50 5.13004e+06
42 3.67432e+06
38 3.45041e+06
36 3.00139e+06
49 5.12678e+06
43 3.7157e+06
48 4.29931e+06
48 4.29931e+06
37 3.37123e+06
44 4.10053e+06
30 2.80534e+06
47 4.20131e+06
31 2.84776e+06
46 4.1781e+06
45 4.10889e+06
35 2.94902e+06
34 2.93469e+06
32 2.91172e+06
33 2.91291e+06
40 3.56688e+06
Thế hệ thứ: 31
28 2.72927e+06
50 5.13004e+06
36 3.00139e+06
38 3.45041e+06
49 5.12678e+06
43 3.7157e+06
48 4.29931e+06
48 4.29931e+06
37 3.37123e+06
40 3.56688e+06
44 4.10053e+06
42 3.67432e+06
30 2.80534e+06
47 4.20131e+06
31 2.84776e+06
46 4.1781e+06
45 4.10889e+06
35 2.94902e+06
34 2.93469e+06
32 2.91172e+06
33 2.91291e+06
41 3.56815e+06
22 2.63926e+06
Thế hệ thứ: 32
28 2.72927e+06
50 5.13004e+06
36 3.00139e+06
38 3.45041e+06
49 5.12678e+06
43 3.7157e+06
48 4.29931e+06
48 4.29931e+06
37 3.37123e+06
44 4.10053e+06
32 2.79651e+06
40 3.56688e+06
42 3.67432e+06
47 4.20131e+06
41 3.56815e+06
46 4.1781e+06
45 4.10889e+06
35 2.94902e+06
34 2.93469e+06
33 2.91291e+06
23 2.63378e+06
24 2.65003e+06
Thế hệ thứ: 33
23 2.63378e+06
50 5.13004e+06
49 5.12678e+06
43 3.7157e+06
48 4.29931e+06
48 4.29931e+06
28 2.72927e+06
40 3.56688e+06
32 2.79651e+06
37 3.37123e+06
36 3.00139e+06
38 3.45041e+06
44 4.10053e+06
42 3.67432e+06
33 2.91291e+06
47 4.20131e+06
41 3.56815e+06
46 4.1781e+06
45 4.10889e+06
35 2.94902e+06
34 2.93469e+06
27 2.66958e+06
24 2.6371e+06
31 2.79497e+06
Thế hệ thứ: 34
50 5.13004e+06
36 3.00139e+06
38 3.45041e+06
49 5.12678e+06
43 3.7157e+06
48 4.29931e+06
48 4.29931e+06
37 3.37123e+06
44 4.10053e+06
28 2.72927e+06
27 2.66958e+06
31 2.79497e+06
24 2.6371e+06
32 2.79651e+06
42 3.67432e+06
33 2.91291e+06
47 4.20131e+06
41 3.56815e+06
46 4.1781e+06
45 4.10889e+06
35 2.94902e+06
34 2.93469e+06
23 2.50162e+06
40 3.56046e+06
Thế hệ thứ: 35
23 2.50162e+06
50 5.13004e+06
36 3.00139e+06
38 3.45041e+06
22 2.48573e+06
49 5.12678e+06
43 3.7157e+06
48 4.29931e+06
48 4.29931e+06
37 3.37123e+06
44 4.10053e+06
24 2.6371e+06
28 2.72927e+06
27 2.66958e+06
31 2.79497e+06
40 3.56046e+06
42 3.67432e+06
33 2.91291e+06
47 4.20131e+06
32 2.79651e+06
41 3.56815e+06
46 4.1781e+06
45 4.10889e+06
35 2.94902e+06
34 2.93469e+06
Thế hệ thứ: 36
50 5.13004e+06
36 3.00139e+06
38 3.45041e+06
49 5.12678e+06
43 3.7157e+06
48 4.29931e+06
48 4.29931e+06
37 3.37123e+06
24 2.6371e+06
28 2.72927e+06
27 2.66958e+06
31 2.79497e+06
40 3.56046e+06
23 2.50162e+06
42 3.67432e+06
33 2.91291e+06
47 4.20131e+06
32 2.79651e+06
41 3.56815e+06
46 4.1781e+06
45 4.10889e+06
35 2.94902e+06
34 2.93469e+06
22 2.43574e+06
44 4.08152e+06
Thế hệ thứ: 37
44 4.08152e+06
50 5.13004e+06
22 2.43574e+06
36 3.00139e+06
38 3.45041e+06
49 5.12678e+06
43 3.7157e+06
48 4.29931e+06
48 4.29931e+06
37 3.37123e+06
24 2.6371e+06
28 2.72927e+06
27 2.66958e+06
31 2.79497e+06
40 3.56046e+06
23 2.50162e+06
42 3.67432e+06
33 2.91291e+06
47 4.20131e+06
32 2.79651e+06
41 3.56815e+06
45 4.10889e+06
46 4.1781e+06
35 2.94902e+06
34 2.93469e+06
Thế hệ thứ: 38
44 4.08152e+06
50 5.13004e+06
22 2.43574e+06
36 3.00139e+06
38 3.45041e+06
49 5.12678e+06
43 3.7157e+06
48 4.29931e+06
48 4.29931e+06
37 3.37123e+06
24 2.6371e+06
28 2.72927e+06
27 2.66958e+06
31 2.79497e+06
40 3.56046e+06
23 2.50162e+06
42 3.67432e+06
33 2.91291e+06
47 4.20131e+06
32 2.79651e+06
41 3.56815e+06
45 4.10889e+06
46 4.1781e+06
35 2.94902e+06
34 2.93469e+06
Thế hệ thứ: 39
44 4.08152e+06
50 5.13004e+06
36 3.00139e+06
38 3.45041e+06
49 5.12678e+06
43 3.7157e+06
48 4.29931e+06
48 4.29931e+06
37 3.37123e+06
24 2.6371e+06
28 2.72927e+06
27 2.66958e+06
31 2.79497e+06
40 3.56046e+06
23 2.50162e+06
42 3.67432e+06
33 2.91291e+06
47 4.20131e+06
32 2.79651e+06
41 3.56815e+06
45 4.10889e+06
46 4.1781e+06
35 2.94902e+06
34 2.93469e+06
22 2.42736e+06
Thế hệ thứ: 40
44 4.08152e+06
50 5.13004e+06
24 2.6371e+06
22 2.42736e+06
36 3.00139e+06
38 3.45041e+06
49 5.12678e+06
43 3.7157e+06
48 4.29931e+06
48 4.29931e+06
37 3.37123e+06
28 2.72927e+06
27 2.66958e+06
31 2.79497e+06
40 3.56046e+06
42 3.67432e+06
33 2.91291e+06
47 4.20131e+06
32 2.79651e+06
41 3.56815e+06
45 4.10889e+06
46 4.1781e+06
35 2.94902e+06
34 2.93469e+06
23 2.46482e+06
Thế hệ thứ: 41
50 5.13004e+06
22 2.42736e+06
24 2.6371e+06
36 3.00139e+06
38 3.45041e+06
49 5.12678e+06
43 3.7157e+06
48 4.29931e+06
48 4.29931e+06
37 3.37123e+06
44 4.08152e+06
28 2.72927e+06
27 2.66958e+06
31 2.79497e+06
40 3.56046e+06
23 2.46482e+06
42 3.67432e+06
33 2.91291e+06
47 4.20131e+06
32 2.79651e+06
41 3.56815e+06
45 4.10889e+06
46 4.1781e+06
35 2.94902e+06
34 2.93469e+06
Thế hệ thứ: 42
50 5.13004e+06
22 2.42736e+06
24 2.6371e+06
36 3.00139e+06
38 3.45041e+06
49 5.12678e+06
43 3.7157e+06
48 4.29931e+06
48 4.29931e+06
37 3.37123e+06
44 4.08152e+06
28 2.72927e+06
27 2.66958e+06
31 2.79497e+06
40 3.56046e+06
23 2.46482e+06
42 3.67432e+06
33 2.91291e+06
47 4.20131e+06
32 2.79651e+06
41 3.56815e+06
45 4.10889e+06
46 4.1781e+06
35 2.94902e+06
34 2.93469e+06
Thế hệ thứ: 43
50 5.13004e+06
24 2.6371e+06
22 2.42736e+06
36 3.00139e+06
38 3.45041e+06
49 5.12678e+06
43 3.7157e+06
48 4.29931e+06
48 4.29931e+06
37 3.37123e+06
44 4.08152e+06
28 2.72927e+06
27 2.66958e+06
31 2.79497e+06
40 3.56046e+06
23 2.46482e+06
42 3.67432e+06
33 2.91291e+06
47 4.20131e+06
32 2.79651e+06
41 3.56815e+06
45 4.10889e+06
46 4.1781e+06
35 2.94902e+06
34 2.93469e+06
Thế hệ thứ: 44
50 5.13004e+06
22 2.42736e+06
24 2.6371e+06
36 3.00139e+06
38 3.45041e+06
49 5.12678e+06
43 3.7157e+06
48 4.29931e+06
48 4.29931e+06
37 3.37123e+06
44 4.08152e+06
28 2.72927e+06
27 2.66958e+06
31 2.79497e+06
40 3.56046e+06
23 2.46482e+06
42 3.67432e+06
33 2.91291e+06
47 4.20131e+06
32 2.79651e+06
41 3.56815e+06
46 4.1781e+06
35 2.94902e+06
34 2.93469e+06
45 4.10778e+06
Thế hệ thứ: 45
50 5.13004e+06
24 2.6371e+06
36 3.00139e+06
38 3.45041e+06
49 5.12678e+06
43 3.7157e+06
48 4.29931e+06
48 4.29931e+06
37 3.37123e+06
44 4.08152e+06
28 2.72927e+06
27 2.66958e+06
31 2.79497e+06
40 3.56046e+06
23 2.46482e+06
42 3.67432e+06
33 2.91291e+06
47 4.20131e+06
32 2.79651e+06
41 3.56815e+06
45 4.10778e+06
46 4.1781e+06
35 2.94902e+06
34 2.93469e+06
22 2.42666e+06
Thế hệ thứ: 46
50 5.13004e+06
22 2.42666e+06
36 3.00139e+06
38 3.45041e+06
44 4.0664e+06
49 5.12678e+06
43 3.7157e+06
48 4.29931e+06
48 4.29931e+06
37 3.37123e+06
24 2.6371e+06
28 2.72927e+06
27 2.66958e+06
31 2.79497e+06
40 3.56046e+06
23 2.46482e+06
42 3.67432e+06
33 2.91291e+06
47 4.20131e+06
32 2.79651e+06
41 3.56815e+06
45 4.10778e+06
46 4.1781e+06
35 2.94902e+06
34 2.93469e+06
Thế hệ thứ: 47
50 5.13004e+06
22 2.42666e+06
49 5.12678e+06
44 4.0664e+06
36 3.00139e+06
38 3.45041e+06
48 4.29931e+06
48 4.29931e+06
37 3.37123e+06
24 2.6371e+06
43 3.7157e+06
28 2.72927e+06
27 2.66958e+06
31 2.79497e+06
40 3.56046e+06
23 2.46482e+06
42 3.67432e+06
33 2.91291e+06
47 4.20131e+06
32 2.79651e+06
41 3.56815e+06
45 4.10778e+06
46 4.1781e+06
35 2.94902e+06
34 2.93469e+06
Thế hệ thứ: 48
50 5.13004e+06
22 2.42666e+06
49 5.12678e+06
44 4.0664e+06
36 3.00139e+06
38 3.45041e+06
48 4.29931e+06
48 4.29931e+06
37 3.37123e+06
24 2.6371e+06
43 3.7157e+06
28 2.72927e+06
27 2.66958e+06
31 2.79497e+06
40 3.56046e+06
23 2.46482e+06
42 3.67432e+06
33 2.91291e+06
47 4.20131e+06
32 2.79651e+06
41 3.56815e+06
45 4.10778e+06
46 4.1781e+06
35 2.94902e+06
34 2.93469e+06
Thế hệ thứ: 49
50 5.13004e+06
22 2.42666e+06
49 5.12678e+06
44 4.0664e+06
36 3.00139e+06
38 3.45041e+06
48 4.29931e+06
48 4.29931e+06
37 3.37123e+06
24 2.6371e+06
43 3.7157e+06
28 2.72927e+06
27 2.66958e+06
31 2.79497e+06
40 3.56046e+06
23 2.46482e+06
42 3.67432e+06
33 2.91291e+06
47 4.20131e+06
32 2.79651e+06
41 3.56815e+06
45 4.10778e+06
45 4.10778e+06
46 4.1781e+06
35 2.94902e+06
34 2.93469e+06

