Thế hệ thứ: 0
19 1.72841e+06
17 1.72678e+06
20 1.87268e+06
Thế hệ thứ: 1
17 1.72678e+06
19 1.72841e+06
20 1.8658e+06
Thế hệ thứ: 2
17 1.72678e+06
19 1.72841e+06
20 1.77732e+06
Thế hệ thứ: 3
17 1.72678e+06
19 1.72841e+06
20 1.77732e+06
Thế hệ thứ: 4
17 1.72678e+06
19 1.72841e+06
20 1.77732e+06
Thế hệ thứ: 5
20 1.77732e+06
17 1.72678e+06
19 1.72841e+06
Thế hệ thứ: 6
20 1.76702e+06
17 1.72678e+06
19 1.72841e+06
Thế hệ thứ: 7
20 1.76702e+06
17 1.72678e+06
19 1.72841e+06
Thế hệ thứ: 8
20 1.76702e+06
17 1.72678e+06
19 1.72841e+06
Thế hệ thứ: 9
17 1.72678e+06
19 1.72841e+06
20 1.75663e+06
Thế hệ thứ: 10
19 1.72841e+06
17 1.72678e+06
20 1.75663e+06
Thế hệ thứ: 11
19 1.72841e+06
17 1.72678e+06
20 1.75663e+06
Thế hệ thứ: 12
19 1.72841e+06
17 1.72678e+06
20 1.75663e+06
Thế hệ thứ: 13
19 1.72841e+06
17 1.72678e+06
20 1.75663e+06
Thế hệ thứ: 14
19 1.72841e+06
17 1.72678e+06
20 1.75663e+06
Thế hệ thứ: 15
19 1.72841e+06
17 1.72678e+06
20 1.75663e+06
Thế hệ thứ: 16
19 1.72841e+06
17 1.72678e+06
20 1.75663e+06
Thế hệ thứ: 17
17 1.72678e+06
19 1.72841e+06
20 1.75663e+06
Thế hệ thứ: 18
17 1.72678e+06
19 1.72841e+06
20 1.75663e+06
Thế hệ thứ: 19
19 1.72841e+06
17 1.72678e+06
20 1.75663e+06
Thế hệ thứ: 20
19 1.72841e+06
17 1.72678e+06
20 1.75663e+06
Thế hệ thứ: 21
19 1.72841e+06
17 1.72678e+06
20 1.75663e+06
Thế hệ thứ: 22
19 1.72841e+06
17 1.72678e+06
20 1.75663e+06
Thế hệ thứ: 23
19 1.72841e+06
17 1.72678e+06
20 1.75663e+06
Thế hệ thứ: 24
19 1.72841e+06
17 1.72678e+06
20 1.75663e+06
Thế hệ thứ: 25
19 1.72841e+06
17 1.72678e+06
20 1.75663e+06
Thế hệ thứ: 26
19 1.72841e+06
17 1.72678e+06
20 1.75663e+06
Thế hệ thứ: 27
17 1.72678e+06
19 1.72841e+06
20 1.75663e+06
18 1.72708e+06
Thế hệ thứ: 28
19 1.72841e+06
18 1.7019e+06
20 1.75663e+06
Thế hệ thứ: 29
19 1.72841e+06
18 1.7019e+06
20 1.75663e+06
