Thế hệ thứ: 0
82 9.39087e+06
75 7.28522e+06
85 1.07067e+07
77 7.53441e+06
132 1.60506e+07
94 1.08589e+07
114 1.2821e+07
81 8.76575e+06
160 2.10528e+07
163 2.64448e+07
128 1.56217e+07
137 1.89937e+07
59 6.30992e+06
179 3.16693e+07
97 1.14639e+07
84 9.59667e+06
100 1.26624e+07
Thế hệ thứ: 1
81 8.76575e+06
163 2.64448e+07
179 3.16693e+07
59 6.30992e+06
160 2.10528e+07
132 1.60506e+07
128 1.56217e+07
137 1.89937e+07
75 7.28522e+06
85 1.07067e+07
94 1.08589e+07
91 1.08426e+07
119 1.17421e+07
77 7.53441e+06
84 9.59667e+06
82 9.39087e+06
99 1.14214e+07
136 1.88638e+07
95 1.1216e+07
Thế hệ thứ: 2
163 2.64448e+07
79 7.64589e+06
179 3.16693e+07
160 2.10528e+07
119 1.17421e+07
77 7.53441e+06
137 1.89937e+07
75 7.28522e+06
132 1.60506e+07
136 1.88638e+07
130 1.50783e+07
138 2.09868e+07
104 1.06613e+07
86 8.08661e+06
123 1.43672e+07
65 6.79713e+06
105 1.14229e+07
92 1.03153e+07
61 5.18755e+06
Thế hệ thứ: 3
92 1.03153e+07
163 2.64448e+07
179 3.16693e+07
61 5.18755e+06
160 2.10528e+07
138 2.09868e+07
119 1.17421e+07
123 1.43672e+07
86 8.08661e+06
65 6.79713e+06
132 1.60506e+07
105 1.14229e+07
136 1.88638e+07
104 1.06613e+07
130 1.50783e+07
137 1.89937e+07
37 4.10695e+06
84 6.93823e+06
65 6.79713e+06
Thế hệ thứ: 4
92 1.03153e+07
163 2.64448e+07
37 4.10695e+06
179 3.16693e+07
160 2.10528e+07
61 5.18755e+06
119 1.17421e+07
123 1.43672e+07
84 6.93823e+06
49 4.8987e+06
132 1.60506e+07
86 8.08661e+06
105 1.14229e+07
130 1.50783e+07
104 1.05032e+07
137 1.69055e+07
139 2.05775e+07
122 1.30535e+07
170 2.70299e+07
74 6.40035e+06
Thế hệ thứ: 5
163 2.64448e+07
170 2.70299e+07
179 3.16693e+07
37 4.10695e+06
160 2.10528e+07
74 6.40035e+06
122 1.30535e+07
61 5.18755e+06
137 1.69055e+07
132 1.60506e+07
49 4.8987e+06
119 1.17421e+07
86 8.08661e+06
105 1.14229e+07
84 6.93823e+06
104 1.05032e+07
123 1.43672e+07
130 1.50783e+07
152 1.8358e+07
49 4.8987e+06
96 8.12702e+06
76 6.81058e+06
Thế hệ thứ: 6
163 2.64448e+07
170 2.70299e+07
179 3.16693e+07
152 1.8358e+07
37 4.10695e+06
160 2.10528e+07
61 5.18755e+06
137 1.69055e+07
96 8.12702e+06
104 1.05032e+07
119 1.17421e+07
122 1.30535e+07
74 6.40035e+06
105 1.14229e+07
123 1.43672e+07
86 8.08661e+06
130 1.50783e+07
84 6.93823e+06
132 1.60506e+07
76 6.81058e+06
66 5.58465e+06
73 6.20521e+06
98 8.84956e+06
101 1.01196e+07
52 4.59858e+06
48 4.51616e+06
Thế hệ thứ: 7
163 2.64448e+07
170 2.70299e+07
101 1.01196e+07
179 3.16693e+07
152 1.8358e+07
37 4.10695e+06
160 2.10528e+07
119 1.17421e+07
105 1.14229e+07
61 5.18755e+06
123 1.43672e+07
52 4.59858e+06
86 8.08661e+06
130 1.50783e+07
48 4.51616e+06
74 6.40035e+06
122 1.30535e+07
66 5.58465e+06
84 6.93823e+06
132 1.60506e+07
96 8.12702e+06
98 8.84956e+06
76 6.81058e+06
73 6.20521e+06
104 1.05032e+07
54 4.9974e+06
137 1.68414e+07
Thế hệ thứ: 8
163 2.64448e+07
170 2.70299e+07
101 1.01196e+07
179 3.16693e+07
152 1.8358e+07
37 4.10695e+06
160 2.10528e+07
137 1.68414e+07
119 1.17421e+07
105 1.14229e+07
52 4.59858e+06
86 8.08661e+06
130 1.50783e+07
48 4.51616e+06
74 6.40035e+06
66 5.58465e+06
84 6.93823e+06
132 1.60506e+07
96 8.12702e+06
98 8.84956e+06
61 5.18755e+06
76 6.81058e+06
73 6.20521e+06
54 4.9974e+06
104 1.05032e+07
125 1.2996e+07
173 2.89147e+07
Thế hệ thứ: 9
163 2.64448e+07
101 1.01196e+07
179 3.16693e+07
152 1.8358e+07
37 4.10695e+06
160 2.10528e+07
173 2.89147e+07
125 1.2996e+07
119 1.17421e+07
130 1.50783e+07
170 2.70299e+07
105 1.14229e+07
48 4.51616e+06
66 5.58465e+06
84 6.93823e+06
96 8.12702e+06
98 8.84956e+06
61 5.18755e+06
76 6.81058e+06
73 6.20521e+06
54 4.9974e+06
104 1.05032e+07
52 4.59858e+06
74 6.40035e+06
89 7.93288e+06
38 4.23147e+06
54 4.9974e+06
99 9.74767e+06
141 1.51055e+07
143 1.78041e+07
86 7.51725e+06
Thế hệ thứ: 10
101 1.01196e+07
179 3.16693e+07
152 1.8358e+07
37 4.10695e+06
160 2.10528e+07
173 2.89147e+07
125 1.2996e+07
119 1.17421e+07
143 1.78041e+07
141 1.51055e+07
130 1.50783e+07
170 2.70299e+07
59 4.99972e+06
66 5.58465e+06
48 4.51616e+06
61 5.18755e+06
96 8.12702e+06
84 6.93823e+06
89 7.93288e+06
54 4.9974e+06
163 2.50996e+07
38 4.23147e+06
76 6.81058e+06
73 6.20521e+06
104 1.05032e+07
86 7.51725e+06
52 4.59858e+06
54 4.9974e+06
54 4.9974e+06
74 6.40035e+06
100 8.37168e+06
39 4.23878e+06
162 2.38742e+07
164 2.58282e+07
110 1.12993e+07
Thế hệ thứ: 11
101 1.01196e+07
152 1.8358e+07
37 4.10695e+06
160 2.10528e+07
125 1.2996e+07
141 1.51055e+07
143 1.78041e+07
130 1.50783e+07
110 1.12993e+07
162 2.38742e+07
39 4.23878e+06
119 1.17421e+07
59 4.99972e+06
66 5.58465e+06
180 2.96419e+07
164 2.58282e+07
100 8.37168e+06
104 1.05032e+07
48 4.51616e+06
84 6.93823e+06
96 8.12702e+06
89 7.93288e+06
76 6.81058e+06
73 6.20521e+06
38 4.23147e+06
163 2.50996e+07
54 4.9974e+06
86 7.51725e+06
61 5.18755e+06
52 4.59858e+06
74 6.40035e+06
54 4.9974e+06
54 4.9974e+06
62 5.57381e+06
68 5.91666e+06
173 2.62447e+07
124 1.22344e+07
Thế hệ thứ: 12
152 1.8358e+07
37 4.10695e+06
175 2.86055e+07
164 2.58282e+07
180 2.96419e+07
160 2.10528e+07
89 7.93288e+06
173 2.62447e+07
141 1.51055e+07
62 5.57381e+06
143 1.78041e+07
130 1.50783e+07
110 1.12993e+07
162 2.38742e+07
125 1.2996e+07
39 4.23878e+06
119 1.17421e+07
163 2.45268e+07
100 8.37168e+06
104 1.05032e+07
48 4.51616e+06
84 6.93823e+06
96 8.12702e+06
124 1.22344e+07
76 6.81058e+06
54 4.9974e+06
38 4.23147e+06
86 7.51725e+06
68 5.91666e+06
73 6.20521e+06
52 4.59858e+06
66 5.58465e+06
59 4.99972e+06
74 6.40035e+06
61 5.18755e+06
54 4.9974e+06
54 4.9974e+06
67 5.9056e+06
103 9.21147e+06
75 6.41413e+06
Thế hệ thứ: 13
152 1.8358e+07
37 4.10695e+06
164 2.58282e+07
175 2.86055e+07
180 2.96419e+07
160 2.10528e+07
141 1.51055e+07
62 5.57381e+06
143 1.78041e+07
130 1.50783e+07
89 7.93288e+06
173 2.62447e+07
110 1.12993e+07
162 2.38742e+07
103 9.21147e+06
125 1.2996e+07
39 4.23878e+06
119 1.17421e+07
104 1.05032e+07
48 4.51616e+06
84 6.93823e+06
96 8.12702e+06
100 8.37168e+06
163 2.45268e+07
124 1.22344e+07
76 6.81058e+06
73 6.20521e+06
52 4.59858e+06
66 5.58465e+06
59 4.99972e+06
68 5.91666e+06
61 5.18755e+06
54 4.9974e+06
54 4.9974e+06
75 6.41413e+06
54 4.9974e+06
67 5.9056e+06
74 6.40035e+06
87 7.26112e+06
178 2.923e+07
38 4.2103e+06
181 3.13245e+07
Thế hệ thứ: 14
152 1.8358e+07
37 4.10695e+06
160 2.10528e+07
141 1.51055e+07
62 5.57381e+06
143 1.78041e+07
130 1.50783e+07
89 7.93288e+06
173 2.62447e+07
162 2.38742e+07
103 9.21147e+06
125 1.2996e+07
164 2.58282e+07
39 4.23878e+06
119 1.17421e+07
104 1.05032e+07
48 4.51616e+06
84 6.93823e+06
96 8.12702e+06
163 2.45268e+07
100 8.37168e+06
124 1.22344e+07
182 2.73553e+07
76 6.81058e+06
87 7.26112e+06
73 6.20521e+06
52 4.59858e+06
66 5.58465e+06
59 4.99972e+06
68 5.91666e+06
61 5.18755e+06
54 4.9974e+06
54 4.9974e+06
75 6.41413e+06
54 4.9974e+06
74 6.40035e+06
38 4.2103e+06
110 1.11897e+07
97 8.21176e+06
67 5.88238e+06
Thế hệ thứ: 15
152 1.8358e+07
37 4.10695e+06
141 1.51055e+07
62 5.57381e+06
143 1.78041e+07
182 2.73553e+07
160 2.10528e+07
130 1.50783e+07
89 7.93288e+06
173 2.62447e+07
162 2.38742e+07
103 9.21147e+06
125 1.2996e+07
110 1.11897e+07
164 2.58282e+07
119 1.17421e+07
39 4.23878e+06
104 1.05032e+07
48 4.51616e+06
100 8.37168e+06
163 2.45268e+07
124 1.22344e+07
84 6.93823e+06
87 7.26112e+06
96 8.12702e+06
73 6.20521e+06
52 4.59858e+06
66 5.58465e+06
59 4.99972e+06
68 5.91666e+06
61 5.18755e+06
97 8.21176e+06
54 4.9974e+06
54 4.9974e+06
75 6.41413e+06
54 4.9974e+06
67 5.88238e+06
74 6.40035e+06
38 4.2103e+06
80 6.75029e+06
Thế hệ thứ: 16
80 6.75029e+06
152 1.8358e+07
37 4.10695e+06
141 1.51055e+07
62 5.57381e+06
143 1.78041e+07
182 2.73553e+07
160 2.10528e+07
130 1.50783e+07
89 7.93288e+06
173 2.62447e+07
162 2.38742e+07
103 9.21147e+06
125 1.2996e+07
110 1.11897e+07
164 2.58282e+07
39 4.23878e+06
119 1.17421e+07
104 1.05032e+07
48 4.51616e+06
100 8.37168e+06
163 2.45268e+07
124 1.22344e+07
87 7.26112e+06
84 6.93823e+06
96 8.12702e+06
73 6.20521e+06
52 4.59858e+06
66 5.58465e+06
59 4.99972e+06
75 6.41413e+06
61 5.18755e+06
97 8.21176e+06
54 4.9974e+06
54 4.9974e+06
54 4.9974e+06
74 6.40035e+06
38 4.2103e+06
70 5.72843e+06
72 6.07393e+06
Thế hệ thứ: 17
141 1.51055e+07
143 1.78041e+07
62 5.57381e+06
182 2.73553e+07
80 6.75029e+06
152 1.8358e+07
37 4.10695e+06
160 2.10528e+07
130 1.50783e+07
89 7.93288e+06
173 2.62447e+07
162 2.38742e+07
103 9.21147e+06
125 1.2996e+07
110 1.11897e+07
164 2.58282e+07
39 4.23878e+06
119 1.17421e+07
104 1.05032e+07
48 4.51616e+06
163 2.45268e+07
124 1.22344e+07
87 7.26112e+06
84 6.93823e+06
96 8.12702e+06
70 5.72843e+06
72 6.07393e+06
52 4.59858e+06
59 4.99972e+06
66 5.58465e+06
75 6.41413e+06
61 5.18755e+06
97 8.21176e+06
54 4.9974e+06
54 4.9974e+06
54 4.9974e+06
73 6.20521e+06
74 6.40035e+06
38 4.2103e+06
102 8.22918e+06
Thế hệ thứ: 18
141 1.51055e+07
62 5.57381e+06
143 1.78041e+07
182 2.73553e+07
80 6.75029e+06
152 1.8358e+07
37 4.10695e+06
66 5.58465e+06
160 2.10528e+07
130 1.50783e+07
173 2.62447e+07
162 2.38742e+07
103 9.21147e+06
125 1.2996e+07
110 1.11897e+07
164 2.58282e+07
39 4.23878e+06
119 1.17421e+07
104 1.05032e+07
48 4.51616e+06
163 2.45268e+07
124 1.22344e+07
102 8.22918e+06
87 7.26112e+06
84 6.93823e+06
70 5.72843e+06
72 6.07393e+06
52 4.59858e+06
59 4.99972e+06
66 5.58465e+06
75 6.41413e+06
100 7.85068e+06
61 5.18755e+06
54 4.9974e+06
54 4.9974e+06
54 4.9974e+06
73 6.20521e+06
74 6.40035e+06
38 4.2103e+06
Thế hệ thứ: 19
141 1.51055e+07
143 1.78041e+07
182 2.73553e+07
80 6.75029e+06
152 1.8358e+07
37 4.10695e+06
66 5.58465e+06
160 2.10528e+07
130 1.50783e+07
173 2.62447e+07
162 2.38742e+07
103 9.21147e+06
125 1.2996e+07
110 1.11897e+07
38 4.19247e+06
87 7.26112e+06
100 7.85068e+06
164 2.58282e+07
39 4.23878e+06
119 1.17421e+07
104 1.05032e+07
48 4.51616e+06
163 2.45268e+07
124 1.22344e+07
102 8.22918e+06
84 6.93823e+06
70 5.72843e+06
72 6.07393e+06
52 4.59858e+06
66 5.58465e+06
59 4.99972e+06
75 6.41413e+06
61 5.18755e+06
54 4.9974e+06
54 4.9974e+06
54 4.9974e+06
73 6.20521e+06
74 6.40035e+06
63 5.49204e+06
Thế hệ thứ: 20
141 1.51055e+07
63 5.49204e+06
143 1.78041e+07
182 2.73553e+07
80 6.75029e+06
152 1.8358e+07
37 4.10695e+06
66 5.58465e+06
160 2.10528e+07
130 1.50783e+07
173 2.62447e+07
162 2.38742e+07
103 9.21147e+06
125 1.2996e+07
110 1.11897e+07
38 4.19247e+06
87 7.26112e+06
100 7.85068e+06
164 2.58282e+07
39 4.23878e+06
119 1.17421e+07
104 1.05032e+07
48 4.51616e+06
163 2.45268e+07
124 1.22344e+07
102 8.22918e+06
70 5.72843e+06
52 4.59858e+06
66 5.58465e+06
59 4.99972e+06
75 6.41413e+06
61 5.18755e+06
54 4.9974e+06
54 4.9974e+06
54 4.9974e+06
73 6.20521e+06
74 6.40035e+06
85 6.80151e+06
107 1.09997e+07
72 5.75646e+06
Thế hệ thứ: 21
141 1.51055e+07
63 5.49204e+06
143 1.78041e+07
107 1.09997e+07
182 2.73553e+07
80 6.75029e+06
152 1.8358e+07
37 4.10695e+06
66 5.58465e+06
160 2.10528e+07
130 1.50783e+07
162 2.38742e+07
125 1.2996e+07
38 4.19247e+06
87 7.26112e+06
100 7.85068e+06
39 4.23878e+06
119 1.17421e+07
110 1.11897e+07
48 4.51616e+06
163 2.45268e+07
124 1.22344e+07
102 8.22918e+06
85 6.80151e+06
52 4.59858e+06
66 5.58465e+06
59 4.99972e+06
75 6.41413e+06
70 5.72843e+06
73 6.20521e+06
72 5.75646e+06
54 4.9974e+06
54 4.9974e+06
54 4.9974e+06
74 6.40035e+06
76 6.60517e+06
176 2.50928e+07
62 5.01e+06
95 7.36091e+06
106 8.62943e+06
Thế hệ thứ: 22
141 1.51055e+07
63 5.49204e+06
143 1.78041e+07
107 1.09997e+07
182 2.73553e+07
80 6.75029e+06
152 1.8358e+07
37 4.10695e+06
66 5.58465e+06
66 5.58465e+06
160 2.10528e+07
176 2.50928e+07
130 1.50783e+07
125 1.2996e+07
106 8.62943e+06
39 4.23878e+06
119 1.17421e+07
102 8.22918e+06
95 7.36091e+06
110 1.11897e+07
48 4.51616e+06
124 1.22344e+07
38 4.19247e+06
87 7.26112e+06
100 7.85068e+06
85 6.80151e+06
52 4.59858e+06
66 5.58465e+06
59 4.99972e+06
76 6.60517e+06
70 5.72843e+06
62 5.01e+06
73 6.20521e+06
72 5.75646e+06
54 4.9974e+06
54 4.9974e+06
54 4.9974e+06
173 2.30086e+07
75 6.24649e+06
32 3.43571e+06
Thế hệ thứ: 23
80 6.75029e+06
152 1.8358e+07
85 6.80151e+06
32 3.43571e+06
141 1.51055e+07
143 1.78041e+07
182 2.73553e+07
173 2.30086e+07
66 5.58465e+06
66 5.58465e+06
160 2.10528e+07
176 2.50928e+07
130 1.50783e+07
125 1.2996e+07
106 8.62943e+06
75 6.24649e+06
119 1.17421e+07
102 8.22918e+06
95 7.36091e+06
110 1.11897e+07
48 4.51616e+06
124 1.22344e+07
38 4.19247e+06
87 7.26112e+06
63 5.08809e+06
100 7.85068e+06
37 4.10695e+06
52 4.59858e+06
185 3.05126e+07
76 6.60517e+06
66 5.58465e+06
59 4.99972e+06
62 5.01e+06
70 5.72843e+06
73 6.20521e+06
72 5.75646e+06
47 4.21323e+06
54 4.9974e+06
54 4.9974e+06
54 4.9974e+06
107 9.45535e+06
Thế hệ thứ: 24
80 6.75029e+06
152 1.8358e+07
85 6.80151e+06
32 3.43571e+06
176 2.50928e+07
76 6.60517e+06
185 3.05126e+07
173 2.30086e+07
163 2.20482e+07
66 5.58465e+06
66 5.58465e+06
160 2.10528e+07
143 1.78041e+07
182 2.73553e+07
141 1.51055e+07
130 1.50783e+07
110 1.11897e+07
125 1.2996e+07
75 6.24649e+06
119 1.17421e+07
107 9.45535e+06
102 8.22918e+06
95 7.36091e+06
38 4.19247e+06
87 7.26112e+06
124 1.22344e+07
106 8.62943e+06
63 5.08809e+06
100 7.85068e+06
54 4.9974e+06
47 4.21323e+06
37 4.10695e+06
52 4.59858e+06
66 5.58465e+06
59 4.99972e+06
48 4.51616e+06
70 5.72843e+06
73 6.20521e+06
72 5.75646e+06
62 5.01e+06
54 4.9974e+06
54 4.9974e+06
Thế hệ thứ: 25
80 6.75029e+06
152 1.8358e+07
85 6.80151e+06
32 3.43571e+06
176 2.50928e+07
76 6.60517e+06
185 3.05126e+07
143 1.78041e+07
182 2.73553e+07
173 2.30086e+07
66 5.58465e+06
66 5.58465e+06
163 2.20482e+07
160 2.10528e+07
141 1.51055e+07
130 1.50783e+07
125 1.2996e+07
75 6.24649e+06
119 1.17421e+07
107 9.45535e+06
102 8.22918e+06
95 7.36091e+06
38 4.19247e+06
87 7.26112e+06
124 1.22344e+07
106 8.62943e+06
63 5.08809e+06
100 7.85068e+06
54 4.9974e+06
47 4.21323e+06
37 4.10695e+06
52 4.59858e+06
66 5.58465e+06
59 4.99972e+06
48 4.51616e+06
70 5.72843e+06
72 5.75646e+06
62 5.01e+06
54 4.9974e+06
54 4.9974e+06
188 3.14136e+07
74 6.15103e+06
110 1.02278e+07
Thế hệ thứ: 26
80 6.75029e+06
152 1.8358e+07
85 6.80151e+06
32 3.43571e+06
143 1.78041e+07
182 2.73553e+07
176 2.50928e+07
173 2.30086e+07
66 5.58465e+06
66 5.58465e+06
163 2.20482e+07
160 2.10528e+07
76 6.60517e+06
141 1.51055e+07
130 1.50783e+07
75 6.24649e+06
119 1.17421e+07
110 1.02278e+07
125 1.2996e+07
102 8.22918e+06
95 7.36091e+06
38 4.19247e+06
87 7.26112e+06
187 2.8955e+07
124 1.22344e+07
107 9.45535e+06
63 5.08809e+06
100 7.85068e+06
106 8.62943e+06
54 4.9974e+06
47 4.21323e+06
37 4.10695e+06
52 4.59858e+06
66 5.58465e+06
59 4.99972e+06
48 4.51616e+06
74 6.15103e+06
70 5.72843e+06
72 5.75646e+06
54 4.9974e+06
54 4.9974e+06
62 5.01e+06
156 2.01071e+07
189 2.92863e+07
183 2.86647e+07
Thế hệ thứ: 27
143 1.76355e+07
189 2.92863e+07
85 6.80151e+06
32 3.43571e+06
176 2.50928e+07
163 2.00068e+07
173 2.30086e+07
182 2.73553e+07
141 1.51055e+07
130 1.50783e+07
80 6.75029e+06
152 1.8358e+07
75 6.24649e+06
119 1.17421e+07
110 1.02278e+07
66 5.58465e+06
66 5.58465e+06
125 1.2996e+07
102 8.22918e+06
95 7.36091e+06
107 9.45535e+06
187 2.8955e+07
124 1.22344e+07
87 7.26112e+06
106 8.62943e+06
63 5.08809e+06
100 7.85068e+06
54 4.9974e+06
47 4.21323e+06
52 4.59858e+06
66 5.58465e+06
59 4.99972e+06
76 6.60517e+06
48 4.51616e+06
74 6.15103e+06
70 5.72843e+06
72 5.75646e+06
185 2.74797e+07
54 4.9974e+06
54 4.9974e+06
62 5.01e+06
97 7.74119e+06
39 4.02942e+06
Thế hệ thứ: 28
143 1.76355e+07
152 1.8358e+07
85 6.80151e+06
32 3.43571e+06
163 2.00068e+07
173 2.30086e+07
176 2.50928e+07
130 1.50783e+07
141 1.51055e+07
75 6.24649e+06
119 1.17421e+07
110 1.02278e+07
182 2.73553e+07
125 1.2996e+07
39 4.02942e+06
124 1.22344e+07
185 2.74797e+07
107 9.45535e+06
87 7.26112e+06
102 8.22918e+06
95 7.36091e+06
106 8.62943e+06
47 4.21323e+06
52 4.59858e+06
66 5.58465e+06
59 4.99972e+06
97 7.74119e+06
63 5.08809e+06
100 7.85068e+06
48 4.51616e+06
74 6.15103e+06
70 5.72843e+06
72 5.75646e+06
66 5.58465e+06
66 5.58465e+06
62 5.01e+06
189 2.75595e+07
64 5.41837e+06
111 1.08632e+07
55 4.60008e+06
80 6.58166e+06
Thế hệ thứ: 29
130 1.50783e+07
189 2.75595e+07
80 6.58166e+06
143 1.76355e+07
152 1.8358e+07
85 6.80151e+06
32 3.43571e+06
111 1.08632e+07
163 2.00068e+07
173 2.30086e+07
176 2.50928e+07
141 1.51055e+07
182 2.73553e+07
125 1.2996e+07
119 1.17421e+07
39 4.02942e+06
107 9.45535e+06
124 1.22344e+07
87 7.26112e+06
110 1.02278e+07
102 8.22918e+06
95 7.36091e+06
106 8.62943e+06
47 4.21323e+06
66 5.58465e+06
55 4.60008e+06
59 4.99972e+06
185 2.74797e+07
97 7.74119e+06
63 5.08809e+06
100 7.85068e+06
52 4.59858e+06
150 1.83072e+07
48 4.51616e+06
74 6.15103e+06
70 5.72843e+06
72 5.75646e+06
64 5.41837e+06
62 5.01e+06
66 5.58465e+06
66 5.58465e+06
75 6.20325e+06
Thế hệ thứ: 30
130 1.50783e+07
189 2.75595e+07
80 6.58166e+06
143 1.76355e+07
85 6.80151e+06
32 3.43571e+06
111 1.08632e+07
163 2.00068e+07
173 2.30086e+07
176 2.50928e+07
141 1.51055e+07
182 2.73553e+07
125 1.2996e+07
152 1.8358e+07
119 1.17421e+07
39 4.02942e+06
107 9.45535e+06
124 1.22344e+07
48 4.51616e+06
150 1.83072e+07
87 7.26112e+06
110 1.02278e+07
102 8.22918e+06
106 8.62943e+06
47 4.21323e+06
66 5.58465e+06
55 4.60008e+06
59 4.99972e+06
75 6.20325e+06
185 2.74797e+07
97 7.74119e+06
63 5.08809e+06
100 7.85068e+06
52 4.59858e+06
74 6.15103e+06
70 5.72843e+06
72 5.75646e+06
62 5.01e+06
66 5.58465e+06
66 5.58465e+06
64 5.24059e+06
95 7.32717e+06
Thế hệ thứ: 31
80 6.58166e+06
143 1.76355e+07
85 6.80151e+06
32 3.43571e+06
130 1.50783e+07
189 2.75595e+07
111 1.08632e+07
163 2.00068e+07
173 2.30086e+07
176 2.50928e+07
141 1.51055e+07
182 2.73553e+07
125 1.2996e+07
152 1.8358e+07
119 1.17421e+07
39 4.02942e+06
107 9.45535e+06
124 1.22344e+07
48 4.51616e+06
150 1.83072e+07
87 7.26112e+06
110 1.02278e+07
95 7.32717e+06
106 8.62943e+06
47 4.21323e+06
102 8.22918e+06
66 5.58465e+06
55 4.60008e+06
59 4.99972e+06
75 6.20325e+06
97 7.74119e+06
185 2.74797e+07
63 5.08809e+06
100 7.85068e+06
52 4.59858e+06
74 6.15103e+06
70 5.72843e+06
72 5.75646e+06
64 5.24059e+06
66 5.58465e+06
66 5.58465e+06
62 5.01e+06
167 2.13819e+07
Thế hệ thứ: 32
80 6.58166e+06
143 1.76355e+07
85 6.80151e+06
32 3.43571e+06
130 1.50783e+07
189 2.75595e+07
176 2.50928e+07
111 1.08632e+07
163 2.00068e+07
173 2.30086e+07
141 1.51055e+07
97 7.74119e+06
167 2.13819e+07
182 2.73553e+07
125 1.2996e+07
152 1.8358e+07
119 1.17421e+07
107 9.45535e+06
124 1.22344e+07
48 4.51616e+06
150 1.83072e+07
110 1.02278e+07
95 7.32717e+06
106 8.62943e+06
47 4.21323e+06
102 8.22918e+06
66 5.58465e+06
55 4.60008e+06
59 4.99972e+06
75 6.20325e+06
185 2.74797e+07
63 5.08809e+06
100 7.85068e+06
52 4.59858e+06
74 6.15103e+06
70 5.72843e+06
72 5.75646e+06
64 5.24059e+06
66 5.58465e+06
66 5.58465e+06
62 5.01e+06
39 3.79514e+06
90 6.8609e+06
156 1.87815e+07
Thế hệ thứ: 33
80 6.58166e+06
143 1.76355e+07
32 3.43571e+06
85 6.80151e+06
130 1.50783e+07
189 2.75595e+07
176 2.50928e+07
111 1.08632e+07
163 2.00068e+07
173 2.30086e+07
141 1.51055e+07
97 7.74119e+06
167 2.13819e+07
182 2.73553e+07
125 1.2996e+07
119 1.17421e+07
156 1.87815e+07
39 3.79514e+06
107 9.45535e+06
124 1.22344e+07
48 4.51616e+06
150 1.83072e+07
47 4.21323e+06
90 6.8609e+06
110 1.02278e+07
106 8.62943e+06
95 7.32717e+06
102 8.22918e+06
55 4.60008e+06
59 4.99972e+06
152 1.8358e+07
75 6.20325e+06
185 2.74797e+07
63 5.08809e+06
100 7.85068e+06
52 4.59858e+06
74 6.15103e+06
70 5.72843e+06
72 5.75646e+06
64 5.24059e+06
177 2.71136e+07
62 5.01e+06
66 5.48806e+06
92 7.30856e+06
Thế hệ thứ: 34
116 1.12103e+07
80 6.58166e+06
143 1.76355e+07
85 6.80151e+06
32 3.43571e+06
107 8.72374e+06
189 2.75595e+07
111 1.08632e+07
163 2.00068e+07
173 2.30086e+07
176 2.50928e+07
141 1.51055e+07
167 2.13819e+07
97 7.74119e+06
73 5.85756e+06
125 1.2996e+07
119 1.17421e+07
156 1.87815e+07
39 3.79514e+06
124 1.22344e+07
48 4.51616e+06
150 1.83072e+07
47 4.21323e+06
110 1.02278e+07
106 8.62943e+06
102 8.22918e+06
182 2.73553e+07
90 6.8609e+06
55 4.60008e+06
59 4.99972e+06
64 5.24059e+06
66 5.48806e+06
152 1.8358e+07
75 6.20325e+06
185 2.74797e+07
63 5.08809e+06
100 7.85068e+06
92 7.30856e+06
95 7.32717e+06
74 6.15103e+06
70 5.72843e+06
52 4.59858e+06
72 5.75646e+06
62 5.01e+06
179 2.67312e+07
133 1.48604e+07
Thế hệ thứ: 35
116 1.12103e+07
32 3.43571e+06
107 8.72374e+06
189 2.75595e+07
111 1.08632e+07
163 2.00068e+07
173 2.30086e+07
133 1.48604e+07
176 2.50928e+07
97 7.74119e+06
167 2.13819e+07
141 1.51055e+07
73 5.85756e+06
125 1.2996e+07
156 1.87815e+07
179 2.67312e+07
39 3.79514e+06
110 1.02278e+07
119 1.17421e+07
124 1.22344e+07
150 1.83072e+07
48 4.51616e+06
47 4.21323e+06
102 8.22918e+06
182 2.73553e+07
90 6.8609e+06
55 4.60008e+06
59 4.99972e+06
64 5.24059e+06
66 5.48806e+06
152 1.8358e+07
185 2.74797e+07
106 8.62943e+06
63 5.08809e+06
100 7.85068e+06
92 7.30856e+06
95 7.32717e+06
52 4.59858e+06
62 5.01e+06
76 6.07119e+06
148 1.63323e+07
88 6.48259e+06
72 5.48973e+06
Thế hệ thứ: 36
32 3.43571e+06
148 1.63323e+07
107 8.72374e+06
189 2.75595e+07
111 1.08632e+07
173 2.30086e+07
133 1.48604e+07
72 5.48973e+06
176 2.50928e+07
97 7.74119e+06
167 2.13819e+07
73 5.85756e+06
125 1.2996e+07
141 1.51055e+07
156 1.87815e+07
39 3.79514e+06
63 5.08809e+06
100 7.85068e+06
88 6.48259e+06
76 6.07119e+06
110 1.02278e+07
150 1.83072e+07
48 4.51616e+06
119 1.17421e+07
124 1.22344e+07
116 1.12103e+07
47 4.21323e+06
102 8.22918e+06
182 2.73553e+07
55 4.60008e+06
59 4.99972e+06
164 1.97466e+07
66 5.48806e+06
90 6.8609e+06
152 1.8358e+07
185 2.74797e+07
106 8.62943e+06
92 7.30856e+06
95 7.32717e+06
52 4.59858e+06
62 5.01e+06
179 2.64876e+07
65 5.23494e+06
Thế hệ thứ: 37
32 3.43571e+06
65 5.23494e+06
66 5.48806e+06
164 1.97466e+07
148 1.63323e+07
107 8.72374e+06
189 2.75595e+07
111 1.08632e+07
173 2.30086e+07
97 7.74119e+06
167 2.13819e+07
72 5.48973e+06
176 2.50928e+07
133 1.48604e+07
73 5.85756e+06
125 1.2996e+07
141 1.51055e+07
156 1.87815e+07
179 2.64876e+07
39 3.79514e+06
63 5.08809e+06
100 7.85068e+06
88 6.48259e+06
76 6.07119e+06
110 1.02278e+07
48 4.51616e+06
150 1.83072e+07
124 1.22344e+07
47 4.21323e+06
187 2.72848e+07
102 8.22918e+06
59 4.99972e+06
55 4.60008e+06
183 2.697e+07
90 6.8609e+06
152 1.8358e+07
106 8.62943e+06
92 7.30856e+06
95 7.32717e+06
52 4.59858e+06
62 5.01e+06
119 1.09801e+07
175 2.45664e+07
Thế hệ thứ: 38
32 3.43571e+06
65 5.23494e+06
66 5.48806e+06
66 5.48806e+06
164 1.97466e+07
148 1.63323e+07
74 5.82856e+06
107 8.72374e+06
189 2.75595e+07
97 7.74119e+06
167 2.13819e+07
133 1.48604e+07
111 1.08632e+07
173 2.30086e+07
125 1.2996e+07
141 1.51055e+07
119 1.09801e+07
175 2.45664e+07
156 1.87815e+07
39 3.79514e+06
179 2.64876e+07
63 5.08809e+06
100 7.85068e+06
88 6.48259e+06
124 1.22344e+07
76 6.07119e+06
110 1.02278e+07
48 4.51616e+06
150 1.83072e+07
72 5.48973e+06
176 2.50928e+07
187 2.72848e+07
47 4.21323e+06
90 6.8609e+06
183 2.697e+07
102 8.22918e+06
59 4.99972e+06
55 4.60008e+06
152 1.8358e+07
106 8.62943e+06
92 7.30856e+06
95 7.32717e+06
52 4.59858e+06
62 5.01e+06
195 2.82926e+07
Thế hệ thứ: 39
32 3.43571e+06
66 5.48806e+06
66 5.48806e+06
65 5.23494e+06
164 1.97466e+07
148 1.63323e+07
119 1.09801e+07
195 2.82926e+07
97 7.74119e+06
167 2.13819e+07
133 1.48604e+07
111 1.08632e+07
173 2.30086e+07
125 1.2996e+07
141 1.51055e+07
175 2.45664e+07
156 1.87815e+07
39 3.79514e+06
179 2.64876e+07
124 1.22344e+07
63 5.08809e+06
100 7.85068e+06
88 6.48259e+06
76 6.07119e+06
110 1.02278e+07
48 4.51616e+06
150 1.83072e+07
72 5.48973e+06
176 2.50928e+07
74 5.82856e+06
107 8.72374e+06
189 2.75595e+07
187 2.72848e+07
47 4.21323e+06
90 6.8609e+06
183 2.697e+07
102 8.22918e+06
59 4.99972e+06
55 4.60008e+06
152 1.8358e+07
106 8.62943e+06
92 7.30856e+06
95 7.32717e+06
52 4.59858e+06
62 5.01e+06
132 1.44826e+07
Thế hệ thứ: 40
32 3.43571e+06
66 5.48806e+06
66 5.48806e+06
65 5.23494e+06
164 1.97466e+07
148 1.63323e+07
119 1.09801e+07
195 2.82926e+07
97 7.74119e+06
167 2.13819e+07
173 2.30086e+07
141 1.51055e+07
125 1.2996e+07
175 2.45664e+07
156 1.87815e+07
72 5.48973e+06
176 2.50928e+07
132 1.44826e+07
39 3.79514e+06
179 2.64876e+07
124 1.22344e+07
63 5.08809e+06
100 7.85068e+06
88 6.48259e+06
76 6.07119e+06
110 1.02278e+07
48 4.51616e+06
150 1.83072e+07
74 5.82856e+06
107 8.72374e+06
189 2.75595e+07
187 2.72848e+07
47 4.21323e+06
90 6.8609e+06
112 1.0673e+07
183 2.697e+07
133 1.48604e+07
102 8.22918e+06
59 4.99972e+06
55 4.60008e+06
152 1.8358e+07
106 8.62943e+06
92 7.30856e+06
95 7.32717e+06
52 4.59858e+06
62 5.01e+06
42 4.09354e+06
43 4.10348e+06
80 6.47498e+06
Thế hệ thứ: 41
32 3.43571e+06
66 5.48806e+06
66 5.48806e+06
65 5.23494e+06
164 1.97466e+07
148 1.63323e+07
119 1.09801e+07
195 2.82926e+07
97 7.74119e+06
167 2.13819e+07
173 2.30086e+07
141 1.51055e+07
125 1.2996e+07
175 2.45664e+07
156 1.87815e+07
72 5.48973e+06
176 2.50928e+07
132 1.44826e+07
179 2.64876e+07
124 1.22344e+07
110 1.02278e+07
48 4.51616e+06
150 1.83072e+07
80 6.47498e+06
74 5.82856e+06
107 8.72374e+06
189 2.75595e+07
39 3.79514e+06
90 6.8609e+06
112 1.0673e+07
183 2.697e+07
133 1.48604e+07
63 5.08809e+06
100 7.85068e+06
88 6.48259e+06
102 8.22918e+06
76 6.07119e+06
47 4.21323e+06
187 2.72848e+07
59 4.99972e+06
55 4.60008e+06
55 4.60008e+06
152 1.8358e+07
106 8.62943e+06
92 7.30856e+06
95 7.32717e+06
52 4.59858e+06
42 4.09354e+06
43 4.10348e+06
62 5.01e+06
79 6.21459e+06
Thế hệ thứ: 42
32 3.43571e+06
103 7.89572e+06
65 5.23494e+06
66 5.48806e+06
164 1.97466e+07
148 1.63323e+07
119 1.09801e+07
195 2.82926e+07
97 7.74119e+06
167 2.13819e+07
173 2.30086e+07
141 1.51055e+07
125 1.2996e+07
175 2.45664e+07
156 1.87815e+07
72 5.48973e+06
176 2.50928e+07
132 1.44826e+07
179 2.64876e+07
124 1.22344e+07
110 1.02278e+07
48 4.51616e+06
150 1.83072e+07
74 5.82856e+06
107 8.72374e+06
189 2.75595e+07
39 3.79514e+06
90 6.8609e+06
112 1.0673e+07
183 2.697e+07
133 1.48604e+07
63 5.08809e+06
100 7.85068e+06
88 6.48259e+06
79 6.21459e+06
80 6.47498e+06
47 4.21323e+06
187 2.72848e+07
55 4.60008e+06
55 4.60008e+06
59 4.99972e+06
152 1.8358e+07
106 8.62943e+06
92 7.30856e+06
95 7.32717e+06
52 4.59858e+06
76 6.07119e+06
42 4.09354e+06
43 4.10348e+06
62 5.01e+06
Thế hệ thứ: 43
32 3.43571e+06
65 5.23494e+06
66 5.48806e+06
103 7.89572e+06
164 1.97466e+07
148 1.63323e+07
119 1.09801e+07
195 2.82926e+07
97 7.74119e+06
167 2.13819e+07
173 2.30086e+07
141 1.51055e+07
125 1.2996e+07
175 2.45664e+07
156 1.87815e+07
72 5.48973e+06
176 2.50928e+07
132 1.44826e+07
124 1.22344e+07
110 1.02278e+07
48 4.51616e+06
150 1.83072e+07
74 5.82856e+06
107 8.72374e+06
189 2.75595e+07
39 3.79514e+06
90 6.8609e+06
112 1.0673e+07
183 2.697e+07
133 1.48604e+07
63 5.08809e+06
100 7.85068e+06
88 6.48259e+06
47 4.21323e+06
187 2.72848e+07
55 4.60008e+06
55 4.60008e+06
59 4.99972e+06
106 8.62943e+06
152 1.8358e+07
92 7.30856e+06
95 7.32717e+06
52 4.59858e+06
42 4.09354e+06
43 4.10348e+06
62 5.01e+06
84 5.90244e+06
51 4.54183e+06
179 2.53699e+07
Thế hệ thứ: 44
32 3.43571e+06
65 5.23494e+06
66 5.48806e+06
103 7.89572e+06
164 1.97466e+07
179 2.53699e+07
148 1.63323e+07
119 1.09801e+07
195 2.82926e+07
167 2.13819e+07
173 2.30086e+07
141 1.51055e+07
125 1.2996e+07
175 2.45664e+07
156 1.87815e+07
90 6.8609e+06
183 2.697e+07
112 1.0673e+07
176 2.50928e+07
72 5.48973e+06
132 1.44826e+07
124 1.22344e+07
84 5.90244e+06
110 1.02278e+07
150 1.83072e+07
107 8.72374e+06
189 2.75595e+07
51 4.54183e+06
39 3.79514e+06
133 1.48604e+07
63 5.08809e+06
88 6.48259e+06
47 4.21323e+06
187 2.72848e+07
55 4.60008e+06
55 4.60008e+06
59 4.99972e+06
106 8.62943e+06
152 1.8358e+07
92 7.30856e+06
95 7.32717e+06
42 4.09354e+06
43 4.10348e+06
62 5.01e+06
52 4.59858e+06
101 7.63943e+06
99 7.40816e+06
49 4.47156e+06
181 2.58861e+07
75 5.77187e+06
Thế hệ thứ: 45
32 3.43571e+06
65 5.23494e+06
66 5.48806e+06
103 7.89572e+06
164 1.97466e+07
179 2.53699e+07
148 1.63323e+07
119 1.09801e+07
195 2.82926e+07
167 2.13819e+07
173 2.30086e+07
141 1.51055e+07
125 1.2996e+07
89 6.63621e+06
175 2.45664e+07
156 1.87815e+07
176 2.50928e+07
72 5.48973e+06
75 5.77187e+06
132 1.44826e+07
124 1.22344e+07
110 1.02278e+07
84 5.90244e+06
150 1.83072e+07
90 6.8609e+06
183 2.697e+07
112 1.0673e+07
181 2.58861e+07
107 8.72374e+06
189 2.75595e+07
51 4.54183e+06
39 3.79514e+06
133 1.48604e+07
63 5.08809e+06
88 6.48259e+06
47 4.21323e+06
187 2.72848e+07
55 4.60008e+06
55 4.60008e+06
59 4.99972e+06
106 8.62943e+06
152 1.8358e+07
92 7.30856e+06
99 7.40816e+06
95 7.32717e+06
101 7.63943e+06
49 4.47156e+06
42 4.09354e+06
43 4.10348e+06
62 5.01e+06
52 4.59858e+06
Thế hệ thứ: 46
32 3.43571e+06
65 5.23494e+06
103 7.89572e+06
164 1.97466e+07
179 2.53699e+07
148 1.63323e+07
119 1.09801e+07
195 2.82926e+07
167 2.13819e+07
173 2.30086e+07
141 1.51055e+07
125 1.2996e+07
175 2.45664e+07
89 6.63621e+06
156 1.87815e+07
176 2.50928e+07
72 5.48973e+06
75 5.77187e+06
132 1.44826e+07
124 1.22344e+07
110 1.02278e+07
84 5.90244e+06
150 1.83072e+07
90 6.8609e+06
183 2.697e+07
112 1.0673e+07
107 8.72374e+06
181 2.58861e+07
189 2.75595e+07
51 4.54183e+06
39 3.79514e+06
133 1.48604e+07
187 2.72848e+07
47 4.21323e+06
63 5.08809e+06
88 6.48259e+06
55 4.60008e+06
59 4.99972e+06
106 8.62943e+06
152 1.8358e+07
92 7.30856e+06
99 7.40816e+06
95 7.32717e+06
101 7.63943e+06
49 4.47156e+06
42 4.09354e+06
43 4.10348e+06
62 5.01e+06
52 4.59858e+06
127 1.42662e+07
70 5.42116e+06
Thế hệ thứ: 47
32 3.43571e+06
195 2.82926e+07
119 1.09801e+07
65 5.23494e+06
103 7.89572e+06
164 1.97466e+07
179 2.53699e+07
148 1.63323e+07
167 2.13819e+07
173 2.30086e+07
141 1.51055e+07
175 2.45664e+07
89 6.63621e+06
156 1.87815e+07
70 5.42116e+06
124 1.22344e+07
110 1.02278e+07
84 5.90244e+06
150 1.83072e+07
39 3.79514e+06
90 6.8609e+06
183 2.697e+07
112 1.0673e+07
72 5.48973e+06
176 2.50928e+07
132 1.44826e+07
75 5.77187e+06
107 8.72374e+06
181 2.58861e+07
189 2.75595e+07
133 1.48604e+07
47 4.21323e+06
187 2.72848e+07
63 5.08809e+06
88 6.48259e+06
55 4.60008e+06
106 8.62943e+06
152 1.8358e+07
92 7.30856e+06
99 7.40816e+06
95 7.32717e+06
101 7.63943e+06
49 4.47156e+06
42 4.09354e+06
43 4.10348e+06
62 5.01e+06
52 4.59858e+06
131 1.23835e+07
59 4.87862e+06
Thế hệ thứ: 48
152 1.8358e+07
131 1.23835e+07
32 3.43571e+06
65 5.23494e+06
103 7.89572e+06
164 1.97466e+07
179 2.53699e+07
148 1.63323e+07
119 1.09801e+07
195 2.82926e+07
167 2.13819e+07
173 2.30086e+07
141 1.51055e+07
70 5.42116e+06
124 1.22344e+07
184 2.69708e+07
175 2.45664e+07
89 6.63621e+06
156 1.87815e+07
72 5.48973e+06
176 2.50928e+07
59 4.87862e+06
75 5.77187e+06
132 1.44826e+07
84 5.90244e+06
150 1.83072e+07
90 6.8609e+06
183 2.697e+07
112 1.0673e+07
107 8.72374e+06
181 2.58861e+07
189 2.75595e+07
39 3.79514e+06
133 1.48604e+07
47 4.21323e+06
187 2.72848e+07
63 5.08809e+06
88 6.48259e+06
106 8.62943e+06
55 4.60008e+06
92 7.30856e+06
99 7.40816e+06
95 7.32717e+06
49 4.47156e+06
101 7.63943e+06
52 4.59858e+06
42 4.09354e+06
43 4.10348e+06
62 5.01e+06
76 5.80219e+06
110 1.01732e+07
98 7.40492e+06
Thế hệ thứ: 49
65 5.23494e+06
103 7.89572e+06
164 1.97466e+07
179 2.53699e+07
148 1.63323e+07
119 1.09801e+07
195 2.82926e+07
152 1.8358e+07
131 1.23835e+07
32 3.43571e+06
167 2.13819e+07
173 2.30086e+07
141 1.51055e+07
70 5.42116e+06
124 1.22344e+07
175 2.45664e+07
156 1.87815e+07
75 5.77187e+06
72 5.48973e+06
176 2.50928e+07
59 4.87862e+06
132 1.44826e+07
110 1.01732e+07
150 1.83072e+07
84 5.90244e+06
189 2.75595e+07
107 8.72374e+06
181 2.58861e+07
39 3.79514e+06
90 6.8609e+06
112 1.0673e+07
133 1.48604e+07
76 5.80219e+06
88 6.48259e+06
106 8.62943e+06
47 4.21323e+06
55 4.60008e+06
92 7.30856e+06
49 4.47156e+06
96 7.34779e+06
101 7.63943e+06
52 4.59858e+06
95 7.32717e+06
42 4.09354e+06
43 4.10348e+06
62 5.01e+06
99 7.40816e+06
98 7.40492e+06
63 5.08809e+06
187 2.67769e+07
