Thế hệ thứ: 0
56 2.13066e+07
69 2.30849e+07
58 2.18262e+07
60 2.21939e+07
54 1.99592e+07
75 2.92717e+07
59 2.19789e+07
53 1.94531e+07
57 2.17548e+07
66 2.22676e+07
73 2.72239e+07
55 2.10466e+07
100 3.0694e+07
126 4.26409e+07
124 4.10465e+07
113 3.09652e+07
131 4.46198e+07
116 3.80723e+07
119 3.89145e+07
Thế hệ thứ: 1
60 2.21939e+07
56 2.13066e+07
66 2.22676e+07
57 2.17548e+07
69 2.30849e+07
58 2.18262e+07
73 2.72239e+07
75 2.92717e+07
54 1.99592e+07
113 3.09652e+07
59 2.19789e+07
100 3.0694e+07
53 1.94531e+07
55 2.10466e+07
118 3.41693e+07
130 4.14552e+07
122 3.61003e+07
124 3.93286e+07
123 3.68062e+07
131 4.41018e+07
Thế hệ thứ: 2
135 4.27354e+07
58 2.18262e+07
118 3.41693e+07
123 3.68062e+07
60 2.21939e+07
55 2.10466e+07
56 2.13066e+07
54 1.99592e+07
66 2.22676e+07
113 3.09652e+07
59 2.19789e+07
57 2.17548e+07
100 3.0694e+07
53 1.94531e+07
69 2.30849e+07
130 4.14552e+07
124 3.93286e+07
73 2.72239e+07
98 2.8264e+07
127 4.1085e+07
136 4.62222e+07
122 3.54148e+07
126 4.04963e+07
Thế hệ thứ: 3
60 2.21939e+07
118 3.41693e+07
123 3.68062e+07
58 2.18262e+07
135 4.27354e+07
57 2.17548e+07
59 2.19789e+07
66 2.22676e+07
136 4.62222e+07
69 2.30849e+07
55 2.10466e+07
56 2.13066e+07
113 3.09652e+07
54 1.99592e+07
100 3.0694e+07
53 1.94531e+07
130 4.14552e+07
73 2.72239e+07
98 2.8264e+07
122 3.54148e+07
129 3.82385e+07
128 3.82118e+07
124 3.69597e+07
Thế hệ thứ: 4
118 3.41693e+07
60 2.21939e+07
58 2.18262e+07
54 1.99592e+07
73 2.72239e+07
128 3.82118e+07
57 2.17548e+07
59 2.19789e+07
98 2.8264e+07
66 2.22676e+07
101 3.03464e+07
69 2.30849e+07
53 1.94531e+07
131 3.88991e+07
55 2.10466e+07
56 2.13066e+07
122 3.54148e+07
113 3.09652e+07
129 3.82385e+07
119 3.43633e+07
136 3.98252e+07
124 3.67899e+07
71 2.49528e+07
Thế hệ thứ: 5
56 2.13066e+07
71 2.49528e+07
60 2.21939e+07
69 2.30849e+07
58 2.18262e+07
101 3.03464e+07
124 3.67899e+07
113 3.09652e+07
54 1.99592e+07
73 2.72239e+07
129 3.82385e+07
128 3.82118e+07
53 1.94531e+07
57 2.17548e+07
59 2.19789e+07
136 3.98252e+07
98 2.8264e+07
66 2.22676e+07
131 3.88991e+07
55 2.10466e+07
123 3.64172e+07
139 4.15169e+07
122 3.31519e+07
Thế hệ thứ: 6
129 3.82385e+07
73 2.72239e+07
56 2.13066e+07
71 2.49528e+07
136 3.98252e+07
98 2.8264e+07
66 2.22676e+07
122 3.31519e+07
60 2.21939e+07
55 2.10466e+07
128 3.82118e+07
69 2.30849e+07
53 1.94531e+07
123 3.64172e+07
58 2.18262e+07
57 2.17548e+07
124 3.67899e+07
101 3.03464e+07
59 2.19789e+07
113 3.09652e+07
139 4.15169e+07
54 1.99592e+07
91 2.73788e+07
131 3.87794e+07
126 3.80164e+07
Thế hệ thứ: 7
58 2.18262e+07
73 2.72239e+07
136 3.98252e+07
98 2.8264e+07
56 2.13066e+07
71 2.49528e+07
66 2.22676e+07
60 2.21939e+07
122 3.31519e+07
57 2.17548e+07
101 3.03464e+07
124 3.67899e+07
55 2.10466e+07
59 2.19789e+07
113 3.09652e+07
139 4.15169e+07
69 2.30849e+07
53 1.94531e+07
54 1.99592e+07
123 3.64172e+07
91 2.73788e+07
128 3.71445e+07
133 3.72614e+07
Thế hệ thứ: 8
58 2.18262e+07
73 2.72239e+07
54 1.99592e+07
71 2.49528e+07
56 2.13066e+07
136 3.98252e+07
98 2.8264e+07
59 2.19789e+07
133 3.72614e+07
113 3.09652e+07
139 4.15169e+07
66 2.22676e+07
122 3.31519e+07
60 2.21939e+07
123 3.64172e+07
57 2.17548e+07
91 2.73788e+07
128 3.71445e+07
69 2.30849e+07
124 3.67899e+07
101 3.03464e+07
55 2.10466e+07
53 1.94531e+07
135 3.97799e+07
Thế hệ thứ: 9
58 2.18262e+07
73 2.72239e+07
54 1.99592e+07
136 3.98252e+07
98 2.8264e+07
71 2.49528e+07
56 2.13066e+07
55 2.10466e+07
59 2.19789e+07
53 1.94531e+07
91 2.73788e+07
113 3.09652e+07
139 4.15169e+07
66 2.22676e+07
60 2.21939e+07
122 3.31519e+07
69 2.30849e+07
57 2.17548e+07
101 3.03464e+07
135 3.97799e+07
126 3.53442e+07
134 3.68234e+07
Thế hệ thứ: 10
113 3.09652e+07
58 2.18262e+07
73 2.72239e+07
54 1.99592e+07
56 2.13066e+07
71 2.49528e+07
136 3.98252e+07
98 2.8264e+07
55 2.10466e+07
134 3.68234e+07
60 2.21939e+07
122 3.31519e+07
53 1.94531e+07
91 2.73788e+07
59 2.19789e+07
139 4.15169e+07
66 2.22676e+07
69 2.30849e+07
57 2.17548e+07
135 3.97799e+07
127 3.66863e+07
126 3.53442e+07
101 3.01483e+07
Thế hệ thứ: 11
58 2.18262e+07
113 3.09652e+07
139 4.15169e+07
127 3.66863e+07
126 3.53442e+07
73 2.72239e+07
66 2.22676e+07
54 1.99592e+07
71 2.49528e+07
56 2.13066e+07
69 2.30849e+07
136 3.98252e+07
98 2.8264e+07
101 3.01483e+07
57 2.17548e+07
55 2.10466e+07
135 3.97799e+07
122 3.31519e+07
60 2.21939e+07
134 3.68234e+07
53 1.94531e+07
91 2.73788e+07
59 2.19789e+07
143 4.43486e+07
Thế hệ thứ: 12
143 4.43486e+07
54 1.99592e+07
139 4.15169e+07
113 3.09652e+07
58 2.18262e+07
91 2.73788e+07
127 3.66863e+07
126 3.53442e+07
55 2.10466e+07
73 2.72239e+07
66 2.22676e+07
135 3.97799e+07
57 2.17548e+07
59 2.19789e+07
56 2.13066e+07
71 2.49528e+07
134 3.68234e+07
60 2.21939e+07
122 3.31519e+07
69 2.30849e+07
136 3.98252e+07
98 2.8264e+07
101 3.01483e+07
53 1.94531e+07
Thế hệ thứ: 13
54 1.99592e+07
143 4.43486e+07
141 4.20584e+07
101 3.01483e+07
113 3.09652e+07
139 4.15169e+07
56 2.13066e+07
71 2.49528e+07
122 3.31519e+07
60 2.21939e+07
134 3.68234e+07
58 2.18262e+07
91 2.73788e+07
127 3.66863e+07
126 3.53442e+07
69 2.30849e+07
136 3.98252e+07
98 2.8264e+07
55 2.10466e+07
73 2.72239e+07
53 1.94531e+07
66 2.22676e+07
135 3.97799e+07
57 2.17548e+07
59 2.19789e+07
Thế hệ thứ: 14
134 3.68234e+07
60 2.21939e+07
122 3.31519e+07
143 4.43486e+07
54 1.99592e+07
55 2.10466e+07
141 4.20584e+07
101 3.01483e+07
59 2.19789e+07
113 3.09652e+07
139 4.15169e+07
71 2.49528e+07
56 2.13066e+07
73 2.72239e+07
136 3.98252e+07
98 2.8264e+07
58 2.18262e+07
91 2.73788e+07
53 1.94531e+07
127 3.66863e+07
126 3.53442e+07
66 2.22676e+07
69 2.30849e+07
57 2.17548e+07
135 3.80326e+07
115 3.26031e+07
Thế hệ thứ: 15
59 2.19789e+07
127 3.66863e+07
126 3.53442e+07
136 3.98252e+07
98 2.8264e+07
134 3.68234e+07
60 2.21939e+07
122 3.31519e+07
54 1.99592e+07
143 4.43486e+07
58 2.18262e+07
55 2.10466e+07
101 3.01483e+07
141 4.20584e+07
91 2.73788e+07
53 1.94531e+07
113 3.09652e+07
139 4.15169e+07
135 3.80326e+07
56 2.13066e+07
71 2.49528e+07
73 2.72239e+07
66 2.22676e+07
69 2.30849e+07
57 2.17548e+07
115 3.26031e+07
118 3.28601e+07
Thế hệ thứ: 16
59 2.19789e+07
66 2.22676e+07
136 3.98252e+07
98 2.8264e+07
126 3.53442e+07
69 2.30849e+07
122 3.31519e+07
60 2.21939e+07
134 3.68234e+07
57 2.17548e+07
54 1.99592e+07
58 2.18262e+07
115 3.26031e+07
55 2.10466e+07
141 4.20584e+07
101 3.01483e+07
91 2.73788e+07
53 1.94531e+07
118 3.28601e+07
113 3.09652e+07
139 4.15169e+07
56 2.13066e+07
71 2.49528e+07
135 3.80326e+07
73 2.72239e+07
133 3.6555e+07
143 4.30912e+07
Thế hệ thứ: 17
115 3.26031e+07
59 2.19789e+07
71 2.49528e+07
56 2.13066e+07
135 3.80326e+07
136 3.98252e+07
98 2.8264e+07
143 4.30912e+07
66 2.22676e+07
55 2.10466e+07
101 3.01483e+07
129 3.56218e+07
141 4.20584e+07
126 3.53442e+07
69 2.30849e+07
58 2.18262e+07
134 3.68234e+07
60 2.21939e+07
122 3.31519e+07
91 2.73788e+07
53 1.94531e+07
57 2.17548e+07
54 1.99592e+07
73 2.72239e+07
118 3.28601e+07
113 3.09652e+07
139 4.15169e+07
133 3.6555e+07
Thế hệ thứ: 18
91 2.73788e+07
88 2.72501e+07
59 2.19789e+07
115 3.26031e+07
136 3.98252e+07
98 2.8264e+07
71 2.49528e+07
56 2.13066e+07
135 3.80326e+07
143 4.30912e+07
73 2.72239e+07
66 2.22676e+07
55 2.10466e+07
53 1.94531e+07
129 3.56218e+07
141 4.20584e+07
101 3.01483e+07
118 3.28601e+07
57 2.17548e+07
113 3.09652e+07
126 3.53442e+07
133 3.6555e+07
69 2.30849e+07
54 1.99592e+07
58 2.18262e+07
122 3.31519e+07
60 2.21939e+07
134 3.68234e+07
124 3.40156e+07
139 3.99035e+07
Thế hệ thứ: 19
115 3.26031e+07
139 3.99035e+07
133 3.6555e+07
88 2.72501e+07
59 2.19789e+07
91 2.73788e+07
60 2.21939e+07
122 3.31519e+07
134 3.68234e+07
136 3.98252e+07
98 2.8264e+07
135 3.80326e+07
56 2.13066e+07
71 2.49528e+07
143 4.30912e+07
124 3.40156e+07
73 2.72239e+07
66 2.22676e+07
126 3.53442e+07
55 2.10466e+07
69 2.30849e+07
53 1.94531e+07
101 3.01483e+07
129 3.56218e+07
54 1.99592e+07
58 2.18262e+07
118 3.28601e+07
57 2.17548e+07
113 3.09652e+07
142 4.15746e+07
Thế hệ thứ: 20
91 2.73788e+07
88 2.72501e+07
59 2.19789e+07
139 3.99035e+07
133 3.6555e+07
115 3.26031e+07
53 1.94531e+07
129 3.56218e+07
101 3.01483e+07
118 3.28601e+07
134 3.68234e+07
122 3.31519e+07
60 2.21939e+07
98 2.8264e+07
136 3.98252e+07
71 2.49528e+07
56 2.13066e+07
135 3.80326e+07
143 4.30912e+07
124 3.40156e+07
73 2.72239e+07
66 2.22676e+07
142 4.15746e+07
54 1.99592e+07
57 2.17548e+07
126 3.53442e+07
58 2.18262e+07
113 3.09652e+07
55 2.10466e+07
69 2.30849e+07
Thế hệ thứ: 21
129 3.56218e+07
101 3.01483e+07
139 3.99035e+07
133 3.6555e+07
88 2.72501e+07
59 2.19789e+07
91 2.73788e+07
66 2.22676e+07
113 3.09652e+07
142 4.15746e+07
115 3.26031e+07
53 1.94531e+07
56 2.13066e+07
71 2.49528e+07
135 3.80326e+07
55 2.10466e+07
118 3.28601e+07
60 2.21939e+07
122 3.31519e+07
134 3.68234e+07
126 3.53442e+07
136 3.98252e+07
98 2.8264e+07
69 2.30849e+07
54 1.99592e+07
143 4.30912e+07
124 3.40156e+07
58 2.18262e+07
57 2.17548e+07
99 2.96035e+07
74 2.62755e+07
Thế hệ thứ: 22
129 3.56218e+07
101 3.01483e+07
91 2.73788e+07
88 2.72501e+07
59 2.19789e+07
139 3.99035e+07
133 3.6555e+07
66 2.22676e+07
113 3.09652e+07
58 2.18262e+07
126 3.53442e+07
142 4.15746e+07
115 3.26031e+07
53 1.94531e+07
98 2.8264e+07
136 3.98252e+07
135 3.80326e+07
71 2.49528e+07
56 2.13066e+07
74 2.62755e+07
60 2.21939e+07
134 3.68234e+07
122 3.31519e+07
55 2.10466e+07
69 2.30849e+07
57 2.17548e+07
54 1.99592e+07
118 3.28601e+07
143 4.30912e+07
124 3.40156e+07
99 2.96035e+07
102 3.07456e+07
Thế hệ thứ: 23
55 2.10466e+07
129 3.56218e+07
101 3.01483e+07
139 3.99035e+07
133 3.6555e+07
88 2.72501e+07
59 2.19789e+07
91 2.73788e+07
66 2.22676e+07
113 3.09652e+07
56 2.13066e+07
71 2.49528e+07
135 3.80326e+07
58 2.18262e+07
126 3.53442e+07
134 3.68234e+07
60 2.21939e+07
74 2.62755e+07
122 3.31519e+07
142 4.15746e+07
53 1.94531e+07
136 3.98252e+07
98 2.8264e+07
57 2.17548e+07
69 2.30849e+07
99 2.96035e+07
54 1.99592e+07
143 4.30912e+07
124 3.40156e+07
102 3.07456e+07
118 3.22258e+07
Thế hệ thứ: 24
133 3.6555e+07
139 3.99035e+07
129 3.56218e+07
101 3.01483e+07
55 2.10466e+07
53 1.94531e+07
124 3.40156e+07
118 3.22258e+07
135 3.80326e+07
71 2.49528e+07
56 2.13066e+07
88 2.72501e+07
59 2.19789e+07
91 2.73788e+07
102 3.07456e+07
66 2.22676e+07
113 3.09652e+07
98 2.8264e+07
136 3.98252e+07
57 2.17548e+07
58 2.18262e+07
69 2.30849e+07
126 3.53442e+07
60 2.21939e+07
122 3.31519e+07
74 2.62755e+07
134 3.68234e+07
99 2.96035e+07
54 1.99592e+07
143 4.30912e+07
142 4.15746e+07
Thế hệ thứ: 25
118 3.22258e+07
133 3.6555e+07
139 3.99035e+07
55 2.10466e+07
129 3.56218e+07
98 2.8264e+07
53 1.94531e+07
57 2.17548e+07
124 3.40156e+07
142 4.15746e+07
58 2.18262e+07
69 2.30849e+07
56 2.13066e+07
71 2.49528e+07
135 3.80326e+07
143 4.30912e+07
59 2.19789e+07
88 2.72501e+07
60 2.21939e+07
134 3.68234e+07
74 2.62755e+07
122 3.31519e+07
107 3.00138e+07
91 2.73788e+07
54 1.99592e+07
66 2.22676e+07
113 3.09652e+07
99 2.96035e+07
137 3.88029e+07
126 3.49006e+07
Thế hệ thứ: 26
124 3.40156e+07
118 3.22258e+07
133 3.6555e+07
139 3.99035e+07
107 3.00138e+07
91 2.73788e+07
60 2.21939e+07
134 3.68234e+07
122 3.31519e+07
74 2.62755e+07
55 2.10466e+07
56 2.13066e+07
135 3.80326e+07
71 2.49528e+07
129 3.56218e+07
98 2.8264e+07
59 2.19789e+07
88 2.72501e+07
53 1.94531e+07
57 2.17548e+07
142 4.15746e+07
99 2.96035e+07
143 4.30912e+07
58 2.18262e+07
69 2.30849e+07
54 1.99592e+07
66 2.22676e+07
113 3.09652e+07
137 3.88029e+07
126 3.49006e+07
130 3.56251e+07
Thế hệ thứ: 27
60 2.21939e+07
74 2.62755e+07
122 3.31519e+07
134 3.68234e+07
142 4.15746e+07
124 3.40156e+07
118 3.22258e+07
126 3.49006e+07
133 3.6555e+07
139 3.99035e+07
99 2.96035e+07
91 2.73788e+07
107 3.00138e+07
143 4.30912e+07
130 3.56251e+07
98 2.8264e+07
58 2.18262e+07
55 2.10466e+07
66 2.22676e+07
69 2.30849e+07
71 2.49528e+07
135 3.80326e+07
56 2.13066e+07
113 3.09652e+07
129 3.56218e+07
137 3.88029e+07
88 2.72501e+07
59 2.19789e+07
53 1.94531e+07
54 1.99592e+07
57 2.17548e+07
Thế hệ thứ: 28
60 2.21939e+07
74 2.62755e+07
122 3.31519e+07
134 3.68234e+07
57 2.17548e+07
113 3.09652e+07
124 3.40156e+07
142 4.15746e+07
118 3.22258e+07
53 1.94531e+07
126 3.49006e+07
139 3.99035e+07
133 3.6555e+07
99 2.96035e+07
54 1.99592e+07
107 3.00138e+07
91 2.73788e+07
143 4.30912e+07
98 2.8264e+07
130 3.56251e+07
58 2.18262e+07
129 3.56218e+07
55 2.10466e+07
59 2.19789e+07
88 2.72501e+07
66 2.22676e+07
69 2.30849e+07
56 2.13066e+07
71 2.49528e+07
137 3.68783e+07
119 3.30824e+07
141 4.1465e+07
Thế hệ thứ: 29
57 2.17548e+07
118 3.22258e+07
60 2.21939e+07
74 2.62755e+07
122 3.31519e+07
134 3.68234e+07
137 3.68783e+07
88 2.72501e+07
59 2.19789e+07
113 3.09652e+07
124 3.40156e+07
56 2.13066e+07
71 2.49528e+07
53 1.94531e+07
126 3.49006e+07
139 3.99035e+07
99 2.96035e+07
119 3.30824e+07
69 2.30849e+07
54 1.99592e+07
91 2.73788e+07
107 3.00138e+07
66 2.22676e+07
98 2.8264e+07
58 2.18262e+07
55 2.10466e+07
133 3.509e+07
144 4.08687e+07
Thế hệ thứ: 30
118 3.22258e+07
125 3.47139e+07
57 2.17548e+07
91 2.73788e+07
107 3.00138e+07
122 3.31519e+07
60 2.21939e+07
74 2.62755e+07
66 2.22676e+07
137 3.68783e+07
59 2.19789e+07
88 2.72501e+07
113 3.09652e+07
124 3.40156e+07
98 2.8264e+07
71 2.49528e+07
56 2.13066e+07
58 2.18262e+07
144 4.08687e+07
53 1.94531e+07
126 3.49006e+07
55 2.10466e+07
139 3.99035e+07
99 2.96035e+07
133 3.509e+07
119 3.30824e+07
69 2.30849e+07
54 1.99592e+07
138 3.8667e+07
135 3.66347e+07
Thế hệ thứ: 31
125 3.47139e+07
57 2.17548e+07
118 3.22258e+07
91 2.73788e+07
107 3.00138e+07
138 3.84167e+07
60 2.21939e+07
122 3.31519e+07
74 2.62755e+07
126 3.49006e+07
55 2.10466e+07
139 3.99035e+07
99 2.96035e+07
71 2.49528e+07
56 2.13066e+07
66 2.22676e+07
133 3.509e+07
137 3.68783e+07
88 2.72501e+07
59 2.19789e+07
113 3.09652e+07
124 3.40156e+07
119 3.30824e+07
98 2.8264e+07
135 3.66347e+07
69 2.30849e+07
54 1.99592e+07
58 2.18262e+07
144 4.08687e+07
53 1.94531e+07
146 4.29851e+07
Thế hệ thứ: 32
118 3.22258e+07
125 3.47139e+07
57 2.17548e+07
88 2.72501e+07
59 2.19789e+07
91 2.73788e+07
107 3.00138e+07
122 3.31519e+07
60 2.21939e+07
74 2.62755e+07
113 3.09652e+07
124 3.40156e+07
119 3.30824e+07
126 3.49006e+07
144 4.08687e+07
55 2.10466e+07
135 3.66347e+07
146 4.29851e+07
99 2.96035e+07
98 2.8264e+07
53 1.94531e+07
56 2.13066e+07
71 2.49528e+07
58 2.18262e+07
54 1.99592e+07
66 2.22676e+07
69 2.30849e+07
133 3.509e+07
137 3.68783e+07
141 3.9559e+07
140 3.80448e+07
Thế hệ thứ: 33
144 4.08687e+07
125 3.47139e+07
57 2.17548e+07
118 3.22258e+07
91 2.73788e+07
107 3.00138e+07
88 2.72501e+07
59 2.19789e+07
99 2.96035e+07
60 2.21939e+07
74 2.62755e+07
122 3.31519e+07
54 1.99592e+07
69 2.30849e+07
98 2.8264e+07
53 1.94531e+07
113 3.09652e+07
124 3.40156e+07
140 3.80448e+07
71 2.49528e+07
56 2.13066e+07
119 3.30824e+07
126 3.49006e+07
141 3.9559e+07
66 2.22676e+07
58 2.18262e+07
55 2.10466e+07
146 4.29851e+07
135 3.66347e+07
137 3.68783e+07
133 3.509e+07
Thế hệ thứ: 34
144 4.08687e+07
118 3.22258e+07
125 3.47139e+07
57 2.17548e+07
88 2.72501e+07
59 2.19789e+07
107 3.00138e+07
119 3.27559e+07
91 2.73788e+07
99 2.96035e+07
141 3.9559e+07
66 2.22676e+07
60 2.21939e+07
122 3.31519e+07
74 2.62755e+07
58 2.18262e+07
55 2.10466e+07
146 4.29851e+07
135 3.66347e+07
54 1.99592e+07
137 3.68783e+07
69 2.30849e+07
133 3.509e+07
98 2.8264e+07
53 1.94531e+07
113 3.09652e+07
124 3.40156e+07
56 2.13066e+07
71 2.49528e+07
140 3.80448e+07
129 3.48668e+07
80 2.69196e+07
Thế hệ thứ: 35
80 2.69196e+07
144 4.08687e+07
125 3.47139e+07
57 2.17548e+07
91 2.73788e+07
107 3.00138e+07
88 2.72501e+07
59 2.19789e+07
137 3.68783e+07
99 2.96035e+07
69 2.30849e+07
133 3.509e+07
141 3.9559e+07
98 2.8264e+07
53 1.94531e+07
66 2.22676e+07
60 2.21939e+07
74 2.62755e+07
122 3.31519e+07
113 3.09652e+07
124 3.40156e+07
140 3.80448e+07
71 2.49528e+07
56 2.13066e+07
58 2.18262e+07
55 2.10466e+07
129 3.48668e+07
146 4.29851e+07
135 3.66347e+07
54 1.99592e+07
138 3.76988e+07
121 3.21475e+07
Thế hệ thứ: 36
124 3.40156e+07
80 2.69196e+07
144 4.08687e+07
138 3.76988e+07
125 3.47139e+07
57 2.17548e+07
107 3.00138e+07
91 2.73788e+07
98 2.8264e+07
59 2.19789e+07
88 2.72501e+07
137 3.68783e+07
99 2.96035e+07
135 3.66347e+07
69 2.30849e+07
133 3.509e+07
53 1.94531e+07
66 2.22676e+07
141 3.9559e+07
60 2.21939e+07
122 3.31519e+07
74 2.62755e+07
113 3.09652e+07
56 2.13066e+07
71 2.49528e+07
140 3.80448e+07
58 2.18262e+07
55 2.10466e+07
54 1.99592e+07
129 3.48668e+07
121 3.21475e+07
146 4.26392e+07
Thế hệ thứ: 37
80 2.69196e+07
144 4.08687e+07
124 3.40156e+07
138 3.76988e+07
125 3.47139e+07
57 2.17548e+07
60 2.21939e+07
74 2.62755e+07
122 3.31519e+07
107 3.00138e+07
91 2.73788e+07
55 2.10466e+07
98 2.8264e+07
88 2.72501e+07
59 2.19789e+07
137 3.68783e+07
99 2.96035e+07
113 3.09652e+07
135 3.66347e+07
69 2.30849e+07
133 3.509e+07
53 1.94531e+07
146 4.26392e+07
121 3.21475e+07
66 2.22676e+07
140 3.80448e+07
71 2.49528e+07
56 2.13066e+07
141 3.9559e+07
129 3.48668e+07
58 2.18262e+07
54 1.99592e+07
Thế hệ thứ: 38
124 3.40156e+07
80 2.69196e+07
144 4.08687e+07
138 3.76988e+07
125 3.47139e+07
57 2.17548e+07
74 2.62755e+07
122 3.31519e+07
60 2.21939e+07
54 1.99592e+07
56 2.13066e+07
71 2.49528e+07
140 3.80448e+07
107 3.00138e+07
91 2.73788e+07
141 3.9559e+07
129 3.48668e+07
55 2.10466e+07
58 2.18262e+07
98 2.8264e+07
59 2.19789e+07
88 2.72501e+07
137 3.68783e+07
99 2.96035e+07
113 3.09652e+07
133 3.509e+07
135 3.66347e+07
69 2.30849e+07
53 1.94531e+07
146 4.26392e+07
121 3.21475e+07
66 2.22676e+07
Thế hệ thứ: 39
66 2.22676e+07
80 2.69196e+07
144 4.08687e+07
124 3.40156e+07
138 3.76988e+07
146 4.26392e+07
125 3.47139e+07
57 2.17548e+07
137 3.68783e+07
60 2.21939e+07
122 3.31519e+07
74 2.62755e+07
99 2.96035e+07
121 3.21475e+07
113 3.09652e+07
54 1.99592e+07
133 3.509e+07
140 3.80448e+07
71 2.49528e+07
56 2.13066e+07
107 3.00138e+07
91 2.73788e+07
135 3.66347e+07
69 2.30849e+07
141 3.9559e+07
129 3.48668e+07
53 1.94531e+07
55 2.10466e+07
58 2.18262e+07
98 2.8264e+07
88 2.72501e+07
59 2.19789e+07
Thế hệ thứ: 40
133 3.509e+07
124 3.40156e+07
80 2.69196e+07
144 4.08687e+07
66 2.22676e+07
135 3.66347e+07
98 2.8264e+07
138 3.76988e+07
146 4.26392e+07
57 2.17548e+07
125 3.47139e+07
137 3.68783e+07
69 2.30849e+07
141 3.9559e+07
74 2.62755e+07
122 3.31519e+07
60 2.21939e+07
99 2.96035e+07
129 3.48668e+07
121 3.21475e+07
113 3.09652e+07
53 1.94531e+07
55 2.10466e+07
54 1.99592e+07
107 3.00138e+07
91 2.73788e+07
88 2.72501e+07
59 2.19789e+07
56 2.13066e+07
71 2.49528e+07
140 3.80448e+07
58 2.18262e+07
142 4.06811e+07
Thế hệ thứ: 41
133 3.509e+07
66 2.22676e+07
53 1.94531e+07
80 2.69196e+07
144 4.08687e+07
124 3.40156e+07
71 2.49528e+07
140 3.80448e+07
56 2.13066e+07
55 2.10466e+07
54 1.99592e+07
135 3.66347e+07
98 2.8264e+07
138 3.76988e+07
142 4.06811e+07
146 4.26392e+07
125 3.47139e+07
57 2.17548e+07
137 3.68783e+07
58 2.18262e+07
69 2.30849e+07
141 3.9559e+07
91 2.73788e+07
107 3.00138e+07
60 2.21939e+07
122 3.31519e+07
74 2.62755e+07
99 2.96035e+07
59 2.19789e+07
88 2.72501e+07
121 3.21475e+07
113 3.09652e+07
130 3.4847e+07
Thế hệ thứ: 42
88 2.72501e+07
59 2.19789e+07
133 3.509e+07
124 3.40156e+07
80 2.69196e+07
144 4.08687e+07
53 1.94531e+07
66 2.22676e+07
69 2.30849e+07
56 2.13066e+07
140 3.80448e+07
71 2.49528e+07
146 4.26392e+07
142 4.06811e+07
55 2.10466e+07
141 3.9559e+07
54 1.99592e+07
107 3.00138e+07
91 2.73788e+07
130 3.4847e+07
135 3.66347e+07
98 2.8264e+07
74 2.62755e+07
122 3.31519e+07
60 2.21939e+07
138 3.76988e+07
121 3.21475e+07
57 2.17548e+07
125 3.47139e+07
137 3.68783e+07
99 2.96035e+07
113 3.09652e+07
58 2.18262e+07
94 2.75613e+07
Thế hệ thứ: 43
133 3.509e+07
88 2.72501e+07
59 2.19789e+07
53 1.94531e+07
80 2.69196e+07
144 4.08687e+07
124 3.40156e+07
58 2.18262e+07
66 2.22676e+07
107 3.00138e+07
91 2.73788e+07
69 2.30849e+07
99 2.96035e+07
141 3.9559e+07
130 3.4847e+07
71 2.49528e+07
140 3.80448e+07
56 2.13066e+07
54 1.99592e+07
142 4.06811e+07
146 4.26392e+07
135 3.66347e+07
55 2.10466e+07
98 2.8264e+07
60 2.21939e+07
122 3.31519e+07
74 2.62755e+07
113 3.09652e+07
138 3.76988e+07
121 3.21475e+07
125 3.47139e+07
57 2.17548e+07
137 3.68783e+07
94 2.75613e+07
Thế hệ thứ: 44
88 2.72501e+07
59 2.19789e+07
133 3.509e+07
71 2.49528e+07
140 3.80448e+07
56 2.13066e+07
144 4.08687e+07
80 2.69196e+07
53 1.94531e+07
121 3.21475e+07
124 3.40156e+07
58 2.18262e+07
57 2.17548e+07
125 3.47139e+07
66 2.22676e+07
91 2.73788e+07
107 3.00138e+07
54 1.99592e+07
69 2.30849e+07
98 2.8264e+07
55 2.10466e+07
99 2.96035e+07
141 3.9559e+07
135 3.66347e+07
142 4.06811e+07
146 4.26392e+07
130 3.4847e+07
74 2.62755e+07
122 3.31519e+07
60 2.21939e+07
138 3.76988e+07
137 3.68783e+07
94 2.75613e+07
114 3.06157e+07
Thế hệ thứ: 45
133 3.509e+07
88 2.72501e+07
59 2.19789e+07
60 2.21939e+07
122 3.31519e+07
74 2.62755e+07
71 2.49528e+07
140 3.80448e+07
56 2.13066e+07
80 2.69196e+07
144 4.08687e+07
55 2.10466e+07
53 1.94531e+07
94 2.75613e+07
121 3.21475e+07
124 3.40156e+07
58 2.18262e+07
101 2.99388e+07
99 2.96035e+07
125 3.47139e+07
57 2.17548e+07
66 2.22676e+07
137 3.68783e+07
141 3.9559e+07
107 3.00138e+07
91 2.73788e+07
54 1.99592e+07
135 3.66347e+07
146 4.26392e+07
142 4.06811e+07
69 2.30849e+07
138 3.76988e+07
130 3.4847e+07
114 3.06157e+07
98 2.8264e+07
119 3.19387e+07
Thế hệ thứ: 46
91 2.73788e+07
88 2.72501e+07
59 2.19789e+07
133 3.509e+07
60 2.21939e+07
74 2.62755e+07
56 2.13066e+07
140 3.80448e+07
71 2.49528e+07
54 1.99592e+07
144 4.08687e+07
80 2.69196e+07
98 2.8264e+07
135 3.66347e+07
55 2.10466e+07
142 4.06811e+07
146 4.26392e+07
53 1.94531e+07
94 2.75613e+07
69 2.30849e+07
121 3.21475e+07
58 2.18262e+07
138 3.76988e+07
130 3.4847e+07
57 2.17548e+07
119 3.19387e+07
66 2.22676e+07
137 3.68783e+07
141 3.9559e+07
114 3.06157e+07
108 3.02975e+07
107 2.95339e+07
127 3.3564e+07
122 3.27632e+07
Thế hệ thứ: 47
71 2.49528e+07
56 2.13066e+07
140 3.80448e+07
119 3.19387e+07
107 2.95339e+07
133 3.509e+07
88 2.72501e+07
59 2.19789e+07
91 2.73788e+07
74 2.62755e+07
60 2.21939e+07
127 3.3564e+07
58 2.18262e+07
122 3.27632e+07
146 4.26392e+07
54 1.99592e+07
80 2.69196e+07
144 4.08687e+07
98 2.8264e+07
66 2.22676e+07
108 3.02975e+07
55 2.10466e+07
138 3.76988e+07
130 3.4847e+07
137 3.68783e+07
57 2.17548e+07
53 1.94531e+07
141 3.9559e+07
94 2.75613e+07
114 3.06157e+07
69 2.30849e+07
121 3.21475e+07
129 3.40987e+07
143 3.98132e+07
136 3.62333e+07
Thế hệ thứ: 48
146 4.26392e+07
71 2.49528e+07
56 2.13066e+07
140 3.80448e+07
129 3.40987e+07
107 2.95339e+07
119 3.19387e+07
121 3.21475e+07
59 2.19789e+07
88 2.72501e+07
69 2.30849e+07
53 1.94531e+07
136 3.62333e+07
91 2.73788e+07
143 3.98132e+07
108 3.02975e+07
57 2.17548e+07
60 2.21939e+07
74 2.62755e+07
127 3.3564e+07
55 2.10466e+07
58 2.18262e+07
138 3.76988e+07
122 3.27632e+07
114 3.06157e+07
137 3.68783e+07
54 1.99592e+07
141 3.9559e+07
144 4.08687e+07
80 2.69196e+07
98 2.8264e+07
66 2.22676e+07
94 2.75613e+07
135 3.46747e+07
Thế hệ thứ: 49
107 2.95339e+07
88 2.72501e+07
59 2.19789e+07
146 4.26392e+07
71 2.49528e+07
56 2.13066e+07
140 3.80448e+07
129 3.40987e+07
144 4.08687e+07
119 3.19387e+07
138 3.76988e+07
121 3.21475e+07
57 2.17548e+07
69 2.30849e+07
53 1.94531e+07
94 2.75613e+07
91 2.73788e+07
136 3.62333e+07
108 3.02975e+07
143 3.98132e+07
114 3.06157e+07
98 2.8264e+07
137 3.68783e+07
66 2.22676e+07
54 1.99592e+07
141 3.9559e+07
60 2.21939e+07
127 3.3564e+07
135 3.46747e+07
55 2.10466e+07
58 2.18262e+07
83 2.59578e+07
123 3.24887e+07

