Thế hệ thứ: 0
43 2.93852e+06
47 4.17436e+06
45 3.47227e+06
50 4.82364e+06
49 4.71298e+06
42 2.51525e+06
46 4.13224e+06
Thế hệ thứ: 1
42 2.51525e+06
47 4.17436e+06
49 4.19683e+06
50 4.25035e+06
35 2.12779e+06
37 2.46693e+06
44 2.81793e+06
46 3.03373e+06
Thế hệ thứ: 2
35 2.11848e+06
37 2.46693e+06
42 2.51525e+06
45 2.60619e+06
50 2.85469e+06
Thế hệ thứ: 3
50 2.85469e+06
43 2.5196e+06
35 2.11848e+06
45 2.60619e+06
42 2.41623e+06
41 2.40164e+06
Thế hệ thứ: 4
50 2.85469e+06
43 2.5196e+06
35 2.11848e+06
41 2.40164e+06
45 2.60619e+06
34 2.06135e+06
39 2.24284e+06
42 2.41425e+06
Thế hệ thứ: 5
39 2.24284e+06
50 2.85469e+06
41 2.40164e+06
45 2.60619e+06
34 2.06135e+06
43 2.5196e+06
35 2.11848e+06
42 2.41425e+06
49 2.68198e+06
Thế hệ thứ: 6
39 2.24284e+06
50 2.85469e+06
50 2.85469e+06
41 2.40164e+06
45 2.60619e+06
34 2.06135e+06
49 2.68198e+06
43 2.5196e+06
42 2.41425e+06
40 2.39367e+06
35 2.06811e+06
Thế hệ thứ: 7
39 2.24284e+06
50 2.85469e+06
50 2.85469e+06
45 2.60619e+06
45 2.60619e+06
34 2.06135e+06
40 2.39367e+06
49 2.68198e+06
43 2.5196e+06
35 2.06811e+06
42 2.41425e+06
41 2.40164e+06
36 2.07769e+06
Thế hệ thứ: 8
34 2.06135e+06
50 2.85469e+06
50 2.85469e+06
49 2.68198e+06
36 2.07769e+06
35 2.06811e+06
46 2.35334e+06
39 2.23073e+06
Thế hệ thứ: 9
50 2.85469e+06
50 2.85469e+06
39 2.23073e+06
34 2.06135e+06
35 2.06811e+06
46 2.35334e+06
49 2.68198e+06
36 2.07769e+06
48 2.67733e+06
40 2.2707e+06
Thế hệ thứ: 10
50 2.85469e+06
50 2.85469e+06
39 2.23073e+06
34 2.06135e+06
46 2.35334e+06
48 2.67733e+06
40 2.2707e+06
36 2.07769e+06
49 2.68198e+06
35 2.06811e+06
47 2.6559e+06
45 2.35007e+06
Thế hệ thứ: 11
45 2.35007e+06
39 2.23073e+06
47 2.6559e+06
34 2.06135e+06
46 2.35334e+06
36 2.07769e+06
49 2.68198e+06
42 2.27845e+06
48 2.67733e+06
50 2.73748e+06
41 2.2357e+06
35 2.06274e+06
38 2.20069e+06
Thế hệ thứ: 12
47 2.6559e+06
34 2.06135e+06
46 2.35334e+06
50 2.73748e+06
42 2.27845e+06
48 2.67733e+06
38 2.20069e+06
36 2.07769e+06
45 2.35007e+06
41 2.2357e+06
39 2.23073e+06
49 2.68198e+06
35 2.06274e+06
44 2.29257e+06
Thế hệ thứ: 13
47 2.6559e+06
34 2.06135e+06
46 2.35334e+06
50 2.73748e+06
50 2.73748e+06
38 2.20069e+06
36 2.07769e+06
44 2.29257e+06
42 2.27845e+06
48 2.67733e+06
41 2.2357e+06
45 2.29633e+06
39 2.23073e+06
49 2.68198e+06
35 2.06274e+06
32 2.01796e+06
Thế hệ thứ: 14
50 2.73748e+06
50 2.73748e+06
42 2.27845e+06
48 2.67733e+06
32 2.01796e+06
47 2.6559e+06
36 2.07769e+06
34 2.06135e+06
45 2.29633e+06
41 2.13746e+06
49 2.68198e+06
44 2.29257e+06
35 2.06274e+06
46 2.34915e+06
Thế hệ thứ: 15
50 2.73748e+06
50 2.73748e+06
42 2.27845e+06
48 2.67733e+06
32 2.01796e+06
49 2.68198e+06
41 2.13746e+06
46 2.34915e+06
34 2.06135e+06
47 2.6559e+06
36 2.07769e+06
44 2.29257e+06
45 2.29633e+06
35 2.06274e+06
Thế hệ thứ: 16
42 2.27845e+06
48 2.67733e+06
32 2.01796e+06
50 2.73748e+06
50 2.73748e+06
49 2.68198e+06
41 2.13746e+06
46 2.34915e+06
34 2.06135e+06
47 2.6559e+06
36 2.07769e+06
44 2.29257e+06
45 2.29633e+06
35 2.06274e+06
Thế hệ thứ: 17
50 2.73748e+06
50 2.73748e+06
42 2.27845e+06
48 2.67733e+06
32 2.01796e+06
49 2.68198e+06
41 2.13746e+06
46 2.34915e+06
34 2.06135e+06
47 2.6559e+06
36 2.07769e+06
44 2.29257e+06
45 2.29633e+06
35 2.06274e+06
Thế hệ thứ: 18
42 2.27845e+06
48 2.67733e+06
32 2.01796e+06
49 2.68198e+06
41 2.13746e+06
46 2.34915e+06
34 2.06135e+06
47 2.6559e+06
36 2.07769e+06
44 2.29257e+06
45 2.29633e+06
35 2.06274e+06
50 2.70644e+06
40 2.13095e+06
Thế hệ thứ: 19
42 2.27845e+06
48 2.67733e+06
32 2.01796e+06
46 2.34915e+06
50 2.70644e+06
47 2.6559e+06
36 2.07769e+06
40 2.13095e+06
49 2.68198e+06
41 2.13746e+06
45 2.29633e+06
44 2.29257e+06
35 2.06274e+06
34 2.0541e+06
Thế hệ thứ: 20
42 2.27845e+06
48 2.67733e+06
32 2.01796e+06
46 2.34915e+06
50 2.70644e+06
47 2.6559e+06
36 2.07769e+06
40 2.13095e+06
49 2.68198e+06
41 2.13746e+06
34 2.0541e+06
45 2.29633e+06
44 2.29257e+06
35 2.06274e+06
Thế hệ thứ: 21
42 2.27845e+06
48 2.67733e+06
32 2.01796e+06
46 2.34915e+06
50 2.70644e+06
47 2.6559e+06
36 2.07769e+06
40 2.13095e+06
49 2.68198e+06
41 2.13746e+06
34 2.0541e+06
45 2.29633e+06
44 2.29257e+06
35 2.06274e+06
Thế hệ thứ: 22
42 2.27845e+06
48 2.67733e+06
46 2.34915e+06
50 2.70644e+06
47 2.6559e+06
36 2.07769e+06
40 2.13095e+06
41 2.13746e+06
49 2.68198e+06
45 2.29633e+06
44 2.29257e+06
35 2.06274e+06
34 2.01738e+06
39 2.1203e+06
Thế hệ thứ: 23
46 2.34915e+06
50 2.70644e+06
47 2.6559e+06
42 2.27845e+06
48 2.67733e+06
39 2.1203e+06
49 2.68198e+06
41 2.13746e+06
36 2.07769e+06
44 2.29257e+06
35 2.06274e+06
45 2.29633e+06
40 2.13095e+06
34 1.98087e+06
Thế hệ thứ: 24
46 2.34915e+06
42 2.27845e+06
48 2.67733e+06
34 1.98087e+06
50 2.70644e+06
47 2.6559e+06
36 2.07769e+06
39 2.1203e+06
49 2.68198e+06
41 2.13746e+06
35 2.06274e+06
44 2.29257e+06
45 2.29633e+06
40 2.13095e+06
Thế hệ thứ: 25
50 2.70644e+06
47 2.6559e+06
48 2.67733e+06
34 1.98087e+06
46 2.34915e+06
36 2.07769e+06
39 2.1203e+06
49 2.68198e+06
41 2.13746e+06
35 2.06274e+06
44 2.29257e+06
45 2.29633e+06
40 2.13095e+06
42 2.27642e+06
Thế hệ thứ: 26
50 2.70644e+06
47 2.6559e+06
34 1.98087e+06
42 2.27642e+06
46 2.34915e+06
36 2.07769e+06
39 2.1203e+06
49 2.68198e+06
41 2.13746e+06
35 2.06274e+06
44 2.29257e+06
45 2.29633e+06
48 2.67733e+06
40 2.13095e+06
Thế hệ thứ: 27
50 2.70644e+06
47 2.6559e+06
34 1.98087e+06
42 2.27642e+06
46 2.34915e+06
36 2.07769e+06
39 2.1203e+06
49 2.68198e+06
41 2.13746e+06
35 2.06274e+06
44 2.29257e+06
45 2.29633e+06
48 2.67733e+06
40 2.12436e+06
Thế hệ thứ: 28
50 2.70644e+06
34 1.98087e+06
42 2.27642e+06
46 2.34915e+06
39 2.1203e+06
49 2.68198e+06
41 2.13746e+06
36 2.07769e+06
35 2.06274e+06
44 2.29257e+06
45 2.29633e+06
48 2.67733e+06
40 2.12436e+06
47 2.53137e+06
43 2.29051e+06
Thế hệ thứ: 29
50 2.70644e+06
48 2.67733e+06
34 1.98087e+06
47 2.53137e+06
42 2.27642e+06
46 2.34915e+06
49 2.68198e+06
41 2.13746e+06
36 2.07769e+06
35 2.06274e+06
45 2.29633e+06
43 2.29051e+06
44 2.29257e+06
40 2.11437e+06
Thế hệ thứ: 30
34 1.98087e+06
50 2.70644e+06
40 2.11437e+06
47 2.53137e+06
42 2.27642e+06
46 2.34915e+06
36 2.07769e+06
49 2.68198e+06
41 2.13746e+06
48 2.67733e+06
35 2.06274e+06
45 2.29633e+06
43 2.29051e+06
44 2.29257e+06
Thế hệ thứ: 31
34 1.98087e+06
50 2.70644e+06
40 2.11437e+06
47 2.53137e+06
42 2.27642e+06
46 2.34915e+06
36 2.07769e+06
49 2.68198e+06
49 2.68198e+06
41 2.13746e+06
48 2.67733e+06
35 2.06274e+06
45 2.29633e+06
44 2.29257e+06
43 2.28073e+06
Thế hệ thứ: 32
48 2.67733e+06
34 1.98087e+06
50 2.70644e+06
40 2.11437e+06
47 2.53137e+06
46 2.34915e+06
36 2.07769e+06
49 2.68198e+06
49 2.68198e+06
41 2.13746e+06
42 2.27642e+06
35 2.06274e+06
45 2.29633e+06
43 2.28073e+06
44 2.29257e+06
Thế hệ thứ: 33
48 2.67733e+06
34 1.98087e+06
50 2.70644e+06
40 2.11437e+06
47 2.53137e+06
46 2.34915e+06
36 2.07769e+06
49 2.68198e+06
49 2.68198e+06
41 2.13746e+06
42 2.27642e+06
45 2.29633e+06
43 2.28073e+06
44 2.29257e+06
35 2.00685e+06
Thế hệ thứ: 34
50 2.70644e+06
48 2.67733e+06
34 1.98087e+06
40 2.11437e+06
47 2.53137e+06
36 2.07769e+06
46 2.34915e+06
41 2.13746e+06
49 2.68198e+06
49 2.68198e+06
42 2.27642e+06
35 2.00685e+06
45 2.29633e+06
43 2.28073e+06
44 2.29257e+06
Thế hệ thứ: 35
50 2.70644e+06
48 2.67733e+06
34 1.98087e+06
40 2.11437e+06
47 2.53137e+06
36 2.07769e+06
46 2.34915e+06
49 2.68198e+06
49 2.68198e+06
41 2.13746e+06
42 2.27642e+06
35 2.00685e+06
45 2.29633e+06
43 2.28073e+06
44 2.29257e+06
39 2.11097e+06
Thế hệ thứ: 36
50 2.70644e+06
48 2.67733e+06
34 1.98087e+06
47 2.53137e+06
42 2.27642e+06
46 2.34915e+06
36 2.07769e+06
49 2.68198e+06
49 2.68198e+06
41 2.13746e+06
39 2.11097e+06
35 2.00685e+06
45 2.29633e+06
40 2.11437e+06
43 2.28073e+06
44 2.2812e+06
Thế hệ thứ: 37
50 2.70644e+06
48 2.67733e+06
34 1.98087e+06
47 2.53137e+06
42 2.27642e+06
46 2.34915e+06
49 2.68198e+06
49 2.68198e+06
41 2.13746e+06
35 2.00685e+06
45 2.29633e+06
40 2.11437e+06
44 2.2812e+06
43 2.28073e+06
39 2.07604e+06
Thế hệ thứ: 38
50 2.70644e+06
48 2.67733e+06
34 1.98087e+06
39 2.07604e+06
35 2.00685e+06
46 2.34915e+06
49 2.68198e+06
49 2.68198e+06
41 2.13746e+06
42 2.27642e+06
45 2.29633e+06
40 2.11437e+06
44 2.2812e+06
43 2.28073e+06
47 2.53137e+06
Thế hệ thứ: 39
47 2.53137e+06
50 2.70644e+06
48 2.67733e+06
34 1.98087e+06
39 2.07604e+06
35 2.00685e+06
46 2.34915e+06
49 2.68198e+06
49 2.68198e+06
41 2.13746e+06
45 2.29633e+06
40 2.11437e+06
44 2.2812e+06
43 2.27273e+06
Thế hệ thứ: 40
47 2.53137e+06
50 2.70644e+06
34 1.98087e+06
43 2.27273e+06
39 2.07604e+06
35 2.00685e+06
46 2.34915e+06
49 2.68198e+06
49 2.68198e+06
41 2.13746e+06
48 2.67733e+06
45 2.29633e+06
40 2.11437e+06
44 2.2812e+06
Thế hệ thứ: 41
47 2.53137e+06
50 2.70644e+06
34 1.98087e+06
43 2.27273e+06
35 2.00685e+06
39 2.07604e+06
46 2.34915e+06
49 2.68198e+06
49 2.68198e+06
41 2.13746e+06
48 2.67733e+06
45 2.29633e+06
40 2.11437e+06
44 2.2812e+06
Thế hệ thứ: 42
47 2.53137e+06
50 2.70644e+06
34 1.98087e+06
43 2.27273e+06
39 2.07604e+06
35 2.00685e+06
46 2.34915e+06
49 2.68198e+06
49 2.68198e+06
41 2.13746e+06
48 2.67733e+06
45 2.29633e+06
40 2.11437e+06
44 2.2812e+06
Thế hệ thứ: 43
47 2.53137e+06
50 2.70644e+06
34 1.98087e+06
43 2.27273e+06
39 2.07604e+06
35 2.00685e+06
46 2.34915e+06
49 2.68198e+06
49 2.68198e+06
41 2.13746e+06
48 2.67733e+06
45 2.29633e+06
40 2.11437e+06
44 2.2812e+06
Thế hệ thứ: 44
47 2.53137e+06
50 2.70644e+06
34 1.98087e+06
43 2.27273e+06
39 2.07604e+06
35 2.00685e+06
46 2.34915e+06
49 2.68198e+06
49 2.68198e+06
41 2.13746e+06
48 2.67733e+06
45 2.29633e+06
40 2.11437e+06
44 2.2812e+06
Thế hệ thứ: 45
47 2.53137e+06
50 2.70644e+06
34 1.98087e+06
43 2.27273e+06
39 2.07604e+06
46 2.34915e+06
35 1.99731e+06
49 2.68198e+06
49 2.68198e+06
41 2.13746e+06
48 2.67733e+06
45 2.29633e+06
40 2.11437e+06
44 2.2812e+06
Thế hệ thứ: 46
47 2.53137e+06
50 2.70644e+06
34 1.98087e+06
43 2.27273e+06
39 2.07604e+06
46 2.34915e+06
49 2.68198e+06
49 2.68198e+06
35 1.99731e+06
41 2.13746e+06
48 2.67733e+06
45 2.29633e+06
40 2.11437e+06
44 2.2812e+06
Thế hệ thứ: 47
47 2.53137e+06
50 2.70644e+06
34 1.98087e+06
43 2.27273e+06
39 2.07604e+06
46 2.34915e+06
49 2.68198e+06
49 2.68198e+06
35 1.99731e+06
41 2.13746e+06
48 2.67733e+06
45 2.29633e+06
40 2.11437e+06
44 2.2812e+06
Thế hệ thứ: 48
47 2.53137e+06
50 2.70644e+06
34 1.98087e+06
43 2.27273e+06
39 2.07604e+06
46 2.34915e+06
49 2.68198e+06
49 2.68198e+06
35 1.99731e+06
41 2.13746e+06
48 2.67733e+06
45 2.29633e+06
40 2.11437e+06
44 2.2812e+06
Thế hệ thứ: 49
47 2.53137e+06
50 2.70644e+06
34 1.98087e+06
39 2.07604e+06
46 2.34915e+06
49 2.68198e+06
49 2.68198e+06
35 1.99731e+06
41 2.13746e+06
48 2.67733e+06
45 2.29633e+06
40 2.11437e+06
44 2.2812e+06
43 2.24555e+06

