Thế hệ thứ: 0
75 7.38948e+06
79 8.19676e+06
62 5.12394e+06
100 1.40386e+07
99 1.33456e+07
66 6.59863e+06
87 1.13098e+07
92 1.2674e+07
Thế hệ thứ: 1
49 4.10776e+06
62 5.12394e+06
75 7.38948e+06
79 8.19676e+06
70 6.12702e+06
97 1.17161e+07
88 1.12506e+07
66 5.18743e+06
84 1.08424e+07
82 9.28796e+06
100 1.24528e+07
Thế hệ thứ: 2
62 5.12394e+06
70 6.12702e+06
49 4.10776e+06
32 3.23097e+06
82 9.28796e+06
75 7.38948e+06
79 8.19676e+06
66 5.18743e+06
100 1.24528e+07
86 9.78693e+06
42 3.82055e+06
87 1.01655e+07
97 1.08738e+07
57 4.81592e+06
Thế hệ thứ: 3
62 5.12394e+06
79 8.19676e+06
49 4.10776e+06
70 6.12702e+06
66 5.18743e+06
38 3.6906e+06
97 1.08738e+07
75 7.38948e+06
86 9.78693e+06
87 1.01655e+07
74 7.08757e+06
42 3.82055e+06
57 4.81592e+06
76 7.80131e+06
58 4.81742e+06
48 4.0065e+06
82 9.05936e+06
100 1.22014e+07
34 3.21354e+06
Thế hệ thứ: 4
34 3.21354e+06
74 7.08757e+06
42 3.82055e+06
57 4.81592e+06
62 5.12394e+06
97 1.08738e+07
49 4.10776e+06
70 6.12702e+06
66 5.18743e+06
100 1.22014e+07
75 7.38948e+06
87 1.01655e+07
82 9.05936e+06
86 9.78693e+06
48 4.0065e+06
58 4.81742e+06
85 9.68307e+06
52 4.42313e+06
40 3.38521e+06
99 1.11301e+07
53 4.4321e+06
80 7.47979e+06
Thế hệ thứ: 5
57 4.81592e+06
62 5.12394e+06
74 7.08757e+06
34 3.21354e+06
72 6.29214e+06
48 4.0065e+06
99 1.11301e+07
97 1.08738e+07
40 3.38521e+06
75 7.38948e+06
87 1.01655e+07
82 9.05936e+06
49 4.10776e+06
70 6.12702e+06
66 5.18743e+06
53 4.4321e+06
86 9.78693e+06
100 1.22014e+07
51 4.41003e+06
58 4.81742e+06
52 4.42313e+06
80 7.47979e+06
85 9.68307e+06
39 3.2507e+06
42 3.66641e+06
67 5.74322e+06
54 4.71511e+06
Thế hệ thứ: 6
53 4.4321e+06
86 9.78693e+06
80 7.47979e+06
62 5.12394e+06
57 4.81592e+06
34 3.21354e+06
74 7.08757e+06
48 4.0065e+06
72 6.29214e+06
99 1.11301e+07
85 9.68307e+06
97 1.08738e+07
40 3.38521e+06
39 3.2507e+06
44 3.61453e+06
75 7.38948e+06
82 9.05936e+06
87 1.01655e+07
67 5.74322e+06
70 6.12702e+06
54 4.71511e+06
49 4.10776e+06
66 5.18743e+06
52 4.42313e+06
100 1.22014e+07
58 4.81742e+06
51 4.37824e+06
Thế hệ thứ: 7
53 4.4321e+06
86 9.78693e+06
57 4.81592e+06
62 5.12394e+06
80 7.47979e+06
54 4.71511e+06
54 4.71511e+06
70 6.12702e+06
74 7.08757e+06
51 4.37824e+06
34 3.21354e+06
49 4.10776e+06
48 4.0065e+06
72 6.29214e+06
99 1.11301e+07
85 9.68307e+06
97 1.08738e+07
40 3.38521e+06
66 5.18743e+06
52 4.42313e+06
39 3.2507e+06
44 3.61453e+06
100 1.22014e+07
58 4.81742e+06
75 7.38948e+06
87 1.01655e+07
82 9.05936e+06
67 5.50929e+06
69 5.77883e+06
32 3.19372e+06
56 4.72251e+06
96 1.04936e+07
Thế hệ thứ: 8
53 4.4321e+06
44 3.61453e+06
39 3.2507e+06
80 7.47979e+06
62 5.12394e+06
57 4.81592e+06
70 6.12702e+06
54 4.71511e+06
54 4.71511e+06
100 1.22014e+07
74 7.08757e+06
34 3.21354e+06
88 8.67268e+06
94 1.00269e+07
58 4.81742e+06
49 4.10776e+06
48 4.0065e+06
72 6.29214e+06
99 1.11301e+07
52 4.32576e+06
96 1.04936e+07
97 1.08738e+07
40 3.38521e+06
56 4.72251e+06
32 3.19372e+06
66 5.18743e+06
87 7.74695e+06
59 5.05407e+06
69 5.49591e+06
76 7.34616e+06
51 4.3168e+06
Thế hệ thứ: 9
94 1.00269e+07
58 4.81742e+06
39 3.2507e+06
44 3.61453e+06
49 4.10776e+06
48 4.0065e+06
72 6.29214e+06
56 4.72251e+06
70 5.89489e+06
51 4.3168e+06
80 7.47979e+06
32 3.19372e+06
57 4.81592e+06
99 1.11301e+07
66 5.18743e+06
100 1.22014e+07
87 7.74695e+06
52 4.32576e+06
96 1.04936e+07
74 7.08757e+06
34 3.21354e+06
69 5.49591e+06
64 5.01435e+06
88 8.67268e+06
97 1.08738e+07
76 7.34616e+06
40 3.38521e+06
55 4.36748e+06
41 3.38928e+06
Thế hệ thứ: 10
32 3.19372e+06
52 4.32576e+06
87 7.74695e+06
44 3.61453e+06
39 3.2507e+06
97 1.08738e+07
76 7.34616e+06
49 4.10776e+06
96 1.04936e+07
74 7.08757e+06
48 4.0065e+06
72 6.29214e+06
34 3.21354e+06
94 9.84183e+06
70 5.89489e+06
51 4.3168e+06
69 5.49591e+06
88 8.67268e+06
64 5.01435e+06
80 7.47979e+06
41 3.38928e+06
40 3.38521e+06
55 4.36748e+06
66 5.18743e+06
68 5.49264e+06
59 4.60156e+06
100 1.09013e+07
73 6.37118e+06
Thế hệ thứ: 11
70 5.89489e+06
94 9.84183e+06
32 3.19372e+06
41 3.38928e+06
100 1.09013e+07
69 5.49591e+06
68 5.49264e+06
44 3.61453e+06
39 3.2507e+06
52 3.91073e+06
97 1.08738e+07
80 7.47979e+06
76 7.34616e+06
66 5.18743e+06
73 6.37118e+06
96 1.04936e+07
72 6.29214e+06
59 4.60156e+06
40 3.38521e+06
55 4.36748e+06
34 3.21354e+06
64 4.89955e+06
75 7.0061e+06
90 7.68802e+06
Thế hệ thứ: 12
34 3.21354e+06
32 3.19372e+06
70 5.89489e+06
94 9.84183e+06
80 7.47979e+06
96 1.04936e+07
64 4.89955e+06
76 7.34616e+06
72 6.29214e+06
100 1.09013e+07
41 3.38928e+06
69 5.49591e+06
97 1.08738e+07
52 3.91073e+06
68 5.49264e+06
40 3.38521e+06
59 4.60156e+06
75 7.0061e+06
66 5.18743e+06
90 7.68802e+06
73 6.37118e+06
44 3.61453e+06
39 3.2507e+06
55 4.36748e+06
58 4.47167e+06
45 3.64853e+06
Thế hệ thứ: 13
70 5.89489e+06
32 3.19372e+06
34 3.21354e+06
66 5.18743e+06
90 7.68802e+06
80 7.47979e+06
73 6.37118e+06
44 3.61453e+06
39 3.2507e+06
76 7.34616e+06
72 6.29214e+06
55 4.36748e+06
41 3.38928e+06
100 1.09013e+07
69 5.49591e+06
52 3.91073e+06
68 5.49264e+06
45 3.64853e+06
75 7.0061e+06
40 3.29225e+06
64 4.85713e+06
62 4.76718e+06
99 9.54144e+06
60 4.42097e+06
Thế hệ thứ: 14
39 3.2507e+06
44 3.61453e+06
70 5.89489e+06
100 1.09013e+07
90 7.68802e+06
80 7.47979e+06
40 3.29225e+06
55 4.36748e+06
72 6.29214e+06
73 6.37118e+06
69 5.49591e+06
52 3.91073e+06
60 4.42097e+06
45 3.64853e+06
64 4.85713e+06
62 4.76718e+06
99 9.42085e+06
68 5.14696e+06
42 3.36831e+06
79 6.87856e+06
36 3.06426e+06
Thế hệ thứ: 15
90 7.68802e+06
44 3.61453e+06
39 3.2507e+06
42 3.36831e+06
72 6.29214e+06
64 4.85713e+06
62 4.76718e+06
79 6.87856e+06
73 6.37118e+06
36 3.06426e+06
100 1.09013e+07
80 7.47979e+06
60 4.42097e+06
52 3.91073e+06
45 3.64853e+06
40 3.29225e+06
55 4.36748e+06
99 9.42085e+06
70 4.89189e+06
Thế hệ thứ: 16
90 7.68802e+06
39 3.2507e+06
44 3.61453e+06
42 3.36831e+06
100 1.09013e+07
79 6.87856e+06
62 4.76718e+06
40 3.29225e+06
55 4.36748e+06
80 7.47979e+06
99 9.42085e+06
70 4.89189e+06
60 4.42097e+06
52 3.91073e+06
45 3.64853e+06
36 3.06426e+06
74 6.08761e+06
59 4.41099e+06
46 3.678e+06
95 8.21705e+06
64 4.83075e+06
Thế hệ thứ: 17
64 4.83075e+06
90 7.68802e+06
80 7.47979e+06
95 8.21705e+06
59 4.41099e+06
44 3.61453e+06
39 3.2507e+06
99 9.42085e+06
42 3.36831e+06
70 4.89189e+06
100 1.09013e+07
60 4.42097e+06
45 3.64853e+06
62 4.76718e+06
46 3.678e+06
40 3.29225e+06
55 4.36748e+06
52 3.91073e+06
36 3.04909e+06
79 5.94359e+06
74 5.67546e+06
72 5.3629e+06
Thế hệ thứ: 18
72 5.3629e+06
90 7.68802e+06
36 3.04909e+06
59 4.41099e+06
80 7.47979e+06
95 8.21705e+06
45 3.64853e+06
44 3.61453e+06
39 3.2507e+06
62 4.76718e+06
52 3.91073e+06
46 3.678e+06
35 3.03092e+06
74 5.67546e+06
99 9.42085e+06
42 3.36831e+06
70 4.89189e+06
79 5.94359e+06
100 1.09013e+07
40 3.29225e+06
60 4.42097e+06
55 4.36748e+06
96 8.43909e+06
64 4.81758e+06
Thế hệ thứ: 19
35 3.03092e+06
74 5.67546e+06
90 7.68802e+06
72 5.3629e+06
36 3.04909e+06
70 4.89189e+06
64 4.81758e+06
59 4.41099e+06
79 5.94359e+06
95 8.21705e+06
80 7.47979e+06
45 3.64853e+06
44 3.61453e+06
39 3.2507e+06
60 4.42097e+06
62 4.76718e+06
96 8.43909e+06
52 3.91073e+06
55 4.36748e+06
46 3.678e+06
42 3.36525e+06
71 5.04304e+06
100 9.40409e+06
40 3.2917e+06
73 5.61323e+06
Thế hệ thứ: 20
35 3.03092e+06
74 5.67546e+06
90 7.68802e+06
52 3.91073e+06
73 5.61323e+06
39 3.2507e+06
36 3.04909e+06
71 5.04304e+06
71 5.04304e+06
46 3.678e+06
60 4.42097e+06
45 3.64853e+06
70 4.89189e+06
42 3.36525e+06
59 4.41099e+06
79 5.94359e+06
95 8.21705e+06
40 3.2917e+06
96 8.43909e+06
100 9.40409e+06
55 4.36748e+06
44 3.54212e+06
72 5.30548e+06
82 7.09197e+06
66 4.71677e+06
Thế hệ thứ: 21
59 4.41099e+06
35 3.03092e+06
74 5.67546e+06
66 4.71677e+06
82 7.09197e+06
90 7.68802e+06
52 3.91073e+06
70 4.89189e+06
79 5.94359e+06
95 8.21705e+06
73 5.61323e+06
39 3.2507e+06
40 3.2917e+06
96 8.43909e+06
36 3.04909e+06
71 5.04304e+06
71 5.04304e+06
100 9.40409e+06
55 4.36748e+06
46 3.678e+06
42 3.36525e+06
60 4.42097e+06
44 3.54212e+06
45 3.64853e+06
72 5.30548e+06
61 4.59652e+06
Thế hệ thứ: 22
71 5.04304e+06
71 5.04304e+06
74 5.67546e+06
59 4.41099e+06
82 7.09197e+06
66 4.71677e+06
90 7.68802e+06
52 3.91073e+06
70 4.89189e+06
45 3.64853e+06
79 5.94359e+06
72 5.29754e+06
100 9.40409e+06
95 8.21705e+06
55 4.36748e+06
46 3.678e+06
73 5.61323e+06
39 3.2507e+06
42 3.36525e+06
61 4.59652e+06
40 3.2917e+06
96 8.43909e+06
60 4.42097e+06
44 3.54212e+06
36 3.03075e+06
Thế hệ thứ: 23
59 4.41099e+06
74 5.67546e+06
71 5.04304e+06
71 5.04304e+06
61 4.59652e+06
40 3.2917e+06
66 4.71677e+06
82 7.09197e+06
73 5.61323e+06
96 8.43909e+06
52 3.91073e+06
70 4.89189e+06
39 3.2507e+06
45 3.64853e+06
79 5.94359e+06
100 9.40409e+06
72 5.29754e+06
44 3.54212e+06
42 3.36525e+06
95 8.21705e+06
55 4.36748e+06
46 3.678e+06
46 3.678e+06
60 4.42097e+06
36 3.03075e+06
42 3.36525e+06
90 7.68802e+06
Thế hệ thứ: 24
71 5.04304e+06
71 5.04304e+06
74 5.67546e+06
59 4.41099e+06
100 9.40409e+06
72 5.29754e+06
44 3.54212e+06
61 4.59652e+06
40 3.2917e+06
66 4.71677e+06
82 7.09197e+06
42 3.36525e+06
45 3.64853e+06
36 3.03075e+06
73 5.61323e+06
96 8.43909e+06
95 8.21705e+06
52 3.91073e+06
55 4.36748e+06
70 4.89189e+06
90 7.68802e+06
46 3.678e+06
46 3.678e+06
39 3.2507e+06
42 3.36525e+06
79 5.94359e+06
60 4.42097e+06
89 7.68759e+06
Thế hệ thứ: 25
59 4.41099e+06
95 8.21705e+06
89 7.68759e+06
60 4.42097e+06
52 3.91073e+06
100 9.40409e+06
44 3.54212e+06
55 4.36748e+06
61 4.59652e+06
70 4.89189e+06
40 3.2917e+06
42 3.36525e+06
66 4.71677e+06
82 7.09197e+06
42 3.36525e+06
90 7.68802e+06
45 3.64853e+06
79 5.94359e+06
36 3.03075e+06
46 3.678e+06
46 3.678e+06
39 3.2507e+06
73 5.61323e+06
96 8.43909e+06
75 5.61988e+06
72 5.04043e+06
56 4.37943e+06
Thế hệ thứ: 26
95 8.21705e+06
59 4.41099e+06
42 3.36525e+06
82 7.09197e+06
66 4.71677e+06
39 3.2507e+06
72 5.04043e+06
75 5.61988e+06
73 5.61323e+06
42 3.36525e+06
90 7.68802e+06
89 7.68759e+06
45 3.64853e+06
96 8.43909e+06
79 5.94359e+06
60 4.42097e+06
52 3.91073e+06
36 3.03075e+06
100 9.40409e+06
44 3.54212e+06
46 3.678e+06
46 3.678e+06
61 4.59652e+06
70 4.89189e+06
40 3.2917e+06
37 3.04302e+06
58 4.21532e+06
91 7.93547e+06
Thế hệ thứ: 27
40 3.2917e+06
60 4.42097e+06
59 4.41099e+06
95 8.21705e+06
46 3.678e+06
46 3.678e+06
42 3.36525e+06
66 4.71677e+06
82 7.09197e+06
39 3.2507e+06
75 5.61988e+06
72 5.04043e+06
100 9.40409e+06
44 3.54212e+06
61 4.59652e+06
73 5.61323e+06
42 3.36525e+06
90 7.68802e+06
89 7.68759e+06
45 3.64853e+06
37 3.04302e+06
58 4.21532e+06
91 7.93547e+06
96 8.43909e+06
79 5.94359e+06
70 4.89189e+06
52 3.91073e+06
36 3.03075e+06
64 4.66149e+06
41 3.31889e+06
Thế hệ thứ: 28
41 3.31394e+06
64 4.66149e+06
40 3.2917e+06
95 8.21705e+06
90 7.68802e+06
89 7.68759e+06
45 3.64853e+06
46 3.678e+06
46 3.678e+06
52 3.91073e+06
42 3.36525e+06
66 4.71677e+06
82 7.09197e+06
39 3.2507e+06
72 5.04043e+06
75 5.61988e+06
58 4.21532e+06
37 3.04302e+06
91 7.93547e+06
96 8.43909e+06
100 9.40409e+06
44 3.54212e+06
79 5.94359e+06
36 3.03075e+06
70 4.89189e+06
73 5.61323e+06
42 3.36525e+06
51 3.91064e+06
62 4.27671e+06
Thế hệ thứ: 29
66 4.71677e+06
40 3.2917e+06
41 3.31394e+06
64 4.66149e+06
39 3.2507e+06
72 5.04043e+06
75 5.61988e+06
100 9.40409e+06
62 4.27671e+06
95 8.21705e+06
58 4.21532e+06
91 7.93547e+06
96 8.43909e+06
90 7.68802e+06
89 7.68759e+06
45 3.64853e+06
44 3.54212e+06
37 3.0421e+06
46 3.678e+06
46 3.678e+06
79 5.94359e+06
52 3.91073e+06
36 3.03075e+06
42 3.36525e+06
70 4.89189e+06
42 3.36525e+06
82 7.09197e+06
51 3.91064e+06
73 5.61323e+06
83 7.22665e+06
Thế hệ thứ: 30
66 4.71677e+06
41 3.31394e+06
64 4.66149e+06
40 3.2917e+06
39 3.2507e+06
72 5.04043e+06
79 5.94359e+06
52 3.91073e+06
83 7.22665e+06
51 3.91064e+06
62 4.27671e+06
100 9.40409e+06
36 3.03075e+06
95 8.21705e+06
58 4.21532e+06
91 7.93547e+06
96 8.43909e+06
90 7.68802e+06
89 7.68759e+06
45 3.64853e+06
42 3.36525e+06
70 4.89189e+06
44 3.54212e+06
42 3.36525e+06
37 3.0421e+06
46 3.678e+06
46 3.678e+06
82 7.09197e+06
38 3.05437e+06
75 5.52354e+06
61 4.26706e+06
Thế hệ thứ: 31
66 4.71677e+06
40 3.2917e+06
41 3.31394e+06
64 4.66149e+06
39 3.2507e+06
72 5.04043e+06
70 4.89189e+06
38 3.05437e+06
79 5.94359e+06
44 3.54212e+06
52 3.91073e+06
51 3.91064e+06
83 7.22665e+06
42 3.36525e+06
75 5.52354e+06
100 9.40409e+06
62 4.27671e+06
37 3.0421e+06
46 3.678e+06
46 3.678e+06
36 3.03075e+06
95 8.21705e+06
82 7.09197e+06
58 4.21532e+06
91 7.93547e+06
96 8.43909e+06
90 7.68802e+06
89 7.68759e+06
61 4.26706e+06
45 3.64853e+06
42 3.36525e+06
92 8.19202e+06
Thế hệ thứ: 32
35 3.02201e+06
38 3.05437e+06
82 7.09197e+06
66 4.71677e+06
41 3.31394e+06
64 4.66149e+06
40 3.2917e+06
95 8.21705e+06
92 8.19202e+06
39 3.2507e+06
72 5.04043e+06
89 7.68759e+06
70 4.89189e+06
62 4.27671e+06
100 9.40409e+06
79 5.94359e+06
58 4.21532e+06
61 4.26706e+06
44 3.54212e+06
52 3.91073e+06
83 7.22665e+06
51 3.91064e+06
42 3.36525e+06
75 5.52354e+06
91 7.93547e+06
45 3.64853e+06
42 3.36525e+06
96 8.43909e+06
90 7.68802e+06
37 3.0421e+06
36 3.03075e+06
46 3.6576e+06
Thế hệ thứ: 33
38 3.05437e+06
35 3.02201e+06
66 4.71677e+06
82 7.09197e+06
40 3.2917e+06
46 3.6576e+06
41 3.31394e+06
64 4.66149e+06
95 8.21705e+06
92 8.19202e+06
42 3.36525e+06
39 3.2507e+06
72 5.04043e+06
75 5.52354e+06
58 4.21532e+06
70 4.89189e+06
90 7.68802e+06
91 7.93547e+06
45 3.64853e+06
100 9.40409e+06
62 4.27671e+06
79 5.94359e+06
36 3.03075e+06
42 3.36525e+06
37 3.0421e+06
61 4.26706e+06
96 8.43909e+06
44 3.54212e+06
52 3.91073e+06
51 3.91064e+06
83 7.22665e+06
89 7.64059e+06
Thế hệ thứ: 34
92 8.19202e+06
62 4.27671e+06
100 9.40409e+06
35 3.02201e+06
38 3.05437e+06
82 7.09197e+06
66 4.71677e+06
41 3.31394e+06
46 3.6576e+06
40 3.2917e+06
95 8.21705e+06
70 4.89189e+06
79 5.94359e+06
61 4.26706e+06
42 3.36525e+06
36 3.03075e+06
39 3.2507e+06
72 5.04043e+06
96 8.43909e+06
75 5.52354e+06
42 3.36525e+06
58 4.21532e+06
89 7.64059e+06
37 3.0421e+06
44 3.54212e+06
90 7.68802e+06
74 5.50817e+06
52 3.91073e+06
64 4.65262e+06
91 7.93547e+06
45 3.64853e+06
83 7.22665e+06
51 3.91064e+06
76 5.75839e+06
81 6.28403e+06
Thế hệ thứ: 35
37 3.0421e+06
92 8.19202e+06
61 4.26706e+06
45 3.64853e+06
44 3.54212e+06
35 3.02201e+06
38 3.05437e+06
62 4.27671e+06
100 9.40409e+06
82 7.09197e+06
66 4.71677e+06
90 7.68802e+06
74 5.50817e+06
52 3.91073e+06
64 4.65262e+06
46 3.6576e+06
41 3.31394e+06
81 6.28403e+06
91 7.93547e+06
40 3.2917e+06
76 5.75839e+06
95 8.21705e+06
70 4.89189e+06
79 5.94359e+06
83 7.22665e+06
51 3.91064e+06
42 3.36525e+06
36 3.03075e+06
72 5.04043e+06
39 3.2507e+06
96 8.43909e+06
75 5.52354e+06
42 3.36525e+06
58 4.21532e+06
89 7.64059e+06
Thế hệ thứ: 36
44 3.54212e+06
46 3.6576e+06
41 3.31394e+06
61 4.26706e+06
92 8.19202e+06
37 3.0421e+06
83 7.22665e+06
51 3.91064e+06
58 4.21532e+06
45 3.64853e+06
35 3.02201e+06
38 3.05437e+06
42 3.36525e+06
36 3.03075e+06
89 7.64059e+06
39 3.2507e+06
72 5.04043e+06
62 4.27671e+06
100 9.40409e+06
82 7.09197e+06
66 4.71677e+06
90 7.68802e+06
74 5.50817e+06
52 3.91073e+06
64 4.65262e+06
96 8.43909e+06
91 7.93547e+06
81 6.28403e+06
75 5.52354e+06
40 3.2917e+06
76 5.75839e+06
95 8.21705e+06
70 4.89189e+06
79 5.94359e+06
42 3.36525e+06
Thế hệ thứ: 37
46 3.6576e+06
41 3.31394e+06
44 3.54212e+06
64 4.65262e+06
52 3.91073e+06
74 5.50817e+06
92 8.19202e+06
61 4.26706e+06
96 8.43909e+06
81 6.28403e+06
91 7.93547e+06
37 3.0421e+06
75 5.52354e+06
51 3.91064e+06
83 7.22665e+06
95 8.21705e+06
58 4.21532e+06
45 3.64853e+06
35 3.02201e+06
38 3.05437e+06
70 4.89189e+06
42 3.36525e+06
36 3.03075e+06
89 7.64059e+06
72 5.04043e+06
39 3.2507e+06
100 9.40409e+06
40 3.2917e+06
76 5.75839e+06
79 5.94359e+06
42 3.36525e+06
82 7.09197e+06
66 4.71677e+06
90 7.68802e+06
63 4.26926e+06
Thế hệ thứ: 38
52 3.91073e+06
64 4.65262e+06
81 6.28403e+06
91 7.93547e+06
39 3.2507e+06
72 5.04043e+06
44 3.54212e+06
46 3.6576e+06
41 3.31394e+06
92 8.19202e+06
96 8.43909e+06
45 3.64853e+06
37 3.0421e+06
100 9.40409e+06
78 5.43312e+06
63 4.26926e+06
83 7.22665e+06
51 3.91064e+06
95 8.21705e+06
79 5.94359e+06
58 4.21532e+06
90 7.68802e+06
35 3.02201e+06
38 3.05437e+06
42 3.36525e+06
70 4.89189e+06
40 3.2917e+06
42 3.36525e+06
66 4.71677e+06
82 7.09197e+06
36 3.03075e+06
89 7.64059e+06
76 5.43156e+06
62 4.26404e+06
Thế hệ thứ: 39
46 3.6576e+06
41 3.31394e+06
81 6.28403e+06
91 7.93547e+06
64 4.65262e+06
52 3.91073e+06
76 5.43156e+06
39 3.2507e+06
72 5.04043e+06
44 3.54212e+06
83 7.22665e+06
51 3.91064e+06
89 7.64059e+06
95 8.21705e+06
79 5.94359e+06
96 8.43909e+06
45 3.64853e+06
36 3.03075e+06
37 3.0421e+06
42 3.36525e+06
70 4.89189e+06
58 4.21532e+06
42 3.36525e+06
90 7.68802e+06
35 3.02201e+06
38 3.05437e+06
100 9.40409e+06
78 5.43312e+06
63 4.26926e+06
66 4.71677e+06
40 3.2917e+06
62 4.26404e+06
82 6.32339e+06
93 8.1667e+06
Thế hệ thứ: 40
46 3.6576e+06
41 3.31394e+06
52 3.91073e+06
81 6.28403e+06
91 7.93547e+06
38 3.05437e+06
35 3.02201e+06
100 9.40409e+06
76 5.43156e+06
72 5.04043e+06
39 3.2507e+06
44 3.54212e+06
51 3.91064e+06
83 7.22665e+06
42 3.36525e+06
82 6.32339e+06
93 8.1667e+06
89 7.64059e+06
95 8.21705e+06
70 4.89189e+06
78 5.43312e+06
79 5.94359e+06
58 4.21532e+06
62 4.26404e+06
96 8.43909e+06
45 3.64853e+06
40 3.2917e+06
36 3.03075e+06
66 4.71677e+06
42 3.36525e+06
63 4.26926e+06
37 3.0421e+06
90 7.68802e+06
71 5.02034e+06
65 4.57594e+06
Thế hệ thứ: 41
46 3.6576e+06
41 3.31394e+06
62 4.26404e+06
58 4.21532e+06
90 7.68802e+06
96 8.43909e+06
91 7.93547e+06
81 6.28403e+06
38 3.05437e+06
35 3.02201e+06
37 3.0421e+06
45 3.64853e+06
40 3.2917e+06
100 9.40409e+06
36 3.03075e+06
76 5.43156e+06
39 3.2507e+06
72 5.04043e+06
44 3.54212e+06
83 7.22665e+06
66 4.71677e+06
42 3.36525e+06
42 3.36525e+06
93 8.1667e+06
82 6.32339e+06
89 7.64059e+06
95 8.21705e+06
65 4.57594e+06
78 5.43312e+06
79 5.94359e+06
63 4.26926e+06
71 4.7666e+06
52 3.86981e+06
Thế hệ thứ: 42
44 3.54212e+06
46 3.6576e+06
41 3.31394e+06
78 5.43312e+06
62 4.26404e+06
83 7.22665e+06
95 8.21705e+06
79 5.94359e+06
58 4.21532e+06
90 7.68802e+06
66 4.71677e+06
96 8.43909e+06
65 4.57594e+06
71 4.7666e+06
81 6.28403e+06
91 7.93547e+06
42 3.36353e+06
38 3.05437e+06
35 3.02201e+06
37 3.0421e+06
63 4.26926e+06
45 3.64853e+06
40 3.2917e+06
52 3.86981e+06
82 6.32339e+06
93 8.1667e+06
100 9.40409e+06
89 7.64059e+06
36 3.03075e+06
76 5.43156e+06
72 5.04043e+06
39 3.2507e+06
Thế hệ thứ: 43
71 4.7666e+06
46 3.6576e+06
41 3.31394e+06
44 3.54212e+06
36 3.03075e+06
63 4.26926e+06
62 4.26404e+06
78 5.43312e+06
78 5.43312e+06
45 3.64853e+06
83 7.22665e+06
95 8.21705e+06
79 5.94359e+06
40 3.2917e+06
58 4.21532e+06
76 5.43156e+06
90 7.68802e+06
52 3.86981e+06
93 8.1667e+06
82 6.32339e+06
72 5.04043e+06
39 3.2507e+06
66 4.71677e+06
96 8.43909e+06
65 4.57594e+06
100 9.40409e+06
89 7.64059e+06
91 7.93547e+06
81 6.28403e+06
38 3.05437e+06
35 3.02201e+06
42 3.36353e+06
37 3.0421e+06
Thế hệ thứ: 44
71 4.7666e+06
44 3.54212e+06
46 3.6576e+06
41 3.31394e+06
96 8.43909e+06
36 3.03075e+06
63 4.26926e+06
62 4.26404e+06
78 5.43312e+06
78 5.43312e+06
100 9.40409e+06
45 3.64853e+06
37 3.0421e+06
83 7.22665e+06
95 8.21705e+06
79 5.94359e+06
73 4.83387e+06
40 3.2917e+06
89 7.64059e+06
81 6.28403e+06
91 7.93547e+06
52 3.86981e+06
58 4.21532e+06
42 3.36353e+06
38 3.05437e+06
35 3.02201e+06
90 7.68802e+06
82 6.32339e+06
93 8.1667e+06
39 3.2507e+06
76 5.0353e+06
69 4.54142e+06
Thế hệ thứ: 45
71 4.7666e+06
58 4.21532e+06
46 3.6576e+06
44 3.54212e+06
96 8.43909e+06
52 3.86981e+06
36 3.03075e+06
73 4.83387e+06
81 6.28403e+06
91 7.93547e+06
89 7.64059e+06
63 4.26926e+06
83 7.22665e+06
62 4.26404e+06
78 5.43312e+06
78 5.43312e+06
95 8.21705e+06
100 9.40409e+06
45 3.64853e+06
37 3.0421e+06
79 5.94359e+06
38 3.05437e+06
35 3.02201e+06
42 3.36353e+06
90 7.68802e+06
93 8.1667e+06
82 6.32339e+06
69 4.54142e+06
39 3.2507e+06
76 5.0353e+06
41 3.28759e+06
77 5.42013e+06
Thế hệ thứ: 46
71 4.7666e+06
96 8.43909e+06
39 3.2507e+06
69 4.54142e+06
42 3.36353e+06
35 3.02201e+06
38 3.05437e+06
44 3.54212e+06
46 3.6576e+06
52 3.86981e+06
36 3.03075e+06
73 4.83387e+06
81 6.28403e+06
91 7.93547e+06
89 7.64059e+06
63 4.26926e+06
83 7.22665e+06
62 4.26404e+06
78 5.43312e+06
78 5.43312e+06
95 8.21705e+06
90 7.68802e+06
76 5.0353e+06
82 6.32339e+06
93 8.1667e+06
100 9.40409e+06
45 3.64853e+06
41 3.28759e+06
37 3.0421e+06
77 5.42013e+06
79 5.94359e+06
43 3.36838e+06
88 7.2739e+06
59 4.12826e+06
Thế hệ thứ: 47
71 4.7666e+06
37 3.0421e+06
39 3.2507e+06
69 4.54142e+06
96 8.43909e+06
42 3.36353e+06
38 3.05437e+06
35 3.02201e+06
93 8.1667e+06
82 6.32339e+06
100 9.40409e+06
44 3.54212e+06
83 7.22665e+06
46 3.6576e+06
52 3.86981e+06
36 3.03075e+06
59 4.12826e+06
73 4.83387e+06
91 7.93547e+06
81 6.28403e+06
77 5.42013e+06
89 7.64059e+06
63 4.26926e+06
88 7.2739e+06
79 5.94359e+06
62 4.26404e+06
78 5.43312e+06
78 5.43312e+06
45 3.64853e+06
41 3.28759e+06
95 8.21705e+06
43 3.36838e+06
90 7.68802e+06
76 5.0353e+06
43 3.36838e+06
Thế hệ thứ: 48
71 4.7666e+06
63 4.26926e+06
37 3.0421e+06
76 5.0353e+06
96 8.43909e+06
39 3.2507e+06
69 4.54142e+06
90 7.68802e+06
38 3.05437e+06
35 3.02201e+06
42 3.36353e+06
88 7.2739e+06
93 8.1667e+06
82 6.32339e+06
43 3.36838e+06
95 8.21705e+06
100 9.40409e+06
44 3.54212e+06
79 5.94359e+06
62 4.26404e+06
46 3.6576e+06
52 3.86981e+06
36 3.03075e+06
59 4.12826e+06
78 5.43312e+06
78 5.43312e+06
73 4.83387e+06
45 3.64853e+06
81 6.28403e+06
91 7.93547e+06
41 3.28759e+06
77 5.42013e+06
89 7.64059e+06
43 3.36838e+06
50 3.83069e+06
85 7.18092e+06
Thế hệ thứ: 49
89 7.64059e+06
71 4.7666e+06
37 3.0421e+06
63 4.26926e+06
59 4.12826e+06
85 7.18092e+06
78 5.43312e+06
78 5.43312e+06
78 5.43312e+06
76 5.0353e+06
96 8.43909e+06
51 3.84808e+06
69 4.54142e+06
39 3.2507e+06
90 7.68802e+06
42 3.36353e+06
38 3.05437e+06
35 3.02201e+06
88 7.2739e+06
82 6.32339e+06
93 8.1667e+06
73 4.83387e+06
77 5.42013e+06
43 3.36838e+06
91 7.93547e+06
81 6.28403e+06
95 8.21705e+06
50 3.83069e+06
45 3.64853e+06
100 9.40409e+06
44 3.54212e+06
46 3.6576e+06
79 5.94359e+06
43 3.36838e+06
62 4.26404e+06
52 3.86981e+06
41 3.28759e+06
36 3.03075e+06
68 4.54118e+06
