Thế hệ thứ: 0
20 2.67921e+06
19 2.67576e+06
18 1.62982e+06
14 1.46419e+06
Thế hệ thứ: 1
14 1.46419e+06
15 1.57107e+06
18 1.60204e+06
20 1.84742e+06
Thế hệ thứ: 2
14 1.46419e+06
20 1.84742e+06
18 1.60204e+06
16 1.48161e+06
Thế hệ thứ: 3
14 1.46419e+06
20 1.84742e+06
18 1.60204e+06
16 1.48161e+06
19 1.84734e+06
Thế hệ thứ: 4
14 1.46419e+06
20 1.84742e+06
20 1.84742e+06
18 1.60204e+06
16 1.48161e+06
19 1.84734e+06
Thế hệ thứ: 5
14 1.46419e+06
20 1.84742e+06
20 1.84742e+06
18 1.60204e+06
17 1.55217e+06
16 1.48161e+06
19 1.84343e+06
Thế hệ thứ: 6
14 1.46419e+06
20 1.84742e+06
20 1.84742e+06
17 1.55217e+06
16 1.48161e+06
19 1.55709e+06
Thế hệ thứ: 7
14 1.46419e+06
17 1.55217e+06
16 1.48161e+06
19 1.55709e+06
20 1.84721e+06
Thế hệ thứ: 8
14 1.46419e+06
17 1.55217e+06
16 1.48161e+06
20 1.84721e+06
20 1.84721e+06
19 1.55709e+06
Thế hệ thứ: 9
16 1.48161e+06
17 1.55217e+06
14 1.46419e+06
19 1.55709e+06
20 1.84721e+06
20 1.84721e+06
Thế hệ thứ: 10
20 1.84721e+06
20 1.84721e+06
19 1.55709e+06
16 1.48161e+06
14 1.46419e+06
13 1.46199e+06
17 1.52199e+06
Thế hệ thứ: 11
19 1.55709e+06
20 1.84721e+06
20 1.84721e+06
16 1.48161e+06
13 1.46199e+06
14 1.46419e+06
17 1.52199e+06
Thế hệ thứ: 12
20 1.84721e+06
20 1.84721e+06
19 1.55709e+06
13 1.46199e+06
14 1.46419e+06
17 1.52199e+06
16 1.48161e+06
Thế hệ thứ: 13
20 1.84645e+06
19 1.55709e+06
14 1.46419e+06
13 1.46199e+06
17 1.52199e+06
16 1.48161e+06
18 1.53239e+06
Thế hệ thứ: 14
13 1.46199e+06
14 1.46419e+06
17 1.52199e+06
16 1.48161e+06
18 1.53239e+06
20 1.54417e+06
Thế hệ thứ: 15
16 1.48161e+06
14 1.46419e+06
13 1.46199e+06
18 1.53239e+06
20 1.54417e+06
17 1.49737e+06
19 1.53884e+06
Thế hệ thứ: 16
16 1.48161e+06
13 1.46199e+06
14 1.46419e+06
20 1.54417e+06
18 1.53239e+06
19 1.53884e+06
17 1.49737e+06
15 1.47691e+06
Thế hệ thứ: 17
15 1.47691e+06
13 1.46199e+06
14 1.46419e+06
16 1.48161e+06
20 1.54417e+06
18 1.53239e+06
17 1.49737e+06
19 1.53389e+06
Thế hệ thứ: 18
19 1.53389e+06
17 1.49737e+06
16 1.48161e+06
20 1.54417e+06
18 1.53239e+06
15 1.45673e+06
Thế hệ thứ: 19
15 1.45673e+06
18 1.53239e+06
19 1.53389e+06
17 1.49737e+06
16 1.48161e+06
20 1.54417e+06
Thế hệ thứ: 20
15 1.45673e+06
19 1.53389e+06
20 1.54417e+06
17 1.49737e+06
16 1.48161e+06
18 1.52162e+06
Thế hệ thứ: 21
19 1.53389e+06
15 1.45673e+06
16 1.48161e+06
18 1.52162e+06
17 1.49737e+06
20 1.54417e+06
Thế hệ thứ: 22
19 1.53389e+06
15 1.45673e+06
18 1.52162e+06
16 1.48161e+06
17 1.49737e+06
20 1.54417e+06
Thế hệ thứ: 23
18 1.52162e+06
16 1.48161e+06
19 1.53389e+06
15 1.45673e+06
20 1.54417e+06
17 1.49737e+06
Thế hệ thứ: 24
15 1.45673e+06
16 1.48161e+06
18 1.52162e+06
19 1.53389e+06
20 1.54417e+06
17 1.49737e+06
Thế hệ thứ: 25
15 1.45673e+06
18 1.52162e+06
16 1.48161e+06
19 1.53389e+06
20 1.54417e+06
17 1.49737e+06
Thế hệ thứ: 26
15 1.45673e+06
16 1.48161e+06
18 1.52162e+06
19 1.53389e+06
20 1.54417e+06
17 1.49737e+06
Thế hệ thứ: 27
16 1.48161e+06
18 1.52162e+06
15 1.45673e+06
19 1.53389e+06
20 1.54417e+06
17 1.49737e+06
Thế hệ thứ: 28
18 1.52162e+06
16 1.48161e+06
15 1.45673e+06
19 1.53389e+06
20 1.54417e+06
17 1.49737e+06
Thế hệ thứ: 29
15 1.45673e+06
16 1.48161e+06
18 1.52162e+06
19 1.53389e+06
20 1.54417e+06
17 1.49737e+06
13 1.44552e+06
