Thế hệ thứ: 0
74 1.94147e+07
64 1.81003e+07
65 1.83731e+07
54 1.71275e+07
77 2.0668e+07
78 2.09246e+07
89 2.26156e+07
160 3.4701e+07
85 2.10608e+07
67 1.8908e+07
58 1.77519e+07
171 4.41404e+07
70 1.89116e+07
125 2.71423e+07
163 3.96454e+07
152 3.33013e+07
145 3.11066e+07
Thế hệ thứ: 1
70 1.89116e+07
77 2.0668e+07
78 2.09246e+07
89 2.26156e+07
54 1.71275e+07
125 2.71423e+07
160 3.4701e+07
85 2.10608e+07
74 1.94147e+07
67 1.8908e+07
58 1.77519e+07
65 1.83731e+07
64 1.81003e+07
130 2.74923e+07
145 3.10593e+07
179 3.57182e+07
137 2.97566e+07
151 3.13024e+07
157 3.23245e+07
Thế hệ thứ: 2
78 2.09246e+07
77 2.0668e+07
89 2.26156e+07
99 2.46351e+07
54 1.71275e+07
157 3.23245e+07
179 3.57182e+07
125 2.71423e+07
137 2.97566e+07
130 2.74923e+07
145 3.10593e+07
85 2.10608e+07
151 3.13024e+07
74 1.94147e+07
67 1.8908e+07
58 1.77519e+07
65 1.83731e+07
64 1.81003e+07
70 1.89116e+07
162 3.27118e+07
Thế hệ thứ: 3
78 2.09246e+07
77 2.0668e+07
89 2.26156e+07
162 3.27118e+07
54 1.71275e+07
99 2.46351e+07
179 3.57182e+07
125 2.71423e+07
137 2.97566e+07
130 2.74923e+07
145 3.10593e+07
85 2.10608e+07
151 3.13024e+07
157 3.23245e+07
74 1.94147e+07
67 1.8908e+07
58 1.77519e+07
65 1.83731e+07
64 1.81003e+07
70 1.89116e+07
152 3.1643e+07
109 2.60574e+07
181 4.24484e+07
Thế hệ thứ: 4
78 2.09246e+07
77 2.0668e+07
89 2.26156e+07
54 1.71275e+07
99 2.46351e+07
162 3.27118e+07
137 2.97566e+07
179 3.57182e+07
109 2.60574e+07
125 2.71423e+07
130 2.74923e+07
85 2.10608e+07
74 1.94147e+07
157 3.23245e+07
67 1.8908e+07
152 3.1643e+07
58 1.77519e+07
65 1.83731e+07
64 1.81003e+07
151 3.13024e+07
70 1.89116e+07
182 4.07302e+07
145 3.06255e+07
Thế hệ thứ: 5
78 2.09246e+07
77 2.0668e+07
89 2.26156e+07
99 2.46351e+07
54 1.71275e+07
162 3.27118e+07
182 4.07302e+07
179 3.57182e+07
109 2.60574e+07
137 2.97566e+07
125 2.71423e+07
130 2.74923e+07
145 3.06255e+07
85 2.10608e+07
74 1.94147e+07
157 3.23245e+07
67 1.8908e+07
152 3.1643e+07
58 1.77519e+07
151 3.13024e+07
65 1.83731e+07
64 1.81003e+07
70 1.89116e+07
115 2.68592e+07
Thế hệ thứ: 6
78 2.09246e+07
77 2.0668e+07
89 2.26156e+07
54 1.71275e+07
99 2.46351e+07
162 3.27118e+07
182 4.07302e+07
179 3.57182e+07
137 2.97566e+07
109 2.60574e+07
130 2.74923e+07
145 3.06255e+07
115 2.68592e+07
85 2.10608e+07
125 2.71423e+07
74 1.94147e+07
157 3.23245e+07
67 1.8908e+07
152 3.1643e+07
58 1.77519e+07
151 3.13024e+07
65 1.83731e+07
64 1.81003e+07
70 1.89116e+07
132 2.84673e+07
171 3.40639e+07
143 3.0054e+07
Thế hệ thứ: 7
162 3.27118e+07
78 2.09246e+07
77 2.0668e+07
165 3.3987e+07
89 2.26156e+07
54 1.71275e+07
99 2.46351e+07
179 3.57182e+07
171 3.40639e+07
109 2.60574e+07
115 2.68592e+07
85 2.10608e+07
137 2.97566e+07
132 2.84673e+07
125 2.71423e+07
74 1.94147e+07
157 3.23245e+07
67 1.8908e+07
152 3.1643e+07
58 1.77519e+07
145 3.06255e+07
130 2.74923e+07
143 3.0054e+07
151 3.13024e+07
65 1.83731e+07
64 1.81003e+07
70 1.89116e+07
182 4.02816e+07
155 3.17724e+07
Thế hệ thứ: 8
78 2.09246e+07
77 2.0668e+07
89 2.26156e+07
165 3.3987e+07
54 1.71275e+07
99 2.46351e+07
182 4.02816e+07
179 3.57182e+07
115 2.68592e+07
109 2.60574e+07
171 3.40639e+07
85 2.10608e+07
137 2.97566e+07
132 2.84673e+07
125 2.71423e+07
162 3.27118e+07
74 1.94147e+07
67 1.8908e+07
58 1.77519e+07
145 3.06255e+07
130 2.74923e+07
143 3.0054e+07
151 3.13024e+07
152 3.14358e+07
157 3.23245e+07
65 1.83731e+07
64 1.81003e+07
70 1.89116e+07
155 3.17724e+07
181 3.71255e+07
158 3.2346e+07
Thế hệ thứ: 9
78 2.09246e+07
77 2.0668e+07
89 2.26156e+07
165 3.3987e+07
54 1.71275e+07
99 2.46351e+07
109 2.60574e+07
171 3.40639e+07
115 2.68592e+07
85 2.10608e+07
137 2.97566e+07
132 2.84673e+07
125 2.71423e+07
74 1.94147e+07
162 3.27118e+07
67 1.8908e+07
58 1.77519e+07
145 3.06255e+07
130 2.74923e+07
143 3.0054e+07
151 3.13024e+07
64 1.81003e+07
65 1.83731e+07
155 3.17724e+07
70 1.89116e+07
158 3.2346e+07
157 3.23245e+07
152 3.14358e+07
133 2.86966e+07
183 3.56791e+07
180 3.54533e+07
118 2.70995e+07
Thế hệ thứ: 10
78 2.09246e+07
77 2.0668e+07
89 2.26156e+07
54 1.71275e+07
99 2.46351e+07
85 2.10608e+07
155 3.17724e+07
183 3.56791e+07
109 2.60574e+07
118 2.70995e+07
171 3.40639e+07
180 3.54533e+07
137 2.97566e+07
74 1.94147e+07
162 3.27118e+07
67 1.8908e+07
58 1.77519e+07
145 3.06255e+07
115 2.68592e+07
130 2.74923e+07
125 2.71423e+07
143 3.0054e+07
133 2.86966e+07
151 3.13024e+07
132 2.84673e+07
65 1.83731e+07
64 1.81003e+07
70 1.89116e+07
158 3.2346e+07
157 3.23245e+07
152 3.14358e+07
165 3.34081e+07
166 3.34091e+07
113 2.67208e+07
Thế hệ thứ: 11
89 2.26156e+07
78 2.09246e+07
77 2.0668e+07
54 1.71275e+07
99 2.46351e+07
85 2.10608e+07
155 3.17724e+07
183 3.56791e+07
109 2.60574e+07
118 2.70995e+07
171 3.40639e+07
180 3.54533e+07
137 2.97566e+07
74 1.94147e+07
67 1.8908e+07
58 1.77519e+07
145 3.06255e+07
125 2.71423e+07
162 3.27118e+07
143 3.0054e+07
133 2.86966e+07
151 3.13024e+07
113 2.67208e+07
132 2.84673e+07
65 1.83731e+07
64 1.81003e+07
166 3.34091e+07
70 1.89116e+07
165 3.34081e+07
158 3.2346e+07
115 2.68592e+07
157 3.23245e+07
152 3.14358e+07
172 3.51018e+07
150 3.07401e+07
131 2.73451e+07
Thế hệ thứ: 12
85 2.10608e+07
155 3.17724e+07
183 3.56791e+07
78 2.09246e+07
77 2.0668e+07
89 2.26156e+07
54 1.71275e+07
99 2.46351e+07
109 2.60574e+07
137 2.97566e+07
74 1.94147e+07
118 2.70995e+07
171 3.40639e+07
67 1.8908e+07
58 1.77519e+07
131 2.73451e+07
180 3.54533e+07
125 2.71423e+07
162 3.27118e+07
143 3.0054e+07
133 2.86966e+07
145 3.06255e+07
113 2.67208e+07
132 2.84673e+07
65 1.83731e+07
64 1.81003e+07
150 3.07401e+07
166 3.34091e+07
70 1.89116e+07
165 3.34081e+07
158 3.2346e+07
115 2.68592e+07
157 3.23245e+07
152 3.14358e+07
151 3.13024e+07
175 3.43767e+07
159 3.26311e+07
184 3.79575e+07
168 3.37572e+07
96 2.33724e+07
136 2.97364e+07
Thế hệ thứ: 13
78 2.09246e+07
77 2.0668e+07
89 2.26156e+07
54 1.71275e+07
99 2.46351e+07
184 3.79575e+07
109 2.60574e+07
96 2.33724e+07
155 3.17724e+07
183 3.56791e+07
85 2.10608e+07
74 1.94147e+07
175 3.43767e+07
67 1.8908e+07
58 1.77519e+07
131 2.73451e+07
125 2.71423e+07
143 3.0054e+07
133 2.86966e+07
118 2.70995e+07
145 3.06255e+07
113 2.67208e+07
65 1.83731e+07
64 1.81003e+07
162 3.27118e+07
137 2.97566e+07
136 2.97364e+07
132 2.84673e+07
150 3.07401e+07
70 1.89116e+07
165 3.34081e+07
115 2.68592e+07
157 3.23245e+07
152 3.14358e+07
151 3.13024e+07
180 3.45222e+07
159 3.26311e+07
166 3.34091e+07
158 3.2346e+07
172 3.37297e+07
106 2.59238e+07
Thế hệ thứ: 14
78 2.09246e+07
77 2.0668e+07
89 2.26156e+07
54 1.71275e+07
99 2.46351e+07
184 3.79575e+07
106 2.59238e+07
85 2.10608e+07
155 3.17724e+07
183 3.56791e+07
109 2.60574e+07
96 2.33724e+07
74 1.94147e+07
180 3.45222e+07
67 1.8908e+07
58 1.77519e+07
131 2.73451e+07
172 3.37297e+07
125 2.71423e+07
143 3.0054e+07
175 3.43767e+07
133 2.86966e+07
118 2.70995e+07
145 3.06255e+07
113 2.67208e+07
65 1.83731e+07
64 1.81003e+07
162 3.27118e+07
137 2.97566e+07
136 2.97364e+07
132 2.84673e+07
150 3.07401e+07
70 1.89116e+07
166 3.34091e+07
165 3.34081e+07
115 2.68592e+07
157 3.23245e+07
152 3.14358e+07
151 3.13024e+07
158 3.2346e+07
161 3.25264e+07
Thế hệ thứ: 15
78 2.09246e+07
77 2.0668e+07
89 2.26156e+07
54 1.71275e+07
99 2.46351e+07
106 2.59238e+07
85 2.10608e+07
155 3.17724e+07
183 3.56791e+07
109 2.60574e+07
96 2.33724e+07
74 1.94147e+07
180 3.45222e+07
67 1.8908e+07
58 1.77519e+07
131 2.73451e+07
172 3.37297e+07
125 2.71423e+07
143 3.0054e+07
175 3.43767e+07
133 2.86966e+07
118 2.70995e+07
145 3.06255e+07
161 3.25264e+07
113 2.67208e+07
65 1.83731e+07
64 1.81003e+07
167 3.34108e+07
137 2.97566e+07
136 2.97364e+07
132 2.84673e+07
150 3.07401e+07
70 1.89116e+07
162 3.27118e+07
166 3.34091e+07
165 3.34081e+07
115 2.68592e+07
157 3.23245e+07
152 3.14358e+07
151 3.13024e+07
158 3.2346e+07
185 3.77502e+07
Thế hệ thứ: 16
78 2.09246e+07
77 2.0668e+07
89 2.26156e+07
54 1.71275e+07
99 2.46351e+07
185 3.77502e+07
106 2.59238e+07
85 2.10608e+07
155 3.17724e+07
183 3.56791e+07
109 2.60574e+07
96 2.33724e+07
140 2.9783e+07
74 1.94147e+07
180 3.45222e+07
67 1.8908e+07
58 1.77519e+07
131 2.73451e+07
125 2.71423e+07
172 3.37297e+07
143 3.0054e+07
175 3.43767e+07
133 2.86966e+07
118 2.70995e+07
145 3.06255e+07
161 3.25264e+07
113 2.67208e+07
65 1.83731e+07
64 1.81003e+07
137 2.97566e+07
136 2.97364e+07
132 2.84673e+07
150 3.07401e+07
70 1.89116e+07
162 3.27118e+07
115 2.68592e+07
157 3.23245e+07
152 3.14358e+07
151 3.13024e+07
158 3.2346e+07
181 3.45595e+07
165 3.33782e+07
134 2.9351e+07
167 3.33824e+07
Thế hệ thứ: 17
78 2.09246e+07
77 2.0668e+07
89 2.26156e+07
54 1.71275e+07
99 2.46351e+07
185 3.77502e+07
106 2.59238e+07
85 2.10608e+07
155 3.17724e+07
183 3.56791e+07
109 2.60574e+07
96 2.33724e+07
140 2.9783e+07
74 1.94147e+07
67 1.8908e+07
58 1.77519e+07
131 2.73451e+07
125 2.71423e+07
172 3.37297e+07
175 3.43767e+07
118 2.70995e+07
145 3.06255e+07
161 3.25264e+07
113 2.67208e+07
65 1.83731e+07
64 1.81003e+07
143 3.0054e+07
181 3.45595e+07
150 3.07401e+07
70 1.89116e+07
162 3.27118e+07
165 3.33782e+07
115 2.68592e+07
167 3.33824e+07
180 3.45222e+07
157 3.23245e+07
152 3.14358e+07
151 3.13024e+07
137 2.97566e+07
136 2.97364e+07
158 3.2346e+07
144 3.00908e+07
135 2.83458e+07
Thế hệ thứ: 18
78 2.09246e+07
77 2.0668e+07
89 2.26156e+07
54 1.71275e+07
99 2.46351e+07
185 3.77502e+07
85 2.10608e+07
183 3.56791e+07
109 2.60574e+07
96 2.33724e+07
106 2.59238e+07
140 2.9783e+07
74 1.94147e+07
131 2.73451e+07
67 1.8908e+07
58 1.77519e+07
125 2.71423e+07
172 3.37297e+07
175 3.43767e+07
113 2.67208e+07
135 2.82962e+07
65 1.83731e+07
64 1.81003e+07
181 3.45595e+07
150 3.07401e+07
70 1.89116e+07
145 3.06255e+07
165 3.33782e+07
115 2.68592e+07
167 3.33824e+07
180 3.45222e+07
143 3.0054e+07
144 3.00908e+07
156 3.11226e+07
124 2.70561e+07
138 2.91183e+07
164 3.23103e+07
Thế hệ thứ: 19
140 2.9783e+07
74 1.94147e+07
164 3.23103e+07
185 3.77502e+07
78 2.09246e+07
77 2.0668e+07
89 2.26156e+07
54 1.71275e+07
99 2.46351e+07
156 3.11226e+07
183 3.56791e+07
109 2.60574e+07
96 2.33724e+07
85 2.10608e+07
106 2.59238e+07
65 1.83731e+07
64 1.81003e+07
135 2.82962e+07
131 2.73451e+07
67 1.8908e+07
58 1.77519e+07
125 2.71423e+07
138 2.91183e+07
172 3.37297e+07
150 3.07401e+07
167 3.33824e+07
115 2.68592e+07
175 3.43767e+07
124 2.70561e+07
113 2.67208e+07
181 3.45595e+07
186 3.85827e+07
70 1.89116e+07
145 3.06255e+07
165 3.33782e+07
180 3.45222e+07
143 3.0054e+07
144 3.00908e+07
129 2.73173e+07
Thế hệ thứ: 20
78 2.09246e+07
77 2.0668e+07
89 2.26156e+07
54 1.71275e+07
99 2.46351e+07
70 1.89116e+07
186 3.85827e+07
183 3.56791e+07
156 3.11226e+07
74 1.94147e+07
166 3.30833e+07
164 3.23103e+07
109 2.60574e+07
96 2.33724e+07
85 2.10608e+07
185 3.77502e+07
106 2.59238e+07
65 1.83731e+07
64 1.81003e+07
135 2.82962e+07
67 1.8908e+07
58 1.77519e+07
125 2.71423e+07
172 3.37297e+07
151 3.05516e+07
167 3.33824e+07
175 3.43767e+07
131 2.73451e+07
124 2.70561e+07
181 3.45595e+07
129 2.73173e+07
180 3.45222e+07
143 3.0054e+07
144 3.00908e+07
117 2.60843e+07
140 2.88855e+07
Thế hệ thứ: 21
70 1.89116e+07
186 3.85827e+07
78 2.09246e+07
77 2.0668e+07
89 2.26156e+07
54 1.71275e+07
99 2.46351e+07
183 3.56791e+07
156 3.11226e+07
109 2.60574e+07
96 2.33724e+07
74 1.94147e+07
166 3.30833e+07
164 3.23103e+07
85 2.10608e+07
117 2.60843e+07
185 3.77502e+07
58 1.77519e+07
67 1.8908e+07
140 2.88855e+07
106 2.59238e+07
65 1.83731e+07
64 1.81003e+07
135 2.82962e+07
167 3.33824e+07
151 3.05516e+07
124 2.70561e+07
172 3.37297e+07
175 3.43767e+07
131 2.73451e+07
143 3.0054e+07
144 3.00908e+07
181 3.45595e+07
129 2.73173e+07
180 3.45222e+07
125 2.71423e+07
159 3.19439e+07
Thế hệ thứ: 22
117 2.60843e+07
70 1.89116e+07
186 3.85827e+07
78 2.09246e+07
77 2.0668e+07
89 2.26156e+07
54 1.71275e+07
99 2.46351e+07
85 2.10608e+07
109 2.60574e+07
96 2.33724e+07
67 1.8908e+07
58 1.77519e+07
140 2.88855e+07
106 2.59238e+07
65 1.83731e+07
64 1.81003e+07
135 2.82962e+07
167 3.33824e+07
151 3.05516e+07
74 1.94147e+07
166 3.30833e+07
164 3.23103e+07
156 3.11226e+07
159 3.19439e+07
124 2.70561e+07
172 3.37297e+07
175 3.43767e+07
131 2.73451e+07
143 3.0054e+07
144 3.00908e+07
181 3.45595e+07
129 2.73173e+07
180 3.45222e+07
125 2.71423e+07
185 3.5078e+07
Thế hệ thứ: 23
117 2.60843e+07
185 3.5078e+07
70 1.89116e+07
186 3.85827e+07
78 2.09246e+07
77 2.0668e+07
89 2.26156e+07
54 1.71275e+07
99 2.46351e+07
109 2.60574e+07
96 2.33724e+07
85 2.10608e+07
67 1.8908e+07
58 1.77519e+07
140 2.88855e+07
106 2.59238e+07
65 1.83731e+07
64 1.81003e+07
135 2.82962e+07
167 3.33824e+07
151 3.05516e+07
74 1.94147e+07
166 3.30833e+07
164 3.23103e+07
156 3.11226e+07
159 3.19439e+07
124 2.70561e+07
172 3.37297e+07
175 3.43767e+07
131 2.73451e+07
143 3.0054e+07
144 3.00908e+07
181 3.45595e+07
129 2.73173e+07
180 3.45222e+07
125 2.71423e+07
190 4.21622e+07
Thế hệ thứ: 24
190 4.21622e+07
78 2.09246e+07
77 2.0668e+07
89 2.26156e+07
54 1.71275e+07
99 2.46351e+07
117 2.60843e+07
185 3.5078e+07
70 1.89116e+07
186 3.85827e+07
109 2.60574e+07
96 2.33724e+07
85 2.10608e+07
106 2.59238e+07
167 3.33824e+07
151 3.05516e+07
67 1.8908e+07
58 1.77519e+07
140 2.88855e+07
65 1.83731e+07
64 1.81003e+07
135 2.82962e+07
164 3.23103e+07
74 1.94147e+07
166 3.30833e+07
156 3.11226e+07
159 3.19439e+07
124 2.70561e+07
172 3.37297e+07
175 3.43767e+07
131 2.73451e+07
144 3.00908e+07
143 3.0054e+07
181 3.45595e+07
129 2.73173e+07
180 3.45222e+07
125 2.71423e+07
Thế hệ thứ: 25
78 2.09246e+07
77 2.0668e+07
89 2.26156e+07
54 1.71275e+07
99 2.46351e+07
117 2.60843e+07
185 3.5078e+07
70 1.89116e+07
109 2.60574e+07
96 2.33724e+07
85 2.10608e+07
106 2.59238e+07
167 3.33824e+07
151 3.05516e+07
67 1.8908e+07
58 1.77519e+07
140 2.88855e+07
65 1.83731e+07
64 1.81003e+07
135 2.82962e+07
164 3.23103e+07
74 1.94147e+07
166 3.30833e+07
156 3.11226e+07
159 3.19439e+07
124 2.70561e+07
172 3.37297e+07
131 2.73451e+07
144 3.00908e+07
143 3.0054e+07
181 3.45595e+07
129 2.73173e+07
180 3.45222e+07
125 2.71423e+07
178 3.40636e+07
142 3.00382e+07
191 3.73907e+07
Thế hệ thứ: 26
85 2.10608e+07
65 1.83731e+07
64 1.81003e+07
135 2.82962e+07
191 3.73907e+07
78 2.09246e+07
77 2.0668e+07
89 2.26156e+07
54 1.71275e+07
99 2.46351e+07
117 2.60843e+07
185 3.5078e+07
142 2.91304e+07
109 2.60574e+07
96 2.33724e+07
106 2.59238e+07
167 3.33824e+07
151 3.05516e+07
164 3.23103e+07
74 1.94147e+07
166 3.30833e+07
67 1.8908e+07
58 1.77519e+07
140 2.88855e+07
156 3.11226e+07
159 3.19439e+07
172 3.37297e+07
124 2.70561e+07
178 3.40636e+07
131 2.73451e+07
144 3.00908e+07
70 1.89116e+07
181 3.45595e+07
129 2.73173e+07
125 2.71423e+07
180 3.45222e+07
143 3.0054e+07
190 3.72036e+07
193 3.74227e+07
Thế hệ thứ: 27
78 2.09246e+07
77 2.0668e+07
89 2.26156e+07
190 3.62147e+07
54 1.71275e+07
99 2.46351e+07
193 3.74227e+07
117 2.60843e+07
185 3.5078e+07
142 2.91304e+07
109 2.60574e+07
96 2.33724e+07
85 2.10608e+07
106 2.59238e+07
65 1.83731e+07
191 3.73907e+07
64 1.81003e+07
135 2.82962e+07
167 3.33824e+07
151 3.05516e+07
164 3.23103e+07
74 1.94147e+07
166 3.30833e+07
156 3.11226e+07
67 1.8908e+07
140 2.88855e+07
58 1.77519e+07
159 3.19439e+07
172 3.37297e+07
124 2.70561e+07
178 3.40636e+07
131 2.73451e+07
144 3.00908e+07
70 1.89116e+07
181 3.45595e+07
143 3.0054e+07
129 2.73173e+07
125 2.71423e+07
180 3.45222e+07
Thế hệ thứ: 28
54 1.71275e+07
99 2.46351e+07
190 3.62147e+07
78 2.09246e+07
77 2.0668e+07
89 2.26156e+07
193 3.74227e+07
142 2.91304e+07
109 2.60574e+07
96 2.33724e+07
85 2.10608e+07
117 2.60843e+07
185 3.5078e+07
106 2.59238e+07
65 1.83731e+07
64 1.81003e+07
191 3.73907e+07
135 2.82962e+07
167 3.33824e+07
151 3.05516e+07
74 1.94147e+07
166 3.30833e+07
164 3.23103e+07
156 3.11226e+07
67 1.8908e+07
140 2.88855e+07
58 1.77519e+07
159 3.19439e+07
172 3.37297e+07
124 2.70561e+07
178 3.40636e+07
131 2.73451e+07
144 3.00908e+07
70 1.89116e+07
181 3.45595e+07
143 3.0054e+07
129 2.73173e+07
125 2.71423e+07
180 3.44163e+07
Thế hệ thứ: 29
54 1.71275e+07
99 2.46351e+07
190 3.62147e+07
78 2.09246e+07
77 2.0668e+07
89 2.26156e+07
193 3.74227e+07
142 2.91304e+07
109 2.60574e+07
96 2.33724e+07
85 2.10608e+07
117 2.60843e+07
185 3.5078e+07
106 2.59238e+07
65 1.83731e+07
64 1.81003e+07
191 3.73907e+07
135 2.82962e+07
167 3.33824e+07
151 3.05516e+07
74 1.94147e+07
166 3.30833e+07
164 3.23103e+07
156 3.11226e+07
67 1.8908e+07
140 2.88855e+07
58 1.77519e+07
159 3.19439e+07
172 3.37297e+07
124 2.70561e+07
131 2.73451e+07
178 3.40636e+07
70 1.89116e+07
181 3.45595e+07
129 2.73173e+07
125 2.71423e+07
180 3.44163e+07
149 3.0007e+07
179 3.43479e+07
Thế hệ thứ: 30
54 1.71275e+07
99 2.46351e+07
190 3.62147e+07
78 2.09246e+07
77 2.0668e+07
89 2.26156e+07
193 3.74227e+07
109 2.60574e+07
142 2.91304e+07
96 2.33724e+07
85 2.10608e+07
117 2.60843e+07
185 3.5078e+07
106 2.59238e+07
65 1.83731e+07
64 1.81003e+07
191 3.73907e+07
135 2.82962e+07
74 1.94147e+07
166 3.30833e+07
164 3.23103e+07
149 3.0007e+07
156 3.11226e+07
67 1.8908e+07
140 2.88855e+07
58 1.77519e+07
159 3.19439e+07
172 3.37297e+07
124 2.70561e+07
167 3.33824e+07
151 3.05516e+07
131 2.73451e+07
178 3.40636e+07
70 1.89116e+07
181 3.45595e+07
129 2.73173e+07
125 2.71423e+07
179 3.43479e+07
180 3.44163e+07
Thế hệ thứ: 31
54 1.71275e+07
99 2.46351e+07
190 3.62147e+07
89 2.26156e+07
78 2.09246e+07
77 2.0668e+07
193 3.74227e+07
109 2.60574e+07
142 2.91304e+07
96 2.33724e+07
85 2.10608e+07
117 2.60843e+07
185 3.5078e+07
106 2.59238e+07
65 1.83731e+07
64 1.81003e+07
191 3.73907e+07
135 2.82962e+07
74 1.94147e+07
166 3.30833e+07
164 3.23103e+07
149 3.0007e+07
67 1.8908e+07
140 2.88855e+07
58 1.77519e+07
172 3.37297e+07
124 2.70561e+07
151 3.05516e+07
167 3.33824e+07
131 2.73451e+07
178 3.40636e+07
70 1.89116e+07
181 3.45595e+07
129 2.73173e+07
125 2.71423e+07
179 3.43479e+07
180 3.44163e+07
147 2.97668e+07
160 3.07768e+07
Thế hệ thứ: 32
78 2.09246e+07
77 2.0668e+07
89 2.26156e+07
190 3.62147e+07
54 1.71275e+07
99 2.46351e+07
193 3.74227e+07
85 2.10608e+07
106 2.59238e+07
160 3.07768e+07
142 2.91304e+07
96 2.33724e+07
117 2.60843e+07
74 1.94147e+07
164 3.23103e+07
185 3.5078e+07
65 1.83731e+07
64 1.81003e+07
191 3.73907e+07
135 2.82962e+07
67 1.8908e+07
140 2.88855e+07
58 1.77519e+07
151 3.05516e+07
172 3.37297e+07
124 2.70561e+07
147 2.97668e+07
131 2.73451e+07
178 3.40636e+07
70 1.89116e+07
181 3.45595e+07
149 3.0007e+07
129 2.73173e+07
125 2.71423e+07
179 3.43479e+07
180 3.44163e+07
186 3.55369e+07
169 3.30315e+07
111 2.59751e+07
Thế hệ thứ: 33
78 2.09246e+07
77 2.0668e+07
89 2.26156e+07
54 1.71275e+07
99 2.46351e+07
193 3.74227e+07
85 2.10608e+07
106 2.59238e+07
160 3.07768e+07
74 1.94147e+07
164 3.23103e+07
142 2.91304e+07
96 2.33724e+07
117 2.60843e+07
65 1.83731e+07
64 1.81003e+07
191 3.73907e+07
135 2.82962e+07
169 3.30315e+07
67 1.8908e+07
140 2.88855e+07
58 1.77519e+07
151 3.05516e+07
172 3.37297e+07
124 2.70561e+07
147 2.97668e+07
186 3.55369e+07
190 3.60291e+07
131 2.73451e+07
111 2.59751e+07
185 3.5078e+07
178 3.40636e+07
70 1.89116e+07
181 3.45595e+07
149 3.0007e+07
129 2.73173e+07
125 2.71423e+07
179 3.43479e+07
180 3.44163e+07
Thế hệ thứ: 34
78 2.09246e+07
77 2.0668e+07
89 2.26156e+07
54 1.71275e+07
99 2.46351e+07
193 3.74227e+07
85 2.10608e+07
106 2.59238e+07
160 3.07768e+07
74 1.94147e+07
164 3.23103e+07
142 2.91304e+07
96 2.33724e+07
117 2.60843e+07
65 1.83731e+07
64 1.81003e+07
191 3.73907e+07
135 2.82962e+07
169 3.30315e+07
131 2.73451e+07
190 3.60291e+07
67 1.8908e+07
140 2.88855e+07
58 1.77519e+07
151 3.05516e+07
124 2.70561e+07
147 2.97668e+07
111 2.59751e+07
185 3.5078e+07
186 3.55369e+07
178 3.40636e+07
70 1.89116e+07
181 3.45595e+07
149 3.0007e+07
129 2.73173e+07
125 2.71423e+07
179 3.43479e+07
180 3.44163e+07
101 2.46609e+07
173 3.31712e+07
Thế hệ thứ: 35
193 3.74227e+07
78 2.09246e+07
77 2.0668e+07
89 2.26156e+07
99 2.46351e+07
54 1.71275e+07
85 2.10608e+07
106 2.59238e+07
160 3.07768e+07
74 1.94147e+07
164 3.23103e+07
142 2.91304e+07
96 2.33724e+07
117 2.60843e+07
65 1.83731e+07
64 1.81003e+07
135 2.82962e+07
131 2.73451e+07
190 3.60291e+07
67 1.8908e+07
140 2.88855e+07
58 1.77519e+07
151 3.05516e+07
173 3.31712e+07
70 1.89116e+07
101 2.46609e+07
124 2.70561e+07
169 3.30315e+07
178 3.40636e+07
147 2.97668e+07
111 2.59751e+07
185 3.5078e+07
186 3.55369e+07
181 3.45595e+07
149 3.0007e+07
129 2.73173e+07
125 2.71423e+07
179 3.43479e+07
180 3.44163e+07
194 3.94189e+07
191 3.7079e+07
Thế hệ thứ: 36
78 2.09246e+07
77 2.0668e+07
89 2.26156e+07
99 2.46351e+07
54 1.71275e+07
74 1.94147e+07
164 3.23103e+07
194 3.94189e+07
85 2.10608e+07
106 2.59238e+07
160 3.07768e+07
142 2.91304e+07
96 2.33724e+07
117 2.60843e+07
65 1.83731e+07
64 1.81003e+07
135 2.82962e+07
193 3.74227e+07
67 1.8908e+07
140 2.88855e+07
58 1.77519e+07
151 3.05516e+07
173 3.31712e+07
101 2.46609e+07
70 1.89116e+07
131 2.73451e+07
190 3.60291e+07
124 2.70561e+07
169 3.30315e+07
178 3.40636e+07
147 2.97668e+07
111 2.59751e+07
185 3.5078e+07
186 3.55369e+07
181 3.45595e+07
149 3.0007e+07
129 2.73173e+07
125 2.71423e+07
179 3.43479e+07
180 3.44163e+07
191 3.7079e+07
Thế hệ thứ: 37
74 1.94147e+07
164 3.23103e+07
194 3.94189e+07
78 2.09246e+07
77 2.0668e+07
89 2.26156e+07
99 2.46351e+07
54 1.71275e+07
85 2.10608e+07
106 2.59238e+07
160 3.07768e+07
142 2.91304e+07
96 2.33724e+07
117 2.60843e+07
65 1.83731e+07
64 1.81003e+07
135 2.82962e+07
193 3.74227e+07
67 1.8908e+07
140 2.88855e+07
58 1.77519e+07
151 3.05516e+07
173 3.31712e+07
70 1.89116e+07
101 2.46609e+07
131 2.73451e+07
190 3.60291e+07
124 2.70561e+07
169 3.30315e+07
178 3.40636e+07
147 2.97668e+07
111 2.59751e+07
191 3.7079e+07
185 3.5078e+07
186 3.55369e+07
181 3.45595e+07
149 3.0007e+07
129 2.73173e+07
125 2.71423e+07
179 3.43479e+07
180 3.44163e+07
162 3.21595e+07
Thế hệ thứ: 38
194 3.94189e+07
78 2.09246e+07
77 2.0668e+07
89 2.26156e+07
99 2.46351e+07
54 1.71275e+07
142 2.91304e+07
96 2.33724e+07
65 1.83731e+07
64 1.81003e+07
135 2.82962e+07
106 2.59238e+07
160 3.07768e+07
85 2.10608e+07
117 2.60843e+07
164 3.23103e+07
74 1.94147e+07
193 3.74227e+07
67 1.8908e+07
140 2.88855e+07
58 1.77519e+07
151 3.05516e+07
173 3.31712e+07
70 1.89116e+07
101 2.46609e+07
131 2.73451e+07
190 3.60291e+07
124 2.70561e+07
169 3.30315e+07
162 3.21595e+07
178 3.40636e+07
147 2.97668e+07
111 2.59751e+07
191 3.7079e+07
185 3.5078e+07
186 3.55369e+07
181 3.45595e+07
149 3.0007e+07
129 2.73173e+07
125 2.71423e+07
179 3.43479e+07
180 3.44163e+07
Thế hệ thứ: 39
78 2.09246e+07
77 2.0668e+07
89 2.26156e+07
99 2.46351e+07
54 1.71275e+07
142 2.91304e+07
96 2.33724e+07
65 1.83731e+07
64 1.81003e+07
135 2.82962e+07
106 2.59238e+07
160 3.07768e+07
85 2.10608e+07
117 2.60843e+07
164 3.23103e+07
74 1.94147e+07
193 3.74227e+07
67 1.8908e+07
140 2.88855e+07
58 1.77519e+07
151 3.05516e+07
173 3.31712e+07
70 1.89116e+07
101 2.46609e+07
131 2.73451e+07
190 3.60291e+07
124 2.70561e+07
169 3.30315e+07
162 3.21595e+07
178 3.40636e+07
147 2.97668e+07
111 2.59751e+07
191 3.7079e+07
185 3.5078e+07
186 3.55369e+07
181 3.45595e+07
149 3.0007e+07
129 2.73173e+07
125 2.71423e+07
179 3.43479e+07
180 3.44163e+07
167 3.26628e+07
194 3.93985e+07
Thế hệ thứ: 40
117 2.60843e+07
194 3.93985e+07
78 2.09246e+07
77 2.0668e+07
89 2.26156e+07
99 2.46351e+07
54 1.71275e+07
142 2.91304e+07
96 2.33724e+07
65 1.83731e+07
64 1.81003e+07
135 2.82962e+07
106 2.59238e+07
160 3.07768e+07
85 2.10608e+07
164 3.23103e+07
74 1.94147e+07
193 3.74227e+07
58 1.77519e+07
67 1.8908e+07
140 2.88855e+07
173 3.31712e+07
70 1.89116e+07
101 2.46609e+07
131 2.73451e+07
190 3.60291e+07
124 2.70561e+07
162 3.21595e+07
178 3.40636e+07
147 2.97668e+07
111 2.59751e+07
191 3.7079e+07
185 3.5078e+07
186 3.55369e+07
181 3.45595e+07
167 3.26628e+07
169 3.30315e+07
149 3.0007e+07
129 2.73173e+07
125 2.71423e+07
179 3.43479e+07
180 3.44163e+07
158 3.0312e+07
183 3.45983e+07
Thế hệ thứ: 41
117 2.60843e+07
194 3.93985e+07
78 2.09246e+07
77 2.0668e+07
89 2.26156e+07
99 2.46351e+07
54 1.71275e+07
142 2.91304e+07
96 2.33724e+07
160 3.07768e+07
106 2.59238e+07
65 1.83731e+07
64 1.81003e+07
135 2.82962e+07
85 2.10608e+07
164 3.23103e+07
74 1.94147e+07
193 3.74227e+07
58 1.77519e+07
67 1.8908e+07
140 2.88855e+07
158 3.0312e+07
173 3.31712e+07
70 1.89116e+07
101 2.46609e+07
131 2.73451e+07
190 3.60291e+07
124 2.70561e+07
149 3.0007e+07
162 3.21595e+07
178 3.40636e+07
147 2.97668e+07
111 2.59751e+07
191 3.7079e+07
186 3.55369e+07
181 3.45595e+07
167 3.26628e+07
169 3.30315e+07
187 3.58028e+07
185 3.5078e+07
129 2.73173e+07
183 3.45983e+07
125 2.71423e+07
179 3.43479e+07
180 3.44163e+07
195 4.03871e+07
Thế hệ thứ: 42
78 2.09246e+07
77 2.0668e+07
89 2.26156e+07
54 1.71275e+07
195 4.03871e+07
142 2.91304e+07
96 2.33724e+07
65 1.83731e+07
64 1.81003e+07
135 2.82962e+07
85 2.10608e+07
117 2.60843e+07
194 3.93985e+07
160 3.07768e+07
106 2.59238e+07
164 3.23103e+07
74 1.94147e+07
193 3.74227e+07
67 1.8908e+07
140 2.88855e+07
58 1.77519e+07
158 3.0312e+07
173 3.31712e+07
70 1.89116e+07
124 2.70561e+07
149 3.0007e+07
162 3.21595e+07
178 3.40636e+07
147 2.97668e+07
111 2.59751e+07
190 3.60291e+07
131 2.73451e+07
191 3.7079e+07
181 3.45595e+07
167 3.26628e+07
169 3.30315e+07
187 3.58028e+07
185 3.5078e+07
129 2.73173e+07
183 3.45983e+07
125 2.71423e+07
186 3.55369e+07
179 3.43479e+07
180 3.44163e+07
99 2.40809e+07
101 2.46444e+07
Thế hệ thứ: 43
195 4.03871e+07
78 2.09246e+07
77 2.0668e+07
89 2.26156e+07
54 1.71275e+07
65 1.83731e+07
64 1.81003e+07
135 2.82962e+07
85 2.10608e+07
117 2.60843e+07
194 3.93985e+07
142 2.91304e+07
96 2.33724e+07
101 2.46444e+07
160 3.07768e+07
164 3.23103e+07
74 1.94147e+07
193 3.74227e+07
67 1.8908e+07
140 2.88855e+07
58 1.77519e+07
158 3.0312e+07
173 3.31712e+07
124 2.70561e+07
149 3.0007e+07
162 3.21595e+07
178 3.40636e+07
99 2.40809e+07
147 2.97668e+07
190 3.60291e+07
131 2.73451e+07
191 3.7079e+07
70 1.89116e+07
181 3.45595e+07
167 3.26628e+07
169 3.30315e+07
187 3.58028e+07
185 3.5078e+07
129 2.73173e+07
183 3.45983e+07
125 2.71423e+07
186 3.55369e+07
179 3.43479e+07
180 3.44163e+07
172 3.30492e+07
115 2.57691e+07
Thế hệ thứ: 44
195 4.03871e+07
78 2.09246e+07
77 2.0668e+07
89 2.26156e+07
54 1.71275e+07
194 3.93985e+07
101 2.46444e+07
85 2.10608e+07
180 3.44163e+07
115 2.57691e+07
96 2.33724e+07
142 2.91304e+07
65 1.83731e+07
64 1.81003e+07
135 2.82962e+07
164 3.23103e+07
74 1.94147e+07
193 3.74227e+07
117 2.60843e+07
67 1.8908e+07
140 2.88855e+07
58 1.77519e+07
158 3.0312e+07
160 3.07768e+07
124 2.70561e+07
149 3.0007e+07
162 3.21595e+07
178 3.40636e+07
99 2.40809e+07
147 2.97668e+07
173 3.31712e+07
131 2.73451e+07
70 1.89116e+07
181 3.45595e+07
167 3.26628e+07
187 3.58028e+07
185 3.5078e+07
169 3.30315e+07
129 2.73173e+07
183 3.45983e+07
125 2.71423e+07
186 3.55369e+07
172 3.30492e+07
179 3.43479e+07
192 3.58681e+07
Thế hệ thứ: 45
195 4.03871e+07
188 3.54968e+07
78 2.09246e+07
77 2.0668e+07
89 2.26156e+07
54 1.71275e+07
194 3.93985e+07
101 2.46444e+07
85 2.10608e+07
115 2.57691e+07
193 3.74227e+07
96 2.33724e+07
142 2.91304e+07
65 1.83731e+07
64 1.81003e+07
135 2.82962e+07
164 3.23103e+07
74 1.94147e+07
117 2.60843e+07
67 1.8908e+07
140 2.88855e+07
58 1.77519e+07
70 1.89116e+07
192 3.58681e+07
158 3.0312e+07
160 3.07768e+07
124 2.70561e+07
149 3.0007e+07
162 3.21595e+07
99 2.40809e+07
147 2.97668e+07
173 3.31712e+07
131 2.73451e+07
167 3.26628e+07
185 3.5078e+07
169 3.30315e+07
129 2.73173e+07
183 3.45983e+07
125 2.71423e+07
172 3.30492e+07
181 3.36061e+07
Thế hệ thứ: 46
195 4.03871e+07
78 2.09246e+07
188 3.54968e+07
77 2.0668e+07
89 2.26156e+07
54 1.71275e+07
194 3.93985e+07
101 2.46444e+07
85 2.10608e+07
115 2.57691e+07
193 3.74227e+07
96 2.33724e+07
142 2.91304e+07
181 3.36061e+07
65 1.83731e+07
64 1.81003e+07
135 2.82962e+07
164 3.23103e+07
74 1.94147e+07
117 2.60843e+07
70 1.89116e+07
192 3.58681e+07
67 1.8908e+07
140 2.88855e+07
58 1.77519e+07
158 3.0312e+07
160 3.07768e+07
124 2.70561e+07
149 3.0007e+07
162 3.21595e+07
183 3.45983e+07
99 2.40809e+07
173 3.31712e+07
147 2.97668e+07
131 2.73451e+07
185 3.5078e+07
167 3.26628e+07
169 3.30315e+07
129 2.73173e+07
125 2.71423e+07
172 3.30492e+07
Thế hệ thứ: 47
195 4.03871e+07
78 2.09246e+07
188 3.54968e+07
77 2.0668e+07
89 2.26156e+07
54 1.71275e+07
194 3.93985e+07
101 2.46444e+07
85 2.10608e+07
115 2.57691e+07
193 3.74227e+07
142 2.91304e+07
96 2.33724e+07
181 3.36061e+07
65 1.83731e+07
64 1.81003e+07
135 2.82962e+07
164 3.23103e+07
74 1.94147e+07
117 2.60843e+07
70 1.89116e+07
192 3.58681e+07
67 1.8908e+07
140 2.88855e+07
58 1.77519e+07
158 3.0312e+07
160 3.07768e+07
124 2.70561e+07
149 3.0007e+07
162 3.21595e+07
183 3.45983e+07
99 2.40809e+07
173 3.31712e+07
147 2.97668e+07
131 2.73451e+07
185 3.5078e+07
167 3.26628e+07
169 3.30315e+07
129 2.73173e+07
125 2.71423e+07
172 3.30492e+07
182 3.40544e+07
Thế hệ thứ: 48
141 2.7704e+07
195 4.03871e+07
78 2.09246e+07
188 3.54968e+07
77 2.0668e+07
89 2.26156e+07
54 1.71275e+07
194 3.93985e+07
101 2.46444e+07
85 2.10608e+07
115 2.57691e+07
193 3.74227e+07
142 2.91304e+07
96 2.33724e+07
65 1.83731e+07
64 1.81003e+07
164 3.23103e+07
74 1.94147e+07
117 2.60843e+07
70 1.89116e+07
192 3.58681e+07
67 1.8908e+07
58 1.77519e+07
158 3.0312e+07
160 3.07768e+07
124 2.70561e+07
181 3.36061e+07
149 3.0007e+07
162 3.21595e+07
99 2.40809e+07
173 3.31712e+07
147 2.97668e+07
131 2.73451e+07
185 3.5078e+07
167 3.26628e+07
183 3.45983e+07
182 3.40544e+07
169 3.30315e+07
129 2.73173e+07
125 2.71423e+07
172 3.30492e+07
Thế hệ thứ: 49
141 2.7704e+07
195 4.03871e+07
78 2.09246e+07
188 3.54968e+07
77 2.0668e+07
89 2.26156e+07
54 1.71275e+07
101 2.46444e+07
85 2.10608e+07
115 2.57691e+07
193 3.74227e+07
194 3.93985e+07
142 2.91304e+07
96 2.33724e+07
164 3.23103e+07
74 1.94147e+07
117 2.60843e+07
70 1.89116e+07
192 3.58681e+07
67 1.8908e+07
58 1.77519e+07
158 3.0312e+07
160 3.07768e+07
124 2.70561e+07
181 3.36061e+07
131 2.73451e+07
149 3.0007e+07
162 3.21595e+07
99 2.40809e+07
173 3.31712e+07
147 2.97668e+07
65 1.83731e+07
64 1.81003e+07
185 3.5078e+07
167 3.26628e+07
183 3.45983e+07
182 3.40544e+07
169 3.30315e+07
129 2.73173e+07
125 2.71423e+07
172 3.30492e+07

