Thế hệ thứ: 0
89 1.67767e+07
57 6.91653e+06
86 1.45466e+07
65 9.66543e+06
56 6.51748e+06
79 1.17455e+07
51 6.49419e+06
71 1.0166e+07
63 7.80919e+06
96 1.75754e+07
88 1.5765e+07
Thế hệ thứ: 1
63 7.80919e+06
51 6.49419e+06
79 1.17455e+07
96 1.75754e+07
86 1.45466e+07
57 6.91653e+06
88 1.5765e+07
56 6.51748e+06
73 1.1296e+07
93 1.61663e+07
71 9.72685e+06
27 4.96692e+06
49 5.7738e+06
95 1.68269e+07
81 1.35287e+07
69 8.95838e+06
64 8.19746e+06
Thế hệ thứ: 2
96 1.75754e+07
86 1.45466e+07
71 9.72685e+06
27 4.96692e+06
83 1.4132e+07
81 1.35287e+07
79 1.17455e+07
88 1.5765e+07
69 8.95838e+06
63 7.80919e+06
93 1.61663e+07
64 8.19746e+06
95 1.68269e+07
76 1.14644e+07
57 5.52268e+06
94 1.62808e+07
41 5.40398e+06
98 1.9138e+07
73 1.05693e+07
31 5.06043e+06
24 4.86231e+06
Thế hệ thứ: 3
24 4.86231e+06
31 5.06043e+06
57 5.52268e+06
41 5.40398e+06
79 1.17455e+07
63 7.80919e+06
96 1.75754e+07
69 8.95838e+06
64 8.19746e+06
73 1.05693e+07
71 9.72685e+06
86 1.45466e+07
76 1.14644e+07
95 1.68269e+07
93 1.61663e+07
81 1.33745e+07
27 4.96692e+06
94 1.62808e+07
70 9.70392e+06
84 1.34246e+07
99 1.84154e+07
80 1.29692e+07
75 1.12882e+07
88 1.54868e+07
100 2.10995e+07
Thế hệ thứ: 4
99 1.84154e+07
41 5.40398e+06
100 2.10995e+07
57 5.52268e+06
63 7.80919e+06
71 9.72685e+06
69 8.95838e+06
97 1.79803e+07
96 1.75754e+07
64 8.19746e+06
73 1.05693e+07
79 1.17455e+07
84 1.34246e+07
93 1.61663e+07
80 1.29692e+07
95 1.68269e+07
81 1.33745e+07
75 1.12882e+07
76 1.14644e+07
70 9.70392e+06
94 1.62808e+07
20 4.46771e+06
67 8.45703e+06
19 3.56868e+06
88 1.37776e+07
33 4.63201e+06
Thế hệ thứ: 5
19 3.56868e+06
57 5.52268e+06
33 4.63201e+06
88 1.37776e+07
42 5.14643e+06
63 7.80919e+06
93 1.61663e+07
64 8.19746e+06
73 1.05693e+07
79 1.17455e+07
84 1.34246e+07
37 4.99722e+06
69 8.95838e+06
67 8.45703e+06
95 1.68269e+07
75 1.12882e+07
71 9.72685e+06
76 1.14644e+07
70 9.70392e+06
94 1.62808e+07
54 5.42952e+06
30 4.40976e+06
100 1.71688e+07
83 1.27447e+07
91 1.6051e+07
Thế hệ thứ: 6
19 3.56868e+06
57 5.52268e+06
63 7.80919e+06
30 4.40976e+06
88 1.37776e+07
91 1.6051e+07
54 5.42952e+06
67 8.45703e+06
83 1.27447e+07
79 1.17455e+07
64 8.19746e+06
73 1.05693e+07
69 8.95838e+06
84 1.34246e+07
33 4.63201e+06
75 1.12882e+07
71 9.72685e+06
76 1.14644e+07
70 9.70392e+06
94 1.62808e+07
93 1.61663e+07
100 1.67113e+07
35 4.80045e+06
47 4.85588e+06
25 4.36553e+06
77 1.16379e+07
34 4.78869e+06
Thế hệ thứ: 7
19 3.56868e+06
57 5.52268e+06
100 1.67113e+07
63 7.80919e+06
88 1.37776e+07
47 4.85588e+06
91 1.6051e+07
69 8.95838e+06
67 8.45703e+06
83 1.27447e+07
54 5.42952e+06
64 8.19746e+06
73 1.05693e+07
35 4.80045e+06
79 1.17455e+07
84 1.34246e+07
94 1.62808e+07
75 1.12882e+07
71 9.72685e+06
70 9.70392e+06
33 4.63201e+06
77 1.16379e+07
93 1.61663e+07
76 1.14644e+07
34 4.78869e+06
58 6.85663e+06
60 7.09275e+06
32 4.27078e+06
Thế hệ thứ: 8
57 5.52268e+06
19 3.56868e+06
100 1.67113e+07
54 5.42952e+06
67 8.45703e+06
88 1.37776e+07
47 4.85588e+06
94 1.62808e+07
32 4.27078e+06
91 1.6051e+07
64 8.19746e+06
73 1.05693e+07
84 1.34246e+07
60 7.09275e+06
63 7.80919e+06
69 8.95838e+06
93 1.61663e+07
83 1.10223e+07
58 5.86935e+06
41 4.49687e+06
72 9.60657e+06
Thế hệ thứ: 9
57 5.52268e+06
19 3.56868e+06
100 1.67113e+07
47 4.85588e+06
88 1.37776e+07
83 1.10223e+07
84 1.34246e+07
32 4.27078e+06
41 4.49687e+06
60 7.09275e+06
54 5.42952e+06
72 9.60657e+06
76 1.08605e+07
58 5.86935e+06
69 8.95838e+06
63 7.80919e+06
67 8.45703e+06
94 1.47915e+07
40 4.48283e+06
75 1.00709e+07
64 8.0905e+06
Thế hệ thứ: 10
57 5.52268e+06
19 3.56868e+06
100 1.67113e+07
47 4.85588e+06
88 1.37776e+07
83 1.10223e+07
94 1.47915e+07
84 1.34246e+07
60 7.09275e+06
54 5.42952e+06
76 1.08605e+07
58 5.86935e+06
72 9.60657e+06
69 8.95838e+06
75 1.00709e+07
40 4.48283e+06
67 8.45703e+06
63 7.80919e+06
41 4.49687e+06
64 8.0905e+06
37 4.184e+06
Thế hệ thứ: 11
57 5.52268e+06
19 3.56868e+06
100 1.67113e+07
47 4.85588e+06
83 1.10223e+07
37 4.184e+06
94 1.47915e+07
60 7.09275e+06
54 5.42952e+06
76 1.08605e+07
58 5.86935e+06
72 9.60657e+06
95 1.6574e+07
69 8.95838e+06
75 1.00709e+07
67 8.45703e+06
63 7.80919e+06
41 4.49687e+06
64 8.0905e+06
40 4.48283e+06
89 1.29046e+07
Thế hệ thứ: 12
57 5.52268e+06
19 3.56868e+06
89 1.29046e+07
100 1.67113e+07
47 4.85588e+06
83 1.10223e+07
37 4.184e+06
94 1.47915e+07
95 1.6574e+07
69 8.95838e+06
54 5.42952e+06
76 1.08605e+07
58 5.86935e+06
72 9.60657e+06
75 1.00709e+07
67 8.45703e+06
63 7.80919e+06
41 4.49687e+06
64 8.0905e+06
40 4.48283e+06
62 6.79937e+06
73 9.81084e+06
Thế hệ thứ: 13
57 5.52268e+06
19 3.56868e+06
89 1.29046e+07
100 1.67113e+07
47 4.85588e+06
83 1.10223e+07
37 4.184e+06
94 1.47915e+07
95 1.6574e+07
69 8.95838e+06
62 6.79937e+06
54 5.42952e+06
76 1.08605e+07
58 5.86935e+06
67 8.45703e+06
63 7.80919e+06
75 1.00709e+07
41 4.49687e+06
72 9.60657e+06
64 8.0905e+06
73 9.81084e+06
40 4.48283e+06
29 4.05499e+06
Thế hệ thứ: 14
57 5.52268e+06
19 3.56868e+06
89 1.29046e+07
100 1.67113e+07
47 4.85588e+06
83 1.10223e+07
94 1.47915e+07
29 4.05499e+06
95 1.6574e+07
69 8.95838e+06
62 6.79937e+06
54 5.42952e+06
76 1.08605e+07
58 5.86935e+06
37 4.184e+06
67 8.45703e+06
63 7.80919e+06
75 1.00709e+07
41 4.49687e+06
72 9.60657e+06
64 8.0905e+06
73 9.81084e+06
40 4.48283e+06
61 6.41898e+06
52 5.3882e+06
36 4.16974e+06
24 3.5711e+06
39 4.46402e+06
50 5.19187e+06
Thế hệ thứ: 15
57 5.52268e+06
19 3.56868e+06
58 5.86935e+06
89 1.29046e+07
100 1.67113e+07
83 1.10223e+07
94 1.47915e+07
95 1.6574e+07
69 8.95838e+06
47 4.85588e+06
77 1.04877e+07
41 4.49687e+06
24 3.5711e+06
62 6.79937e+06
67 8.45703e+06
61 6.41898e+06
75 1.00709e+07
72 9.60657e+06
54 5.14755e+06
36 4.16974e+06
64 8.0905e+06
40 4.48283e+06
73 9.81084e+06
33 4.08255e+06
39 4.46402e+06
37 4.184e+06
48 4.98918e+06
31 4.06502e+06
30 4.02045e+06
63 6.89009e+06
Thế hệ thứ: 16
57 5.52268e+06
89 1.29046e+07
100 1.67113e+07
83 1.10223e+07
30 4.02045e+06
94 1.47915e+07
41 4.49687e+06
77 1.04877e+07
24 3.5711e+06
95 1.6574e+07
69 8.95838e+06
64 8.0905e+06
36 4.16974e+06
54 5.14755e+06
67 8.45703e+06
47 4.85588e+06
63 6.89009e+06
61 6.41898e+06
58 5.86935e+06
72 9.60657e+06
48 4.98918e+06
75 1.00709e+07
40 4.48283e+06
73 9.81084e+06
33 4.08255e+06
62 6.79937e+06
39 4.46402e+06
37 4.184e+06
22 3.54597e+06
79 1.06565e+07
32 4.05943e+06
Thế hệ thứ: 17
36 4.16974e+06
54 5.14755e+06
89 1.29046e+07
100 1.67113e+07
22 3.54597e+06
83 1.10223e+07
94 1.47915e+07
95 1.6574e+07
69 8.95838e+06
64 8.0905e+06
77 1.04877e+07
41 4.49687e+06
24 3.5711e+06
91 1.43931e+07
67 8.45703e+06
47 4.85588e+06
29 3.57159e+06
63 6.89009e+06
61 6.41898e+06
58 5.86935e+06
79 1.06565e+07
72 9.60657e+06
48 4.98918e+06
57 5.52268e+06
75 1.00709e+07
40 4.48283e+06
73 9.81084e+06
62 6.79937e+06
39 4.46402e+06
37 4.184e+06
38 4.19027e+06
35 4.00364e+06
Thế hệ thứ: 18
89 1.29046e+07
100 1.67113e+07
22 3.54597e+06
67 8.45703e+06
91 1.43931e+07
94 1.47915e+07
83 1.10223e+07
63 6.89009e+06
29 3.57159e+06
38 4.19027e+06
69 8.95838e+06
64 8.0905e+06
36 4.16974e+06
54 5.14755e+06
35 4.00364e+06
47 4.85588e+06
58 5.86935e+06
24 3.5711e+06
61 6.007e+06
77 1.04877e+07
41 4.49687e+06
79 1.06565e+07
72 9.60657e+06
65 8.28525e+06
48 4.98918e+06
57 5.52268e+06
75 1.00709e+07
40 4.48283e+06
73 9.81084e+06
62 6.79937e+06
39 4.46402e+06
37 4.184e+06
96 1.56357e+07
Thế hệ thứ: 19
89 1.29046e+07
100 1.67113e+07
22 3.54597e+06
94 1.47915e+07
67 8.45703e+06
91 1.43931e+07
83 1.10223e+07
63 6.89009e+06
29 3.57159e+06
39 4.46402e+06
96 1.56357e+07
36 4.16974e+06
54 5.14755e+06
38 4.19027e+06
69 8.95838e+06
35 4.00364e+06
64 8.0905e+06
47 4.85588e+06
24 3.5711e+06
77 1.04877e+07
41 4.49687e+06
61 6.007e+06
79 1.06565e+07
72 9.60657e+06
48 4.98918e+06
65 8.28525e+06
57 5.52268e+06
75 1.00709e+07
62 6.79937e+06
58 5.86935e+06
40 4.48283e+06
73 9.81084e+06
37 4.184e+06
33 3.87678e+06
Thế hệ thứ: 20
36 4.16974e+06
54 5.14755e+06
89 1.29046e+07
100 1.67113e+07
94 1.47915e+07
67 8.45703e+06
91 1.43931e+07
83 1.10223e+07
39 4.46402e+06
96 1.56357e+07
38 4.19027e+06
69 8.95838e+06
63 6.89009e+06
29 3.57159e+06
64 8.0905e+06
47 4.85588e+06
24 3.5711e+06
77 1.04877e+07
41 4.49687e+06
61 6.007e+06
79 1.06565e+07
72 9.60657e+06
48 4.98918e+06
65 8.28525e+06
33 3.87678e+06
57 5.52268e+06
75 1.00709e+07
62 6.79937e+06
58 5.86935e+06
73 9.81084e+06
35 4.00364e+06
37 4.184e+06
40 4.4817e+06
22 3.50349e+06
Thế hệ thứ: 21
36 4.16974e+06
54 5.14755e+06
100 1.67113e+07
22 3.50349e+06
94 1.47915e+07
67 8.45703e+06
91 1.43931e+07
83 1.10223e+07
39 4.46402e+06
96 1.56357e+07
38 4.19027e+06
69 8.95838e+06
63 6.89009e+06
29 3.57159e+06
64 8.0905e+06
47 4.85588e+06
24 3.5711e+06
77 1.04877e+07
41 4.49687e+06
61 6.007e+06
79 1.06565e+07
72 9.60657e+06
48 4.98918e+06
65 8.28525e+06
33 3.87678e+06
57 5.52268e+06
75 1.00709e+07
62 6.79937e+06
58 5.86935e+06
73 9.81084e+06
35 4.00364e+06
40 4.4817e+06
37 4.184e+06
23 3.56505e+06
84 1.20072e+07
88 1.27789e+07
89 1.28827e+07
Thế hệ thứ: 22
100 1.67113e+07
22 3.50349e+06
39 4.46402e+06
96 1.56357e+07
94 1.47915e+07
67 8.45703e+06
91 1.43931e+07
89 1.28827e+07
83 1.10223e+07
84 1.20072e+07
36 4.16974e+06
54 5.14755e+06
38 4.19027e+06
69 8.95838e+06
63 6.89009e+06
29 3.57159e+06
88 1.27789e+07
47 4.85588e+06
24 3.5711e+06
77 1.04877e+07
41 4.49687e+06
61 6.007e+06
79 1.06565e+07
72 9.60657e+06
48 4.98918e+06
33 3.87678e+06
57 5.52268e+06
75 1.00709e+07
92 1.47372e+07
62 6.79937e+06
97 1.58032e+07
58 5.86935e+06
73 9.81084e+06
35 4.00364e+06
23 3.56505e+06
40 4.4817e+06
37 4.184e+06
81 1.07475e+07
66 7.89564e+06
34 3.99867e+06
Thế hệ thứ: 23
36 4.16974e+06
54 5.14755e+06
66 7.89564e+06
22 3.50349e+06
67 8.45703e+06
91 1.43931e+07
89 1.28827e+07
38 4.19027e+06
69 8.95838e+06
63 6.89009e+06
29 3.57159e+06
83 1.10223e+07
58 5.86935e+06
88 1.27789e+07
84 1.11614e+07
47 4.85588e+06
24 3.5711e+06
77 1.04877e+07
41 4.49687e+06
61 6.007e+06
94 1.47915e+07
72 9.60657e+06
39 4.46402e+06
48 4.98918e+06
57 5.52268e+06
75 1.00709e+07
33 3.87678e+06
92 1.47372e+07
62 6.79937e+06
81 1.07475e+07
73 9.81084e+06
79 1.06565e+07
35 4.00364e+06
34 3.99867e+06
23 3.56505e+06
40 4.4817e+06
37 4.184e+06
100 1.56271e+07
53 5.14523e+06
Thế hệ thứ: 24
63 6.89009e+06
29 3.57159e+06
100 1.56271e+07
66 7.89564e+06
22 3.50349e+06
67 8.45703e+06
91 1.43931e+07
89 1.28827e+07
88 1.27789e+07
47 4.85588e+06
84 1.11614e+07
38 4.19027e+06
69 8.95838e+06
24 3.5711e+06
77 1.04877e+07
41 4.49687e+06
61 6.007e+06
72 9.60657e+06
57 5.52268e+06
75 1.00709e+07
48 4.98918e+06
33 3.87678e+06
92 1.47372e+07
62 6.79937e+06
58 5.86935e+06
53 5.14523e+06
36 4.16974e+06
54 5.14755e+06
81 1.07475e+07
73 9.81084e+06
79 1.06565e+07
83 1.10223e+07
39 4.46402e+06
35 4.00364e+06
34 3.99867e+06
23 3.56505e+06
40 4.4817e+06
37 4.184e+06
95 1.47807e+07
Thế hệ thứ: 25
66 7.89564e+06
22 3.50349e+06
29 3.57159e+06
63 6.89009e+06
100 1.56271e+07
67 8.45703e+06
91 1.43931e+07
89 1.28827e+07
88 1.27789e+07
47 4.85588e+06
84 1.11614e+07
95 1.47807e+07
38 4.19027e+06
69 8.95838e+06
24 3.5711e+06
77 1.04877e+07
41 4.49687e+06
61 6.007e+06
72 9.60657e+06
57 5.52268e+06
75 1.00709e+07
48 4.98918e+06
33 3.87678e+06
49 5.00233e+06
92 1.47372e+07
58 5.86935e+06
53 5.14523e+06
54 5.14755e+06
81 1.07475e+07
73 9.81084e+06
79 1.06565e+07
83 1.10223e+07
39 4.46402e+06
35 4.00364e+06
34 3.99867e+06
23 3.56505e+06
40 4.4817e+06
62 6.4507e+06
37 4.01476e+06
Thế hệ thứ: 26
66 7.89564e+06
22 3.50349e+06
29 3.57159e+06
63 6.89009e+06
100 1.56271e+07
67 8.45703e+06
91 1.43931e+07
89 1.28827e+07
88 1.27789e+07
47 4.85588e+06
84 1.11614e+07
95 1.47807e+07
38 4.19027e+06
69 8.95838e+06
62 6.4507e+06
72 9.60657e+06
24 3.5711e+06
61 6.007e+06
77 1.04877e+07
41 4.49687e+06
57 5.52268e+06
75 1.00709e+07
33 3.87678e+06
58 5.86935e+06
49 5.00233e+06
92 1.47372e+07
54 5.14755e+06
81 1.07475e+07
73 9.81084e+06
53 5.14523e+06
79 1.06565e+07
37 4.01476e+06
83 1.10223e+07
39 4.46402e+06
35 4.00364e+06
48 4.98918e+06
34 3.99867e+06
23 3.56505e+06
40 4.4817e+06
85 1.22576e+07
90 1.29661e+07
36 4.00577e+06
Thế hệ thứ: 27
66 7.89564e+06
22 3.50349e+06
38 4.19027e+06
69 8.95838e+06
29 3.57159e+06
100 1.56271e+07
63 6.89009e+06
36 4.00577e+06
85 1.22576e+07
95 1.47807e+07
89 1.28827e+07
67 8.45703e+06
91 1.43931e+07
73 9.81084e+06
90 1.29661e+07
84 1.11614e+07
47 4.85588e+06
62 6.4507e+06
72 9.60657e+06
24 3.5711e+06
61 6.007e+06
77 1.04877e+07
41 4.49687e+06
57 5.52268e+06
75 1.00709e+07
88 1.27789e+07
33 3.87678e+06
58 5.86935e+06
49 5.00233e+06
92 1.47372e+07
54 5.14755e+06
81 1.07475e+07
53 5.14523e+06
79 1.06565e+07
37 4.01476e+06
83 1.10223e+07
39 4.46402e+06
48 4.98918e+06
34 3.99867e+06
23 3.56505e+06
40 4.4817e+06
35 4.00364e+06
30 3.60533e+06
46 4.63862e+06
Thế hệ thứ: 28
38 4.19027e+06
29 3.57159e+06
100 1.56271e+07
63 6.89009e+06
66 7.89564e+06
22 3.50349e+06
36 4.00577e+06
85 1.22576e+07
95 1.47807e+07
89 1.28827e+07
67 8.45703e+06
73 9.81084e+06
90 1.29661e+07
47 4.85588e+06
84 1.11614e+07
62 6.4507e+06
72 9.60657e+06
57 5.52268e+06
75 1.00709e+07
46 4.63862e+06
88 1.27789e+07
24 3.5711e+06
41 4.49687e+06
61 6.007e+06
77 1.04877e+07
58 5.86935e+06
33 3.87678e+06
49 5.00233e+06
92 1.47372e+07
54 5.14755e+06
81 1.07475e+07
30 3.60533e+06
53 5.14523e+06
79 1.06565e+07
37 4.01476e+06
83 1.10223e+07
39 4.46402e+06
48 4.98918e+06
34 3.99867e+06
23 3.56505e+06
40 4.4817e+06
35 4.00364e+06
91 1.33861e+07
21 3.46896e+06
71 8.47561e+06
Thế hệ thứ: 29
49 5.00233e+06
92 1.47372e+07
29 3.57159e+06
100 1.56271e+07
63 6.89009e+06
47 4.85588e+06
84 1.11614e+07
21 3.46896e+06
36 4.00577e+06
85 1.22576e+07
66 7.89564e+06
95 1.47807e+07
91 1.33861e+07
54 5.14755e+06
71 8.47561e+06
62 6.4507e+06
72 9.60657e+06
89 1.28827e+07
67 8.45703e+06
57 5.52268e+06
75 1.00709e+07
46 4.63862e+06
88 1.27789e+07
24 3.5711e+06
41 4.49687e+06
61 6.007e+06
77 1.04877e+07
58 5.86935e+06
33 3.87678e+06
81 1.07475e+07
90 1.29661e+07
73 9.81084e+06
30 3.60533e+06
53 5.14523e+06
37 4.01476e+06
83 1.10223e+07
79 1.06565e+07
38 4.19027e+06
39 4.46402e+06
48 4.98918e+06
34 3.99867e+06
22 3.50349e+06
23 3.56505e+06
40 4.4817e+06
35 4.00364e+06
Thế hệ thứ: 30
49 5.00233e+06
92 1.47372e+07
100 1.56271e+07
63 6.89009e+06
47 4.85588e+06
84 1.11614e+07
21 3.46896e+06
36 4.00577e+06
85 1.22576e+07
66 7.89564e+06
95 1.47807e+07
91 1.33861e+07
54 5.14755e+06
71 8.47561e+06
62 6.4507e+06
72 9.60657e+06
89 1.28827e+07
67 8.45703e+06
57 5.52268e+06
75 1.00709e+07
46 4.63862e+06
88 1.27789e+07
41 4.49687e+06
61 6.007e+06
77 1.04877e+07
58 5.86935e+06
33 3.87678e+06
81 1.07475e+07
90 1.29661e+07
73 9.81084e+06
30 3.60533e+06
53 5.14523e+06
37 4.01476e+06
83 1.10223e+07
79 1.06565e+07
38 4.19027e+06
48 4.98918e+06
34 3.99867e+06
22 3.50349e+06
29 3.55839e+06
35 4.00364e+06
40 4.40442e+06
Thế hệ thứ: 31
49 5.00233e+06
92 1.47372e+07
100 1.56271e+07
63 6.89009e+06
47 4.85588e+06
84 1.11614e+07
86 1.2403e+07
36 4.00577e+06
85 1.22576e+07
66 7.89564e+06
95 1.47807e+07
91 1.33861e+07
54 5.14755e+06
71 8.47561e+06
62 6.4507e+06
72 9.60657e+06
67 8.45703e+06
89 1.28827e+07
40 4.40442e+06
57 5.52268e+06
35 4.00364e+06
29 3.55839e+06
75 1.00709e+07
46 4.63862e+06
88 1.27789e+07
41 4.49687e+06
61 6.007e+06
77 1.04877e+07
58 5.86935e+06
33 3.87678e+06
81 1.07475e+07
30 3.60533e+06
90 1.29661e+07
73 9.81084e+06
53 5.14523e+06
37 4.01476e+06
83 1.10223e+07
79 1.06565e+07
38 4.19027e+06
48 4.98918e+06
34 3.99867e+06
23 3.35636e+06
Thế hệ thứ: 32
49 5.00233e+06
92 1.47372e+07
100 1.56271e+07
63 6.89009e+06
66 7.89564e+06
23 3.35636e+06
95 1.47807e+07
91 1.33861e+07
54 5.14755e+06
71 8.47561e+06
62 6.4507e+06
72 9.60657e+06
36 4.00577e+06
86 1.2403e+07
85 1.22576e+07
47 4.85588e+06
84 1.11614e+07
89 1.28827e+07
40 4.40442e+06
67 8.45703e+06
35 4.00364e+06
29 3.55839e+06
57 5.52268e+06
46 4.63862e+06
75 1.00709e+07
61 6.007e+06
77 1.04877e+07
58 5.86935e+06
81 1.07475e+07
88 1.27789e+07
30 3.60533e+06
90 1.29661e+07
73 9.81084e+06
53 5.14523e+06
79 1.06565e+07
37 4.01476e+06
83 1.10223e+07
38 4.19027e+06
48 4.98918e+06
34 3.99867e+06
24 3.49094e+06
42 4.49622e+06
33 3.84467e+06
Thế hệ thứ: 33
49 5.00233e+06
92 1.47372e+07
100 1.56271e+07
63 6.89009e+06
66 7.89564e+06
23 3.35636e+06
95 1.47807e+07
91 1.33861e+07
54 5.14755e+06
71 8.47561e+06
62 6.4507e+06
72 9.60657e+06
36 4.00577e+06
86 1.2403e+07
85 1.22576e+07
47 4.85588e+06
84 1.11614e+07
89 1.28827e+07
40 4.40442e+06
67 8.45703e+06
57 5.52268e+06
61 6.007e+06
61 6.007e+06
42 4.49622e+06
24 3.49094e+06
46 4.63862e+06
58 5.86935e+06
35 4.00364e+06
29 3.55839e+06
33 3.84467e+06
81 1.07475e+07
88 1.27789e+07
90 1.29661e+07
73 9.81084e+06
53 5.14523e+06
30 3.60533e+06
37 4.01476e+06
83 1.10223e+07
38 4.19027e+06
34 3.99867e+06
39 4.40442e+06
48 4.86403e+06
79 9.85664e+06
Thế hệ thứ: 34
66 7.89564e+06
23 3.35636e+06
49 5.00233e+06
92 1.47372e+07
100 1.56271e+07
63 6.89009e+06
79 9.85664e+06
95 1.47807e+07
91 1.33861e+07
54 5.14755e+06
71 8.47561e+06
81 1.07475e+07
72 9.60657e+06
62 6.4507e+06
36 4.00577e+06
86 1.2403e+07
85 1.22576e+07
47 4.85588e+06
84 1.11614e+07
89 1.28827e+07
40 4.40442e+06
67 8.45703e+06
90 1.29661e+07
73 9.81084e+06
57 5.52268e+06
42 4.49622e+06
24 3.49094e+06
46 4.63862e+06
58 5.86935e+06
35 4.00364e+06
29 3.55839e+06
33 3.84467e+06
88 1.27789e+07
53 5.14523e+06
37 4.01476e+06
83 1.10223e+07
38 4.19027e+06
61 6.007e+06
61 6.007e+06
34 3.99867e+06
39 4.40442e+06
48 4.86403e+06
30 3.57729e+06
Thế hệ thứ: 35
23 3.35636e+06
49 5.00233e+06
92 1.47372e+07
100 1.56271e+07
63 6.89009e+06
79 9.85664e+06
95 1.47807e+07
91 1.33861e+07
54 5.14755e+06
71 8.47561e+06
81 1.07475e+07
62 6.4507e+06
72 9.60657e+06
36 4.00577e+06
86 1.2403e+07
85 1.22576e+07
47 4.85588e+06
84 1.11614e+07
89 1.28827e+07
40 4.40442e+06
67 8.45703e+06
90 1.29661e+07
73 9.81084e+06
57 5.52268e+06
42 4.49622e+06
24 3.49094e+06
46 4.63862e+06
58 5.86935e+06
33 3.84467e+06
35 4.00364e+06
29 3.55839e+06
88 1.27789e+07
53 5.14523e+06
30 3.57729e+06
37 4.01476e+06
83 1.10223e+07
38 4.19027e+06
61 6.007e+06
61 6.007e+06
34 3.99867e+06
34 3.99867e+06
39 4.40442e+06
48 4.86403e+06
31 3.58e+06
66 6.99406e+06
Thế hệ thứ: 36
23 3.35636e+06
66 6.99406e+06
49 5.00233e+06
92 1.47372e+07
100 1.56271e+07
89 1.28827e+07
40 4.40442e+06
67 8.45703e+06
79 9.85664e+06
95 1.47807e+07
91 1.33861e+07
54 5.14755e+06
71 8.47561e+06
81 1.07475e+07
62 6.4507e+06
72 9.60657e+06
36 4.00577e+06
86 1.2403e+07
85 1.22576e+07
47 4.85588e+06
63 6.51693e+06
84 1.11614e+07
90 1.29661e+07
73 9.81084e+06
57 5.52268e+06
42 4.49622e+06
24 3.49094e+06
46 4.63862e+06
58 5.86935e+06
29 3.55839e+06
88 1.27789e+07
53 5.14523e+06
33 3.84467e+06
37 4.01476e+06
83 1.10223e+07
31 3.58e+06
38 4.19027e+06
61 6.007e+06
61 6.007e+06
34 3.99867e+06
34 3.99867e+06
39 4.40442e+06
48 4.86403e+06
30 3.57729e+06
35 3.9995e+06
Thế hệ thứ: 37
23 3.35636e+06
49 5.00233e+06
66 6.99406e+06
100 1.56271e+07
89 1.28827e+07
40 4.40442e+06
67 8.45703e+06
79 9.85664e+06
91 1.33861e+07
54 5.14755e+06
71 8.47561e+06
81 1.07475e+07
62 6.4507e+06
72 9.60657e+06
36 4.00577e+06
86 1.2403e+07
85 1.22576e+07
47 4.85588e+06
84 1.11614e+07
63 6.51693e+06
90 1.29661e+07
73 9.81084e+06
57 5.52268e+06
42 4.49622e+06
24 3.49094e+06
46 4.63862e+06
58 5.86935e+06
29 3.55839e+06
88 1.27789e+07
53 5.14523e+06
33 3.84467e+06
37 4.01476e+06
83 1.10223e+07
31 3.58e+06
38 4.19027e+06
61 6.007e+06
61 6.007e+06
39 4.40442e+06
34 3.99867e+06
34 3.99867e+06
48 4.86403e+06
30 3.57729e+06
35 3.9995e+06
97 1.41929e+07
Thế hệ thứ: 38
23 3.35636e+06
66 6.99406e+06
100 1.56271e+07
54 5.14755e+06
71 8.47561e+06
97 1.41929e+07
91 1.33861e+07
40 4.40442e+06
40 4.40442e+06
89 1.28827e+07
67 8.45703e+06
79 9.85664e+06
81 1.07475e+07
62 6.4507e+06
36 4.00577e+06
86 1.2403e+07
85 1.22576e+07
47 4.85588e+06
84 1.11614e+07
63 6.51693e+06
90 1.29661e+07
73 9.81084e+06
57 5.52268e+06
42 4.49622e+06
24 3.49094e+06
46 4.63862e+06
58 5.86935e+06
29 3.55839e+06
88 1.27789e+07
53 5.14523e+06
33 3.84467e+06
37 4.01476e+06
83 1.10223e+07
31 3.58e+06
38 4.19027e+06
61 6.007e+06
61 6.007e+06
34 3.99867e+06
34 3.99867e+06
39 4.40442e+06
30 3.57729e+06
35 3.9995e+06
72 9.20481e+06
49 4.8563e+06
87 1.24101e+07
Thế hệ thứ: 39
23 3.35636e+06
66 6.99406e+06
100 1.56271e+07
97 1.41929e+07
81 1.07475e+07
91 1.33861e+07
40 4.40442e+06
40 4.40442e+06
89 1.28827e+07
67 8.45703e+06
79 9.85664e+06
87 1.24101e+07
90 1.29661e+07
73 9.81084e+06
61 6.007e+06
61 6.007e+06
72 9.20481e+06
36 4.00577e+06
86 1.2403e+07
85 1.22576e+07
47 4.85588e+06
84 1.11614e+07
63 6.51693e+06
54 5.14755e+06
71 8.47561e+06
57 5.52268e+06
49 4.8563e+06
42 4.49622e+06
24 3.49094e+06
46 4.63862e+06
58 5.86935e+06
53 5.14523e+06
29 3.55839e+06
33 3.84467e+06
37 4.01476e+06
83 1.10223e+07
62 6.4507e+06
88 1.27789e+07
31 3.58e+06
34 3.99867e+06
34 3.99867e+06
39 4.40442e+06
30 3.57729e+06
35 3.9995e+06
38 4.07392e+06
Thế hệ thứ: 40
23 3.35636e+06
66 6.99406e+06
83 1.08467e+07
100 1.56271e+07
97 1.41929e+07
81 1.07475e+07
91 1.33861e+07
40 4.40442e+06
40 4.40442e+06
89 1.28827e+07
67 8.45703e+06
79 9.85664e+06
87 1.24101e+07
90 1.29661e+07
73 9.81084e+06
61 6.007e+06
61 6.007e+06
72 9.20481e+06
36 4.00577e+06
86 1.2403e+07
85 1.22576e+07
47 4.85588e+06
84 1.11614e+07
63 6.51693e+06
54 5.14755e+06
71 8.47561e+06
57 5.52268e+06
49 4.8563e+06
42 4.49622e+06
24 3.49094e+06
46 4.63862e+06
58 5.86935e+06
53 5.14523e+06
29 3.55839e+06
33 3.84467e+06
38 4.07392e+06
37 4.01476e+06
62 6.4507e+06
88 1.27789e+07
31 3.58e+06
34 3.99867e+06
34 3.99867e+06
39 4.40442e+06
30 3.57729e+06
35 3.9995e+06
96 1.40469e+07
Thế hệ thứ: 41
23 3.35636e+06
34 3.97501e+06
66 6.99406e+06
100 1.56271e+07
83 1.08467e+07
40 4.40442e+06
40 4.40442e+06
89 1.28827e+07
67 8.45703e+06
97 1.41929e+07
79 9.85664e+06
91 1.33861e+07
87 1.24101e+07
60 5.91794e+06
90 1.29661e+07
73 9.81084e+06
96 1.40469e+07
47 4.85588e+06
84 1.11614e+07
63 6.51693e+06
61 6.007e+06
61 6.007e+06
72 9.20481e+06
81 1.07475e+07
36 4.00577e+06
86 1.2403e+07
85 1.22576e+07
54 5.14755e+06
71 8.47561e+06
57 5.52268e+06
49 4.8563e+06
42 4.49622e+06
24 3.49094e+06
46 4.63862e+06
58 5.86935e+06
53 5.14523e+06
29 3.55839e+06
33 3.84467e+06
62 6.4507e+06
88 1.27789e+07
31 3.58e+06
37 4.01476e+06
38 4.07392e+06
39 4.40442e+06
30 3.57729e+06
35 3.9995e+06
Thế hệ thứ: 42
34 3.97501e+06
66 6.99406e+06
100 1.56271e+07
83 1.08467e+07
40 4.40442e+06
40 4.40442e+06
89 1.28827e+07
67 8.45703e+06
97 1.41929e+07
79 9.85664e+06
91 1.33861e+07
87 1.24101e+07
60 5.91794e+06
90 1.29661e+07
73 9.81084e+06
96 1.40469e+07
47 4.85588e+06
84 1.11614e+07
63 6.51693e+06
61 6.007e+06
61 6.007e+06
72 9.20481e+06
81 1.07475e+07
36 4.00577e+06
86 1.2403e+07
85 1.22576e+07
54 5.14755e+06
54 5.14755e+06
71 8.47561e+06
57 5.52268e+06
49 4.8563e+06
42 4.49622e+06
24 3.49094e+06
46 4.63862e+06
53 5.14523e+06
29 3.55839e+06
58 5.86935e+06
33 3.84467e+06
62 6.4507e+06
88 1.27789e+07
31 3.58e+06
37 4.01476e+06
38 4.07392e+06
39 4.40442e+06
35 3.9995e+06
23 3.24186e+06
30 3.57729e+06
Thế hệ thứ: 43
34 3.97501e+06
66 6.99406e+06
100 1.56271e+07
83 1.08467e+07
40 4.40442e+06
40 4.40442e+06
89 1.28827e+07
67 8.45703e+06
30 3.57729e+06
23 3.24186e+06
97 1.41929e+07
79 9.85664e+06
91 1.33861e+07
87 1.24101e+07
60 5.91794e+06
90 1.29661e+07
73 9.81084e+06
96 1.40469e+07
47 4.85588e+06
84 1.11614e+07
63 6.51693e+06
61 6.007e+06
61 6.007e+06
72 9.20481e+06
81 1.07475e+07
36 4.00577e+06
86 1.2403e+07
85 1.22576e+07
54 5.14755e+06
54 5.14755e+06
71 8.47561e+06
57 5.52268e+06
49 4.8563e+06
42 4.49622e+06
46 4.63862e+06
53 5.14523e+06
29 3.55839e+06
58 5.86935e+06
33 3.84467e+06
62 6.4507e+06
88 1.27789e+07
31 3.58e+06
37 4.01476e+06
38 4.07392e+06
39 4.40442e+06
35 3.9995e+06
25 3.27329e+06
Thế hệ thứ: 44
34 3.97501e+06
66 6.99406e+06
100 1.56271e+07
83 1.08467e+07
89 1.28827e+07
67 8.45703e+06
30 3.57729e+06
23 3.24186e+06
97 1.41929e+07
79 9.85664e+06
91 1.33861e+07
87 1.24101e+07
60 5.91794e+06
90 1.29661e+07
96 1.40469e+07
47 4.85588e+06
84 1.11614e+07
61 6.007e+06
61 6.007e+06
72 9.20481e+06
81 1.07475e+07
36 4.00577e+06
86 1.2403e+07
85 1.22576e+07
73 9.5893e+06
54 5.14755e+06
54 5.14755e+06
71 8.47561e+06
57 5.52268e+06
25 3.27329e+06
49 4.8563e+06
42 4.49622e+06
40 4.22266e+06
46 4.63862e+06
29 3.55839e+06
53 5.14523e+06
58 5.86935e+06
33 3.84467e+06
88 1.27789e+07
31 3.58e+06
37 4.01476e+06
38 4.07392e+06
35 3.9995e+06
64 6.44296e+06
Thế hệ thứ: 45
89 1.28827e+07
67 8.45703e+06
30 3.57729e+06
66 6.99406e+06
100 1.56271e+07
83 1.08467e+07
79 9.85664e+06
97 1.41929e+07
64 6.44296e+06
54 5.14755e+06
54 5.14755e+06
71 8.47561e+06
73 9.5893e+06
96 1.40469e+07
47 4.85588e+06
84 1.11614e+07
81 1.07475e+07
36 4.00577e+06
86 1.2403e+07
85 1.22576e+07
61 6.007e+06
61 6.007e+06
72 9.20481e+06
57 5.52268e+06
25 3.27329e+06
49 4.8563e+06
40 4.22266e+06
46 4.63862e+06
29 3.55839e+06
53 5.14523e+06
58 5.86935e+06
24 3.22148e+06
33 3.84467e+06
60 5.91794e+06
87 1.24101e+07
60 5.91794e+06
90 1.29661e+07
88 1.27789e+07
31 3.58e+06
37 4.01476e+06
38 4.07392e+06
43 4.49224e+06
95 1.32734e+07
35 3.85233e+06
Thế hệ thứ: 46
66 6.99406e+06
24 3.22148e+06
33 3.84467e+06
100 1.56271e+07
83 1.08467e+07
95 1.32734e+07
79 9.85664e+06
89 1.28827e+07
67 8.45703e+06
97 1.41929e+07
35 3.85233e+06
64 6.44296e+06
71 8.47561e+06
54 5.14755e+06
54 5.14755e+06
73 9.5893e+06
84 1.11614e+07
81 1.07475e+07
86 1.2403e+07
36 4.00577e+06
85 1.22576e+07
61 6.007e+06
61 6.007e+06
72 9.20481e+06
43 4.49224e+06
57 5.52268e+06
87 1.24101e+07
60 5.91794e+06
60 5.91794e+06
90 1.29661e+07
49 4.8563e+06
96 1.40469e+07
46 4.63862e+06
40 4.22266e+06
25 3.27329e+06
29 3.55839e+06
53 5.14523e+06
58 5.86935e+06
88 1.27789e+07
31 3.58e+06
37 4.01476e+06
38 4.07392e+06
30 3.57729e+06
47 4.74647e+06
80 1.04091e+07
Thế hệ thứ: 47
100 1.56271e+07
83 1.08467e+07
80 1.04091e+07
24 3.22148e+06
33 3.84467e+06
89 1.28827e+07
67 8.45703e+06
97 1.41929e+07
79 9.85664e+06
95 1.32734e+07
35 3.85233e+06
64 6.44296e+06
54 5.14755e+06
54 5.14755e+06
71 8.47561e+06
73 9.5893e+06
84 1.11614e+07
86 1.2403e+07
85 1.22576e+07
61 6.007e+06
61 6.007e+06
72 9.20481e+06
43 4.49224e+06
49 4.8563e+06
49 4.8563e+06
57 5.52268e+06
57 5.52268e+06
87 1.24101e+07
60 5.91794e+06
60 5.91794e+06
90 1.29661e+07
96 1.40469e+07
46 4.63862e+06
40 4.22266e+06
25 3.27329e+06
29 3.55839e+06
53 5.14523e+06
81 1.07475e+07
66 6.73292e+06
58 5.86935e+06
88 1.27789e+07
31 3.58e+06
37 4.01476e+06
38 4.07392e+06
47 4.65968e+06
30 3.57729e+06
36 3.86989e+06
Thế hệ thứ: 48
24 3.22148e+06
33 3.84467e+06
100 1.56271e+07
83 1.08467e+07
80 1.04091e+07
89 1.28827e+07
67 8.45703e+06
54 5.14755e+06
54 5.14755e+06
71 8.47561e+06
73 9.5893e+06
97 1.41929e+07
66 6.73292e+06
58 5.86935e+06
79 9.85664e+06
95 1.32734e+07
35 3.85233e+06
64 6.44296e+06
61 6.007e+06
61 6.007e+06
72 9.20481e+06
43 4.49224e+06
60 5.91794e+06
60 5.91794e+06
90 1.29661e+07
96 1.40469e+07
46 4.63862e+06
40 4.22266e+06
25 3.27329e+06
29 3.55839e+06
53 5.14523e+06
49 4.8563e+06
49 4.8563e+06
81 1.07475e+07
57 5.52268e+06
57 5.52268e+06
31 3.58e+06
47 4.65968e+06
30 3.57729e+06
36 3.86989e+06
37 4.01476e+06
38 4.07392e+06
88 1.08604e+07
Thế hệ thứ: 49
80 1.04091e+07
100 1.56271e+07
83 1.08467e+07
24 3.22148e+06
33 3.84467e+06
88 1.08604e+07
67 8.45703e+06
89 1.28827e+07
97 1.41929e+07
66 6.73292e+06
58 5.86935e+06
95 1.32734e+07
79 9.85664e+06
54 5.14755e+06
54 5.14755e+06
71 8.47561e+06
73 9.5893e+06
35 3.85233e+06
64 6.44296e+06
61 6.007e+06
61 6.007e+06
72 9.20481e+06
43 4.49224e+06
60 5.91794e+06
60 5.91794e+06
90 1.29661e+07
96 1.40469e+07
46 4.63862e+06
40 4.22266e+06
25 3.27329e+06
29 3.55839e+06
53 5.14523e+06
49 4.8563e+06
49 4.8563e+06
81 1.07475e+07
57 5.52268e+06
57 5.52268e+06
31 3.58e+06
47 4.65968e+06
30 3.57729e+06
36 3.86989e+06
37 4.01476e+06
38 4.07392e+06
26 3.39452e+06
91 1.30857e+07
45 4.53983e+06
32 3.84119e+06
