Thế hệ thứ: 0
163 7.58102e+06
192 1.19135e+07
138 7.04178e+06
164 7.72016e+06
166 7.78359e+06
149 7.28645e+06
168 1.00444e+07
167 9.93477e+06
154 7.52278e+06
169 1.0555e+07
182 1.16784e+07
200 1.40081e+07
178 1.06067e+07
100 6.25046e+06
186 1.18579e+07
Thế hệ thứ: 1
138 7.04178e+06
166 7.78359e+06
149 7.28645e+06
47 3.66804e+06
154 7.52278e+06
163 7.58102e+06
98 5.11058e+06
164 7.72016e+06
105 5.21158e+06
186 9.41505e+06
188 1.05379e+07
120 5.46635e+06
124 6.57016e+06
87 4.44257e+06
169 8.2085e+06
200 1.27006e+07
122 5.81612e+06
192 1.16177e+07
Thế hệ thứ: 2
186 9.41505e+06
188 1.05379e+07
192 1.16177e+07
164 7.72016e+06
47 3.66804e+06
154 7.52278e+06
105 5.21158e+06
87 4.44257e+06
163 7.58102e+06
166 7.78359e+06
149 7.28645e+06
98 5.11058e+06
141 5.83356e+06
120 5.46635e+06
169 8.2085e+06
200 1.27006e+07
146 7.22747e+06
76 3.87664e+06
190 1.0946e+07
197 1.26777e+07
140 5.58143e+06
Thế hệ thứ: 3
76 3.87664e+06
47 3.66804e+06
163 7.58102e+06
164 7.72016e+06
146 7.22747e+06
154 7.52278e+06
149 7.28645e+06
166 7.78359e+06
105 5.21158e+06
87 4.44257e+06
98 5.11058e+06
120 5.46635e+06
141 5.83356e+06
140 5.58143e+06
197 1.06986e+07
142 6.48168e+06
200 1.09919e+07
189 8.60915e+06
179 7.92553e+06
Thế hệ thứ: 4
200 1.09919e+07
146 7.22747e+06
179 7.92553e+06
76 3.87664e+06
163 7.58102e+06
140 5.58143e+06
47 3.66804e+06
189 8.60915e+06
197 1.06986e+07
164 7.72016e+06
166 7.78359e+06
87 4.44257e+06
141 5.83356e+06
126 5.09093e+06
145 6.22488e+06
82 4.43926e+06
157 7.23699e+06
106 4.70933e+06
Thế hệ thứ: 5
200 1.09919e+07
179 7.92553e+06
145 6.22488e+06
76 3.87664e+06
47 3.66804e+06
140 5.58143e+06
163 7.58102e+06
189 8.60915e+06
87 4.44257e+06
166 7.78359e+06
197 1.06986e+07
153 6.72849e+06
164 7.72016e+06
126 5.09093e+06
141 5.83356e+06
82 4.43926e+06
157 7.23699e+06
106 4.70933e+06
191 9.90583e+06
Thế hệ thứ: 6
46 3.62213e+06
200 1.09919e+07
164 7.72016e+06
153 6.72849e+06
126 5.09093e+06
106 4.70933e+06
76 3.87664e+06
45 3.50655e+06
47 3.66804e+06
141 5.83356e+06
140 5.58143e+06
163 7.58102e+06
189 8.60915e+06
87 4.44257e+06
166 7.78359e+06
82 4.43926e+06
197 1.06986e+07
100 4.65819e+06
146 6.15794e+06
160 6.75391e+06
184 7.82324e+06
199 1.09126e+07
161 7.19126e+06
196 9.80789e+06
105 4.7091e+06
Thế hệ thứ: 7
166 7.78359e+06
46 3.62213e+06
200 1.09919e+07
153 6.72849e+06
164 7.72016e+06
189 8.60915e+06
82 4.43926e+06
105 4.7091e+06
126 5.09093e+06
197 1.06986e+07
184 7.82324e+06
106 4.70933e+06
76 3.87664e+06
199 1.09126e+07
161 7.19126e+06
196 9.80789e+06
47 3.66804e+06
45 3.50655e+06
141 5.83356e+06
87 4.44257e+06
160 6.75391e+06
140 5.58143e+06
163 7.58102e+06
147 6.00803e+06
102 4.63562e+06
Thế hệ thứ: 8
105 4.7091e+06
200 1.09919e+07
140 5.58143e+06
102 4.63562e+06
199 1.09126e+07
77 3.81082e+06
174 6.48851e+06
147 6.00803e+06
126 5.09093e+06
196 9.80789e+06
197 1.06986e+07
184 7.82324e+06
106 4.70933e+06
141 5.83356e+06
131 5.4046e+06
67 3.46496e+06
89 4.34226e+06
189 8.41961e+06
Thế hệ thứ: 9
105 4.7091e+06
126 5.09093e+06
147 6.00803e+06
106 4.70933e+06
200 1.09919e+07
141 5.83356e+06
196 9.80789e+06
89 4.34226e+06
140 5.58143e+06
197 1.06986e+07
102 4.63562e+06
199 1.09126e+07
67 3.46496e+06
174 6.48851e+06
77 3.81082e+06
131 5.4046e+06
81 4.05728e+06
190 9.02233e+06
189 7.4849e+06
153 6.02574e+06
70 3.8072e+06
Thế hệ thứ: 10
190 9.02233e+06
141 5.83356e+06
147 6.00803e+06
126 5.09093e+06
196 9.80789e+06
140 5.58143e+06
67 3.46496e+06
77 3.81082e+06
174 6.48851e+06
131 5.4046e+06
81 4.05728e+06
189 7.4849e+06
153 6.02574e+06
70 3.8072e+06
200 1.02364e+07
42 3.18128e+06
112 4.51693e+06
93 4.30058e+06
188 7.47297e+06
Thế hệ thứ: 11
196 9.80789e+06
131 5.4046e+06
141 5.83356e+06
42 3.18128e+06
190 9.02233e+06
189 7.4849e+06
126 5.09093e+06
147 6.00803e+06
174 6.48851e+06
77 3.81082e+06
200 1.02364e+07
93 4.30058e+06
70 3.8072e+06
140 5.58143e+06
50 3.41874e+06
112 4.51693e+06
153 6.02574e+06
81 4.05728e+06
188 7.47297e+06
68 3.43716e+06
Thế hệ thứ: 12
131 5.4046e+06
196 9.80789e+06
141 5.83356e+06
42 3.18128e+06
189 7.4849e+06
147 6.00803e+06
126 5.09093e+06
70 3.8072e+06
140 5.58143e+06
77 3.81082e+06
174 6.48851e+06
50 3.41874e+06
112 4.51693e+06
200 1.02364e+07
81 4.05728e+06
93 4.30058e+06
68 3.43716e+06
153 6.02574e+06
188 7.47297e+06
41 3.1688e+06
190 8.69655e+06
98 4.32719e+06
Thế hệ thứ: 13
196 9.80789e+06
190 8.69655e+06
131 5.4046e+06
200 1.02364e+07
141 5.83356e+06
42 3.18128e+06
189 7.4849e+06
188 7.47297e+06
147 6.00803e+06
93 4.30058e+06
98 4.32719e+06
126 5.09093e+06
81 4.05728e+06
140 5.58143e+06
68 3.43716e+06
174 6.48851e+06
50 3.28077e+06
77 3.81082e+06
112 4.51693e+06
71 3.80011e+06
153 6.02574e+06
122 4.98635e+06
111 4.48979e+06
41 3.06274e+06
90 4.22121e+06
Thế hệ thứ: 14
42 3.18087e+06
190 8.69655e+06
131 5.4046e+06
196 9.80789e+06
77 3.81082e+06
50 3.28077e+06
174 6.48851e+06
200 1.02364e+07
122 4.98635e+06
141 5.83356e+06
189 7.4849e+06
153 6.02574e+06
71 3.80011e+06
111 4.48979e+06
188 7.47297e+06
147 6.00803e+06
98 4.32719e+06
112 4.51693e+06
41 3.06274e+06
140 5.58143e+06
68 3.43716e+06
126 5.09093e+06
83 4.00185e+06
95 4.2385e+06
90 4.08964e+06
193 9.54952e+06
Thế hệ thứ: 15
196 9.80789e+06
90 4.08964e+06
190 8.69655e+06
42 3.18087e+06
131 5.4046e+06
174 6.48851e+06
50 3.28077e+06
77 3.81082e+06
68 3.43716e+06
200 1.02364e+07
122 4.98635e+06
98 4.32719e+06
112 4.51693e+06
141 5.83356e+06
41 3.06274e+06
189 7.4849e+06
111 4.48979e+06
71 3.80011e+06
153 6.02574e+06
95 4.2385e+06
140 5.58143e+06
188 7.47297e+06
147 6.00803e+06
126 5.09093e+06
83 4.00185e+06
195 9.53607e+06
Thế hệ thứ: 16
190 8.69655e+06
42 3.18087e+06
196 9.80789e+06
90 4.08964e+06
41 3.06274e+06
95 4.2385e+06
140 5.58143e+06
188 7.47297e+06
122 4.98635e+06
50 3.28077e+06
77 3.81082e+06
174 6.48851e+06
141 5.83356e+06
68 3.43716e+06
200 1.02364e+07
189 7.4849e+06
98 4.32719e+06
153 6.02574e+06
71 3.80011e+06
111 4.48979e+06
112 4.51693e+06
147 6.00803e+06
83 4.00185e+06
195 8.76717e+06
184 7.34823e+06
132 5.08041e+06
Thế hệ thứ: 17
41 3.06274e+06
196 9.80789e+06
90 4.08964e+06
190 8.69655e+06
42 3.18087e+06
195 8.76717e+06
111 4.48979e+06
153 6.02574e+06
71 3.80011e+06
132 5.08041e+06
140 5.58143e+06
95 4.2385e+06
188 7.47297e+06
122 4.98635e+06
83 4.00185e+06
174 6.48851e+06
50 3.28077e+06
77 3.81082e+06
112 4.51693e+06
147 6.00803e+06
141 5.83356e+06
68 3.43716e+06
184 7.34823e+06
200 1.02364e+07
189 7.4849e+06
98 4.32719e+06
114 4.58996e+06
119 4.61122e+06
192 8.71424e+06
Thế hệ thứ: 18
190 8.69655e+06
42 3.18087e+06
90 4.08964e+06
41 3.06274e+06
195 8.76717e+06
68 3.43716e+06
184 7.34823e+06
71 3.80011e+06
153 6.02574e+06
111 4.48979e+06
200 1.02364e+07
132 5.08041e+06
189 7.4849e+06
95 4.2385e+06
140 5.58143e+06
188 7.47297e+06
122 4.98635e+06
83 4.00185e+06
98 4.32719e+06
192 8.71424e+06
50 3.28077e+06
77 3.81082e+06
174 6.48851e+06
114 4.58996e+06
119 4.61122e+06
112 4.51693e+06
147 6.00803e+06
141 5.83356e+06
51 3.28103e+06
197 8.96715e+06
Thế hệ thứ: 19
83 4.00185e+06
140 5.58143e+06
95 4.2385e+06
90 4.08964e+06
192 8.71424e+06
190 8.69655e+06
42 3.18087e+06
98 4.32719e+06
141 5.83356e+06
112 4.51693e+06
41 3.06274e+06
68 3.43716e+06
195 8.72956e+06
174 6.48851e+06
50 3.28077e+06
77 3.81082e+06
184 7.34823e+06
111 4.48979e+06
153 6.02574e+06
71 3.80011e+06
200 1.02364e+07
132 5.08041e+06
189 7.4849e+06
114 4.58996e+06
119 4.61122e+06
188 7.47297e+06
197 8.96715e+06
51 3.28103e+06
147 6.00803e+06
122 4.98635e+06
181 6.70629e+06
73 3.80032e+06
199 1.00776e+07
168 6.34691e+06
Thế hệ thứ: 20
111 4.48979e+06
153 6.02574e+06
140 5.58143e+06
95 4.2385e+06
83 4.00185e+06
122 4.98635e+06
200 1.02364e+07
90 4.08964e+06
192 8.71424e+06
132 5.08041e+06
42 3.18087e+06
190 8.69655e+06
68 3.43716e+06
98 4.32719e+06
189 7.4849e+06
141 5.83356e+06
181 6.70629e+06
114 4.58996e+06
135 5.38656e+06
119 4.61122e+06
112 4.51693e+06
188 7.47297e+06
197 8.96715e+06
41 3.06274e+06
183 6.81435e+06
51 3.28103e+06
199 1.00776e+07
168 6.34691e+06
195 8.72956e+06
50 3.28077e+06
174 6.48851e+06
147 6.00803e+06
184 7.34823e+06
137 5.55879e+06
125 5.007e+06
77 3.74149e+06
44 3.18845e+06
Thế hệ thứ: 21
140 5.58143e+06
95 4.2385e+06
50 3.28077e+06
195 8.72956e+06
174 6.48851e+06
111 4.48979e+06
122 4.98635e+06
200 1.02364e+07
90 4.08964e+06
192 8.71424e+06
70 3.46037e+06
132 5.08041e+06
41 3.06274e+06
190 8.69655e+06
42 3.18087e+06
68 3.43716e+06
98 4.32719e+06
77 3.73391e+06
157 6.04184e+06
189 7.4849e+06
125 5.007e+06
183 6.81435e+06
51 3.28103e+06
92 4.22496e+06
181 6.70629e+06
114 4.58996e+06
119 4.61122e+06
135 5.38656e+06
199 1.00776e+07
112 4.51693e+06
197 8.96715e+06
188 7.47297e+06
137 5.55879e+06
168 6.34691e+06
44 3.18845e+06
187 7.18912e+06
155 5.82748e+06
84 3.95668e+06
81 3.86496e+06
Thế hệ thứ: 22
200 1.02364e+07
51 3.28103e+06
183 6.81435e+06
174 6.48851e+06
195 8.72956e+06
140 5.58143e+06
84 3.95668e+06
155 5.82748e+06
111 4.48979e+06
112 4.51693e+06
122 4.98635e+06
41 3.06274e+06
135 5.38656e+06
119 4.61122e+06
187 7.18912e+06
44 3.18845e+06
90 4.08964e+06
168 6.34691e+06
132 5.08041e+06
70 3.46037e+06
137 5.55879e+06
199 1.00776e+07
181 6.70629e+06
42 3.18087e+06
197 8.96715e+06
188 7.47297e+06
68 3.43716e+06
98 4.32719e+06
77 3.73391e+06
114 4.58996e+06
189 7.4849e+06
157 6.04184e+06
125 5.007e+06
50 3.28046e+06
116 4.59358e+06
192 8.61144e+06
95 4.19357e+06
81 3.86496e+06
Thế hệ thứ: 23
84 3.95668e+06
77 3.73391e+06
200 1.02364e+07
135 5.38656e+06
119 4.61122e+06
192 8.61144e+06
116 4.59358e+06
195 8.72956e+06
174 6.48851e+06
183 6.81435e+06
51 3.28103e+06
140 5.58143e+06
197 8.96715e+06
188 7.47297e+06
50 3.28046e+06
155 5.82748e+06
125 5.007e+06
111 4.48979e+06
98 4.32719e+06
134 5.38011e+06
189 7.4849e+06
157 6.04184e+06
95 4.19357e+06
112 4.51693e+06
122 4.98635e+06
42 3.18087e+06
41 3.06274e+06
187 7.18912e+06
44 3.18845e+06
137 5.55879e+06
90 4.08964e+06
168 6.34691e+06
114 4.58996e+06
68 3.43716e+06
199 1.00776e+07
132 5.08041e+06
70 3.46037e+06
181 6.70629e+06
81 3.86496e+06
101 4.39534e+06
Thế hệ thứ: 24
81 3.86496e+06
84 3.95668e+06
137 5.55879e+06
77 3.73391e+06
135 5.38656e+06
119 4.61122e+06
192 8.61144e+06
116 4.59358e+06
174 6.48851e+06
195 8.72956e+06
90 4.08964e+06
183 6.81435e+06
51 3.28103e+06
140 5.58143e+06
101 4.39534e+06
188 7.47297e+06
197 8.96715e+06
50 3.28046e+06
155 5.82748e+06
125 5.007e+06
168 6.34691e+06
111 4.48979e+06
44 3.17493e+06
98 4.32719e+06
134 5.38011e+06
157 6.04184e+06
189 7.4849e+06
114 4.58996e+06
68 3.43716e+06
95 4.19357e+06
112 4.51693e+06
122 4.98635e+06
70 3.46037e+06
132 5.08041e+06
41 3.06274e+06
187 7.18912e+06
181 6.70629e+06
199 9.07463e+06
190 8.37785e+06
200 1.00815e+07
152 5.69488e+06
Thế hệ thứ: 25
157 6.04184e+06
189 7.4849e+06
116 4.59358e+06
84 3.95668e+06
81 3.86496e+06
114 4.58996e+06
137 5.55879e+06
45 3.18209e+06
98 4.32719e+06
134 5.38011e+06
44 3.17493e+06
77 3.73391e+06
90 4.08964e+06
192 8.61144e+06
119 4.61122e+06
135 5.38656e+06
195 8.72956e+06
111 4.48979e+06
183 6.81435e+06
51 3.28103e+06
140 5.58143e+06
197 8.96715e+06
188 7.47297e+06
101 4.39534e+06
50 3.28046e+06
155 5.82748e+06
125 5.007e+06
68 3.43716e+06
112 4.51693e+06
95 4.19357e+06
122 4.98635e+06
132 5.08041e+06
70 3.46037e+06
41 3.06274e+06
187 7.18912e+06
181 6.70629e+06
200 1.00815e+07
199 9.07463e+06
190 8.37785e+06
174 6.29035e+06
152 5.69488e+06
115 4.59239e+06
43 3.1015e+06
Thế hệ thứ: 26
116 4.59358e+06
157 6.04184e+06
189 7.4849e+06
132 5.08041e+06
70 3.46037e+06
81 3.86496e+06
84 3.95668e+06
44 3.1696e+06
122 4.98635e+06
43 3.1015e+06
114 4.58996e+06
98 4.32719e+06
134 5.38011e+06
45 3.18209e+06
77 3.73391e+06
41 3.06274e+06
187 7.18912e+06
90 4.08964e+06
115 4.59239e+06
135 5.38656e+06
119 4.61122e+06
192 8.61144e+06
195 8.72956e+06
181 6.70629e+06
199 9.07463e+06
111 4.48979e+06
183 6.81435e+06
51 3.28103e+06
174 6.29035e+06
152 5.69488e+06
101 4.39534e+06
188 7.47297e+06
197 8.96715e+06
190 8.37785e+06
50 3.28046e+06
155 5.82748e+06
125 5.007e+06
200 9.90235e+06
68 3.43716e+06
95 4.19357e+06
112 4.51693e+06
184 7.13536e+06
121 4.95775e+06
146 5.54452e+06
80 3.8585e+06
137 5.50011e+06
Thế hệ thứ: 27
157 6.04184e+06
189 7.4849e+06
116 4.59358e+06
95 4.19357e+06
112 4.51693e+06
71 3.46546e+06
132 5.08041e+06
70 3.46037e+06
84 3.95668e+06
81 3.86496e+06
43 3.1015e+06
44 3.1696e+06
122 4.98635e+06
114 4.58996e+06
51 3.28103e+06
183 6.81435e+06
188 7.47297e+06
101 4.39534e+06
197 8.96715e+06
200 9.90235e+06
68 3.43716e+06
45 3.18209e+06
98 4.32719e+06
134 5.38011e+06
77 3.73391e+06
152 5.69488e+06
174 6.29035e+06
125 5.007e+06
155 5.82748e+06
41 3.06274e+06
146 5.54452e+06
187 7.18912e+06
90 4.08964e+06
115 4.59239e+06
192 8.61144e+06
119 4.61122e+06
135 5.38656e+06
195 8.72956e+06
50 3.28046e+06
181 6.70629e+06
199 9.07463e+06
190 8.37785e+06
111 4.48979e+06
184 7.13536e+06
121 4.95775e+06
80 3.8585e+06
137 5.50011e+06
49 3.27898e+06
130 5.0506e+06
Thế hệ thứ: 28
116 4.59358e+06
157 6.04184e+06
189 7.4849e+06
95 4.19357e+06
112 4.51693e+06
71 3.46546e+06
132 5.08041e+06
70 3.46037e+06
84 3.95668e+06
81 3.86496e+06
44 3.1696e+06
122 4.98635e+06
43 3.1015e+06
190 8.37785e+06
111 4.48979e+06
114 4.58996e+06
51 3.28103e+06
183 6.81435e+06
197 8.96715e+06
101 4.39534e+06
188 7.47297e+06
184 7.13536e+06
121 4.95775e+06
80 3.8585e+06
68 3.43716e+06
137 5.50011e+06
98 4.32719e+06
134 5.38011e+06
45 3.18209e+06
77 3.73391e+06
174 6.29035e+06
152 5.69488e+06
125 5.007e+06
155 5.82748e+06
41 3.06274e+06
187 7.18912e+06
146 5.54452e+06
90 4.08964e+06
115 4.59239e+06
135 5.38656e+06
119 4.61122e+06
192 8.61144e+06
195 8.72956e+06
50 3.28046e+06
181 6.70629e+06
49 3.27898e+06
199 9.07463e+06
130 5.0506e+06
79 3.75548e+06
200 9.14106e+06
Thế hệ thứ: 29
157 6.04184e+06
189 7.4849e+06
116 4.59358e+06
119 4.61122e+06
135 5.38656e+06
192 8.61144e+06
95 4.19357e+06
112 4.51693e+06
70 3.46037e+06
71 3.46546e+06
132 5.08041e+06
84 3.95668e+06
81 3.86496e+06
43 3.1015e+06
122 4.98635e+06
190 8.37785e+06
111 4.48979e+06
195 8.72956e+06
114 4.58996e+06
51 3.28103e+06
183 6.81435e+06
50 3.28046e+06
197 8.96715e+06
188 7.47297e+06
101 4.39534e+06
181 6.70629e+06
184 7.13536e+06
121 4.95775e+06
80 3.8585e+06
49 3.27898e+06
68 3.43716e+06
199 9.07463e+06
137 5.50011e+06
45 3.18209e+06
98 4.32719e+06
134 5.38011e+06
152 5.69488e+06
174 6.29035e+06
130 5.0506e+06
125 5.007e+06
155 5.82748e+06
79 3.75548e+06
90 4.08964e+06
200 9.14106e+06
41 3.06274e+06
146 5.54452e+06
187 7.18912e+06
115 4.59239e+06
44 3.10757e+06
105 4.40442e+06
78 3.7181e+06
Thế hệ thứ: 30
116 4.59358e+06
157 6.04184e+06
189 7.4849e+06
135 5.38656e+06
119 4.61122e+06
192 8.61144e+06
112 4.51693e+06
132 5.08041e+06
71 3.46546e+06
70 3.46037e+06
84 3.95668e+06
125 5.007e+06
81 3.86496e+06
122 4.98635e+06
43 3.1015e+06
105 4.40442e+06
95 4.13814e+06
190 8.37785e+06
200 9.14106e+06
90 4.08964e+06
111 4.48979e+06
195 8.72956e+06
114 4.58996e+06
51 3.28103e+06
183 6.81435e+06
50 3.28046e+06
101 4.39534e+06
188 7.47297e+06
197 8.96715e+06
78 3.7181e+06
181 6.70629e+06
184 7.13536e+06
121 4.95775e+06
80 3.8585e+06
49 3.27898e+06
130 5.0506e+06
79 3.75548e+06
68 3.43716e+06
199 9.07463e+06
137 5.50011e+06
98 4.32719e+06
134 5.38011e+06
45 3.18209e+06
155 5.82748e+06
174 6.29035e+06
152 5.69488e+06
41 3.06274e+06
187 7.18912e+06
146 5.54452e+06
115 4.59239e+06
Thế hệ thứ: 31
157 6.04184e+06
189 7.4849e+06
116 4.59358e+06
192 8.61144e+06
135 5.38656e+06
119 4.61122e+06
137 5.50011e+06
45 3.18209e+06
98 4.32719e+06
134 5.38011e+06
112 4.51693e+06
70 3.46037e+06
71 3.46546e+06
132 5.08041e+06
155 5.82748e+06
84 3.95668e+06
152 5.69488e+06
174 6.29035e+06
81 3.86496e+06
43 3.1015e+06
105 4.40442e+06
190 8.37785e+06
95 4.13814e+06
90 4.08964e+06
200 9.14106e+06
41 3.06274e+06
111 4.48979e+06
195 8.72956e+06
114 4.58996e+06
51 3.28103e+06
183 6.81435e+06
50 3.28046e+06
197 8.96715e+06
188 7.47297e+06
101 4.39534e+06
199 9.07463e+06
78 3.7181e+06
181 6.70629e+06
184 7.13536e+06
80 3.8585e+06
49 3.27898e+06
146 5.54452e+06
187 7.18912e+06
130 5.0506e+06
115 4.59239e+06
44 3.17651e+06
68 3.43716e+06
126 4.94827e+06
120 4.9435e+06
100 4.38033e+06
79 3.73688e+06
Thế hệ thứ: 32
116 4.59358e+06
157 6.04184e+06
189 7.4849e+06
192 8.61144e+06
135 5.38656e+06
119 4.61122e+06
137 5.50011e+06
78 3.7181e+06
98 4.32719e+06
134 5.38011e+06
45 3.18209e+06
112 4.51693e+06
132 5.08041e+06
71 3.46546e+06
70 3.46037e+06
155 5.82748e+06
84 3.95668e+06
100 4.38033e+06
80 3.8585e+06
174 6.29035e+06
152 5.69488e+06
81 3.86496e+06
181 6.70629e+06
146 5.54452e+06
126 4.94827e+06
187 7.18912e+06
43 3.1015e+06
105 4.40442e+06
95 4.13814e+06
190 8.37785e+06
200 9.14106e+06
90 4.08964e+06
41 3.06274e+06
111 4.48979e+06
195 8.72956e+06
49 3.27898e+06
114 4.58996e+06
51 3.28103e+06
183 6.81435e+06
50 3.28046e+06
197 8.96715e+06
101 4.39534e+06
188 7.47297e+06
184 7.13536e+06
199 9.07463e+06
130 5.0506e+06
115 4.59239e+06
68 3.43716e+06
44 3.17651e+06
120 4.9435e+06
Thế hệ thứ: 33
184 7.13536e+06
45 3.18209e+06
134 5.38011e+06
98 4.32719e+06
157 6.04184e+06
189 7.4849e+06
101 4.39534e+06
197 8.96715e+06
188 7.47297e+06
116 4.59358e+06
119 4.61122e+06
192 8.61144e+06
135 5.38656e+06
137 5.50011e+06
78 3.7181e+06
174 6.29035e+06
152 5.69488e+06
112 4.51693e+06
71 3.46546e+06
132 5.08041e+06
155 5.82748e+06
84 3.95668e+06
80 3.8585e+06
100 4.38033e+06
199 9.07463e+06
130 5.0506e+06
81 3.86496e+06
181 6.70629e+06
187 7.18912e+06
126 4.94827e+06
146 5.54452e+06
115 4.59239e+06
43 3.1015e+06
105 4.40442e+06
190 8.37785e+06
95 4.13814e+06
90 4.08964e+06
200 9.14106e+06
41 3.06274e+06
111 4.48979e+06
44 3.17651e+06
195 8.72956e+06
49 3.27898e+06
114 4.58996e+06
51 3.28103e+06
183 6.81435e+06
50 3.28046e+06
120 4.9435e+06
70 3.37499e+06
168 6.24396e+06
Thế hệ thứ: 34
45 3.18209e+06
98 4.32719e+06
134 5.38011e+06
184 7.13536e+06
50 3.28046e+06
188 7.47297e+06
197 8.96715e+06
101 4.39534e+06
157 6.04184e+06
189 7.4849e+06
116 4.59358e+06
135 5.38656e+06
192 8.61144e+06
119 4.61122e+06
137 5.50011e+06
78 3.7181e+06
120 4.9435e+06
152 5.69488e+06
174 6.29035e+06
112 4.51693e+06
70 3.37499e+06
132 5.08041e+06
71 3.46546e+06
155 5.82748e+06
195 8.72956e+06
100 4.38033e+06
80 3.8585e+06
199 9.07463e+06
130 5.0506e+06
81 3.86496e+06
181 6.70629e+06
114 4.58996e+06
168 6.24396e+06
44 3.17651e+06
146 5.54452e+06
126 4.94827e+06
187 7.18912e+06
115 4.59239e+06
43 3.1015e+06
105 4.40442e+06
95 4.13814e+06
190 8.37785e+06
200 9.14106e+06
90 4.08964e+06
41 3.06274e+06
111 4.48979e+06
49 3.27898e+06
51 3.28103e+06
183 6.81435e+06
84 3.94534e+06
Thế hệ thứ: 35
95 4.13814e+06
190 8.37785e+06
184 7.13536e+06
45 3.18209e+06
134 5.38011e+06
98 4.32719e+06
50 3.28046e+06
101 4.39534e+06
197 8.96715e+06
188 7.47297e+06
189 7.4849e+06
157 6.04184e+06
116 4.59358e+06
119 4.61122e+06
192 8.61144e+06
135 5.38656e+06
90 4.08964e+06
200 9.14106e+06
137 5.50011e+06
78 3.7181e+06
41 3.06274e+06
120 4.9435e+06
174 6.29035e+06
152 5.69488e+06
112 4.51693e+06
70 3.37499e+06
111 4.48979e+06
71 3.46546e+06
132 5.08041e+06
155 5.82748e+06
49 3.27898e+06
51 3.28103e+06
183 6.81435e+06
195 8.72956e+06
80 3.8585e+06
100 4.38033e+06
199 9.07463e+06
130 5.0506e+06
81 3.86496e+06
181 6.70629e+06
168 6.24396e+06
114 4.58996e+06
187 7.18912e+06
126 4.94827e+06
146 5.54452e+06
115 4.59239e+06
84 3.94534e+06
43 3.1015e+06
105 4.40442e+06
44 3.11243e+06
83 3.92804e+06
104 4.39683e+06
Thế hệ thứ: 36
45 3.18209e+06
98 4.32719e+06
134 5.38011e+06
184 7.13536e+06
95 4.13814e+06
190 8.37785e+06
50 3.28046e+06
146 5.54452e+06
126 4.94827e+06
188 7.47297e+06
197 8.96715e+06
101 4.39534e+06
157 6.04184e+06
189 7.4849e+06
116 4.59358e+06
135 5.38656e+06
192 8.61144e+06
119 4.61122e+06
200 9.14106e+06
90 4.08964e+06
137 5.50011e+06
115 4.59239e+06
78 3.7181e+06
84 3.94534e+06
43 3.1015e+06
41 3.06274e+06
120 4.9435e+06
152 5.69488e+06
174 6.29035e+06
112 4.51693e+06
105 4.40442e+06
70 3.37499e+06
111 4.48979e+06
132 5.08041e+06
71 3.46546e+06
44 3.11243e+06
155 5.82748e+06
49 3.27898e+06
83 3.92804e+06
51 3.28103e+06
183 6.81435e+06
195 8.72956e+06
100 4.38033e+06
80 3.8585e+06
104 4.39683e+06
199 9.07463e+06
130 5.0506e+06
81 3.86496e+06
181 6.70629e+06
168 6.24396e+06
79 3.75529e+06
48 3.26963e+06
Thế hệ thứ: 37
95 4.13814e+06
190 8.37785e+06
184 7.13536e+06
45 3.18209e+06
134 5.38011e+06
98 4.32719e+06
81 3.86496e+06
126 4.94827e+06
146 5.54452e+06
130 5.0506e+06
101 4.39534e+06
197 8.96715e+06
188 7.47297e+06
189 7.4849e+06
157 6.04184e+06
116 4.59358e+06
119 4.61122e+06
192 8.61144e+06
135 5.38656e+06
90 4.08964e+06
200 9.14106e+06
137 5.50011e+06
115 4.59239e+06
78 3.7181e+06
43 3.1015e+06
41 3.06274e+06
120 4.9435e+06
174 6.29035e+06
152 5.69488e+06
112 4.51693e+06
105 4.40442e+06
199 9.07463e+06
84 3.91963e+06
70 3.37499e+06
111 4.48979e+06
195 8.72956e+06
71 3.46546e+06
132 5.08041e+06
44 3.11243e+06
155 5.82748e+06
49 3.27898e+06
104 4.39683e+06
100 4.38033e+06
80 3.8585e+06
51 3.28103e+06
183 6.81435e+06
181 6.70629e+06
168 6.24396e+06
50 3.27906e+06
159 6.10494e+06
178 6.59159e+06
Thế hệ thứ: 38
45 3.18209e+06
98 4.32719e+06
134 5.38011e+06
184 7.13536e+06
95 4.13814e+06
190 8.37785e+06
104 4.39683e+06
81 3.86496e+06
80 3.8585e+06
100 4.38033e+06
146 5.54452e+06
126 4.94827e+06
130 5.0506e+06
188 7.47297e+06
101 4.39534e+06
51 3.28103e+06
183 6.81435e+06
157 6.04184e+06
189 7.4849e+06
116 4.59358e+06
135 5.38656e+06
192 8.61144e+06
119 4.61122e+06
200 9.14106e+06
90 4.08964e+06
181 6.70629e+06
168 6.24396e+06
50 3.27906e+06
137 5.50011e+06
115 4.59239e+06
78 3.7181e+06
159 6.10494e+06
43 3.1015e+06
41 3.06274e+06
120 4.9435e+06
152 5.69488e+06
174 6.29035e+06
112 4.51693e+06
105 4.40442e+06
178 6.59159e+06
199 9.07463e+06
84 3.91963e+06
70 3.37499e+06
111 4.48979e+06
195 8.72956e+06
132 5.08041e+06
71 3.46546e+06
131 5.0792e+06
44 3.11243e+06
155 5.82748e+06
198 8.74286e+06
Thế hệ thứ: 39
130 5.03646e+06
95 4.13814e+06
190 8.37785e+06
184 7.13536e+06
45 3.18209e+06
134 5.38011e+06
98 4.32719e+06
71 3.46546e+06
104 4.39683e+06
81 3.86496e+06
44 3.11243e+06
131 5.0792e+06
100 4.38033e+06
80 3.8585e+06
126 4.94827e+06
146 5.54452e+06
101 4.39534e+06
188 7.47297e+06
155 5.82748e+06
51 3.28103e+06
183 6.81435e+06
189 7.4849e+06
157 6.04184e+06
116 4.59358e+06
119 4.61122e+06
192 8.61144e+06
135 5.38656e+06
90 4.08964e+06
200 9.14106e+06
181 6.70629e+06
168 6.24396e+06
50 3.27906e+06
137 5.50011e+06
115 4.59239e+06
78 3.7181e+06
159 6.10494e+06
43 3.1015e+06
41 3.06274e+06
120 4.9435e+06
174 6.29035e+06
152 5.69488e+06
112 4.51693e+06
105 4.40442e+06
178 6.59159e+06
199 9.07463e+06
70 3.37499e+06
84 3.91963e+06
111 4.48979e+06
198 8.74286e+06
195 8.72956e+06
143 5.54209e+06
Thế hệ thứ: 40
134 5.38011e+06
98 4.32719e+06
45 3.18209e+06
184 7.13536e+06
130 5.03646e+06
95 4.13814e+06
190 8.37785e+06
152 5.69488e+06
112 4.51693e+06
71 3.46546e+06
104 4.39683e+06
81 3.86496e+06
51 3.28103e+06
183 6.81435e+06
131 5.0792e+06
44 3.11243e+06
80 3.8585e+06
100 4.38033e+06
146 5.54452e+06
126 4.94827e+06
105 4.40442e+06
188 7.47297e+06
101 4.39534e+06
178 6.59159e+06
155 5.82748e+06
199 9.07463e+06
157 6.04184e+06
189 7.4849e+06
116 4.59358e+06
135 5.38656e+06
192 8.61144e+06
119 4.61122e+06
143 5.54209e+06
200 9.14106e+06
90 4.08964e+06
84 3.91963e+06
70 3.37499e+06
181 6.70629e+06
168 6.24396e+06
198 8.74286e+06
111 4.48979e+06
50 3.27906e+06
137 5.50011e+06
115 4.59239e+06
78 3.7181e+06
195 8.72956e+06
159 6.10494e+06
43 3.1015e+06
41 3.06274e+06
120 4.9435e+06
Thế hệ thứ: 41
71 3.46546e+06
190 8.37785e+06
130 5.03646e+06
95 4.13814e+06
184 7.13536e+06
98 4.32719e+06
134 5.38011e+06
45 3.18209e+06
50 3.27906e+06
152 5.69488e+06
112 4.51693e+06
137 5.50011e+06
105 4.40442e+06
104 4.39683e+06
81 3.86496e+06
51 3.28103e+06
183 6.81435e+06
44 3.11243e+06
131 5.0792e+06
100 4.38033e+06
80 3.8585e+06
126 4.94827e+06
146 5.54452e+06
115 4.59239e+06
78 3.7181e+06
159 6.10494e+06
101 4.39534e+06
188 7.47297e+06
43 3.1015e+06
178 6.59159e+06
41 3.06274e+06
120 4.9435e+06
155 5.82748e+06
199 9.07463e+06
189 7.4849e+06
157 6.04184e+06
116 4.59358e+06
119 4.61122e+06
192 8.61144e+06
135 5.38656e+06
90 4.08964e+06
200 9.14106e+06
143 5.54209e+06
70 3.37499e+06
84 3.91963e+06
181 6.70629e+06
168 6.24396e+06
111 4.48979e+06
198 8.74286e+06
195 8.6215e+06
Thế hệ thứ: 42
71 3.46546e+06
98 4.32719e+06
134 5.38011e+06
45 3.18209e+06
184 7.13536e+06
190 8.37785e+06
130 5.03646e+06
70 3.37499e+06
84 3.91963e+06
181 6.70629e+06
50 3.27906e+06
152 5.69488e+06
112 4.51693e+06
137 5.50011e+06
168 6.24396e+06
105 4.40442e+06
104 4.39683e+06
81 3.86496e+06
51 3.28103e+06
183 6.81435e+06
131 5.0792e+06
44 3.11243e+06
80 3.8585e+06
100 4.38033e+06
146 5.54452e+06
126 4.94827e+06
115 4.59239e+06
78 3.7181e+06
198 8.74286e+06
111 4.48979e+06
159 6.10494e+06
188 7.47297e+06
101 4.39534e+06
43 3.1015e+06
178 6.59159e+06
195 8.6215e+06
41 3.06274e+06
120 4.9435e+06
155 5.82748e+06
199 9.07463e+06
157 6.04184e+06
189 7.4849e+06
116 4.59358e+06
135 5.38656e+06
192 8.61144e+06
119 4.61122e+06
143 5.54209e+06
200 9.14106e+06
97 4.0267e+06
Thế hệ thứ: 43
71 3.46546e+06
130 5.03646e+06
190 8.37785e+06
184 7.13536e+06
134 5.38011e+06
98 4.32719e+06
45 3.18209e+06
189 7.4849e+06
157 6.04184e+06
84 3.91963e+06
70 3.37499e+06
183 6.81435e+06
51 3.28103e+06
181 6.70629e+06
50 3.27906e+06
152 5.69488e+06
112 4.51693e+06
137 5.50011e+06
116 4.59358e+06
168 6.24396e+06
105 4.40442e+06
104 4.39683e+06
81 3.86496e+06
119 4.61122e+06
192 8.61144e+06
135 5.38656e+06
44 3.11243e+06
131 5.0792e+06
80 3.8585e+06
126 4.94827e+06
146 5.54452e+06
115 4.59239e+06
78 3.7181e+06
111 4.48979e+06
198 8.74286e+06
159 6.10494e+06
101 4.39534e+06
188 7.47297e+06
43 3.1015e+06
178 6.59159e+06
200 9.14106e+06
143 5.54209e+06
195 8.6215e+06
41 3.06274e+06
97 4.0267e+06
120 4.9435e+06
155 5.82748e+06
100 4.35443e+06
199 8.9172e+06
Thế hệ thứ: 44
189 7.4849e+06
157 6.04184e+06
71 3.46546e+06
45 3.18209e+06
98 4.32719e+06
134 5.38011e+06
184 7.13536e+06
190 8.37785e+06
130 5.03646e+06
120 4.9435e+06
101 4.39534e+06
188 7.47297e+06
43 3.1015e+06
168 6.24396e+06
70 3.37499e+06
84 3.91963e+06
183 6.81435e+06
51 3.28103e+06
181 6.70629e+06
50 3.27906e+06
152 5.69488e+06
199 8.9172e+06
112 4.51693e+06
137 5.50011e+06
116 4.59358e+06
143 5.54209e+06
200 9.14106e+06
105 4.40442e+06
104 4.39683e+06
81 3.86496e+06
195 8.6215e+06
135 5.38656e+06
192 8.61144e+06
119 4.61122e+06
131 5.0792e+06
44 3.11243e+06
41 3.06274e+06
80 3.8585e+06
146 5.54452e+06
126 4.94827e+06
115 4.59239e+06
97 4.0267e+06
155 5.82748e+06
100 4.35443e+06
78 3.7181e+06
198 8.74286e+06
111 4.48979e+06
178 6.56766e+06
162 6.08431e+06
Thế hệ thứ: 45
189 7.4849e+06
71 3.46546e+06
178 6.56766e+06
184 7.13536e+06
45 3.18209e+06
134 5.38011e+06
98 4.32719e+06
130 5.03646e+06
190 8.37785e+06
126 4.94827e+06
146 5.54452e+06
120 4.9435e+06
152 5.69488e+06
188 7.47297e+06
101 4.39534e+06
168 6.24396e+06
84 3.91963e+06
70 3.37499e+06
183 6.81435e+06
51 3.28103e+06
181 6.70629e+06
50 3.27906e+06
115 4.59239e+06
112 4.51693e+06
199 8.9172e+06
97 4.0267e+06
155 5.82748e+06
137 5.50011e+06
100 4.35443e+06
78 3.7181e+06
116 4.59358e+06
200 9.14106e+06
143 5.54209e+06
105 4.40442e+06
104 4.39683e+06
81 3.86496e+06
195 8.6215e+06
111 4.48979e+06
198 8.74286e+06
119 4.61122e+06
192 8.61144e+06
135 5.38656e+06
44 3.11243e+06
131 5.0792e+06
41 3.06274e+06
80 3.8585e+06
162 6.08431e+06
43 3.09152e+06
96 4.02081e+06
161 5.99294e+06
Thế hệ thứ: 46
71 3.46546e+06
126 4.94827e+06
189 7.4849e+06
135 5.38656e+06
119 4.61122e+06
105 4.40442e+06
178 6.56766e+06
134 5.38011e+06
98 4.32719e+06
45 3.18209e+06
184 7.13536e+06
130 5.03646e+06
198 8.74286e+06
111 4.48979e+06
120 4.9435e+06
152 5.69488e+06
44 3.11243e+06
131 5.0792e+06
101 4.39534e+06
188 7.47297e+06
161 5.99294e+06
104 4.39683e+06
168 6.24396e+06
70 3.37499e+06
84 3.91963e+06
183 6.81435e+06
51 3.28103e+06
181 6.70629e+06
50 3.27906e+06
115 4.59239e+06
199 8.9172e+06
112 4.51693e+06
97 4.0267e+06
155 5.82748e+06
81 3.86496e+06
100 4.35443e+06
78 3.7181e+06
116 4.59358e+06
200 9.14106e+06
41 3.06274e+06
80 3.8585e+06
162 6.08431e+06
43 3.09152e+06
96 4.02081e+06
195 7.658e+06
149 5.47095e+06
Thế hệ thứ: 47
126 4.94827e+06
71 3.46546e+06
84 3.91963e+06
70 3.37499e+06
195 7.658e+06
200 9.14106e+06
100 4.35443e+06
189 7.4849e+06
135 5.38656e+06
119 4.61122e+06
105 4.40442e+06
178 6.56766e+06
45 3.18209e+06
134 5.38011e+06
98 4.32719e+06
184 7.13536e+06
96 4.02081e+06
116 4.59358e+06
130 5.03646e+06
111 4.48979e+06
198 8.74286e+06
120 4.9435e+06
149 5.47095e+06
152 5.69488e+06
131 5.0792e+06
44 3.11243e+06
188 7.47297e+06
101 4.39534e+06
43 3.09152e+06
104 4.39683e+06
161 5.99294e+06
162 6.08431e+06
168 6.24396e+06
183 6.81435e+06
51 3.28103e+06
181 6.70629e+06
50 3.27906e+06
115 4.59239e+06
78 3.7181e+06
199 8.9172e+06
97 4.0267e+06
80 3.8585e+06
41 3.06274e+06
81 3.86496e+06
157 5.73042e+06
193 7.60348e+06
112 4.49777e+06
Thế hệ thứ: 48
71 3.46546e+06
84 3.91963e+06
70 3.37499e+06
195 7.658e+06
200 9.14106e+06
189 7.4849e+06
100 4.35443e+06
119 4.61122e+06
135 5.38656e+06
112 4.49777e+06
50 3.27906e+06
105 4.40442e+06
178 6.56766e+06
134 5.38011e+06
98 4.32719e+06
45 3.18209e+06
184 7.13536e+06
96 4.02081e+06
116 4.59358e+06
193 7.60348e+06
115 4.59239e+06
130 5.03646e+06
78 3.7181e+06
198 8.74286e+06
111 4.48979e+06
149 5.47095e+06
157 5.73042e+06
81 3.86496e+06
44 3.11243e+06
131 5.0792e+06
41 3.06274e+06
101 4.39534e+06
188 7.47297e+06
43 3.09152e+06
80 3.8585e+06
161 5.99294e+06
104 4.39683e+06
97 4.0267e+06
162 6.08431e+06
168 6.24396e+06
172 6.2754e+06
199 8.9172e+06
183 6.81435e+06
51 3.28103e+06
181 6.70629e+06
99 4.34924e+06
126 4.88736e+06
154 5.55859e+06
Thế hệ thứ: 49
189 7.4849e+06
172 6.2754e+06
168 6.24396e+06
199 8.9172e+06
71 3.46546e+06
195 7.658e+06
84 3.91963e+06
70 3.37499e+06
162 6.08431e+06
81 3.86496e+06
97 4.0267e+06
200 9.14106e+06
154 5.55859e+06
100 4.35443e+06
104 4.39683e+06
161 5.99294e+06
119 4.61122e+06
131 5.0792e+06
44 3.11243e+06
112 4.49777e+06
50 3.27906e+06
105 4.40442e+06
178 6.56766e+06
80 3.8585e+06
45 3.18209e+06
98 4.32719e+06
184 7.13536e+06
96 4.02081e+06
126 4.88736e+06
116 4.59358e+06
193 7.60348e+06
115 4.59239e+06
43 3.09152e+06
130 5.03646e+06
101 4.39534e+06
188 7.47297e+06
78 3.7181e+06
111 4.48979e+06
198 8.74286e+06
41 3.06274e+06
149 5.47095e+06
157 5.73042e+06
183 6.81435e+06
51 3.28103e+06
181 6.70629e+06
99 4.34924e+06
135 5.17621e+06
79 3.8231e+06
