Thế hệ thứ: 0
45 1.01313e+07
23 3.49222e+06
40 8.07708e+06
24 3.53786e+06
25 4.70638e+06
20 3.45763e+06
42 9.54974e+06
43 9.74375e+06
35 6.61039e+06
34 6.47483e+06
29 5.60021e+06
48 1.05948e+07
41 8.84117e+06
Thế hệ thứ: 1
41 8.84117e+06
35 6.61039e+06
34 6.47483e+06
24 3.53786e+06
23 3.49222e+06
27 3.95433e+06
45 9.55961e+06
40 7.56003e+06
28 4.25562e+06
49 1.13055e+07
29 4.43348e+06
21 3.30017e+06
50 1.14218e+07
36 6.6868e+06
46 9.86863e+06
38 6.97914e+06
48 1.0464e+07
33 4.66307e+06
43 8.96371e+06
Thế hệ thứ: 2
50 1.14218e+07
48 1.0464e+07
40 7.56003e+06
33 4.66307e+06
21 3.30017e+06
38 6.97914e+06
27 3.95433e+06
29 4.43348e+06
45 9.55961e+06
46 9.86863e+06
24 3.53786e+06
49 1.13055e+07
36 6.6868e+06
23 3.49222e+06
28 4.25562e+06
35 6.61039e+06
34 6.01079e+06
30 4.59863e+06
42 8.47517e+06
43 8.49874e+06
Thế hệ thứ: 3
34 6.01079e+06
50 1.14218e+07
48 1.0464e+07
33 4.66307e+06
43 8.49874e+06
21 3.30017e+06
45 9.55961e+06
39 6.4398e+06
27 3.95433e+06
24 3.53786e+06
46 9.86863e+06
30 4.59863e+06
23 3.49222e+06
28 4.25562e+06
29 4.43348e+06
47 1.02744e+07
49 1.12382e+07
42 7.14138e+06
41 6.79482e+06
Thế hệ thứ: 4
33 4.66307e+06
43 8.49874e+06
21 3.30017e+06
50 1.14218e+07
45 9.55961e+06
42 7.14138e+06
39 6.4398e+06
24 3.53786e+06
41 6.79482e+06
48 1.0464e+07
46 9.86863e+06
47 1.02744e+07
23 3.49222e+06
44 9.0806e+06
28 3.68459e+06
31 4.41068e+06
29 4.39867e+06
35 5.6319e+06
49 1.05952e+07
Thế hệ thứ: 5
33 4.66307e+06
50 1.14218e+07
49 1.05952e+07
39 6.4398e+06
28 3.68459e+06
24 3.53786e+06
41 6.79482e+06
48 1.0464e+07
46 7.34447e+06
47 9.92421e+06
32 4.24927e+06
23 3.09381e+06
36 4.85602e+06
30 4.07335e+06
42 7.08912e+06
Thế hệ thứ: 6
24 3.53786e+06
50 1.14218e+07
36 4.85602e+06
46 7.34447e+06
23 3.09381e+06
47 9.92421e+06
39 6.4398e+06
28 3.68459e+06
42 7.08912e+06
33 4.66307e+06
30 4.07335e+06
41 6.79482e+06
48 1.0274e+07
32 4.24927e+06
49 1.04588e+07
37 5.04486e+06
38 6.43082e+06
Thế hệ thứ: 7
24 3.53786e+06
46 7.34447e+06
23 3.09381e+06
37 5.04486e+06
28 3.68459e+06
42 7.08912e+06
38 6.43082e+06
30 4.07335e+06
36 4.85602e+06
41 6.79482e+06
32 4.24927e+06
39 6.4398e+06
49 1.03794e+07
33 4.62914e+06
29 4.06557e+06
25 3.68027e+06
50 1.03976e+07
48 9.61988e+06
Thế hệ thứ: 8
46 7.34447e+06
23 3.09381e+06
37 5.04486e+06
42 7.08912e+06
33 4.62914e+06
36 4.85602e+06
28 3.68459e+06
41 6.79482e+06
32 4.24927e+06
25 3.68027e+06
24 3.53786e+06
30 4.07335e+06
29 4.06557e+06
50 8.83005e+06
49 8.30456e+06
22 3.09312e+06
39 5.19275e+06
20 2.98066e+06
48 8.22625e+06
Thế hệ thứ: 9
33 4.62914e+06
50 8.83005e+06
48 8.22625e+06
20 2.98066e+06
39 5.19275e+06
46 7.34447e+06
36 4.85602e+06
28 3.68459e+06
32 4.24927e+06
24 3.53786e+06
49 8.30456e+06
41 5.74409e+06
25 3.68027e+06
37 5.04486e+06
23 3.09381e+06
30 4.07335e+06
22 3.0526e+06
31 4.21485e+06
42 6.87112e+06
29 3.82942e+06
Thế hệ thứ: 10
33 4.62914e+06
50 8.83005e+06
48 8.22625e+06
42 6.87112e+06
20 2.98066e+06
46 7.34447e+06
41 5.74409e+06
39 5.19275e+06
36 4.85602e+06
49 8.30456e+06
28 3.68459e+06
37 5.04486e+06
23 3.09381e+06
32 4.24927e+06
29 3.82942e+06
30 4.07335e+06
22 3.0526e+06
31 4.21485e+06
25 3.58979e+06
24 3.47368e+06
Thế hệ thứ: 11
50 8.83005e+06
48 8.22625e+06
42 6.87112e+06
20 2.98066e+06
46 7.34447e+06
41 5.74409e+06
39 5.19275e+06
36 4.85602e+06
28 3.68459e+06
49 8.30456e+06
37 5.04486e+06
24 3.47368e+06
23 3.09381e+06
32 4.24927e+06
29 3.82942e+06
30 4.07335e+06
22 3.0526e+06
31 4.21485e+06
34 4.61344e+06
25 3.55524e+06
Thế hệ thứ: 12
50 8.83005e+06
48 8.22625e+06
42 6.87112e+06
20 2.98066e+06
23 3.09381e+06
34 4.61344e+06
46 7.34447e+06
41 5.74409e+06
39 5.19275e+06
28 3.68459e+06
36 4.85602e+06
49 8.30456e+06
32 4.24927e+06
37 5.04486e+06
24 3.47368e+06
29 3.82942e+06
30 4.07335e+06
22 3.0526e+06
38 5.171e+06
31 4.12229e+06
26 3.5417e+06
27 3.63172e+06
Thế hệ thứ: 13
50 8.83005e+06
48 8.22625e+06
42 6.87112e+06
20 2.98066e+06
23 3.09381e+06
34 4.61344e+06
46 7.34447e+06
41 5.74409e+06
39 5.19275e+06
32 4.24927e+06
24 3.47368e+06
49 8.30456e+06
29 3.82942e+06
26 3.5417e+06
22 3.0526e+06
30 4.07335e+06
28 3.68459e+06
31 4.12229e+06
38 5.02748e+06
27 3.56345e+06
25 3.48132e+06
37 4.70696e+06
44 6.88111e+06
Thế hệ thứ: 14
50 8.83005e+06
48 8.22625e+06
20 2.98066e+06
41 5.74409e+06
23 3.09381e+06
34 4.61344e+06
46 7.34447e+06
39 5.19275e+06
37 4.70696e+06
32 4.24927e+06
49 8.30456e+06
38 5.02748e+06
38 5.02748e+06
29 3.82942e+06
24 3.47368e+06
22 3.0526e+06
30 4.07335e+06
28 3.68459e+06
31 4.12229e+06
26 3.5417e+06
25 3.48132e+06
45 6.80521e+06
33 4.31629e+06
47 8.05601e+06
27 3.55422e+06
Thế hệ thứ: 15
50 8.83005e+06
37 4.70696e+06
20 2.98066e+06
41 5.74409e+06
45 6.80521e+06
46 7.34447e+06
39 5.19275e+06
47 8.05601e+06
23 3.09381e+06
34 4.61344e+06
49 8.30456e+06
29 3.82942e+06
24 3.47368e+06
33 4.31629e+06
22 3.0526e+06
30 4.07335e+06
28 3.68459e+06
48 8.22625e+06
31 4.12229e+06
35 4.63209e+06
27 3.55422e+06
38 5.02748e+06
38 5.02748e+06
26 3.5417e+06
25 3.48132e+06
32 4.22757e+06
36 4.65749e+06
21 3.05191e+06
Thế hệ thứ: 16
50 8.83005e+06
20 2.98066e+06
41 5.74409e+06
45 6.80521e+06
39 5.19275e+06
34 4.61344e+06
23 3.09381e+06
29 3.82942e+06
24 3.47368e+06
33 4.31629e+06
37 4.70696e+06
30 4.07335e+06
28 3.68459e+06
32 4.22757e+06
31 4.12229e+06
27 3.55422e+06
35 4.63209e+06
38 5.02748e+06
38 5.02748e+06
36 4.65749e+06
26 3.5417e+06
21 3.05191e+06
25 3.48132e+06
22 3.0526e+06
49 7.25682e+06
Thế hệ thứ: 17
50 8.83005e+06
20 2.98066e+06
45 6.80521e+06
49 7.25682e+06
41 5.74409e+06
39 5.19275e+06
29 3.82942e+06
34 4.61344e+06
23 3.09381e+06
33 4.31629e+06
37 4.70696e+06
30 4.07335e+06
28 3.68459e+06
32 4.22757e+06
31 4.12229e+06
27 3.55422e+06
35 4.63209e+06
38 5.02748e+06
38 5.02748e+06
26 3.5417e+06
21 3.05191e+06
22 3.0526e+06
25 3.43781e+06
36 4.6479e+06
Thế hệ thứ: 18
50 8.83005e+06
45 6.80521e+06
49 7.25682e+06
41 5.74409e+06
25 3.43781e+06
39 5.19275e+06
23 3.09381e+06
29 3.82942e+06
33 4.31629e+06
37 4.70696e+06
30 4.07335e+06
28 3.68459e+06
32 4.22757e+06
31 4.12229e+06
27 3.55422e+06
35 4.63209e+06
38 5.02748e+06
38 5.02748e+06
26 3.5417e+06
43 6.71059e+06
36 4.6479e+06
22 3.0526e+06
21 2.9628e+06
34 4.58268e+06
Thế hệ thứ: 19
50 8.83005e+06
21 2.9628e+06
49 7.25682e+06
41 5.74409e+06
36 4.6479e+06
43 6.71059e+06
45 6.80521e+06
25 3.43781e+06
39 5.19275e+06
23 3.09381e+06
37 4.70696e+06
33 4.31629e+06
34 4.58268e+06
28 3.68459e+06
31 4.12229e+06
27 3.55422e+06
35 4.63209e+06
22 3.0526e+06
38 5.02748e+06
38 5.02748e+06
32 4.18724e+06
26 3.533e+06
30 3.77844e+06
Thế hệ thứ: 20
50 8.83005e+06
21 2.9628e+06
49 7.25682e+06
41 5.74409e+06
36 4.6479e+06
43 6.71059e+06
45 6.80521e+06
25 3.43781e+06
39 5.19275e+06
30 3.77844e+06
23 3.09381e+06
28 3.68459e+06
31 4.12229e+06
33 4.31629e+06
37 4.70696e+06
34 4.58268e+06
32 4.18724e+06
27 3.55422e+06
35 4.63209e+06
22 3.0526e+06
38 5.02748e+06
38 5.02748e+06
26 3.533e+06
42 6.36165e+06
24 3.26287e+06
Thế hệ thứ: 21
50 8.83005e+06
21 2.9628e+06
49 7.25682e+06
41 5.74409e+06
45 6.80521e+06
42 6.36165e+06
39 5.19275e+06
36 4.6479e+06
24 3.26287e+06
43 6.71059e+06
28 3.68459e+06
31 4.12229e+06
33 4.31629e+06
37 4.70696e+06
34 4.58268e+06
23 3.09381e+06
32 4.18724e+06
27 3.55422e+06
35 4.63209e+06
22 3.0526e+06
38 5.02748e+06
38 5.02748e+06
26 3.533e+06
25 3.29358e+06
30 3.77844e+06
Thế hệ thứ: 22
50 8.83005e+06
49 7.25682e+06
41 5.74409e+06
45 6.80521e+06
42 6.36165e+06
39 5.19275e+06
36 4.6479e+06
36 4.6479e+06
43 6.71059e+06
30 3.77844e+06
28 3.68459e+06
31 4.12229e+06
33 4.31629e+06
37 4.70696e+06
34 4.58268e+06
25 3.29358e+06
26 3.533e+06
23 3.09381e+06
32 4.18724e+06
27 3.55422e+06
35 4.63209e+06
38 5.02748e+06
38 5.02748e+06
22 2.95084e+06
24 3.23277e+06
Thế hệ thứ: 23
50 8.83005e+06
45 6.80521e+06
22 2.95084e+06
49 7.25682e+06
41 5.74409e+06
42 6.36165e+06
39 5.19275e+06
36 4.6479e+06
36 4.6479e+06
43 6.71059e+06
30 3.77844e+06
28 3.68459e+06
31 4.12229e+06
37 4.70696e+06
34 4.58268e+06
25 3.29358e+06
23 3.09381e+06
26 3.533e+06
24 3.23277e+06
32 4.18724e+06
27 3.55422e+06
35 4.63209e+06
33 4.24932e+06
38 4.77834e+06
Thế hệ thứ: 24
50 8.83005e+06
45 6.80521e+06
22 2.95084e+06
49 7.25682e+06
38 4.77834e+06
41 5.74409e+06
39 5.19275e+06
42 6.36165e+06
36 4.6479e+06
36 4.6479e+06
43 6.71059e+06
30 3.77844e+06
28 3.68459e+06
31 4.12229e+06
33 4.24932e+06
37 4.70696e+06
34 4.58268e+06
25 3.29358e+06
26 3.533e+06
27 3.55422e+06
35 4.63209e+06
32 4.18724e+06
24 3.02904e+06
Thế hệ thứ: 25
50 8.83005e+06
45 6.80521e+06
22 2.95084e+06
49 7.25682e+06
38 4.77834e+06
41 5.74409e+06
39 5.19275e+06
42 6.36165e+06
36 4.6479e+06
36 4.6479e+06
43 6.71059e+06
30 3.77844e+06
24 3.02904e+06
25 3.29358e+06
28 3.68459e+06
31 4.12229e+06
37 4.70696e+06
33 4.24932e+06
34 4.58268e+06
26 3.533e+06
27 3.55422e+06
35 4.63209e+06
32 4.15801e+06
Thế hệ thứ: 26
50 8.83005e+06
22 2.95084e+06
38 4.77834e+06
49 7.25682e+06
41 5.74409e+06
39 5.19275e+06
42 6.36165e+06
20 2.91421e+06
36 4.6479e+06
36 4.6479e+06
30 3.77844e+06
24 3.02904e+06
25 3.29358e+06
28 3.68459e+06
37 4.70696e+06
33 4.24932e+06
34 4.58268e+06
31 4.12229e+06
26 3.533e+06
27 3.55422e+06
35 4.63209e+06
32 4.15801e+06
45 6.61761e+06
44 6.5679e+06
Thế hệ thứ: 27
45 6.61761e+06
50 8.83005e+06
20 2.91421e+06
36 4.6479e+06
36 4.6479e+06
38 4.77834e+06
49 7.25682e+06
41 5.74409e+06
30 3.77844e+06
39 5.19275e+06
42 6.36165e+06
24 3.02904e+06
22 2.95084e+06
25 3.29358e+06
44 6.5679e+06
37 4.70696e+06
33 4.24932e+06
28 3.68459e+06
34 4.58268e+06
31 4.12229e+06
26 3.533e+06
27 3.55422e+06
32 4.15801e+06
35 4.58559e+06
Thế hệ thứ: 28
45 6.61761e+06
50 8.83005e+06
20 2.91421e+06
38 4.77834e+06
49 7.25682e+06
41 5.74409e+06
30 3.77844e+06
39 5.19275e+06
42 6.36165e+06
24 3.02904e+06
22 2.95084e+06
25 3.29358e+06
44 6.5679e+06
33 4.24932e+06
28 3.68459e+06
31 4.12229e+06
34 4.58268e+06
26 3.533e+06
27 3.55422e+06
32 4.15801e+06
35 4.58559e+06
37 4.67405e+06
36 4.62464e+06
Thế hệ thứ: 29
45 6.61761e+06
50 8.83005e+06
20 2.91421e+06
38 4.77834e+06
49 7.25682e+06
41 5.74409e+06
30 3.77844e+06
39 5.19275e+06
42 6.36165e+06
24 3.02904e+06
22 2.95084e+06
25 3.29358e+06
44 6.5679e+06
36 4.62464e+06
33 4.24932e+06
28 3.68459e+06
31 4.12229e+06
34 4.58268e+06
26 3.533e+06
37 4.67405e+06
27 3.55422e+06
32 4.15801e+06
35 4.58559e+06
Thế hệ thứ: 30
45 6.61761e+06
50 8.83005e+06
20 2.91421e+06
38 4.77834e+06
49 7.25682e+06
41 5.74409e+06
30 3.77844e+06
39 5.19275e+06
42 6.36165e+06
24 3.02904e+06
22 2.95084e+06
25 3.29358e+06
44 6.5679e+06
36 4.62464e+06
28 3.68459e+06
31 4.12229e+06
26 3.533e+06
37 4.67405e+06
27 3.55422e+06
32 4.15801e+06
29 3.77079e+06
35 4.23747e+06
23 3.02851e+06
Thế hệ thứ: 31
45 6.61761e+06
50 8.83005e+06
20 2.91421e+06
38 4.77834e+06
49 7.25682e+06
41 5.74409e+06
35 4.23747e+06
39 5.19275e+06
42 6.36165e+06
32 4.15801e+06
25 3.29358e+06
44 6.5679e+06
36 4.62464e+06
31 4.12229e+06
30 3.77844e+06
28 3.68459e+06
37 4.67405e+06
27 3.55422e+06
29 3.77079e+06
26 3.52224e+06
24 2.94538e+06
Thế hệ thứ: 32
45 6.61761e+06
50 8.83005e+06
20 2.91421e+06
38 4.77834e+06
49 7.25682e+06
41 5.74409e+06
24 2.94538e+06
39 5.19275e+06
35 4.23747e+06
25 3.29358e+06
32 4.15801e+06
44 6.5679e+06
36 4.62464e+06
31 4.12229e+06
30 3.77844e+06
26 3.52224e+06
28 3.68459e+06
27 3.55422e+06
27 3.55422e+06
37 4.67405e+06
29 3.77079e+06
42 5.74445e+06
40 5.5873e+06
Thế hệ thứ: 33
45 6.61761e+06
50 8.83005e+06
20 2.91421e+06
49 7.25682e+06
44 6.5679e+06
42 5.74445e+06
35 4.23747e+06
24 2.94538e+06
39 5.19275e+06
25 3.29358e+06
40 5.5873e+06
32 4.15801e+06
31 4.12229e+06
30 3.77844e+06
28 3.68459e+06
41 5.74409e+06
37 4.67405e+06
29 3.77079e+06
27 3.55422e+06
27 3.55422e+06
36 4.55591e+06
26 3.44065e+06
38 4.75811e+06
17 2.80362e+06
Thế hệ thứ: 34
45 6.61761e+06
50 8.83005e+06
17 2.80362e+06
42 5.74445e+06
49 7.25682e+06
44 6.5679e+06
20 2.91421e+06
24 2.94538e+06
39 5.19275e+06
35 4.23747e+06
40 5.5873e+06
38 4.75811e+06
25 3.29358e+06
32 4.15801e+06
36 4.55591e+06
31 4.12229e+06
30 3.77844e+06
26 3.44065e+06
28 3.68459e+06
37 4.67405e+06
41 5.74409e+06
29 3.77079e+06
27 3.55422e+06
27 3.55422e+06
Thế hệ thứ: 35
45 6.61761e+06
50 8.83005e+06
17 2.80362e+06
42 5.74445e+06
49 7.25682e+06
44 6.5679e+06
20 2.91421e+06
24 2.94538e+06
39 5.19275e+06
35 4.23747e+06
40 5.5873e+06
38 4.75811e+06
25 3.29358e+06
32 4.15801e+06
36 4.55591e+06
31 4.12229e+06
30 3.77844e+06
28 3.68459e+06
37 4.67405e+06
41 5.74409e+06
29 3.77079e+06
27 3.55422e+06
27 3.55422e+06
34 4.20954e+06
26 3.41655e+06
Thế hệ thứ: 36
45 6.61761e+06
50 8.83005e+06
17 2.80362e+06
42 5.74445e+06
49 7.25682e+06
44 6.5679e+06
20 2.91421e+06
24 2.94538e+06
39 5.19275e+06
40 5.5873e+06
38 4.75811e+06
34 4.20954e+06
25 3.29358e+06
36 4.55591e+06
31 4.12229e+06
30 3.77844e+06
35 4.23747e+06
32 4.15801e+06
26 3.41655e+06
28 3.68459e+06
37 4.67405e+06
41 5.74409e+06
27 3.55422e+06
27 3.55422e+06
29 3.74416e+06
Thế hệ thứ: 37
45 6.61761e+06
50 8.83005e+06
42 5.74445e+06
49 7.25682e+06
44 6.5679e+06
20 2.91421e+06
24 2.94538e+06
39 5.19275e+06
40 5.5873e+06
38 4.75811e+06
34 4.20954e+06
36 4.55591e+06
31 4.12229e+06
29 3.74416e+06
30 3.77844e+06
35 4.23747e+06
32 4.15801e+06
26 3.41655e+06
37 4.67405e+06
28 3.68459e+06
41 5.74409e+06
25 3.11023e+06
27 3.55422e+06
27 3.55422e+06
17 2.78774e+06
Thế hệ thứ: 38
45 6.61761e+06
50 8.83005e+06
42 5.74445e+06
38 4.75811e+06
17 2.78774e+06
49 7.25682e+06
20 2.91421e+06
44 6.5679e+06
39 5.19275e+06
24 2.94538e+06
40 5.5873e+06
27 3.55422e+06
27 3.55422e+06
25 3.11023e+06
26 3.41655e+06
36 4.55591e+06
31 4.12229e+06
29 3.74416e+06
30 3.77844e+06
35 4.23747e+06
32 4.15801e+06
34 4.20954e+06
37 4.67405e+06
28 3.68459e+06
41 5.74409e+06
Thế hệ thứ: 39
45 6.61761e+06
50 8.83005e+06
42 5.74445e+06
38 4.75811e+06
17 2.78774e+06
49 7.25682e+06
20 2.91421e+06
44 6.5679e+06
39 5.19275e+06
24 2.94538e+06
40 5.5873e+06
27 3.55422e+06
27 3.55422e+06
25 3.11023e+06
26 3.41655e+06
36 4.55591e+06
31 4.12229e+06
29 3.74416e+06
30 3.77844e+06
35 4.23747e+06
32 4.15801e+06
34 4.20954e+06
37 4.67405e+06
28 3.68459e+06
41 5.74409e+06
18 2.86861e+06
Thế hệ thứ: 40
42 5.74445e+06
42 5.74445e+06
38 4.75811e+06
17 2.78774e+06
45 6.61761e+06
50 8.83005e+06
49 7.25682e+06
44 6.5679e+06
39 5.19275e+06
20 2.91421e+06
24 2.94538e+06
40 5.5873e+06
25 3.11023e+06
27 3.49774e+06
36 4.55591e+06
31 4.12229e+06
29 3.74416e+06
30 3.77844e+06
35 4.23747e+06
18 2.86861e+06
32 4.15801e+06
34 4.20954e+06
37 4.67405e+06
28 3.68459e+06
41 5.74409e+06
26 3.33587e+06
Thế hệ thứ: 41
42 5.74445e+06
42 5.74445e+06
38 4.75811e+06
17 2.78774e+06
45 6.61761e+06
50 8.83005e+06
26 3.33587e+06
49 7.25682e+06
44 6.5679e+06
39 5.19275e+06
20 2.91421e+06
24 2.94538e+06
40 5.5873e+06
25 3.11023e+06
30 3.77844e+06
29 3.74416e+06
27 3.49774e+06
35 4.23747e+06
18 2.86861e+06
32 4.15801e+06
34 4.20954e+06
28 3.68459e+06
37 4.67405e+06
41 5.74409e+06
31 3.87101e+06
36 4.33564e+06
Thế hệ thứ: 42
45 6.61761e+06
50 8.83005e+06
42 5.74445e+06
42 5.74445e+06
38 4.75811e+06
26 3.33587e+06
49 7.25682e+06
44 6.5679e+06
39 5.19275e+06
24 2.94538e+06
40 5.5873e+06
32 4.15801e+06
36 4.33564e+06
37 4.67405e+06
25 3.11023e+06
31 3.87101e+06
27 3.49774e+06
34 4.20954e+06
28 3.68459e+06
41 5.74409e+06
29 3.74416e+06
30 3.77844e+06
35 4.23747e+06
23 2.78536e+06
16 2.77793e+06
Thế hệ thứ: 43
45 6.61761e+06
50 8.83005e+06
26 3.30329e+06
39 5.19275e+06
16 2.77793e+06
49 7.25682e+06
42 5.74445e+06
42 5.74445e+06
23 2.78536e+06
44 6.5679e+06
40 5.5873e+06
38 4.75811e+06
32 4.15801e+06
36 4.33564e+06
37 4.67405e+06
25 3.11023e+06
31 3.87101e+06
27 3.49774e+06
24 2.94538e+06
34 4.20954e+06
28 3.68459e+06
29 3.74416e+06
30 3.77844e+06
35 4.23747e+06
41 5.7368e+06
Thế hệ thứ: 44
45 6.61761e+06
50 8.83005e+06
26 3.30329e+06
39 5.19275e+06
16 2.77793e+06
49 7.25682e+06
42 5.74445e+06
42 5.74445e+06
23 2.78536e+06
44 6.5679e+06
38 4.75811e+06
32 4.15801e+06
36 4.33564e+06
37 4.67405e+06
27 3.49774e+06
31 3.87101e+06
25 3.11023e+06
24 2.94538e+06
28 3.68459e+06
41 5.7368e+06
29 3.74416e+06
30 3.77844e+06
35 4.23747e+06
34 4.1716e+06
40 5.57163e+06
Thế hệ thứ: 45
45 6.61761e+06
50 8.83005e+06
26 3.30329e+06
39 5.19275e+06
16 2.77793e+06
49 7.25682e+06
42 5.74445e+06
42 5.74445e+06
23 2.78536e+06
34 4.1716e+06
44 6.5679e+06
40 5.57163e+06
38 4.75811e+06
32 4.15801e+06
36 4.33564e+06
37 4.67405e+06
27 3.49774e+06
31 3.87101e+06
25 3.11023e+06
24 2.94538e+06
28 3.68459e+06
41 5.7368e+06
35 4.23747e+06
29 3.74416e+06
30 3.77844e+06
15 2.77029e+06
Thế hệ thứ: 46
45 6.61761e+06
50 8.83005e+06
34 4.1716e+06
44 6.5679e+06
15 2.77029e+06
49 7.25682e+06
42 5.74445e+06
42 5.74445e+06
23 2.78536e+06
16 2.77793e+06
26 3.30329e+06
40 5.57163e+06
38 4.75811e+06
32 4.15801e+06
36 4.33564e+06
37 4.67405e+06
27 3.49774e+06
31 3.87101e+06
25 3.11023e+06
24 2.94538e+06
28 3.68459e+06
41 5.7368e+06
35 4.23747e+06
29 3.74416e+06
30 3.77844e+06
39 5.14237e+06
Thế hệ thứ: 47
45 6.61761e+06
34 4.1716e+06
44 6.5679e+06
15 2.77029e+06
49 7.25682e+06
42 5.74445e+06
42 5.74445e+06
23 2.78536e+06
16 2.77793e+06
39 5.14237e+06
40 5.57163e+06
32 4.15801e+06
38 4.75811e+06
36 4.33564e+06
37 4.67405e+06
26 3.30329e+06
31 3.87101e+06
25 3.11023e+06
24 2.94538e+06
28 3.68459e+06
41 5.7368e+06
35 4.23747e+06
29 3.74416e+06
30 3.77844e+06
27 3.44444e+06
50 8.74162e+06
Thế hệ thứ: 48
34 4.1716e+06
44 6.5679e+06
15 2.77029e+06
50 8.74162e+06
49 7.25682e+06
45 6.61761e+06
23 2.78536e+06
16 2.77793e+06
39 5.14237e+06
40 5.57163e+06
32 4.15801e+06
38 4.75811e+06
36 4.33564e+06
37 4.67405e+06
27 3.44444e+06
31 3.87101e+06
25 3.11023e+06
26 3.30329e+06
24 2.94538e+06
28 3.68459e+06
42 5.70191e+06
35 4.23747e+06
29 3.74416e+06
29 3.74416e+06
30 3.77844e+06
46 7.10461e+06
Thế hệ thứ: 49
34 4.1716e+06
44 6.5679e+06
15 2.77029e+06
50 8.74162e+06
49 7.25682e+06
16 2.77793e+06
35 4.23747e+06
42 5.70191e+06
23 2.78536e+06
46 7.10461e+06
45 6.61761e+06
32 4.15801e+06
38 4.75811e+06
36 4.33564e+06
37 4.67405e+06
27 3.44444e+06
31 3.87101e+06
25 3.11023e+06
26 3.30329e+06
24 2.94538e+06
28 3.68459e+06
29 3.74416e+06
29 3.74416e+06
30 3.77844e+06
39 4.84575e+06
40 5.54893e+06

