Thế hệ thứ: 0
79 2.48341e+07
19 5.5604e+06
74 2.3002e+07
52 1.60093e+07
24 7.28409e+06
16 3.26666e+06
30 7.74369e+06
18 3.81205e+06
21 6.02781e+06
20 5.77558e+06
44 1.48863e+07
71 2.19722e+07
55 1.97017e+07
43 1.14938e+07
67 1.98276e+07
Thế hệ thứ: 1
79 2.48341e+07
19 5.5604e+06
67 1.98276e+07
16 3.26666e+06
30 7.74369e+06
71 2.19722e+07
24 7.28409e+06
74 2.3002e+07
18 3.81205e+06
44 1.14241e+07
22 5.75531e+06
54 1.69428e+07
59 1.74431e+07
60 1.81494e+07
52 1.4427e+07
36 1.13865e+07
Thế hệ thứ: 2
79 2.48341e+07
19 5.5604e+06
74 2.3002e+07
67 1.98276e+07
16 3.26666e+06
52 1.4427e+07
44 1.14241e+07
30 7.74369e+06
71 2.19722e+07
54 1.69428e+07
60 1.81494e+07
18 3.81205e+06
59 1.74431e+07
40 1.05198e+07
26 5.59947e+06
53 1.57925e+07
Thế hệ thứ: 3
79 2.48341e+07
67 1.98276e+07
16 3.26666e+06
26 5.59947e+06
40 1.05198e+07
30 7.74369e+06
44 1.14241e+07
52 1.4427e+07
74 2.3002e+07
71 2.19722e+07
60 1.81494e+07
18 3.81205e+06
34 9.19591e+06
59 1.74431e+07
53 1.57925e+07
48 1.31736e+07
35 9.37279e+06
58 1.68139e+07
80 2.96119e+07
69 2.16158e+07
20 5.29858e+06
70 2.17533e+07
Thế hệ thứ: 4
74 2.3002e+07
67 1.98276e+07
16 3.26666e+06
80 2.96119e+07
79 2.48341e+07
48 1.31736e+07
70 2.17533e+07
26 5.59947e+06
44 1.14241e+07
60 1.81494e+07
20 5.29858e+06
53 1.57925e+07
52 1.4427e+07
58 1.68139e+07
35 9.37279e+06
59 1.74431e+07
34 9.19591e+06
18 3.81205e+06
69 2.16158e+07
71 2.19722e+07
50 1.43373e+07
46 1.20925e+07
41 1.03258e+07
27 6.81133e+06
78 2.46631e+07
33 9.16577e+06
39 9.66993e+06
31 7.34022e+06
Thế hệ thứ: 5
74 2.3002e+07
67 1.98276e+07
16 3.26666e+06
79 2.48341e+07
60 1.81494e+07
20 5.29858e+06
31 7.34022e+06
26 5.59947e+06
58 1.68139e+07
70 2.17533e+07
78 2.46631e+07
44 1.14241e+07
41 1.03258e+07
18 3.81205e+06
39 9.66993e+06
46 1.20925e+07
71 2.19722e+07
35 9.37279e+06
59 1.74431e+07
56 1.31436e+07
86 2.96214e+07
69 2.06563e+07
34 8.94212e+06
22 5.54818e+06
29 6.49419e+06
81 2.89864e+07
Thế hệ thứ: 6
67 1.98276e+07
16 3.26666e+06
58 1.68139e+07
56 1.31436e+07
60 1.81494e+07
74 2.3002e+07
31 7.34022e+06
29 6.49419e+06
26 5.59947e+06
18 3.81205e+06
46 1.02893e+07
39 9.66993e+06
69 2.06563e+07
71 2.19722e+07
22 5.54818e+06
59 1.74431e+07
70 2.17533e+07
83 2.83561e+07
42 1.00971e+07
79 2.43535e+07
38 7.80121e+06
86 2.92497e+07
20 5.07649e+06
28 6.10275e+06
40 1.0046e+07
Thế hệ thứ: 7
67 1.98276e+07
16 3.26666e+06
86 2.92497e+07
58 1.68139e+07
56 1.31436e+07
79 2.43535e+07
46 1.02893e+07
83 2.83561e+07
60 1.81494e+07
74 2.3002e+07
38 7.80121e+06
31 7.34022e+06
18 3.81205e+06
69 2.06563e+07
20 5.07649e+06
80 2.79751e+07
40 1.0046e+07
39 9.66993e+06
26 5.59947e+06
49 1.25945e+07
71 2.19722e+07
42 1.00971e+07
29 6.49419e+06
29 6.49419e+06
59 1.74431e+07
70 2.17533e+07
28 6.10275e+06
63 1.96805e+07
22 5.53388e+06
57 1.56464e+07
21 5.52727e+06
Thế hệ thứ: 8
74 2.3002e+07
16 3.26666e+06
49 1.25945e+07
79 2.43535e+07
38 7.80121e+06
56 1.31436e+07
80 2.79751e+07
40 1.0046e+07
39 9.66993e+06
46 1.02893e+07
31 7.34022e+06
57 1.56464e+07
63 1.96805e+07
60 1.81494e+07
83 2.83561e+07
18 3.81205e+06
67 1.98276e+07
20 5.07649e+06
69 2.06563e+07
26 5.59947e+06
71 2.19722e+07
58 1.68139e+07
42 1.00971e+07
59 1.74431e+07
70 2.17533e+07
28 6.10275e+06
22 5.53388e+06
29 6.49419e+06
29 6.49419e+06
21 5.52727e+06
86 2.86082e+07
72 2.2897e+07
47 1.15103e+07
Thế hệ thứ: 9
40 1.0046e+07
39 9.66993e+06
47 1.15103e+07
16 3.26666e+06
31 7.34022e+06
38 7.80121e+06
56 1.31436e+07
49 1.25945e+07
57 1.56464e+07
63 1.96805e+07
74 2.3002e+07
60 1.81494e+07
18 3.81205e+06
46 1.02893e+07
67 1.98276e+07
20 5.07649e+06
69 2.06563e+07
89 2.78357e+07
58 1.68139e+07
42 1.00971e+07
72 2.2897e+07
59 1.74431e+07
70 2.17533e+07
28 6.10275e+06
71 2.19722e+07
29 6.49419e+06
29 6.49419e+06
80 2.42123e+07
26 5.5076e+06
Thế hệ thứ: 10
47 1.15103e+07
16 3.26666e+06
89 2.78357e+07
38 7.80121e+06
38 7.80121e+06
56 1.31436e+07
80 2.42123e+07
49 1.25945e+07
69 2.06563e+07
20 5.07649e+06
57 1.56464e+07
31 7.34022e+06
74 2.3002e+07
26 5.5076e+06
29 5.86936e+06
18 3.81205e+06
46 1.02893e+07
67 1.98276e+07
40 1.0046e+07
39 9.66993e+06
58 1.68139e+07
42 1.00971e+07
72 2.2897e+07
70 2.17533e+07
71 2.19722e+07
63 1.70011e+07
30 6.97738e+06
Thế hệ thứ: 11
67 1.98276e+07
47 1.15103e+07
16 3.26666e+06
89 2.78357e+07
56 1.31436e+07
80 2.42123e+07
63 1.70011e+07
49 1.25945e+07
69 2.06563e+07
20 5.07649e+06
57 1.56464e+07
74 2.3002e+07
26 5.5076e+06
58 1.68139e+07
29 5.86936e+06
18 3.81205e+06
46 1.02893e+07
39 9.66993e+06
38 7.80121e+06
38 7.80121e+06
72 2.2897e+07
70 2.17533e+07
71 2.19722e+07
32 6.66219e+06
30 6.1806e+06
42 9.8168e+06
19 5.07632e+06
65 1.92438e+07
Thế hệ thứ: 12
47 1.15103e+07
16 3.26666e+06
89 2.78357e+07
56 1.31436e+07
80 2.42123e+07
63 1.70011e+07
32 6.66219e+06
49 1.25945e+07
58 1.42765e+07
65 1.92438e+07
74 2.3002e+07
26 5.5076e+06
46 1.02893e+07
39 9.66993e+06
38 7.80121e+06
38 7.80121e+06
42 9.8168e+06
20 5.07649e+06
69 2.06563e+07
29 5.86936e+06
18 3.81205e+06
67 1.98276e+07
72 2.2897e+07
70 2.17533e+07
19 5.07632e+06
30 6.1806e+06
71 2.19722e+07
37 7.40421e+06
83 2.43265e+07
Thế hệ thứ: 13
16 3.26666e+06
32 6.58677e+06
47 1.15103e+07
89 2.78357e+07
63 1.70011e+07
80 2.42123e+07
56 1.31436e+07
83 2.43265e+07
58 1.42765e+07
49 1.25945e+07
65 1.92438e+07
74 2.3002e+07
26 5.5076e+06
46 1.02893e+07
39 9.66993e+06
37 7.40421e+06
42 9.8168e+06
20 5.07649e+06
69 2.06563e+07
29 5.86936e+06
18 3.81205e+06
67 1.98276e+07
38 7.80121e+06
38 7.80121e+06
72 2.2897e+07
70 2.17533e+07
19 5.07632e+06
30 6.1806e+06
71 2.19722e+07
34 6.69259e+06
Thế hệ thứ: 14
16 3.26666e+06
32 6.58677e+06
47 1.15103e+07
89 2.78357e+07
63 1.70011e+07
80 2.42123e+07
56 1.31436e+07
83 2.43265e+07
58 1.42765e+07
49 1.25945e+07
65 1.92438e+07
74 2.3002e+07
26 5.5076e+06
46 1.02893e+07
22 5.46669e+06
42 9.8168e+06
20 5.07649e+06
29 5.86936e+06
18 3.81205e+06
67 1.98276e+07
34 6.69259e+06
37 7.40421e+06
38 7.80121e+06
38 7.80121e+06
72 2.2897e+07
70 2.17533e+07
30 6.1806e+06
71 2.19722e+07
69 2.02069e+07
61 1.56044e+07
39 9.41905e+06
19 5.04981e+06
Thế hệ thứ: 15
16 3.26666e+06
32 6.58677e+06
39 9.41905e+06
89 2.78357e+07
80 2.42123e+07
56 1.31436e+07
83 2.43265e+07
63 1.70011e+07
61 1.56044e+07
65 1.92438e+07
58 1.42765e+07
46 1.02893e+07
42 9.8168e+06
69 2.02069e+07
29 5.86936e+06
18 3.81205e+06
26 5.5076e+06
37 7.40421e+06
22 5.46669e+06
38 7.80121e+06
38 7.80121e+06
19 5.04981e+06
30 6.1806e+06
20 5.07649e+06
52 1.14662e+07
77 2.16286e+07
67 1.97413e+07
34 6.67765e+06
Thế hệ thứ: 16
16 3.26666e+06
32 6.58677e+06
39 9.41905e+06
89 2.78357e+07
77 2.16286e+07
83 2.43265e+07
46 1.02893e+07
69 2.02069e+07
22 5.46669e+06
52 1.14662e+07
63 1.70011e+07
56 1.31436e+07
80 2.42123e+07
61 1.56044e+07
58 1.42765e+07
67 1.97413e+07
65 1.92438e+07
42 9.8168e+06
29 5.86936e+06
18 3.81205e+06
26 5.5076e+06
34 6.67765e+06
37 7.40421e+06
38 7.80121e+06
38 7.80121e+06
19 5.04981e+06
30 6.1806e+06
20 5.07649e+06
23 5.47564e+06
Thế hệ thứ: 17
16 3.26666e+06
32 6.58677e+06
39 9.41905e+06
89 2.78357e+07
77 2.16286e+07
83 2.43265e+07
46 1.02893e+07
52 1.14662e+07
63 1.70011e+07
56 1.31436e+07
80 2.42123e+07
61 1.56044e+07
58 1.42765e+07
42 9.8168e+06
29 5.86936e+06
18 3.81205e+06
34 6.67765e+06
26 5.5076e+06
38 7.80121e+06
38 7.80121e+06
30 6.1806e+06
70 1.79027e+07
37 7.3764e+06
17 3.60274e+06
23 4.94574e+06
41 9.58972e+06
60 1.55504e+07
Thế hệ thứ: 18
16 3.26666e+06
32 6.58677e+06
39 9.41905e+06
89 2.78357e+07
77 2.16286e+07
70 1.79027e+07
83 2.43265e+07
46 1.02893e+07
52 1.14662e+07
56 1.31436e+07
80 2.42123e+07
23 4.94574e+06
41 9.58972e+06
58 1.42765e+07
29 5.86936e+06
18 3.81205e+06
26 5.5076e+06
34 6.67765e+06
37 7.3764e+06
61 1.56044e+07
85 2.76295e+07
42 9.8168e+06
60 1.55504e+07
38 7.80121e+06
38 7.80121e+06
30 6.1806e+06
17 3.60274e+06
64 1.58317e+07
22 4.73329e+06
25 5.4618e+06
Thế hệ thứ: 19
16 3.26666e+06
39 9.41905e+06
89 2.78357e+07
42 9.8168e+06
85 2.76295e+07
70 1.79027e+07
77 2.16286e+07
52 1.14662e+07
64 1.58317e+07
17 3.60274e+06
83 2.43265e+07
46 1.02893e+07
56 1.31436e+07
80 2.42123e+07
41 9.58972e+06
58 1.42765e+07
22 4.73329e+06
29 5.86936e+06
18 3.81205e+06
34 6.67765e+06
37 7.3764e+06
60 1.55504e+07
26 5.5076e+06
23 4.94574e+06
30 6.1806e+06
61 1.56044e+07
25 5.4618e+06
71 1.81795e+07
32 6.27534e+06
38 7.52894e+06
Thế hệ thứ: 20
71 1.81795e+07
16 3.26666e+06
39 9.41905e+06
89 2.78357e+07
77 2.16286e+07
52 1.14662e+07
42 9.8168e+06
85 2.76295e+07
64 1.58317e+07
17 3.60274e+06
83 2.43265e+07
46 1.02893e+07
56 1.31436e+07
80 2.42123e+07
70 1.79027e+07
41 9.58972e+06
58 1.42765e+07
22 4.73329e+06
29 5.86936e+06
18 3.81205e+06
34 6.67765e+06
38 7.52894e+06
60 1.55504e+07
37 7.3764e+06
32 6.27534e+06
26 5.5076e+06
23 4.94574e+06
61 1.56044e+07
25 5.4618e+06
55 1.29608e+07
30 6.1806e+06
24 5.46117e+06
36 7.15739e+06
Thế hệ thứ: 21
71 1.81795e+07
16 3.26666e+06
39 9.41905e+06
89 2.78357e+07
77 2.16286e+07
52 1.14662e+07
42 9.8168e+06
85 2.76295e+07
64 1.58317e+07
17 3.60274e+06
83 2.43265e+07
46 1.02893e+07
70 1.79027e+07
41 9.58972e+06
58 1.42765e+07
55 1.29608e+07
22 4.73329e+06
18 3.81205e+06
38 7.52894e+06
60 1.55504e+07
56 1.31436e+07
34 6.67765e+06
32 6.27534e+06
26 5.5076e+06
36 7.15739e+06
61 1.56044e+07
23 4.94574e+06
24 5.46117e+06
37 7.3764e+06
25 5.4618e+06
31 6.2358e+06
30 5.80435e+06
80 2.36883e+07
Thế hệ thứ: 22
39 9.41905e+06
89 2.78357e+07
71 1.81795e+07
16 3.26666e+06
77 2.16286e+07
52 1.14662e+07
30 5.80435e+06
83 2.43265e+07
42 9.8168e+06
85 2.76295e+07
64 1.58317e+07
17 3.60274e+06
46 1.02893e+07
61 1.56044e+07
80 2.36883e+07
70 1.79027e+07
41 9.58972e+06
58 1.42765e+07
55 1.29608e+07
22 4.73329e+06
18 3.81205e+06
38 7.52894e+06
60 1.55504e+07
56 1.31436e+07
34 6.67765e+06
31 6.2358e+06
26 5.5076e+06
36 7.15739e+06
32 6.27534e+06
23 4.94574e+06
24 5.46117e+06
37 7.3764e+06
25 5.4618e+06
20 4.67041e+06
53 1.28589e+07
48 1.08213e+07
Thế hệ thứ: 23
39 9.41905e+06
89 2.78357e+07
71 1.81795e+07
16 3.26666e+06
77 2.16286e+07
30 5.80435e+06
83 2.43265e+07
42 9.8168e+06
85 2.76295e+07
64 1.58317e+07
17 3.60274e+06
61 1.56044e+07
80 2.36883e+07
70 1.79027e+07
41 9.58972e+06
58 1.42765e+07
52 1.14662e+07
48 1.08213e+07
38 7.52894e+06
22 4.73329e+06
60 1.55504e+07
56 1.31436e+07
20 4.67041e+06
34 6.67765e+06
18 3.81205e+06
31 6.2358e+06
26 5.5076e+06
36 7.15739e+06
32 6.27534e+06
53 1.23496e+07
55 1.29608e+07
22 4.73329e+06
24 5.46117e+06
37 7.3764e+06
25 5.4618e+06
46 1.00001e+07
23 4.87381e+06
Thế hệ thứ: 24
89 2.78357e+07
71 1.81795e+07
16 3.26666e+06
77 2.16286e+07
30 5.80435e+06
83 2.43265e+07
42 9.8168e+06
85 2.76295e+07
64 1.58317e+07
17 3.60274e+06
61 1.56044e+07
80 2.36883e+07
70 1.79027e+07
41 9.58972e+06
58 1.42765e+07
48 1.08213e+07
52 1.14662e+07
46 1.00001e+07
38 7.52894e+06
53 1.23496e+07
22 4.73329e+06
60 1.55504e+07
56 1.31436e+07
20 4.67041e+06
34 6.67765e+06
18 3.81205e+06
31 6.2358e+06
26 5.5076e+06
55 1.29608e+07
36 7.15739e+06
32 6.27534e+06
23 4.87381e+06
37 7.3764e+06
25 5.4618e+06
25 5.4618e+06
22 4.73329e+06
24 5.19085e+06
65 1.64514e+07
19 4.49932e+06
72 2.15845e+07
40 7.74233e+06
Thế hệ thứ: 25
89 2.78357e+07
71 1.81795e+07
16 3.26666e+06
30 5.80435e+06
83 2.43265e+07
20 4.67041e+06
72 2.15845e+07
42 9.8168e+06
85 2.76295e+07
77 2.16286e+07
61 1.56044e+07
80 2.36883e+07
65 1.64514e+07
41 9.58972e+06
58 1.42765e+07
70 1.79027e+07
48 1.08213e+07
52 1.14662e+07
40 7.74233e+06
46 1.00001e+07
53 1.23496e+07
22 4.73329e+06
60 1.55504e+07
56 1.31436e+07
34 6.67765e+06
64 1.58317e+07
17 3.60274e+06
31 6.2358e+06
26 5.5076e+06
55 1.29608e+07
36 7.15739e+06
18 3.81205e+06
19 4.49932e+06
32 6.27534e+06
38 7.52894e+06
24 5.19085e+06
23 4.87381e+06
37 7.3764e+06
25 5.4618e+06
25 5.4618e+06
22 4.73329e+06
Thế hệ thứ: 26
71 1.81795e+07
16 3.26666e+06
30 5.80435e+06
83 2.43265e+07
20 4.67041e+06
42 9.8168e+06
77 2.16286e+07
41 9.10456e+06
61 1.56044e+07
80 2.36883e+07
65 1.64514e+07
58 1.42765e+07
70 1.79027e+07
48 1.08213e+07
52 1.14662e+07
33 6.53189e+06
40 7.74233e+06
46 1.00001e+07
53 1.23496e+07
22 4.73329e+06
60 1.55504e+07
56 1.31436e+07
34 6.67765e+06
64 1.58317e+07
17 3.60274e+06
31 6.2358e+06
26 5.5076e+06
55 1.29608e+07
36 7.15739e+06
18 3.81205e+06
19 4.49932e+06
32 6.27534e+06
38 7.52894e+06
24 5.19085e+06
23 4.87381e+06
37 7.3764e+06
22 4.73329e+06
25 5.4618e+06
25 5.4618e+06
76 1.97723e+07
89 2.67066e+07
78 2.30695e+07
Thế hệ thứ: 27
71 1.81795e+07
16 3.26666e+06
76 1.97723e+07
89 2.67066e+07
52 1.14662e+07
21 4.71239e+06
30 5.80435e+06
83 2.43265e+07
58 1.42765e+07
65 1.64514e+07
77 2.16286e+07
70 1.79027e+07
78 2.30695e+07
48 1.08213e+07
46 1.00001e+07
61 1.56044e+07
41 9.10456e+06
80 2.36883e+07
40 7.74233e+06
42 9.8168e+06
53 1.23496e+07
22 4.73329e+06
60 1.55504e+07
56 1.31436e+07
64 1.58317e+07
17 3.60274e+06
31 6.2358e+06
26 5.5076e+06
55 1.29608e+07
36 7.15739e+06
34 6.67765e+06
18 3.81205e+06
38 7.52894e+06
24 5.19085e+06
20 4.67041e+06
23 4.87381e+06
37 7.3764e+06
32 6.27534e+06
22 4.73329e+06
25 5.4618e+06
25 5.4618e+06
27 5.63318e+06
19 4.28158e+06
33 6.28602e+06
Thế hệ thứ: 28
71 1.81795e+07
16 3.26666e+06
76 1.97723e+07
52 1.14662e+07
89 2.67066e+07
21 4.71239e+06
30 5.80435e+06
83 2.43265e+07
58 1.42765e+07
65 1.64514e+07
77 2.16286e+07
70 1.79027e+07
78 2.30695e+07
48 1.08213e+07
46 1.00001e+07
61 1.56044e+07
41 9.10456e+06
80 2.36883e+07
40 7.74233e+06
42 9.8168e+06
53 1.23496e+07
22 4.73329e+06
60 1.55504e+07
56 1.31436e+07
33 6.28602e+06
64 1.58317e+07
17 3.60274e+06
34 6.67765e+06
55 1.29608e+07
36 7.15739e+06
27 5.63318e+06
23 4.87381e+06
19 4.28158e+06
38 7.52894e+06
18 3.81205e+06
24 5.19085e+06
26 5.5076e+06
31 6.2358e+06
20 4.67041e+06
37 7.3764e+06
32 6.27534e+06
25 5.4618e+06
25 5.4618e+06
22 4.73329e+06
Thế hệ thứ: 29
19 4.21668e+06
71 1.81795e+07
16 3.26666e+06
76 1.97723e+07
52 1.14662e+07
89 2.67066e+07
21 4.71239e+06
30 5.80435e+06
83 2.43265e+07
58 1.42765e+07
65 1.64514e+07
77 2.16286e+07
70 1.79027e+07
78 2.30695e+07
48 1.08213e+07
46 1.00001e+07
61 1.56044e+07
41 9.10456e+06
80 2.36883e+07
40 7.74233e+06
42 9.8168e+06
53 1.23496e+07
22 4.73329e+06
60 1.55504e+07
56 1.31436e+07
33 6.28602e+06
64 1.58317e+07
17 3.60274e+06
34 6.67765e+06
55 1.29608e+07
36 7.15739e+06
27 5.63318e+06
23 4.87381e+06
38 7.52894e+06
18 3.81205e+06
24 5.19085e+06
31 6.2358e+06
20 4.67041e+06
37 7.3764e+06
32 6.27534e+06
25 5.4618e+06
25 5.4618e+06
22 4.73329e+06
26 5.50559e+06
Thế hệ thứ: 30
71 1.81795e+07
19 4.21668e+06
16 3.26666e+06
76 1.97723e+07
52 1.14662e+07
89 2.67066e+07
21 4.71239e+06
30 5.80435e+06
83 2.43265e+07
58 1.42765e+07
65 1.64514e+07
77 2.16286e+07
70 1.79027e+07
78 2.30695e+07
48 1.08213e+07
46 1.00001e+07
61 1.56044e+07
41 9.10456e+06
80 2.36883e+07
40 7.74233e+06
42 9.8168e+06
53 1.23496e+07
20 4.26868e+06
22 4.73329e+06
60 1.55504e+07
56 1.31436e+07
33 6.28602e+06
64 1.58317e+07
17 3.60274e+06
55 1.29608e+07
36 7.15739e+06
27 5.63318e+06
38 7.52894e+06
18 3.81205e+06
31 6.2358e+06
23 4.87381e+06
37 7.3764e+06
26 5.50559e+06
32 6.27534e+06
34 6.52069e+06
22 4.73329e+06
24 5.16068e+06
25 5.22046e+06
68 1.74599e+07
Thế hệ thứ: 31
76 1.97723e+07
52 1.14662e+07
89 2.67066e+07
71 1.81795e+07
19 4.21668e+06
16 3.26666e+06
48 1.08213e+07
78 2.30695e+07
21 4.71239e+06
30 5.80435e+06
83 2.43265e+07
77 2.16286e+07
58 1.42765e+07
68 1.74599e+07
46 1.00001e+07
65 1.64514e+07
61 1.56044e+07
41 9.10456e+06
80 2.36883e+07
40 7.74233e+06
53 1.23496e+07
22 4.73329e+06
20 4.26868e+06
60 1.55504e+07
56 1.31436e+07
64 1.58317e+07
17 3.60274e+06
22 4.73329e+06
34 6.52069e+06
36 7.15739e+06
55 1.29608e+07
70 1.79027e+07
27 5.63318e+06
38 7.52894e+06
18 3.81205e+06
23 4.87381e+06
26 5.50559e+06
37 7.3764e+06
24 5.16068e+06
25 5.22046e+06
32 6.27534e+06
31 5.82462e+06
44 9.74054e+06
33 6.28358e+06
Thế hệ thứ: 32
76 1.97723e+07
52 1.14662e+07
89 2.67066e+07
71 1.81795e+07
19 4.21668e+06
16 3.26666e+06
78 2.30695e+07
48 1.08213e+07
33 6.28358e+06
30 5.80435e+06
83 2.43265e+07
77 2.16286e+07
58 1.42765e+07
61 1.56044e+07
80 2.36883e+07
41 9.10456e+06
68 1.74599e+07
65 1.64514e+07
40 7.74233e+06
44 9.74054e+06
53 1.23496e+07
46 1.00001e+07
24 4.58187e+06
20 4.26868e+06
60 1.55504e+07
56 1.31436e+07
64 1.58317e+07
17 3.60274e+06
34 6.52069e+06
36 7.15739e+06
55 1.29608e+07
37 7.15897e+06
70 1.79027e+07
38 7.52894e+06
27 5.58691e+06
18 3.81205e+06
31 5.82462e+06
32 6.27534e+06
26 5.50559e+06
25 5.22046e+06
11 3.26399e+06
Thế hệ thứ: 33
11 3.26399e+06
76 1.97723e+07
52 1.14662e+07
89 2.67066e+07
78 2.30695e+07
48 1.08213e+07
33 6.28358e+06
30 5.80435e+06
83 2.43265e+07
77 2.16286e+07
71 1.81795e+07
19 4.21668e+06
58 1.42765e+07
61 1.56044e+07
80 2.36883e+07
41 9.10456e+06
68 1.74599e+07
40 7.74233e+06
20 4.26868e+06
60 1.55504e+07
24 4.58187e+06
24 4.58187e+06
44 9.74054e+06
53 1.23496e+07
46 1.00001e+07
56 1.31436e+07
16 3.26666e+06
64 1.58317e+07
17 3.60274e+06
55 1.29608e+07
70 1.79027e+07
37 7.15897e+06
36 7.15739e+06
25 5.22046e+06
18 3.81205e+06
27 5.58691e+06
38 7.52894e+06
31 5.82462e+06
32 6.27534e+06
26 5.50559e+06
35 6.85559e+06
34 6.36731e+06
65 1.59365e+07
59 1.43313e+07
Thế hệ thứ: 34
68 1.74599e+07
11 3.26399e+06
76 1.97723e+07
52 1.14662e+07
89 2.67066e+07
78 2.30695e+07
48 1.08213e+07
33 6.28358e+06
30 5.80435e+06
83 2.43265e+07
77 2.16286e+07
71 1.81795e+07
19 4.21668e+06
61 1.56044e+07
80 2.36883e+07
41 9.10456e+06
65 1.59365e+07
40 7.74233e+06
44 9.74054e+06
53 1.23496e+07
46 1.00001e+07
56 1.31436e+07
16 3.26666e+06
58 1.42765e+07
59 1.43313e+07
24 4.58187e+06
24 4.58187e+06
20 4.26868e+06
60 1.55504e+07
55 1.29608e+07
70 1.79027e+07
37 7.15897e+06
64 1.58317e+07
17 3.60274e+06
25 5.22046e+06
18 3.81205e+06
27 5.58691e+06
38 7.52894e+06
35 6.85559e+06
34 6.36731e+06
31 5.82462e+06
26 5.50559e+06
36 7.15739e+06
32 5.83112e+06
Thế hệ thứ: 35
68 1.74599e+07
11 3.26399e+06
76 1.97723e+07
52 1.14662e+07
89 2.67066e+07
78 2.30695e+07
48 1.08213e+07
33 6.28358e+06
30 5.80435e+06
83 2.43265e+07
77 2.16286e+07
71 1.81795e+07
19 4.21668e+06
61 1.56044e+07
80 2.36883e+07
41 9.10456e+06
65 1.59365e+07
40 7.74233e+06
44 9.74054e+06
53 1.23496e+07
46 1.00001e+07
56 1.31436e+07
16 3.26666e+06
58 1.42765e+07
59 1.43313e+07
24 4.58187e+06
24 4.58187e+06
20 4.26868e+06
60 1.55504e+07
55 1.29608e+07
70 1.79027e+07
37 7.15897e+06
64 1.58317e+07
17 3.60274e+06
25 5.22046e+06
18 3.81205e+06
27 5.58691e+06
38 7.52894e+06
35 6.85559e+06
34 6.36731e+06
32 5.83112e+06
26 5.50559e+06
31 5.82462e+06
36 6.90758e+06
Thế hệ thứ: 36
76 1.97723e+07
52 1.14662e+07
89 2.67066e+07
68 1.74599e+07
11 3.26399e+06
78 2.30695e+07
48 1.08213e+07
33 6.28358e+06
30 5.80435e+06
83 2.43265e+07
77 2.16286e+07
71 1.81795e+07
19 4.21668e+06
61 1.56044e+07
80 2.36883e+07
41 9.10456e+06
65 1.59365e+07
40 7.74233e+06
44 9.74054e+06
53 1.23496e+07
46 1.00001e+07
56 1.31436e+07
16 3.26666e+06
58 1.42765e+07
59 1.43313e+07
24 4.58187e+06
24 4.58187e+06
20 4.26868e+06
60 1.55504e+07
55 1.29608e+07
70 1.79027e+07
37 7.15897e+06
38 7.34102e+06
64 1.58317e+07
17 3.60274e+06
25 5.22046e+06
18 3.81205e+06
27 5.58691e+06
34 6.36731e+06
35 6.85559e+06
32 5.83112e+06
26 5.50559e+06
36 6.90758e+06
31 5.82462e+06
Thế hệ thứ: 37
68 1.74599e+07
11 3.26399e+06
76 1.97723e+07
52 1.14662e+07
89 2.67066e+07
78 2.30695e+07
48 1.08213e+07
33 6.28358e+06
30 5.80435e+06
83 2.43265e+07
77 2.16286e+07
71 1.81795e+07
19 4.21668e+06
61 1.56044e+07
80 2.36883e+07
41 9.10456e+06
65 1.59365e+07
40 7.74233e+06
44 9.74054e+06
53 1.23496e+07
46 1.00001e+07
56 1.31436e+07
16 3.26666e+06
58 1.42765e+07
59 1.43313e+07
24 4.58187e+06
24 4.58187e+06
20 4.26868e+06
60 1.55504e+07
55 1.29608e+07
70 1.79027e+07
37 7.15897e+06
64 1.58317e+07
17 3.60274e+06
38 7.34102e+06
25 5.22046e+06
18 3.81205e+06
27 5.58691e+06
34 6.36731e+06
35 6.85559e+06
32 5.83112e+06
26 5.50559e+06
36 6.90758e+06
31 5.82462e+06
85 2.46061e+07
Thế hệ thứ: 38
68 1.74599e+07
11 3.26399e+06
76 1.97723e+07
52 1.14662e+07
89 2.67066e+07
71 1.81795e+07
19 4.21668e+06
16 3.26666e+06
85 2.46061e+07
77 2.16286e+07
78 2.30695e+07
48 1.08213e+07
61 1.56044e+07
80 2.36883e+07
41 9.10456e+06
65 1.59365e+07
40 7.74233e+06
33 6.28358e+06
30 5.80435e+06
83 2.43265e+07
44 9.74054e+06
53 1.23496e+07
46 1.00001e+07
56 1.31436e+07
58 1.42765e+07
59 1.43313e+07
24 4.58187e+06
24 4.58187e+06
20 4.26868e+06
60 1.55504e+07
55 1.29608e+07
70 1.79027e+07
64 1.58317e+07
17 3.60274e+06
25 5.22046e+06
18 3.81205e+06
34 6.36731e+06
35 6.85559e+06
32 5.83112e+06
36 6.90758e+06
31 5.82462e+06
37 6.93234e+06
28 5.30286e+06
38 7.31349e+06
Thế hệ thứ: 39
68 1.74599e+07
11 3.26399e+06
76 1.97723e+07
52 1.14662e+07
89 2.67066e+07
71 1.81795e+07
19 4.21668e+06
16 3.26666e+06
85 2.46061e+07
77 2.16286e+07
78 2.30695e+07
48 1.08213e+07
61 1.56044e+07
80 2.36883e+07
41 9.10456e+06
65 1.59365e+07
40 7.74233e+06
30 5.80435e+06
83 2.43265e+07
44 9.74054e+06
53 1.23496e+07
46 1.00001e+07
56 1.31436e+07
58 1.42765e+07
28 5.30286e+06
25 5.22046e+06
59 1.43313e+07
24 4.58187e+06
24 4.58187e+06
20 4.26868e+06
60 1.55504e+07
38 7.31349e+06
55 1.29608e+07
70 1.79027e+07
64 1.58317e+07
17 3.60274e+06
18 3.81205e+06
34 6.36731e+06
35 6.85559e+06
32 5.83112e+06
37 6.93234e+06
36 6.90758e+06
31 5.82462e+06
33 6.22256e+06
Thế hệ thứ: 40
68 1.74599e+07
11 3.26399e+06
84 2.41468e+07
76 1.97723e+07
52 1.14662e+07
89 2.67066e+07
71 1.81795e+07
19 4.21668e+06
16 3.26666e+06
85 2.46061e+07
77 2.16286e+07
78 2.30695e+07
48 1.08213e+07
61 1.56044e+07
80 2.36883e+07
41 9.10456e+06
33 6.22256e+06
40 7.74233e+06
30 5.80435e+06
44 9.74054e+06
53 1.23496e+07
46 1.00001e+07
56 1.31436e+07
58 1.42765e+07
28 5.30286e+06
25 5.22046e+06
59 1.43313e+07
24 4.58187e+06
24 4.58187e+06
20 4.26868e+06
60 1.55504e+07
38 7.31349e+06
55 1.29608e+07
70 1.79027e+07
64 1.58317e+07
17 3.60274e+06
34 6.36731e+06
18 3.81205e+06
35 6.85559e+06
37 6.93234e+06
36 6.90547e+06
32 5.83112e+06
31 5.82217e+06
65 1.58557e+07
Thế hệ thứ: 41
68 1.74599e+07
11 3.26399e+06
84 2.41468e+07
76 1.97723e+07
52 1.14662e+07
89 2.67066e+07
71 1.81795e+07
19 4.21668e+06
16 3.26666e+06
85 2.46061e+07
77 2.16286e+07
78 2.30695e+07
48 1.08213e+07
80 2.36883e+07
41 9.10456e+06
65 1.58557e+07
33 6.22256e+06
40 7.74233e+06
44 9.74054e+06
53 1.23496e+07
46 1.00001e+07
56 1.31436e+07
58 1.42765e+07
28 5.30286e+06
25 5.22046e+06
59 1.43313e+07
24 4.58187e+06
24 4.58187e+06
20 4.26868e+06
38 7.31349e+06
55 1.29608e+07
70 1.79027e+07
64 1.58317e+07
17 3.60274e+06
30 5.80435e+06
34 6.36731e+06
18 3.81205e+06
35 6.85559e+06
31 5.82217e+06
37 6.93234e+06
36 6.90547e+06
32 5.83112e+06
61 1.4677e+07
72 1.94909e+07
Thế hệ thứ: 42
68 1.74599e+07
11 3.26399e+06
84 2.41468e+07
76 1.97723e+07
52 1.14662e+07
89 2.67066e+07
16 3.26666e+06
85 2.46061e+07
77 2.16286e+07
78 2.30695e+07
48 1.08213e+07
80 2.36883e+07
41 9.10456e+06
72 1.94909e+07
61 1.4677e+07
65 1.58557e+07
33 6.22256e+06
40 7.74233e+06
44 9.74054e+06
64 1.58317e+07
17 3.60274e+06
46 1.00001e+07
56 1.31436e+07
71 1.81795e+07
19 4.21668e+06
58 1.42765e+07
28 5.30286e+06
25 5.22046e+06
24 4.58187e+06
24 4.58187e+06
20 4.26868e+06
54 1.16055e+07
38 7.31349e+06
55 1.29608e+07
70 1.79027e+07
30 5.80435e+06
59 1.43313e+07
34 6.36731e+06
18 3.81205e+06
35 6.85559e+06
31 5.82217e+06
37 6.93234e+06
36 6.90547e+06
32 5.83112e+06
Thế hệ thứ: 43
68 1.74599e+07
11 3.26399e+06
84 2.41468e+07
76 1.97723e+07
52 1.14662e+07
89 2.67066e+07
16 3.26666e+06
85 2.46061e+07
77 2.16286e+07
64 1.5266e+07
78 2.30695e+07
48 1.08213e+07
80 2.36883e+07
41 9.10456e+06
72 1.94909e+07
61 1.4677e+07
65 1.58557e+07
33 6.22256e+06
44 9.74054e+06
38 7.31349e+06
54 1.16055e+07
17 3.60274e+06
46 1.00001e+07
56 1.31436e+07
71 1.81795e+07
19 4.21668e+06
55 1.29608e+07
58 1.42765e+07
28 5.30286e+06
25 5.22046e+06
24 4.58187e+06
24 4.58187e+06
20 4.26868e+06
70 1.79027e+07
30 5.80435e+06
59 1.43313e+07
34 6.36731e+06
18 3.81205e+06
35 6.85559e+06
31 5.82217e+06
37 6.93234e+06
36 6.90547e+06
32 5.83112e+06
66 1.7197e+07
40 7.48205e+06
Thế hệ thứ: 44
11 3.26399e+06
84 2.41468e+07
76 1.97723e+07
89 2.67066e+07
52 1.14662e+07
16 3.26666e+06
85 2.46061e+07
72 1.94909e+07
77 2.16286e+07
80 2.36883e+07
41 9.10456e+06
64 1.5266e+07
78 2.30695e+07
48 1.08213e+07
40 7.48205e+06
65 1.58557e+07
33 6.22256e+06
66 1.7197e+07
61 1.4677e+07
44 9.74054e+06
38 7.31349e+06
54 1.16055e+07
46 1.00001e+07
56 1.31436e+07
71 1.81795e+07
19 4.21668e+06
55 1.29608e+07
58 1.42765e+07
28 5.30286e+06
25 5.22046e+06
68 1.74599e+07
24 4.58187e+06
24 4.58187e+06
20 4.26868e+06
70 1.79027e+07
30 5.80435e+06
59 1.43313e+07
34 6.36731e+06
18 3.81205e+06
17 3.60274e+06
35 6.85559e+06
31 5.82217e+06
37 6.93234e+06
36 6.90547e+06
32 5.83112e+06
Thế hệ thứ: 45
11 3.26399e+06
84 2.41468e+07
76 1.97723e+07
52 1.14662e+07
89 2.67066e+07
16 3.26666e+06
85 2.46061e+07
72 1.94909e+07
77 2.16286e+07
80 2.36883e+07
41 9.10456e+06
64 1.5266e+07
78 2.30695e+07
48 1.08213e+07
40 7.48205e+06
65 1.58557e+07
33 6.22256e+06
66 1.7197e+07
61 1.4677e+07
44 9.74054e+06
54 1.16055e+07
42 9.58597e+06
38 7.31349e+06
46 1.00001e+07
56 1.31436e+07
71 1.81795e+07
19 4.21668e+06
55 1.29608e+07
58 1.42765e+07
28 5.30286e+06
25 5.22046e+06
68 1.74599e+07
24 4.58187e+06
24 4.58187e+06
20 4.26868e+06
70 1.79027e+07
30 5.80435e+06
59 1.43313e+07
34 6.36731e+06
18 3.81205e+06
17 3.60274e+06
35 6.85559e+06
31 5.82217e+06
37 6.93234e+06
36 6.90547e+06
32 5.83112e+06
27 5.29597e+06
Thế hệ thứ: 46
11 3.26399e+06
84 2.41468e+07
76 1.97723e+07
52 1.14662e+07
89 2.67066e+07
16 3.26666e+06
85 2.46061e+07
72 1.94909e+07
77 2.16286e+07
64 1.5266e+07
48 1.08213e+07
78 2.30695e+07
41 9.10456e+06
80 2.36883e+07
40 7.48205e+06
65 1.58557e+07
33 6.22256e+06
66 1.7197e+07
61 1.4677e+07
38 7.31349e+06
54 1.16055e+07
42 9.58597e+06
46 1.00001e+07
56 1.31436e+07
71 1.81795e+07
19 4.21668e+06
55 1.29608e+07
58 1.42765e+07
68 1.74599e+07
20 4.26868e+06
70 1.79027e+07
44 9.74054e+06
25 5.22046e+06
27 5.29597e+06
30 5.80435e+06
28 5.30286e+06
59 1.43313e+07
34 6.36731e+06
18 3.81205e+06
17 3.60274e+06
31 5.82217e+06
37 6.93234e+06
36 6.90547e+06
32 5.83112e+06
35 6.84998e+06
24 4.36071e+06
Thế hệ thứ: 47
11 3.26399e+06
84 2.41468e+07
76 1.97723e+07
52 1.14662e+07
89 2.67066e+07
16 3.26666e+06
85 2.46061e+07
77 2.16286e+07
64 1.5266e+07
48 1.08213e+07
78 2.30695e+07
41 9.10456e+06
80 2.36883e+07
65 1.58557e+07
33 6.22256e+06
66 1.7197e+07
24 4.36071e+06
61 1.4677e+07
38 7.31349e+06
54 1.16055e+07
42 9.58597e+06
46 1.00001e+07
56 1.31436e+07
71 1.81795e+07
19 4.21668e+06
55 1.29608e+07
58 1.42765e+07
68 1.74599e+07
25 5.22046e+06
20 4.26868e+06
70 1.79027e+07
44 9.74054e+06
27 5.29597e+06
30 5.80435e+06
28 5.30286e+06
59 1.43313e+07
34 6.36731e+06
18 3.81205e+06
17 3.60274e+06
35 6.84998e+06
31 5.82217e+06
37 6.93234e+06
36 6.90547e+06
32 5.83112e+06
73 1.91711e+07
40 7.42252e+06
Thế hệ thứ: 48
11 3.26399e+06
84 2.41468e+07
76 1.97723e+07
52 1.14662e+07
89 2.67066e+07
16 3.26666e+06
85 2.46061e+07
77 2.16286e+07
64 1.5266e+07
48 1.08213e+07
78 2.30695e+07
73 1.91711e+07
41 9.10456e+06
80 2.36883e+07
46 1.00001e+07
40 7.42252e+06
65 1.58557e+07
33 6.22256e+06
66 1.7197e+07
24 4.36071e+06
61 1.4677e+07
38 7.31349e+06
54 1.16055e+07
42 9.58597e+06
56 1.31436e+07
71 1.81795e+07
19 4.21668e+06
58 1.42765e+07
68 1.74599e+07
60 1.46105e+07
25 5.22046e+06
20 4.26868e+06
70 1.79027e+07
44 9.74054e+06
27 5.29597e+06
30 5.80435e+06
28 5.30286e+06
59 1.43313e+07
34 6.36731e+06
18 3.81205e+06
17 3.60274e+06
35 6.84998e+06
27 5.29597e+06
31 5.82217e+06
37 6.93234e+06
36 6.90547e+06
32 5.83112e+06
55 1.26888e+07
Thế hệ thứ: 49
11 3.26399e+06
84 2.41468e+07
76 1.97723e+07
52 1.14662e+07
89 2.67066e+07
16 3.26666e+06
85 2.46061e+07
77 2.16286e+07
64 1.5266e+07
48 1.08213e+07
78 2.30695e+07
73 1.91711e+07
41 9.10456e+06
80 2.36883e+07
46 1.00001e+07
40 7.42252e+06
65 1.58557e+07
33 6.22256e+06
66 1.7197e+07
56 1.31436e+07
24 4.36071e+06
71 1.81795e+07
19 4.21668e+06
55 1.26888e+07
38 7.31349e+06
54 1.16055e+07
42 9.58597e+06
58 1.42765e+07
68 1.74599e+07
60 1.46105e+07
61 1.4677e+07
25 5.22046e+06
20 4.26868e+06
70 1.79027e+07
44 9.74054e+06
27 5.29597e+06
30 5.80435e+06
28 5.30286e+06
34 6.36731e+06
18 3.81205e+06
17 3.60274e+06
35 6.84998e+06
27 5.29597e+06
31 5.82217e+06
37 6.93234e+06
36 6.90547e+06
32 5.83112e+06
59 1.43313e+07
39 7.36548e+06

