Thế hệ thứ: 0
23 3.41359e+06
27 4.07421e+06
25 3.90129e+06
43 8.28257e+06
49 8.97334e+06
31 4.37204e+06
42 6.29283e+06
45 8.68294e+06
48 8.7641e+06
41 5.84186e+06
35 4.56755e+06
Thế hệ thứ: 1
23 3.41359e+06
38 5.26029e+06
49 8.97334e+06
48 8.62629e+06
47 7.84562e+06
18 2.45716e+06
33 3.75256e+06
21 2.57764e+06
44 6.63253e+06
41 5.49662e+06
36 3.83665e+06
42 6.03904e+06
37 4.78609e+06
Thế hệ thứ: 2
37 4.78609e+06
18 2.45716e+06
49 8.97334e+06
38 5.26029e+06
33 3.75256e+06
36 3.83665e+06
44 6.63253e+06
47 7.84562e+06
21 2.57764e+06
42 6.03904e+06
41 5.49662e+06
24 3.1051e+06
46 6.85546e+06
40 5.312e+06
31 3.70929e+06
50 9.60682e+06
48 8.25019e+06
39 5.28078e+06
28 3.2462e+06
30 3.62651e+06
Thế hệ thứ: 3
18 2.45716e+06
29 3.31226e+06
28 3.2462e+06
24 3.1051e+06
21 2.57764e+06
36 3.83665e+06
33 3.75256e+06
41 5.49662e+06
30 3.62651e+06
31 3.70929e+06
43 5.77508e+06
23 2.778e+06
40 4.48403e+06
49 8.70159e+06
48 6.40649e+06
50 9.13643e+06
Thế hệ thứ: 4
18 2.45716e+06
41 5.49662e+06
36 3.83665e+06
43 5.77508e+06
48 6.40649e+06
40 4.48403e+06
21 2.57764e+06
29 3.31226e+06
28 3.2462e+06
33 3.75256e+06
23 2.778e+06
30 3.62651e+06
31 3.70929e+06
25 2.92824e+06
50 7.65272e+06
Thế hệ thứ: 5
43 5.77508e+06
48 6.40649e+06
40 4.48403e+06
41 5.49662e+06
36 3.83665e+06
21 2.57764e+06
29 3.31226e+06
28 3.2462e+06
23 2.778e+06
33 3.75256e+06
32 3.6971e+06
30 3.62651e+06
50 7.4866e+06
49 6.98271e+06
26 2.89957e+06
27 3.11183e+06
18 2.44695e+06
Thế hệ thứ: 6
50 7.4866e+06
18 2.44695e+06
40 4.48403e+06
43 5.77508e+06
48 6.40649e+06
36 3.83665e+06
49 6.98271e+06
21 2.57764e+06
23 2.778e+06
26 2.89957e+06
24 2.77951e+06
32 3.6971e+06
30 3.62651e+06
33 3.75256e+06
28 3.2462e+06
29 3.31226e+06
27 3.11183e+06
41 4.53369e+06
20 2.56065e+06
37 4.29368e+06
Thế hệ thứ: 7
50 7.4866e+06
18 2.44695e+06
21 2.57764e+06
37 4.29368e+06
43 5.77508e+06
41 4.53369e+06
36 3.83665e+06
40 4.48403e+06
26 2.89957e+06
24 2.77951e+06
28 3.2462e+06
29 3.31226e+06
23 2.778e+06
34 3.44093e+06
27 3.11183e+06
49 6.08038e+06
45 6.07909e+06
20 2.55021e+06
32 3.36134e+06
44 5.79357e+06
Thế hệ thứ: 8
50 7.4866e+06
18 2.44695e+06
49 6.08038e+06
41 4.53369e+06
21 2.57764e+06
37 4.29368e+06
43 5.77508e+06
27 3.11183e+06
34 3.44093e+06
36 3.83665e+06
45 6.07909e+06
32 3.36134e+06
44 5.79357e+06
40 4.48403e+06
26 2.89957e+06
24 2.77951e+06
28 3.2462e+06
29 3.31226e+06
20 2.55021e+06
23 2.749e+06
22 2.67409e+06
Thế hệ thứ: 9
18 2.44695e+06
49 6.08038e+06
41 4.53369e+06
21 2.57764e+06
43 5.77508e+06
34 3.44093e+06
27 3.11183e+06
36 3.83665e+06
45 6.07909e+06
32 3.36134e+06
44 5.79357e+06
29 3.31226e+06
20 2.52241e+06
22 2.67409e+06
39 3.99306e+06
50 7.09286e+06
37 3.84011e+06
26 2.72914e+06
40 4.15632e+06
28 3.24423e+06
Thế hệ thứ: 10
45 6.07909e+06
18 2.44695e+06
28 3.24423e+06
50 7.09286e+06
41 4.53369e+06
26 2.72914e+06
49 6.08038e+06
43 5.77508e+06
27 3.11183e+06
34 3.44093e+06
22 2.67409e+06
32 3.36134e+06
20 2.52241e+06
40 4.15632e+06
44 5.79357e+06
21 2.57764e+06
31 3.24661e+06
39 3.55364e+06
Thế hệ thứ: 11
28 3.24423e+06
50 7.09286e+06
18 2.44695e+06
41 4.53369e+06
32 3.36134e+06
39 3.55364e+06
49 6.08038e+06
43 5.77508e+06
27 3.11183e+06
34 3.44093e+06
20 2.52241e+06
40 4.15632e+06
26 2.72914e+06
45 6.07909e+06
31 3.24661e+06
44 5.79357e+06
21 2.57764e+06
25 2.66232e+06
42 5.05192e+06
Thế hệ thứ: 12
28 3.24423e+06
50 7.09286e+06
42 5.05192e+06
18 2.44695e+06
32 3.36134e+06
39 3.55364e+06
27 3.11183e+06
34 3.44093e+06
20 2.52241e+06
40 4.15632e+06
41 4.53369e+06
43 5.77508e+06
25 2.66232e+06
21 2.57764e+06
26 2.72914e+06
31 3.24661e+06
44 5.79357e+06
49 6.02486e+06
Thế hệ thứ: 13
50 7.09286e+06
42 5.05192e+06
18 2.44695e+06
27 3.11183e+06
34 3.44093e+06
20 2.52241e+06
49 6.02486e+06
40 4.15632e+06
32 3.36134e+06
39 3.55364e+06
41 4.53369e+06
44 5.79357e+06
43 5.77508e+06
25 2.66232e+06
21 2.57764e+06
26 2.72914e+06
31 3.24661e+06
28 3.20405e+06
17 2.44607e+06
38 3.54439e+06
Thế hệ thứ: 14
50 7.09286e+06
32 3.36134e+06
39 3.55364e+06
17 2.44607e+06
27 3.11183e+06
34 3.44093e+06
20 2.52241e+06
42 5.05192e+06
43 5.77508e+06
25 2.66232e+06
21 2.57764e+06
38 3.54439e+06
26 2.72914e+06
31 3.24661e+06
28 3.20405e+06
18 2.44695e+06
49 5.78028e+06
41 4.031e+06
Thế hệ thứ: 15
50 7.09286e+06
32 3.36134e+06
17 2.44607e+06
39 3.55364e+06
49 5.78028e+06
42 5.05192e+06
41 4.031e+06
27 3.11183e+06
34 3.44093e+06
25 2.66232e+06
21 2.57764e+06
38 3.54439e+06
26 2.72914e+06
31 3.24661e+06
28 3.20405e+06
20 2.52241e+06
18 2.44695e+06
45 5.30691e+06
33 3.38214e+06
Thế hệ thứ: 16
50 7.09286e+06
32 3.36134e+06
17 2.44607e+06
39 3.55364e+06
49 5.78028e+06
21 2.57764e+06
45 5.30691e+06
41 4.031e+06
42 5.05192e+06
27 3.11183e+06
34 3.44093e+06
25 2.66232e+06
38 3.54439e+06
26 2.72914e+06
31 3.24661e+06
28 3.20405e+06
20 2.52241e+06
18 2.44695e+06
33 3.38214e+06
47 5.76636e+06
Thế hệ thứ: 17
17 2.44607e+06
39 3.55364e+06
47 5.76636e+06
50 7.09286e+06
21 2.57764e+06
45 5.30691e+06
42 5.05192e+06
49 5.78028e+06
34 3.44093e+06
25 2.66232e+06
38 3.54439e+06
26 2.72914e+06
20 2.52241e+06
18 2.44695e+06
33 3.38214e+06
40 3.93788e+06
41 4.01679e+06
32 3.07288e+06
Thế hệ thứ: 18
26 2.72914e+06
39 3.55364e+06
17 2.44607e+06
50 7.09286e+06
41 4.01679e+06
49 5.78028e+06
32 3.07288e+06
21 2.57764e+06
45 5.30691e+06
47 5.76636e+06
34 3.44093e+06
25 2.66232e+06
38 3.54439e+06
40 3.93788e+06
33 3.38214e+06
20 2.52241e+06
18 2.44695e+06
44 4.79331e+06
Thế hệ thứ: 19
50 7.09286e+06
26 2.72914e+06
39 3.55364e+06
41 4.01679e+06
44 4.79331e+06
49 5.78028e+06
32 3.07288e+06
21 2.57764e+06
45 5.30691e+06
47 5.76636e+06
34 3.44093e+06
25 2.66232e+06
38 3.54439e+06
40 3.93788e+06
33 3.38214e+06
20 2.52241e+06
18 2.44695e+06
17 2.41895e+06
19 2.49528e+06
Thế hệ thứ: 20
50 7.09286e+06
26 2.72914e+06
17 2.41895e+06
33 3.25076e+06
41 4.01679e+06
44 4.79331e+06
49 5.78028e+06
32 3.07288e+06
21 2.57764e+06
45 5.30691e+06
47 5.76636e+06
34 3.44093e+06
25 2.66232e+06
38 3.54439e+06
40 3.93788e+06
39 3.55364e+06
20 2.52241e+06
18 2.44695e+06
19 2.49528e+06
31 3.06937e+06
Thế hệ thứ: 21
50 7.09286e+06
26 2.72914e+06
17 2.41895e+06
33 3.25076e+06
41 4.01679e+06
44 4.79331e+06
49 5.78028e+06
21 2.57764e+06
45 5.30691e+06
31 3.06937e+06
47 5.76636e+06
25 2.66232e+06
38 3.54439e+06
40 3.93788e+06
39 3.55364e+06
32 3.07288e+06
18 2.44695e+06
19 2.49528e+06
34 3.38877e+06
20 2.51241e+06
28 3.06503e+06
Thế hệ thứ: 22
47 5.76636e+06
50 7.09286e+06
17 2.41895e+06
33 3.25076e+06
41 4.01679e+06
49 5.78028e+06
44 4.79331e+06
21 2.57764e+06
45 5.30691e+06
34 3.38877e+06
38 3.54439e+06
25 2.66232e+06
26 2.72914e+06
40 3.93788e+06
39 3.55364e+06
31 3.06937e+06
32 3.07288e+06
20 2.51241e+06
18 2.44695e+06
19 2.49528e+06
28 2.91443e+06
16 2.38006e+06
Thế hệ thứ: 23
28 2.91443e+06
33 3.25076e+06
41 4.01679e+06
44 4.79331e+06
49 5.78028e+06
47 5.76636e+06
50 7.09286e+06
21 2.57764e+06
45 5.30691e+06
38 3.54439e+06
25 2.66232e+06
40 3.93788e+06
31 3.06937e+06
39 3.55364e+06
26 2.72914e+06
32 3.07288e+06
20 2.51241e+06
17 2.27931e+06
19 2.49528e+06
37 3.54065e+06
18 2.41043e+06
34 3.34685e+06
Thế hệ thứ: 24
47 5.76636e+06
50 7.09286e+06
17 2.27931e+06
28 2.91443e+06
33 3.25076e+06
41 4.01679e+06
44 4.79331e+06
49 5.78028e+06
45 5.30691e+06
21 2.57764e+06
25 2.66232e+06
34 3.34685e+06
37 3.54065e+06
40 3.93788e+06
31 3.06937e+06
26 2.72914e+06
39 3.55364e+06
32 3.07288e+06
20 2.51241e+06
38 3.54439e+06
19 2.31022e+06
Thế hệ thứ: 25
47 5.76636e+06
50 7.09286e+06
17 2.27931e+06
28 2.91443e+06
41 4.01679e+06
44 4.79331e+06
49 5.78028e+06
33 3.15014e+06
21 2.57764e+06
45 5.30691e+06
25 2.66232e+06
34 3.34685e+06
37 3.54065e+06
40 3.93788e+06
31 3.06937e+06
26 2.72914e+06
39 3.55364e+06
19 2.31022e+06
20 2.51241e+06
32 3.07288e+06
38 3.54439e+06
43 4.34508e+06
46 5.68978e+06
Thế hệ thứ: 26
50 7.09286e+06
43 4.34508e+06
17 2.27931e+06
28 2.91443e+06
49 5.78028e+06
44 4.79331e+06
33 3.15014e+06
21 2.57764e+06
45 5.30691e+06
34 3.34685e+06
25 2.66232e+06
41 4.01679e+06
37 3.54065e+06
40 3.93788e+06
46 5.68978e+06
31 3.06937e+06
26 2.72914e+06
39 3.55364e+06
19 2.31022e+06
20 2.51241e+06
47 5.76636e+06
32 3.07288e+06
38 3.54439e+06
18 2.28539e+06
Thế hệ thứ: 27
50 7.09286e+06
43 4.34508e+06
28 2.91443e+06
49 5.78028e+06
44 4.79331e+06
33 3.15014e+06
21 2.57764e+06
45 5.30691e+06
34 3.34685e+06
25 2.66232e+06
41 4.01679e+06
37 3.54065e+06
40 3.93788e+06
46 5.68978e+06
31 3.06937e+06
26 2.72914e+06
39 3.55364e+06
20 2.51241e+06
47 5.76636e+06
19 2.31022e+06
32 3.07288e+06
38 3.54439e+06
17 2.25031e+06
18 2.28223e+06
Thế hệ thứ: 28
17 2.25031e+06
50 7.09286e+06
28 2.91443e+06
49 5.78028e+06
44 4.79331e+06
43 4.34508e+06
21 2.57764e+06
33 3.15014e+06
45 5.30691e+06
34 3.34685e+06
25 2.66232e+06
41 4.01679e+06
40 3.93788e+06
46 5.68978e+06
31 3.06937e+06
26 2.72914e+06
39 3.55364e+06
20 2.51241e+06
47 5.76636e+06
19 2.31022e+06
32 3.07288e+06
18 2.28223e+06
38 3.53385e+06
Thế hệ thứ: 29
50 7.09286e+06
17 2.25031e+06
28 2.91443e+06
49 5.78028e+06
43 4.34508e+06
33 3.15014e+06
21 2.57764e+06
45 5.30691e+06
34 3.34685e+06
38 3.53385e+06
25 2.66232e+06
41 4.01679e+06
40 3.93788e+06
46 5.68978e+06
31 3.06937e+06
39 3.55364e+06
26 2.72914e+06
20 2.51241e+06
47 5.76636e+06
19 2.31022e+06
32 3.07288e+06
18 2.28223e+06
44 4.71942e+06
Thế hệ thứ: 30
17 2.25031e+06
50 6.41281e+06
28 2.91443e+06
19 2.31022e+06
44 4.71942e+06
49 5.78028e+06
21 2.57764e+06
33 3.15014e+06
45 5.30691e+06
43 4.34508e+06
34 3.34685e+06
38 3.53385e+06
25 2.66232e+06
40 3.93788e+06
46 5.68978e+06
31 3.06937e+06
39 3.55364e+06
26 2.72914e+06
20 2.51241e+06
47 5.76636e+06
32 3.07288e+06
18 2.28223e+06
27 2.91336e+06
42 3.95717e+06
Thế hệ thứ: 31
50 6.41281e+06
17 2.25031e+06
33 3.15014e+06
21 2.57764e+06
45 5.30691e+06
49 5.78028e+06
19 2.31022e+06
38 3.53385e+06
43 4.34508e+06
34 3.34685e+06
42 3.95717e+06
25 2.66232e+06
40 3.93788e+06
46 5.68978e+06
31 3.06937e+06
28 2.91443e+06
39 3.55364e+06
20 2.51241e+06
26 2.72914e+06
47 5.76636e+06
27 2.91336e+06
32 3.07288e+06
18 2.28223e+06
44 4.34509e+06
Thế hệ thứ: 32
42 3.95717e+06
50 6.41281e+06
17 2.25031e+06
33 3.15014e+06
21 2.57764e+06
45 5.30691e+06
38 3.53385e+06
44 4.34509e+06
49 5.78028e+06
34 3.34685e+06
25 2.66232e+06
40 3.93788e+06
46 5.68978e+06
31 3.06937e+06
28 2.91443e+06
39 3.55364e+06
43 4.34508e+06
20 2.51241e+06
26 2.72914e+06
19 2.31022e+06
47 5.76636e+06
27 2.91336e+06
32 3.07288e+06
18 2.28223e+06
Thế hệ thứ: 33
42 3.95717e+06
50 6.41281e+06
33 3.15014e+06
21 2.57764e+06
45 5.30691e+06
31 3.0648e+06
44 4.34509e+06
49 5.78028e+06
34 3.34685e+06
25 2.66232e+06
40 3.93788e+06
46 5.68978e+06
28 2.91443e+06
39 3.55364e+06
43 4.34508e+06
20 2.51241e+06
26 2.72914e+06
19 2.31022e+06
47 5.76636e+06
27 2.91336e+06
32 3.07288e+06
38 3.3693e+06
18 2.24959e+06
Thế hệ thứ: 34
18 2.24959e+06
50 6.41281e+06
33 3.15014e+06
21 2.57764e+06
45 5.30691e+06
39 3.55364e+06
44 4.34509e+06
49 5.78028e+06
38 3.3693e+06
25 2.66232e+06
40 3.93788e+06
46 5.68978e+06
31 3.0648e+06
28 2.91443e+06
43 4.34508e+06
43 4.34508e+06
20 2.51241e+06
19 2.31022e+06
26 2.72914e+06
47 5.76636e+06
27 2.91336e+06
32 3.07288e+06
42 3.95717e+06
17 2.2474e+06
34 3.27271e+06
30 3.06261e+06
Thế hệ thứ: 35
50 6.41281e+06
30 3.06261e+06
49 5.78028e+06
38 3.3693e+06
17 2.2474e+06
33 3.15014e+06
21 2.57764e+06
45 5.30691e+06
39 3.55364e+06
44 4.34509e+06
34 3.27271e+06
42 3.95717e+06
25 2.66232e+06
46 5.68978e+06
28 2.91443e+06
20 2.51241e+06
19 2.31022e+06
43 4.34508e+06
43 4.34508e+06
26 2.72914e+06
47 5.76636e+06
27 2.91336e+06
32 3.07288e+06
18 2.24959e+06
31 3.0648e+06
40 3.90404e+06
Thế hệ thứ: 36
50 6.41281e+06
30 3.06261e+06
49 5.78028e+06
38 3.3693e+06
17 2.2474e+06
33 3.15014e+06
21 2.57764e+06
45 5.30691e+06
34 3.27271e+06
42 3.95717e+06
39 3.55364e+06
25 2.66232e+06
40 3.90404e+06
46 5.68978e+06
28 2.91443e+06
20 2.51241e+06
26 2.72914e+06
47 5.76636e+06
27 2.91336e+06
32 3.07288e+06
18 2.24959e+06
31 3.0648e+06
19 2.30603e+06
44 4.33613e+06
Thế hệ thứ: 37
50 6.41281e+06
30 3.06261e+06
49 5.78028e+06
38 3.3693e+06
44 4.33613e+06
33 3.15014e+06
21 2.57764e+06
45 5.30691e+06
42 3.95717e+06
34 3.27271e+06
39 3.55364e+06
25 2.66232e+06
40 3.90404e+06
46 5.68978e+06
28 2.91443e+06
20 2.51241e+06
19 2.30603e+06
26 2.72914e+06
47 5.76636e+06
27 2.91336e+06
32 3.07288e+06
18 2.24959e+06
31 3.0648e+06
17 2.24681e+06
Thế hệ thứ: 38
50 6.41281e+06
43 4.29441e+06
34 3.27271e+06
17 2.24681e+06
30 3.06261e+06
49 5.78028e+06
38 3.3693e+06
44 4.33613e+06
33 3.15014e+06
21 2.57764e+06
45 5.30691e+06
42 3.95717e+06
39 3.55364e+06
25 2.66232e+06
46 5.68978e+06
28 2.91443e+06
20 2.51241e+06
19 2.30603e+06
26 2.72914e+06
47 5.76636e+06
27 2.91336e+06
32 3.07288e+06
18 2.24959e+06
31 3.0648e+06
41 3.86684e+06
Thế hệ thứ: 39
50 6.41281e+06
43 4.29441e+06
34 3.27271e+06
17 2.24681e+06
33 3.15014e+06
21 2.57764e+06
45 5.30691e+06
30 3.06261e+06
49 5.78028e+06
38 3.3693e+06
44 4.33613e+06
39 3.55364e+06
41 3.86684e+06
46 5.68978e+06
42 3.95717e+06
28 2.91443e+06
20 2.51241e+06
19 2.30603e+06
47 5.76636e+06
27 2.91336e+06
32 3.07288e+06
18 2.24959e+06
31 3.0648e+06
26 2.6081e+06
Thế hệ thứ: 40
50 6.41281e+06
33 3.15014e+06
21 2.57764e+06
45 5.30691e+06
30 3.06261e+06
49 5.78028e+06
38 3.3693e+06
44 4.33613e+06
39 3.55364e+06
26 2.6081e+06
43 4.29441e+06
34 3.27271e+06
41 3.86684e+06
46 5.68978e+06
42 3.95717e+06
27 2.91336e+06
28 2.91443e+06
20 2.51241e+06
19 2.30603e+06
47 5.76636e+06
32 3.07288e+06
18 2.24959e+06
31 3.0648e+06
17 2.22159e+06
Thế hệ thứ: 41
50 6.41281e+06
33 3.15014e+06
21 2.57764e+06
45 5.30691e+06
17 2.22159e+06
49 5.78028e+06
38 3.3693e+06
44 4.33613e+06
39 3.55364e+06
26 2.6081e+06
43 4.29441e+06
34 3.27271e+06
46 5.68978e+06
42 3.95717e+06
27 2.91336e+06
28 2.91443e+06
20 2.51241e+06
19 2.30603e+06
47 5.76636e+06
32 3.07288e+06
18 2.24959e+06
31 3.0648e+06
30 3.06114e+06
41 3.84607e+06
Thế hệ thứ: 42
50 6.41281e+06
33 3.15014e+06
21 2.57764e+06
45 5.30691e+06
17 2.22159e+06
49 5.78028e+06
38 3.3693e+06
44 4.33613e+06
39 3.55364e+06
26 2.6081e+06
43 4.29441e+06
34 3.27271e+06
41 3.84607e+06
46 5.68978e+06
42 3.95717e+06
27 2.91336e+06
30 3.06114e+06
28 2.91443e+06
20 2.51241e+06
19 2.30603e+06
47 5.76636e+06
32 3.07288e+06
18 2.24959e+06
31 3.0648e+06
Thế hệ thứ: 43
50 6.41281e+06
33 3.15014e+06
21 2.57764e+06
17 2.22159e+06
49 5.78028e+06
38 3.3693e+06
44 4.33613e+06
39 3.55364e+06
26 2.6081e+06
43 4.29441e+06
34 3.27271e+06
41 3.84607e+06
46 5.68978e+06
42 3.95717e+06
27 2.91336e+06
30 3.06114e+06
28 2.91443e+06
20 2.51241e+06
19 2.30603e+06
47 5.76636e+06
32 3.07288e+06
18 2.24959e+06
31 3.0648e+06
45 5.28618e+06
Thế hệ thứ: 44
50 6.41281e+06
49 5.78028e+06
38 3.3693e+06
44 4.33613e+06
45 5.28618e+06
39 3.55364e+06
26 2.6081e+06
33 3.15014e+06
21 2.57764e+06
43 4.29441e+06
34 3.27271e+06
41 3.84607e+06
46 5.68978e+06
42 3.95717e+06
27 2.91336e+06
30 3.06114e+06
28 2.91443e+06
20 2.51241e+06
19 2.30603e+06
47 5.76636e+06
17 2.1705e+06
32 3.07288e+06
18 2.24959e+06
31 3.0648e+06
48 5.77552e+06
Thế hệ thứ: 45
50 6.41281e+06
32 3.07288e+06
17 2.1705e+06
38 3.3693e+06
49 5.78028e+06
44 4.33613e+06
45 5.28618e+06
26 2.6081e+06
33 3.15014e+06
21 2.57764e+06
39 3.55364e+06
43 4.29441e+06
34 3.27271e+06
41 3.84607e+06
42 3.95717e+06
27 2.91336e+06
30 3.06114e+06
28 2.91443e+06
20 2.51241e+06
19 2.30603e+06
18 2.24959e+06
47 5.76636e+06
48 5.77552e+06
31 3.0648e+06
46 5.6133e+06
Thế hệ thứ: 46
50 6.41281e+06
32 3.07288e+06
17 2.1705e+06
38 3.3693e+06
49 5.78028e+06
44 4.33613e+06
45 5.28618e+06
26 2.6081e+06
33 3.15014e+06
21 2.57764e+06
39 3.55364e+06
43 4.29441e+06
34 3.27271e+06
41 3.84607e+06
46 5.6133e+06
42 3.95717e+06
27 2.91336e+06
30 3.06114e+06
28 2.91443e+06
20 2.51241e+06
19 2.30603e+06
47 5.76636e+06
18 2.24959e+06
48 5.77552e+06
31 3.0648e+06
Thế hệ thứ: 47
50 6.41281e+06
32 3.07288e+06
17 2.1705e+06
38 3.3693e+06
49 5.78028e+06
44 4.33613e+06
45 5.28618e+06
26 2.6081e+06
33 3.15014e+06
21 2.57764e+06
39 3.55364e+06
43 4.29441e+06
34 3.27271e+06
41 3.84607e+06
46 5.6133e+06
42 3.95717e+06
27 2.91336e+06
30 3.06114e+06
28 2.91443e+06
20 2.51241e+06
19 2.30603e+06
47 5.76636e+06
48 5.77552e+06
31 3.0648e+06
18 2.24539e+06
Thế hệ thứ: 48
50 6.41281e+06
17 2.1705e+06
32 3.07288e+06
38 3.3693e+06
49 5.78028e+06
44 4.33613e+06
45 5.28618e+06
26 2.6081e+06
33 3.15014e+06
21 2.57764e+06
39 3.55364e+06
43 4.29441e+06
34 3.27271e+06
41 3.84607e+06
18 2.24539e+06
46 5.6133e+06
42 3.95717e+06
30 3.06114e+06
28 2.91443e+06
20 2.51241e+06
19 2.30603e+06
47 5.76636e+06
48 5.77552e+06
31 3.0648e+06
27 2.88566e+06
Thế hệ thứ: 49
50 6.41281e+06
32 3.07288e+06
17 2.1705e+06
38 3.3693e+06
49 5.78028e+06
44 4.33613e+06
45 5.28618e+06
26 2.6081e+06
33 3.15014e+06
21 2.57764e+06
39 3.55364e+06
43 4.29441e+06
34 3.27271e+06
41 3.84607e+06
18 2.24539e+06
46 5.6133e+06
42 3.95717e+06
27 2.88566e+06
28 2.91443e+06
20 2.51241e+06
19 2.30603e+06
47 5.76636e+06
48 5.77552e+06
31 3.05487e+06
