Thế hệ thứ: 0
33 4.99494e+06
20 3.17532e+06
25 4.09404e+06
24 3.65136e+06
70 1.64139e+07
79 2.04105e+07
71 1.87192e+07
76 1.99111e+07
72 1.90592e+07
65 1.45173e+07
86 2.09291e+07
64 1.38471e+07
73 1.91545e+07
52 9.65299e+06
Thế hệ thứ: 1
33 4.99494e+06
20 3.17532e+06
86 2.09291e+07
24 3.65136e+06
65 1.45173e+07
79 2.04105e+07
25 4.09404e+06
67 1.61462e+07
70 1.64139e+07
64 1.38471e+07
52 9.65299e+06
42 7.45266e+06
54 1.22629e+07
61 1.32667e+07
75 1.76993e+07
78 1.89695e+07
90 2.23664e+07
Thế hệ thứ: 2
20 3.17532e+06
33 4.99494e+06
42 7.45266e+06
54 1.22629e+07
90 2.23664e+07
86 2.09291e+07
24 3.65136e+06
65 1.45173e+07
79 2.04105e+07
25 4.09404e+06
64 1.38471e+07
52 9.65299e+06
61 1.32667e+07
46 8.59344e+06
40 6.38899e+06
78 1.68999e+07
72 1.49538e+07
30 4.45824e+06
Thế hệ thứ: 3
86 2.09291e+07
40 6.38899e+06
33 4.99494e+06
20 3.17532e+06
79 2.04105e+07
42 7.45266e+06
54 1.22629e+07
25 4.09404e+06
72 1.49538e+07
90 2.23664e+07
52 9.65299e+06
46 8.59344e+06
78 1.68999e+07
30 4.45824e+06
24 3.65136e+06
66 1.31689e+07
61 1.29445e+07
37 5.8894e+06
69 1.37218e+07
Thế hệ thứ: 4
86 2.09291e+07
90 2.23664e+07
72 1.49538e+07
69 1.37218e+07
20 3.17532e+06
33 4.99494e+06
66 1.31689e+07
61 1.29445e+07
42 7.45266e+06
54 1.22629e+07
25 4.09404e+06
37 5.8894e+06
52 9.65299e+06
46 8.59344e+06
78 1.68999e+07
30 4.45824e+06
24 3.65136e+06
41 6.19359e+06
58 1.24037e+07
51 9.15761e+06
79 1.80023e+07
Thế hệ thứ: 5
37 5.8894e+06
86 2.09291e+07
41 6.15157e+06
58 1.24037e+07
51 9.15761e+06
90 2.23664e+07
69 1.37218e+07
72 1.49538e+07
20 3.17532e+06
66 1.31689e+07
79 1.80023e+07
61 1.29445e+07
52 9.65299e+06
46 8.59344e+06
25 4.09404e+06
78 1.68999e+07
30 4.45824e+06
24 3.65136e+06
56 1.02292e+07
32 4.94796e+06
93 2.48343e+07
43 7.0617e+06
33 4.98648e+06
63 1.29655e+07
28 4.42136e+06
Thế hệ thứ: 6
86 2.09291e+07
46 8.59344e+06
63 1.29655e+07
41 6.15157e+06
58 1.24037e+07
25 4.09404e+06
90 2.23664e+07
78 1.68999e+07
69 1.37218e+07
72 1.49538e+07
30 4.45824e+06
20 3.17532e+06
24 3.65136e+06
32 4.94796e+06
56 1.02292e+07
66 1.31689e+07
79 1.80023e+07
33 4.98648e+06
61 1.29445e+07
43 7.0617e+06
52 9.65299e+06
93 2.48343e+07
28 4.42136e+06
27 4.41118e+06
37 5.80858e+06
80 1.84343e+07
51 9.14367e+06
82 1.86802e+07
59 1.24655e+07
Thế hệ thứ: 7
46 8.59344e+06
86 2.09291e+07
72 1.49538e+07
38 5.86047e+06
69 1.37218e+07
78 1.68999e+07
24 3.65136e+06
63 1.29655e+07
30 4.45824e+06
41 6.15157e+06
43 6.38303e+06
56 1.02292e+07
20 3.17532e+06
25 4.09404e+06
90 2.23664e+07
66 1.31689e+07
79 1.80023e+07
33 4.98648e+06
52 9.65299e+06
93 2.48343e+07
28 4.42136e+06
27 4.41118e+06
37 5.80858e+06
80 1.84343e+07
82 1.86802e+07
51 8.80681e+06
62 1.18094e+07
35 5.53755e+06
88 2.21228e+07
32 4.6657e+06
40 5.96856e+06
44 6.46601e+06
59 1.05595e+07
Thế hệ thứ: 8
86 2.09291e+07
40 5.96856e+06
28 4.42136e+06
38 5.86047e+06
69 1.37218e+07
72 1.49538e+07
44 6.46601e+06
78 1.68999e+07
24 3.65136e+06
51 8.80681e+06
63 1.29655e+07
30 4.45824e+06
37 5.80858e+06
27 4.40804e+06
32 4.6657e+06
59 1.05595e+07
41 6.15157e+06
56 1.02292e+07
43 6.38303e+06
20 3.17532e+06
80 1.84343e+07
25 4.09404e+06
90 2.23664e+07
35 5.53755e+06
66 1.31689e+07
79 1.80023e+07
33 4.98648e+06
82 1.86802e+07
62 1.18094e+07
52 9.65299e+06
93 2.48343e+07
89 2.17202e+07
46 7.64108e+06
Thế hệ thứ: 9
86 2.09291e+07
90 2.23664e+07
38 5.86047e+06
69 1.37218e+07
35 5.53755e+06
40 5.96856e+06
66 1.31689e+07
28 4.42136e+06
46 7.64108e+06
44 6.46601e+06
72 1.49538e+07
93 2.48343e+07
78 1.68999e+07
89 2.17202e+07
24 3.65136e+06
51 8.80681e+06
63 1.29655e+07
30 4.45824e+06
79 1.80023e+07
33 4.98648e+06
59 1.05595e+07
27 4.40804e+06
32 4.6657e+06
37 5.71319e+06
82 1.86802e+07
41 6.15157e+06
43 6.38303e+06
56 1.02292e+07
20 3.17532e+06
62 1.18094e+07
80 1.84343e+07
52 9.65299e+06
25 4.09404e+06
88 2.13068e+07
Thế hệ thứ: 10
28 4.42136e+06
37 5.71319e+06
82 1.86802e+07
25 4.09404e+06
86 2.09291e+07
38 5.86047e+06
69 1.37218e+07
40 5.96856e+06
66 1.31689e+07
52 9.65299e+06
55 1.01183e+07
63 1.29655e+07
46 7.64108e+06
41 6.15157e+06
56 1.02292e+07
43 6.38303e+06
72 1.49538e+07
44 6.46601e+06
78 1.68999e+07
24 3.65136e+06
51 8.80681e+06
20 3.17532e+06
30 4.45824e+06
79 1.80023e+07
62 1.18094e+07
33 4.98648e+06
88 2.13068e+07
80 1.84343e+07
27 4.40804e+06
32 4.6657e+06
59 1.05595e+07
35 5.37992e+06
94 2.39777e+07
90 2.15196e+07
36 5.59739e+06
Thế hệ thứ: 11
88 2.13068e+07
25 4.09404e+06
37 5.71319e+06
82 1.86802e+07
86 2.09291e+07
30 4.45824e+06
32 4.6657e+06
59 1.05595e+07
69 1.37218e+07
38 5.86047e+06
40 5.96856e+06
66 1.31689e+07
62 1.18094e+07
33 4.98648e+06
63 1.29655e+07
55 1.01183e+07
90 2.15196e+07
35 5.37992e+06
35 5.37992e+06
46 7.64108e+06
94 2.39777e+07
80 1.84343e+07
41 6.15157e+06
43 6.38303e+06
56 1.02292e+07
51 8.80681e+06
36 5.59739e+06
44 6.46601e+06
72 1.49538e+07
24 3.65136e+06
78 1.68999e+07
20 3.17532e+06
48 8.60929e+06
52 9.57436e+06
54 9.67619e+06
79 1.72811e+07
28 4.30912e+06
96 2.56511e+07
Thế hệ thứ: 12
88 2.13068e+07
51 8.80681e+06
48 8.60929e+06
82 1.86802e+07
25 4.09404e+06
30 4.45824e+06
86 2.09291e+07
54 9.67619e+06
32 4.6657e+06
59 1.05595e+07
20 3.17532e+06
69 1.37218e+07
72 1.49538e+07
44 6.46601e+06
40 5.96856e+06
66 1.31689e+07
52 9.57436e+06
62 1.18094e+07
96 2.56511e+07
28 4.30912e+06
33 4.98648e+06
24 3.65136e+06
55 1.01183e+07
63 1.29655e+07
35 5.37992e+06
35 5.37992e+06
90 2.15196e+07
46 7.64108e+06
80 1.84343e+07
79 1.72811e+07
78 1.68999e+07
41 6.15157e+06
56 1.02292e+07
43 6.38303e+06
94 2.35027e+07
85 2.02674e+07
38 5.53099e+06
92 2.31384e+07
Thế hệ thứ: 13
24 3.65136e+06
51 8.80681e+06
63 1.29655e+07
55 1.01183e+07
48 8.60929e+06
25 4.09404e+06
30 4.45824e+06
92 2.31384e+07
86 2.09291e+07
79 1.72811e+07
54 9.67619e+06
32 4.6657e+06
59 1.05595e+07
90 2.15196e+07
35 5.37992e+06
35 5.37992e+06
85 2.02674e+07
38 5.53099e+06
20 3.17532e+06
94 2.35027e+07
69 1.37218e+07
56 1.02292e+07
43 6.38303e+06
44 6.46601e+06
40 5.96856e+06
66 1.31689e+07
52 9.57436e+06
41 6.15157e+06
62 1.18094e+07
96 2.56511e+07
46 7.64108e+06
28 4.30912e+06
78 1.68999e+07
33 4.98648e+06
75 1.4952e+07
83 1.76434e+07
88 2.12171e+07
Thế hệ thứ: 14
94 2.35027e+07
25 4.09404e+06
24 3.65136e+06
20 3.17532e+06
83 1.76434e+07
51 8.80681e+06
75 1.4952e+07
69 1.37218e+07
55 1.01183e+07
63 1.29655e+07
48 8.60929e+06
52 9.57436e+06
62 1.18094e+07
43 6.38303e+06
56 1.02292e+07
33 4.98648e+06
30 4.45824e+06
92 2.31384e+07
78 1.68999e+07
41 6.15157e+06
86 2.09291e+07
28 4.30912e+06
79 1.72811e+07
66 1.31689e+07
54 9.67619e+06
32 4.6657e+06
59 1.05595e+07
40 5.96856e+06
96 2.56511e+07
35 5.37992e+06
35 5.37992e+06
38 5.53099e+06
85 2.02674e+07
44 6.46601e+06
46 7.05916e+06
91 2.19424e+07
93 2.34948e+07
36 5.45883e+06
90 2.14607e+07
88 2.09912e+07
39 5.89384e+06
Thế hệ thứ: 15
25 4.09404e+06
94 2.35027e+07
32 4.6657e+06
36 5.45883e+06
59 1.05595e+07
40 5.96856e+06
83 1.76434e+07
20 3.17532e+06
96 2.56511e+07
24 3.65136e+06
35 5.37992e+06
35 5.37992e+06
39 5.89384e+06
51 8.80681e+06
90 2.14607e+07
75 1.4952e+07
69 1.37218e+07
44 6.46601e+06
88 2.09912e+07
63 1.29655e+07
55 1.01183e+07
48 8.60929e+06
52 9.57436e+06
62 1.18094e+07
85 2.02674e+07
38 5.53099e+06
56 1.02292e+07
43 6.38303e+06
33 4.98648e+06
30 4.45824e+06
92 2.31384e+07
78 1.68999e+07
41 6.15157e+06
86 2.09291e+07
28 4.30912e+06
79 1.72811e+07
46 7.05916e+06
66 1.31689e+07
91 2.19424e+07
93 2.34948e+07
54 9.67619e+06
84 1.90343e+07
34 5.18037e+06
60 1.17953e+07
Thế hệ thứ: 16
94 2.35027e+07
25 4.09404e+06
32 4.6657e+06
36 5.45883e+06
59 1.05595e+07
40 5.96856e+06
83 1.76434e+07
20 3.17532e+06
28 4.30912e+06
79 1.72811e+07
96 2.56511e+07
24 3.65136e+06
35 5.37992e+06
35 5.37992e+06
51 8.80681e+06
39 5.89384e+06
90 2.14607e+07
75 1.4952e+07
69 1.37218e+07
46 7.05916e+06
66 1.31689e+07
88 2.09912e+07
44 6.46601e+06
92 2.31384e+07
60 1.17953e+07
55 1.01183e+07
63 1.29655e+07
48 8.60929e+06
52 9.57436e+06
91 2.19424e+07
62 1.18094e+07
38 5.53099e+06
85 2.02674e+07
43 6.38303e+06
56 1.02292e+07
33 4.98648e+06
30 4.45824e+06
76 1.68285e+07
93 2.34948e+07
78 1.68999e+07
54 9.67619e+06
41 6.15157e+06
84 1.90343e+07
34 5.18037e+06
45 6.80488e+06
42 6.37172e+06
87 2.06555e+07
Thế hệ thứ: 17
25 4.09404e+06
87 2.06555e+07
94 2.35027e+07
56 1.02292e+07
43 6.38303e+06
32 4.6657e+06
59 1.05595e+07
38 5.53099e+06
85 2.02674e+07
40 5.96856e+06
83 1.76434e+07
33 4.98648e+06
20 3.17532e+06
28 4.30912e+06
79 1.72811e+07
30 4.45824e+06
76 1.68285e+07
93 2.34948e+07
96 2.56511e+07
24 3.65136e+06
78 1.68999e+07
54 9.67619e+06
39 5.89384e+06
51 8.80681e+06
90 2.14607e+07
75 1.4952e+07
69 1.37218e+07
41 6.15157e+06
46 7.05916e+06
84 1.90343e+07
66 1.31689e+07
34 5.18037e+06
45 6.80488e+06
44 6.46601e+06
88 2.09912e+07
42 6.37172e+06
92 2.31384e+07
63 1.29655e+07
55 1.01183e+07
48 8.60929e+06
52 9.57436e+06
91 2.19424e+07
62 1.18094e+07
61 1.17933e+07
38 5.53099e+06
36 5.22192e+06
67 1.33644e+07
Thế hệ thứ: 18
38 5.53099e+06
85 2.02674e+07
87 2.06555e+07
25 4.09404e+06
38 5.53099e+06
32 4.6657e+06
59 1.05595e+07
43 6.38303e+06
67 1.33644e+07
45 6.80488e+06
76 1.68285e+07
79 1.72811e+07
36 5.22192e+06
40 5.96856e+06
61 1.17933e+07
83 1.76434e+07
88 2.09912e+07
44 6.46601e+06
33 4.98648e+06
20 3.17532e+06
28 4.30912e+06
42 6.37172e+06
30 4.45824e+06
96 2.56511e+07
24 3.65136e+06
56 1.00497e+07
78 1.68999e+07
63 1.29655e+07
48 8.60929e+06
52 9.57436e+06
54 9.67619e+06
51 8.80681e+06
39 5.89384e+06
90 2.14607e+07
75 1.4952e+07
69 1.37218e+07
62 1.18094e+07
41 6.15157e+06
46 7.05916e+06
84 1.90343e+07
66 1.31689e+07
34 5.18037e+06
94 2.16573e+07
97 2.75866e+07
Thế hệ thứ: 19
38 5.53099e+06
85 2.02674e+07
34 5.18037e+06
52 9.57436e+06
25 4.09404e+06
87 2.06555e+07
48 8.60929e+06
38 5.53099e+06
94 2.16573e+07
32 4.6657e+06
59 1.05595e+07
97 2.75866e+07
40 5.96856e+06
39 5.89384e+06
51 8.80681e+06
43 6.38303e+06
67 1.33644e+07
45 6.80488e+06
90 2.14607e+07
76 1.68285e+07
75 1.4952e+07
36 5.22192e+06
79 1.72811e+07
69 1.37218e+07
83 1.76434e+07
61 1.17933e+07
44 6.46601e+06
88 2.09912e+07
33 4.98648e+06
20 3.17532e+06
28 4.30912e+06
42 6.37172e+06
30 4.45824e+06
62 1.18094e+07
41 6.15157e+06
46 7.05916e+06
84 1.90343e+07
96 2.56511e+07
24 3.65136e+06
78 1.68999e+07
63 1.18292e+07
56 1.00497e+07
66 1.31689e+07
54 9.62659e+06
47 7.42246e+06
Thế hệ thứ: 20
38 5.53099e+06
30 4.45824e+06
62 1.18094e+07
34 5.18037e+06
25 4.09404e+06
52 9.57436e+06
54 9.62659e+06
87 2.06555e+07
48 8.60929e+06
38 5.53099e+06
47 7.42246e+06
94 2.16573e+07
41 6.15157e+06
59 1.05595e+07
32 4.6657e+06
46 7.05916e+06
98 2.47058e+07
40 5.96856e+06
24 3.65136e+06
63 1.18292e+07
56 1.00497e+07
78 1.68999e+07
51 8.80681e+06
39 5.89384e+06
43 6.38303e+06
67 1.33644e+07
45 6.80488e+06
90 2.14607e+07
76 1.68285e+07
75 1.4952e+07
79 1.72811e+07
36 5.22192e+06
69 1.37218e+07
61 1.17933e+07
83 1.76434e+07
88 2.09912e+07
44 6.46601e+06
33 4.98648e+06
20 3.17532e+06
28 4.30912e+06
66 1.31689e+07
85 1.82788e+07
72 1.47115e+07
42 6.22718e+06
Thế hệ thứ: 21
46 7.05916e+06
30 4.45824e+06
38 5.53099e+06
76 1.68285e+07
75 1.4952e+07
62 1.18094e+07
36 5.22192e+06
79 1.72811e+07
25 4.09404e+06
42 6.22718e+06
85 1.82788e+07
52 9.57436e+06
44 6.46601e+06
88 2.09912e+07
54 9.62659e+06
48 8.60929e+06
38 5.53099e+06
47 7.42246e+06
94 2.16573e+07
32 4.6657e+06
59 1.05595e+07
28 4.30912e+06
20 3.17532e+06
61 1.17933e+07
83 1.76434e+07
69 1.37218e+07
98 2.47058e+07
40 5.96856e+06
72 1.47115e+07
24 3.65136e+06
78 1.68999e+07
63 1.18292e+07
56 1.00497e+07
39 5.89384e+06
51 8.80681e+06
43 6.38303e+06
41 6.14258e+06
67 1.33644e+07
34 4.8067e+06
90 2.14607e+07
36 5.22192e+06
66 1.28894e+07
45 6.4991e+06
44 6.46601e+06
86 1.98915e+07
87 2.00862e+07
Thế hệ thứ: 22
78 1.68999e+07
63 1.18292e+07
36 5.22192e+06
46 7.05916e+06
38 5.53099e+06
30 4.45824e+06
76 1.68285e+07
51 8.80681e+06
39 5.89384e+06
75 1.4952e+07
62 1.18094e+07
38 5.53099e+06
36 5.22192e+06
25 4.09404e+06
85 1.82788e+07
42 6.22718e+06
43 6.38303e+06
88 2.09912e+07
67 1.33644e+07
34 4.8067e+06
41 6.14258e+06
48 8.60929e+06
90 2.14607e+07
47 7.42246e+06
94 2.16573e+07
59 1.05595e+07
32 4.6657e+06
28 4.30912e+06
87 2.00862e+07
20 3.17532e+06
45 6.4991e+06
83 1.76434e+07
61 1.17933e+07
66 1.28894e+07
69 1.37218e+07
98 2.47058e+07
40 5.96856e+06
86 1.98915e+07
24 3.65136e+06
72 1.47115e+07
95 2.26663e+07
82 1.70325e+07
56 9.11521e+06
44 6.46601e+06
Thế hệ thứ: 23
76 1.68285e+07
36 5.22192e+06
78 1.68999e+07
45 6.4991e+06
83 1.76434e+07
46 7.05916e+06
44 6.46601e+06
38 5.53099e+06
30 4.45824e+06
66 1.28894e+07
69 1.37218e+07
42 6.22718e+06
85 1.82788e+07
48 8.5787e+06
98 2.47058e+07
40 5.96856e+06
39 5.89384e+06
51 8.80681e+06
75 1.4952e+07
38 5.53099e+06
25 4.09404e+06
36 5.22192e+06
72 1.47115e+07
24 3.65136e+06
43 6.38303e+06
95 2.26663e+07
82 1.70325e+07
41 6.14258e+06
67 1.33644e+07
34 4.8067e+06
47 7.42246e+06
94 2.16573e+07
32 4.6657e+06
56 9.11521e+06
28 4.30912e+06
20 3.17532e+06
64 1.09262e+07
90 1.9778e+07
58 9.53072e+06
62 1.04377e+07
Thế hệ thứ: 24
76 1.68285e+07
34 4.8067e+06
67 1.33644e+07
78 1.68999e+07
36 5.22192e+06
45 6.4991e+06
83 1.76434e+07
20 3.17532e+06
46 7.05916e+06
64 1.09262e+07
44 6.46601e+06
30 4.45824e+06
47 7.42246e+06
66 1.28894e+07
69 1.37218e+07
85 1.82788e+07
42 6.22718e+06
98 2.47058e+07
40 5.96856e+06
48 8.5787e+06
51 8.80681e+06
39 5.89384e+06
75 1.4952e+07
94 2.16573e+07
90 1.9778e+07
24 3.65136e+06
72 1.47115e+07
58 9.53072e+06
43 6.38303e+06
62 1.04377e+07
36 5.22192e+06
25 4.09404e+06
32 4.6657e+06
56 9.11521e+06
28 4.30912e+06
95 2.26663e+07
82 1.70325e+07
41 6.12891e+06
65 1.26101e+07
39 5.89384e+06
38 5.42511e+06
Thế hệ thứ: 25
72 1.47115e+07
24 3.65136e+06
58 9.53072e+06
38 5.42511e+06
76 1.68285e+07
25 4.09404e+06
36 5.22192e+06
62 1.04377e+07
43 6.38303e+06
67 1.33644e+07
34 4.8067e+06
28 4.30912e+06
64 1.09262e+07
95 2.26663e+07
78 1.68999e+07
82 1.70325e+07
36 5.22192e+06
83 1.76434e+07
45 6.4991e+06
35 5.21505e+06
20 3.17532e+06
65 1.26101e+07
46 7.05916e+06
56 9.11521e+06
41 6.12891e+06
44 6.46601e+06
30 4.45824e+06
32 4.6657e+06
66 1.28894e+07
69 1.37218e+07
42 6.22718e+06
85 1.82788e+07
98 2.47058e+07
40 5.96856e+06
51 8.80681e+06
75 1.4952e+07
94 2.16573e+07
90 1.9778e+07
50 8.80569e+06
47 7.06852e+06
39 5.75487e+06
49 7.09674e+06
Thế hệ thứ: 26
67 1.33644e+07
34 4.8067e+06
47 7.06852e+06
38 5.42511e+06
76 1.68285e+07
72 1.47115e+07
24 3.65136e+06
58 9.53072e+06
36 5.22192e+06
25 4.09404e+06
43 6.38303e+06
62 1.04377e+07
30 4.45824e+06
36 5.22192e+06
50 8.80569e+06
32 4.6657e+06
28 4.30912e+06
64 1.09262e+07
95 2.26663e+07
66 1.28894e+07
69 1.37218e+07
78 1.68999e+07
82 1.70325e+07
75 1.4952e+07
85 1.82788e+07
45 6.4991e+06
83 1.76434e+07
39 5.75487e+06
35 5.21505e+06
20 3.17532e+06
46 7.05916e+06
65 1.26101e+07
90 1.9778e+07
56 9.11521e+06
41 6.12891e+06
44 6.46601e+06
51 8.80681e+06
98 2.47058e+07
40 5.96856e+06
94 2.16573e+07
49 7.09674e+06
84 1.78472e+07
38 5.42511e+06
42 6.15984e+06
Thế hệ thứ: 27
34 4.8067e+06
67 1.33644e+07
72 1.47115e+07
24 3.65136e+06
58 9.53072e+06
38 5.42511e+06
76 1.68285e+07
84 1.78472e+07
25 4.09404e+06
36 5.22192e+06
62 1.04377e+07
30 4.45824e+06
56 9.11521e+06
36 5.22192e+06
50 8.80569e+06
32 4.6657e+06
28 4.30912e+06
64 1.09262e+07
95 2.26663e+07
66 1.28894e+07
69 1.37218e+07
44 6.46601e+06
43 6.33972e+06
41 6.12891e+06
78 1.68999e+07
82 1.70325e+07
75 1.4952e+07
85 1.82788e+07
51 8.80681e+06
83 1.76434e+07
45 6.4991e+06
40 5.96856e+06
98 2.47058e+07
42 6.15984e+06
35 5.21505e+06
20 3.17532e+06
39 5.75487e+06
65 1.26101e+07
90 1.9778e+07
38 5.42511e+06
94 2.09353e+07
49 6.90629e+06
Thế hệ thứ: 28
38 5.42511e+06
75 1.4952e+07
67 1.33644e+07
34 4.8067e+06
76 1.68285e+07
38 5.42511e+06
24 3.65136e+06
58 9.53072e+06
84 1.78472e+07
85 1.82788e+07
36 5.22192e+06
25 4.09404e+06
62 1.04377e+07
94 2.09353e+07
30 4.45824e+06
56 9.11521e+06
36 5.22192e+06
50 8.80569e+06
32 4.6657e+06
28 4.30912e+06
64 1.09262e+07
49 6.90629e+06
49 6.90629e+06
90 1.9778e+07
95 2.26663e+07
66 1.28894e+07
69 1.37218e+07
51 8.80681e+06
45 6.4991e+06
83 1.76434e+07
44 6.46601e+06
40 5.96856e+06
98 2.47058e+07
41 6.12891e+06
43 6.33972e+06
42 6.15984e+06
39 5.75487e+06
35 5.21505e+06
20 3.17532e+06
78 1.68999e+07
65 1.26101e+07
82 1.70325e+07
73 1.41272e+07
Thế hệ thứ: 29
82 1.70325e+07
34 4.8067e+06
67 1.33644e+07
75 1.4952e+07
51 8.80681e+06
73 1.41272e+07
38 5.42511e+06
76 1.68285e+07
38 5.42511e+06
40 5.96856e+06
98 2.47058e+07
65 1.26101e+07
58 9.53072e+06
24 3.65136e+06
84 1.78472e+07
85 1.82788e+07
25 4.09404e+06
36 5.22192e+06
62 1.04377e+07
94 2.09353e+07
30 4.45824e+06
56 9.11521e+06
41 6.12891e+06
43 6.33972e+06
36 5.22192e+06
50 8.80569e+06
32 4.6657e+06
28 4.30912e+06
64 1.09262e+07
90 1.9778e+07
49 6.90629e+06
49 6.90629e+06
78 1.68999e+07
39 5.75487e+06
20 3.17532e+06
35 5.21505e+06
42 6.15984e+06
42 6.15984e+06
95 2.26663e+07
66 1.28894e+07
69 1.37218e+07
83 1.76434e+07
45 6.4991e+06
44 6.46601e+06
Thế hệ thứ: 30
38 5.42511e+06
51 8.80681e+06
73 1.41272e+07
37 5.4109e+06
75 1.4952e+07
67 1.33644e+07
34 4.8067e+06
82 1.70325e+07
42 6.15984e+06
42 6.15984e+06
20 3.17532e+06
39 5.75487e+06
38 5.42511e+06
76 1.68285e+07
40 5.96856e+06
98 2.47058e+07
69 1.37218e+07
65 1.26101e+07
45 6.4991e+06
83 1.76434e+07
44 6.46601e+06
66 1.28894e+07
24 3.65136e+06
58 9.53072e+06
84 1.78472e+07
85 1.82788e+07
36 5.22192e+06
25 4.09404e+06
32 4.6657e+06
95 2.26663e+07
62 1.04377e+07
94 2.09353e+07
30 4.45824e+06
56 9.11521e+06
43 6.33972e+06
41 6.12891e+06
36 5.22192e+06
50 8.80569e+06
28 4.30912e+06
64 1.09262e+07
49 6.90629e+06
49 6.90629e+06
90 1.9778e+07
78 1.68999e+07
71 1.38206e+07
35 5.14123e+06
Thế hệ thứ: 31
75 1.4952e+07
37 5.4109e+06
73 1.41272e+07
38 5.42511e+06
43 6.33972e+06
36 5.22192e+06
34 4.8067e+06
28 4.30912e+06
82 1.70325e+07
20 3.17532e+06
39 5.75487e+06
64 1.09262e+07
76 1.68285e+07
38 5.42511e+06
40 5.96856e+06
98 2.47058e+07
49 6.90629e+06
49 6.90629e+06
90 1.9778e+07
69 1.37218e+07
83 1.76434e+07
45 6.4991e+06
44 6.46601e+06
78 1.68999e+07
58 9.53072e+06
24 3.65136e+06
84 1.78472e+07
85 1.82788e+07
25 4.09404e+06
36 5.22192e+06
71 1.38206e+07
35 5.14123e+06
32 4.6657e+06
95 2.26663e+07
62 1.04377e+07
94 2.09353e+07
30 4.45824e+06
56 9.11521e+06
67 1.22053e+07
52 7.36783e+06
42 6.11383e+06
Thế hệ thứ: 32
95 2.26663e+07
69 1.37218e+07
49 6.90629e+06
49 6.90629e+06
90 1.9778e+07
84 1.78472e+07
75 1.4952e+07
37 5.4109e+06
25 4.09404e+06
85 1.82788e+07
45 6.4991e+06
83 1.76434e+07
73 1.41272e+07
38 5.42511e+06
43 6.33972e+06
44 6.46601e+06
34 4.8067e+06
28 4.30912e+06
32 4.6657e+06
82 1.70325e+07
39 5.75487e+06
20 3.17532e+06
78 1.68999e+07
24 3.65136e+06
58 9.53072e+06
64 1.09262e+07
38 5.42511e+06
71 1.38206e+07
40 5.96856e+06
98 2.47058e+07
62 1.04377e+07
94 2.09353e+07
30 4.45824e+06
56 9.11521e+06
67 1.22053e+07
52 7.36783e+06
42 6.11383e+06
36 5.07346e+06
77 1.61723e+07
60 1.02273e+07
Thế hệ thứ: 33
90 1.9778e+07
49 6.90629e+06
49 6.90629e+06
69 1.37218e+07
95 2.26663e+07
60 1.02273e+07
42 6.11383e+06
71 1.38206e+07
40 5.96856e+06
98 2.47058e+07
84 1.78472e+07
75 1.4952e+07
25 4.09404e+06
85 1.82788e+07
28 4.30912e+06
36 5.07346e+06
83 1.76434e+07
45 6.4991e+06
73 1.41272e+07
62 1.04377e+07
43 6.33972e+06
94 2.09353e+07
44 6.46601e+06
34 4.8067e+06
77 1.61723e+07
30 4.45824e+06
32 4.6657e+06
82 1.70325e+07
56 9.11521e+06
67 1.22053e+07
20 3.17532e+06
52 7.36783e+06
78 1.68999e+07
58 9.53072e+06
24 3.65136e+06
64 1.09262e+07
39 5.09441e+06
76 1.55436e+07
Thế hệ thứ: 34
95 2.26663e+07
69 1.37218e+07
90 1.9778e+07
49 6.90629e+06
49 6.90629e+06
82 1.70325e+07
56 9.11521e+06
67 1.22053e+07
60 1.02273e+07
71 1.38206e+07
40 5.96856e+06
98 2.47058e+07
84 1.78472e+07
24 3.65136e+06
58 9.53072e+06
25 4.09404e+06
85 1.82788e+07
28 4.30912e+06
20 3.17532e+06
45 6.4991e+06
83 1.76434e+07
64 1.09262e+07
73 1.41272e+07
52 7.36783e+06
39 5.09441e+06
62 1.04377e+07
43 6.33972e+06
94 2.09353e+07
44 6.46601e+06
34 4.8067e+06
53 9.0712e+06
78 1.68999e+07
30 4.45824e+06
32 4.6657e+06
76 1.50946e+07
36 5.06058e+06
77 1.56818e+07
42 5.97753e+06
75 1.47108e+07
48 6.90086e+06
Thế hệ thứ: 35
90 1.9778e+07
49 6.90629e+06
49 6.90629e+06
69 1.37218e+07
95 2.26663e+07
77 1.56818e+07
42 5.97753e+06
52 7.36783e+06
82 1.70325e+07
56 9.11521e+06
75 1.47108e+07
39 5.09441e+06
67 1.22053e+07
60 1.02273e+07
62 1.04377e+07
43 6.33972e+06
85 1.82009e+07
71 1.38206e+07
40 5.96856e+06
98 2.47058e+07
94 2.09353e+07
84 1.78472e+07
58 9.53072e+06
24 3.65136e+06
44 6.46601e+06
48 6.90086e+06
34 4.8067e+06
53 9.0712e+06
25 4.09404e+06
28 4.30912e+06
78 1.68999e+07
30 4.45824e+06
20 3.17532e+06
83 1.76434e+07
45 6.4991e+06
64 1.09262e+07
32 4.6657e+06
73 1.41272e+07
76 1.48805e+07
36 5.06058e+06
38 5.08562e+06
42 5.97753e+06
59 1.01055e+07
Thế hệ thứ: 36
95 2.26663e+07
69 1.37218e+07
59 1.01055e+07
78 1.68999e+07
90 1.9778e+07
49 6.90629e+06
49 6.90629e+06
28 4.30912e+06
42 5.97753e+06
77 1.56818e+07
52 7.36783e+06
82 1.70325e+07
56 9.11521e+06
20 3.17532e+06
75 1.47108e+07
39 5.09441e+06
45 6.4991e+06
83 1.76434e+07
60 1.02273e+07
62 1.04377e+07
43 6.33972e+06
85 1.82009e+07
71 1.38206e+07
64 1.09262e+07
40 5.96856e+06
98 2.47058e+07
94 2.09353e+07
84 1.78472e+07
24 3.65136e+06
58 9.53072e+06
44 6.46601e+06
73 1.41272e+07
48 6.90086e+06
36 5.06058e+06
76 1.48805e+07
42 5.97753e+06
38 5.08562e+06
25 4.09404e+06
35 4.31511e+06
53 8.60512e+06
68 1.19251e+07
97 2.2993e+07
Thế hệ thứ: 37
49 6.90629e+06
49 6.90629e+06
90 1.9778e+07
97 2.2993e+07
59 1.01055e+07
69 1.37218e+07
95 2.26663e+07
73 1.41272e+07
25 4.09404e+06
28 4.30912e+06
77 1.56818e+07
42 5.97753e+06
52 7.36783e+06
82 1.70325e+07
48 6.90086e+06
56 9.11521e+06
35 4.31511e+06
53 8.60512e+06
20 3.17532e+06
75 1.47108e+07
39 5.09441e+06
83 1.76434e+07
45 6.4991e+06
68 1.19251e+07
60 1.02273e+07
62 1.04377e+07
43 6.33972e+06
85 1.82009e+07
71 1.38206e+07
76 1.48805e+07
36 5.06058e+06
64 1.09262e+07
38 5.08562e+06
42 5.97753e+06
98 2.47058e+07
94 2.09353e+07
84 1.78472e+07
58 9.53072e+06
24 3.65136e+06
44 6.46601e+06
78 1.65854e+07
47 6.72202e+06
96 2.27984e+07
41 5.94949e+06
Thế hệ thứ: 38
59 1.01055e+07
49 6.90629e+06
49 6.90629e+06
90 1.9778e+07
47 6.72202e+06
78 1.65854e+07
44 6.46601e+06
85 1.82009e+07
71 1.38206e+07
38 5.08562e+06
42 5.97753e+06
69 1.37218e+07
35 4.31511e+06
73 1.41272e+07
25 4.09404e+06
28 4.30912e+06
42 5.97753e+06
77 1.56818e+07
52 7.36783e+06
41 5.94949e+06
58 9.53072e+06
24 3.65136e+06
82 1.70325e+07
48 6.90086e+06
56 9.11521e+06
84 1.78472e+07
20 3.17532e+06
75 1.47108e+07
36 5.06058e+06
76 1.48805e+07
39 5.09441e+06
45 6.4991e+06
83 1.76434e+07
68 1.19251e+07
94 2.09353e+07
60 1.02273e+07
62 1.04377e+07
98 2.47058e+07
43 6.33972e+06
64 1.09262e+07
53 7.73461e+06
97 2.26044e+07
Thế hệ thứ: 39
36 5.06058e+06
76 1.48805e+07
49 6.90629e+06
49 6.90629e+06
90 1.9778e+07
59 1.01055e+07
25 4.09404e+06
97 2.26044e+07
47 6.72202e+06
53 7.73461e+06
42 5.97753e+06
44 6.46601e+06
78 1.65854e+07
98 2.47058e+07
85 1.82009e+07
71 1.38206e+07
62 1.04377e+07
39 5.09441e+06
64 1.09262e+07
69 1.37218e+07
60 1.02273e+07
35 4.31511e+06
73 1.41272e+07
43 6.33972e+06
83 1.76434e+07
38 5.06636e+06
45 6.4991e+06
28 4.30912e+06
77 1.56818e+07
42 5.97753e+06
52 7.36783e+06
24 3.65136e+06
58 9.53072e+06
41 5.94949e+06
82 1.70325e+07
94 2.09353e+07
48 6.90086e+06
56 9.11521e+06
84 1.78472e+07
20 3.17532e+06
68 1.19251e+07
75 1.47108e+07
Thế hệ thứ: 40
36 5.06058e+06
76 1.48805e+07
59 1.01055e+07
40 5.48965e+06
49 6.90629e+06
49 6.90629e+06
90 1.9778e+07
42 5.97753e+06
77 1.56818e+07
97 2.26044e+07
25 4.09404e+06
47 6.72202e+06
42 5.97753e+06
53 7.73461e+06
62 1.04377e+07
52 7.36783e+06
78 1.65854e+07
44 6.46601e+06
98 2.47058e+07
75 1.47108e+07
71 1.38206e+07
85 1.82009e+07
41 5.94949e+06
58 9.53072e+06
24 3.65136e+06
82 1.70325e+07
39 5.09441e+06
64 1.09262e+07
94 2.09353e+07
69 1.37218e+07
48 6.90086e+06
56 9.11521e+06
60 1.02273e+07
84 1.78472e+07
35 4.31511e+06
73 1.41272e+07
43 6.33972e+06
38 5.06636e+06
45 6.4991e+06
83 1.76434e+07
20 3.17532e+06
28 4.30912e+06
68 1.11383e+07
86 1.83397e+07
Thế hệ thứ: 41
36 5.06058e+06
76 1.48805e+07
90 1.9778e+07
40 5.48965e+06
49 6.90629e+06
49 6.90629e+06
59 1.01055e+07
38 5.06636e+06
45 6.4991e+06
83 1.76434e+07
20 3.17532e+06
77 1.56818e+07
42 5.97753e+06
25 4.09404e+06
97 2.26044e+07
47 6.72202e+06
56 9.11521e+06
53 7.73461e+06
42 5.97753e+06
62 1.04377e+07
52 7.36783e+06
44 6.46601e+06
78 1.65854e+07
60 1.02273e+07
98 2.47058e+07
75 1.47108e+07
84 1.78472e+07
85 1.82009e+07
71 1.38206e+07
35 4.31511e+06
24 3.65136e+06
58 9.53072e+06
41 5.94949e+06
86 1.83397e+07
82 1.70325e+07
39 5.09441e+06
73 1.41272e+07
64 1.09262e+07
94 2.09353e+07
28 4.30912e+06
68 1.11383e+07
69 1.15336e+07
43 6.32537e+06
48 6.89862e+06
Thế hệ thứ: 42
36 5.06058e+06
76 1.48805e+07
59 1.01055e+07
90 1.9778e+07
40 5.48965e+06
49 6.90629e+06
49 6.90629e+06
43 6.32537e+06
86 1.83397e+07
82 1.70325e+07
69 1.15336e+07
83 1.76434e+07
38 5.06636e+06
45 6.4991e+06
20 3.17532e+06
42 5.97753e+06
77 1.56818e+07
68 1.11383e+07
97 2.26044e+07
25 4.09404e+06
47 6.72202e+06
56 9.11521e+06
58 9.53072e+06
41 5.94949e+06
24 3.65136e+06
85 1.82009e+07
71 1.38206e+07
42 5.97753e+06
53 7.73461e+06
62 1.04377e+07
52 7.36783e+06
78 1.65854e+07
44 6.46601e+06
28 4.30912e+06
94 2.09353e+07
60 1.02273e+07
35 4.31511e+06
98 2.47058e+07
75 1.47108e+07
64 1.09262e+07
84 1.78472e+07
39 5.09441e+06
48 6.89862e+06
74 1.40964e+07
37 5.06547e+06
Thế hệ thứ: 43
36 5.06058e+06
76 1.48805e+07
90 1.9778e+07
40 5.48965e+06
49 6.90629e+06
49 6.90629e+06
59 1.01055e+07
82 1.70325e+07
86 1.83397e+07
43 6.32537e+06
69 1.15336e+07
38 5.06636e+06
45 6.4991e+06
83 1.76434e+07
48 6.89862e+06
20 3.17532e+06
77 1.56818e+07
42 5.97753e+06
68 1.11383e+07
25 4.09404e+06
97 2.26044e+07
47 6.72202e+06
39 5.09441e+06
94 2.09353e+07
56 9.11521e+06
24 3.65136e+06
41 5.94949e+06
58 9.53072e+06
84 1.78472e+07
60 1.02273e+07
71 1.38206e+07
85 1.82009e+07
35 4.31511e+06
75 1.47108e+07
53 7.73461e+06
42 5.97753e+06
73 1.40185e+07
64 1.09262e+07
62 1.04377e+07
52 7.36783e+06
98 2.47058e+07
44 6.46601e+06
78 1.65854e+07
28 4.30912e+06
74 1.40964e+07
37 5.06547e+06
50 7.26561e+06
Thế hệ thứ: 44
59 1.01055e+07
90 1.9778e+07
40 5.48965e+06
49 6.90629e+06
49 6.90629e+06
35 4.31511e+06
43 6.32537e+06
86 1.83397e+07
28 4.30912e+06
42 5.97753e+06
53 7.73461e+06
69 1.15336e+07
38 5.06636e+06
48 6.89862e+06
20 3.17532e+06
42 5.97753e+06
98 2.47058e+07
52 7.36783e+06
50 7.26561e+06
68 1.11383e+07
62 1.04377e+07
97 2.26044e+07
25 4.09404e+06
47 6.72202e+06
73 1.40185e+07
64 1.09262e+07
39 5.09441e+06
37 4.96923e+06
94 2.09353e+07
56 9.11521e+06
58 9.53072e+06
41 5.94949e+06
24 3.65136e+06
60 1.02273e+07
85 1.82009e+07
71 1.38206e+07
74 1.40964e+07
76 1.45087e+07
46 6.3955e+06
77 1.48731e+07
84 1.64881e+07
44 6.38602e+06
Thế hệ thứ: 45
35 4.31511e+06
90 1.9778e+07
40 5.48965e+06
49 6.90629e+06
49 6.90629e+06
76 1.45087e+07
62 1.04377e+07
25 4.09404e+06
97 2.26044e+07
86 1.83397e+07
43 6.32537e+06
28 4.30912e+06
74 1.40964e+07
47 6.72202e+06
53 7.73461e+06
42 5.97753e+06
69 1.15336e+07
85 1.82009e+07
71 1.38206e+07
64 1.09262e+07
73 1.40185e+07
38 5.06636e+06
39 5.09441e+06
94 2.09353e+07
37 4.96923e+06
48 6.89862e+06
60 1.02273e+07
20 3.17532e+06
42 5.97753e+06
98 2.47058e+07
56 9.11521e+06
52 7.36783e+06
41 5.94949e+06
58 9.53072e+06
24 3.65136e+06
68 1.11383e+07
50 7.26561e+06
77 1.48731e+07
46 6.3955e+06
84 1.64881e+07
87 1.90998e+07
44 6.35897e+06
59 1.00997e+07
79 1.63568e+07
78 1.60385e+07
Thế hệ thứ: 46
90 1.9778e+07
40 5.48965e+06
49 6.90629e+06
49 6.90629e+06
35 4.31511e+06
24 3.65136e+06
41 5.94949e+06
58 9.53072e+06
76 1.45087e+07
62 1.04377e+07
97 2.26044e+07
25 4.09404e+06
86 1.83397e+07
28 4.30912e+06
74 1.40964e+07
47 6.72202e+06
42 5.97753e+06
53 7.73461e+06
69 1.15336e+07
71 1.38206e+07
85 1.82009e+07
73 1.40185e+07
64 1.09262e+07
38 5.06636e+06
78 1.60385e+07
68 1.11383e+07
50 7.26561e+06
39 5.09441e+06
46 6.3955e+06
77 1.48731e+07
79 1.63568e+07
37 4.96923e+06
94 2.09353e+07
84 1.64881e+07
48 6.89862e+06
87 1.90998e+07
20 3.17532e+06
42 5.97753e+06
98 2.47058e+07
56 9.11521e+06
44 6.35897e+06
52 7.36783e+06
43 6.29096e+06
60 1.00049e+07
Thế hệ thứ: 47
35 4.31511e+06
90 1.9778e+07
40 5.48965e+06
49 6.90629e+06
49 6.90629e+06
52 7.36783e+06
58 9.53072e+06
24 3.65136e+06
41 5.94949e+06
76 1.45087e+07
62 1.04377e+07
25 4.09404e+06
97 2.26044e+07
46 6.3955e+06
77 1.48731e+07
86 1.83397e+07
37 4.96923e+06
79 1.63568e+07
94 2.09353e+07
28 4.30912e+06
74 1.40964e+07
47 6.72202e+06
43 6.29096e+06
53 7.73461e+06
42 5.97753e+06
69 1.15336e+07
85 1.82009e+07
71 1.38206e+07
64 1.09262e+07
73 1.40185e+07
68 1.11383e+07
50 7.26561e+06
38 5.06636e+06
78 1.60385e+07
87 1.90998e+07
39 5.09441e+06
84 1.64881e+07
48 6.89862e+06
20 3.17532e+06
42 5.97753e+06
98 2.47058e+07
56 9.11521e+06
44 6.35897e+06
60 9.85405e+06
Thế hệ thứ: 48
90 1.9778e+07
40 5.48965e+06
49 6.90629e+06
49 6.90629e+06
35 4.31511e+06
42 5.97753e+06
52 7.36783e+06
41 5.94949e+06
24 3.65136e+06
58 9.53072e+06
76 1.45087e+07
62 1.04377e+07
97 2.26044e+07
25 4.09404e+06
77 1.48731e+07
46 6.3955e+06
86 1.83397e+07
94 2.09353e+07
79 1.63568e+07
37 4.96923e+06
28 4.30912e+06
74 1.40964e+07
47 6.72202e+06
43 6.29096e+06
48 6.89862e+06
42 5.97753e+06
53 7.73461e+06
69 1.15336e+07
84 1.64881e+07
20 3.17532e+06
71 1.38206e+07
85 1.82009e+07
73 1.40185e+07
64 1.09262e+07
50 7.26561e+06
68 1.11383e+07
60 9.85405e+06
38 5.06636e+06
44 6.35897e+06
56 9.11521e+06
78 1.60385e+07
98 2.47058e+07
87 1.90998e+07
39 5.09441e+06
Thế hệ thứ: 49
35 4.31511e+06
90 1.9778e+07
40 5.48965e+06
49 6.90629e+06
49 6.90629e+06
42 5.97753e+06
52 7.36783e+06
64 1.09262e+07
73 1.40185e+07
58 9.53072e+06
24 3.65136e+06
41 5.94949e+06
39 5.09441e+06
76 1.45087e+07
87 1.90998e+07
62 1.04377e+07
25 4.09404e+06
97 2.26044e+07
46 6.3955e+06
77 1.48731e+07
86 1.83397e+07
98 2.47058e+07
37 4.96923e+06
94 2.09353e+07
78 1.60385e+07
56 9.11521e+06
28 4.30912e+06
74 1.40964e+07
47 6.72202e+06
43 6.29096e+06
60 9.85405e+06
53 7.73461e+06
42 5.97753e+06
69 1.15336e+07
50 7.26561e+06
68 1.11383e+07
44 6.35897e+06
84 1.64881e+07
20 3.17532e+06
85 1.82009e+07
71 1.38206e+07
38 5.06636e+06
48 6.84919e+06
79 1.60493e+07
44 6.35897e+06
