Thế hệ thứ: 0
44 5.67041e+06
36 5.01551e+06
35 3.67501e+06
46 8.73607e+06
72 1.25496e+07
84 1.35078e+07
93 1.77555e+07
62 1.10729e+07
60 9.99449e+06
58 9.32462e+06
Thế hệ thứ: 1
35 3.67501e+06
55 8.44642e+06
58 9.32462e+06
72 1.25496e+07
84 1.35078e+07
62 1.10729e+07
36 5.01551e+06
60 9.99449e+06
94 1.87543e+07
40 5.27892e+06
52 8.13702e+06
93 1.77519e+07
66 1.15056e+07
45 5.92684e+06
88 1.77509e+07
78 1.29838e+07
44 5.5534e+06
Thế hệ thứ: 2
45 5.92684e+06
35 3.67501e+06
94 1.87543e+07
84 1.35078e+07
52 8.13702e+06
66 1.15056e+07
62 1.10729e+07
55 8.44642e+06
58 9.32462e+06
60 9.99449e+06
93 1.77519e+07
63 1.12018e+07
79 1.24487e+07
20 3.44708e+06
44 5.52842e+06
41 4.93926e+06
22 3.50345e+06
51 7.17967e+06
48 6.00212e+06
89 1.55444e+07
61 1.0755e+07
Thế hệ thứ: 3
94 1.87543e+07
93 1.77519e+07
20 3.44708e+06
89 1.55444e+07
79 1.24487e+07
35 3.67501e+06
84 1.35078e+07
41 4.93926e+06
81 1.34058e+07
22 3.50345e+06
51 7.17967e+06
55 8.44642e+06
58 9.32462e+06
45 5.92684e+06
48 6.00212e+06
52 8.13702e+06
44 5.52842e+06
60 9.99449e+06
98 1.97299e+07
91 1.61908e+07
53 8.39192e+06
86 1.4951e+07
73 1.06944e+07
62 1.0098e+07
Thế hệ thứ: 4
20 3.44708e+06
24 3.59395e+06
73 1.06944e+07
35 3.67501e+06
79 1.24487e+07
41 4.93926e+06
93 1.77519e+07
86 1.4951e+07
91 1.61908e+07
51 7.17967e+06
58 9.32462e+06
84 1.35078e+07
48 6.00212e+06
89 1.55444e+07
81 1.31063e+07
46 5.55862e+06
23 3.4921e+06
36 4.44224e+06
98 1.80373e+07
67 9.44374e+06
85 1.40228e+07
57 8.09643e+06
45 5.50423e+06
Thế hệ thứ: 5
57 8.09643e+06
98 1.80373e+07
20 3.44708e+06
73 1.06944e+07
67 9.44374e+06
89 1.5281e+07
79 1.24487e+07
58 9.32462e+06
97 1.75002e+07
35 3.67501e+06
91 1.61908e+07
41 4.93926e+06
48 6.00212e+06
24 3.59395e+06
45 5.50423e+06
36 4.44224e+06
86 1.4951e+07
85 1.40228e+07
81 1.31063e+07
84 1.35078e+07
46 5.55862e+06
23 3.4921e+06
56 8.02629e+06
43 5.46879e+06
52 6.02171e+06
Thế hệ thứ: 6
20 3.44708e+06
98 1.80373e+07
52 6.02171e+06
73 1.06944e+07
24 3.56667e+06
79 1.24487e+07
91 1.61908e+07
97 1.75002e+07
35 3.67501e+06
44 5.50282e+06
56 8.02629e+06
45 5.50423e+06
36 4.44224e+06
41 4.93926e+06
53 7.33153e+06
81 1.31063e+07
57 8.09643e+06
84 1.35078e+07
48 6.00212e+06
43 5.46879e+06
46 5.55862e+06
23 3.4921e+06
94 1.74713e+07
90 1.45915e+07
68 8.38892e+06
87 1.39773e+07
69 9.43737e+06
Thế hệ thứ: 7
98 1.80373e+07
20 3.44708e+06
73 1.06944e+07
79 1.24487e+07
35 3.67501e+06
44 5.50282e+06
48 6.00212e+06
68 8.38892e+06
84 1.35078e+07
69 9.43737e+06
90 1.45915e+07
53 7.33153e+06
57 8.09643e+06
24 3.56667e+06
41 4.93926e+06
52 6.02171e+06
87 1.39773e+07
56 8.02629e+06
97 1.75002e+07
46 5.55862e+06
23 3.4921e+06
45 5.50423e+06
81 1.2938e+07
95 1.61556e+07
78 1.15133e+07
43 5.45617e+06
37 4.30486e+06
62 8.21633e+06
82 1.30894e+07
Thế hệ thứ: 8
90 1.45915e+07
37 4.30486e+06
98 1.80373e+07
95 1.61556e+07
73 1.06944e+07
84 1.35078e+07
69 9.43737e+06
35 3.67501e+06
78 1.15133e+07
68 8.38892e+06
97 1.75002e+07
24 3.56667e+06
62 8.21633e+06
41 4.93926e+06
82 1.30894e+07
52 6.02171e+06
49 5.18203e+06
87 1.39773e+07
79 1.24487e+07
57 8.09643e+06
81 1.2938e+07
23 3.4921e+06
25 3.57039e+06
20 3.42318e+06
96 1.73889e+07
77 1.11497e+07
56 7.04995e+06
Thế hệ thứ: 9
87 1.39773e+07
49 5.18203e+06
52 6.02171e+06
73 1.06944e+07
20 3.42318e+06
90 1.45915e+07
98 1.80373e+07
95 1.61556e+07
84 1.35078e+07
69 9.43737e+06
41 4.93926e+06
56 7.04995e+06
35 3.67501e+06
68 8.38892e+06
37 4.30486e+06
62 8.21633e+06
57 8.09643e+06
25 3.57039e+06
77 1.11497e+07
97 1.75002e+07
96 1.73889e+07
78 1.15133e+07
38 4.63479e+06
23 3.4921e+06
24 3.56667e+06
92 1.59073e+07
83 1.18653e+07
Thế hệ thứ: 10
83 1.18653e+07
87 1.39773e+07
49 5.18203e+06
52 6.02171e+06
73 1.06944e+07
20 3.42318e+06
98 1.80373e+07
84 1.35078e+07
69 9.43737e+06
56 7.04995e+06
35 3.67501e+06
90 1.45915e+07
41 4.93926e+06
68 8.38892e+06
62 8.21633e+06
25 3.57039e+06
78 1.15133e+07
97 1.75002e+07
37 4.30486e+06
38 4.63479e+06
23 3.4921e+06
24 3.56667e+06
57 7.05155e+06
50 5.97727e+06
77 1.10903e+07
96 1.58598e+07
Thế hệ thứ: 11
90 1.45915e+07
98 1.80373e+07
83 1.18653e+07
77 1.10903e+07
73 1.06944e+07
20 3.42318e+06
96 1.58598e+07
62 8.21633e+06
84 1.35078e+07
69 9.43737e+06
35 3.67501e+06
87 1.39773e+07
49 5.18203e+06
97 1.75002e+07
68 8.38892e+06
57 7.05155e+06
52 6.02171e+06
25 3.57039e+06
56 7.04995e+06
78 1.15133e+07
37 4.30486e+06
50 5.97727e+06
38 4.63479e+06
23 3.4921e+06
24 3.56667e+06
19 3.35824e+06
59 7.43105e+06
76 1.07033e+07
42 4.70048e+06
100 1.97443e+07
Thế hệ thứ: 12
100 1.97443e+07
90 1.45915e+07
19 3.35824e+06
96 1.58598e+07
69 9.43737e+06
84 1.35078e+07
83 1.18653e+07
35 3.67501e+06
87 1.39773e+07
49 5.18203e+06
98 1.80373e+07
62 8.21633e+06
42 4.70048e+06
77 1.10903e+07
73 1.06944e+07
68 8.38892e+06
97 1.75002e+07
25 3.57039e+06
39 4.15609e+06
52 6.02171e+06
56 7.04625e+06
59 7.43105e+06
50 5.97727e+06
76 1.07033e+07
57 7.05155e+06
23 3.4921e+06
20 3.42318e+06
24 3.56667e+06
51 6.02033e+06
78 1.11222e+07
99 1.90769e+07
Thế hệ thứ: 13
100 1.97443e+07
90 1.45915e+07
42 4.70048e+06
96 1.58598e+07
83 1.18653e+07
35 3.67501e+06
69 9.43737e+06
57 6.80766e+06
84 1.35078e+07
87 1.39773e+07
49 5.18203e+06
49 5.18203e+06
62 8.21633e+06
77 1.10903e+07
73 1.06944e+07
68 8.38892e+06
97 1.75002e+07
51 6.02033e+06
52 6.02171e+06
39 4.15609e+06
25 3.57039e+06
59 7.43105e+06
99 1.90769e+07
78 1.11222e+07
98 1.80373e+07
50 5.97727e+06
76 1.07033e+07
23 3.4921e+06
20 3.42318e+06
24 3.56667e+06
53 6.32362e+06
19 3.14298e+06
Thế hệ thứ: 14
20 3.41049e+06
100 1.97443e+07
42 4.70048e+06
96 1.58598e+07
76 1.07033e+07
19 3.14298e+06
53 6.32362e+06
90 1.45915e+07
83 1.18653e+07
35 3.67501e+06
69 9.43737e+06
57 6.80766e+06
84 1.35078e+07
62 8.21633e+06
77 1.10903e+07
73 1.06944e+07
68 8.38892e+06
97 1.75002e+07
52 6.02171e+06
39 4.15609e+06
59 7.43105e+06
25 3.57039e+06
49 5.18203e+06
49 5.18203e+06
87 1.39773e+07
99 1.90769e+07
78 1.11222e+07
98 1.80373e+07
50 5.97727e+06
23 3.4921e+06
24 3.56667e+06
51 5.99317e+06
26 3.58528e+06
Thế hệ thứ: 15
20 3.41049e+06
100 1.97443e+07
42 4.70048e+06
96 1.58598e+07
19 3.14298e+06
76 1.07033e+07
53 6.32362e+06
90 1.45915e+07
83 1.18653e+07
69 9.43737e+06
57 6.80766e+06
84 1.35078e+07
35 3.67501e+06
62 8.21633e+06
77 1.10903e+07
73 1.06944e+07
68 8.38892e+06
97 1.75002e+07
52 6.02171e+06
39 4.15609e+06
59 7.43105e+06
49 5.18203e+06
49 5.18203e+06
87 1.39773e+07
26 3.58528e+06
99 1.90769e+07
78 1.11222e+07
98 1.80373e+07
23 3.4921e+06
24 3.56667e+06
25 3.57039e+06
51 5.97489e+06
61 7.90112e+06
Thế hệ thứ: 16
20 3.41049e+06
100 1.97443e+07
42 4.70048e+06
96 1.58598e+07
76 1.07033e+07
64 7.81792e+06
19 3.14298e+06
53 6.32362e+06
90 1.45915e+07
83 1.18653e+07
69 9.43737e+06
57 6.80766e+06
35 3.67501e+06
77 1.10903e+07
68 8.38892e+06
97 1.75002e+07
52 6.02171e+06
49 5.18203e+06
49 5.18203e+06
87 1.39773e+07
26 3.58528e+06
78 1.11222e+07
98 1.80373e+07
59 7.43105e+06
51 5.97489e+06
23 3.4921e+06
24 3.56667e+06
25 3.57039e+06
74 1.0485e+07
39 3.96837e+06
84 1.34513e+07
99 1.86222e+07
Thế hệ thứ: 17
20 3.41049e+06
100 1.97443e+07
96 1.58598e+07
76 1.07033e+07
19 3.14298e+06
64 7.81792e+06
53 6.32362e+06
90 1.45915e+07
83 1.18653e+07
69 9.43737e+06
57 6.80766e+06
35 3.67501e+06
84 1.34513e+07
74 1.0485e+07
68 8.38892e+06
97 1.75002e+07
39 3.96837e+06
59 7.43105e+06
49 5.18203e+06
49 5.18203e+06
87 1.39773e+07
26 3.58528e+06
99 1.86222e+07
78 1.11222e+07
98 1.80373e+07
51 5.97489e+06
23 3.4921e+06
77 1.10903e+07
52 6.02171e+06
24 3.56667e+06
25 3.57039e+06
46 4.69962e+06
Thế hệ thứ: 18
46 4.69962e+06
20 3.41049e+06
100 1.97443e+07
96 1.58598e+07
76 1.07033e+07
64 7.81792e+06
53 6.32362e+06
90 1.45915e+07
39 3.96837e+06
83 1.18653e+07
69 9.43737e+06
57 6.80766e+06
35 3.67501e+06
84 1.34513e+07
74 1.0485e+07
68 8.38892e+06
97 1.75002e+07
59 7.43105e+06
49 5.18203e+06
49 5.18203e+06
87 1.39773e+07
99 1.86222e+07
78 1.11222e+07
98 1.80373e+07
51 5.97489e+06
23 3.4921e+06
77 1.10903e+07
24 3.56667e+06
58 7.42337e+06
25 3.57039e+06
52 5.99386e+06
26 3.58315e+06
19 2.94058e+06
Thế hệ thứ: 19
46 4.69962e+06
19 2.94058e+06
100 1.97443e+07
96 1.58598e+07
53 6.32362e+06
90 1.45915e+07
39 3.96837e+06
83 1.18653e+07
69 9.43737e+06
57 6.80766e+06
35 3.67501e+06
84 1.34513e+07
64 7.81792e+06
76 1.07033e+07
74 1.0485e+07
26 3.58315e+06
68 8.38892e+06
97 1.75002e+07
87 1.39773e+07
99 1.86222e+07
78 1.11222e+07
59 7.43105e+06
98 1.80373e+07
51 5.97489e+06
58 7.42337e+06
25 3.57039e+06
23 3.4921e+06
77 1.10903e+07
52 5.99386e+06
24 3.56667e+06
50 5.13686e+06
21 3.29192e+06
Thế hệ thứ: 20
46 4.69962e+06
19 2.94058e+06
96 1.58598e+07
53 6.32362e+06
90 1.45915e+07
39 3.96837e+06
83 1.18653e+07
69 9.43737e+06
57 6.80766e+06
35 3.67501e+06
84 1.34513e+07
64 7.81792e+06
76 1.07033e+07
74 1.0485e+07
26 3.58315e+06
68 8.38892e+06
97 1.75002e+07
87 1.39773e+07
50 5.13686e+06
78 1.11222e+07
59 7.43105e+06
98 1.80373e+07
21 3.29192e+06
51 5.97489e+06
58 7.42337e+06
25 3.57039e+06
100 1.86163e+07
23 3.4921e+06
77 1.10903e+07
52 5.99386e+06
24 3.56667e+06
Thế hệ thứ: 21
46 4.69962e+06
100 1.86163e+07
23 3.4921e+06
19 2.94058e+06
96 1.58598e+07
53 6.32362e+06
90 1.45915e+07
39 3.96837e+06
83 1.18653e+07
69 9.43737e+06
57 6.80766e+06
35 3.67501e+06
84 1.34513e+07
64 7.81792e+06
76 1.07033e+07
74 1.0485e+07
26 3.58315e+06
68 8.38892e+06
97 1.75002e+07
87 1.39773e+07
50 5.13686e+06
78 1.11222e+07
59 7.43105e+06
21 3.29192e+06
51 5.97489e+06
58 7.42337e+06
25 3.57039e+06
77 1.10903e+07
52 5.99386e+06
98 1.80014e+07
24 3.56667e+06
99 1.83552e+07
49 5.13184e+06
72 9.57967e+06
Thế hệ thứ: 22
46 4.69962e+06
19 2.94058e+06
100 1.86163e+07
96 1.58598e+07
53 6.32362e+06
90 1.45915e+07
39 3.96837e+06
83 1.18653e+07
24 3.31034e+06
35 3.67501e+06
84 1.34513e+07
64 7.81792e+06
76 1.07033e+07
26 3.58315e+06
68 8.38892e+06
97 1.75002e+07
87 1.39773e+07
57 6.80766e+06
69 9.43737e+06
72 9.57967e+06
78 1.11222e+07
74 1.0485e+07
59 7.43105e+06
21 3.29192e+06
51 5.97489e+06
98 1.80014e+07
50 5.13686e+06
58 7.42337e+06
25 3.57039e+06
99 1.83552e+07
77 1.10903e+07
52 5.99386e+06
49 5.10496e+06
38 3.91616e+06
Thế hệ thứ: 23
46 4.69962e+06
100 1.86163e+07
19 2.94058e+06
64 7.81792e+06
76 1.07033e+07
96 1.58598e+07
84 1.34513e+07
53 6.32362e+06
90 1.45915e+07
83 1.18653e+07
24 3.31034e+06
35 3.67501e+06
26 3.58315e+06
68 8.38892e+06
97 1.75002e+07
39 3.96837e+06
87 1.39773e+07
57 6.80766e+06
69 9.43737e+06
72 9.57967e+06
74 1.0485e+07
59 7.43105e+06
21 3.29192e+06
50 5.13686e+06
51 5.97489e+06
98 1.80014e+07
52 5.99386e+06
49 5.10496e+06
38 3.91616e+06
58 7.42337e+06
25 3.57039e+06
99 1.83552e+07
78 1.08847e+07
65 8.35704e+06
41 4.35743e+06
Thế hệ thứ: 24
19 2.94058e+06
100 1.86163e+07
96 1.58598e+07
83 1.18653e+07
41 4.35743e+06
84 1.34513e+07
90 1.45915e+07
24 3.31034e+06
35 3.67501e+06
87 1.39773e+07
46 4.69962e+06
64 7.81792e+06
57 6.80766e+06
69 9.43737e+06
68 8.38892e+06
26 3.58315e+06
72 9.57967e+06
59 7.43105e+06
65 8.35704e+06
21 3.29192e+06
50 5.13686e+06
51 5.97489e+06
98 1.80014e+07
52 5.99386e+06
49 5.10496e+06
38 3.91616e+06
39 3.96837e+06
99 1.83552e+07
97 1.68986e+07
58 6.80779e+06
79 1.02682e+07
55 6.16729e+06
25 3.39432e+06
Thế hệ thứ: 25
100 1.86163e+07
19 2.94058e+06
79 1.02682e+07
83 1.18653e+07
96 1.58598e+07
84 1.34513e+07
90 1.45915e+07
72 9.57967e+06
24 3.31034e+06
35 3.67501e+06
97 1.68986e+07
87 1.39773e+07
46 4.69962e+06
68 8.38892e+06
26 3.58315e+06
58 6.80045e+06
64 7.81792e+06
41 4.35743e+06
69 9.43737e+06
98 1.80014e+07
55 6.16729e+06
65 8.35704e+06
21 3.29192e+06
50 5.13686e+06
51 5.97489e+06
52 5.99386e+06
49 5.10496e+06
38 3.91616e+06
39 3.96837e+06
99 1.83552e+07
25 3.39432e+06
56 6.60483e+06
61 7.31878e+06
20 3.28781e+06
60 6.90551e+06
94 1.57574e+07
Thế hệ thứ: 26
19 2.94058e+06
100 1.86163e+07
79 1.02682e+07
83 1.18653e+07
84 1.34513e+07
90 1.45915e+07
24 3.31034e+06
35 3.67501e+06
72 9.57967e+06
29 3.49564e+06
97 1.68986e+07
96 1.58598e+07
94 1.57574e+07
87 1.39773e+07
46 4.69962e+06
68 8.38892e+06
41 4.35743e+06
69 9.43737e+06
92 1.54233e+07
64 7.81792e+06
61 7.31878e+06
55 6.16729e+06
65 8.35704e+06
50 5.13686e+06
51 5.97489e+06
56 6.60483e+06
52 5.99386e+06
49 5.10496e+06
60 6.90551e+06
58 6.80045e+06
38 3.91616e+06
39 3.96837e+06
21 3.29192e+06
20 3.28781e+06
25 3.39432e+06
99 1.75918e+07
40 3.97604e+06
88 1.45386e+07
43 4.43589e+06
Thế hệ thứ: 27
99 1.75918e+07
100 1.86163e+07
19 2.94058e+06
97 1.68986e+07
29 3.49564e+06
79 1.02682e+07
83 1.18653e+07
84 1.34513e+07
43 4.43589e+06
72 9.57967e+06
24 3.31034e+06
35 3.67501e+06
69 9.43737e+06
64 7.81792e+06
92 1.54233e+07
87 1.39773e+07
88 1.45386e+07
68 8.38892e+06
46 4.69962e+06
94 1.57574e+07
96 1.58598e+07
61 7.31878e+06
90 1.45915e+07
55 6.16729e+06
65 8.35704e+06
50 5.13686e+06
51 5.97489e+06
56 6.60483e+06
52 5.99386e+06
49 5.10496e+06
25 3.39432e+06
60 6.90551e+06
58 6.80045e+06
38 3.91616e+06
41 4.35743e+06
21 3.29192e+06
40 3.97604e+06
20 3.28781e+06
39 3.96837e+06
42 4.35801e+06
Thế hệ thứ: 28
99 1.75918e+07
19 2.94058e+06
100 1.86163e+07
97 1.68986e+07
29 3.49564e+06
79 1.02682e+07
83 1.18653e+07
84 1.34513e+07
43 4.43589e+06
72 9.57967e+06
24 3.31034e+06
35 3.67501e+06
69 9.43737e+06
64 7.81792e+06
92 1.54233e+07
87 1.39773e+07
88 1.45386e+07
68 8.38892e+06
46 4.69962e+06
94 1.57574e+07
96 1.58598e+07
61 7.31878e+06
90 1.45915e+07
55 6.16729e+06
65 8.35704e+06
50 5.13686e+06
51 5.97489e+06
56 6.60483e+06
52 5.99386e+06
49 5.10496e+06
25 3.39432e+06
60 6.90551e+06
58 6.80045e+06
38 3.91616e+06
21 3.29192e+06
40 3.97604e+06
41 4.35743e+06
20 3.28781e+06
42 4.35801e+06
42 4.35801e+06
39 3.96837e+06
Thế hệ thứ: 29
99 1.75918e+07
19 2.94058e+06
97 1.68986e+07
29 3.49564e+06
79 1.02682e+07
83 1.18653e+07
84 1.34513e+07
43 4.43589e+06
72 9.57967e+06
24 3.31034e+06
35 3.67501e+06
69 9.43737e+06
64 7.81792e+06
92 1.54233e+07
87 1.39773e+07
88 1.45386e+07
68 8.38892e+06
46 4.69962e+06
94 1.57574e+07
96 1.58598e+07
61 7.31878e+06
90 1.45915e+07
55 6.16729e+06
65 8.35704e+06
50 5.13686e+06
51 5.97489e+06
56 6.60483e+06
52 5.99386e+06
49 5.10496e+06
25 3.39432e+06
60 6.90551e+06
58 6.80045e+06
38 3.91616e+06
21 3.29192e+06
40 3.97604e+06
41 4.35743e+06
39 3.96837e+06
42 4.35801e+06
42 4.35801e+06
20 3.23967e+06
63 7.47481e+06
62 7.33812e+06
100 1.82973e+07
Thế hệ thứ: 30
19 2.94058e+06
100 1.82973e+07
29 3.49564e+06
97 1.68986e+07
79 1.02682e+07
83 1.18653e+07
84 1.34513e+07
43 4.43589e+06
72 9.57967e+06
24 3.31034e+06
35 3.67501e+06
99 1.75918e+07
64 7.81792e+06
92 1.54233e+07
87 1.39773e+07
88 1.45386e+07
68 8.38892e+06
46 4.69962e+06
94 1.57574e+07
96 1.58598e+07
90 1.45915e+07
55 6.16729e+06
65 8.35704e+06
50 5.13686e+06
56 6.60483e+06
49 5.10496e+06
25 3.39432e+06
60 6.90551e+06
58 6.80045e+06
38 3.91616e+06
63 7.47481e+06
21 3.29192e+06
61 7.31878e+06
71 9.08402e+06
40 3.97604e+06
41 4.35743e+06
20 3.23967e+06
62 7.33812e+06
39 3.96837e+06
42 4.35801e+06
42 4.35801e+06
54 5.76896e+06
51 5.54937e+06
Thế hệ thứ: 31
80 1.06418e+07
100 1.82973e+07
29 3.49564e+06
97 1.68986e+07
79 1.02682e+07
83 1.18653e+07
84 1.34513e+07
43 4.43589e+06
72 9.57967e+06
24 3.31034e+06
35 3.67501e+06
99 1.75918e+07
40 3.97604e+06
71 9.08402e+06
64 7.81792e+06
92 1.54233e+07
88 1.45386e+07
68 8.38892e+06
87 1.39773e+07
94 1.57574e+07
96 1.58598e+07
90 1.45915e+07
62 7.33812e+06
51 5.54937e+06
54 5.76896e+06
56 5.95608e+06
49 5.10496e+06
25 3.39432e+06
60 6.90551e+06
58 6.80045e+06
38 3.91616e+06
63 7.47481e+06
21 3.29192e+06
50 5.13686e+06
61 7.31878e+06
41 4.35743e+06
39 3.96837e+06
42 4.35801e+06
42 4.35801e+06
20 2.79817e+06
65 7.85652e+06
46 4.52747e+06
Thế hệ thứ: 32
20 2.79817e+06
79 1.02682e+07
97 1.68986e+07
29 3.49564e+06
100 1.82973e+07
83 1.18653e+07
84 1.34513e+07
88 1.45386e+07
68 8.38892e+06
43 4.43589e+06
72 9.57967e+06
80 1.06418e+07
35 3.67501e+06
24 3.31034e+06
46 4.52747e+06
99 1.75918e+07
40 3.97604e+06
71 9.08402e+06
64 7.81792e+06
92 1.54233e+07
87 1.39773e+07
56 5.95608e+06
58 6.80045e+06
94 1.57574e+07
96 1.58598e+07
90 1.45915e+07
62 7.33812e+06
51 5.54937e+06
49 5.10496e+06
54 5.76896e+06
65 7.85652e+06
25 3.39432e+06
60 6.90551e+06
38 3.91616e+06
63 7.47481e+06
50 5.13686e+06
61 7.31878e+06
41 4.35743e+06
39 3.96837e+06
42 4.35801e+06
42 4.35801e+06
21 3.08951e+06
Thế hệ thứ: 33
20 2.79817e+06
79 1.02682e+07
97 1.68986e+07
29 3.49564e+06
100 1.82973e+07
83 1.18653e+07
84 1.34513e+07
88 1.45386e+07
68 8.38892e+06
43 4.43589e+06
72 9.57967e+06
80 1.06418e+07
24 3.31034e+06
35 3.67501e+06
46 4.52747e+06
99 1.75918e+07
40 3.97604e+06
71 9.08402e+06
64 7.81792e+06
92 1.54233e+07
87 1.39773e+07
56 5.95608e+06
58 6.80045e+06
94 1.57574e+07
96 1.58598e+07
90 1.45915e+07
62 7.33812e+06
51 5.54937e+06
49 5.10496e+06
54 5.76896e+06
65 7.85652e+06
25 3.39432e+06
60 6.90551e+06
38 3.91616e+06
63 7.47481e+06
50 5.13686e+06
61 7.31878e+06
41 4.35743e+06
39 3.96837e+06
42 4.35801e+06
42 4.35801e+06
21 2.88195e+06
Thế hệ thứ: 34
20 2.79817e+06
79 1.02682e+07
97 1.68986e+07
29 3.49564e+06
100 1.82973e+07
83 1.18653e+07
84 1.34513e+07
88 1.45386e+07
21 2.88195e+06
68 8.38892e+06
43 4.43589e+06
72 9.57967e+06
80 1.06418e+07
24 3.31034e+06
35 3.67501e+06
46 4.52747e+06
99 1.75918e+07
40 3.97604e+06
71 9.08402e+06
92 1.54233e+07
64 7.71688e+06
87 1.39773e+07
56 5.95608e+06
58 6.80045e+06
94 1.57574e+07
96 1.58598e+07
90 1.45915e+07
62 7.33812e+06
51 5.54937e+06
49 5.10496e+06
54 5.76896e+06
65 7.85652e+06
25 3.39432e+06
60 6.90551e+06
38 3.91616e+06
63 7.47481e+06
50 5.13686e+06
61 7.31878e+06
41 4.35743e+06
39 3.96837e+06
42 4.35801e+06
42 4.35801e+06
44 4.45136e+06
Thế hệ thứ: 35
20 2.79817e+06
79 1.02682e+07
97 1.68986e+07
29 3.49564e+06
100 1.82973e+07
83 1.18653e+07
84 1.34513e+07
88 1.45386e+07
21 2.88195e+06
68 8.38892e+06
43 4.43589e+06
72 9.57967e+06
80 1.06418e+07
35 3.67501e+06
46 4.52747e+06
99 1.75918e+07
40 3.97604e+06
71 9.08402e+06
44 4.45136e+06
92 1.54233e+07
64 7.71688e+06
87 1.39773e+07
56 5.95608e+06
58 6.80045e+06
94 1.57574e+07
96 1.58598e+07
90 1.45915e+07
65 7.85652e+06
62 7.33812e+06
51 5.54937e+06
49 5.10496e+06
54 5.76896e+06
25 3.39432e+06
60 6.90551e+06
38 3.91616e+06
50 5.13686e+06
61 7.31878e+06
41 4.35743e+06
63 7.47481e+06
39 3.96613e+06
42 4.35801e+06
42 4.35801e+06
24 2.98495e+06
Thế hệ thứ: 36
79 1.02682e+07
97 1.68986e+07
29 3.49564e+06
100 1.82973e+07
83 1.18653e+07
84 1.34513e+07
21 2.88195e+06
88 1.45386e+07
68 8.38892e+06
43 4.43589e+06
72 9.57967e+06
80 1.06418e+07
35 3.67501e+06
46 4.52747e+06
99 1.75918e+07
40 3.97604e+06
71 9.08402e+06
44 4.45136e+06
92 1.54233e+07
64 7.71688e+06
87 1.39773e+07
56 5.95608e+06
58 6.80045e+06
94 1.57574e+07
96 1.58598e+07
90 1.45915e+07
25 3.39432e+06
65 7.85652e+06
62 7.33812e+06
51 5.54937e+06
49 5.10496e+06
54 5.76896e+06
24 2.98495e+06
60 6.90551e+06
38 3.91616e+06
50 5.13686e+06
61 7.31878e+06
41 4.35743e+06
63 7.47481e+06
42 4.35801e+06
42 4.35801e+06
39 3.96613e+06
57 6.66241e+06
20 2.77479e+06
Thế hệ thứ: 37
79 1.02682e+07
97 1.68986e+07
29 3.49564e+06
100 1.82973e+07
60 6.90551e+06
20 2.77479e+06
83 1.18653e+07
84 1.34513e+07
21 2.88195e+06
88 1.45386e+07
68 8.38892e+06
43 4.43589e+06
72 9.57967e+06
80 1.06418e+07
35 3.67501e+06
46 4.52747e+06
99 1.75918e+07
40 3.97604e+06
71 9.08402e+06
92 1.54233e+07
64 7.71688e+06
87 1.39773e+07
94 1.57574e+07
96 1.58598e+07
90 1.45915e+07
25 3.39432e+06
56 5.95608e+06
65 7.85652e+06
62 7.33812e+06
51 5.54937e+06
49 5.10496e+06
54 5.76896e+06
24 2.98495e+06
57 6.66241e+06
38 3.91616e+06
50 5.13686e+06
58 6.80045e+06
61 7.31878e+06
41 4.35743e+06
63 7.47481e+06
42 4.35801e+06
42 4.35801e+06
39 3.96613e+06
44 4.44197e+06
Thế hệ thứ: 38
79 1.02682e+07
97 1.68986e+07
29 3.49564e+06
100 1.82973e+07
60 6.90551e+06
20 2.77479e+06
83 1.18653e+07
84 1.34513e+07
68 8.38892e+06
21 2.88195e+06
88 1.45386e+07
43 4.43589e+06
72 9.57967e+06
80 1.06418e+07
35 3.67501e+06
46 4.52747e+06
99 1.75918e+07
40 3.97604e+06
71 9.08402e+06
92 1.54233e+07
64 7.71688e+06
87 1.39773e+07
94 1.57574e+07
96 1.58598e+07
90 1.45915e+07
25 3.39432e+06
56 5.95608e+06
65 7.85652e+06
62 7.33812e+06
51 5.54937e+06
49 5.10496e+06
54 5.76896e+06
24 2.98495e+06
38 3.91616e+06
50 5.13686e+06
58 6.80045e+06
61 7.31878e+06
41 4.35743e+06
63 7.47481e+06
44 4.44197e+06
42 4.35801e+06
42 4.35801e+06
39 3.96613e+06
57 6.25122e+06
45 4.51196e+06
Thế hệ thứ: 39
60 6.90551e+06
20 2.77479e+06
79 1.02682e+07
97 1.68986e+07
29 3.49564e+06
100 1.82973e+07
57 6.25122e+06
83 1.18653e+07
84 1.34513e+07
21 2.88195e+06
88 1.45386e+07
68 8.38892e+06
43 4.43589e+06
72 9.57967e+06
80 1.06418e+07
35 3.67501e+06
46 4.52747e+06
99 1.75918e+07
40 3.97604e+06
71 9.08402e+06
92 1.54233e+07
64 7.71688e+06
87 1.39773e+07
94 1.57574e+07
96 1.58598e+07
90 1.45915e+07
65 7.85652e+06
62 7.33812e+06
51 5.54937e+06
49 5.10496e+06
54 5.76896e+06
24 2.98495e+06
58 6.80045e+06
38 3.91616e+06
56 5.95608e+06
50 5.13686e+06
61 7.31878e+06
63 7.47481e+06
44 4.44197e+06
42 4.35801e+06
42 4.35801e+06
39 3.96613e+06
45 4.47226e+06
41 4.35051e+06
25 3.36733e+06
Thế hệ thứ: 40
60 6.90551e+06
20 2.77479e+06
79 1.02682e+07
29 3.49564e+06
100 1.82973e+07
57 6.25122e+06
83 1.18653e+07
84 1.34513e+07
21 2.88195e+06
88 1.45386e+07
68 8.38892e+06
43 4.43589e+06
72 9.57967e+06
80 1.06418e+07
35 3.67501e+06
46 4.52747e+06
40 3.97604e+06
71 9.08402e+06
92 1.54233e+07
64 7.71688e+06
87 1.39773e+07
94 1.57574e+07
96 1.58598e+07
90 1.45915e+07
44 4.44197e+06
41 4.35051e+06
25 3.36733e+06
65 7.85652e+06
62 7.33812e+06
51 5.54937e+06
49 5.10496e+06
54 5.76896e+06
24 2.98495e+06
58 6.80045e+06
38 3.91616e+06
56 5.95608e+06
50 5.13686e+06
61 7.31878e+06
63 7.47481e+06
45 4.47226e+06
42 4.35801e+06
42 4.35801e+06
39 3.96613e+06
99 1.68478e+07
Thế hệ thứ: 41
79 1.02682e+07
99 1.68478e+07
29 3.49564e+06
100 1.82973e+07
60 6.90551e+06
60 6.90551e+06
20 2.77479e+06
57 6.25122e+06
83 1.18653e+07
84 1.34513e+07
21 2.88195e+06
88 1.45386e+07
68 8.38892e+06
43 4.43589e+06
72 9.57967e+06
80 1.06418e+07
35 3.67501e+06
94 1.57574e+07
96 1.58598e+07
40 3.97604e+06
71 9.08402e+06
92 1.54233e+07
64 7.71688e+06
87 1.39773e+07
90 1.45915e+07
44 4.44197e+06
41 4.35051e+06
25 3.36733e+06
65 7.85652e+06
46 4.52747e+06
62 7.33812e+06
51 5.54937e+06
49 5.10496e+06
54 5.76896e+06
24 2.98495e+06
58 6.80045e+06
38 3.91616e+06
56 5.95608e+06
50 5.13686e+06
61 7.31878e+06
63 7.47481e+06
45 4.47226e+06
39 3.96613e+06
42 4.35801e+06
42 4.35801e+06
Thế hệ thứ: 42
60 6.90551e+06
60 6.90551e+06
20 2.77479e+06
79 1.02682e+07
99 1.68478e+07
29 3.49564e+06
100 1.82973e+07
57 6.25122e+06
83 1.18653e+07
28 3.48572e+06
84 1.34513e+07
21 2.88195e+06
88 1.45386e+07
68 8.38892e+06
43 4.43589e+06
72 9.57967e+06
80 1.06418e+07
35 3.67501e+06
94 1.57574e+07
96 1.58598e+07
40 3.97604e+06
71 9.08402e+06
92 1.54233e+07
64 7.71688e+06
87 1.39773e+07
90 1.45915e+07
44 4.44197e+06
41 4.35051e+06
25 3.36733e+06
65 7.85652e+06
46 4.52747e+06
62 7.33812e+06
51 5.54937e+06
49 5.10496e+06
23 2.9616e+06
54 5.76896e+06
24 2.98495e+06
58 6.80045e+06
38 3.91616e+06
56 5.95608e+06
50 5.13686e+06
61 7.31878e+06
63 7.47481e+06
45 4.47226e+06
42 4.35801e+06
42 4.35801e+06
39 3.96613e+06
53 5.63074e+06
Thế hệ thứ: 43
60 6.90551e+06
60 6.90551e+06
20 2.77479e+06
79 1.02682e+07
99 1.68478e+07
29 3.49564e+06
100 1.82973e+07
57 6.25122e+06
83 1.18653e+07
28 3.48572e+06
84 1.34513e+07
21 2.88195e+06
53 5.63074e+06
68 8.38892e+06
43 4.43589e+06
72 9.57967e+06
80 1.06418e+07
35 3.67501e+06
94 1.57574e+07
96 1.58598e+07
40 3.97604e+06
71 9.08402e+06
92 1.54233e+07
64 7.71688e+06
87 1.39773e+07
90 1.45915e+07
65 7.85652e+06
46 4.52747e+06
49 5.10496e+06
44 4.44197e+06
25 3.36733e+06
58 6.80045e+06
62 7.33812e+06
51 5.54937e+06
38 3.91616e+06
56 5.95608e+06
54 5.76896e+06
23 2.9616e+06
50 5.13686e+06
61 7.31878e+06
24 2.98495e+06
63 7.47481e+06
42 4.35801e+06
42 4.35801e+06
39 3.96613e+06
45 4.45188e+06
27 3.47636e+06
88 1.41664e+07
41 4.35034e+06
Thế hệ thứ: 44
79 1.02682e+07
99 1.68478e+07
29 3.49564e+06
100 1.82973e+07
60 6.90551e+06
60 6.90551e+06
20 2.77479e+06
57 6.25122e+06
83 1.18653e+07
28 3.48572e+06
84 1.34513e+07
21 2.88195e+06
53 5.63074e+06
68 8.38892e+06
43 4.43589e+06
72 9.57967e+06
80 1.06418e+07
35 3.67501e+06
94 1.57574e+07
96 1.58598e+07
90 1.45915e+07
40 3.97604e+06
71 9.08402e+06
92 1.54233e+07
64 7.71688e+06
87 1.39773e+07
65 7.85652e+06
27 3.47636e+06
46 4.52747e+06
49 5.10496e+06
45 4.45188e+06
58 6.80045e+06
61 7.31878e+06
88 1.41664e+07
62 7.33812e+06
51 5.54937e+06
44 4.44197e+06
25 3.36733e+06
38 3.91616e+06
56 5.95608e+06
54 5.76896e+06
23 2.9616e+06
50 5.13686e+06
24 2.98495e+06
41 4.35034e+06
63 7.47481e+06
42 4.35801e+06
42 4.35801e+06
39 3.96613e+06
64 7.71688e+06
Thế hệ thứ: 45
79 1.02682e+07
99 1.68478e+07
29 3.49564e+06
100 1.82973e+07
60 6.90551e+06
60 6.90551e+06
20 2.77479e+06
57 6.25122e+06
83 1.18653e+07
28 3.48572e+06
84 1.34513e+07
64 7.71688e+06
21 2.88195e+06
53 5.63074e+06
68 8.38892e+06
43 4.43589e+06
72 9.57967e+06
80 1.06418e+07
35 3.67501e+06
94 1.57574e+07
96 1.58598e+07
90 1.45915e+07
40 3.97604e+06
71 9.08402e+06
92 1.54233e+07
64 7.71688e+06
87 1.39773e+07
65 7.85652e+06
27 3.47636e+06
46 4.52747e+06
49 5.10496e+06
45 4.45188e+06
58 6.80045e+06
61 7.31878e+06
88 1.41664e+07
62 7.33812e+06
51 5.54937e+06
44 4.44197e+06
25 3.36733e+06
38 3.91616e+06
56 5.95608e+06
54 5.76896e+06
23 2.9616e+06
50 5.13686e+06
41 4.35034e+06
63 7.47481e+06
42 4.35801e+06
42 4.35801e+06
39 3.96613e+06
24 2.96291e+06
Thế hệ thứ: 46
79 1.02682e+07
99 1.68478e+07
29 3.49564e+06
100 1.82973e+07
60 6.90551e+06
60 6.90551e+06
20 2.77479e+06
57 6.25122e+06
83 1.18653e+07
84 1.34513e+07
64 7.71688e+06
21 2.88195e+06
53 5.63074e+06
68 8.38892e+06
43 4.43589e+06
72 9.57967e+06
80 1.06418e+07
35 3.67501e+06
94 1.57574e+07
96 1.58598e+07
24 2.96291e+06
90 1.45915e+07
40 3.97604e+06
71 9.08402e+06
92 1.54233e+07
64 7.71688e+06
87 1.39773e+07
65 7.85652e+06
27 3.47636e+06
46 4.52747e+06
49 5.10496e+06
45 4.45188e+06
58 6.80045e+06
61 7.31878e+06
88 1.41664e+07
44 4.44197e+06
25 3.36733e+06
62 7.33812e+06
51 5.54937e+06
38 3.91616e+06
56 5.95608e+06
54 5.76896e+06
23 2.9616e+06
50 5.13686e+06
63 7.47481e+06
42 4.35801e+06
42 4.35801e+06
39 3.96613e+06
28 3.48285e+06
41 4.22529e+06
Thế hệ thứ: 47
60 6.90551e+06
60 6.90551e+06
20 2.77479e+06
84 1.24482e+07
79 1.02682e+07
99 1.68478e+07
29 3.49564e+06
57 6.25122e+06
83 1.18653e+07
64 7.71688e+06
21 2.88195e+06
53 5.63074e+06
68 8.38892e+06
43 4.43589e+06
72 9.57967e+06
80 1.06418e+07
35 3.67501e+06
94 1.57574e+07
96 1.58598e+07
24 2.96291e+06
90 1.45915e+07
40 3.97604e+06
71 9.08402e+06
92 1.54233e+07
64 7.71688e+06
87 1.39773e+07
65 7.85652e+06
27 3.47636e+06
46 4.52747e+06
49 5.10496e+06
45 4.45188e+06
58 6.80045e+06
61 7.31878e+06
88 1.41664e+07
44 4.44197e+06
25 3.36733e+06
62 7.33812e+06
51 5.54937e+06
38 3.91616e+06
56 5.95608e+06
54 5.76896e+06
23 2.9616e+06
50 5.13686e+06
41 4.22529e+06
63 7.47481e+06
42 4.35801e+06
42 4.35801e+06
39 3.96613e+06
28 3.48285e+06
47 4.92358e+06
100 1.79663e+07
Thế hệ thứ: 48
60 6.90551e+06
60 6.90551e+06
20 2.77479e+06
100 1.79663e+07
84 1.24482e+07
79 1.02682e+07
99 1.68478e+07
43 4.43589e+06
72 9.57967e+06
64 7.71688e+06
87 1.39773e+07
57 6.25122e+06
83 1.18653e+07
64 7.71688e+06
21 2.88195e+06
53 5.63074e+06
68 8.38892e+06
80 1.06418e+07
35 3.67501e+06
24 2.96291e+06
90 1.45915e+07
40 3.97604e+06
71 9.08402e+06
29 3.49564e+06
65 7.85652e+06
45 4.45188e+06
58 6.80045e+06
61 7.31878e+06
88 1.41664e+07
38 3.91616e+06
47 4.92358e+06
44 4.44197e+06
62 7.33812e+06
51 5.54937e+06
56 5.95608e+06
54 5.76896e+06
23 2.9616e+06
27 3.47636e+06
46 4.52747e+06
50 5.13686e+06
49 5.10496e+06
41 4.22529e+06
63 7.47481e+06
42 4.35801e+06
39 3.96613e+06
28 3.48285e+06
96 1.53162e+07
26 3.34068e+06
Thế hệ thứ: 49
60 6.90551e+06
60 6.90551e+06
20 2.77479e+06
100 1.79663e+07
96 1.53162e+07
84 1.24482e+07
79 1.02682e+07
99 1.68478e+07
43 4.43589e+06
72 9.57967e+06
24 2.96291e+06
90 1.45915e+07
57 6.25122e+06
83 1.18653e+07
64 7.71688e+06
87 1.39773e+07
64 7.71688e+06
21 2.88195e+06
53 5.63074e+06
68 8.38892e+06
80 1.06418e+07
35 3.67501e+06
40 3.97604e+06
71 9.08402e+06
29 3.49564e+06
65 7.85652e+06
45 4.45188e+06
58 6.80045e+06
61 7.31878e+06
88 1.41664e+07
47 4.92358e+06
26 3.34068e+06
62 7.33812e+06
51 5.54937e+06
59 6.90471e+06
56 5.95608e+06
54 5.76896e+06
23 2.9616e+06
27 3.47636e+06
46 4.52747e+06
50 5.13686e+06
49 5.10496e+06
41 4.22529e+06
63 7.47481e+06
42 4.35801e+06
28 3.48285e+06
44 4.44197e+06
39 3.84332e+06

