Thế hệ thứ: 0
98 9.84272e+06
104 1.07975e+07
140 2.35503e+07
86 8.59565e+06
148 2.48256e+07
90 8.78323e+06
131 1.94158e+07
92 8.92563e+06
93 9.30705e+06
117 1.53463e+07
178 4.03026e+07
167 3.2179e+07
161 2.82005e+07
129 1.803e+07
174 3.34465e+07
175 3.91797e+07
Thế hệ thứ: 1
93 9.30705e+06
175 3.91797e+07
122 1.75118e+07
174 3.34465e+07
129 1.803e+07
92 8.92563e+06
98 9.84272e+06
131 1.94158e+07
117 1.53463e+07
161 2.82005e+07
104 1.07975e+07
167 3.2179e+07
140 2.35503e+07
148 2.48256e+07
178 4.03026e+07
149 2.74992e+07
132 2.13443e+07
43 6.99601e+06
120 1.62487e+07
91 8.54587e+06
Thế hệ thứ: 2
98 9.84272e+06
129 1.803e+07
122 1.75118e+07
174 3.34465e+07
93 9.30705e+06
140 2.35503e+07
167 3.2179e+07
149 2.74992e+07
132 2.13443e+07
43 6.99601e+06
120 1.62487e+07
92 8.92563e+06
148 2.48256e+07
91 8.54587e+06
131 1.94158e+07
117 1.53463e+07
178 4.03026e+07
161 2.82005e+07
104 1.07975e+07
50 7.37033e+06
176 3.85722e+07
Thế hệ thứ: 3
43 6.99601e+06
50 7.37033e+06
98 9.84272e+06
93 9.30705e+06
122 1.75118e+07
174 3.34465e+07
129 1.803e+07
148 2.48256e+07
161 2.82005e+07
117 1.53463e+07
140 2.35503e+07
167 3.2179e+07
131 1.94158e+07
149 2.74992e+07
176 3.85722e+07
104 1.07975e+07
178 4.03026e+07
92 8.92563e+06
120 1.62487e+07
91 8.54587e+06
133 2.07405e+07
61 8.19191e+06
179 4.0624e+07
105 1.12592e+07
136 2.3533e+07
Thế hệ thứ: 4
133 2.07405e+07
174 3.34465e+07
43 6.99601e+06
50 7.37033e+06
176 3.85722e+07
161 2.82005e+07
61 8.19191e+06
91 8.54587e+06
104 1.07975e+07
138 2.19833e+07
123 1.67537e+07
98 9.84272e+06
93 9.30705e+06
149 2.74992e+07
129 1.803e+07
148 2.48256e+07
105 1.12592e+07
178 4.03026e+07
117 1.53463e+07
179 4.0624e+07
120 1.62487e+07
92 8.92563e+06
140 2.35503e+07
167 3.2179e+07
131 1.94158e+07
33 5.71044e+06
35 6.49791e+06
111 1.4699e+07
Thế hệ thứ: 5
91 8.54587e+06
51 6.71454e+06
174 3.34465e+07
133 2.07405e+07
131 1.94158e+07
176 3.85722e+07
178 4.03026e+07
111 1.4699e+07
117 1.53463e+07
61 8.19191e+06
161 2.82005e+07
129 1.803e+07
179 4.0624e+07
104 1.07975e+07
98 9.84272e+06
138 2.19833e+07
123 1.67537e+07
92 8.92563e+06
120 1.62487e+07
93 9.30705e+06
140 2.35503e+07
148 2.48256e+07
105 1.12592e+07
152 2.632e+07
46 6.22376e+06
82 8.32194e+06
169 3.14354e+07
99 1.03816e+07
36 5.69672e+06
54 7.79597e+06
Thế hệ thứ: 6
91 8.54587e+06
54 7.79597e+06
133 2.07405e+07
51 6.71454e+06
174 3.34465e+07
140 2.35503e+07
148 2.48256e+07
131 1.94158e+07
105 1.12592e+07
152 2.632e+07
46 6.22376e+06
138 2.19833e+07
123 1.67537e+07
98 9.84272e+06
82 8.32194e+06
111 1.4699e+07
117 1.53463e+07
161 2.82005e+07
129 1.803e+07
93 9.30705e+06
104 1.07975e+07
169 3.14354e+07
99 1.03816e+07
36 5.69672e+06
120 1.62487e+07
184 3.82769e+07
92 8.92563e+06
72 7.99419e+06
40 6.0917e+06
20 4.69103e+06
Thế hệ thứ: 7
91 8.54587e+06
51 6.71454e+06
174 3.34465e+07
133 2.07405e+07
161 2.82005e+07
36 5.69672e+06
140 2.35503e+07
148 2.48256e+07
131 1.94158e+07
129 1.803e+07
138 2.19833e+07
123 1.67537e+07
98 9.84272e+06
105 1.12592e+07
27 5.10321e+06
152 2.632e+07
184 3.82769e+07
92 8.92563e+06
120 1.62487e+07
93 9.30705e+06
104 1.07975e+07
169 3.14354e+07
82 8.32194e+06
111 1.4699e+07
99 1.03816e+07
117 1.53463e+07
192 4.10668e+07
77 7.61116e+06
50 6.07971e+06
114 1.50851e+07
26 4.352e+06
178 3.39052e+07
110 1.38964e+07
32 5.43406e+06
Thế hệ thứ: 8
91 8.54587e+06
82 8.32194e+06
148 2.48256e+07
133 2.07405e+07
51 6.71454e+06
174 3.34465e+07
169 3.14354e+07
117 1.53463e+07
110 1.38964e+07
161 2.82005e+07
50 6.07971e+06
140 2.35503e+07
131 1.94158e+07
129 1.803e+07
120 1.62487e+07
184 3.82769e+07
92 8.92563e+06
178 3.39052e+07
77 7.61116e+06
98 9.84272e+06
138 2.19833e+07
123 1.67537e+07
105 1.12592e+07
111 1.4699e+07
26 4.352e+06
114 1.50851e+07
192 4.10668e+07
152 2.632e+07
99 1.03816e+07
93 9.30705e+06
36 5.01088e+06
104 1.07975e+07
Thế hệ thứ: 9
91 8.54587e+06
98 9.84272e+06
123 1.67537e+07
138 2.19833e+07
105 1.12592e+07
148 2.48256e+07
82 8.32194e+06
104 1.07975e+07
99 1.03816e+07
133 2.07405e+07
93 9.30705e+06
36 5.01088e+06
44 5.20998e+06
174 3.34465e+07
51 6.71454e+06
78 7.65415e+06
111 1.4699e+07
169 3.14354e+07
26 4.352e+06
192 4.10668e+07
114 1.50851e+07
110 1.38964e+07
117 1.53463e+07
161 2.82005e+07
50 6.07971e+06
140 2.35503e+07
129 1.803e+07
178 3.39052e+07
184 3.82769e+07
92 8.92563e+06
120 1.62487e+07
77 7.61116e+06
152 2.632e+07
132 1.84817e+07
179 3.63495e+07
Thế hệ thứ: 10
91 8.54587e+06
138 2.19833e+07
123 1.67537e+07
98 9.84272e+06
50 6.07971e+06
77 7.61116e+06
105 1.12592e+07
140 2.35503e+07
152 2.632e+07
148 2.48256e+07
82 8.32194e+06
129 1.803e+07
104 1.07975e+07
120 1.62487e+07
184 3.82769e+07
92 8.92563e+06
178 3.39052e+07
99 1.03816e+07
133 2.07405e+07
93 9.30705e+06
36 5.01088e+06
44 5.20998e+06
174 3.34465e+07
179 3.63495e+07
78 7.65415e+06
132 1.84817e+07
169 3.14354e+07
26 4.352e+06
114 1.50851e+07
192 4.10668e+07
117 1.53463e+07
161 2.82005e+07
63 6.47438e+06
113 1.38742e+07
Thế hệ thứ: 11
91 8.54587e+06
44 5.20998e+06
174 3.34465e+07
36 5.01088e+06
93 9.30705e+06
123 1.67537e+07
138 2.19833e+07
98 9.84272e+06
26 4.352e+06
117 1.53463e+07
50 6.07971e+06
113 1.38742e+07
77 7.61116e+06
105 1.12592e+07
140 2.35503e+07
179 3.63495e+07
152 2.632e+07
63 6.47438e+06
161 2.82005e+07
148 2.48256e+07
82 8.32194e+06
129 1.803e+07
78 7.65415e+06
104 1.07975e+07
109 1.32729e+07
178 3.39052e+07
184 3.82769e+07
92 8.92563e+06
120 1.62487e+07
192 4.10668e+07
114 1.50851e+07
99 1.03816e+07
169 3.14354e+07
133 1.83452e+07
56 6.27352e+06
25 4.35107e+06
Thế hệ thứ: 12
133 1.83452e+07
91 8.54587e+06
36 5.01088e+06
44 5.20998e+06
187 3.80697e+07
174 3.34465e+07
78 7.65415e+06
192 4.10668e+07
114 1.50851e+07
98 9.84272e+06
123 1.67537e+07
138 2.19833e+07
25 4.35107e+06
140 2.35503e+07
104 1.07975e+07
120 1.62487e+07
92 8.92563e+06
109 1.32729e+07
178 3.39052e+07
26 4.352e+06
56 6.27352e+06
99 1.03816e+07
117 1.53463e+07
50 6.07971e+06
77 7.61116e+06
113 1.38742e+07
105 1.12592e+07
93 9.12687e+06
179 3.63495e+07
152 2.632e+07
63 6.47438e+06
161 2.82005e+07
148 2.48256e+07
82 8.32194e+06
129 1.803e+07
169 3.14354e+07
75 7.47877e+06
81 8.04061e+06
135 2.05265e+07
Thế hệ thứ: 13
91 8.54587e+06
133 1.83452e+07
161 2.82005e+07
63 6.47438e+06
44 5.20998e+06
174 3.34465e+07
187 3.80697e+07
36 5.01088e+06
50 6.07971e+06
113 1.38742e+07
77 7.61116e+06
78 7.65415e+06
114 1.50851e+07
192 4.10668e+07
98 9.84272e+06
123 1.67537e+07
138 2.19833e+07
169 3.14354e+07
105 1.12592e+07
104 1.07975e+07
129 1.803e+07
179 3.63495e+07
93 9.12687e+06
92 8.92563e+06
109 1.32729e+07
178 3.39052e+07
120 1.62487e+07
82 8.32194e+06
26 4.352e+06
56 6.27352e+06
148 2.48256e+07
152 2.632e+07
99 1.03816e+07
117 1.53463e+07
75 7.47877e+06
81 8.04061e+06
67 6.51763e+06
25 4.34118e+06
106 1.13789e+07
137 2.02595e+07
141 2.2526e+07
Thế hệ thứ: 14
133 1.83452e+07
91 8.54587e+06
152 2.632e+07
161 2.82005e+07
63 6.47438e+06
44 5.20998e+06
187 3.80697e+07
174 3.34465e+07
36 5.01088e+06
50 6.07971e+06
77 7.61116e+06
113 1.38742e+07
78 7.65415e+06
192 4.10668e+07
114 1.50851e+07
178 3.39052e+07
109 1.32729e+07
92 8.92563e+06
120 1.62487e+07
123 1.67537e+07
138 2.19833e+07
148 2.48256e+07
117 1.53463e+07
169 3.14354e+07
105 1.12592e+07
82 8.32194e+06
26 4.352e+06
104 1.07975e+07
129 1.803e+07
93 9.12687e+06
179 3.63495e+07
75 7.47877e+06
56 6.27352e+06
99 1.03816e+07
81 8.04061e+06
67 6.51763e+06
141 2.2526e+07
106 1.13789e+07
137 2.02595e+07
98 9.61433e+06
25 4.11353e+06
Thế hệ thứ: 15
91 8.54587e+06
133 1.83452e+07
106 1.13789e+07
161 2.82005e+07
63 6.47438e+06
152 2.632e+07
56 6.27352e+06
187 3.80697e+07
174 3.34465e+07
44 5.20998e+06
36 5.01088e+06
50 6.07971e+06
113 1.38742e+07
77 7.61116e+06
78 7.65415e+06
120 1.62487e+07
92 8.92563e+06
178 3.39052e+07
109 1.32729e+07
67 6.51763e+06
123 1.67537e+07
138 2.19833e+07
99 1.03816e+07
141 2.2526e+07
148 2.48256e+07
81 8.04061e+06
25 4.11353e+06
169 3.14354e+07
105 1.12592e+07
82 8.32194e+06
26 4.352e+06
104 1.07975e+07
129 1.803e+07
179 3.63495e+07
93 9.12687e+06
98 9.61433e+06
137 2.02595e+07
75 7.47877e+06
32 4.84368e+06
147 2.39099e+07
192 3.82757e+07
48 5.60199e+06
117 1.47307e+07
Thế hệ thứ: 16
133 1.83452e+07
91 8.54587e+06
152 2.632e+07
79 7.6641e+06
161 2.82005e+07
106 1.13789e+07
105 1.12592e+07
44 5.20998e+06
187 3.80697e+07
174 3.34465e+07
36 5.01088e+06
50 6.07971e+06
77 7.61116e+06
113 1.38742e+07
192 3.82757e+07
117 1.47307e+07
78 7.65415e+06
82 8.32194e+06
26 4.352e+06
178 3.39052e+07
109 1.32729e+07
92 8.92563e+06
120 1.62487e+07
104 1.07975e+07
129 1.803e+07
67 6.51763e+06
93 9.12687e+06
179 3.63495e+07
123 1.67537e+07
98 9.61433e+06
137 2.02595e+07
99 1.03816e+07
141 2.2526e+07
75 7.47877e+06
32 4.84368e+06
35 5.00998e+06
81 8.04061e+06
25 4.11353e+06
147 2.39099e+07
48 5.60199e+06
169 3.14354e+07
60 6.14013e+06
64 6.19013e+06
138 2.12497e+07
29 4.74326e+06
151 2.46437e+07
Thế hệ thứ: 17
91 8.54587e+06
133 1.83452e+07
99 1.03816e+07
138 2.12497e+07
64 6.19013e+06
79 7.6641e+06
161 2.82005e+07
152 2.632e+07
29 4.74326e+06
169 3.14354e+07
106 1.13789e+07
105 1.12592e+07
151 2.46437e+07
187 3.80697e+07
174 3.34465e+07
44 5.20998e+06
36 5.01088e+06
48 5.60199e+06
50 6.07971e+06
113 1.38742e+07
77 7.61116e+06
117 1.47307e+07
192 3.82757e+07
78 7.65415e+06
82 8.32194e+06
26 4.352e+06
120 1.62487e+07
92 8.92563e+06
178 3.39052e+07
109 1.32729e+07
104 1.07975e+07
129 1.803e+07
25 4.11353e+06
67 6.51763e+06
179 3.63495e+07
93 9.12687e+06
123 1.67537e+07
98 9.61433e+06
137 2.02595e+07
147 2.39099e+07
141 2.2526e+07
75 7.47877e+06
32 4.84368e+06
81 8.04061e+06
60 6.14013e+06
27 4.3811e+06
35 4.98737e+06
168 3.00817e+07
Thế hệ thứ: 18
133 1.83452e+07
91 8.54587e+06
79 7.6641e+06
27 4.3811e+06
161 2.82005e+07
106 1.13789e+07
168 3.00817e+07
64 6.19013e+06
99 1.03816e+07
138 2.12497e+07
137 2.02595e+07
152 2.632e+07
36 5.01088e+06
35 4.98737e+06
169 3.14354e+07
105 1.12592e+07
151 2.46437e+07
147 2.39099e+07
141 2.2526e+07
75 7.47877e+06
44 5.20998e+06
187 3.80697e+07
174 3.34465e+07
128 1.78305e+07
48 5.60199e+06
81 8.04061e+06
50 6.07971e+06
77 7.61116e+06
192 3.82757e+07
117 1.47307e+07
78 7.65415e+06
82 8.32194e+06
26 4.352e+06
60 6.14013e+06
178 3.39052e+07
92 8.92563e+06
120 1.62487e+07
104 1.07975e+07
80 7.71608e+06
129 1.803e+07
116 1.32028e+07
25 4.11353e+06
67 6.51763e+06
93 9.12687e+06
179 3.63495e+07
65 6.50188e+06
98 9.61433e+06
124 1.66484e+07
34 4.61096e+06
Thế hệ thứ: 19
91 8.54587e+06
133 1.83452e+07
179 3.63495e+07
93 9.12687e+06
168 3.00817e+07
106 1.13789e+07
79 7.6641e+06
27 4.3811e+06
161 2.82005e+07
120 1.62487e+07
92 8.92563e+06
178 3.39052e+07
64 6.19013e+06
138 2.12497e+07
104 1.07975e+07
80 7.71608e+06
129 1.803e+07
137 2.02595e+07
152 2.632e+07
102 1.03487e+07
36 5.01088e+06
25 4.11353e+06
116 1.32028e+07
169 3.14354e+07
35 4.98737e+06
105 1.12592e+07
151 2.46437e+07
67 6.51763e+06
147 2.39099e+07
141 2.2526e+07
75 7.47877e+06
65 6.50188e+06
187 3.80697e+07
174 3.34465e+07
44 5.20998e+06
128 1.78305e+07
48 5.60199e+06
60 6.14013e+06
50 6.07971e+06
98 9.61433e+06
77 7.61116e+06
124 1.66484e+07
34 4.61096e+06
117 1.47307e+07
192 3.82757e+07
78 7.65415e+06
70 7.19717e+06
82 8.32194e+06
26 4.352e+06
81 7.77255e+06
33 4.58802e+06
69 6.66948e+06
71 7.37044e+06
Thế hệ thứ: 20
178 3.39052e+07
92 8.92563e+06
120 1.62487e+07
133 1.83452e+07
91 8.54587e+06
179 3.63495e+07
93 9.12687e+06
192 3.82757e+07
117 1.47307e+07
168 3.00817e+07
106 1.13789e+07
147 2.39099e+07
69 6.66948e+06
71 7.37044e+06
161 2.82005e+07
27 4.3811e+06
79 7.6641e+06
102 1.03487e+07
76 7.60862e+06
36 5.01088e+06
64 6.19013e+06
138 2.12497e+07
104 1.07975e+07
80 7.71608e+06
129 1.803e+07
137 2.02595e+07
152 2.632e+07
34 4.61096e+06
116 1.32028e+07
25 4.11353e+06
35 4.98737e+06
169 3.14354e+07
105 1.12592e+07
151 2.46437e+07
67 6.51763e+06
141 2.2526e+07
75 7.47877e+06
65 6.50188e+06
44 5.20998e+06
187 3.80697e+07
174 3.34465e+07
128 1.78305e+07
48 5.60199e+06
60 6.14013e+06
50 6.07971e+06
98 9.61433e+06
77 7.61116e+06
124 1.66484e+07
78 7.65415e+06
82 8.32194e+06
70 7.19717e+06
54 6.1253e+06
111 1.24812e+07
182 3.68885e+07
Thế hệ thứ: 21
178 3.39052e+07
92 8.92563e+06
91 8.54587e+06
133 1.83452e+07
93 9.12687e+06
179 3.63495e+07
54 6.1253e+06
117 1.47307e+07
192 3.82757e+07
106 1.13789e+07
168 3.00817e+07
69 6.66948e+06
147 2.39099e+07
79 7.6641e+06
27 4.3811e+06
161 2.82005e+07
76 7.60862e+06
36 5.01088e+06
102 1.03487e+07
64 6.19013e+06
138 2.12497e+07
104 1.07975e+07
80 7.71608e+06
129 1.803e+07
151 2.46437e+07
182 3.68885e+07
137 2.02595e+07
152 2.632e+07
34 4.61096e+06
25 4.11353e+06
116 1.32028e+07
120 1.48389e+07
169 3.14354e+07
35 4.98737e+06
105 1.12592e+07
67 6.51763e+06
141 2.2526e+07
50 6.07971e+06
75 7.47877e+06
60 6.14013e+06
65 6.50188e+06
187 3.80697e+07
174 3.34465e+07
44 5.20998e+06
128 1.78305e+07
48 5.60199e+06
98 9.61433e+06
43 5.18704e+06
163 2.90483e+07
113 1.24133e+07
47 5.37329e+06
71 6.98396e+06
Thế hệ thứ: 22
141 2.2526e+07
178 3.39052e+07
92 8.92563e+06
67 6.51763e+06
133 1.83452e+07
91 8.54587e+06
93 9.12687e+06
54 6.1253e+06
192 3.82757e+07
117 1.47307e+07
168 3.00817e+07
50 6.07971e+06
147 2.39099e+07
69 6.66948e+06
161 2.82005e+07
79 7.6641e+06
75 7.47877e+06
174 3.34465e+07
187 3.80697e+07
102 1.03487e+07
76 7.60862e+06
36 5.01088e+06
64 6.19013e+06
60 6.14013e+06
138 2.12497e+07
104 1.07975e+07
80 7.71608e+06
129 1.803e+07
182 3.68885e+07
151 2.46437e+07
137 2.02595e+07
152 2.632e+07
34 4.61096e+06
65 6.50188e+06
116 1.32028e+07
25 4.11353e+06
35 4.98737e+06
169 3.14354e+07
120 1.48389e+07
128 1.78305e+07
48 5.60199e+06
98 9.61433e+06
43 5.18704e+06
163 2.90483e+07
113 1.24133e+07
106 1.0994e+07
27 4.38009e+06
46 5.20659e+06
181 3.59786e+07
26 4.37351e+06
Thế hệ thứ: 23
121 1.64201e+07
117 1.47307e+07
192 3.82757e+07
178 3.39052e+07
92 8.92563e+06
141 2.2526e+07
67 6.51763e+06
91 8.54587e+06
133 1.83452e+07
113 1.24133e+07
35 4.98737e+06
169 3.14354e+07
120 1.48389e+07
93 9.12687e+06
106 1.0994e+07
54 6.1253e+06
116 1.32028e+07
25 4.11353e+06
168 3.00817e+07
27 4.38009e+06
50 6.07971e+06
69 6.66948e+06
147 2.39099e+07
60 6.14013e+06
26 4.37351e+06
79 7.6641e+06
161 2.82005e+07
76 7.60862e+06
102 1.03487e+07
136 1.92646e+07
98 9.61433e+06
46 5.20659e+06
75 7.47877e+06
174 3.34465e+07
151 2.46437e+07
64 6.19013e+06
138 2.12497e+07
104 1.07975e+07
80 7.71608e+06
129 1.803e+07
137 2.02595e+07
152 2.632e+07
34 4.61096e+06
36 5.01031e+06
65 6.50188e+06
128 1.78305e+07
48 5.60199e+06
43 5.18704e+06
163 2.90483e+07
33 4.60462e+06
187 3.54913e+07
Thế hệ thứ: 24
117 1.47307e+07
121 1.64201e+07
192 3.82757e+07
141 2.2526e+07
178 3.39052e+07
92 8.92563e+06
128 1.78305e+07
48 5.60199e+06
67 6.51763e+06
91 8.54587e+06
133 1.83452e+07
113 1.24133e+07
120 1.48389e+07
169 3.14354e+07
35 4.98737e+06
36 5.01031e+06
65 6.50188e+06
93 9.12687e+06
106 1.0994e+07
25 4.11353e+06
116 1.32028e+07
168 3.00817e+07
27 4.38009e+06
26 4.36545e+06
147 2.39099e+07
69 6.66948e+06
60 6.14013e+06
34 4.61096e+06
161 2.82005e+07
79 7.6641e+06
102 1.03487e+07
76 7.60862e+06
138 2.12497e+07
46 5.20659e+06
98 9.61433e+06
136 1.92646e+07
104 1.07975e+07
75 7.47877e+06
152 2.632e+07
174 3.34465e+07
129 1.803e+07
80 7.71608e+06
33 4.57517e+06
137 2.02595e+07
151 2.46437e+07
64 6.19013e+06
43 5.18704e+06
163 2.90483e+07
38 5.01176e+06
154 2.73244e+07
55 5.81021e+06
49 5.80789e+06
Thế hệ thứ: 25
121 1.64201e+07
117 1.47307e+07
192 3.82757e+07
178 3.39052e+07
92 8.92563e+06
141 2.2526e+07
129 1.803e+07
80 7.71608e+06
128 1.78305e+07
48 5.60199e+06
33 4.57517e+06
137 2.02595e+07
67 6.51763e+06
55 5.81021e+06
91 8.54587e+06
133 1.83452e+07
113 1.24133e+07
35 4.98737e+06
169 3.14354e+07
120 1.48389e+07
65 6.50188e+06
36 5.01031e+06
93 9.12687e+06
151 2.46437e+07
106 1.0994e+07
64 6.19013e+06
116 1.32028e+07
25 4.11353e+06
168 3.00817e+07
27 4.38009e+06
26 4.36545e+06
163 2.90483e+07
38 5.01176e+06
69 6.66948e+06
147 2.39099e+07
60 6.14013e+06
34 4.61096e+06
79 7.6641e+06
161 2.82005e+07
76 7.60862e+06
102 1.03487e+07
138 2.12497e+07
136 1.92646e+07
98 9.61433e+06
46 5.20659e+06
49 5.80789e+06
104 1.07975e+07
75 7.47877e+06
96 9.34075e+06
16 4.10712e+06
43 5.12785e+06
73 7.15107e+06
154 2.63783e+07
173 3.34231e+07
196 3.94304e+07
Thế hệ thứ: 26
117 1.47307e+07
121 1.64201e+07
192 3.82757e+07
137 2.02595e+07
33 4.57517e+06
141 2.2526e+07
178 3.39052e+07
92 8.92563e+06
129 1.803e+07
80 7.71608e+06
128 1.78305e+07
48 5.60199e+06
79 7.6641e+06
161 2.82005e+07
67 6.51763e+06
136 1.92646e+07
98 9.61433e+06
46 5.20659e+06
91 8.54587e+06
55 5.81021e+06
133 1.83452e+07
113 1.24133e+07
120 1.48389e+07
169 3.14354e+07
35 4.98737e+06
36 5.01031e+06
65 6.50188e+06
93 9.12687e+06
151 2.46437e+07
106 1.0994e+07
64 6.19013e+06
102 1.03487e+07
76 7.60862e+06
25 4.11353e+06
116 1.32028e+07
168 3.00817e+07
27 4.38009e+06
163 2.90483e+07
38 5.01176e+06
147 2.39099e+07
69 6.66948e+06
60 6.14013e+06
34 4.61096e+06
138 2.12497e+07
49 5.80789e+06
104 1.07975e+07
96 9.34075e+06
16 4.10712e+06
26 4.352e+06
75 7.46115e+06
Thế hệ thứ: 27
33 4.57517e+06
137 2.02595e+07
121 1.64201e+07
117 1.47307e+07
192 3.82757e+07
60 6.14013e+06
92 8.92563e+06
178 3.39052e+07
141 2.2526e+07
129 1.803e+07
80 7.71608e+06
34 4.61096e+06
128 1.78305e+07
48 5.60199e+06
138 2.12497e+07
161 2.82005e+07
79 7.6641e+06
49 5.80789e+06
104 1.07975e+07
67 6.51763e+06
124 1.66115e+07
46 5.20659e+06
98 9.61433e+06
136 1.92646e+07
55 5.81021e+06
91 8.54587e+06
133 1.83452e+07
113 1.24133e+07
35 4.98737e+06
169 3.14354e+07
120 1.48389e+07
65 6.50188e+06
36 5.01031e+06
93 9.12687e+06
151 2.46437e+07
106 1.0994e+07
64 6.19013e+06
76 7.60862e+06
102 1.03487e+07
96 9.34075e+06
116 1.32028e+07
25 4.11353e+06
16 4.10712e+06
168 3.00817e+07
26 4.352e+06
27 4.38009e+06
163 2.90483e+07
75 7.46115e+06
38 5.01176e+06
69 6.66948e+06
147 2.39099e+07
86 8.3064e+06
Thế hệ thứ: 28
117 1.47307e+07
121 1.64201e+07
192 3.82757e+07
137 2.02595e+07
33 4.57517e+06
60 6.14013e+06
92 8.92563e+06
178 3.39052e+07
141 2.2526e+07
129 1.803e+07
80 7.71608e+06
34 4.61096e+06
136 1.92646e+07
46 5.20659e+06
124 1.66115e+07
98 9.61433e+06
128 1.78305e+07
48 5.60199e+06
138 2.12497e+07
79 7.6641e+06
161 2.82005e+07
49 5.80789e+06
104 1.07975e+07
26 4.352e+06
67 6.51763e+06
27 4.38009e+06
75 7.46115e+06
163 2.90483e+07
91 8.54587e+06
55 5.81021e+06
133 1.83452e+07
113 1.24133e+07
38 5.01176e+06
120 1.48389e+07
169 3.14354e+07
35 4.98737e+06
147 2.39099e+07
69 6.66948e+06
36 5.01031e+06
65 6.50188e+06
93 9.12687e+06
151 2.46437e+07
106 1.0994e+07
64 6.19013e+06
102 1.03487e+07
76 7.60862e+06
96 9.34075e+06
86 8.3064e+06
25 4.11353e+06
116 1.32028e+07
43 5.15738e+06
56 5.86497e+06
Thế hệ thứ: 29
33 4.57517e+06
137 2.02595e+07
117 1.47307e+07
192 3.82757e+07
60 6.14013e+06
76 7.60862e+06
178 3.39052e+07
92 8.92563e+06
141 2.2526e+07
96 9.34075e+06
129 1.803e+07
80 7.71608e+06
34 4.61096e+06
122 1.5076e+07
98 9.61433e+06
124 1.66115e+07
46 5.20659e+06
136 1.92646e+07
128 1.78305e+07
48 5.60199e+06
138 2.12497e+07
161 2.82005e+07
79 7.6641e+06
49 5.80789e+06
104 1.07975e+07
26 4.352e+06
67 6.51763e+06
27 4.38009e+06
163 2.90483e+07
75 7.46115e+06
55 5.81021e+06
91 8.54587e+06
133 1.83452e+07
113 1.24133e+07
38 5.01176e+06
56 5.86497e+06
86 8.3064e+06
35 4.98737e+06
169 3.14354e+07
120 1.48389e+07
69 6.66948e+06
147 2.39099e+07
65 6.50188e+06
36 5.01031e+06
116 1.32028e+07
25 4.11353e+06
151 2.46437e+07
43 5.15738e+06
106 1.0994e+07
142 2.33391e+07
72 7.16344e+06
180 3.78754e+07
94 9.09746e+06
Thế hệ thứ: 30
117 1.47307e+07
192 3.82757e+07
33 4.57517e+06
76 7.60862e+06
25 4.11353e+06
60 6.14013e+06
151 2.46437e+07
72 7.16344e+06
43 5.15738e+06
178 3.39052e+07
141 2.2526e+07
39 5.03679e+06
129 1.803e+07
80 7.71608e+06
34 4.61096e+06
136 1.92646e+07
46 5.20659e+06
124 1.66115e+07
122 1.5076e+07
98 9.61433e+06
128 1.78305e+07
48 5.60199e+06
180 3.78754e+07
79 7.6641e+06
161 2.82005e+07
104 1.07975e+07
96 8.5374e+06
106 1.0994e+07
26 4.352e+06
67 6.51763e+06
142 2.33391e+07
27 4.38009e+06
75 7.46115e+06
163 2.90483e+07
55 5.81021e+06
133 1.83452e+07
113 1.24133e+07
56 5.86497e+06
38 5.01176e+06
86 8.3064e+06
120 1.48389e+07
169 3.14354e+07
35 4.98737e+06
69 6.66948e+06
147 2.39099e+07
134 1.88545e+07
152 2.6458e+07
36 5.01031e+06
68 6.6336e+06
138 2.0255e+07
52 5.71933e+06
Thế hệ thứ: 31
33 4.57517e+06
117 1.47307e+07
192 3.82757e+07
120 1.48389e+07
169 3.14354e+07
35 4.98737e+06
25 4.11353e+06
76 7.60862e+06
60 6.14013e+06
147 2.39099e+07
69 6.66948e+06
151 2.46437e+07
43 5.15738e+06
72 7.16344e+06
134 1.88545e+07
178 3.39052e+07
141 2.2526e+07
152 2.6458e+07
129 1.803e+07
80 7.71608e+06
39 5.03679e+06
34 4.61096e+06
122 1.5076e+07
98 9.61433e+06
124 1.66115e+07
46 5.20659e+06
136 1.92646e+07
128 1.78305e+07
48 5.60199e+06
42 5.15222e+06
36 5.01031e+06
161 2.82005e+07
79 7.6641e+06
180 3.78754e+07
68 6.6336e+06
104 1.07975e+07
106 1.0994e+07
96 8.5374e+06
26 4.352e+06
67 6.51763e+06
142 2.33391e+07
27 4.38009e+06
163 2.90483e+07
75 7.46115e+06
138 2.0255e+07
52 5.71933e+06
55 5.81021e+06
133 1.83452e+07
113 1.24133e+07
38 5.01176e+06
56 5.86497e+06
87 8.17791e+06
51 5.71275e+06
71 7.01821e+06
49 5.61436e+06
Thế hệ thứ: 32
117 1.47307e+07
192 3.82757e+07
33 4.57517e+06
120 1.48389e+07
169 3.14354e+07
35 4.98737e+06
25 4.11353e+06
56 5.86497e+06
76 7.60862e+06
60 6.14013e+06
147 2.39099e+07
151 2.46437e+07
72 7.16344e+06
43 5.15738e+06
87 8.17791e+06
134 1.88545e+07
178 3.39052e+07
141 2.2526e+07
152 2.6458e+07
39 5.03679e+06
129 1.803e+07
80 7.71608e+06
34 4.61096e+06
51 5.71275e+06
71 7.01821e+06
136 1.92646e+07
46 5.20659e+06
124 1.66115e+07
122 1.5076e+07
98 9.61433e+06
128 1.78305e+07
48 5.60199e+06
36 5.01031e+06
42 5.15222e+06
49 5.61436e+06
180 3.78754e+07
79 7.6641e+06
161 2.82005e+07
68 6.6336e+06
104 1.07975e+07
96 8.5374e+06
106 1.0994e+07
26 4.352e+06
67 6.51763e+06
142 2.33391e+07
27 4.38009e+06
75 7.46115e+06
163 2.90483e+07
138 2.0255e+07
140 2.2048e+07
62 6.47704e+06
110 1.38477e+07
69 6.65666e+06
Thế hệ thứ: 33
33 4.57517e+06
117 1.47307e+07
192 3.82757e+07
120 1.48389e+07
169 3.14354e+07
35 4.98737e+06
25 4.11353e+06
142 2.33391e+07
74 7.45325e+06
56 5.86497e+06
76 7.60862e+06
27 4.38009e+06
60 6.14013e+06
129 1.803e+07
80 7.71608e+06
39 5.03679e+06
147 2.39099e+07
151 2.46437e+07
163 2.90483e+07
75 7.46115e+06
43 5.15738e+06
72 7.16344e+06
87 8.17791e+06
134 1.88545e+07
178 3.39052e+07
141 2.2526e+07
152 2.6458e+07
138 2.0255e+07
140 2.2048e+07
42 5.15222e+06
36 5.01031e+06
62 6.47704e+06
34 4.61096e+06
51 5.71275e+06
71 7.01821e+06
128 1.78305e+07
48 5.60199e+06
122 1.5076e+07
98 9.61433e+06
124 1.66115e+07
46 5.20659e+06
136 1.92646e+07
49 5.61436e+06
161 2.82005e+07
79 7.6641e+06
180 3.78754e+07
69 6.65666e+06
68 6.6336e+06
104 1.07975e+07
96 8.5374e+06
63 6.48526e+06
114 1.28813e+07
Thế hệ thứ: 34
74 7.45325e+06
56 5.86497e+06
122 1.5076e+07
136 1.92646e+07
46 5.20659e+06
117 1.47307e+07
192 3.82757e+07
33 4.57517e+06
120 1.48389e+07
169 3.14354e+07
25 4.11353e+06
142 2.33391e+07
163 2.90483e+07
75 7.46115e+06
49 5.61436e+06
76 7.60862e+06
27 4.38009e+06
44 5.15993e+06
73 6.96666e+06
60 6.14013e+06
129 1.803e+07
80 7.71608e+06
147 2.39099e+07
180 3.78754e+07
79 7.6641e+06
161 2.82005e+07
151 2.46437e+07
43 5.15738e+06
87 8.17791e+06
68 6.6336e+06
69 6.65666e+06
134 1.88545e+07
178 3.39052e+07
141 2.2526e+07
152 2.6458e+07
138 2.0255e+07
140 2.2048e+07
62 6.47704e+06
42 5.15222e+06
104 1.07975e+07
96 8.5374e+06
34 4.61096e+06
114 1.28813e+07
51 5.71275e+06
63 6.48526e+06
128 1.78305e+07
48 5.60199e+06
40 4.76693e+06
53 5.80077e+06
Thế hệ thứ: 35
74 7.45325e+06
56 5.86497e+06
117 1.47307e+07
192 3.82757e+07
136 1.92646e+07
122 1.5076e+07
140 2.2048e+07
33 4.57517e+06
169 3.14354e+07
120 1.48389e+07
42 5.15222e+06
62 6.47704e+06
25 4.11353e+06
142 2.33391e+07
75 7.46115e+06
163 2.90483e+07
49 5.61436e+06
76 7.60862e+06
104 1.07975e+07
27 4.38009e+06
96 8.5374e+06
114 1.28813e+07
34 4.61096e+06
73 6.96666e+06
60 6.14013e+06
44 5.15993e+06
51 5.71275e+06
129 1.803e+07
80 7.71608e+06
147 2.39099e+07
53 5.80077e+06
161 2.82005e+07
79 7.6641e+06
180 3.78754e+07
151 2.46437e+07
63 6.48526e+06
43 5.15738e+06
87 8.17791e+06
128 1.78305e+07
48 5.60199e+06
69 6.65666e+06
68 6.6336e+06
134 1.88545e+07
178 3.25684e+07
40 4.76693e+06
28 4.45279e+06
97 1.05349e+07
141 2.2526e+07
152 2.6458e+07
138 2.0255e+07
46 5.19831e+06
167 3.10868e+07
Thế hệ thứ: 36
122 1.5076e+07
136 1.92646e+07
117 1.47307e+07
192 3.82757e+07
178 3.25684e+07
40 4.76693e+06
74 7.45325e+06
154 2.53765e+07
56 5.86497e+06
141 2.2526e+07
28 4.45279e+06
140 2.2048e+07
27 4.38009e+06
120 1.48389e+07
169 3.14354e+07
62 6.47704e+06
42 5.15222e+06
25 4.11353e+06
142 2.33391e+07
163 2.90483e+07
75 7.46115e+06
49 5.61436e+06
76 7.60862e+06
96 8.5374e+06
46 5.19831e+06
34 4.61096e+06
114 1.28813e+07
44 5.15993e+06
73 6.96666e+06
51 5.71275e+06
138 2.0255e+07
129 1.803e+07
80 7.71608e+06
147 2.39099e+07
180 3.78754e+07
79 7.6641e+06
161 2.82005e+07
53 5.80077e+06
151 2.46437e+07
63 6.48526e+06
167 3.10868e+07
43 5.15738e+06
87 8.17791e+06
128 1.78305e+07
48 5.60199e+06
69 6.65666e+06
104 9.78246e+06
61 6.08603e+06
106 1.24467e+07
33 4.56465e+06
Thế hệ thứ: 37
117 1.47307e+07
192 3.82757e+07
122 1.5076e+07
136 1.92646e+07
48 5.60199e+06
128 1.78305e+07
147 2.39099e+07
178 3.25684e+07
40 4.76693e+06
154 2.53765e+07
56 5.86497e+06
74 7.45325e+06
53 5.80077e+06
161 2.82005e+07
79 7.6641e+06
180 3.78754e+07
28 4.45279e+06
141 2.2526e+07
140 2.2048e+07
27 4.38009e+06
169 3.14354e+07
120 1.48389e+07
42 5.15222e+06
62 6.47704e+06
25 4.11353e+06
142 2.33391e+07
87 8.17791e+06
75 7.46115e+06
163 2.90483e+07
43 5.15738e+06
49 5.61436e+06
167 3.10868e+07
76 7.60862e+06
96 8.5374e+06
114 1.28813e+07
34 4.61096e+06
46 5.19831e+06
73 6.96666e+06
44 5.15993e+06
33 4.56465e+06
151 2.46437e+07
51 5.71275e+06
63 6.48526e+06
138 2.0255e+07
129 1.803e+07
80 7.71608e+06
69 6.65666e+06
104 9.78246e+06
61 6.08603e+06
106 1.24467e+07
123 1.59821e+07
Thế hệ thứ: 38
136 1.92646e+07
122 1.5076e+07
192 3.82757e+07
117 1.47307e+07
69 6.65666e+06
104 9.78246e+06
128 1.78305e+07
48 5.60199e+06
147 2.39099e+07
40 4.76693e+06
178 3.25684e+07
74 7.45325e+06
154 2.53765e+07
56 5.86497e+06
79 7.6641e+06
161 2.82005e+07
53 5.80077e+06
141 2.2526e+07
28 4.45279e+06
140 2.2048e+07
27 4.38009e+06
120 1.48389e+07
169 3.14354e+07
62 6.47704e+06
42 5.15222e+06
25 4.11353e+06
142 2.33391e+07
87 8.17791e+06
163 2.90483e+07
75 7.46115e+06
43 5.15738e+06
49 5.61436e+06
167 3.10868e+07
76 7.60862e+06
61 6.08603e+06
96 8.5374e+06
46 5.19831e+06
34 4.61096e+06
114 1.28813e+07
106 1.24467e+07
44 5.15993e+06
73 6.96666e+06
24 4.06988e+06
123 1.59821e+07
151 2.46437e+07
33 4.56465e+06
51 5.71275e+06
63 6.48526e+06
138 2.0255e+07
129 1.803e+07
186 3.70806e+07
26 4.31411e+06
Thế hệ thứ: 39
73 6.96666e+06
44 5.15993e+06
147 2.39099e+07
69 6.65666e+06
192 3.82757e+07
136 1.92646e+07
104 9.78246e+06
48 5.60199e+06
186 3.70806e+07
161 2.82005e+07
79 7.6641e+06
53 5.80077e+06
178 3.25684e+07
40 4.76693e+06
123 1.59821e+07
24 4.06988e+06
33 4.56465e+06
151 2.46437e+07
154 2.53765e+07
56 5.86497e+06
74 7.45325e+06
28 4.45279e+06
141 2.2526e+07
63 6.48526e+06
140 2.2048e+07
129 1.803e+07
169 3.14354e+07
26 4.31411e+06
27 4.35482e+06
42 5.15222e+06
62 6.47704e+06
25 4.11353e+06
46 5.19831e+06
142 2.33391e+07
87 8.17791e+06
75 7.46115e+06
163 2.90483e+07
43 5.15738e+06
49 5.61436e+06
167 3.10868e+07
76 7.60862e+06
61 6.08603e+06
96 8.5374e+06
138 2.0255e+07
122 1.45079e+07
128 1.76466e+07
23 4.05489e+06
51 5.68683e+06
108 1.16049e+07
Thế hệ thứ: 40
104 9.78246e+06
147 2.39099e+07
73 6.96666e+06
44 5.15993e+06
192 3.82757e+07
69 6.65666e+06
61 6.08603e+06
142 2.33391e+07
87 8.17791e+06
136 1.92646e+07
163 2.90483e+07
75 7.46115e+06
151 2.46437e+07
33 4.56465e+06
43 5.15738e+06
49 5.61436e+06
48 5.60199e+06
53 5.80077e+06
79 7.6641e+06
161 2.82005e+07
186 3.70806e+07
40 4.76693e+06
178 3.25684e+07
24 4.06988e+06
123 1.59821e+07
51 5.68683e+06
167 3.10868e+07
76 7.60862e+06
74 7.45325e+06
154 2.53765e+07
56 5.86497e+06
96 8.5374e+06
141 2.2526e+07
28 4.45279e+06
63 6.48526e+06
138 2.0255e+07
140 2.2048e+07
122 1.45079e+07
129 1.803e+07
169 3.14354e+07
128 1.76466e+07
23 4.05489e+06
26 4.31411e+06
27 4.35482e+06
62 6.47704e+06
42 5.15222e+06
25 4.11353e+06
108 1.16049e+07
46 5.19831e+06
Thế hệ thứ: 41
104 9.78246e+06
73 6.96666e+06
44 5.15993e+06
147 2.39099e+07
42 5.15222e+06
62 6.47704e+06
138 2.0255e+07
192 3.82757e+07
140 2.2048e+07
69 6.65666e+06
61 6.08603e+06
142 2.33391e+07
27 4.35482e+06
26 4.31411e+06
87 8.17791e+06
136 1.92646e+07
75 7.46115e+06
163 2.90483e+07
33 4.56465e+06
151 2.46437e+07
43 5.15738e+06
49 5.61436e+06
48 5.60199e+06
186 3.70806e+07
161 2.82005e+07
79 7.6641e+06
53 5.80077e+06
178 3.25684e+07
40 4.76693e+06
23 4.05489e+06
123 1.59821e+07
24 4.06988e+06
128 1.76466e+07
167 3.10868e+07
51 5.68683e+06
76 7.60862e+06
154 2.53765e+07
56 5.86497e+06
74 7.45325e+06
96 8.5374e+06
122 1.45079e+07
28 4.45279e+06
141 2.2526e+07
129 1.803e+07
63 6.48526e+06
169 3.14354e+07
25 4.11353e+06
108 1.16049e+07
46 5.19831e+06
132 1.89214e+07
Thế hệ thứ: 42
61 6.08603e+06
104 9.78246e+06
147 2.39099e+07
73 6.96666e+06
62 6.47704e+06
28 4.45279e+06
141 2.2526e+07
138 2.0255e+07
192 3.82757e+07
140 2.2048e+07
69 6.65666e+06
142 2.33391e+07
129 1.803e+07
155 2.7075e+07
27 4.35482e+06
26 4.31411e+06
87 8.17791e+06
136 1.92646e+07
163 2.90483e+07
75 7.46115e+06
44 5.12186e+06
151 2.46437e+07
33 4.56465e+06
63 6.48526e+06
169 3.14354e+07
49 5.61436e+06
48 5.60199e+06
53 5.80077e+06
79 7.6641e+06
161 2.82005e+07
186 3.70806e+07
25 4.11353e+06
40 4.76693e+06
178 3.25684e+07
23 4.05489e+06
24 4.06988e+06
123 1.59821e+07
128 1.76466e+07
51 5.68683e+06
167 3.10868e+07
108 1.16049e+07
46 5.19831e+06
74 7.45325e+06
154 2.53765e+07
56 5.86497e+06
132 1.89214e+07
96 8.5374e+06
122 1.45079e+07
78 7.60515e+06
114 1.41015e+07
30 4.54841e+06
Thế hệ thứ: 43
61 6.08603e+06
46 5.19831e+06
167 3.10868e+07
108 1.16049e+07
154 2.53765e+07
56 5.86497e+06
74 7.45325e+06
104 9.78246e+06
73 6.96666e+06
147 2.39099e+07
62 6.47704e+06
141 2.2526e+07
28 4.45279e+06
138 2.0255e+07
87 8.17791e+06
192 3.82757e+07
140 2.2048e+07
69 6.65666e+06
132 1.89214e+07
142 2.33391e+07
129 1.803e+07
155 2.7075e+07
27 4.35482e+06
26 4.31411e+06
96 8.5374e+06
136 1.92646e+07
75 7.46115e+06
163 2.90483e+07
33 4.56465e+06
151 2.46437e+07
44 5.12186e+06
122 1.45079e+07
63 6.48526e+06
169 3.14354e+07
78 7.60515e+06
30 4.54841e+06
49 5.61436e+06
114 1.41015e+07
48 5.60199e+06
186 3.70806e+07
161 2.82005e+07
79 7.6641e+06
53 5.80077e+06
25 4.11353e+06
178 3.25684e+07
40 4.76693e+06
23 4.05489e+06
123 1.59821e+07
24 4.06988e+06
128 1.76466e+07
102 9.48819e+06
84 8.0153e+06
Thế hệ thứ: 44
61 6.08603e+06
56 5.86497e+06
154 2.53765e+07
74 7.45325e+06
178 3.25684e+07
40 4.76693e+06
167 3.10868e+07
46 5.19831e+06
108 1.16049e+07
104 9.78246e+06
73 6.96666e+06
147 2.39099e+07
132 1.89214e+07
62 6.47704e+06
28 4.45279e+06
141 2.2526e+07
138 2.0255e+07
87 8.17791e+06
192 3.82757e+07
30 4.54841e+06
49 5.61436e+06
140 2.2048e+07
25 4.11353e+06
69 6.65666e+06
186 3.70806e+07
161 2.82005e+07
79 7.6641e+06
53 5.80077e+06
142 2.33391e+07
129 1.803e+07
155 2.7075e+07
27 4.35482e+06
26 4.31411e+06
96 8.5374e+06
136 1.92646e+07
163 2.90483e+07
75 7.46115e+06
44 5.12186e+06
151 2.46437e+07
33 4.56465e+06
48 5.60199e+06
122 1.45079e+07
114 1.41015e+07
63 6.48526e+06
169 3.14354e+07
78 7.60515e+06
23 4.05489e+06
24 4.06988e+06
123 1.59821e+07
128 1.76466e+07
159 2.7553e+07
Thế hệ thứ: 45
61 6.08603e+06
178 3.25684e+07
40 4.76693e+06
154 2.53765e+07
56 5.86497e+06
74 7.45325e+06
167 3.10868e+07
63 6.48526e+06
46 5.19831e+06
108 1.16049e+07
104 9.78246e+06
73 6.96666e+06
147 2.39099e+07
132 1.89214e+07
62 6.47704e+06
141 2.2526e+07
28 4.45279e+06
138 2.0255e+07
87 8.17791e+06
169 3.14354e+07
192 3.82757e+07
49 5.61436e+06
30 4.54841e+06
78 7.60515e+06
140 2.2048e+07
23 4.05489e+06
123 1.59821e+07
24 4.06988e+06
25 4.11353e+06
69 6.65666e+06
128 1.76466e+07
53 5.80077e+06
79 7.6641e+06
161 2.82005e+07
186 3.70806e+07
142 2.33391e+07
129 1.803e+07
155 2.7075e+07
27 4.35482e+06
96 8.5374e+06
159 2.7553e+07
136 1.92646e+07
75 7.46115e+06
163 2.90483e+07
33 4.56465e+06
151 2.46437e+07
44 5.12186e+06
48 5.60199e+06
52 5.68401e+06
122 1.45079e+07
71 6.95304e+06
181 3.52036e+07
26 4.18257e+06
Thế hệ thứ: 46
61 6.08603e+06
44 5.12186e+06
151 2.46437e+07
33 4.56465e+06
56 5.86497e+06
154 2.53765e+07
74 7.45325e+06
178 3.25684e+07
40 4.76693e+06
167 3.10868e+07
26 4.18257e+06
63 6.48526e+06
46 5.19831e+06
108 1.16049e+07
48 5.60199e+06
104 9.78246e+06
73 6.96666e+06
71 6.95304e+06
147 2.39099e+07
122 1.45079e+07
52 5.68401e+06
132 1.89214e+07
62 6.47704e+06
141 2.2526e+07
181 3.52036e+07
138 2.0255e+07
87 8.17791e+06
169 3.14354e+07
192 3.82757e+07
30 4.54841e+06
49 5.61436e+06
78 7.60515e+06
140 2.2048e+07
23 4.05489e+06
24 4.06988e+06
123 1.59821e+07
25 4.11353e+06
69 6.65666e+06
128 1.76466e+07
186 3.70806e+07
161 2.82005e+07
79 7.6641e+06
53 5.80077e+06
129 1.803e+07
155 2.7075e+07
27 4.35482e+06
96 8.5374e+06
159 2.7553e+07
110 1.44443e+07
144 2.32867e+07
28 4.44565e+06
70 6.94893e+06
Thế hệ thứ: 47
129 1.803e+07
155 2.7075e+07
61 6.08603e+06
74 7.45325e+06
56 5.86497e+06
154 2.53765e+07
44 5.12186e+06
151 2.46437e+07
33 4.56465e+06
186 3.70806e+07
161 2.82005e+07
79 7.6641e+06
53 5.80077e+06
40 4.76693e+06
178 3.25684e+07
96 8.5374e+06
167 3.10868e+07
63 6.48526e+06
46 5.19831e+06
108 1.16049e+07
48 5.60199e+06
104 9.78246e+06
73 6.96666e+06
123 1.59821e+07
24 4.06988e+06
147 2.39099e+07
50 5.68247e+06
71 6.95304e+06
52 5.68401e+06
122 1.45079e+07
132 1.89214e+07
62 6.47704e+06
141 2.2526e+07
69 6.65666e+06
181 3.52036e+07
138 2.0255e+07
87 8.17791e+06
25 4.11353e+06
169 3.14354e+07
192 3.82757e+07
128 1.76466e+07
49 5.61436e+06
30 4.54841e+06
78 7.60515e+06
140 2.2048e+07
23 4.05489e+06
27 4.35482e+06
159 2.7553e+07
110 1.44443e+07
144 2.32867e+07
125 1.66873e+07
26 4.13349e+06
Thế hệ thứ: 48
155 2.7075e+07
129 1.803e+07
61 6.08603e+06
128 1.76466e+07
33 4.56465e+06
151 2.46437e+07
44 5.12186e+06
154 2.53765e+07
56 5.86497e+06
53 5.80077e+06
161 2.82005e+07
186 3.70806e+07
178 3.25684e+07
40 4.76693e+06
96 8.5374e+06
30 4.54841e+06
49 5.61436e+06
167 3.10868e+07
63 6.48526e+06
46 5.19831e+06
108 1.16049e+07
140 2.2048e+07
48 5.60199e+06
23 4.05489e+06
104 9.78246e+06
27 4.35482e+06
73 6.96666e+06
24 4.06988e+06
123 1.59821e+07
159 2.7553e+07
144 2.32867e+07
50 5.68247e+06
71 6.95304e+06
147 2.39099e+07
122 1.45079e+07
52 5.68401e+06
125 1.66873e+07
132 1.89214e+07
62 6.47704e+06
26 4.13349e+06
141 2.2526e+07
69 6.65666e+06
181 3.52036e+07
138 2.0255e+07
87 8.17791e+06
25 4.11353e+06
112 1.42919e+07
111 1.38573e+07
80 7.37824e+06
Thế hệ thứ: 49
129 1.803e+07
155 2.7075e+07
61 6.08603e+06
128 1.76466e+07
33 4.56465e+06
151 2.46437e+07
44 5.12186e+06
138 2.0255e+07
154 2.53765e+07
56 5.86497e+06
186 3.70806e+07
161 2.82005e+07
53 5.80077e+06
87 8.17791e+06
40 4.76693e+06
178 3.25684e+07
96 8.5374e+06
49 5.61436e+06
30 4.54841e+06
167 3.10868e+07
63 6.48526e+06
25 4.11353e+06
46 5.19831e+06
108 1.16049e+07
140 2.2048e+07
48 5.60199e+06
104 9.78246e+06
27 4.35482e+06
73 6.96666e+06
112 1.42919e+07
123 1.59821e+07
24 4.06988e+06
74 7.30542e+06
159 2.7553e+07
111 1.38573e+07
147 2.39099e+07
50 5.68247e+06
71 6.95304e+06
52 5.68401e+06
122 1.45079e+07
132 1.89214e+07
80 7.37824e+06
62 6.47704e+06
26 4.13349e+06
141 2.2526e+07
69 6.65666e+06
181 3.52036e+07
23 4.02748e+06
125 1.62476e+07
146 2.27524e+07
