Thế hệ thứ: 0
58 6.14538e+06
59 6.30664e+06
60 8.30956e+06
86 1.27536e+07
97 1.81401e+07
79 1.0228e+07
100 1.85128e+07
68 9.38154e+06
94 1.57002e+07
84 1.22025e+07
93 1.35309e+07
Thế hệ thứ: 1
84 1.22025e+07
79 1.0228e+07
94 1.57002e+07
100 1.85128e+07
68 9.38154e+06
69 9.50936e+06
60 8.30956e+06
58 6.14538e+06
59 6.30664e+06
86 1.27536e+07
93 1.35309e+07
74 9.65258e+06
95 1.70788e+07
67 8.42027e+06
36 5.16819e+06
99 1.79813e+07
Thế hệ thứ: 2
100 1.85128e+07
95 1.70788e+07
84 1.22025e+07
79 1.0228e+07
59 6.30664e+06
58 6.14538e+06
86 1.27536e+07
94 1.57002e+07
99 1.79813e+07
36 5.16819e+06
93 1.35309e+07
72 7.90577e+06
89 1.3208e+07
75 9.2846e+06
40 5.81212e+06
60 7.49714e+06
23 5.10001e+06
Thế hệ thứ: 3
93 1.35309e+07
100 1.85128e+07
84 1.22025e+07
95 1.70788e+07
23 5.10001e+06
59 6.30664e+06
40 5.81212e+06
58 6.14538e+06
86 1.27536e+07
89 1.3208e+07
94 1.57002e+07
99 1.79813e+07
36 5.16819e+06
75 9.2846e+06
62 6.93714e+06
72 7.90577e+06
31 5.11236e+06
79 9.97176e+06
83 1.0991e+07
Thế hệ thứ: 4
100 1.85128e+07
93 1.35309e+07
83 1.0991e+07
84 1.22025e+07
75 9.2846e+06
94 1.57002e+07
59 6.30664e+06
40 5.81212e+06
72 7.90577e+06
62 6.93714e+06
79 9.97176e+06
58 6.14538e+06
86 1.27536e+07
89 1.3208e+07
39 4.87443e+06
97 1.68511e+07
73 8.70989e+06
69 7.41824e+06
99 1.69274e+07
Thế hệ thứ: 5
83 1.0991e+07
93 1.35309e+07
73 8.70989e+06
100 1.85128e+07
99 1.69274e+07
62 6.93714e+06
72 7.90577e+06
86 1.27536e+07
79 9.97176e+06
84 1.22025e+07
97 1.68511e+07
89 1.3208e+07
58 6.14538e+06
94 1.57002e+07
39 4.87443e+06
59 6.30664e+06
69 7.41824e+06
32 4.35417e+06
49 5.54356e+06
78 9.77029e+06
75 8.99264e+06
Thế hệ thứ: 6
49 5.54356e+06
73 8.70989e+06
100 1.85128e+07
93 1.35309e+07
75 8.99264e+06
83 1.0991e+07
79 9.97176e+06
86 1.27536e+07
99 1.69274e+07
84 1.22025e+07
72 7.90577e+06
62 6.93714e+06
97 1.68511e+07
94 1.57002e+07
89 1.3208e+07
58 6.14538e+06
39 4.87443e+06
59 6.30664e+06
32 4.35417e+06
69 7.41824e+06
78 9.77029e+06
Thế hệ thứ: 7
84 1.22025e+07
49 5.54356e+06
75 8.99264e+06
93 1.35309e+07
73 8.70989e+06
59 6.30664e+06
86 1.27536e+07
100 1.76603e+07
32 4.35417e+06
62 6.93714e+06
72 7.90577e+06
78 9.77029e+06
94 1.57002e+07
89 1.3208e+07
58 6.14538e+06
39 4.87443e+06
97 1.59962e+07
83 9.83029e+06
34 4.36029e+06
70 7.29354e+06
99 1.65749e+07
77 9.22583e+06
Thế hệ thứ: 8
100 1.76603e+07
34 4.36029e+06
49 5.54356e+06
62 6.93714e+06
72 7.90577e+06
73 8.70989e+06
93 1.35309e+07
75 8.99264e+06
77 9.22583e+06
59 6.30664e+06
33 4.33565e+06
78 9.77029e+06
94 1.57002e+07
70 7.29354e+06
58 6.14538e+06
83 9.83029e+06
97 1.59962e+07
99 1.65749e+07
61 6.52229e+06
86 1.18737e+07
89 1.20528e+07
44 4.78433e+06
Thế hệ thứ: 9
18 3.66922e+06
73 8.70989e+06
34 4.36029e+06
100 1.76603e+07
49 5.54356e+06
86 1.18737e+07
78 9.77029e+06
94 1.57002e+07
72 7.90577e+06
83 9.83029e+06
97 1.59962e+07
99 1.65749e+07
93 1.35309e+07
75 8.99264e+06
59 6.30664e+06
77 9.22583e+06
58 6.14538e+06
70 7.29354e+06
44 4.78433e+06
33 4.33565e+06
65 6.45479e+06
90 1.1876e+07
92 1.35109e+07
Thế hệ thứ: 10
18 3.66922e+06
73 8.70989e+06
44 4.78433e+06
49 5.54356e+06
90 1.1876e+07
33 4.33565e+06
65 6.45479e+06
100 1.76603e+07
34 4.36029e+06
91 1.33662e+07
86 1.18737e+07
59 6.30664e+06
72 7.90577e+06
58 6.14538e+06
70 7.29354e+06
83 9.83029e+06
97 1.59962e+07
99 1.65749e+07
93 1.35309e+07
92 1.35109e+07
78 8.83468e+06
95 1.52632e+07
17 3.65149e+06
Thế hệ thứ: 11
100 1.76603e+07
18 3.66922e+06
93 1.35309e+07
17 3.65149e+06
44 4.78433e+06
49 5.54356e+06
90 1.1876e+07
33 4.33565e+06
92 1.35109e+07
65 6.45479e+06
59 6.30664e+06
78 8.83468e+06
72 7.90577e+06
34 4.36029e+06
91 1.33662e+07
70 7.29354e+06
58 6.14538e+06
83 9.83029e+06
97 1.59962e+07
99 1.65749e+07
86 1.18737e+07
22 4.02563e+06
96 1.36112e+07
74 8.22548e+06
Thế hệ thứ: 12
65 6.45479e+06
78 8.83468e+06
100 1.76603e+07
59 6.30664e+06
93 1.35309e+07
18 3.66922e+06
17 3.65149e+06
44 4.78433e+06
90 1.1876e+07
49 5.54356e+06
92 1.35109e+07
72 7.90577e+06
34 4.36029e+06
73 8.0598e+06
91 1.33662e+07
58 6.14538e+06
70 7.29354e+06
83 9.83029e+06
97 1.59962e+07
99 1.65749e+07
86 1.18737e+07
22 4.02563e+06
96 1.36112e+07
74 8.22548e+06
33 4.31537e+06
84 1.05421e+07
23 4.03141e+06
37 4.42218e+06
Thế hệ thứ: 13
96 1.36112e+07
100 1.76603e+07
78 8.83468e+06
34 4.36029e+06
65 6.45479e+06
70 7.29354e+06
23 4.03141e+06
58 6.14538e+06
22 4.02563e+06
59 6.30664e+06
74 8.22548e+06
93 1.35309e+07
83 9.83029e+06
37 4.42218e+06
17 3.65149e+06
44 4.78433e+06
49 5.54356e+06
90 1.1876e+07
92 1.35109e+07
84 1.05421e+07
72 7.90577e+06
86 1.18737e+07
33 4.31537e+06
73 8.0598e+06
91 1.33662e+07
50 6.08694e+06
64 6.37924e+06
99 1.55385e+07
20 3.65407e+06
Thế hệ thứ: 14
34 4.36029e+06
78 8.83468e+06
100 1.76603e+07
96 1.36112e+07
73 8.0598e+06
84 1.05421e+07
50 6.08694e+06
65 6.45479e+06
58 6.14538e+06
70 7.29354e+06
72 7.90577e+06
59 6.30664e+06
74 8.22548e+06
93 1.35309e+07
64 6.37924e+06
83 9.83029e+06
86 1.18737e+07
92 1.35109e+07
20 3.65407e+06
33 4.31537e+06
37 4.42218e+06
99 1.55385e+07
44 4.78433e+06
90 1.1876e+07
49 5.54356e+06
19 3.37392e+06
91 1.24033e+07
25 4.0199e+06
Thế hệ thứ: 15
96 1.36112e+07
100 1.76603e+07
78 8.83468e+06
59 6.30664e+06
74 8.22548e+06
44 4.78433e+06
93 1.35309e+07
64 6.37924e+06
83 9.83029e+06
92 1.33187e+07
73 8.0598e+06
25 4.0199e+06
84 1.05421e+07
86 1.18737e+07
50 6.08694e+06
90 1.1876e+07
49 5.54356e+06
65 6.45479e+06
70 7.29354e+06
58 6.14538e+06
20 3.65407e+06
91 1.24033e+07
33 4.31537e+06
19 3.37392e+06
72 7.90577e+06
99 1.55385e+07
37 4.42218e+06
34 4.34958e+06
27 4.23193e+06
23 3.83244e+06
Thế hệ thứ: 16
25 4.0199e+06
78 8.83468e+06
100 1.76603e+07
96 1.36112e+07
99 1.55385e+07
23 3.83244e+06
93 1.35309e+07
73 8.0598e+06
92 1.33187e+07
84 1.05421e+07
64 6.37924e+06
59 6.30664e+06
83 9.83029e+06
74 8.22548e+06
44 4.78433e+06
86 1.18737e+07
50 6.08694e+06
49 5.54356e+06
90 1.1876e+07
65 6.45479e+06
58 6.14538e+06
70 7.29354e+06
20 3.65407e+06
91 1.24033e+07
33 4.31537e+06
37 4.42218e+06
72 7.90577e+06
19 3.37392e+06
34 4.34958e+06
27 4.23193e+06
76 8.75964e+06
75 8.74632e+06
Thế hệ thứ: 17
25 4.0199e+06
96 1.36112e+07
100 1.76603e+07
78 8.83468e+06
58 6.14538e+06
70 7.29354e+06
93 1.35309e+07
23 3.83244e+06
99 1.55385e+07
20 3.65407e+06
91 1.24033e+07
92 1.33187e+07
73 8.0598e+06
37 4.42218e+06
84 1.05421e+07
64 6.37924e+06
72 7.90577e+06
59 6.30664e+06
83 9.83029e+06
74 8.22548e+06
44 4.78433e+06
22 3.82448e+06
86 1.18737e+07
19 3.37392e+06
50 6.08694e+06
90 1.1876e+07
49 5.54356e+06
34 4.34958e+06
65 6.45479e+06
27 4.23193e+06
75 8.74632e+06
76 8.75964e+06
33 4.30156e+06
Thế hệ thứ: 18
50 6.08694e+06
25 4.0199e+06
78 8.83468e+06
100 1.76603e+07
96 1.36112e+07
83 9.83029e+06
33 4.30156e+06
19 3.37392e+06
70 7.29354e+06
58 6.14538e+06
49 5.54356e+06
90 1.1876e+07
23 3.83244e+06
93 1.35309e+07
99 1.55385e+07
20 3.65407e+06
91 1.24033e+07
73 8.0598e+06
92 1.33187e+07
34 4.34958e+06
65 6.45479e+06
75 8.74632e+06
37 4.42218e+06
84 1.05421e+07
76 8.75964e+06
64 6.37924e+06
72 7.90577e+06
27 4.23193e+06
59 6.30664e+06
74 8.22548e+06
44 4.78433e+06
86 1.18737e+07
98 1.4848e+07
22 3.76736e+06
Thế hệ thứ: 19
25 4.0199e+06
83 9.83029e+06
33 4.30156e+06
99 1.55385e+07
22 3.76736e+06
96 1.36112e+07
100 1.76603e+07
78 8.83468e+06
79 9.34325e+06
19 3.37392e+06
76 8.75964e+06
98 1.4848e+07
58 6.14538e+06
70 7.29354e+06
90 1.1876e+07
49 5.54356e+06
64 6.37924e+06
72 7.90577e+06
93 1.35309e+07
23 3.83244e+06
20 3.65407e+06
91 1.24033e+07
92 1.33187e+07
73 8.0598e+06
27 4.23193e+06
86 1.18737e+07
59 6.30664e+06
74 8.22548e+06
34 4.34958e+06
65 6.45479e+06
75 8.74632e+06
37 4.42218e+06
84 1.05421e+07
44 4.78433e+06
52 5.9357e+06
Thế hệ thứ: 20
25 4.0199e+06
99 1.55385e+07
83 9.83029e+06
33 4.30156e+06
73 8.0598e+06
92 1.33187e+07
65 6.45479e+06
96 1.36112e+07
100 1.76603e+07
27 4.23193e+06
75 8.74632e+06
78 8.83468e+06
79 9.34325e+06
37 4.42218e+06
84 1.05421e+07
19 3.32535e+06
76 8.75964e+06
86 1.18737e+07
98 1.4848e+07
44 4.78433e+06
59 6.30664e+06
70 7.29354e+06
58 6.14538e+06
52 5.9357e+06
49 5.54356e+06
90 1.1876e+07
64 6.37924e+06
72 7.90577e+06
74 8.22548e+06
23 3.83244e+06
93 1.35309e+07
91 1.24033e+07
34 4.34958e+06
22 3.61715e+06
Thế hệ thứ: 21
25 4.0199e+06
92 1.33187e+07
22 3.61715e+06
83 9.83029e+06
33 4.30156e+06
99 1.55385e+07
70 7.29354e+06
58 6.14538e+06
90 1.1876e+07
65 6.45479e+06
97 1.48345e+07
96 1.36112e+07
100 1.76603e+07
27 4.23193e+06
75 8.74632e+06
73 7.97075e+06
78 8.83468e+06
64 6.37924e+06
72 7.90577e+06
79 9.34325e+06
19 3.32535e+06
37 4.42218e+06
84 1.05421e+07
74 8.22548e+06
93 1.35309e+07
23 3.83244e+06
44 4.78433e+06
34 4.34958e+06
86 1.18737e+07
98 1.4848e+07
59 6.30664e+06
91 1.24033e+07
57 5.47527e+06
76 8.75964e+06
Thế hệ thứ: 22
74 8.22548e+06
58 6.14538e+06
70 7.29354e+06
37 4.42218e+06
25 4.0199e+06
84 1.05421e+07
33 4.30156e+06
83 9.83029e+06
92 1.33187e+07
93 1.35309e+07
99 1.55385e+07
57 5.47527e+06
75 8.74632e+06
76 8.75964e+06
44 4.78433e+06
90 1.1876e+07
34 4.34958e+06
65 6.45479e+06
96 1.36112e+07
97 1.48345e+07
22 3.45018e+06
98 1.4848e+07
100 1.76603e+07
27 4.23193e+06
59 6.30664e+06
78 8.83468e+06
64 6.37924e+06
91 1.24033e+07
79 9.34325e+06
73 7.68998e+06
19 3.32535e+06
67 6.82419e+06
23 3.76651e+06
86 1.13723e+07
Thế hệ thứ: 23
58 6.14538e+06
70 7.29354e+06
74 8.22548e+06
96 1.36112e+07
97 1.48345e+07
25 4.0199e+06
84 1.05421e+07
83 9.83029e+06
22 3.45018e+06
98 1.4848e+07
91 1.24033e+07
92 1.33187e+07
73 7.68998e+06
19 3.32535e+06
93 1.35309e+07
100 1.76603e+07
99 1.55385e+07
57 5.47527e+06
86 1.13723e+07
44 4.78433e+06
76 8.75964e+06
27 4.23193e+06
90 1.1876e+07
59 6.30664e+06
67 6.82419e+06
79 9.34325e+06
52 4.97817e+06
23 3.76651e+06
65 6.45479e+06
78 8.83468e+06
75 8.73683e+06
64 6.32213e+06
38 4.2959e+06
Thế hệ thứ: 24
58 6.14538e+06
70 7.29354e+06
96 1.36112e+07
97 1.48345e+07
38 4.2959e+06
25 4.0199e+06
44 4.78433e+06
86 1.13723e+07
84 1.05421e+07
65 6.45479e+06
83 9.83029e+06
27 4.23193e+06
64 6.32213e+06
90 1.1876e+07
78 8.83468e+06
100 1.71054e+07
22 3.45018e+06
98 1.4848e+07
59 6.30664e+06
91 1.24033e+07
79 9.34325e+06
67 6.82419e+06
19 3.32535e+06
73 7.68998e+06
52 4.97817e+06
99 1.55385e+07
57 5.47527e+06
23 3.70587e+06
77 7.94103e+06
95 1.32958e+07
Thế hệ thứ: 25
86 1.13723e+07
44 4.78433e+06
59 6.30664e+06
58 6.14538e+06
70 7.29354e+06
99 1.55385e+07
96 1.36112e+07
97 1.48345e+07
38 4.2959e+06
25 4.0199e+06
67 6.82419e+06
79 9.34325e+06
100 1.71054e+07
22 3.45018e+06
98 1.4848e+07
26 4.06579e+06
84 1.05421e+07
52 4.97817e+06
65 6.45479e+06
23 3.70587e+06
73 7.68998e+06
19 3.32535e+06
83 9.83029e+06
27 4.23193e+06
64 6.32213e+06
90 1.1876e+07
78 8.83468e+06
57 5.47527e+06
77 7.94103e+06
37 4.27085e+06
95 1.2234e+07
24 3.92993e+06
Thế hệ thứ: 26
100 1.71054e+07
98 1.4848e+07
22 3.45018e+06
86 1.13723e+07
44 4.78433e+06
23 3.70587e+06
78 8.83468e+06
59 6.30664e+06
19 3.32535e+06
73 7.68998e+06
70 7.29354e+06
58 6.14538e+06
57 5.47527e+06
99 1.55385e+07
77 7.94103e+06
97 1.48345e+07
96 1.36112e+07
38 4.2959e+06
25 4.0199e+06
79 9.34325e+06
67 6.82419e+06
83 9.83029e+06
24 3.92993e+06
27 4.23193e+06
64 6.32213e+06
84 1.05421e+07
26 4.06579e+06
95 1.2234e+07
90 1.1876e+07
37 4.27085e+06
52 4.97817e+06
65 6.45479e+06
Thế hệ thứ: 27
37 4.27085e+06
96 1.36112e+07
97 1.48345e+07
100 1.71054e+07
22 3.45018e+06
98 1.4848e+07
52 4.97817e+06
44 4.78433e+06
23 3.70587e+06
24 3.92993e+06
64 6.32213e+06
59 6.30664e+06
73 7.68998e+06
19 3.32535e+06
26 4.06579e+06
84 1.05421e+07
58 6.14538e+06
70 7.29354e+06
57 5.47527e+06
99 1.55385e+07
77 7.94103e+06
95 1.2234e+07
65 6.45479e+06
38 4.2959e+06
25 4.0199e+06
67 6.82419e+06
90 1.1876e+07
86 1.12419e+07
30 4.20095e+06
39 4.63619e+06
83 8.8337e+06
27 4.07772e+06
Thế hệ thứ: 28
100 1.71054e+07
98 1.4848e+07
22 3.45018e+06
26 4.06579e+06
84 1.05421e+07
39 4.63619e+06
96 1.36112e+07
97 1.48345e+07
37 4.27085e+06
38 4.2959e+06
70 7.29354e+06
58 6.14538e+06
52 4.97817e+06
67 6.82419e+06
57 5.47527e+06
44 4.78433e+06
30 4.20095e+06
25 4.0199e+06
23 3.70587e+06
24 3.92993e+06
99 1.55385e+07
86 1.12419e+07
64 6.32213e+06
77 7.94103e+06
95 1.2234e+07
27 4.07772e+06
65 6.45479e+06
83 8.8337e+06
59 6.30664e+06
19 3.32535e+06
73 7.68998e+06
90 1.1876e+07
28 4.17302e+06
Thế hệ thứ: 29
37 4.27085e+06
26 4.06579e+06
84 1.05421e+07
22 3.45018e+06
98 1.4848e+07
19 3.32535e+06
73 7.68998e+06
99 1.55385e+07
86 1.12419e+07
97 1.48345e+07
96 1.36112e+07
39 4.63619e+06
90 1.1876e+07
64 6.32213e+06
38 4.2959e+06
77 7.94103e+06
58 6.14538e+06
70 7.29354e+06
27 4.07772e+06
52 4.97817e+06
67 6.82419e+06
65 6.45479e+06
57 5.47527e+06
28 4.17302e+06
44 4.78433e+06
30 4.20095e+06
25 4.0199e+06
83 8.8337e+06
59 6.30664e+06
23 3.70587e+06
24 3.92993e+06
29 4.20073e+06
100 1.57468e+07
95 1.20238e+07
Thế hệ thứ: 30
58 5.82177e+06
37 4.27085e+06
98 1.4848e+07
22 3.45018e+06
26 4.06579e+06
84 1.05421e+07
100 1.57468e+07
25 4.0199e+06
19 3.32535e+06
73 7.68998e+06
24 3.92993e+06
99 1.55385e+07
86 1.12419e+07
83 8.8337e+06
39 4.63619e+06
96 1.36112e+07
97 1.48345e+07
59 6.30664e+06
90 1.1876e+07
64 6.32213e+06
29 4.20073e+06
38 4.2959e+06
77 7.94103e+06
70 7.29354e+06
95 1.20238e+07
27 4.07772e+06
78 8.26181e+06
23 3.70587e+06
52 4.97817e+06
67 6.82419e+06
65 6.45479e+06
57 5.47527e+06
28 4.17302e+06
44 4.78433e+06
30 4.20095e+06
Thế hệ thứ: 31
58 5.82177e+06
37 4.27085e+06
98 1.4848e+07
22 3.45018e+06
95 1.20238e+07
27 4.07772e+06
78 8.26181e+06
23 3.70587e+06
57 5.47527e+06
84 1.05421e+07
26 4.06579e+06
25 4.0199e+06
100 1.57468e+07
73 7.68998e+06
19 3.32535e+06
24 3.92993e+06
99 1.55385e+07
44 4.78433e+06
86 1.12419e+07
83 8.8337e+06
30 4.20095e+06
52 4.97817e+06
96 1.36112e+07
39 4.63619e+06
59 6.30664e+06
90 1.1876e+07
64 6.32213e+06
29 4.20073e+06
28 4.17302e+06
38 4.2959e+06
77 7.94103e+06
67 6.82419e+06
70 7.29354e+06
65 6.45479e+06
43 4.77838e+06
41 4.74503e+06
97 1.46804e+07
Thế hệ thứ: 32
58 5.82177e+06
37 4.27085e+06
95 1.20238e+07
41 4.74503e+06
22 3.45018e+06
98 1.4848e+07
27 4.07772e+06
70 7.29354e+06
28 4.17302e+06
43 4.77838e+06
23 3.70587e+06
78 8.26181e+06
57 5.47527e+06
30 4.20095e+06
26 4.06579e+06
84 1.05421e+07
100 1.57468e+07
19 3.32535e+06
73 7.68998e+06
99 1.55385e+07
44 4.78433e+06
86 1.12419e+07
83 8.8337e+06
38 4.2959e+06
65 6.45479e+06
52 4.97817e+06
97 1.46804e+07
39 4.63619e+06
96 1.36112e+07
59 6.30664e+06
77 7.94103e+06
90 1.1876e+07
67 6.82419e+06
64 6.32213e+06
29 4.20073e+06
25 4.00289e+06
24 3.76654e+06
Thế hệ thứ: 33
30 4.20095e+06
97 1.38903e+07
86 1.12419e+07
58 5.82177e+06
37 4.27085e+06
84 1.05421e+07
26 4.06579e+06
22 3.45018e+06
95 1.20238e+07
73 7.68998e+06
19 3.32535e+06
27 4.07772e+06
100 1.57468e+07
70 7.29354e+06
99 1.55385e+07
39 4.63619e+06
96 1.36112e+07
78 8.26181e+06
23 3.70587e+06
57 5.47527e+06
52 4.97817e+06
83 8.8337e+06
38 4.2959e+06
65 6.45479e+06
59 6.30664e+06
77 7.94103e+06
90 1.1876e+07
67 6.82419e+06
64 6.32213e+06
29 4.20073e+06
25 4.00289e+06
24 3.76654e+06
79 8.27076e+06
42 4.69219e+06
45 4.74284e+06
28 4.09353e+06
98 1.40029e+07
Thế hệ thứ: 34
30 4.20095e+06
29 4.20073e+06
86 1.12419e+07
97 1.38903e+07
58 5.82177e+06
37 4.27085e+06
84 1.05421e+07
26 4.06579e+06
22 3.45018e+06
83 8.8337e+06
38 4.2959e+06
42 4.69219e+06
95 1.20238e+07
19 3.32535e+06
73 7.68998e+06
66 6.71688e+06
43 4.69617e+06
27 4.07772e+06
65 6.45479e+06
59 6.30664e+06
100 1.57468e+07
64 6.32213e+06
70 7.29354e+06
77 7.94103e+06
25 3.74066e+06
98 1.40029e+07
28 4.09353e+06
99 1.55385e+07
45 4.74284e+06
90 1.1876e+07
79 8.27076e+06
96 1.36112e+07
39 4.63619e+06
67 6.82419e+06
23 3.70587e+06
78 8.26181e+06
57 5.47527e+06
52 4.97817e+06
91 1.1913e+07
56 5.39257e+06
75 7.86011e+06
Thế hệ thứ: 35
91 1.1913e+07
30 4.20095e+06
29 4.20073e+06
97 1.38903e+07
86 1.12419e+07
58 5.82177e+06
37 4.27085e+06
26 4.06579e+06
84 1.05421e+07
45 4.74284e+06
22 3.45018e+06
56 5.39257e+06
75 7.86011e+06
83 8.8337e+06
90 1.1876e+07
38 4.2959e+06
79 8.27076e+06
39 4.63619e+06
96 1.36112e+07
42 4.69219e+06
67 6.82419e+06
95 1.20238e+07
73 7.68998e+06
19 3.32535e+06
27 4.07772e+06
66 6.71688e+06
43 4.69617e+06
65 6.45479e+06
59 6.30664e+06
78 8.26181e+06
23 3.70587e+06
64 6.32213e+06
57 5.47527e+06
70 7.29354e+06
77 7.94103e+06
25 3.74066e+06
52 4.97817e+06
98 1.40029e+07
28 4.09353e+06
100 1.54075e+07
Thế hệ thứ: 36
41 4.69213e+06
91 1.1913e+07
30 4.20095e+06
29 4.20073e+06
78 8.26181e+06
23 3.70587e+06
73 7.68998e+06
19 3.32535e+06
66 6.71688e+06
43 4.69617e+06
27 4.07772e+06
86 1.12419e+07
97 1.38903e+07
38 4.2959e+06
100 1.54075e+07
37 4.27085e+06
58 5.82177e+06
28 4.09353e+06
90 1.1876e+07
26 4.06579e+06
84 1.05421e+07
98 1.40029e+07
45 4.74284e+06
22 3.45018e+06
52 4.97817e+06
56 5.39257e+06
75 7.86011e+06
83 8.8337e+06
25 3.74066e+06
77 7.94103e+06
79 8.27076e+06
96 1.36112e+07
39 4.63619e+06
70 7.29354e+06
65 6.45479e+06
59 6.30664e+06
42 4.69219e+06
67 6.82419e+06
95 1.20238e+07
57 5.47527e+06
64 6.32213e+06
Thế hệ thứ: 37
91 1.1913e+07
41 4.69213e+06
30 4.20095e+06
59 6.30664e+06
78 8.26181e+06
23 3.70587e+06
29 4.20073e+06
19 3.32535e+06
73 7.68998e+06
27 4.07772e+06
66 6.71688e+06
43 4.69617e+06
86 1.12419e+07
97 1.38903e+07
100 1.54075e+07
38 4.2959e+06
57 5.47527e+06
58 5.82177e+06
37 4.27085e+06
28 4.09353e+06
90 1.1876e+07
26 4.06579e+06
84 1.05421e+07
64 6.32213e+06
98 1.40029e+07
95 1.20238e+07
45 4.74284e+06
65 6.45479e+06
22 3.45018e+06
67 6.82419e+06
52 4.97817e+06
56 5.39257e+06
75 7.86011e+06
42 4.69219e+06
83 8.8337e+06
25 3.74066e+06
77 7.94103e+06
79 8.27076e+06
39 4.63619e+06
96 1.36112e+07
70 7.29354e+06
Thế hệ thứ: 38
41 4.69213e+06
91 1.1913e+07
52 4.97817e+06
59 6.30664e+06
78 8.26181e+06
23 3.70587e+06
73 7.68998e+06
19 3.32535e+06
66 6.71688e+06
43 4.69617e+06
27 4.07772e+06
86 1.12419e+07
97 1.38903e+07
38 4.2959e+06
100 1.54075e+07
96 1.36112e+07
57 5.47527e+06
37 4.27085e+06
58 5.82177e+06
28 4.09353e+06
75 7.86011e+06
90 1.1876e+07
26 4.06579e+06
84 1.05421e+07
25 3.74066e+06
77 7.94103e+06
64 6.32213e+06
79 8.27076e+06
98 1.40029e+07
95 1.20238e+07
56 5.39257e+06
45 4.74284e+06
65 6.45479e+06
83 8.8337e+06
22 3.45018e+06
42 4.69219e+06
67 6.82419e+06
70 7.29354e+06
39 4.29653e+06
34 4.13421e+06
Thế hệ thứ: 39
91 1.1913e+07
41 4.69213e+06
59 6.30664e+06
52 4.97817e+06
98 1.40029e+07
95 1.20238e+07
78 8.26181e+06
23 3.70587e+06
65 6.45479e+06
19 3.32535e+06
73 7.68998e+06
34 4.13421e+06
27 4.07772e+06
66 6.71688e+06
43 4.69617e+06
86 1.12419e+07
97 1.38903e+07
100 1.54075e+07
38 4.2959e+06
39 4.29653e+06
56 5.39257e+06
96 1.36112e+07
57 5.47527e+06
67 6.82419e+06
58 5.82177e+06
37 4.27085e+06
83 8.8337e+06
75 7.86011e+06
90 1.1876e+07
42 4.69219e+06
26 4.06579e+06
84 1.05421e+07
45 4.74284e+06
25 3.74066e+06
77 7.94103e+06
64 6.32213e+06
79 8.27076e+06
22 3.45018e+06
70 7.22086e+06
29 4.10565e+06
28 4.09303e+06
Thế hệ thứ: 40
23 3.70587e+06
78 8.26181e+06
91 1.1913e+07
22 3.45018e+06
70 7.22086e+06
52 4.97817e+06
59 6.30664e+06
29 4.10565e+06
98 1.40029e+07
95 1.20238e+07
75 7.86011e+06
86 1.12419e+07
97 1.38903e+07
90 1.1876e+07
65 6.45479e+06
73 7.68998e+06
19 3.32535e+06
34 4.13421e+06
66 6.71688e+06
43 4.69617e+06
27 4.07772e+06
45 4.74284e+06
28 4.09303e+06
64 6.32213e+06
38 4.2959e+06
100 1.54075e+07
84 1.05421e+07
26 4.06579e+06
39 4.29653e+06
25 3.74066e+06
77 7.94103e+06
56 5.39257e+06
79 8.27076e+06
96 1.36112e+07
57 5.47527e+06
42 4.69219e+06
67 6.82419e+06
37 4.27085e+06
58 5.82177e+06
83 8.8337e+06
41 4.6795e+06
Thế hệ thứ: 41
23 3.70587e+06
78 8.26181e+06
77 7.94103e+06
25 3.74066e+06
22 3.45018e+06
84 1.05421e+07
91 1.1913e+07
83 8.8337e+06
52 4.97817e+06
37 4.27085e+06
58 5.82177e+06
28 3.85815e+06
56 5.39257e+06
59 6.30664e+06
19 3.32535e+06
73 7.68998e+06
29 4.10565e+06
34 4.13118e+06
98 1.40029e+07
95 1.20238e+07
79 8.27076e+06
75 7.86011e+06
86 1.12419e+07
97 1.38903e+07
90 1.1876e+07
65 6.45479e+06
39 4.29653e+06
67 6.82419e+06
42 4.69219e+06
57 5.47527e+06
43 4.69617e+06
96 1.36112e+07
45 4.74284e+06
64 6.32213e+06
100 1.54075e+07
38 4.2959e+06
41 4.6795e+06
66 6.57385e+06
70 7.04536e+06
Thế hệ thứ: 42
23 3.70587e+06
78 8.26181e+06
38 4.2959e+06
100 1.54075e+07
25 3.74066e+06
77 7.94103e+06
84 1.05421e+07
22 3.45018e+06
39 4.29653e+06
91 1.1913e+07
67 6.82419e+06
42 4.69219e+06
73 7.68998e+06
19 3.32535e+06
57 5.47527e+06
83 8.8337e+06
52 4.97817e+06
41 4.6795e+06
37 4.27085e+06
28 3.85815e+06
56 5.39257e+06
66 6.57385e+06
70 7.04536e+06
43 4.69617e+06
29 4.10565e+06
98 1.40029e+07
34 4.13118e+06
95 1.20238e+07
96 1.36112e+07
79 8.27076e+06
45 4.74284e+06
75 7.86011e+06
86 1.12419e+07
97 1.38903e+07
90 1.1876e+07
65 6.45479e+06
64 6.32213e+06
33 4.12505e+06
60 5.82587e+06
58 5.57469e+06
Thế hệ thứ: 43
60 5.82587e+06
23 3.70587e+06
78 8.26181e+06
25 3.74066e+06
77 7.94103e+06
38 4.2959e+06
100 1.54075e+07
34 4.13118e+06
98 1.40029e+07
58 5.57469e+06
33 4.12505e+06
84 1.05421e+07
22 3.45018e+06
39 4.29653e+06
91 1.1913e+07
64 6.32213e+06
67 6.82419e+06
42 4.69219e+06
19 3.32535e+06
95 1.20238e+07
65 6.45479e+06
96 1.36112e+07
57 5.47527e+06
83 8.8337e+06
52 4.97817e+06
41 4.6795e+06
79 8.27076e+06
37 4.27085e+06
28 3.85815e+06
56 5.39257e+06
90 1.1876e+07
97 1.38903e+07
86 1.12419e+07
66 6.57385e+06
70 7.04536e+06
43 4.69617e+06
75 7.86011e+06
45 4.74284e+06
29 4.10565e+06
73 7.51173e+06
Thế hệ thứ: 44
23 3.70587e+06
78 8.26181e+06
60 5.82587e+06
38 4.2959e+06
100 1.54075e+07
77 7.94103e+06
25 3.74066e+06
28 3.85815e+06
56 5.39257e+06
98 1.40029e+07
34 4.13118e+06
58 5.57469e+06
90 1.1876e+07
33 4.12505e+06
97 1.38903e+07
86 1.12419e+07
84 1.05421e+07
22 3.45018e+06
39 4.29653e+06
91 1.1913e+07
64 6.32213e+06
67 6.82419e+06
73 7.51173e+06
42 4.69219e+06
19 3.32535e+06
29 4.10565e+06
45 4.74284e+06
75 7.86011e+06
95 1.20238e+07
65 6.45479e+06
66 6.57385e+06
96 1.36112e+07
70 7.04536e+06
57 5.47527e+06
83 8.8337e+06
52 4.97817e+06
79 8.27076e+06
43 4.69617e+06
37 4.27085e+06
41 4.67805e+06
55 5.1181e+06
46 4.78002e+06
Thế hệ thứ: 45
60 5.82587e+06
23 3.70587e+06
78 8.26181e+06
25 3.74066e+06
77 7.94103e+06
38 4.2959e+06
100 1.54075e+07
46 4.78002e+06
55 5.1181e+06
28 3.85815e+06
56 5.39257e+06
34 4.13118e+06
98 1.40029e+07
58 5.57469e+06
90 1.1876e+07
33 4.12505e+06
97 1.38903e+07
86 1.12419e+07
70 7.04536e+06
84 1.05421e+07
22 3.45018e+06
39 4.29653e+06
41 4.67805e+06
91 1.1913e+07
64 6.32213e+06
67 6.82419e+06
73 7.51173e+06
37 4.27085e+06
42 4.69219e+06
83 8.8337e+06
19 3.32535e+06
52 4.97817e+06
29 4.10565e+06
45 4.74284e+06
75 7.86011e+06
95 1.20238e+07
65 6.45479e+06
43 4.69617e+06
79 8.27076e+06
66 6.57385e+06
57 5.47527e+06
96 1.36112e+07
Thế hệ thứ: 46
23 3.70587e+06
78 8.26181e+06
60 5.82587e+06
38 4.2959e+06
100 1.54075e+07
77 7.94103e+06
25 3.74066e+06
46 4.78002e+06
55 5.1181e+06
28 3.85815e+06
56 5.39257e+06
95 1.20238e+07
98 1.40029e+07
34 4.13118e+06
79 8.27076e+06
58 5.57469e+06
90 1.1876e+07
33 4.12505e+06
97 1.38903e+07
86 1.12419e+07
70 7.04536e+06
65 6.45479e+06
57 5.47527e+06
66 6.57385e+06
84 1.05421e+07
96 1.36112e+07
22 3.45018e+06
39 4.29653e+06
41 4.67805e+06
91 1.1913e+07
64 6.32213e+06
67 6.82419e+06
73 7.51173e+06
37 4.27085e+06
42 4.69219e+06
83 8.8337e+06
43 4.69617e+06
19 3.32535e+06
52 4.97817e+06
29 4.10565e+06
45 4.74284e+06
75 7.86011e+06
Thế hệ thứ: 47
60 5.82587e+06
23 3.70587e+06
78 8.26181e+06
29 4.10565e+06
67 6.82419e+06
19 3.32535e+06
38 4.2959e+06
100 1.54075e+07
77 7.94103e+06
25 3.74066e+06
52 4.97817e+06
46 4.78002e+06
55 5.1181e+06
73 7.51173e+06
45 4.74284e+06
28 3.85815e+06
56 5.39257e+06
95 1.20238e+07
34 4.13118e+06
98 1.40029e+07
75 7.86011e+06
70 7.04536e+06
79 8.27076e+06
58 5.57469e+06
90 1.1876e+07
33 4.12505e+06
97 1.38903e+07
86 1.12419e+07
84 1.05421e+07
65 6.45479e+06
43 4.69617e+06
57 5.47527e+06
66 6.57385e+06
83 8.8337e+06
96 1.36112e+07
42 4.69219e+06
22 3.45018e+06
39 4.29653e+06
41 4.67805e+06
91 1.1913e+07
64 6.32213e+06
37 4.25677e+06
80 8.63754e+06
Thế hệ thứ: 48
78 8.26181e+06
23 3.70587e+06
60 5.82587e+06
73 7.51173e+06
65 6.45479e+06
56 5.39257e+06
28 3.85815e+06
43 4.69617e+06
42 4.69219e+06
29 4.10565e+06
22 3.45018e+06
67 6.82419e+06
96 1.36112e+07
39 4.29653e+06
19 3.32535e+06
41 4.67805e+06
100 1.54075e+07
38 4.2959e+06
64 6.32213e+06
77 7.94103e+06
25 3.74066e+06
58 5.57469e+06
37 4.25677e+06
52 4.97817e+06
46 4.78002e+06
55 5.1181e+06
83 8.8337e+06
80 8.63754e+06
45 4.74284e+06
91 1.1913e+07
95 1.20238e+07
98 1.40029e+07
34 4.13118e+06
75 7.86011e+06
70 7.04536e+06
79 8.27076e+06
57 5.47527e+06
90 1.1876e+07
66 6.57385e+06
33 4.12505e+06
97 1.38903e+07
86 1.12419e+07
84 1.05421e+07
Thế hệ thứ: 49
73 7.51173e+06
60 5.82587e+06
78 8.26181e+06
23 3.70587e+06
91 1.1913e+07
86 1.12419e+07
97 1.38903e+07
95 1.20238e+07
65 6.45479e+06
56 5.39257e+06
28 3.85815e+06
43 4.69617e+06
42 4.69219e+06
29 4.10565e+06
34 4.13118e+06
98 1.40029e+07
22 3.45018e+06
67 6.82419e+06
96 1.36112e+07
39 4.29653e+06
19 3.32535e+06
84 1.05421e+07
70 7.04536e+06
41 4.67805e+06
38 4.2959e+06
100 1.54075e+07
79 8.27076e+06
57 5.47527e+06
64 6.32213e+06
90 1.1876e+07
66 6.57385e+06
77 7.94103e+06
25 3.74066e+06
37 4.25677e+06
58 5.57469e+06
52 4.97817e+06
46 4.78002e+06
75 7.86011e+06
55 5.1181e+06
83 8.8337e+06
80 8.63754e+06
33 4.12505e+06
45 4.74284e+06
26 3.82203e+06
