Thế hệ thứ: 0
68 1.67486e+07
86 1.98814e+07
87 2.01873e+07
83 1.88561e+07
80 1.85768e+07
163 3.93322e+07
84 1.95757e+07
89 2.03188e+07
136 2.85025e+07
75 1.73607e+07
94 2.15746e+07
149 3.55712e+07
146 3.40543e+07
151 3.65171e+07
141 3.07687e+07
104 2.24083e+07
172 4.18375e+07
158 3.74612e+07
128 2.71152e+07
148 3.4408e+07
Thế hệ thứ: 1
89 2.03188e+07
83 1.88561e+07
84 1.95757e+07
80 1.85768e+07
68 1.67486e+07
104 2.24083e+07
172 4.18375e+07
75 1.73607e+07
94 2.15746e+07
86 1.98814e+07
87 2.01873e+07
118 2.57654e+07
164 3.7667e+07
128 2.69163e+07
156 3.35442e+07
145 2.8357e+07
168 3.94237e+07
158 3.74548e+07
111 2.44639e+07
153 3.2795e+07
135 2.80239e+07
148 2.98817e+07
Thế hệ thứ: 2
135 2.80239e+07
173 4.10494e+07
80 1.85768e+07
84 1.95757e+07
128 2.69163e+07
104 2.24083e+07
68 1.67486e+07
89 2.03188e+07
94 2.15746e+07
75 1.73607e+07
83 1.88561e+07
111 2.44639e+07
118 2.57654e+07
86 1.98814e+07
87 2.01873e+07
148 2.98817e+07
168 3.94237e+07
145 2.8357e+07
156 3.35442e+07
155 3.27608e+07
149 3.17262e+07
151 3.23013e+07
167 3.86018e+07
170 4.0322e+07
166 3.40272e+07
146 2.91694e+07
Thế hệ thứ: 3
128 2.69163e+07
135 2.80239e+07
111 2.44639e+07
118 2.57654e+07
86 1.98814e+07
80 1.85768e+07
87 2.01873e+07
146 2.91694e+07
84 1.95757e+07
158 3.17424e+07
83 1.88561e+07
104 2.24083e+07
68 1.67486e+07
148 2.98817e+07
89 2.03188e+07
75 1.73607e+07
94 2.15746e+07
145 2.8357e+07
182 3.70996e+07
153 3.16136e+07
167 3.19046e+07
170 3.59757e+07
172 3.65504e+07
Thế hệ thứ: 4
111 2.44639e+07
118 2.57654e+07
104 2.24083e+07
68 1.67486e+07
94 2.15746e+07
75 1.73607e+07
128 2.69163e+07
135 2.80239e+07
146 2.91694e+07
86 1.98814e+07
182 3.70996e+07
148 2.98817e+07
80 1.85768e+07
153 3.16136e+07
87 2.01873e+07
89 2.03188e+07
167 3.19046e+07
84 1.95757e+07
158 3.17424e+07
83 1.88561e+07
145 2.8357e+07
174 3.37115e+07
Thế hệ thứ: 5
104 2.24083e+07
68 1.67486e+07
111 2.44639e+07
118 2.57654e+07
86 1.98814e+07
182 3.70996e+07
94 2.15746e+07
75 1.73607e+07
87 2.01873e+07
128 2.69163e+07
148 2.98817e+07
80 1.85768e+07
174 3.37115e+07
146 2.91694e+07
153 3.16136e+07
89 2.03188e+07
167 3.19046e+07
84 1.95757e+07
158 3.17424e+07
83 1.88561e+07
145 2.8357e+07
131 2.70404e+07
135 2.71559e+07
Thế hệ thứ: 6
111 2.44639e+07
104 2.24083e+07
68 1.67486e+07
158 3.17424e+07
174 3.37115e+07
86 1.98814e+07
182 3.70996e+07
146 2.91694e+07
75 1.73607e+07
94 2.15746e+07
135 2.71559e+07
87 2.01873e+07
128 2.69163e+07
131 2.70404e+07
153 3.16136e+07
89 2.03188e+07
148 2.98817e+07
80 1.85768e+07
167 3.19046e+07
145 2.8357e+07
83 1.88561e+07
121 2.46483e+07
84 1.95757e+07
151 3.08709e+07
Thế hệ thứ: 7
104 2.24083e+07
68 1.67486e+07
111 2.44639e+07
84 1.95757e+07
121 2.46483e+07
83 1.88561e+07
158 3.17424e+07
174 3.37115e+07
80 1.85768e+07
86 1.98814e+07
146 2.91694e+07
167 3.19046e+07
94 2.15746e+07
152 2.98568e+07
75 1.73607e+07
135 2.71559e+07
87 2.01873e+07
145 2.8357e+07
128 2.69163e+07
131 2.70404e+07
89 2.03188e+07
169 3.24934e+07
155 3.13317e+07
183 3.62091e+07
Thế hệ thứ: 8
111 2.44639e+07
104 2.24083e+07
68 1.67486e+07
146 2.91694e+07
155 3.13317e+07
84 1.95757e+07
121 2.46483e+07
167 3.19046e+07
152 2.98568e+07
75 1.73607e+07
94 2.15746e+07
83 1.88561e+07
158 3.17424e+07
169 3.24934e+07
135 2.71559e+07
87 2.01873e+07
145 2.8357e+07
128 2.69163e+07
174 3.37115e+07
80 1.85768e+07
131 2.70404e+07
86 1.98814e+07
89 2.03188e+07
183 3.62091e+07
178 3.61683e+07
138 2.79318e+07
153 3.11489e+07
177 3.56379e+07
Thế hệ thứ: 9
94 2.15746e+07
152 2.98568e+07
75 1.73607e+07
104 2.24083e+07
68 1.67486e+07
111 2.44639e+07
174 3.37115e+07
155 3.13317e+07
146 2.91694e+07
80 1.85768e+07
131 2.70404e+07
121 2.46483e+07
84 1.95757e+07
167 3.19046e+07
87 2.01873e+07
86 1.98814e+07
89 2.03188e+07
83 1.88561e+07
158 3.17424e+07
177 3.56379e+07
169 3.24934e+07
153 3.11489e+07
145 2.8357e+07
138 2.79318e+07
128 2.69163e+07
183 3.62091e+07
137 2.70685e+07
179 3.61441e+07
Thế hệ thứ: 10
94 2.15746e+07
75 1.73607e+07
152 2.98568e+07
104 2.24083e+07
68 1.67486e+07
158 3.17424e+07
137 2.70685e+07
169 3.24934e+07
174 3.37115e+07
153 3.11489e+07
155 3.13317e+07
179 3.61441e+07
146 2.91694e+07
80 1.85768e+07
131 2.70404e+07
138 2.79318e+07
145 2.8357e+07
84 1.95757e+07
121 2.46483e+07
167 3.19046e+07
87 2.01873e+07
86 1.98814e+07
89 2.03188e+07
128 2.69163e+07
83 1.88561e+07
183 3.62091e+07
177 3.53242e+07
117 2.41099e+07
Thế hệ thứ: 11
169 3.24934e+07
94 2.15746e+07
152 2.98568e+07
75 1.73607e+07
138 2.79318e+07
145 2.8357e+07
104 2.24083e+07
68 1.67486e+07
121 2.46483e+07
84 1.95757e+07
137 2.70685e+07
158 3.17424e+07
167 3.19046e+07
87 2.01873e+07
86 1.98814e+07
174 3.37115e+07
89 2.03188e+07
153 3.11489e+07
128 2.69163e+07
155 3.13317e+07
179 3.61441e+07
83 1.88561e+07
183 3.62091e+07
117 2.41099e+07
177 3.53242e+07
146 2.91694e+07
80 1.85768e+07
131 2.70404e+07
184 4.06184e+07
188 4.11918e+07
Thế hệ thứ: 12
169 3.24934e+07
94 2.15746e+07
75 1.73607e+07
152 2.98568e+07
146 2.91694e+07
80 1.85768e+07
138 2.79318e+07
145 2.8357e+07
104 2.24083e+07
68 1.67486e+07
183 3.62091e+07
131 2.70404e+07
84 1.95757e+07
121 2.46483e+07
158 3.17424e+07
137 2.70685e+07
188 4.11918e+07
167 3.19046e+07
117 2.41099e+07
87 2.01873e+07
86 1.98814e+07
177 3.53242e+07
174 3.37115e+07
89 2.03188e+07
153 3.11489e+07
128 2.69163e+07
155 3.13317e+07
179 3.61441e+07
83 1.88561e+07
186 3.97313e+07
157 3.14272e+07
Thế hệ thứ: 13
169 3.24934e+07
117 2.41099e+07
186 3.97313e+07
94 2.15746e+07
152 2.98568e+07
75 1.73607e+07
87 2.01873e+07
86 1.98814e+07
177 3.53242e+07
80 1.85768e+07
145 2.8357e+07
138 2.79318e+07
68 1.67486e+07
104 2.24083e+07
174 3.37115e+07
89 2.03188e+07
183 3.62091e+07
153 3.11489e+07
83 1.88561e+07
121 2.46483e+07
84 1.95757e+07
137 2.70685e+07
158 3.17424e+07
188 4.11918e+07
128 2.69163e+07
155 3.13317e+07
179 3.61441e+07
148 2.83608e+07
167 3.19046e+07
157 3.14272e+07
134 2.70212e+07
Thế hệ thứ: 14
169 3.24934e+07
186 3.97313e+07
148 2.83608e+07
167 3.19046e+07
117 2.41099e+07
94 2.15746e+07
75 1.73607e+07
152 2.98568e+07
87 2.01873e+07
86 1.98814e+07
157 3.14272e+07
84 1.95757e+07
121 2.46483e+07
177 3.53242e+07
158 3.17424e+07
137 2.70685e+07
80 1.85768e+07
138 2.79318e+07
145 2.8357e+07
104 2.24083e+07
68 1.67486e+07
174 3.37115e+07
89 2.03188e+07
155 3.13317e+07
134 2.70212e+07
183 3.62091e+07
188 4.11918e+07
153 3.11489e+07
179 3.61441e+07
83 1.88561e+07
189 4.30084e+07
129 2.65328e+07
Thế hệ thứ: 15
80 1.85768e+07
169 3.24934e+07
148 2.83608e+07
167 3.19046e+07
89 2.03188e+07
186 3.97313e+07
117 2.41099e+07
155 3.13317e+07
94 2.15746e+07
75 1.73607e+07
152 2.98568e+07
87 2.01873e+07
185 3.97041e+07
86 1.98814e+07
153 3.11489e+07
157 3.14272e+07
183 3.62091e+07
179 3.61441e+07
121 2.46483e+07
84 1.95757e+07
188 4.11918e+07
177 3.53242e+07
158 3.17424e+07
189 4.30084e+07
145 2.8357e+07
184 3.73807e+07
83 1.88561e+07
129 2.65328e+07
68 1.67486e+07
104 2.24083e+07
174 3.37115e+07
137 2.68838e+07
126 2.63624e+07
141 2.78816e+07
Thế hệ thứ: 16
80 1.85768e+07
177 3.53242e+07
169 3.24934e+07
186 3.97313e+07
89 2.03188e+07
148 2.83608e+07
167 3.19046e+07
104 2.24083e+07
68 1.67486e+07
117 2.41099e+07
158 3.17424e+07
75 1.73607e+07
152 2.98568e+07
185 3.90009e+07
94 2.15746e+07
157 3.14272e+07
189 4.30084e+07
87 2.01873e+07
145 2.8357e+07
184 3.73807e+07
86 1.98814e+07
137 2.68838e+07
83 1.88561e+07
183 3.62091e+07
179 3.61441e+07
126 2.63624e+07
129 2.65328e+07
141 2.78816e+07
84 1.95757e+07
121 2.46483e+07
188 4.11918e+07
156 3.06365e+07
190 4.35583e+07
174 3.26524e+07
Thế hệ thứ: 17
84 1.95757e+07
121 2.46483e+07
141 2.78816e+07
80 1.85768e+07
89 2.03188e+07
186 3.97313e+07
184 3.73807e+07
145 2.8357e+07
169 3.24934e+07
167 3.19046e+07
148 2.83608e+07
174 3.26524e+07
68 1.67486e+07
104 2.24083e+07
190 4.35583e+07
129 2.65328e+07
117 2.41099e+07
86 1.98814e+07
156 3.06365e+07
188 4.11918e+07
137 2.68838e+07
83 1.88561e+07
185 3.90009e+07
94 2.15746e+07
75 1.73607e+07
152 2.98568e+07
126 2.63624e+07
189 4.30084e+07
87 2.01873e+07
183 3.62091e+07
161 3.10185e+07
179 3.45598e+07
Thế hệ thứ: 18
169 3.24934e+07
80 1.85768e+07
84 1.95757e+07
121 2.46483e+07
141 2.78816e+07
68 1.67486e+07
104 2.24083e+07
89 2.03188e+07
186 3.97313e+07
190 4.35583e+07
184 3.73807e+07
145 2.8357e+07
117 2.41099e+07
129 2.65328e+07
86 1.98814e+07
189 4.30084e+07
148 2.83608e+07
167 3.19046e+07
174 3.26524e+07
156 3.06365e+07
188 4.11918e+07
137 2.68838e+07
87 2.01873e+07
83 1.88561e+07
75 1.73607e+07
152 2.98568e+07
185 3.90009e+07
94 2.15746e+07
179 3.45598e+07
183 3.62091e+07
126 2.63624e+07
161 3.10185e+07
Thế hệ thứ: 19
169 3.24934e+07
121 2.46483e+07
84 1.95757e+07
141 2.78816e+07
80 1.85768e+07
179 3.45598e+07
183 3.62091e+07
68 1.67486e+07
104 2.24083e+07
89 2.03188e+07
87 2.01873e+07
186 3.97313e+07
190 4.35583e+07
148 2.83608e+07
167 3.19046e+07
184 3.73807e+07
145 2.8357e+07
126 2.63624e+07
117 2.41099e+07
129 2.65328e+07
86 1.98814e+07
83 1.88561e+07
185 3.90009e+07
94 2.15746e+07
75 1.73607e+07
152 2.98568e+07
189 4.30084e+07
174 3.26524e+07
156 3.06365e+07
188 4.11918e+07
137 2.68838e+07
161 3.10185e+07
Thế hệ thứ: 20
169 3.24934e+07
188 4.11918e+07
83 1.88561e+07
80 1.85768e+07
121 2.46483e+07
84 1.95757e+07
141 2.78816e+07
137 2.68838e+07
75 1.73607e+07
152 2.98568e+07
185 3.90009e+07
94 2.15746e+07
183 3.62091e+07
179 3.45598e+07
104 2.24083e+07
68 1.67486e+07
89 2.03188e+07
87 2.01873e+07
186 3.97313e+07
190 4.35583e+07
161 3.10185e+07
148 2.83608e+07
167 3.19046e+07
189 4.30084e+07
184 3.73807e+07
145 2.8357e+07
174 3.26524e+07
156 3.06365e+07
117 2.41099e+07
86 1.98814e+07
153 3.04858e+07
187 4.09227e+07
130 2.62636e+07
Thế hệ thứ: 21
169 3.24934e+07
188 4.11918e+07
187 4.09227e+07
117 2.41099e+07
141 2.78816e+07
84 1.95757e+07
121 2.46483e+07
80 1.85768e+07
83 1.88561e+07
174 3.26524e+07
137 2.68838e+07
185 3.90009e+07
94 2.15746e+07
75 1.73607e+07
152 2.98568e+07
179 3.45598e+07
183 3.62091e+07
68 1.67486e+07
104 2.24083e+07
89 2.03188e+07
130 2.62636e+07
87 2.01873e+07
186 3.97313e+07
190 4.35583e+07
161 3.10185e+07
167 3.19046e+07
148 2.83608e+07
86 1.98814e+07
189 4.30084e+07
184 3.73807e+07
145 2.8357e+07
160 3.04628e+07
Thế hệ thứ: 22
169 3.24934e+07
87 2.01873e+07
188 4.11918e+07
187 4.09227e+07
145 2.8357e+07
84 1.95757e+07
141 2.78816e+07
121 2.46483e+07
190 4.35583e+07
117 2.41099e+07
161 3.10185e+07
189 4.30084e+07
148 2.83608e+07
167 3.19046e+07
80 1.85768e+07
86 1.98814e+07
160 3.04628e+07
83 1.88561e+07
174 3.26524e+07
137 2.68838e+07
75 1.73607e+07
152 2.98568e+07
94 2.15746e+07
183 3.62091e+07
179 3.45598e+07
186 3.73311e+07
104 2.24083e+07
68 1.67486e+07
89 2.03188e+07
130 2.62636e+07
Thế hệ thứ: 23
169 3.24934e+07
183 3.62091e+07
179 3.45598e+07
160 3.04628e+07
80 1.85768e+07
86 1.98814e+07
188 4.11918e+07
87 2.01873e+07
83 1.88561e+07
68 1.67486e+07
104 2.24083e+07
186 3.73311e+07
174 3.26524e+07
89 2.03188e+07
145 2.8357e+07
137 2.68838e+07
121 2.46483e+07
141 2.78816e+07
84 1.95757e+07
94 2.15746e+07
75 1.73607e+07
152 2.98568e+07
190 4.35583e+07
117 2.41099e+07
130 2.62636e+07
161 3.10185e+07
189 4.30084e+07
167 3.19046e+07
148 2.83608e+07
187 3.98955e+07
126 2.61284e+07
Thế hệ thứ: 24
169 3.24934e+07
145 2.8357e+07
89 2.03188e+07
179 3.45598e+07
183 3.62091e+07
174 3.26524e+07
83 1.88561e+07
160 3.04628e+07
80 1.85768e+07
86 1.98814e+07
188 4.11918e+07
186 3.73311e+07
104 2.24083e+07
68 1.67486e+07
87 2.01873e+07
137 2.68838e+07
84 1.95757e+07
141 2.78816e+07
121 2.46483e+07
94 2.15746e+07
75 1.73607e+07
152 2.98568e+07
190 4.35583e+07
117 2.41099e+07
130 2.62636e+07
126 2.61284e+07
161 3.10185e+07
189 4.30084e+07
148 2.83608e+07
167 3.19046e+07
187 3.98955e+07
142 2.80402e+07
Thế hệ thứ: 25
169 3.24934e+07
89 2.03188e+07
145 2.8357e+07
94 2.15746e+07
152 2.98568e+07
75 1.73607e+07
179 3.45598e+07
183 3.62091e+07
190 4.35583e+07
174 3.26524e+07
161 3.10185e+07
83 1.88561e+07
189 4.30084e+07
167 3.19046e+07
148 2.83608e+07
160 3.04628e+07
117 2.41099e+07
80 1.85768e+07
130 2.62636e+07
86 1.98814e+07
68 1.67486e+07
104 2.24083e+07
186 3.73311e+07
87 2.01873e+07
126 2.61284e+07
137 2.68838e+07
121 2.46483e+07
141 2.78816e+07
84 1.95757e+07
142 2.80402e+07
188 3.86685e+07
177 3.45385e+07
Thế hệ thứ: 26
189 4.30084e+07
179 3.45598e+07
183 3.62091e+07
169 3.24934e+07
145 2.8357e+07
89 2.03188e+07
80 1.85768e+07
84 1.95757e+07
141 2.78816e+07
121 2.46483e+07
94 2.15746e+07
152 2.98568e+07
75 1.73607e+07
174 3.26524e+07
130 2.62636e+07
190 4.35583e+07
160 3.04628e+07
142 2.80402e+07
117 2.41099e+07
161 3.10185e+07
148 2.83608e+07
167 3.19046e+07
83 1.88561e+07
86 1.98814e+07
159 2.99638e+07
186 3.73311e+07
104 2.24083e+07
68 1.67486e+07
87 2.01873e+07
137 2.68838e+07
177 3.45385e+07
188 3.83816e+07
127 2.56796e+07
Thế hệ thứ: 27
179 3.45598e+07
189 4.30084e+07
89 2.03188e+07
145 2.8357e+07
159 2.99638e+07
68 1.67486e+07
104 2.24083e+07
186 3.73311e+07
94 2.15746e+07
152 2.98568e+07
75 1.73607e+07
80 1.85768e+07
121 2.46483e+07
141 2.78816e+07
84 1.95757e+07
174 3.26524e+07
130 2.62636e+07
190 4.35583e+07
137 2.68838e+07
160 3.04628e+07
142 2.80402e+07
177 3.45385e+07
117 2.41099e+07
127 2.56796e+07
161 3.10185e+07
148 2.83608e+07
83 1.88561e+07
188 3.83816e+07
87 2.01873e+07
86 1.98814e+07
183 3.57393e+07
170 3.17349e+07
Thế hệ thứ: 28
189 4.30084e+07
142 2.80402e+07
179 3.45598e+07
160 3.04628e+07
177 3.45385e+07
188 3.83816e+07
145 2.8357e+07
89 2.03188e+07
87 2.01873e+07
186 3.73311e+07
104 2.24083e+07
68 1.67486e+07
159 2.99638e+07
152 2.98568e+07
75 1.73607e+07
94 2.15746e+07
117 2.41099e+07
127 2.56796e+07
80 1.85768e+07
84 1.95757e+07
141 2.78816e+07
121 2.46483e+07
170 3.17349e+07
174 3.26524e+07
130 2.62636e+07
161 3.10185e+07
183 3.57393e+07
190 4.35583e+07
148 2.83608e+07
86 1.98814e+07
137 2.68838e+07
83 1.88561e+07
Thế hệ thứ: 29
177 3.45385e+07
127 2.56796e+07
170 3.17349e+07
179 3.45598e+07
142 2.80402e+07
189 4.30084e+07
148 2.83608e+07
160 3.04628e+07
188 3.83816e+07
145 2.8357e+07
174 3.26524e+07
89 2.03188e+07
130 2.62636e+07
87 2.01873e+07
161 3.10185e+07
159 2.99638e+07
68 1.67486e+07
104 2.24083e+07
186 3.73311e+07
94 2.15746e+07
152 2.98568e+07
75 1.73607e+07
86 1.98814e+07
117 2.41099e+07
183 3.57393e+07
190 4.35583e+07
83 1.88561e+07
80 1.85768e+07
121 2.46483e+07
141 2.78816e+07
84 1.95757e+07
137 2.68838e+07
149 2.89783e+07
Thế hệ thứ: 30
137 2.68838e+07
127 2.56796e+07
177 3.45385e+07
142 2.80402e+07
179 3.45598e+07
170 3.17349e+07
117 2.41099e+07
83 1.88561e+07
149 2.89783e+07
145 2.8357e+07
148 2.83608e+07
160 3.04628e+07
188 3.83816e+07
80 1.85768e+07
174 3.26524e+07
89 2.03188e+07
130 2.62636e+07
141 2.78816e+07
121 2.46483e+07
84 1.95757e+07
87 2.01873e+07
161 3.10185e+07
186 3.73311e+07
104 2.24083e+07
68 1.67486e+07
159 2.99638e+07
183 3.57393e+07
152 2.98568e+07
75 1.73607e+07
94 2.15746e+07
86 1.98814e+07
190 3.96154e+07
164 3.15321e+07
102 2.23528e+07
Thế hệ thứ: 31
117 2.41099e+07
177 3.45385e+07
127 2.56796e+07
137 2.68838e+07
142 2.80402e+07
84 1.95757e+07
141 2.78816e+07
121 2.46483e+07
179 3.45598e+07
75 1.73607e+07
94 2.15746e+07
190 3.96154e+07
170 3.17349e+07
87 2.01873e+07
161 3.10185e+07
159 2.99638e+07
68 1.67486e+07
104 2.24083e+07
83 1.88561e+07
145 2.8357e+07
149 2.89783e+07
102 2.23528e+07
164 3.15321e+07
148 2.83608e+07
160 3.04628e+07
80 1.85768e+07
174 3.26524e+07
86 1.98814e+07
89 2.03188e+07
130 2.62636e+07
183 3.57393e+07
129 2.5759e+07
152 2.91487e+07
188 3.62655e+07
Thế hệ thứ: 32
117 2.41099e+07
137 2.68838e+07
129 2.5759e+07
86 1.98814e+07
127 2.56796e+07
174 3.26524e+07
177 3.45385e+07
121 2.46483e+07
84 1.95757e+07
83 1.88561e+07
89 2.03188e+07
149 2.89783e+07
145 2.8357e+07
130 2.62636e+07
183 3.57393e+07
179 3.45598e+07
75 1.73607e+07
94 2.15746e+07
152 2.91487e+07
170 3.17349e+07
190 3.96154e+07
102 2.23528e+07
87 2.01873e+07
164 3.15321e+07
139 2.74394e+07
148 2.83608e+07
160 3.04628e+07
161 3.10185e+07
104 2.24083e+07
68 1.67486e+07
159 2.99638e+07
188 3.62655e+07
80 1.85768e+07
180 3.56527e+07
194 4.0465e+07
144 2.77868e+07
Thế hệ thứ: 33
188 3.62655e+07
117 2.41099e+07
180 3.56527e+07
174 3.26524e+07
127 2.56796e+07
129 2.5759e+07
86 1.98814e+07
137 2.68838e+07
144 2.77868e+07
87 2.01873e+07
164 3.15321e+07
177 3.45385e+07
148 2.83608e+07
139 2.74394e+07
84 1.95757e+07
121 2.46483e+07
80 1.85768e+07
160 3.04628e+07
83 1.88561e+07
89 2.03188e+07
161 3.10185e+07
145 2.8357e+07
149 2.89783e+07
130 2.62636e+07
183 3.57393e+07
194 4.0465e+07
159 2.99638e+07
68 1.67486e+07
104 2.24083e+07
179 3.45598e+07
75 1.73607e+07
94 2.15746e+07
152 2.91487e+07
190 3.96154e+07
170 3.17349e+07
102 2.23528e+07
195 4.11391e+07
Thế hệ thứ: 34
117 2.41099e+07
188 3.62655e+07
86 1.98814e+07
129 2.5759e+07
127 2.56796e+07
180 3.56527e+07
174 3.26524e+07
194 4.0465e+07
170 3.17349e+07
104 2.24083e+07
68 1.67486e+07
159 2.99638e+07
137 2.68838e+07
87 2.01873e+07
144 2.77868e+07
164 3.15321e+07
177 3.45385e+07
139 2.74394e+07
148 2.83608e+07
190 3.9592e+07
75 1.73607e+07
94 2.15746e+07
152 2.91487e+07
179 3.45598e+07
121 2.46483e+07
84 1.95757e+07
80 1.85768e+07
195 4.11391e+07
102 2.23528e+07
160 3.04628e+07
83 1.88561e+07
89 2.03188e+07
161 3.10185e+07
149 2.89783e+07
145 2.8357e+07
130 2.62636e+07
183 3.57393e+07
176 3.44866e+07
Thế hệ thứ: 35
188 3.62655e+07
117 2.41099e+07
174 3.26524e+07
180 3.56527e+07
127 2.56796e+07
86 1.98814e+07
129 2.5759e+07
80 1.85768e+07
89 2.03188e+07
149 2.89783e+07
145 2.8357e+07
148 2.83608e+07
139 2.74394e+07
170 3.17349e+07
159 2.99638e+07
68 1.67486e+07
104 2.24083e+07
161 3.10185e+07
137 2.68838e+07
144 2.77868e+07
87 2.01873e+07
164 3.15321e+07
177 3.45385e+07
160 3.04628e+07
75 1.73607e+07
94 2.15746e+07
83 1.88561e+07
152 2.91487e+07
130 2.62636e+07
183 3.57393e+07
176 3.44866e+07
179 3.45598e+07
102 2.23528e+07
84 1.95757e+07
121 2.46483e+07
134 2.68508e+07
196 3.74282e+07
112 2.39006e+07
Thế hệ thứ: 36
117 2.41099e+07
188 3.62655e+07
160 3.04628e+07
127 2.56796e+07
174 3.26524e+07
75 1.73607e+07
94 2.15746e+07
130 2.62636e+07
129 2.5759e+07
86 1.98814e+07
112 2.39006e+07
80 1.85768e+07
89 2.03188e+07
183 3.57393e+07
176 3.44866e+07
83 1.88561e+07
145 2.8357e+07
149 2.89783e+07
148 2.83608e+07
134 2.68508e+07
196 3.74282e+07
152 2.91487e+07
170 3.17349e+07
104 2.24083e+07
68 1.67486e+07
159 2.99638e+07
137 2.68838e+07
84 1.95757e+07
121 2.46483e+07
87 2.01873e+07
144 2.77868e+07
164 3.15321e+07
102 2.23528e+07
179 3.45598e+07
177 3.45385e+07
143 2.71074e+07
162 3.0571e+07
180 3.50861e+07
Thế hệ thứ: 37
164 3.15321e+07
188 3.62655e+07
117 2.41099e+07
84 1.95757e+07
121 2.46483e+07
160 3.04628e+07
174 3.26524e+07
127 2.56796e+07
112 2.39006e+07
75 1.73607e+07
94 2.15746e+07
144 2.77868e+07
87 2.01873e+07
130 2.62636e+07
86 1.98814e+07
129 2.5759e+07
102 2.23528e+07
80 1.85768e+07
179 3.45598e+07
89 2.03188e+07
183 3.57393e+07
176 3.44866e+07
148 2.83608e+07
83 1.88561e+07
180 3.50861e+07
149 2.89783e+07
145 2.8357e+07
143 2.71074e+07
162 3.0571e+07
159 2.99638e+07
68 1.67486e+07
104 2.24083e+07
196 3.74282e+07
134 2.68508e+07
152 2.91487e+07
170 3.17349e+07
177 3.45385e+07
137 2.68838e+07
Thế hệ thứ: 38
117 2.41099e+07
188 3.62655e+07
164 3.15321e+07
149 2.89783e+07
145 2.8357e+07
143 2.71074e+07
160 3.04628e+07
84 1.95757e+07
162 3.0571e+07
174 3.26524e+07
127 2.56796e+07
104 2.24083e+07
68 1.67486e+07
159 2.99638e+07
112 2.39006e+07
75 1.73607e+07
94 2.15746e+07
87 2.01873e+07
144 2.77868e+07
130 2.62636e+07
129 2.5759e+07
86 1.98814e+07
170 3.17349e+07
102 2.23528e+07
80 1.85768e+07
134 2.68508e+07
196 3.74282e+07
179 3.45598e+07
89 2.03188e+07
183 3.57393e+07
176 3.44866e+07
152 2.91487e+07
177 3.45385e+07
148 2.83608e+07
83 1.88561e+07
180 3.50861e+07
137 2.68838e+07
125 2.44431e+07
Thế hệ thứ: 39
196 3.74282e+07
134 2.68508e+07
164 3.15321e+07
188 3.62655e+07
117 2.41099e+07
163 3.10407e+07
148 2.83608e+07
102 2.23528e+07
80 1.85768e+07
177 3.45385e+07
145 2.8357e+07
149 2.89783e+07
143 2.71074e+07
160 3.04628e+07
84 1.95757e+07
83 1.88561e+07
162 3.0571e+07
180 3.50861e+07
174 3.26524e+07
127 2.56796e+07
159 2.99638e+07
68 1.67486e+07
104 2.24083e+07
179 3.45598e+07
137 2.68838e+07
170 3.17349e+07
125 2.44431e+07
112 2.39006e+07
75 1.73607e+07
94 2.15746e+07
89 2.03188e+07
183 3.57393e+07
144 2.77868e+07
87 2.01873e+07
176 3.44866e+07
130 2.62636e+07
86 1.98814e+07
129 2.5759e+07
152 2.91487e+07
175 3.39672e+07
184 3.62457e+07
Thế hệ thứ: 40
117 2.41099e+07
163 3.10407e+07
188 3.62655e+07
164 3.15321e+07
196 3.74282e+07
134 2.68508e+07
89 2.03188e+07
183 3.57393e+07
87 2.01873e+07
144 2.77868e+07
148 2.83608e+07
102 2.23528e+07
130 2.62636e+07
80 1.85768e+07
177 3.45385e+07
176 3.44866e+07
149 2.89783e+07
145 2.8357e+07
143 2.71074e+07
160 3.04628e+07
152 2.91487e+07
84 1.95757e+07
83 1.88561e+07
162 3.0571e+07
86 1.98814e+07
129 2.5759e+07
180 3.50861e+07
175 3.39672e+07
174 3.26524e+07
127 2.56796e+07
184 3.62457e+07
104 2.24083e+07
68 1.67486e+07
159 2.99638e+07
179 3.45598e+07
137 2.68838e+07
125 2.44431e+07
170 3.17349e+07
112 2.39006e+07
94 2.15746e+07
75 1.73607e+07
Thế hệ thứ: 41
196 3.74282e+07
134 2.68508e+07
164 3.15321e+07
188 3.62655e+07
163 3.10407e+07
117 2.41099e+07
68 1.67486e+07
104 2.24083e+07
159 2.99638e+07
182 3.57319e+07
89 2.03188e+07
174 3.26524e+07
127 2.56796e+07
183 3.57393e+07
144 2.77868e+07
87 2.01873e+07
148 2.83608e+07
102 2.23528e+07
130 2.62636e+07
94 2.15746e+07
75 1.73607e+07
80 1.85768e+07
112 2.39006e+07
177 3.45385e+07
176 3.44866e+07
179 3.45598e+07
145 2.8357e+07
149 2.89783e+07
125 2.44431e+07
170 3.17349e+07
143 2.71074e+07
160 3.04628e+07
152 2.91487e+07
137 2.68838e+07
84 1.95757e+07
83 1.88561e+07
162 3.0571e+07
129 2.5759e+07
86 1.98814e+07
180 3.50861e+07
175 3.39672e+07
184 3.58642e+07
Thế hệ thứ: 42
182 3.57319e+07
89 2.03188e+07
117 2.41099e+07
163 3.10407e+07
188 3.62655e+07
176 3.41919e+07
164 3.15321e+07
196 3.74282e+07
134 2.68508e+07
175 3.39672e+07
143 2.71074e+07
159 2.99638e+07
104 2.24083e+07
68 1.67486e+07
148 2.83608e+07
160 3.04628e+07
152 2.91487e+07
174 3.26524e+07
127 2.56796e+07
183 3.57393e+07
129 2.5759e+07
86 1.98814e+07
87 2.01873e+07
144 2.77868e+07
137 2.68838e+07
180 3.50861e+07
102 2.23528e+07
130 2.62636e+07
75 1.73607e+07
94 2.15746e+07
84 1.95757e+07
80 1.85768e+07
112 2.39006e+07
177 3.45385e+07
184 3.58642e+07
179 3.45598e+07
83 1.88561e+07
149 2.89783e+07
145 2.8357e+07
162 3.0571e+07
125 2.44431e+07
170 3.17349e+07
Thế hệ thứ: 43
89 2.03188e+07
182 3.57319e+07
176 3.41919e+07
188 3.62655e+07
163 3.10407e+07
117 2.41099e+07
84 1.95757e+07
134 2.68508e+07
196 3.74282e+07
145 2.8357e+07
149 2.89783e+07
175 3.39672e+07
143 2.71074e+07
68 1.67486e+07
104 2.24083e+07
159 2.99638e+07
83 1.88561e+07
148 2.83608e+07
160 3.04628e+07
164 3.13634e+07
152 2.91487e+07
80 1.85768e+07
125 2.44431e+07
170 3.17349e+07
112 2.39006e+07
174 3.26524e+07
127 2.56796e+07
183 3.57393e+07
86 1.98814e+07
129 2.5759e+07
177 3.45385e+07
144 2.77868e+07
87 2.01873e+07
137 2.68838e+07
180 3.50861e+07
162 3.0571e+07
102 2.23528e+07
130 2.62636e+07
184 3.58642e+07
179 3.45598e+07
94 2.15746e+07
75 1.73607e+07
Thế hệ thứ: 44
89 2.03188e+07
75 1.73607e+07
94 2.15746e+07
117 2.41099e+07
163 3.10407e+07
188 3.62655e+07
176 3.41919e+07
179 3.45598e+07
84 1.95757e+07
196 3.74282e+07
134 2.68508e+07
149 2.89783e+07
145 2.8357e+07
175 3.39672e+07
102 2.23528e+07
143 2.71074e+07
159 2.99638e+07
104 2.24083e+07
68 1.67486e+07
83 1.88561e+07
80 1.85768e+07
148 2.83608e+07
130 2.62636e+07
160 3.04628e+07
164 3.13634e+07
152 2.91487e+07
174 3.26524e+07
170 3.17349e+07
125 2.44431e+07
112 2.39006e+07
127 2.56796e+07
129 2.5759e+07
86 1.98814e+07
177 3.45385e+07
87 2.01873e+07
144 2.77868e+07
137 2.68838e+07
162 3.0571e+07
185 3.49267e+07
186 3.58631e+07
Thế hệ thứ: 45
125 2.44431e+07
170 3.17349e+07
179 3.45598e+07
174 3.26524e+07
89 2.03188e+07
94 2.15746e+07
75 1.73607e+07
163 3.10407e+07
117 2.41099e+07
188 3.62655e+07
112 2.39006e+07
68 1.67486e+07
104 2.24083e+07
159 2.99638e+07
127 2.56796e+07
84 1.95757e+07
134 2.68508e+07
196 3.74282e+07
185 3.49267e+07
145 2.8357e+07
149 2.89783e+07
178 3.38689e+07
102 2.23528e+07
86 1.98814e+07
129 2.5759e+07
143 2.71074e+07
83 1.88561e+07
80 1.85768e+07
186 3.58631e+07
144 2.77868e+07
87 2.01873e+07
148 2.83608e+07
130 2.62636e+07
137 2.68838e+07
160 3.04628e+07
164 3.13634e+07
152 2.91487e+07
162 3.0571e+07
Thế hệ thứ: 46
174 3.26524e+07
137 2.68838e+07
129 2.5759e+07
86 1.98814e+07
127 2.56796e+07
179 3.45598e+07
125 2.44431e+07
170 3.17349e+07
89 2.03188e+07
130 2.62636e+07
143 2.71074e+07
94 2.15746e+07
75 1.73607e+07
83 1.88561e+07
163 3.10407e+07
117 2.41099e+07
188 3.62655e+07
148 2.83608e+07
186 3.58631e+07
112 2.39006e+07
144 2.77868e+07
87 2.01873e+07
159 2.99638e+07
104 2.24083e+07
68 1.67486e+07
162 3.0571e+07
80 1.85768e+07
84 1.95757e+07
196 3.74282e+07
134 2.68508e+07
152 2.91487e+07
164 3.13634e+07
185 3.49267e+07
149 2.89783e+07
145 2.8357e+07
178 3.38689e+07
102 2.23528e+07
160 3.04628e+07
126 2.51496e+07
Thế hệ thứ: 47
127 2.56796e+07
129 2.5759e+07
86 1.98814e+07
137 2.68838e+07
174 3.26524e+07
196 3.74282e+07
134 2.68508e+07
152 2.91487e+07
164 3.13634e+07
179 3.45598e+07
170 3.17349e+07
125 2.44431e+07
89 2.03188e+07
126 2.51496e+07
130 2.62636e+07
143 2.71074e+07
94 2.15746e+07
75 1.73607e+07
185 3.49267e+07
83 1.88561e+07
163 3.10407e+07
117 2.41099e+07
188 3.62655e+07
145 2.8357e+07
149 2.89783e+07
148 2.83608e+07
186 3.58631e+07
112 2.39006e+07
87 2.01873e+07
144 2.77868e+07
68 1.67486e+07
104 2.24083e+07
159 2.99638e+07
162 3.0571e+07
80 1.85768e+07
178 3.38689e+07
84 1.95757e+07
102 2.23528e+07
160 3.04628e+07
Thế hệ thứ: 48
196 3.74282e+07
134 2.68508e+07
185 3.49267e+07
174 3.26524e+07
137 2.68838e+07
129 2.5759e+07
86 1.98814e+07
127 2.56796e+07
159 2.99638e+07
104 2.24083e+07
68 1.67486e+07
152 2.91487e+07
164 3.13634e+07
102 2.23528e+07
179 3.45598e+07
125 2.44431e+07
170 3.17349e+07
89 2.03188e+07
84 1.95757e+07
126 2.51496e+07
130 2.62636e+07
143 2.71074e+07
94 2.15746e+07
75 1.73607e+07
162 3.0571e+07
80 1.85768e+07
83 1.88561e+07
163 3.10407e+07
117 2.41099e+07
188 3.62655e+07
160 3.04628e+07
149 2.89783e+07
145 2.8357e+07
148 2.83608e+07
186 3.58631e+07
112 2.39006e+07
178 3.38689e+07
144 2.77868e+07
87 2.01873e+07
Thế hệ thứ: 49
185 3.49267e+07
134 2.68508e+07
196 3.74282e+07
160 3.04628e+07
86 1.98814e+07
129 2.5759e+07
137 2.68838e+07
174 3.26524e+07
104 2.24083e+07
159 2.99638e+07
68 1.67486e+07
127 2.56796e+07
145 2.8357e+07
149 2.89783e+07
152 2.91487e+07
164 3.13634e+07
102 2.23528e+07
179 3.45598e+07
148 2.83608e+07
170 3.17349e+07
125 2.44431e+07
89 2.03188e+07
112 2.39006e+07
178 3.38689e+07
84 1.95757e+07
126 2.51496e+07
130 2.62636e+07
143 2.71074e+07
94 2.15746e+07
75 1.73607e+07
162 3.0571e+07
80 1.85768e+07
83 1.88561e+07
163 3.10407e+07
117 2.41099e+07
197 3.87871e+07
144 2.77868e+07
87 2.01873e+07
189 3.58313e+07

