Thế hệ thứ: 0
25 3.53674e+06
91 1.8463e+07
30 6.30036e+06
52 7.75797e+06
79 1.67119e+07
29 4.00816e+06
77 1.35694e+07
56 9.49697e+06
62 1.18163e+07
94 2.28352e+07
84 1.74232e+07
42 6.82214e+06
Thế hệ thứ: 1
94 2.28352e+07
25 3.53674e+06
77 1.35694e+07
91 1.8463e+07
42 6.82214e+06
52 7.75797e+06
56 9.49697e+06
84 1.74232e+07
29 4.00816e+06
80 1.6049e+07
59 1.06383e+07
36 5.06059e+06
85 1.78319e+07
33 4.73041e+06
64 1.13453e+07
41 5.3838e+06
45 7.35946e+06
40 5.38307e+06
60 1.08682e+07
Thế hệ thứ: 2
25 3.53674e+06
64 1.13453e+07
91 1.8463e+07
56 9.49697e+06
36 4.87342e+06
52 7.75797e+06
45 7.35946e+06
29 4.00816e+06
42 6.82214e+06
33 4.73041e+06
59 1.06383e+07
60 1.08682e+07
41 5.3838e+06
40 5.38307e+06
80 1.22026e+07
95 1.98301e+07
53 9.13046e+06
30 4.48253e+06
47 7.48742e+06
85 1.49232e+07
Thế hệ thứ: 3
25 3.53674e+06
64 1.13453e+07
42 6.82214e+06
40 5.38307e+06
85 1.49232e+07
80 1.22026e+07
91 1.8463e+07
52 7.75797e+06
56 9.49697e+06
29 4.00816e+06
47 7.48742e+06
41 5.3838e+06
45 7.35946e+06
33 4.73041e+06
30 4.48253e+06
96 1.88793e+07
88 1.76109e+07
55 8.49396e+06
93 1.87926e+07
59 1.0515e+07
36 4.87086e+06
61 1.0865e+07
68 1.21463e+07
Thế hệ thứ: 4
96 1.88793e+07
25 3.53674e+06
68 1.21463e+07
80 1.22026e+07
58 1.00239e+07
56 9.49697e+06
52 7.75797e+06
55 8.49396e+06
40 5.38307e+06
59 1.0515e+07
91 1.8463e+07
36 4.87086e+06
29 4.00816e+06
47 7.48742e+06
61 1.0865e+07
41 5.3838e+06
45 7.35946e+06
33 4.73041e+06
30 4.48253e+06
85 1.44034e+07
66 1.09389e+07
93 1.851e+07
43 5.83302e+06
90 1.74338e+07
Thế hệ thứ: 5
25 3.53674e+06
96 1.88793e+07
85 1.44034e+07
66 1.09389e+07
80 1.22026e+07
43 5.83302e+06
52 7.75797e+06
55 8.49396e+06
45 7.35946e+06
56 9.49697e+06
65 1.02242e+07
36 4.87086e+06
29 4.00816e+06
47 7.48742e+06
40 5.38307e+06
93 1.851e+07
41 5.3838e+06
37 5.21353e+06
69 1.19064e+07
92 1.73977e+07
86 1.6324e+07
63 9.54667e+06
27 3.91391e+06
35 4.38527e+06
Thế hệ thứ: 6
96 1.88793e+07
25 3.53674e+06
86 1.6324e+07
80 1.22026e+07
92 1.73977e+07
85 1.44034e+07
43 5.83302e+06
52 7.75797e+06
55 8.49396e+06
45 7.35946e+06
35 4.38527e+06
29 4.00816e+06
36 4.87086e+06
65 1.02242e+07
47 7.48742e+06
27 3.91391e+06
41 5.3838e+06
40 5.38307e+06
39 5.21326e+06
95 1.80095e+07
38 4.99708e+06
64 9.32581e+06
73 1.04995e+07
Thế hệ thứ: 7
25 3.53674e+06
96 1.88793e+07
86 1.6324e+07
73 1.04995e+07
80 1.22026e+07
85 1.44034e+07
64 9.32581e+06
92 1.73977e+07
65 1.02242e+07
35 4.38527e+06
95 1.80095e+07
29 4.00816e+06
27 3.91391e+06
41 5.3838e+06
38 4.99708e+06
37 4.95242e+06
56 6.99243e+06
44 5.77076e+06
44 5.77076e+06
48 6.80686e+06
26 3.78706e+06
87 1.68709e+07
40 5.05873e+06
30 4.3119e+06
36 4.76654e+06
Thế hệ thứ: 8
96 1.88793e+07
25 3.53674e+06
73 1.04995e+07
56 6.99243e+06
80 1.22026e+07
64 9.32581e+06
86 1.6324e+07
92 1.73977e+07
87 1.68709e+07
95 1.80095e+07
44 5.77076e+06
44 5.77076e+06
35 4.38527e+06
30 4.3119e+06
29 4.00816e+06
40 5.05873e+06
27 3.91391e+06
26 3.78706e+06
85 1.41356e+07
89 1.7056e+07
41 5.38326e+06
42 5.69843e+06
38 4.69799e+06
70 9.74796e+06
69 9.66386e+06
48 6.77192e+06
Thế hệ thứ: 9
25 3.53674e+06
96 1.88793e+07
62 8.76316e+06
73 1.04995e+07
56 6.99243e+06
80 1.22026e+07
85 1.41356e+07
64 9.32581e+06
48 6.77192e+06
70 9.74796e+06
86 1.6324e+07
95 1.80095e+07
69 9.66386e+06
92 1.73977e+07
35 4.38527e+06
44 5.77076e+06
44 5.77076e+06
30 4.3119e+06
38 4.69799e+06
89 1.7056e+07
87 1.68709e+07
40 5.05873e+06
29 4.00816e+06
27 3.91391e+06
99 1.97681e+07
26 3.78706e+06
43 5.7683e+06
57 7.00151e+06
42 5.24476e+06
Thế hệ thứ: 10
25 3.53674e+06
99 1.97681e+07
27 3.91391e+06
70 9.74796e+06
86 1.6324e+07
73 1.04995e+07
62 8.76316e+06
80 1.22026e+07
85 1.41356e+07
48 6.77192e+06
57 7.00151e+06
96 1.88793e+07
64 9.32581e+06
95 1.80095e+07
69 9.66386e+06
92 1.73977e+07
35 4.38527e+06
44 5.77076e+06
44 5.77076e+06
30 4.3119e+06
38 4.69799e+06
89 1.7056e+07
40 5.05873e+06
87 1.68709e+07
42 5.24476e+06
26 3.68547e+06
29 4.00816e+06
43 5.7683e+06
56 6.96725e+06
45 6.14845e+06
Thế hệ thứ: 11
25 3.53674e+06
99 1.97681e+07
27 3.91391e+06
70 9.74796e+06
86 1.6324e+07
73 1.04995e+07
62 8.76316e+06
80 1.22026e+07
85 1.41356e+07
57 7.00151e+06
96 1.88793e+07
64 9.32581e+06
95 1.80095e+07
69 9.66386e+06
45 6.14845e+06
92 1.73977e+07
56 6.96725e+06
35 4.38527e+06
38 4.69799e+06
89 1.7056e+07
40 5.05873e+06
87 1.68709e+07
42 5.24476e+06
26 3.68547e+06
29 4.00816e+06
43 5.7683e+06
44 5.77076e+06
44 5.77076e+06
34 4.27856e+06
53 6.39644e+06
46 6.38329e+06
Thế hệ thứ: 12
25 3.53674e+06
99 1.97681e+07
27 3.91391e+06
70 9.74796e+06
86 1.6324e+07
73 1.04995e+07
62 8.76316e+06
80 1.22026e+07
85 1.41356e+07
34 4.27856e+06
53 6.39644e+06
96 1.88793e+07
64 9.32581e+06
95 1.80095e+07
45 6.14845e+06
69 9.66386e+06
92 1.73977e+07
46 6.38329e+06
26 3.68547e+06
29 4.00816e+06
38 4.69799e+06
89 1.7056e+07
40 5.05873e+06
87 1.68709e+07
42 5.24476e+06
35 4.38527e+06
43 5.7683e+06
44 5.77076e+06
44 5.77076e+06
55 6.54898e+06
60 8.67925e+06
58 6.9591e+06
81 1.36145e+07
Thế hệ thứ: 13
25 3.53674e+06
58 6.9591e+06
99 1.97681e+07
27 3.91391e+06
70 9.74796e+06
86 1.6324e+07
81 1.36145e+07
62 8.76316e+06
73 1.04995e+07
80 1.22026e+07
85 1.41356e+07
60 8.67925e+06
96 1.88793e+07
64 9.32581e+06
95 1.80095e+07
45 6.14845e+06
69 9.66386e+06
92 1.73977e+07
34 4.27856e+06
53 6.39644e+06
46 6.38329e+06
26 3.68547e+06
29 4.00816e+06
38 4.69799e+06
55 6.54898e+06
89 1.7056e+07
40 5.05873e+06
87 1.68709e+07
42 5.24476e+06
44 5.77076e+06
44 5.77076e+06
91 1.72293e+07
63 9.04723e+06
54 6.48122e+06
43 5.61137e+06
35 4.29288e+06
Thế hệ thứ: 14
58 6.9591e+06
25 3.53674e+06
99 1.97681e+07
27 3.91391e+06
70 9.74796e+06
86 1.6324e+07
81 1.36145e+07
62 8.76316e+06
73 1.04995e+07
80 1.22026e+07
85 1.41356e+07
60 8.67925e+06
96 1.88793e+07
95 1.80095e+07
64 9.32581e+06
26 3.68547e+06
29 4.00816e+06
38 4.69799e+06
34 4.27856e+06
53 6.39644e+06
92 1.73977e+07
69 9.66386e+06
40 5.05873e+06
87 1.68709e+07
55 6.54898e+06
44 5.77076e+06
44 5.77076e+06
35 4.29288e+06
89 1.7056e+07
42 5.24476e+06
63 9.04723e+06
91 1.72293e+07
43 5.61137e+06
54 6.48122e+06
76 1.21335e+07
52 6.02319e+06
57 6.86897e+06
Thế hệ thứ: 15
58 6.9591e+06
25 3.53674e+06
99 1.97681e+07
27 3.91391e+06
85 1.41356e+07
70 9.74796e+06
86 1.6324e+07
81 1.36145e+07
76 1.21335e+07
62 8.76316e+06
73 1.04995e+07
60 8.67925e+06
96 1.88793e+07
52 6.02319e+06
80 1.22026e+07
95 1.80095e+07
44 5.77076e+06
44 5.77076e+06
35 4.29288e+06
64 9.32581e+06
26 3.68547e+06
29 4.00816e+06
92 1.73977e+07
69 9.66386e+06
53 6.39644e+06
40 5.05873e+06
87 1.68709e+07
89 1.7056e+07
42 5.24476e+06
38 4.69214e+06
54 6.48122e+06
83 1.40541e+07
57 6.86897e+06
55 6.54898e+06
63 9.04723e+06
91 1.72293e+07
43 5.61137e+06
34 4.08917e+06
Thế hệ thứ: 16
96 1.88793e+07
58 6.9591e+06
25 3.53674e+06
99 1.97681e+07
27 3.91391e+06
70 9.74796e+06
81 1.36145e+07
86 1.6324e+07
76 1.21335e+07
62 8.76316e+06
73 1.04995e+07
85 1.41356e+07
60 8.67925e+06
52 6.02319e+06
80 1.22026e+07
95 1.80095e+07
44 5.77076e+06
44 5.77076e+06
35 4.29288e+06
64 9.32581e+06
94 1.74838e+07
38 4.69214e+06
42 5.24476e+06
92 1.73977e+07
69 9.66386e+06
26 3.68547e+06
29 4.00816e+06
34 4.08917e+06
40 5.05873e+06
43 5.61137e+06
83 1.40541e+07
57 6.86897e+06
87 1.68709e+07
89 1.7056e+07
63 9.04723e+06
91 1.72293e+07
43 5.61137e+06
53 6.39644e+06
55 6.40631e+06
56 6.72158e+06
98 1.95096e+07
Thế hệ thứ: 17
58 6.9591e+06
25 3.53674e+06
99 1.97681e+07
27 3.91391e+06
52 6.02319e+06
81 1.36145e+07
70 9.74796e+06
86 1.6324e+07
76 1.21335e+07
62 8.76316e+06
98 1.95096e+07
73 1.04995e+07
85 1.41356e+07
60 8.67925e+06
80 1.22026e+07
96 1.88793e+07
35 4.29288e+06
64 9.32581e+06
94 1.74838e+07
38 4.69214e+06
95 1.80095e+07
92 1.73977e+07
69 9.66386e+06
29 4.00816e+06
26 3.68547e+06
34 4.08917e+06
83 1.40541e+07
57 6.86897e+06
87 1.68709e+07
89 1.7056e+07
53 6.39644e+06
63 9.04723e+06
91 1.72293e+07
55 6.40631e+06
56 6.72158e+06
40 4.84856e+06
44 5.43485e+06
43 5.16606e+06
Thế hệ thứ: 18
44 5.43485e+06
58 6.9591e+06
25 3.53674e+06
99 1.97681e+07
52 6.02319e+06
70 9.74796e+06
76 1.21335e+07
98 1.95096e+07
62 8.76316e+06
73 1.04995e+07
85 1.41356e+07
60 8.67925e+06
80 1.22026e+07
64 9.32581e+06
43 5.16606e+06
69 9.66386e+06
26 3.68547e+06
38 4.69214e+06
34 4.08917e+06
40 4.84856e+06
35 4.29288e+06
83 1.40541e+07
57 6.86897e+06
53 6.39644e+06
63 9.04723e+06
55 6.40631e+06
56 6.72158e+06
45 5.96942e+06
31 3.81774e+06
93 1.55002e+07
81 1.25984e+07
96 1.73363e+07
Thế hệ thứ: 19
93 1.55002e+07
97 1.94644e+07
58 6.9591e+06
25 3.53674e+06
99 1.97681e+07
96 1.73363e+07
85 1.41356e+07
62 8.76316e+06
73 1.04995e+07
98 1.95096e+07
76 1.21335e+07
60 8.67925e+06
81 1.25984e+07
83 1.40541e+07
57 6.86897e+06
52 6.02319e+06
35 4.29288e+06
31 3.81774e+06
43 5.16606e+06
64 9.32581e+06
69 9.66386e+06
70 9.74796e+06
38 4.69214e+06
26 3.68547e+06
40 4.84856e+06
80 1.22026e+07
34 4.08917e+06
44 5.43485e+06
59 8.64347e+06
53 6.39644e+06
63 9.04723e+06
55 6.40631e+06
56 6.72158e+06
46 5.82172e+06
Thế hệ thứ: 20
58 6.9591e+06
25 3.53674e+06
97 1.94644e+07
93 1.55002e+07
99 1.97681e+07
96 1.73363e+07
85 1.41356e+07
76 1.21335e+07
98 1.95096e+07
62 8.76316e+06
73 1.04995e+07
81 1.25984e+07
83 1.40541e+07
57 6.86897e+06
46 5.82172e+06
53 6.39644e+06
59 8.64347e+06
35 4.29288e+06
31 3.81774e+06
52 6.02319e+06
43 5.16606e+06
64 9.32581e+06
69 9.66386e+06
70 9.74796e+06
38 4.69214e+06
26 3.68547e+06
40 4.84856e+06
80 1.22026e+07
34 4.08917e+06
44 5.43485e+06
63 9.04723e+06
55 6.40631e+06
56 6.72158e+06
60 8.67925e+06
45 5.81555e+06
36 4.33883e+06
Thế hệ thứ: 21
58 6.9591e+06
25 3.53674e+06
45 5.81555e+06
93 1.55002e+07
96 1.73363e+07
85 1.41356e+07
76 1.21335e+07
62 8.76316e+06
73 1.04995e+07
81 1.25984e+07
83 1.40541e+07
57 6.86897e+06
53 6.39644e+06
59 8.64347e+06
35 4.29288e+06
31 3.81774e+06
52 6.02319e+06
43 5.16606e+06
64 9.32581e+06
46 5.82172e+06
69 9.66386e+06
70 9.74796e+06
26 3.68547e+06
40 4.84856e+06
80 1.22026e+07
38 4.69214e+06
34 4.08917e+06
36 4.33883e+06
63 9.04723e+06
55 6.40631e+06
56 6.72158e+06
60 8.67925e+06
32 3.83838e+06
44 5.34059e+06
99 1.94037e+07
Thế hệ thứ: 22
45 5.81555e+06
93 1.55002e+07
58 6.9591e+06
25 3.53674e+06
99 1.94037e+07
96 1.73363e+07
85 1.41356e+07
76 1.21335e+07
62 8.76316e+06
73 1.04995e+07
32 3.83838e+06
81 1.25984e+07
83 1.40541e+07
57 6.86897e+06
59 8.64347e+06
52 6.02319e+06
43 5.16606e+06
64 9.32581e+06
69 9.66386e+06
46 5.82172e+06
70 9.74796e+06
26 3.68547e+06
40 4.84856e+06
80 1.22026e+07
35 4.29288e+06
31 3.81774e+06
38 4.69214e+06
34 4.08917e+06
44 5.34059e+06
36 4.33883e+06
63 9.04723e+06
55 6.40631e+06
56 6.72158e+06
60 8.67925e+06
54 6.35702e+06
86 1.42388e+07
Thế hệ thứ: 23
93 1.55002e+07
58 6.9591e+06
25 3.53674e+06
99 1.94037e+07
85 1.41356e+07
96 1.73363e+07
76 1.21335e+07
62 8.76316e+06
73 1.04995e+07
32 3.83838e+06
81 1.25984e+07
86 1.42388e+07
83 1.40541e+07
57 6.86897e+06
52 6.02319e+06
59 8.64347e+06
43 5.16606e+06
64 9.32581e+06
69 9.66386e+06
70 9.74796e+06
26 3.68547e+06
40 4.84856e+06
80 1.22026e+07
35 4.29288e+06
31 3.81774e+06
98 1.78198e+07
38 4.69214e+06
34 4.08917e+06
44 5.34059e+06
36 4.33883e+06
54 6.35702e+06
63 9.04723e+06
56 6.72158e+06
55 6.40631e+06
60 8.67925e+06
74 1.15222e+07
100 1.97983e+07
48 5.41909e+06
87 1.50317e+07
Thế hệ thứ: 24
38 4.69214e+06
98 1.78198e+07
93 1.55002e+07
58 6.9591e+06
25 3.53674e+06
85 1.41356e+07
96 1.73363e+07
40 4.84856e+06
100 1.97983e+07
87 1.50317e+07
62 8.76316e+06
73 1.04995e+07
32 3.83838e+06
81 1.25984e+07
48 5.41909e+06
99 1.94037e+07
83 1.40541e+07
57 6.86897e+06
74 1.15222e+07
52 6.02319e+06
59 8.64347e+06
76 1.21335e+07
43 5.16606e+06
64 9.32581e+06
69 9.66386e+06
70 9.74796e+06
26 3.68547e+06
80 1.22026e+07
35 4.29288e+06
31 3.81774e+06
44 5.34059e+06
86 1.42388e+07
34 4.08917e+06
36 4.33883e+06
54 6.35702e+06
63 9.04723e+06
56 6.72158e+06
55 6.40631e+06
60 8.67925e+06
Thế hệ thứ: 25
38 4.69214e+06
98 1.78198e+07
93 1.55002e+07
58 6.9591e+06
25 3.53674e+06
85 1.41356e+07
96 1.73363e+07
40 4.84856e+06
100 1.97983e+07
87 1.50317e+07
62 8.76316e+06
73 1.04995e+07
32 3.83838e+06
81 1.25984e+07
48 5.41909e+06
99 1.94037e+07
83 1.40541e+07
57 6.86897e+06
74 1.15222e+07
52 6.02319e+06
59 8.64347e+06
76 1.21335e+07
43 5.16606e+06
64 9.32581e+06
69 9.66386e+06
70 9.74796e+06
26 3.68547e+06
80 1.22026e+07
37 4.55723e+06
31 3.81774e+06
44 5.34059e+06
86 1.42388e+07
34 4.08917e+06
54 6.35702e+06
63 9.04723e+06
56 6.72158e+06
55 6.40631e+06
60 8.67925e+06
36 4.24196e+06
Thế hệ thứ: 26
38 4.69214e+06
98 1.78198e+07
39 4.75693e+06
93 1.55002e+07
58 6.9591e+06
25 3.53674e+06
85 1.41356e+07
96 1.73363e+07
40 4.84856e+06
100 1.97983e+07
62 8.76316e+06
73 1.04995e+07
32 3.83838e+06
81 1.25984e+07
48 5.41909e+06
99 1.94037e+07
83 1.40541e+07
57 6.86897e+06
74 1.15222e+07
52 6.02319e+06
76 1.21335e+07
43 5.16606e+06
64 9.32581e+06
69 9.66386e+06
70 9.74796e+06
26 3.68547e+06
80 1.22026e+07
37 4.55723e+06
31 3.81774e+06
44 5.34059e+06
86 1.42388e+07
34 4.08917e+06
36 4.24196e+06
54 6.35702e+06
63 9.04723e+06
56 6.72158e+06
55 6.40631e+06
60 8.67925e+06
87 1.42791e+07
82 1.36521e+07
59 8.36578e+06
Thế hệ thứ: 27
96 1.73363e+07
40 4.84856e+06
100 1.97983e+07
38 4.69214e+06
98 1.78198e+07
39 4.75693e+06
93 1.55002e+07
58 6.9591e+06
25 3.53674e+06
62 8.76316e+06
51 5.97555e+06
76 1.21335e+07
48 5.41909e+06
99 1.94037e+07
52 6.02319e+06
43 5.16606e+06
64 9.32581e+06
59 8.36578e+06
82 1.36521e+07
32 3.83838e+06
81 1.25984e+07
69 9.66386e+06
70 9.74796e+06
26 3.68547e+06
80 1.22026e+07
37 4.55723e+06
31 3.81774e+06
44 5.34059e+06
34 4.08917e+06
57 6.86897e+06
36 4.24196e+06
60 8.67925e+06
54 6.35702e+06
63 9.04723e+06
56 6.72158e+06
55 6.40631e+06
74 1.04171e+07
87 1.3751e+07
Thế hệ thứ: 28
38 4.69214e+06
98 1.78198e+07
39 4.75693e+06
93 1.55002e+07
58 6.9591e+06
25 3.53674e+06
96 1.73363e+07
40 4.84856e+06
100 1.97983e+07
87 1.3751e+07
74 1.04171e+07
76 1.21335e+07
51 5.97555e+06
82 1.36521e+07
99 1.94037e+07
43 5.16606e+06
64 9.32581e+06
59 8.36578e+06
48 5.41909e+06
32 3.83838e+06
81 1.25984e+07
70 9.74796e+06
69 9.66386e+06
26 3.68547e+06
80 1.22026e+07
37 4.55723e+06
31 3.81774e+06
44 5.34059e+06
34 4.08917e+06
36 4.24196e+06
60 8.67925e+06
54 6.35702e+06
52 6.02319e+06
62 8.76316e+06
63 9.04723e+06
56 6.72158e+06
55 6.40631e+06
57 6.86897e+06
49 5.91444e+06
Thế hệ thứ: 29
96 1.73363e+07
40 4.84856e+06
100 1.97983e+07
38 4.69214e+06
98 1.78198e+07
39 4.75693e+06
93 1.55002e+07
25 3.53674e+06
87 1.3751e+07
74 1.04171e+07
76 1.21335e+07
51 5.97555e+06
82 1.36521e+07
99 1.94037e+07
43 5.16606e+06
64 9.32581e+06
32 3.83838e+06
81 1.25984e+07
70 9.74796e+06
69 9.66386e+06
48 5.41909e+06
26 3.68547e+06
80 1.22026e+07
37 4.55723e+06
31 3.81774e+06
44 5.34059e+06
34 4.08917e+06
49 5.91444e+06
36 4.24196e+06
54 6.35702e+06
52 6.02319e+06
62 8.76316e+06
63 9.04723e+06
56 6.72158e+06
55 6.40631e+06
60 6.84223e+06
Thế hệ thứ: 30
39 4.75693e+06
93 1.55002e+07
25 3.53674e+06
96 1.73363e+07
40 4.84856e+06
100 1.97983e+07
87 1.3751e+07
74 1.04171e+07
60 6.84223e+06
76 1.21335e+07
51 5.97555e+06
62 8.76316e+06
38 4.69214e+06
98 1.78198e+07
82 1.36521e+07
99 1.94037e+07
43 5.16606e+06
64 9.32581e+06
32 3.83838e+06
81 1.25984e+07
70 9.74796e+06
69 9.66386e+06
48 5.41909e+06
26 3.68547e+06
80 1.22026e+07
37 4.55723e+06
31 3.81774e+06
44 5.34059e+06
34 4.08917e+06
36 4.24196e+06
54 6.35702e+06
63 9.04723e+06
55 6.40631e+06
52 6.00159e+06
49 5.55602e+06
56 6.44786e+06
35 4.21509e+06
88 1.37875e+07
Thế hệ thứ: 31
93 1.55002e+07
25 3.53674e+06
96 1.73363e+07
100 1.97983e+07
74 1.04171e+07
60 6.84223e+06
76 1.21335e+07
51 5.97555e+06
54 6.35702e+06
88 1.37875e+07
62 8.76316e+06
98 1.78198e+07
82 1.36521e+07
99 1.94037e+07
43 5.16606e+06
64 9.32581e+06
32 3.83838e+06
81 1.25984e+07
49 5.55602e+06
70 9.74796e+06
69 9.66386e+06
26 3.68547e+06
80 1.22026e+07
56 6.44786e+06
56 6.44786e+06
37 4.55723e+06
31 3.81774e+06
87 1.3751e+07
44 5.34059e+06
48 5.41909e+06
52 6.00159e+06
63 9.04723e+06
36 4.24196e+06
55 6.40631e+06
55 6.40631e+06
50 5.91335e+06
41 5.06165e+06
40 4.6375e+06
35 4.0663e+06
Thế hệ thứ: 32
93 1.55002e+07
25 3.53674e+06
96 1.73363e+07
100 1.97983e+07
74 1.04171e+07
60 6.84223e+06
76 1.21335e+07
51 5.97555e+06
54 6.35702e+06
88 1.37875e+07
98 1.78198e+07
90 1.47602e+07
82 1.36521e+07
99 1.94037e+07
43 5.16606e+06
64 9.32581e+06
32 3.83838e+06
81 1.25984e+07
49 5.55602e+06
70 9.74796e+06
69 9.66386e+06
26 3.68547e+06
80 1.22026e+07
37 4.55723e+06
31 3.81774e+06
87 1.3751e+07
63 9.04723e+06
40 4.6375e+06
44 5.34059e+06
48 5.41909e+06
35 4.0663e+06
56 6.44786e+06
56 6.44786e+06
41 5.06165e+06
52 6.00159e+06
36 4.24196e+06
50 5.91335e+06
55 6.40631e+06
55 6.40631e+06
62 7.33569e+06
Thế hệ thứ: 33
93 1.55002e+07
25 3.53674e+06
96 1.73363e+07
100 1.97983e+07
74 1.04171e+07
90 1.47602e+07
82 1.36521e+07
76 1.21335e+07
51 5.97555e+06
62 7.33569e+06
98 1.78198e+07
40 4.6375e+06
63 9.04723e+06
99 1.94037e+07
60 6.84223e+06
43 5.16606e+06
64 9.32581e+06
32 3.83838e+06
81 1.25984e+07
49 5.55602e+06
70 9.74796e+06
69 9.66386e+06
54 6.35702e+06
88 1.37875e+07
26 3.68547e+06
80 1.22026e+07
37 4.55723e+06
31 3.81774e+06
87 1.3751e+07
44 5.34059e+06
48 5.41909e+06
35 4.0663e+06
56 6.44786e+06
56 6.44786e+06
52 6.00159e+06
36 4.24196e+06
50 5.91335e+06
55 6.40631e+06
55 6.40631e+06
66 9.39124e+06
42 4.97149e+06
Thế hệ thứ: 34
93 1.55002e+07
25 3.53674e+06
42 4.97149e+06
96 1.73363e+07
100 1.97983e+07
74 1.04171e+07
90 1.47602e+07
82 1.36521e+07
76 1.21335e+07
51 5.97555e+06
62 7.33569e+06
98 1.78198e+07
40 4.6375e+06
63 9.04723e+06
99 1.94037e+07
60 6.84223e+06
32 3.83838e+06
81 1.25984e+07
49 5.55602e+06
70 9.74796e+06
54 6.35702e+06
88 1.37875e+07
26 3.68547e+06
80 1.22026e+07
37 4.55723e+06
31 3.81774e+06
87 1.3751e+07
66 9.39124e+06
44 5.34059e+06
48 5.41909e+06
56 6.44786e+06
56 6.44786e+06
69 9.66386e+06
52 6.00159e+06
43 5.16606e+06
64 9.32581e+06
36 4.24196e+06
50 5.91335e+06
55 6.40631e+06
55 6.40631e+06
35 3.97111e+06
Thế hệ thứ: 35
96 1.73363e+07
100 1.97983e+07
93 1.55002e+07
25 3.53674e+06
74 1.04171e+07
90 1.47602e+07
82 1.36521e+07
76 1.21335e+07
51 5.97555e+06
62 7.33569e+06
98 1.78198e+07
40 4.6375e+06
63 9.04723e+06
99 1.94037e+07
60 6.84223e+06
32 3.83838e+06
81 1.25984e+07
49 5.55602e+06
70 9.74796e+06
54 6.35702e+06
88 1.37875e+07
26 3.68547e+06
80 1.22026e+07
37 4.55723e+06
31 3.81774e+06
87 1.3751e+07
66 9.39124e+06
44 5.34059e+06
48 5.41909e+06
35 3.97111e+06
56 6.44786e+06
56 6.44786e+06
69 9.66386e+06
52 6.00159e+06
36 4.24196e+06
64 9.32581e+06
50 5.91335e+06
55 6.40631e+06
55 6.40631e+06
43 4.88286e+06
Thế hệ thứ: 36
43 4.88286e+06
96 1.73363e+07
93 1.55002e+07
25 3.53674e+06
74 1.04171e+07
90 1.47602e+07
82 1.36521e+07
76 1.21335e+07
51 5.97555e+06
62 7.33569e+06
98 1.78198e+07
40 4.6375e+06
60 6.84223e+06
32 3.83838e+06
81 1.25984e+07
49 5.55602e+06
70 9.74796e+06
54 6.35702e+06
88 1.37875e+07
44 5.34059e+06
26 3.68547e+06
80 1.22026e+07
37 4.55723e+06
31 3.81774e+06
87 1.3751e+07
66 9.39124e+06
48 5.41909e+06
35 3.97111e+06
56 6.44786e+06
56 6.44786e+06
69 9.66386e+06
52 6.00159e+06
36 4.24196e+06
64 9.32581e+06
50 5.91335e+06
55 6.40631e+06
55 6.40631e+06
63 8.90704e+06
100 1.8959e+07
Thế hệ thứ: 37
43 4.88286e+06
96 1.73363e+07
100 1.8959e+07
93 1.55002e+07
25 3.53674e+06
74 1.04171e+07
90 1.47602e+07
82 1.36521e+07
76 1.21335e+07
51 5.97555e+06
62 7.33569e+06
98 1.78198e+07
63 8.90704e+06
60 6.84223e+06
32 3.83838e+06
81 1.25984e+07
49 5.55602e+06
70 9.74796e+06
54 6.35702e+06
88 1.37875e+07
44 5.34059e+06
40 4.6375e+06
26 3.68547e+06
80 1.22026e+07
37 4.55723e+06
31 3.81774e+06
87 1.3751e+07
66 9.39124e+06
48 5.41909e+06
53 6.31247e+06
35 3.97111e+06
56 6.44786e+06
56 6.44786e+06
69 9.66386e+06
64 9.32581e+06
52 6.00159e+06
50 5.91335e+06
55 6.40631e+06
55 6.40631e+06
40 4.6375e+06
36 3.97833e+06
Thế hệ thứ: 38
43 4.88286e+06
96 1.73363e+07
100 1.8959e+07
93 1.55002e+07
25 3.53674e+06
74 1.04171e+07
82 1.36521e+07
76 1.21335e+07
51 5.97555e+06
62 7.33569e+06
98 1.78198e+07
63 8.90704e+06
60 6.84223e+06
32 3.83838e+06
81 1.25984e+07
49 5.55602e+06
70 9.74796e+06
54 6.35702e+06
88 1.37875e+07
44 5.34059e+06
36 3.97833e+06
26 3.68547e+06
80 1.22026e+07
31 3.81774e+06
37 4.55723e+06
87 1.3751e+07
66 9.39124e+06
48 5.41909e+06
56 6.44786e+06
56 6.44786e+06
69 9.66386e+06
64 9.32581e+06
53 6.31247e+06
35 3.97111e+06
40 4.6375e+06
50 5.91335e+06
52 6.00159e+06
40 4.6375e+06
55 6.40631e+06
55 6.40631e+06
90 1.44354e+07
Thế hệ thứ: 39
96 1.73363e+07
43 4.88286e+06
100 1.8959e+07
93 1.55002e+07
25 3.53674e+06
74 1.04171e+07
49 5.55602e+06
70 9.74796e+06
90 1.44354e+07
76 1.21335e+07
51 5.97555e+06
62 7.33569e+06
98 1.78198e+07
63 8.90704e+06
82 1.36521e+07
60 6.84223e+06
32 3.83838e+06
81 1.25984e+07
44 5.34059e+06
36 3.97833e+06
26 3.68547e+06
80 1.22026e+07
31 3.81774e+06
37 4.55723e+06
87 1.3751e+07
66 9.39124e+06
54 6.35702e+06
88 1.37875e+07
48 5.41909e+06
56 6.44786e+06
56 6.44786e+06
69 9.66386e+06
64 9.32581e+06
53 6.31247e+06
35 3.97111e+06
40 4.6375e+06
50 5.91335e+06
52 6.00159e+06
40 4.6375e+06
55 6.40631e+06
55 6.40631e+06
Thế hệ thứ: 40
43 4.88286e+06
96 1.73363e+07
100 1.8959e+07
93 1.55002e+07
25 3.53674e+06
74 1.04171e+07
49 5.55602e+06
70 9.74796e+06
76 1.21335e+07
51 5.97555e+06
62 7.33569e+06
98 1.78198e+07
63 8.90704e+06
82 1.36521e+07
60 6.84223e+06
32 3.83838e+06
81 1.25984e+07
44 5.34059e+06
36 3.97833e+06
26 3.68547e+06
80 1.22026e+07
31 3.81774e+06
37 4.55723e+06
90 1.37281e+07
66 9.39124e+06
54 6.35702e+06
48 5.41909e+06
56 6.44786e+06
56 6.44786e+06
69 9.66386e+06
64 9.32581e+06
53 6.31247e+06
35 3.97111e+06
40 4.6375e+06
50 5.91335e+06
52 6.00159e+06
40 4.6375e+06
55 6.40631e+06
55 6.40631e+06
Thế hệ thứ: 41
43 4.88286e+06
96 1.73363e+07
100 1.8959e+07
93 1.55002e+07
25 3.53674e+06
90 1.37281e+07
74 1.04171e+07
82 1.36521e+07
76 1.21335e+07
51 5.97555e+06
62 7.33569e+06
98 1.78198e+07
63 8.90704e+06
60 6.84223e+06
32 3.83838e+06
81 1.25984e+07
49 5.55602e+06
70 9.74796e+06
44 5.34059e+06
36 3.97833e+06
26 3.68547e+06
80 1.22026e+07
31 3.81774e+06
37 4.55723e+06
66 9.39124e+06
48 5.41909e+06
56 6.44786e+06
56 6.44786e+06
69 9.66386e+06
64 9.32581e+06
53 6.31247e+06
35 3.97111e+06
40 4.6375e+06
50 5.91335e+06
52 6.00159e+06
40 4.6375e+06
54 6.35702e+06
55 6.40631e+06
55 6.40631e+06
57 6.49526e+06
Thế hệ thứ: 42
93 1.55002e+07
25 3.53674e+06
43 4.88286e+06
96 1.73363e+07
100 1.8959e+07
90 1.37281e+07
74 1.04171e+07
82 1.36521e+07
76 1.21335e+07
51 5.97555e+06
62 7.33569e+06
98 1.78198e+07
63 8.90704e+06
57 6.49526e+06
60 6.84223e+06
32 3.83838e+06
81 1.25984e+07
49 5.55602e+06
70 9.74796e+06
36 3.97833e+06
26 3.68547e+06
80 1.22026e+07
31 3.81774e+06
37 4.55723e+06
66 9.39124e+06
69 9.66386e+06
64 9.32581e+06
53 6.31247e+06
35 3.97111e+06
40 4.6375e+06
50 5.91335e+06
52 6.00159e+06
40 4.6375e+06
54 6.35702e+06
55 6.40631e+06
55 6.40631e+06
56 6.44786e+06
56 6.44786e+06
48 5.27146e+06
Thế hệ thứ: 43
93 1.55002e+07
25 3.53674e+06
43 4.88286e+06
43 4.88286e+06
96 1.73363e+07
100 1.8959e+07
90 1.37281e+07
74 1.04171e+07
82 1.36521e+07
76 1.21335e+07
51 5.97555e+06
62 7.33569e+06
98 1.78198e+07
63 8.90704e+06
66 9.39124e+06
48 5.27146e+06
57 6.49526e+06
60 6.84223e+06
32 3.83838e+06
81 1.25984e+07
49 5.55602e+06
70 9.74796e+06
26 3.68547e+06
80 1.22026e+07
31 3.81774e+06
37 4.55723e+06
69 9.66386e+06
64 9.32581e+06
36 3.97833e+06
53 6.31247e+06
35 3.97111e+06
40 4.6375e+06
50 5.91335e+06
52 6.00159e+06
40 4.6375e+06
54 6.35702e+06
55 6.40631e+06
55 6.40631e+06
56 6.44786e+06
56 6.44786e+06
Thế hệ thứ: 44
93 1.55002e+07
25 3.53674e+06
43 4.88286e+06
43 4.88286e+06
96 1.73363e+07
100 1.8959e+07
90 1.37281e+07
74 1.04171e+07
82 1.36521e+07
76 1.21335e+07
62 7.33569e+06
98 1.78198e+07
63 8.90704e+06
66 9.39124e+06
48 5.27146e+06
57 6.49526e+06
60 6.84223e+06
32 3.83838e+06
81 1.25984e+07
49 5.55602e+06
70 9.74796e+06
26 3.68547e+06
80 1.22026e+07
31 3.81774e+06
37 4.55723e+06
69 9.66386e+06
64 9.32581e+06
36 3.97833e+06
53 6.31247e+06
35 3.97111e+06
40 4.6375e+06
50 5.91335e+06
40 4.6375e+06
54 6.35702e+06
55 6.40631e+06
55 6.40631e+06
56 6.44786e+06
56 6.44786e+06
73 1.01992e+07
52 5.95461e+06
Thế hệ thứ: 45
43 4.88286e+06
43 4.88286e+06
96 1.73363e+07
100 1.8959e+07
93 1.55002e+07
25 3.53674e+06
62 7.33569e+06
90 1.37281e+07
39 4.63648e+06
82 1.36521e+07
76 1.21335e+07
74 1.04171e+07
98 1.78198e+07
63 8.90704e+06
66 9.39124e+06
48 5.27146e+06
57 6.49526e+06
60 6.84223e+06
32 3.83838e+06
81 1.25984e+07
26 3.68547e+06
80 1.22026e+07
40 4.6375e+06
73 1.01992e+07
31 3.81774e+06
37 4.55723e+06
49 5.55602e+06
70 9.74796e+06
69 9.66386e+06
64 9.32581e+06
52 5.95461e+06
50 5.91335e+06
36 3.97833e+06
53 6.31247e+06
35 3.97111e+06
40 4.6375e+06
54 6.35702e+06
55 6.40631e+06
55 6.40631e+06
56 6.44786e+06
56 6.44786e+06
Thế hệ thứ: 46
43 4.88286e+06
43 4.88286e+06
100 1.8959e+07
93 1.55002e+07
25 3.53674e+06
62 7.33569e+06
90 1.37281e+07
39 4.63648e+06
76 1.21335e+07
74 1.04171e+07
98 1.78198e+07
63 8.90704e+06
66 9.39124e+06
48 5.27146e+06
57 6.49526e+06
60 6.84223e+06
32 3.83838e+06
81 1.25984e+07
26 3.68547e+06
80 1.22026e+07
40 4.6375e+06
73 1.01992e+07
37 4.55723e+06
31 3.81774e+06
49 5.55602e+06
70 9.74796e+06
69 9.66386e+06
64 9.32581e+06
52 5.95461e+06
50 5.91335e+06
36 3.97833e+06
53 6.31247e+06
35 3.97111e+06
40 4.6375e+06
54 6.35702e+06
55 6.40631e+06
55 6.40631e+06
56 6.44786e+06
56 6.44786e+06
82 1.35425e+07
40 4.6375e+06
67 9.45413e+06
96 1.72752e+07
Thế hệ thứ: 47
93 1.55002e+07
25 3.53674e+06
100 1.8959e+07
62 7.33569e+06
82 1.35425e+07
90 1.37281e+07
96 1.72752e+07
76 1.21335e+07
74 1.04171e+07
98 1.78198e+07
63 8.90704e+06
66 9.39124e+06
48 5.27146e+06
57 6.49526e+06
60 6.84223e+06
32 3.83838e+06
81 1.25984e+07
26 3.68547e+06
80 1.22026e+07
40 4.6375e+06
73 1.01992e+07
43 4.88286e+06
43 4.88286e+06
37 4.55723e+06
31 3.81774e+06
49 5.55602e+06
70 9.74796e+06
52 5.95461e+06
50 5.91335e+06
36 3.97833e+06
53 6.31247e+06
35 3.97111e+06
69 9.66386e+06
67 9.45413e+06
40 4.6375e+06
39 4.63648e+06
54 6.35702e+06
55 6.40631e+06
55 6.40631e+06
56 6.44786e+06
56 6.44786e+06
40 4.6375e+06
64 8.97212e+06
Thế hệ thứ: 48
93 1.55002e+07
25 3.53674e+06
100 1.8959e+07
62 7.33569e+06
82 1.35425e+07
90 1.37281e+07
76 1.21335e+07
74 1.04171e+07
98 1.78198e+07
63 8.90704e+06
66 9.39124e+06
48 5.27146e+06
64 8.97212e+06
57 6.49526e+06
60 6.84223e+06
32 3.83838e+06
81 1.25984e+07
26 3.68547e+06
80 1.22026e+07
40 4.6375e+06
73 1.01992e+07
43 4.88286e+06
43 4.88286e+06
37 4.55723e+06
31 3.81774e+06
49 5.55602e+06
70 9.74796e+06
52 5.95461e+06
50 5.91335e+06
36 3.97833e+06
53 6.31247e+06
35 3.97111e+06
69 9.66386e+06
67 9.45413e+06
40 4.6375e+06
39 4.63648e+06
97 1.6879e+07
54 6.35702e+06
55 6.40631e+06
55 6.40631e+06
56 6.44786e+06
56 6.44786e+06
40 4.6375e+06
91 1.54176e+07
Thế hệ thứ: 49
93 1.55002e+07
98 1.78198e+07
25 3.53674e+06
100 1.8959e+07
82 1.35425e+07
54 6.35702e+06
97 1.6879e+07
90 1.37281e+07
76 1.21335e+07
62 7.33569e+06
74 1.04171e+07
91 1.54176e+07
63 8.90704e+06
66 9.39124e+06
48 5.27146e+06
64 8.97212e+06
57 6.49526e+06
60 6.84223e+06
32 3.83838e+06
81 1.25984e+07
26 3.68547e+06
80 1.22026e+07
40 4.6375e+06
73 1.01992e+07
43 4.88286e+06
43 4.88286e+06
37 4.55723e+06
31 3.81774e+06
49 5.55602e+06
70 9.74796e+06
52 5.95461e+06
50 5.91335e+06
36 3.97833e+06
53 6.31247e+06
35 3.97111e+06
69 9.66386e+06
67 9.45413e+06
40 4.6375e+06
39 4.63648e+06
55 6.40631e+06
55 6.40631e+06
56 6.44786e+06
56 6.44786e+06
40 4.6375e+06

