Thế hệ thứ: 0
165 7.56272e+06
157 7.36169e+06
173 8.56279e+06
132 5.96714e+06
187 9.93235e+06
184 9.38722e+06
188 1.15005e+07
170 8.03877e+06
198 1.26781e+07
200 1.4123e+07
133 6.11822e+06
195 1.19372e+07
Thế hệ thứ: 1
133 6.11822e+06
132 5.96714e+06
157 7.36169e+06
184 9.38722e+06
187 9.93235e+06
165 7.56272e+06
180 7.9099e+06
70 4.05071e+06
68 3.86796e+06
171 7.6509e+06
196 1.09367e+07
200 1.24849e+07
Thế hệ thứ: 2
68 3.86796e+06
200 1.24849e+07
70 4.05071e+06
133 6.11822e+06
132 5.96714e+06
157 7.36169e+06
196 1.09367e+07
187 9.93235e+06
171 7.6509e+06
165 7.56272e+06
191 1.07386e+07
80 5.19127e+06
185 7.68929e+06
199 1.23404e+07
155 7.11078e+06
71 4.23341e+06
Thế hệ thứ: 3
200 1.24849e+07
68 3.86796e+06
185 7.68929e+06
186 8.24208e+06
196 1.09367e+07
199 1.23404e+07
165 7.25126e+06
191 1.07386e+07
176 7.44842e+06
136 6.15242e+06
157 6.91591e+06
61 3.65456e+06
62 3.65456e+06
189 1.05333e+07
197 1.2275e+07
187 9.46486e+06
91 4.00502e+06
134 5.65903e+06
Thế hệ thứ: 4
68 3.86796e+06
61 3.65456e+06
91 4.00502e+06
136 6.15242e+06
157 6.91591e+06
134 5.65903e+06
196 1.09367e+07
186 8.24208e+06
165 7.25126e+06
176 7.44842e+06
197 1.2275e+07
185 7.68929e+06
155 6.79522e+06
62 3.65456e+06
200 1.23673e+07
199 1.23404e+07
45 3.56377e+06
192 1.02507e+07
110 5.27867e+06
187 8.696e+06
Thế hệ thứ: 5
199 1.23404e+07
200 1.23673e+07
45 3.56377e+06
134 5.65903e+06
157 6.91591e+06
192 1.02507e+07
110 5.27867e+06
91 4.00502e+06
197 1.2275e+07
187 8.696e+06
196 1.09367e+07
68 3.86796e+06
62 3.65456e+06
155 6.79522e+06
165 7.25126e+06
176 7.44842e+06
185 7.68929e+06
186 8.24208e+06
61 3.65456e+06
152 5.76687e+06
164 7.23612e+06
153 6.69935e+06
Thế hệ thứ: 6
199 1.23404e+07
200 1.23673e+07
45 3.56377e+06
157 6.91591e+06
192 1.02507e+07
153 6.69935e+06
134 5.65903e+06
110 5.27867e+06
91 4.00502e+06
197 1.2275e+07
187 8.696e+06
196 1.09367e+07
152 5.76687e+06
68 3.86796e+06
176 7.44842e+06
185 7.68929e+06
186 8.24208e+06
61 3.65456e+06
165 7.25126e+06
164 7.23612e+06
155 6.79522e+06
62 3.65456e+06
106 5.16727e+06
118 5.51494e+06
Thế hệ thứ: 7
45 3.56377e+06
91 4.00502e+06
153 6.69935e+06
134 5.65903e+06
106 5.16727e+06
157 6.91591e+06
192 1.02507e+07
187 8.696e+06
196 1.09367e+07
152 5.76687e+06
68 3.86796e+06
118 5.51494e+06
176 7.44842e+06
185 7.68929e+06
186 8.24208e+06
61 3.65456e+06
110 5.27867e+06
103 4.6896e+06
165 7.25126e+06
164 7.23612e+06
155 6.79522e+06
62 3.65456e+06
200 1.12514e+07
194 1.03849e+07
Thế hệ thứ: 8
200 1.12514e+07
91 4.00502e+06
187 8.696e+06
153 6.69935e+06
134 5.65903e+06
157 6.91591e+06
152 5.76687e+06
103 4.6896e+06
68 3.86796e+06
118 5.51494e+06
176 7.44842e+06
194 1.02423e+07
185 7.68929e+06
196 1.09367e+07
186 8.24208e+06
110 5.27867e+06
106 5.16727e+06
61 3.65456e+06
155 6.79522e+06
62 3.65456e+06
55 3.55676e+06
175 7.16805e+06
67 3.8675e+06
Thế hệ thứ: 9
200 1.12514e+07
103 4.6896e+06
55 3.55676e+06
176 7.44842e+06
194 1.02423e+07
91 4.00502e+06
187 8.696e+06
153 6.69935e+06
175 7.16805e+06
134 5.65903e+06
152 5.76687e+06
118 5.51494e+06
157 6.91591e+06
68 3.86796e+06
196 1.09367e+07
185 7.68929e+06
186 8.24208e+06
110 5.27867e+06
106 5.16727e+06
67 3.8675e+06
155 6.79522e+06
62 3.65456e+06
61 3.65456e+06
54 3.52155e+06
Thế hệ thứ: 10
54 3.52155e+06
176 7.44842e+06
194 1.02423e+07
91 4.00502e+06
187 8.696e+06
153 6.69935e+06
175 7.16805e+06
134 5.65903e+06
152 5.76687e+06
200 1.09505e+07
157 6.91591e+06
68 3.86796e+06
196 1.09367e+07
185 7.68929e+06
186 8.24208e+06
110 5.27867e+06
67 3.8675e+06
155 6.79522e+06
62 3.65456e+06
55 3.55676e+06
61 3.65456e+06
108 4.56559e+06
181 7.61715e+06
177 7.56152e+06
133 5.49296e+06
Thế hệ thứ: 11
54 3.52155e+06
152 5.76687e+06
200 1.09505e+07
108 4.56559e+06
91 4.00502e+06
176 7.44842e+06
181 7.61715e+06
194 1.02423e+07
187 8.696e+06
133 5.49296e+06
153 6.69935e+06
175 7.16805e+06
157 6.91591e+06
68 3.86796e+06
186 8.24208e+06
196 1.09367e+07
185 7.68929e+06
67 3.8675e+06
155 6.79522e+06
62 3.65456e+06
55 3.55676e+06
61 3.65456e+06
177 7.56152e+06
134 5.50229e+06
43 3.3404e+06
192 9.87006e+06
117 5.20375e+06
Thế hệ thứ: 12
152 5.76687e+06
200 1.09505e+07
155 6.79522e+06
62 3.65456e+06
192 9.87006e+06
43 3.3404e+06
108 4.56559e+06
91 4.00502e+06
117 5.20375e+06
153 6.69935e+06
175 7.16805e+06
157 6.91591e+06
68 3.86796e+06
176 7.44842e+06
181 7.61715e+06
194 1.02423e+07
134 5.50229e+06
133 5.49296e+06
186 8.24208e+06
196 1.09367e+07
185 7.68929e+06
54 3.52155e+06
67 3.8675e+06
55 3.55676e+06
61 3.65456e+06
177 7.56152e+06
87 3.97103e+06
187 8.49193e+06
102 4.50066e+06
Thế hệ thứ: 13
196 1.09367e+07
187 8.49193e+06
152 5.76687e+06
200 1.09505e+07
62 3.65456e+06
192 9.87006e+06
43 3.3404e+06
117 5.20375e+06
153 6.69935e+06
175 7.16805e+06
108 4.56559e+06
102 4.50066e+06
87 3.97103e+06
176 7.44842e+06
181 7.61715e+06
194 1.02423e+07
91 4.00502e+06
134 5.50229e+06
133 5.49296e+06
68 3.86796e+06
185 7.68929e+06
54 3.52155e+06
67 3.8675e+06
55 3.55676e+06
61 3.65456e+06
177 7.56152e+06
162 6.79154e+06
46 3.46829e+06
189 9.84174e+06
124 5.27693e+06
186 7.70634e+06
Thế hệ thứ: 14
162 6.79154e+06
152 5.76687e+06
196 1.09367e+07
187 8.49193e+06
200 1.09505e+07
62 3.65456e+06
43 3.3404e+06
192 9.87006e+06
175 7.16805e+06
153 6.69935e+06
117 5.20375e+06
108 4.56559e+06
102 4.50066e+06
176 7.44842e+06
189 9.0185e+06
181 7.61715e+06
186 7.70634e+06
194 1.02423e+07
91 4.00502e+06
87 3.97103e+06
134 5.50229e+06
68 3.86796e+06
124 5.27693e+06
46 3.46829e+06
133 5.49296e+06
54 3.52155e+06
55 3.55676e+06
61 3.65456e+06
177 7.56152e+06
185 7.68929e+06
67 3.8657e+06
188 8.66862e+06
Thế hệ thứ: 15
162 6.79154e+06
152 5.76687e+06
188 8.66862e+06
200 1.09505e+07
62 3.65456e+06
192 9.87006e+06
43 3.3404e+06
120 4.97599e+06
175 7.16805e+06
108 4.56559e+06
189 9.0185e+06
186 7.70634e+06
194 1.02423e+07
102 4.50066e+06
91 4.00502e+06
87 3.97103e+06
134 5.50229e+06
68 3.86796e+06
124 5.27693e+06
196 1.09367e+07
187 8.49193e+06
46 3.46829e+06
133 5.49296e+06
54 3.52155e+06
67 3.8657e+06
55 3.55676e+06
61 3.65456e+06
185 7.68929e+06
190 9.48005e+06
183 7.37653e+06
159 6.4181e+06
Thế hệ thứ: 16
102 4.50066e+06
162 6.79154e+06
91 4.00502e+06
152 5.76687e+06
188 8.66862e+06
200 1.09505e+07
159 6.4181e+06
62 3.65456e+06
43 3.3404e+06
192 9.87006e+06
175 7.16805e+06
120 4.97599e+06
108 4.56559e+06
186 7.70634e+06
194 1.02423e+07
87 3.97103e+06
134 5.50229e+06
124 5.27693e+06
68 3.86796e+06
196 1.09367e+07
187 8.49193e+06
183 7.37653e+06
190 9.48005e+06
46 3.46829e+06
133 5.49296e+06
54 3.52155e+06
67 3.8657e+06
185 7.68929e+06
55 3.55676e+06
61 3.65456e+06
49 3.51791e+06
189 8.87502e+06
Thế hệ thứ: 17
159 6.4181e+06
62 3.65456e+06
43 3.3404e+06
192 9.87006e+06
102 4.50066e+06
162 6.79154e+06
91 4.00502e+06
152 5.76687e+06
188 8.66862e+06
200 1.09505e+07
189 8.87502e+06
175 7.16805e+06
120 4.97599e+06
108 4.56559e+06
186 7.70634e+06
194 1.02423e+07
87 3.97103e+06
134 5.50229e+06
124 5.27693e+06
190 9.48005e+06
68 3.86796e+06
196 1.09367e+07
187 8.49193e+06
183 7.37653e+06
133 5.49296e+06
67 3.8657e+06
185 7.68929e+06
55 3.55676e+06
46 3.46829e+06
49 3.51791e+06
61 3.65456e+06
54 3.52155e+06
Thế hệ thứ: 18
48 3.51172e+06
159 6.4181e+06
62 3.65456e+06
43 3.3404e+06
102 4.50066e+06
162 6.79154e+06
91 4.00502e+06
152 5.76687e+06
188 8.66862e+06
200 1.09505e+07
189 8.87502e+06
175 7.16805e+06
120 4.97599e+06
108 4.56559e+06
186 7.70634e+06
194 1.02423e+07
87 3.97103e+06
134 5.50229e+06
124 5.27693e+06
196 1.09367e+07
187 8.49193e+06
183 7.37653e+06
133 5.49296e+06
185 7.68929e+06
55 3.55676e+06
46 3.46829e+06
192 9.36263e+06
49 3.51791e+06
61 3.65456e+06
54 3.52155e+06
77 3.76598e+06
Thế hệ thứ: 19
162 6.79154e+06
91 4.00502e+06
152 5.76687e+06
188 8.66862e+06
200 1.09505e+07
192 9.36263e+06
49 3.51791e+06
43 3.3404e+06
186 7.70634e+06
120 4.97599e+06
175 7.16805e+06
48 3.51172e+06
159 6.4181e+06
102 4.50066e+06
108 4.56559e+06
134 5.50229e+06
124 5.27693e+06
196 1.09367e+07
187 8.49193e+06
183 7.37653e+06
87 3.97103e+06
133 5.49296e+06
185 7.68929e+06
55 3.55676e+06
46 3.46829e+06
54 3.52155e+06
195 1.00733e+07
153 6.10916e+06
85 3.60659e+06
189 8.85364e+06
86 3.94511e+06
Thế hệ thứ: 20
162 6.79154e+06
91 4.00502e+06
152 5.76687e+06
188 8.66862e+06
200 1.09505e+07
85 3.60659e+06
43 3.3404e+06
195 1.00733e+07
175 7.16805e+06
55 3.55676e+06
192 9.36263e+06
49 3.51791e+06
108 4.56559e+06
134 5.50229e+06
124 5.27693e+06
187 8.49193e+06
196 1.09367e+07
48 3.51172e+06
159 6.4181e+06
183 7.37653e+06
153 6.10916e+06
186 7.70634e+06
189 8.85364e+06
133 5.49296e+06
185 7.68929e+06
86 3.94511e+06
46 3.46829e+06
54 3.52155e+06
87 3.97103e+06
103 4.38802e+06
193 9.62073e+06
173 6.91158e+06
120 4.89921e+06
98 4.36166e+06
136 5.70164e+06
Thế hệ thứ: 21
91 4.00502e+06
152 5.76687e+06
188 8.66862e+06
200 1.09505e+07
85 3.60659e+06
43 3.3404e+06
55 3.55676e+06
195 1.00733e+07
120 4.89921e+06
108 4.56559e+06
124 5.27693e+06
162 6.79154e+06
153 6.10916e+06
136 5.70164e+06
187 8.49193e+06
196 1.09367e+07
48 3.51172e+06
159 6.4181e+06
173 6.91158e+06
183 7.37653e+06
185 7.68929e+06
98 4.36166e+06
192 9.36263e+06
49 3.51791e+06
175 7.16805e+06
186 7.70634e+06
189 8.85364e+06
193 9.62073e+06
133 5.49296e+06
103 4.38802e+06
86 3.94511e+06
46 3.46829e+06
134 5.50229e+06
54 3.52155e+06
87 3.97103e+06
179 7.35875e+06
102 4.38566e+06
Thế hệ thứ: 22
91 4.00502e+06
152 5.76687e+06
188 8.66862e+06
200 1.09505e+07
85 3.60659e+06
43 3.3404e+06
55 3.55676e+06
195 1.00733e+07
120 4.89921e+06
108 4.56559e+06
124 5.27693e+06
162 6.79154e+06
153 6.10916e+06
136 5.70164e+06
187 8.49193e+06
196 1.09367e+07
159 6.4181e+06
173 6.91158e+06
192 9.36263e+06
49 3.51791e+06
185 7.68929e+06
98 4.36166e+06
186 7.70634e+06
189 8.85364e+06
193 9.62073e+06
175 7.16805e+06
133 5.49296e+06
183 7.37653e+06
179 7.35875e+06
103 4.38802e+06
86 3.94511e+06
134 5.50229e+06
54 3.52155e+06
87 3.97103e+06
102 4.38566e+06
48 3.44647e+06
Thế hệ thứ: 23
91 4.00502e+06
152 5.76687e+06
188 8.66862e+06
200 1.09505e+07
85 3.60659e+06
43 3.3404e+06
55 3.55676e+06
195 1.00733e+07
120 4.89921e+06
108 4.56559e+06
48 3.44647e+06
153 6.10916e+06
187 8.49193e+06
196 1.09367e+07
159 6.4181e+06
173 6.91158e+06
192 9.36263e+06
49 3.51791e+06
185 7.68929e+06
98 4.36166e+06
186 7.70634e+06
189 8.85364e+06
193 9.62073e+06
175 7.16805e+06
133 5.49296e+06
183 7.37653e+06
130 5.2353e+06
179 7.35875e+06
103 4.38802e+06
86 3.94511e+06
134 5.50229e+06
54 3.52155e+06
87 3.97103e+06
102 4.38566e+06
164 6.62198e+06
145 5.66606e+06
Thế hệ thứ: 24
85 3.60659e+06
43 3.3404e+06
179 7.35875e+06
130 5.2353e+06
200 1.09505e+07
195 1.00733e+07
120 4.89921e+06
55 3.55676e+06
108 4.56559e+06
164 6.62198e+06
134 5.50229e+06
145 5.66606e+06
196 1.09367e+07
189 7.90115e+06
173 6.91158e+06
159 6.4181e+06
48 3.44647e+06
153 6.10916e+06
192 9.36263e+06
49 3.51791e+06
152 5.76687e+06
91 4.00502e+06
185 7.68929e+06
98 4.36166e+06
186 7.70634e+06
193 9.62073e+06
175 7.16805e+06
183 7.37653e+06
103 4.38802e+06
86 3.94511e+06
133 5.49296e+06
54 3.52155e+06
87 3.97103e+06
102 4.38566e+06
93 4.25261e+06
Thế hệ thứ: 25
85 3.60659e+06
192 9.36263e+06
49 3.51791e+06
43 3.3404e+06
189 7.90115e+06
200 1.09505e+07
195 1.00733e+07
120 4.89921e+06
55 3.55676e+06
108 4.56559e+06
179 7.35875e+06
130 5.2353e+06
164 6.62198e+06
134 5.50229e+06
145 5.66606e+06
173 6.91158e+06
159 6.4181e+06
48 3.44647e+06
153 6.10916e+06
193 9.62073e+06
91 4.00502e+06
152 5.76687e+06
175 7.16805e+06
93 4.25261e+06
183 7.37653e+06
185 7.68929e+06
98 4.36166e+06
103 4.38802e+06
86 3.94511e+06
133 5.49296e+06
186 7.70634e+06
54 3.52155e+06
110 4.85224e+06
87 3.97103e+06
102 4.38566e+06
199 1.07832e+07
94 4.361e+06
Thế hệ thứ: 26
199 1.07832e+07
189 7.90115e+06
200 1.09505e+07
85 3.60659e+06
192 9.36263e+06
49 3.51791e+06
43 3.3404e+06
55 3.55676e+06
120 4.89921e+06
195 1.00733e+07
179 7.35875e+06
130 5.2353e+06
164 6.62198e+06
134 5.50229e+06
145 5.66606e+06
173 6.91158e+06
159 6.4181e+06
48 3.44647e+06
153 6.10916e+06
87 3.97103e+06
193 9.62073e+06
91 4.00502e+06
152 5.76687e+06
108 4.56559e+06
175 7.16805e+06
183 7.37653e+06
98 4.36166e+06
185 7.68929e+06
103 4.38802e+06
86 3.94511e+06
133 5.49296e+06
186 7.70634e+06
54 3.52155e+06
102 4.38566e+06
114 4.8387e+06
94 4.0859e+06
Thế hệ thứ: 27
85 3.60659e+06
192 9.36263e+06
49 3.51791e+06
43 3.3404e+06
179 7.35875e+06
130 5.2353e+06
199 1.07832e+07
189 7.90115e+06
200 1.09505e+07
55 3.55676e+06
195 1.00733e+07
120 4.89921e+06
164 6.62198e+06
134 5.50229e+06
145 5.66606e+06
173 6.91158e+06
159 6.4181e+06
48 3.44647e+06
153 6.10916e+06
108 4.56559e+06
114 4.8387e+06
193 9.62073e+06
91 4.00502e+06
152 5.76687e+06
175 7.16805e+06
94 4.0859e+06
185 7.68929e+06
98 4.36166e+06
183 7.37653e+06
103 4.38802e+06
133 5.49296e+06
186 7.70634e+06
54 3.52155e+06
87 3.97103e+06
102 4.38566e+06
86 3.89127e+06
45 3.3606e+06
Thế hệ thứ: 28
179 7.35875e+06
199 1.07832e+07
189 7.90115e+06
200 1.09505e+07
85 3.60659e+06
192 9.36263e+06
49 3.51791e+06
43 3.3404e+06
55 3.55676e+06
195 1.00733e+07
120 4.89921e+06
164 6.62198e+06
134 5.50229e+06
145 5.66606e+06
173 6.91158e+06
159 6.4181e+06
48 3.44647e+06
153 6.10916e+06
108 4.56559e+06
114 4.8387e+06
193 9.62073e+06
91 4.00502e+06
152 5.76687e+06
175 7.16805e+06
94 4.0859e+06
185 7.68929e+06
98 4.36166e+06
183 7.37653e+06
103 4.38802e+06
86 3.89127e+06
133 5.49296e+06
186 7.70634e+06
45 3.3606e+06
87 3.97103e+06
54 3.52155e+06
102 4.38566e+06
130 5.20034e+06
Thế hệ thứ: 29
199 1.07832e+07
189 7.90115e+06
200 1.09505e+07
85 3.60659e+06
192 9.36263e+06
49 3.51791e+06
43 3.3404e+06
55 3.55676e+06
130 5.20034e+06
195 1.00733e+07
164 6.62198e+06
120 4.89921e+06
145 5.66606e+06
173 6.91158e+06
159 6.4181e+06
48 3.44647e+06
153 6.10916e+06
108 4.56559e+06
114 4.8387e+06
193 9.62073e+06
91 4.00502e+06
152 5.76687e+06
175 7.16805e+06
94 4.0859e+06
185 7.68929e+06
98 4.36166e+06
183 7.37653e+06
179 7.35875e+06
103 4.38802e+06
86 3.89127e+06
186 7.70634e+06
87 3.97103e+06
45 3.3606e+06
54 3.52155e+06
134 5.48696e+06
102 4.38308e+06
Thế hệ thứ: 30
199 1.07832e+07
189 7.90115e+06
200 1.09505e+07
85 3.60659e+06
192 9.36263e+06
49 3.51791e+06
43 3.3404e+06
55 3.55676e+06
130 5.20034e+06
195 1.00733e+07
134 5.48696e+06
164 6.62198e+06
145 5.66606e+06
120 4.89921e+06
173 6.91158e+06
159 6.4181e+06
48 3.44647e+06
153 6.10916e+06
108 4.56559e+06
114 4.8387e+06
193 9.62073e+06
91 4.00502e+06
152 5.76687e+06
175 7.16805e+06
102 4.38308e+06
94 4.0859e+06
185 7.68929e+06
98 4.36166e+06
183 7.37653e+06
179 7.35875e+06
103 4.38802e+06
86 3.89127e+06
186 7.70634e+06
45 3.3606e+06
87 3.97103e+06
54 3.52155e+06
47 3.43376e+06
95 4.27938e+06
Thế hệ thứ: 31
199 1.07832e+07
189 7.90115e+06
200 1.09505e+07
85 3.60659e+06
192 9.36263e+06
49 3.51791e+06
43 3.3404e+06
55 3.55676e+06
130 5.20034e+06
195 1.00733e+07
134 5.48696e+06
164 6.62198e+06
145 5.66606e+06
120 4.89921e+06
173 6.91158e+06
159 6.4181e+06
48 3.44647e+06
153 6.10916e+06
108 4.56559e+06
114 4.8387e+06
193 9.62073e+06
152 5.76687e+06
91 4.00502e+06
175 7.16805e+06
183 7.37653e+06
179 7.35875e+06
98 4.36166e+06
185 7.68929e+06
103 4.38802e+06
95 4.27938e+06
102 4.38308e+06
94 4.0859e+06
86 3.89127e+06
186 7.70634e+06
45 3.3606e+06
87 3.97103e+06
54 3.52155e+06
47 3.43376e+06
128 5.14975e+06
197 1.041e+07
Thế hệ thứ: 32
199 1.07832e+07
189 7.90115e+06
200 1.09505e+07
85 3.60659e+06
192 9.36263e+06
49 3.51791e+06
43 3.3404e+06
164 6.62198e+06
128 5.14975e+06
55 3.55676e+06
134 5.48696e+06
145 5.66606e+06
173 6.91158e+06
159 6.4181e+06
48 3.44647e+06
153 6.10916e+06
120 4.89921e+06
108 4.56559e+06
195 1.00733e+07
197 1.041e+07
193 9.62073e+06
91 4.00502e+06
152 5.76687e+06
175 7.16805e+06
130 5.20034e+06
183 7.37653e+06
179 7.35875e+06
98 4.36166e+06
185 7.68929e+06
103 4.38802e+06
95 4.27938e+06
102 4.38308e+06
94 4.0859e+06
86 3.89127e+06
186 7.70634e+06
45 3.3606e+06
87 3.97103e+06
54 3.52155e+06
47 3.43376e+06
114 4.56573e+06
177 7.26533e+06
Thế hệ thứ: 33
199 1.07832e+07
189 7.90115e+06
200 1.09505e+07
85 3.60659e+06
192 9.36263e+06
49 3.51791e+06
43 3.3404e+06
128 5.14975e+06
55 3.55676e+06
120 4.89921e+06
134 5.48696e+06
164 6.62198e+06
145 5.66606e+06
173 6.91158e+06
159 6.4181e+06
48 3.44647e+06
153 6.10916e+06
195 1.00733e+07
114 4.56573e+06
197 1.041e+07
193 9.62073e+06
91 4.00502e+06
152 5.76687e+06
108 4.56559e+06
130 5.20034e+06
183 7.37653e+06
175 7.16805e+06
98 4.36166e+06
185 7.68929e+06
103 4.38802e+06
95 4.27938e+06
102 4.38308e+06
94 4.0859e+06
86 3.89127e+06
186 7.70634e+06
179 7.35875e+06
54 3.52155e+06
177 7.26533e+06
45 3.3606e+06
87 3.97103e+06
47 3.43376e+06
Thế hệ thứ: 34
199 1.07832e+07
189 7.90115e+06
200 1.09505e+07
85 3.60659e+06
192 9.36263e+06
49 3.51791e+06
43 3.3404e+06
55 3.55676e+06
128 5.14975e+06
120 4.89921e+06
134 5.48696e+06
164 6.62198e+06
145 5.66606e+06
173 6.91158e+06
159 6.4181e+06
48 3.44647e+06
153 6.10916e+06
195 1.00733e+07
114 4.56573e+06
197 1.041e+07
193 9.62073e+06
91 4.00502e+06
152 5.76687e+06
108 4.56559e+06
130 5.20034e+06
183 7.37653e+06
175 7.16805e+06
98 4.36166e+06
185 7.68929e+06
103 4.38802e+06
95 4.27938e+06
102 4.38308e+06
94 4.0859e+06
86 3.89127e+06
186 7.70634e+06
179 7.35875e+06
54 3.52155e+06
177 7.26533e+06
45 3.3606e+06
87 3.97103e+06
47 3.43376e+06
191 9.1534e+06
46 3.38576e+06
Thế hệ thứ: 35
199 1.07832e+07
189 7.90115e+06
200 1.09505e+07
85 3.60659e+06
43 3.3404e+06
191 9.1534e+06
128 5.14975e+06
55 3.55676e+06
120 4.89921e+06
134 5.48696e+06
164 6.62198e+06
145 5.66606e+06
173 6.91158e+06
159 6.4181e+06
153 6.10916e+06
195 1.00733e+07
48 3.42714e+06
114 4.56573e+06
197 1.041e+07
193 9.62073e+06
91 4.00502e+06
152 5.76687e+06
108 4.56559e+06
130 5.20034e+06
183 7.37653e+06
192 9.36263e+06
49 3.51791e+06
175 7.16805e+06
98 4.36166e+06
185 7.68929e+06
103 4.38802e+06
95 4.27938e+06
102 4.38308e+06
94 4.0859e+06
86 3.89127e+06
186 7.70634e+06
179 7.35875e+06
54 3.52155e+06
177 7.26533e+06
45 3.3606e+06
87 3.97103e+06
46 3.38576e+06
84 3.60462e+06
Thế hệ thứ: 36
91 4.00502e+06
152 5.76687e+06
84 3.60462e+06
199 1.07832e+07
189 7.90115e+06
200 1.09505e+07
191 9.1534e+06
128 5.14975e+06
55 3.55676e+06
120 4.89921e+06
134 5.48696e+06
164 6.62198e+06
145 5.66606e+06
173 6.91158e+06
159 6.4181e+06
153 6.10916e+06
195 1.00733e+07
48 3.42714e+06
114 4.56573e+06
197 1.041e+07
193 9.62073e+06
108 4.56559e+06
130 5.20034e+06
183 7.37653e+06
192 9.36263e+06
49 3.51791e+06
175 7.16805e+06
98 4.36166e+06
185 7.68929e+06
103 4.38802e+06
95 4.27938e+06
94 4.0859e+06
86 3.89127e+06
186 7.70634e+06
179 7.35875e+06
54 3.52155e+06
177 7.26533e+06
85 3.60659e+06
87 3.97103e+06
46 3.38576e+06
102 4.37542e+06
45 3.29145e+06
143 5.64195e+06
127 5.11205e+06
Thế hệ thứ: 37
164 6.62198e+06
128 5.14975e+06
55 3.55676e+06
45 3.29145e+06
91 4.00502e+06
152 5.76687e+06
84 3.60462e+06
199 1.07832e+07
189 7.90115e+06
200 1.09505e+07
191 9.1534e+06
120 4.89921e+06
173 6.91158e+06
134 5.48696e+06
159 6.4181e+06
153 6.10916e+06
195 1.00733e+07
48 3.42714e+06
114 4.56573e+06
197 1.041e+07
193 9.62073e+06
143 5.64195e+06
127 5.11205e+06
130 5.20034e+06
183 7.37653e+06
145 5.66606e+06
102 4.37542e+06
192 9.36263e+06
49 3.51791e+06
175 7.16805e+06
103 4.38802e+06
98 4.36166e+06
185 7.68929e+06
95 4.27938e+06
94 4.0859e+06
86 3.89127e+06
186 7.70634e+06
179 7.35875e+06
54 3.52155e+06
177 7.26533e+06
85 3.60659e+06
87 3.97103e+06
46 3.38576e+06
113 4.56439e+06
Thế hệ thứ: 38
84 3.6035e+06
91 4.00502e+06
152 5.76687e+06
199 1.07832e+07
189 7.90115e+06
200 1.09505e+07
164 6.62198e+06
128 5.14975e+06
55 3.55676e+06
45 3.29145e+06
120 4.89921e+06
173 6.91158e+06
134 5.48696e+06
159 6.4181e+06
153 6.10916e+06
113 4.56439e+06
195 1.00733e+07
197 1.041e+07
193 9.62073e+06
103 4.38802e+06
143 5.64195e+06
48 3.42714e+06
114 4.56573e+06
127 5.11205e+06
130 5.20034e+06
183 7.37653e+06
145 5.66606e+06
102 4.37542e+06
192 9.36263e+06
49 3.51791e+06
175 7.16805e+06
98 4.36166e+06
185 7.68929e+06
95 4.27938e+06
94 4.0859e+06
86 3.89127e+06
186 7.70634e+06
179 7.35875e+06
54 3.52155e+06
177 7.26533e+06
85 3.60659e+06
87 3.97103e+06
46 3.38576e+06
191 8.24125e+06
151 5.75984e+06
Thế hệ thứ: 39
164 6.62198e+06
128 5.14975e+06
55 3.55676e+06
45 3.29145e+06
152 5.76687e+06
91 4.00502e+06
200 1.09505e+07
191 8.24125e+06
102 4.37542e+06
192 9.36263e+06
49 3.51791e+06
120 4.89921e+06
173 6.91158e+06
134 5.48696e+06
159 6.4181e+06
153 6.10916e+06
113 4.56439e+06
195 1.00733e+07
197 1.041e+07
193 9.62073e+06
199 1.07832e+07
189 7.90115e+06
103 4.38802e+06
143 5.64195e+06
48 3.42714e+06
114 4.56573e+06
93 4.06743e+06
127 5.11205e+06
130 5.20034e+06
183 7.37653e+06
175 7.16805e+06
145 5.66606e+06
98 4.36166e+06
185 7.68929e+06
95 4.27938e+06
94 4.0859e+06
86 3.89127e+06
151 5.75984e+06
186 7.70634e+06
179 7.35875e+06
54 3.52155e+06
177 7.26533e+06
85 3.60659e+06
87 3.97103e+06
46 3.38576e+06
84 3.59602e+06
47 3.40548e+06
Thế hệ thứ: 40
164 6.62198e+06
128 5.14975e+06
55 3.55676e+06
45 3.29145e+06
200 1.09505e+07
191 8.24125e+06
84 3.59602e+06
102 4.37542e+06
192 9.36263e+06
49 3.51791e+06
120 4.89921e+06
173 6.91158e+06
134 5.48696e+06
159 6.4181e+06
153 6.10916e+06
113 4.56439e+06
199 1.07832e+07
189 7.90115e+06
103 4.38802e+06
143 5.64195e+06
90 4.00008e+06
48 3.42714e+06
114 4.56573e+06
93 4.06743e+06
127 5.11205e+06
130 5.20034e+06
183 7.37653e+06
175 7.16805e+06
145 5.66606e+06
98 4.36166e+06
185 7.68929e+06
95 4.27938e+06
86 3.89127e+06
91 4.00502e+06
152 5.76687e+06
151 5.75984e+06
186 7.70634e+06
179 7.35875e+06
85 3.60659e+06
54 3.52155e+06
177 7.26533e+06
87 3.97103e+06
94 4.0859e+06
46 3.38576e+06
47 3.40548e+06
197 9.59318e+06
131 5.21606e+06
Thế hệ thứ: 41
128 5.14975e+06
55 3.55676e+06
45 3.29145e+06
189 7.90115e+06
199 1.07832e+07
200 1.09505e+07
197 9.59318e+06
102 4.37542e+06
192 9.36263e+06
49 3.51791e+06
191 8.24125e+06
84 3.59602e+06
120 4.89921e+06
164 6.62198e+06
173 6.91158e+06
159 6.4181e+06
134 5.48696e+06
153 6.10916e+06
103 4.38802e+06
143 5.64195e+06
113 4.56439e+06
48 3.42714e+06
90 4.00008e+06
114 4.56573e+06
93 4.06743e+06
127 5.11205e+06
183 7.37653e+06
175 7.16805e+06
145 5.66606e+06
94 4.0859e+06
131 5.21606e+06
98 4.36166e+06
185 7.68929e+06
95 4.27938e+06
86 3.89127e+06
91 4.00502e+06
152 5.76687e+06
151 5.75984e+06
186 7.70634e+06
179 7.35875e+06
85 3.60659e+06
54 3.52155e+06
177 7.26533e+06
87 3.97103e+06
130 5.20034e+06
46 3.38576e+06
47 3.40548e+06
190 8.00061e+06
Thế hệ thứ: 42
128 5.14975e+06
55 3.55676e+06
189 7.90115e+06
199 1.07832e+07
200 1.09505e+07
197 9.59318e+06
102 4.37542e+06
192 9.36263e+06
49 3.51791e+06
46 3.377e+06
84 3.59602e+06
191 8.24125e+06
120 4.89921e+06
173 6.91158e+06
159 6.4181e+06
134 5.48696e+06
153 6.10916e+06
103 4.38802e+06
143 5.64195e+06
113 4.56439e+06
48 3.42714e+06
90 4.00008e+06
114 4.56573e+06
93 4.06743e+06
127 5.11205e+06
183 7.37653e+06
175 7.16805e+06
145 5.66606e+06
94 4.0859e+06
131 5.21606e+06
185 7.68929e+06
95 4.27938e+06
86 3.89127e+06
91 4.00502e+06
152 5.76687e+06
151 5.75984e+06
190 8.00061e+06
186 7.70634e+06
179 7.35875e+06
85 3.60659e+06
54 3.52155e+06
177 7.26533e+06
130 5.20034e+06
47 3.40548e+06
169 6.58592e+06
136 5.59183e+06
45 3.23506e+06
163 6.58473e+06
87 3.9459e+06
101 4.33699e+06
Thế hệ thứ: 43
189 7.90115e+06
199 1.07832e+07
200 1.09505e+07
45 3.23506e+06
197 9.59318e+06
102 4.37542e+06
192 9.36263e+06
49 3.51791e+06
128 5.14975e+06
55 3.55676e+06
169 6.58592e+06
84 3.59602e+06
191 8.24125e+06
120 4.89921e+06
153 6.10916e+06
159 6.4181e+06
173 6.91158e+06
103 4.38802e+06
113 4.56439e+06
48 3.42714e+06
90 4.00008e+06
114 4.56573e+06
163 6.58473e+06
93 4.06743e+06
127 5.11205e+06
183 7.37653e+06
134 5.48696e+06
143 5.64195e+06
136 5.59183e+06
95 4.27938e+06
175 7.16805e+06
145 5.66606e+06
94 4.0859e+06
131 5.21606e+06
185 7.68929e+06
151 5.75984e+06
91 4.00502e+06
152 5.76687e+06
101 4.33699e+06
190 8.00061e+06
86 3.89127e+06
186 7.70634e+06
179 7.35875e+06
85 3.60659e+06
54 3.52155e+06
177 7.26533e+06
87 3.9459e+06
130 5.20034e+06
46 3.31613e+06
47 3.40548e+06
115 4.56826e+06
42 3.1966e+06
Thế hệ thứ: 44
189 7.90115e+06
199 1.07832e+07
200 1.09505e+07
192 9.36263e+06
49 3.51791e+06
42 3.1966e+06
197 9.59318e+06
128 5.14975e+06
55 3.55676e+06
169 6.58592e+06
84 3.59602e+06
191 8.24125e+06
120 4.89921e+06
153 6.10916e+06
159 6.4181e+06
173 6.91158e+06
103 4.38802e+06
113 4.56439e+06
163 6.58473e+06
93 4.06743e+06
127 5.11205e+06
115 4.56826e+06
183 7.37653e+06
134 5.48696e+06
143 5.64195e+06
136 5.59183e+06
95 4.27938e+06
175 7.16805e+06
145 5.66606e+06
94 4.0859e+06
131 5.21606e+06
185 7.68929e+06
91 4.00502e+06
152 5.76687e+06
151 5.75984e+06
101 4.33699e+06
190 8.00061e+06
86 3.89127e+06
186 7.70634e+06
179 7.35875e+06
85 3.60659e+06
54 3.52155e+06
177 7.26533e+06
45 3.23506e+06
87 3.9459e+06
47 3.40548e+06
46 3.31613e+06
48 3.42714e+06
90 4.00008e+06
130 5.20034e+06
137 5.59506e+06
Thế hệ thứ: 45
192 9.36263e+06
49 3.51791e+06
42 3.1966e+06
189 7.90115e+06
199 1.07832e+07
200 1.09505e+07
197 9.59318e+06
128 5.14975e+06
55 3.55676e+06
169 6.58592e+06
84 3.59602e+06
191 8.24125e+06
120 4.89921e+06
153 6.10916e+06
159 6.4181e+06
173 6.91158e+06
103 4.38802e+06
113 4.56439e+06
115 4.56826e+06
47 3.39768e+06
163 6.58473e+06
93 4.06743e+06
127 5.11205e+06
183 7.37653e+06
134 5.48696e+06
95 4.27938e+06
145 5.66606e+06
101 4.33699e+06
94 4.0859e+06
131 5.21606e+06
185 7.68929e+06
136 5.59183e+06
143 5.64195e+06
91 4.00502e+06
152 5.76687e+06
151 5.75984e+06
190 8.00061e+06
86 3.89127e+06
186 7.70634e+06
179 7.35875e+06
137 5.59506e+06
162 6.57354e+06
85 3.60659e+06
54 3.52155e+06
177 7.26533e+06
45 3.23506e+06
87 3.9459e+06
46 3.31613e+06
48 3.42714e+06
90 4.00008e+06
130 5.20034e+06
176 6.98471e+06
Thế hệ thứ: 46
192 9.36263e+06
49 3.51791e+06
42 3.1966e+06
189 7.90115e+06
199 1.07832e+07
200 1.09505e+07
197 9.59318e+06
55 3.55676e+06
169 6.58592e+06
84 3.59602e+06
191 8.24125e+06
120 4.89921e+06
153 6.10916e+06
159 6.4181e+06
103 4.38802e+06
113 4.56439e+06
173 6.91158e+06
115 4.56826e+06
93 4.06743e+06
183 7.37653e+06
134 5.48696e+06
95 4.27938e+06
176 6.98471e+06
54 3.52155e+06
177 7.26533e+06
145 5.66606e+06
101 4.33699e+06
94 4.0859e+06
131 5.21606e+06
185 7.68929e+06
143 5.64195e+06
136 5.59183e+06
91 4.00502e+06
152 5.76687e+06
151 5.75984e+06
190 8.00061e+06
86 3.89127e+06
186 7.70634e+06
179 7.35875e+06
137 5.59506e+06
162 6.57354e+06
85 3.60659e+06
163 6.58473e+06
45 3.23506e+06
87 3.9459e+06
46 3.31613e+06
48 3.42714e+06
90 4.00008e+06
129 5.06322e+06
Thế hệ thứ: 47
189 7.90115e+06
199 1.07832e+07
198 9.57272e+06
200 1.09505e+07
192 9.36263e+06
49 3.51791e+06
42 3.1966e+06
55 3.55676e+06
169 6.58592e+06
84 3.59602e+06
191 8.24125e+06
120 4.89921e+06
153 6.10916e+06
159 6.4181e+06
129 5.06322e+06
103 4.38802e+06
48 3.31659e+06
113 4.56439e+06
173 6.91158e+06
115 4.56826e+06
94 4.0859e+06
131 5.21606e+06
183 7.37653e+06
134 5.48696e+06
95 4.27938e+06
176 6.98471e+06
54 3.52155e+06
177 7.26533e+06
145 5.66606e+06
101 4.33699e+06
185 7.68929e+06
136 5.59183e+06
143 5.64195e+06
91 4.00502e+06
152 5.76687e+06
151 5.75984e+06
190 8.00061e+06
86 3.89127e+06
186 7.70634e+06
179 7.35875e+06
137 5.59506e+06
162 6.57354e+06
85 3.60659e+06
163 6.58473e+06
90 4.00008e+06
46 3.31613e+06
45 3.23506e+06
87 3.9459e+06
93 4.06743e+06
156 6.13922e+06
135 5.48865e+06
Thế hệ thứ: 48
189 7.90115e+06
198 9.57272e+06
192 9.36263e+06
49 3.51791e+06
42 3.1966e+06
55 3.55676e+06
169 6.58592e+06
84 3.59602e+06
191 8.24125e+06
120 4.89921e+06
129 5.06322e+06
103 4.38802e+06
48 3.31659e+06
113 4.56439e+06
173 6.91158e+06
159 6.4181e+06
115 4.56826e+06
94 4.0859e+06
131 5.21606e+06
183 7.37653e+06
156 6.13922e+06
95 4.27938e+06
153 6.10916e+06
176 6.98471e+06
54 3.52155e+06
177 7.26533e+06
145 5.66606e+06
101 4.33699e+06
185 7.68929e+06
134 5.48696e+06
136 5.59183e+06
143 5.64195e+06
91 4.00502e+06
152 5.76687e+06
151 5.75984e+06
190 8.00061e+06
86 3.89127e+06
186 7.70634e+06
179 7.35875e+06
137 5.59506e+06
162 6.57354e+06
85 3.60659e+06
163 6.58473e+06
45 3.23506e+06
87 3.9459e+06
90 4.00008e+06
46 3.31613e+06
93 4.06743e+06
200 1.0755e+07
Thế hệ thứ: 49
169 6.58592e+06
84 3.59602e+06
200 1.0755e+07
192 9.36263e+06
49 3.51791e+06
42 3.1966e+06
198 9.57272e+06
55 3.55676e+06
191 8.24125e+06
120 4.89921e+06
129 5.06322e+06
103 4.38802e+06
48 3.31659e+06
113 4.56439e+06
173 6.91158e+06
159 6.4181e+06
115 4.56826e+06
94 4.0859e+06
131 5.21606e+06
183 7.37653e+06
134 5.48696e+06
156 6.13922e+06
95 4.27938e+06
153 6.10916e+06
176 6.98471e+06
54 3.52155e+06
177 7.26533e+06
145 5.66606e+06
101 4.33699e+06
189 7.90115e+06
185 7.68929e+06
136 5.59183e+06
143 5.64195e+06
91 4.00502e+06
152 5.76687e+06
190 8.00061e+06
151 5.75984e+06
86 3.89127e+06
186 7.70634e+06
179 7.35875e+06
162 6.57354e+06
85 3.60659e+06
137 5.59506e+06
163 6.58473e+06
45 3.23506e+06
87 3.9459e+06
90 4.00008e+06
46 3.31613e+06
93 4.06743e+06
Thế hệ thứ: 50
199 1.51123e+07
161 7.80776e+06
200 1.51505e+07
173 8.31704e+06
157 7.76435e+06
185 1.06293e+07
73 4.93824e+06
131 6.13248e+06
186 1.26494e+07
71 4.31365e+06
168 7.87796e+06
176 8.58482e+06
178 9.89116e+06
154 7.02692e+06
Thế hệ thứ: 51
71 4.31365e+06
154 7.02692e+06
131 6.13248e+06
86 5.13588e+06
173 7.68076e+06
81 4.50513e+06
44 3.3155e+06
192 1.20008e+07
150 6.33677e+06
186 9.78518e+06
177 8.02673e+06
200 1.25469e+07
43 3.29628e+06
Thế hệ thứ: 52
98 4.56731e+06
200 1.25469e+07
131 6.13248e+06
186 9.78518e+06
177 8.02673e+06
192 1.20008e+07
44 3.3155e+06
154 7.02692e+06
173 7.68076e+06
150 6.33677e+06
81 4.50513e+06
56 3.87502e+06
54 3.84679e+06
43 3.29606e+06
103 5.30201e+06
61 4.12875e+06
79 4.23934e+06
Thế hệ thứ: 53
200 1.25469e+07
186 9.78518e+06
154 7.02692e+06
177 8.02673e+06
192 1.20008e+07
173 7.68076e+06
150 6.33677e+06
98 4.56731e+06
79 4.23934e+06
81 4.50513e+06
70 3.78761e+06
139 5.9532e+06
44 3.27843e+06
132 4.88937e+06
Thế hệ thứ: 54
177 8.02673e+06
192 1.20008e+07
44 3.27843e+06
200 1.25469e+07
132 4.88937e+06
70 3.78761e+06
184 9.63399e+06
98 4.56731e+06
154 7.02692e+06
139 5.9532e+06
150 6.33677e+06
81 4.50513e+06
79 4.23934e+06
69 3.78315e+06
187 1.13671e+07
80 4.24177e+06
173 7.57332e+06
186 9.78387e+06
96 4.53135e+06
Thế hệ thứ: 55
177 8.02673e+06
44 3.27843e+06
200 1.25469e+07
132 4.88937e+06
154 7.02692e+06
188 1.01513e+07
184 9.63399e+06
139 5.9532e+06
173 7.57332e+06
150 6.33677e+06
186 9.78387e+06
70 3.78761e+06
79 4.23934e+06
80 4.24177e+06
103 4.42595e+06
181 9.01412e+06
69 3.76336e+06
193 1.1469e+07
Thế hệ thứ: 56
44 3.27843e+06
103 4.42595e+06
200 1.25469e+07
69 3.76336e+06
132 4.88937e+06
193 1.1469e+07
50 3.67487e+06
139 5.9532e+06
173 7.57332e+06
184 9.63399e+06
172 7.28313e+06
70 3.78761e+06
181 9.01412e+06
150 6.33677e+06
177 8.02673e+06
80 4.24177e+06
79 4.23934e+06
186 9.78387e+06
197 1.1705e+07
192 9.88091e+06
164 6.66092e+06
43 3.2328e+06
Thế hệ thứ: 57
200 1.25469e+07
69 3.76336e+06
132 4.88937e+06
43 3.2328e+06
50 3.67487e+06
139 5.9532e+06
164 6.66092e+06
150 6.33677e+06
193 1.1469e+07
192 9.88091e+06
70 3.78761e+06
172 7.28313e+06
181 9.01412e+06
177 8.02673e+06
197 1.1705e+07
184 9.63399e+06
173 7.57332e+06
44 3.27843e+06
186 9.78387e+06
51 3.67487e+06
93 4.19326e+06
85 3.91988e+06
179 8.2196e+06
103 4.42206e+06
109 4.54852e+06
Thế hệ thứ: 58
200 1.25469e+07
69 3.76336e+06
132 4.88937e+06
43 3.2328e+06
109 4.54852e+06
164 6.66092e+06
150 6.33677e+06
192 9.88091e+06
85 3.91988e+06
181 9.01412e+06
70 3.78761e+06
172 7.28313e+06
93 4.19326e+06
103 4.42206e+06
179 8.2196e+06
51 3.67487e+06
184 9.63399e+06
177 8.02673e+06
44 3.27843e+06
197 1.06251e+07
186 9.78387e+06
174 7.54867e+06
82 3.87909e+06
72 3.84865e+06
50 3.60767e+06
148 5.9462e+06
Thế hệ thứ: 59
200 1.25469e+07
69 3.76336e+06
132 4.88937e+06
43 3.2328e+06
70 3.78761e+06
172 7.28313e+06
181 9.01412e+06
186 9.78387e+06
197 1.06251e+07
148 5.9462e+06
164 6.66092e+06
109 4.54852e+06
50 3.60767e+06
150 6.33677e+06
93 4.19326e+06
192 9.88091e+06
103 4.42206e+06
51 3.67487e+06
179 8.2196e+06
184 9.63399e+06
174 7.54867e+06
86 4.08506e+06
177 8.02673e+06
85 3.91988e+06
82 3.87909e+06
44 3.27843e+06
141 5.89116e+06
73 3.85446e+06
72 3.84018e+06
Thế hệ thứ: 60
137 5.78708e+06
200 1.25469e+07
69 3.76336e+06
132 4.88937e+06
70 3.78761e+06
172 7.28313e+06
181 9.01412e+06
197 1.06251e+07
141 5.89116e+06
164 6.66092e+06
109 4.54852e+06
50 3.60767e+06
150 6.33677e+06
192 9.88091e+06
93 4.19326e+06
103 4.42206e+06
51 3.67487e+06
179 8.2196e+06
174 7.54867e+06
148 5.9462e+06
72 3.84018e+06
86 4.08506e+06
177 8.02673e+06
44 3.27843e+06
82 3.87909e+06
73 3.85446e+06
85 3.91988e+06
71 3.82028e+06
43 3.18083e+06
83 3.8832e+06
187 9.02415e+06
Thế hệ thứ: 61
137 5.78708e+06
200 1.25469e+07
43 3.18083e+06
39 3.17928e+06
197 1.06251e+07
192 9.88091e+06
132 4.88937e+06
69 3.76336e+06
164 6.66092e+06
109 4.54852e+06
50 3.60767e+06
150 6.33677e+06
187 9.02415e+06
70 3.78761e+06
181 9.01412e+06
172 7.28313e+06
51 3.66115e+06
93 4.19326e+06
103 4.42206e+06
52 3.67801e+06
179 8.2196e+06
174 7.54867e+06
148 5.9462e+06
72 3.84018e+06
86 4.08506e+06
177 8.02673e+06
44 3.27843e+06
141 5.89116e+06
83 3.8832e+06
73 3.85446e+06
82 3.87909e+06
85 3.91988e+06
71 3.82028e+06
Thế hệ thứ: 62
200 1.25469e+07
39 3.17928e+06
197 1.06251e+07
192 9.88091e+06
69 3.76336e+06
132 4.88937e+06
109 4.54852e+06
50 3.60767e+06
150 6.33677e+06
187 9.02415e+06
70 3.78761e+06
181 9.01412e+06
172 7.28313e+06
51 3.66115e+06
93 4.19326e+06
103 4.42206e+06
52 3.67801e+06
179 8.2196e+06
174 7.54867e+06
148 5.9462e+06
72 3.84018e+06
86 4.08506e+06
177 8.02673e+06
44 3.27843e+06
141 5.89116e+06
83 3.8832e+06
73 3.85446e+06
82 3.87909e+06
43 3.18083e+06
85 3.91988e+06
71 3.82028e+06
164 6.4218e+06
84 3.88785e+06
140 5.76689e+06
38 3.16242e+06
Thế hệ thứ: 63
200 1.25469e+07
70 3.78761e+06
181 9.01412e+06
39 3.17928e+06
197 1.06251e+07
38 3.16242e+06
192 9.88091e+06
69 3.76336e+06
172 7.15248e+06
132 4.88937e+06
164 6.4218e+06
109 4.54852e+06
71 3.82028e+06
140 5.76689e+06
187 9.02415e+06
50 3.60767e+06
51 3.66115e+06
93 4.19326e+06
103 4.42206e+06
52 3.67801e+06
179 8.2196e+06
148 5.9462e+06
86 4.08506e+06
72 3.84018e+06
177 8.02673e+06
44 3.27843e+06
141 5.89116e+06
83 3.8832e+06
73 3.85446e+06
82 3.87909e+06
176 7.49236e+06
43 3.18083e+06
85 3.91988e+06
84 3.88785e+06
155 6.18022e+06
Thế hệ thứ: 64
200 1.25469e+07
54 3.68097e+06
39 3.17928e+06
197 1.06251e+07
38 3.16242e+06
69 3.76336e+06
172 7.15248e+06
132 4.88937e+06
192 9.88091e+06
109 4.54852e+06
164 6.4218e+06
71 3.82028e+06
187 9.02415e+06
155 6.18022e+06
51 3.66115e+06
93 4.19326e+06
103 4.42206e+06
70 3.78761e+06
181 9.01412e+06
52 3.67801e+06
179 8.2196e+06
176 7.49236e+06
43 3.18083e+06
148 5.9462e+06
72 3.84018e+06
86 4.08506e+06
177 8.02673e+06
44 3.27843e+06
50 3.60767e+06
83 3.8832e+06
73 3.85446e+06
82 3.87909e+06
85 3.91988e+06
84 3.88785e+06
95 4.36981e+06
144 5.50089e+06
Thế hệ thứ: 65
200 1.25469e+07
144 5.50089e+06
39 3.17928e+06
54 3.68097e+06
197 1.06251e+07
38 3.16242e+06
192 9.88091e+06
69 3.76336e+06
132 4.88937e+06
172 7.15248e+06
109 4.54852e+06
164 6.4218e+06
187 9.02415e+06
155 6.18022e+06
148 5.9462e+06
70 3.78761e+06
181 9.01412e+06
179 8.2196e+06
176 7.49236e+06
43 3.18083e+06
103 4.42206e+06
72 3.84018e+06
86 4.08506e+06
177 8.02673e+06
44 3.27843e+06
95 4.36981e+06
93 4.19326e+06
50 3.60767e+06
83 3.8832e+06
73 3.85446e+06
82 3.87909e+06
85 3.91988e+06
71 3.82028e+06
84 3.88785e+06
53 3.63736e+06
Thế hệ thứ: 66
200 1.25469e+07
144 5.50089e+06
54 3.68097e+06
197 1.06251e+07
38 3.16242e+06
192 9.88091e+06
132 4.88937e+06
172 7.15248e+06
109 4.54852e+06
164 6.4218e+06
187 9.02415e+06
155 6.18022e+06
148 5.9462e+06
181 9.01412e+06
179 8.2196e+06
43 3.18083e+06
103 4.42206e+06
86 4.08506e+06
177 8.02673e+06
50 3.60767e+06
44 3.27843e+06
95 4.36981e+06
93 4.19326e+06
83 3.8832e+06
82 3.87909e+06
85 3.91988e+06
53 3.63736e+06
40 3.17859e+06
176 7.49236e+06
84 3.88469e+06
78 3.76216e+06
Thế hệ thứ: 67
200 1.25469e+07
144 5.50089e+06
54 3.68097e+06
197 1.06251e+07
38 3.16242e+06
192 9.88091e+06
132 4.88937e+06
172 7.15248e+06
109 4.54852e+06
164 6.4218e+06
85 3.91988e+06
78 3.76216e+06
187 9.02415e+06
155 6.18022e+06
148 5.9462e+06
179 8.2196e+06
84 3.88469e+06
176 7.49236e+06
103 4.42206e+06
86 4.08506e+06
177 8.02673e+06
44 3.27843e+06
95 4.36981e+06
93 4.19326e+06
82 3.87909e+06
43 3.18083e+06
40 3.17859e+06
53 3.63736e+06
83 3.8832e+06
182 8.72794e+06
77 3.74948e+06
50 3.57125e+06
104 4.42937e+06
Thế hệ thứ: 68
144 5.50089e+06
54 3.68097e+06
197 1.06251e+07
38 3.16242e+06
192 9.88091e+06
132 4.88937e+06
109 4.54852e+06
164 6.4218e+06
187 9.02415e+06
77 3.74948e+06
155 6.18022e+06
148 5.9462e+06
84 3.88469e+06
179 8.2196e+06
86 4.08506e+06
50 3.57125e+06
95 4.36981e+06
44 3.27843e+06
103 4.42206e+06
104 4.42937e+06
85 3.91988e+06
78 3.76216e+06
82 3.87909e+06
53 3.63736e+06
43 3.18083e+06
40 3.17859e+06
83 3.8832e+06
178 7.35288e+06
182 8.49659e+06
172 6.87779e+06
200 1.18373e+07
39 3.168e+06
94 4.17657e+06
Thế hệ thứ: 69
164 6.4218e+06
200 1.18373e+07
144 5.50089e+06
187 9.02415e+06
54 3.68097e+06
197 1.06251e+07
192 9.88091e+06
132 4.88937e+06
109 4.54852e+06
94 4.17657e+06
178 7.35288e+06
172 6.87779e+06
77 3.74948e+06
155 6.18022e+06
148 5.9462e+06
182 8.49659e+06
50 3.57125e+06
86 4.08506e+06
95 4.36981e+06
103 4.42206e+06
104 4.42937e+06
85 3.91988e+06
78 3.76216e+06
82 3.87909e+06
53 3.63736e+06
43 3.18083e+06
40 3.17859e+06
84 3.88469e+06
83 3.8832e+06
39 3.14707e+06
179 8.04301e+06
100 4.41885e+06
45 3.23731e+06
Thế hệ thứ: 70
164 6.4218e+06
200 1.18373e+07
192 9.88091e+06
132 4.88937e+06
85 3.91988e+06
78 3.76216e+06
39 3.14707e+06
144 5.50089e+06
187 9.02415e+06
54 3.68097e+06
197 1.06251e+07
109 4.54852e+06
172 6.87779e+06
94 4.17657e+06
178 7.35288e+06
100 4.41885e+06
182 8.49659e+06
77 3.74948e+06
179 8.04301e+06
155 6.18022e+06
148 5.9462e+06
50 3.57125e+06
45 3.23731e+06
86 4.08506e+06
95 4.36981e+06
104 4.42937e+06
82 3.87909e+06
43 3.18083e+06
53 3.63736e+06
40 3.17859e+06
103 4.42206e+06
84 3.88469e+06
83 3.8832e+06
Thế hệ thứ: 71
164 6.4218e+06
200 1.18373e+07
192 9.88091e+06
132 4.88937e+06
85 3.91988e+06
78 3.76216e+06
39 3.14707e+06
144 5.50089e+06
187 9.02415e+06
54 3.68097e+06
197 1.06251e+07
109 4.54852e+06
172 6.87779e+06
94 4.17657e+06
178 7.35288e+06
100 4.41885e+06
77 3.74948e+06
179 8.04301e+06
155 6.18022e+06
148 5.9462e+06
50 3.57125e+06
45 3.23731e+06
86 4.08506e+06
95 4.36981e+06
104 4.42937e+06
82 3.87909e+06
43 3.18083e+06
53 3.63736e+06
40 3.17859e+06
103 4.42206e+06
84 3.88469e+06
83 3.8832e+06
182 8.25992e+06
Thế hệ thứ: 72
164 6.4218e+06
200 1.18373e+07
192 9.88091e+06
132 4.88937e+06
85 3.91988e+06
78 3.76216e+06
39 3.14707e+06
144 5.50089e+06
187 9.02415e+06
54 3.68097e+06
197 1.06251e+07
109 4.54852e+06
172 6.87779e+06
94 4.17657e+06
178 7.35288e+06
50 3.57125e+06
182 8.25992e+06
163 6.42001e+06
77 3.74948e+06
155 6.18022e+06
148 5.9462e+06
179 8.04301e+06
45 3.23731e+06
86 4.08506e+06
95 4.36981e+06
100 4.41885e+06
104 4.42937e+06
82 3.87909e+06
43 3.18083e+06
53 3.63736e+06
40 3.17859e+06
103 4.42206e+06
84 3.88469e+06
83 3.8832e+06
51 3.63603e+06
Thế hệ thứ: 73
192 9.88091e+06
132 4.88937e+06
85 3.91988e+06
78 3.76216e+06
39 3.14707e+06
200 1.18373e+07
144 5.50089e+06
187 9.02415e+06
54 3.68097e+06
197 1.06251e+07
109 4.54852e+06
94 4.17657e+06
178 7.35288e+06
50 3.57125e+06
182 8.25992e+06
77 3.74948e+06
148 5.9462e+06
45 3.23731e+06
86 4.08506e+06
95 4.36981e+06
100 4.41885e+06
104 4.42937e+06
82 3.87909e+06
43 3.18083e+06
40 3.17859e+06
51 3.63603e+06
103 4.42206e+06
53 3.63736e+06
84 3.88469e+06
83 3.8832e+06
99 4.39726e+06
179 7.83653e+06
173 7.18379e+06
172 6.87779e+06
164 6.135e+06
Thế hệ thứ: 74
192 9.88091e+06
173 7.18379e+06
132 4.88937e+06
85 3.91988e+06
78 3.76216e+06
39 3.14707e+06
200 1.18373e+07
187 9.02415e+06
54 3.68097e+06
197 1.06251e+07
164 6.135e+06
144 5.50089e+06
148 5.9462e+06
50 3.57125e+06
182 8.25992e+06
172 6.87779e+06
77 3.74948e+06
179 7.83653e+06
94 4.17657e+06
178 7.35288e+06
45 3.23731e+06
86 4.08506e+06
95 4.36981e+06
82 3.87909e+06
43 3.18083e+06
99 4.39726e+06
40 3.17859e+06
100 4.41885e+06
51 3.63603e+06
53 3.63736e+06
84 3.88469e+06
83 3.8832e+06
46 3.36418e+06
114 4.41901e+06
Thế hệ thứ: 75
192 9.88091e+06
173 7.18379e+06
132 4.88937e+06
85 3.91988e+06
78 3.76216e+06
39 3.14707e+06
200 1.18373e+07
187 9.02415e+06
54 3.68097e+06
197 1.06251e+07
164 6.135e+06
114 4.41901e+06
144 5.50089e+06
148 5.9462e+06
50 3.57125e+06
182 8.25992e+06
172 6.87779e+06
77 3.74948e+06
179 7.83653e+06
94 4.17657e+06
178 7.35288e+06
100 4.41885e+06
86 4.08506e+06
46 3.36418e+06
95 4.36981e+06
82 3.87909e+06
45 3.23731e+06
43 3.18083e+06
99 4.39726e+06
40 3.17859e+06
51 3.63603e+06
53 3.63736e+06
84 3.88469e+06
83 3.8832e+06
177 7.35218e+06
Thế hệ thứ: 76
192 9.88091e+06
173 7.18379e+06
132 4.88937e+06
85 3.91988e+06
78 3.76216e+06
39 3.14707e+06
200 1.18373e+07
187 9.02415e+06
54 3.68097e+06
197 1.06251e+07
164 6.135e+06
114 4.41901e+06
144 5.50089e+06
148 5.9462e+06
50 3.57125e+06
182 8.25992e+06
172 6.87779e+06
83 3.88037e+06
77 3.74948e+06
179 7.83653e+06
100 4.41885e+06
178 7.35288e+06
183 8.98631e+06
94 4.17657e+06
46 3.36418e+06
95 4.36981e+06
177 7.35218e+06
82 3.87909e+06
45 3.23731e+06
43 3.18083e+06
99 4.39726e+06
40 3.17859e+06
51 3.63603e+06
53 3.63736e+06
84 3.88469e+06
86 3.92082e+06
Thế hệ thứ: 77
192 9.88091e+06
173 7.18379e+06
132 4.88937e+06
78 3.76216e+06
39 3.14707e+06
200 1.18373e+07
144 5.50089e+06
54 3.68097e+06
197 1.06251e+07
164 6.135e+06
114 4.41901e+06
148 5.9462e+06
172 6.87779e+06
83 3.88037e+06
187 9.02415e+06
77 3.74948e+06
50 3.57125e+06
182 8.25992e+06
179 7.83653e+06
178 7.35288e+06
183 8.98631e+06
94 4.17657e+06
100 4.41885e+06
46 3.36418e+06
95 4.36981e+06
177 7.35218e+06
82 3.87909e+06
45 3.23731e+06
43 3.18083e+06
99 4.39726e+06
40 3.17859e+06
51 3.63603e+06
53 3.63736e+06
84 3.88469e+06
86 3.89959e+06
134 5.43953e+06
Thế hệ thứ: 78
173 7.18379e+06
132 4.88937e+06
192 9.88091e+06
78 3.76216e+06
39 3.14707e+06
200 1.18373e+07
54 3.68097e+06
197 1.06251e+07
164 6.135e+06
114 4.41901e+06
148 5.9462e+06
172 6.87779e+06
134 5.43953e+06
187 9.02415e+06
77 3.74948e+06
50 3.57125e+06
182 8.25992e+06
144 5.50089e+06
179 7.83653e+06
178 7.35288e+06
183 8.98631e+06
94 4.17657e+06
86 3.89959e+06
100 4.41885e+06
46 3.36418e+06
95 4.36981e+06
177 7.35218e+06
45 3.23731e+06
43 3.18083e+06
99 4.39726e+06
40 3.17859e+06
51 3.63603e+06
53 3.63736e+06
84 3.88469e+06
60 3.68104e+06
83 3.85857e+06
Thế hệ thứ: 79
173 7.18379e+06
132 4.88937e+06
192 9.88091e+06
78 3.76216e+06
39 3.14707e+06
200 1.18373e+07
54 3.68097e+06
197 1.06251e+07
164 6.135e+06
60 3.68104e+06
114 4.41901e+06
148 5.9462e+06
134 5.43953e+06
172 6.87779e+06
187 9.02415e+06
50 3.57125e+06
182 8.25992e+06
144 5.50089e+06
179 7.83653e+06
77 3.74948e+06
178 7.35288e+06
183 8.98631e+06
94 4.17657e+06
86 3.89959e+06
100 4.41885e+06
46 3.36418e+06
95 4.36981e+06
177 7.35218e+06
83 3.85857e+06
45 3.23731e+06
43 3.18083e+06
99 4.39726e+06
40 3.17859e+06
51 3.63603e+06
53 3.63736e+06
84 3.88469e+06
167 6.52769e+06
Thế hệ thứ: 80
200 1.18373e+07
173 7.18379e+06
132 4.88937e+06
192 9.88091e+06
78 3.76216e+06
39 3.14707e+06
54 3.68097e+06
197 1.06251e+07
60 3.68104e+06
114 4.41901e+06
148 5.9462e+06
164 6.135e+06
187 9.02415e+06
50 3.57125e+06
182 8.25992e+06
144 5.50089e+06
172 6.87779e+06
134 5.43953e+06
167 6.52769e+06
179 7.83653e+06
77 3.74948e+06
178 7.35288e+06
183 8.98631e+06
94 4.17657e+06
86 3.89959e+06
100 4.41885e+06
46 3.36418e+06
95 4.36981e+06
177 7.35218e+06
83 3.85857e+06
45 3.23731e+06
43 3.18083e+06
99 4.39726e+06
40 3.17859e+06
51 3.63603e+06
53 3.63736e+06
84 3.88469e+06
61 3.68264e+06
121 4.88273e+06
Thế hệ thứ: 81
200 1.18373e+07
192 9.88091e+06
78 3.76216e+06
39 3.14707e+06
54 3.68097e+06
197 1.06251e+07
148 5.9462e+06
164 6.135e+06
95 4.36981e+06
121 4.88273e+06
60 3.68104e+06
114 4.41901e+06
187 9.02415e+06
50 3.57125e+06
182 8.25992e+06
144 5.50089e+06
172 6.87779e+06
134 5.43953e+06
132 4.88937e+06
167 6.52769e+06
179 7.83653e+06
178 7.35288e+06
183 8.98631e+06
94 4.17657e+06
77 3.74948e+06
46 3.36418e+06
61 3.68264e+06
86 3.89959e+06
100 4.41885e+06
177 7.35218e+06
83 3.85857e+06
45 3.23731e+06
43 3.18083e+06
99 4.39726e+06
40 3.17859e+06
51 3.63603e+06
53 3.63736e+06
84 3.88469e+06
173 7.18379e+06
Thế hệ thứ: 82
200 1.18373e+07
192 9.88091e+06
78 3.76216e+06
39 3.14707e+06
54 3.68097e+06
197 1.06251e+07
148 5.9462e+06
164 6.135e+06
95 4.36981e+06
121 4.88273e+06
60 3.68104e+06
114 4.41901e+06
187 9.02415e+06
50 3.57125e+06
144 5.50089e+06
172 6.87779e+06
134 5.43953e+06
132 4.88937e+06
167 6.52769e+06
179 7.83653e+06
178 7.35288e+06
94 4.17657e+06
77 3.74948e+06
46 3.36418e+06
61 3.68264e+06
86 3.89959e+06
100 4.41885e+06
173 7.18379e+06
177 7.35218e+06
83 3.85857e+06
45 3.23731e+06
49 3.5268e+06
43 3.18083e+06
99 4.39726e+06
40 3.17859e+06
51 3.63603e+06
53 3.63736e+06
84 3.88469e+06
183 8.17129e+06
Thế hệ thứ: 83
200 1.18373e+07
183 8.17129e+06
192 9.88091e+06
78 3.76216e+06
39 3.14707e+06
187 9.02415e+06
54 3.68097e+06
197 1.06251e+07
148 5.9462e+06
164 6.135e+06
60 3.68104e+06
114 4.41901e+06
121 4.88273e+06
144 5.50089e+06
172 6.87779e+06
134 5.43953e+06
132 4.88937e+06
97 4.2624e+06
167 6.52769e+06
179 7.83653e+06
77 3.74948e+06
46 3.36418e+06
61 3.68264e+06
178 7.35288e+06
94 4.17657e+06
86 3.89959e+06
100 4.41885e+06
173 7.18379e+06
177 7.35218e+06
83 3.85857e+06
49 3.5268e+06
43 3.18083e+06
45 3.23731e+06
99 4.39726e+06
40 3.17859e+06
184 8.78566e+06
51 3.63603e+06
50 3.57125e+06
53 3.63736e+06
84 3.88469e+06
149 5.96248e+06
150 6.01233e+06
Thế hệ thứ: 84
200 1.18373e+07
192 9.88091e+06
78 3.76216e+06
39 3.14707e+06
150 6.01233e+06
187 9.02415e+06
197 1.06251e+07
121 4.88273e+06
114 4.41901e+06
164 6.135e+06
144 5.50089e+06
172 6.87779e+06
134 5.43953e+06
132 4.88937e+06
183 8.17129e+06
97 4.2624e+06
167 6.52769e+06
179 7.83653e+06
51 3.63603e+06
184 8.78566e+06
77 3.74948e+06
46 3.36418e+06
61 3.68264e+06
178 7.35288e+06
94 4.17657e+06
86 3.89959e+06
100 4.41885e+06
173 7.18379e+06
148 5.9462e+06
177 7.35218e+06
83 3.85857e+06
43 3.18083e+06
49 3.5268e+06
45 3.23731e+06
99 4.39726e+06
40 3.17859e+06
50 3.57125e+06
53 3.63736e+06
84 3.88469e+06
149 5.96248e+06
60 3.6769e+06
116 4.75838e+06
Thế hệ thứ: 85
200 1.18373e+07
192 9.88091e+06
78 3.76216e+06
39 3.14707e+06
144 5.50089e+06
150 6.01233e+06
187 9.02415e+06
197 1.06251e+07
164 6.135e+06
172 6.87779e+06
134 5.43953e+06
132 4.88937e+06
183 8.17129e+06
114 4.41901e+06
97 4.2624e+06
167 6.52769e+06
179 7.83653e+06
51 3.63603e+06
184 8.78566e+06
77 3.74948e+06
121 4.88273e+06
46 3.36418e+06
61 3.68264e+06
178 7.35288e+06
94 4.17657e+06
60 3.6769e+06
116 4.75838e+06
86 3.89959e+06
100 4.41885e+06
173 7.18379e+06
148 5.9462e+06
53 3.63736e+06
177 7.35218e+06
83 3.85857e+06
43 3.18083e+06
49 3.5268e+06
45 3.23731e+06
99 4.39726e+06
40 3.17859e+06
50 3.57125e+06
84 3.88469e+06
149 5.96248e+06
162 6.1305e+06
Thế hệ thứ: 86
200 1.18373e+07
132 4.88937e+06
192 9.88091e+06
78 3.76216e+06
39 3.14707e+06
144 5.50089e+06
150 6.01233e+06
187 9.02415e+06
197 1.06251e+07
172 6.87779e+06
134 5.43953e+06
183 8.17129e+06
114 4.41901e+06
97 4.2624e+06
167 6.52769e+06
179 7.83653e+06
51 3.63603e+06
184 8.78566e+06
77 3.74948e+06
121 4.88273e+06
46 3.36418e+06
61 3.68264e+06
178 7.35288e+06
94 4.17657e+06
162 6.1305e+06
116 4.75838e+06
86 3.89959e+06
100 4.41885e+06
173 7.18379e+06
148 5.9462e+06
164 6.135e+06
53 3.63736e+06
177 7.35218e+06
83 3.85857e+06
43 3.18083e+06
49 3.5268e+06
45 3.23731e+06
99 4.39726e+06
40 3.17859e+06
50 3.57125e+06
84 3.88469e+06
149 5.96248e+06
87 3.92534e+06
60 3.66913e+06
96 4.24371e+06
Thế hệ thứ: 87
200 1.18373e+07
132 4.88937e+06
192 9.88091e+06
78 3.76216e+06
144 5.50089e+06
150 6.01233e+06
187 9.02415e+06
197 1.06251e+07
172 6.87779e+06
183 8.17129e+06
114 4.41901e+06
97 4.2624e+06
167 6.52769e+06
179 7.83653e+06
51 3.63603e+06
184 8.78566e+06
46 3.36418e+06
61 3.68264e+06
77 3.74948e+06
121 4.88273e+06
162 6.1305e+06
116 4.75838e+06
100 4.41885e+06
178 7.35288e+06
94 4.17657e+06
148 5.9462e+06
87 3.92534e+06
164 6.135e+06
53 3.63736e+06
39 3.12777e+06
86 3.89959e+06
60 3.66913e+06
177 7.35218e+06
83 3.85857e+06
43 3.18083e+06
49 3.5268e+06
45 3.23731e+06
99 4.39726e+06
40 3.17859e+06
96 4.24371e+06
50 3.57125e+06
84 3.88469e+06
149 5.96248e+06
173 7.15021e+06
134 5.29732e+06
Thế hệ thứ: 88
200 1.18373e+07
60 3.66913e+06
86 3.89959e+06
39 3.12777e+06
144 5.50089e+06
187 9.02415e+06
197 1.06251e+07
183 8.17129e+06
132 4.88937e+06
134 5.29732e+06
192 9.88091e+06
114 4.41901e+06
97 4.2624e+06
173 7.15021e+06
167 6.52769e+06
179 7.83653e+06
184 8.78566e+06
46 3.36418e+06
61 3.68264e+06
77 3.74948e+06
121 4.88273e+06
172 6.87779e+06
162 6.1305e+06
116 4.75838e+06
100 4.41885e+06
178 7.35288e+06
94 4.17657e+06
87 3.92534e+06
164 6.135e+06
53 3.63736e+06
83 3.85857e+06
177 7.35218e+06
78 3.76216e+06
49 3.5268e+06
45 3.23731e+06
99 4.39726e+06
96 4.24371e+06
84 3.88469e+06
98 4.32873e+06
43 3.15195e+06
152 5.676e+06
51 3.54865e+06
Thế hệ thứ: 89
200 1.18373e+07
60 3.66913e+06
86 3.89959e+06
39 3.12777e+06
144 5.50089e+06
187 9.02415e+06
197 1.06251e+07
132 4.88937e+06
134 5.29732e+06
192 9.88091e+06
100 4.41885e+06
152 5.676e+06
183 8.17129e+06
114 4.41901e+06
97 4.2624e+06
173 7.15021e+06
167 6.52769e+06
162 6.1305e+06
179 7.83653e+06
176 7.28595e+06
46 3.36418e+06
61 3.68264e+06
77 3.74948e+06
121 4.88273e+06
172 6.87779e+06
116 4.75838e+06
178 7.35288e+06
94 4.17657e+06
87 3.92534e+06
164 6.135e+06
53 3.63736e+06
185 8.78273e+06
83 3.85857e+06
177 7.35218e+06
49 3.5268e+06
43 3.15195e+06
78 3.76216e+06
45 3.23731e+06
51 3.54865e+06
96 4.24371e+06
98 4.32873e+06
84 3.88469e+06
99 4.39726e+06
156 5.75225e+06
Thế hệ thứ: 90
200 1.18373e+07
60 3.66913e+06
86 3.89959e+06
39 3.12777e+06
144 5.50089e+06
187 9.02415e+06
197 1.06251e+07
132 4.88937e+06
134 5.29732e+06
183 8.17129e+06
192 9.88091e+06
114 4.41901e+06
97 4.2624e+06
173 7.15021e+06
167 6.52769e+06
185 8.78273e+06
83 3.85857e+06
46 3.36418e+06
176 7.28595e+06
61 3.68264e+06
77 3.74948e+06
121 4.88273e+06
156 5.75225e+06
172 6.87779e+06
152 5.676e+06
100 4.41885e+06
116 4.75838e+06
162 6.1305e+06
94 4.17657e+06
87 3.92534e+06
164 6.135e+06
53 3.63736e+06
49 3.5268e+06
43 3.15195e+06
78 3.76216e+06
45 3.23731e+06
51 3.54865e+06
96 4.24371e+06
98 4.32873e+06
84 3.88469e+06
99 4.39726e+06
180 7.35112e+06
Thế hệ thứ: 91
200 1.18373e+07
86 3.89959e+06
60 3.66913e+06
39 3.12777e+06
144 5.50089e+06
187 9.02415e+06
197 1.06251e+07
183 8.17129e+06
192 9.88091e+06
180 7.35112e+06
132 4.88937e+06
134 5.29732e+06
114 4.41901e+06
97 4.2624e+06
173 7.15021e+06
167 6.52769e+06
185 8.78273e+06
83 3.85857e+06
176 7.28595e+06
46 3.36418e+06
61 3.68264e+06
77 3.74948e+06
121 4.88273e+06
195 1.03935e+07
156 5.75225e+06
172 6.87779e+06
100 4.41885e+06
152 5.676e+06
116 4.75838e+06
162 6.1305e+06
94 4.17657e+06
87 3.92534e+06
164 6.135e+06
53 3.63736e+06
49 3.5268e+06
43 3.15195e+06
78 3.76216e+06
45 3.23731e+06
51 3.54865e+06
96 4.24371e+06
98 4.32873e+06
84 3.88469e+06
99 4.39726e+06
44 3.15904e+06
Thế hệ thứ: 92
200 1.18373e+07
60 3.66913e+06
39 3.12777e+06
183 8.17129e+06
192 9.88091e+06
144 5.50089e+06
187 9.02415e+06
197 1.06251e+07
180 7.35112e+06
132 4.88937e+06
134 5.29732e+06
114 4.41901e+06
173 7.15021e+06
86 3.89063e+06
97 4.2624e+06
167 6.52769e+06
185 8.78273e+06
83 3.85857e+06
156 5.75225e+06
195 1.03935e+07
176 7.28595e+06
46 3.36418e+06
61 3.68264e+06
77 3.74948e+06
121 4.88273e+06
172 6.87779e+06
152 5.676e+06
100 4.41885e+06
116 4.75838e+06
162 6.1305e+06
94 4.17657e+06
87 3.92534e+06
164 6.135e+06
49 3.5268e+06
78 3.76216e+06
51 3.54865e+06
45 3.23731e+06
43 3.15195e+06
96 4.24371e+06
98 4.32873e+06
84 3.88469e+06
99 4.39726e+06
44 3.15904e+06
55 3.55785e+06
Thế hệ thứ: 93
200 1.18373e+07
60 3.66913e+06
39 3.12777e+06
183 8.17129e+06
192 9.88091e+06
144 5.50089e+06
187 9.02415e+06
197 1.06251e+07
180 7.35112e+06
132 4.88937e+06
134 5.29732e+06
114 4.41901e+06
97 4.2624e+06
173 7.15021e+06
86 3.89063e+06
167 6.52769e+06
185 8.78273e+06
83 3.85857e+06
156 5.75225e+06
195 1.03935e+07
176 7.28595e+06
46 3.36418e+06
77 3.74948e+06
121 4.88273e+06
172 6.87779e+06
100 4.41885e+06
152 5.676e+06
116 4.75838e+06
162 6.1305e+06
94 4.17657e+06
87 3.92534e+06
164 6.135e+06
55 3.55785e+06
49 3.5268e+06
78 3.76216e+06
51 3.54865e+06
45 3.23731e+06
43 3.15195e+06
96 4.24371e+06
98 4.32873e+06
99 4.39726e+06
84 3.88469e+06
44 3.15904e+06
61 3.67735e+06
181 7.66636e+06
Thế hệ thứ: 94
200 1.18373e+07
60 3.66913e+06
39 3.12777e+06
132 4.88937e+06
134 5.29732e+06
183 8.17129e+06
192 9.88091e+06
189 8.89522e+06
144 5.50089e+06
197 1.06251e+07
114 4.41901e+06
97 4.2624e+06
86 3.89063e+06
167 6.52769e+06
185 8.78273e+06
83 3.85857e+06
156 5.75225e+06
195 1.03935e+07
77 3.74948e+06
61 3.67735e+06
121 4.88273e+06
181 7.66636e+06
172 6.87779e+06
100 4.41885e+06
152 5.676e+06
116 4.75838e+06
162 6.1305e+06
94 4.17657e+06
87 3.92534e+06
164 6.135e+06
55 3.55785e+06
176 7.28595e+06
46 3.36418e+06
49 3.5268e+06
78 3.76216e+06
51 3.54865e+06
180 7.34957e+06
45 3.23731e+06
43 3.15195e+06
96 4.24371e+06
98 4.32873e+06
99 4.39726e+06
84 3.88469e+06
44 3.15904e+06
187 8.8189e+06
199 1.16124e+07
62 3.68186e+06
174 6.97201e+06
Thế hệ thứ: 95
200 1.18373e+07
60 3.66913e+06
39 3.12777e+06
183 8.17129e+06
192 9.88091e+06
144 5.50089e+06
189 8.89522e+06
197 1.06251e+07
132 4.88937e+06
134 5.29732e+06
114 4.41901e+06
97 4.2624e+06
86 3.89063e+06
167 6.52769e+06
156 5.75225e+06
195 1.03935e+07
181 7.66636e+06
77 3.74948e+06
55 3.55785e+06
62 3.68186e+06
100 4.41885e+06
152 5.676e+06
187 8.8189e+06
185 8.78273e+06
83 3.85857e+06
172 6.87779e+06
162 6.1305e+06
94 4.17657e+06
87 3.92534e+06
176 7.28595e+06
46 3.36418e+06
164 6.135e+06
45 3.23731e+06
180 7.34957e+06
174 6.97201e+06
49 3.5268e+06
78 3.76216e+06
51 3.54865e+06
43 3.15195e+06
96 4.24371e+06
98 4.32873e+06
99 4.39726e+06
84 3.88469e+06
44 3.15904e+06
199 1.12393e+07
61 3.67735e+06
121 4.67465e+06
157 5.79871e+06
Thế hệ thứ: 96
60 3.66913e+06
39 3.12777e+06
183 8.17129e+06
200 1.12459e+07
192 9.88091e+06
121 4.67465e+06
114 4.41901e+06
61 3.67735e+06
199 1.12393e+07
189 8.89522e+06
144 5.50089e+06
134 5.29732e+06
132 4.88937e+06
97 4.2624e+06
86 3.89063e+06
167 6.52769e+06
197 1.06251e+07
156 5.75225e+06
195 1.03935e+07
181 7.66636e+06
157 5.79871e+06
77 3.74948e+06
55 3.55785e+06
62 3.68186e+06
100 4.41885e+06
152 5.676e+06
187 8.8189e+06
185 8.78273e+06
83 3.85857e+06
172 6.87779e+06
94 4.17657e+06
87 3.92534e+06
162 6.1305e+06
176 7.28595e+06
46 3.36418e+06
164 6.135e+06
180 7.34957e+06
45 3.23731e+06
174 6.97201e+06
49 3.5268e+06
78 3.76216e+06
51 3.54865e+06
43 3.15195e+06
96 4.24371e+06
98 4.32873e+06
99 4.39726e+06
84 3.88469e+06
44 3.15904e+06
Thế hệ thứ: 97
60 3.66913e+06
39 3.12777e+06
183 8.17129e+06
200 1.12459e+07
192 9.88091e+06
121 4.67465e+06
114 4.41901e+06
189 8.89522e+06
144 5.50089e+06
134 5.29732e+06
132 4.88937e+06
97 4.2624e+06
167 6.52769e+06
99 4.34113e+06
197 1.06251e+07
156 5.75225e+06
195 1.03935e+07
181 7.66636e+06
157 5.79871e+06
77 3.74948e+06
55 3.55785e+06
62 3.68186e+06
100 4.41885e+06
152 5.676e+06
187 8.8189e+06
185 8.78273e+06
83 3.85857e+06
172 6.87779e+06
94 4.17657e+06
61 3.67735e+06
199 1.12393e+07
87 3.92534e+06
162 6.1305e+06
46 3.36418e+06
164 6.135e+06
45 3.23731e+06
174 6.97201e+06
49 3.5268e+06
78 3.76216e+06
51 3.54865e+06
43 3.15195e+06
96 4.24371e+06
98 4.32873e+06
180 7.34957e+06
44 3.15904e+06
182 7.66765e+06
86 3.87371e+06
176 7.28483e+06
Thế hệ thứ: 98
60 3.66913e+06
182 7.66765e+06
39 3.12777e+06
134 5.29732e+06
132 4.88937e+06
181 7.66526e+06
200 1.12459e+07
192 9.88091e+06
121 4.67465e+06
114 4.41901e+06
189 8.89522e+06
144 5.50089e+06
183 8.17129e+06
97 4.2624e+06
167 6.52769e+06
99 4.34113e+06
197 1.06251e+07
156 5.75225e+06
195 1.03935e+07
157 5.79871e+06
77 3.74948e+06
55 3.55785e+06
62 3.68186e+06
100 4.41885e+06
152 5.676e+06
187 8.8189e+06
185 8.78273e+06
83 3.85857e+06
176 7.28483e+06
172 6.87779e+06
94 4.17657e+06
61 3.67735e+06
86 3.87371e+06
199 1.12393e+07
87 3.92534e+06
162 6.1305e+06
164 6.135e+06
44 3.15904e+06
180 7.34957e+06
174 6.97201e+06
46 3.36418e+06
49 3.5268e+06
78 3.76216e+06
51 3.54865e+06
45 3.23731e+06
43 3.15195e+06
96 4.24371e+06
98 4.32873e+06
59 3.63704e+06
136 5.34464e+06
Thế hệ thứ: 99
39 3.12777e+06
60 3.66913e+06
182 7.66765e+06
183 8.17129e+06
134 5.29732e+06
132 4.88937e+06
181 7.66526e+06
200 1.12459e+07
192 9.88091e+06
121 4.67465e+06
114 4.41901e+06
144 5.50089e+06
189 8.89522e+06
97 4.2624e+06
167 6.52769e+06
99 4.34113e+06
197 1.06251e+07
156 5.75225e+06
195 1.03935e+07
157 5.79871e+06
77 3.74948e+06
55 3.55785e+06
62 3.68186e+06
100 4.41885e+06
152 5.676e+06
187 8.8189e+06
185 8.78273e+06
83 3.85857e+06
176 7.28483e+06
172 6.87779e+06
94 4.17657e+06
61 3.67735e+06
86 3.87371e+06
199 1.12393e+07
136 5.34464e+06
87 3.92534e+06
162 6.1305e+06
164 6.135e+06
44 3.15904e+06
180 7.34957e+06
174 6.97201e+06
46 3.36418e+06
49 3.5268e+06
78 3.76216e+06
59 3.63704e+06
51 3.54865e+06
45 3.23731e+06
43 3.15195e+06
96 4.24371e+06
98 4.32873e+06
Thế hệ thứ: 100
164 7.68082e+06
157 7.53688e+06
199 1.88437e+07
131 7.07965e+06
168 8.09353e+06
194 1.75781e+07
195 1.76655e+07
177 9.46262e+06
148 7.30873e+06
171 8.28016e+06
193 1.36755e+07
175 9.33269e+06
185 1.01586e+07
Thế hệ thứ: 101
185 1.01586e+07
195 1.17345e+07
188 1.11193e+07
177 9.46262e+06
171 8.28016e+06
175 9.33269e+06
200 1.56781e+07
196 1.40418e+07
157 6.52997e+06
135 5.79275e+06
106 4.64865e+06
169 6.94991e+06
121 5.27277e+06
Thế hệ thứ: 102
169 6.94991e+06
106 4.64865e+06
196 1.40418e+07
135 5.79275e+06
200 1.56781e+07
157 6.52997e+06
121 5.27277e+06
177 9.46262e+06
195 1.17345e+07
176 8.00678e+06
69 3.93812e+06
181 9.46983e+06
199 1.52293e+07
190 1.01123e+07
118 5.15128e+06
Thế hệ thứ: 103
190 1.01123e+07
135 5.79275e+06
69 3.93812e+06
106 4.64865e+06
195 1.17345e+07
157 6.52997e+06
176 8.00678e+06
169 6.94991e+06
121 5.27277e+06
118 5.15128e+06
158 6.93864e+06
200 1.52039e+07
199 1.38019e+07
182 8.76796e+06
67 3.89961e+06
Thế hệ thứ: 104
195 1.17345e+07
67 3.89961e+06
69 3.93812e+06
190 1.01123e+07
135 5.79275e+06
106 4.64865e+06
182 8.76796e+06
157 6.52997e+06
169 6.94991e+06
121 5.27277e+06
118 5.15128e+06
158 6.93864e+06
200 1.35829e+07
66 3.82399e+06
177 7.36212e+06
77 4.18599e+06
185 9.96716e+06
Thế hệ thứ: 105
66 3.82399e+06
200 1.35829e+07
195 1.17345e+07
106 4.64865e+06
135 5.79275e+06
184 8.41136e+06
77 4.18599e+06
157 6.52997e+06
177 7.36212e+06
190 1.01123e+07
185 9.96716e+06
121 5.27277e+06
169 6.94991e+06
118 5.15128e+06
158 6.93864e+06
69 3.93812e+06
67 3.89961e+06
194 1.12335e+07
130 5.79038e+06
148 6.19532e+06
196 1.29714e+07
Thế hệ thứ: 106
66 3.82399e+06
148 6.19532e+06
106 4.64865e+06
77 4.18599e+06
184 8.41136e+06
177 7.36212e+06
158 6.93864e+06
196 1.29714e+07
185 9.96716e+06
169 6.94991e+06
194 1.12335e+07
190 1.01123e+07
195 1.17345e+07
118 5.15128e+06
135 5.79275e+06
130 5.79038e+06
121 5.27277e+06
157 6.52997e+06
69 3.93812e+06
67 3.89961e+06
125 5.66958e+06
179 8.03579e+06
200 1.29898e+07
181 8.17428e+06
Thế hệ thứ: 107
66 3.82399e+06
184 8.41136e+06
169 6.94991e+06
194 1.12335e+07
148 6.19532e+06
106 4.64865e+06
185 9.96716e+06
190 1.01123e+07
195 1.17345e+07
177 7.36212e+06
118 5.15128e+06
135 5.79275e+06
158 6.93864e+06
157 6.52997e+06
125 5.66958e+06
179 8.03579e+06
121 5.27277e+06
200 1.25493e+07
69 3.93812e+06
81 4.56863e+06
130 5.79038e+06
181 8.17428e+06
67 3.89961e+06
180 8.14955e+06
108 4.7839e+06
80 4.00947e+06
Thế hệ thứ: 108
66 3.82399e+06
200 1.25493e+07
69 3.93812e+06
184 8.41136e+06
81 4.56863e+06
130 5.79038e+06
169 6.94991e+06
194 1.12335e+07
106 4.64865e+06
148 6.19532e+06
190 1.01123e+07
177 7.36212e+06
135 5.79275e+06
80 4.00947e+06
157 6.52997e+06
118 5.15128e+06
125 5.66958e+06
108 4.7839e+06
158 6.93864e+06
179 8.03579e+06
121 5.27277e+06
181 8.17428e+06
67 3.89961e+06
180 8.14955e+06
63 3.54241e+06
120 5.16484e+06
174 7.35677e+06
196 1.14627e+07
189 9.82984e+06
Thế hệ thứ: 109
174 7.35677e+06
189 9.82984e+06
200 1.25493e+07
69 3.93812e+06
63 3.54241e+06
184 8.41136e+06
81 4.56863e+06
130 5.79038e+06
169 6.94991e+06
194 1.12335e+07
106 4.64865e+06
148 6.19532e+06
190 1.01123e+07
196 1.14627e+07
135 5.79275e+06
80 4.00947e+06
157 6.52997e+06
125 5.66958e+06
108 4.7839e+06
158 6.93864e+06
118 5.15128e+06
177 7.36212e+06
179 8.03579e+06
197 1.15891e+07
121 5.27277e+06
66 3.82399e+06
181 8.17428e+06
120 5.16484e+06
67 3.89961e+06
180 8.14955e+06
187 9.76362e+06
193 1.02107e+07
95 4.64006e+06
79 3.9828e+06
Thế hệ thứ: 110
135 5.79275e+06
200 1.25493e+07
69 3.93812e+06
63 3.54241e+06
148 6.19532e+06
130 5.79038e+06
81 4.56863e+06
187 9.76362e+06
184 8.41136e+06
179 8.03579e+06
194 1.12335e+07
169 6.94991e+06
157 6.52997e+06
193 1.02107e+07
121 5.27277e+06
197 1.15891e+07
125 5.66958e+06
108 4.7839e+06
158 6.93864e+06
118 5.15128e+06
177 7.36212e+06
106 4.64865e+06
189 9.82984e+06
174 7.35677e+06
79 3.9828e+06
80 4.00947e+06
190 1.01123e+07
66 3.82399e+06
196 1.14627e+07
181 8.17428e+06
120 5.16484e+06
67 3.89961e+06
180 8.14955e+06
149 6.21462e+06
185 8.73583e+06
110 5.05274e+06
186 9.75512e+06
62 3.53542e+06
95 4.63718e+06
Thế hệ thứ: 111
135 5.79275e+06
200 1.25493e+07
95 4.63718e+06
62 3.53542e+06
130 5.79038e+06
138 6.12569e+06
185 8.73583e+06
169 6.94991e+06
194 1.12335e+07
193 1.02107e+07
121 5.27277e+06
197 1.15891e+07
148 6.19532e+06
157 6.52997e+06
158 6.93864e+06
66 3.82399e+06
186 9.75512e+06
108 4.7839e+06
177 7.36212e+06
110 5.05274e+06
106 4.64865e+06
123 5.31501e+06
179 8.03579e+06
189 9.82984e+06
174 7.35677e+06
149 6.21462e+06
184 8.41136e+06
118 5.15128e+06
190 1.01123e+07
196 1.14627e+07
63 3.54241e+06
181 8.17428e+06
120 5.16484e+06
187 9.76362e+06
180 8.14955e+06
87 3.82476e+06
126 5.66832e+06
Thế hệ thứ: 112
200 1.25493e+07
95 4.63718e+06
87 3.82476e+06
62 3.53542e+06
66 3.82399e+06
126 5.66832e+06
185 8.73583e+06
138 6.12569e+06
169 6.94991e+06
194 1.12335e+07
193 1.02107e+07
121 5.27277e+06
197 1.15891e+07
157 6.52997e+06
158 6.93864e+06
177 7.36212e+06
110 5.05274e+06
106 4.64865e+06
123 5.31501e+06
179 8.03579e+06
189 9.82984e+06
174 7.35677e+06
149 6.21462e+06
184 8.41136e+06
148 6.19532e+06
118 5.15128e+06
65 3.82292e+06
130 5.79038e+06
108 4.7839e+06
190 1.01123e+07
196 1.14627e+07
63 3.54241e+06
181 8.17428e+06
120 5.16484e+06
187 9.76362e+06
180 8.14955e+06
135 5.79275e+06
186 9.45662e+06
Thế hệ thứ: 113
200 1.25493e+07
95 4.63718e+06
186 9.45662e+06
193 1.02107e+07
87 3.82476e+06
62 3.53542e+06
169 6.94991e+06
194 1.12335e+07
66 3.82399e+06
197 1.15891e+07
157 6.52997e+06
126 5.66832e+06
138 6.12569e+06
185 8.73583e+06
158 6.93864e+06
177 7.36212e+06
106 4.64865e+06
123 5.31501e+06
179 8.03579e+06
189 9.82984e+06
174 7.35677e+06
149 6.21462e+06
135 5.79275e+06
184 8.41136e+06
148 6.19532e+06
130 5.79038e+06
190 1.01123e+07
187 9.76362e+06
196 1.14627e+07
181 8.17428e+06
63 3.54241e+06
180 8.14955e+06
65 3.82232e+06
121 4.71451e+06
142 6.17453e+06
Thế hệ thứ: 114
95 4.63718e+06
87 3.82476e+06
62 3.53542e+06
121 4.71451e+06
169 6.94991e+06
194 1.12335e+07
106 4.64865e+06
66 3.82399e+06
186 9.45662e+06
193 1.02107e+07
157 6.52997e+06
179 8.03579e+06
123 5.31501e+06
158 6.93864e+06
185 8.73583e+06
138 6.12569e+06
126 5.66832e+06
177 7.36212e+06
189 9.82984e+06
174 7.35677e+06
149 6.21462e+06
135 5.79275e+06
184 8.41136e+06
142 6.17453e+06
130 5.79038e+06
190 1.01123e+07
187 9.76362e+06
196 1.14627e+07
181 8.17428e+06
148 6.19532e+06
63 3.54241e+06
180 8.14955e+06
65 3.82003e+06
200 1.15782e+07
Thế hệ thứ: 115
186 9.45662e+06
193 1.02107e+07
87 3.82476e+06
62 3.53542e+06
184 8.41136e+06
200 1.15782e+07
95 4.63718e+06
121 4.71451e+06
169 6.94991e+06
194 1.12335e+07
106 4.64865e+06
66 3.82399e+06
157 6.52997e+06
179 8.03579e+06
123 5.31501e+06
185 8.73583e+06
138 6.12569e+06
126 5.66832e+06
158 6.93864e+06
177 7.36212e+06
174 7.35677e+06
149 6.21462e+06
135 5.79275e+06
196 1.14627e+07
142 6.17453e+06
65 3.81673e+06
187 9.76362e+06
181 8.17428e+06
63 3.54241e+06
148 6.19532e+06
180 8.14955e+06
192 9.81571e+06
133 5.71063e+06
122 4.71918e+06
171 6.98994e+06
178 7.98609e+06
108 4.69023e+06
Thế hệ thứ: 116
157 6.52997e+06
171 6.98994e+06
193 1.02107e+07
87 3.82476e+06
62 3.53542e+06
184 8.41136e+06
200 1.15782e+07
169 6.94991e+06
121 4.71451e+06
194 1.12335e+07
66 3.82399e+06
179 8.03579e+06
186 9.20623e+06
185 8.73583e+06
138 6.12569e+06
158 6.93864e+06
108 4.69023e+06
177 7.36212e+06
149 6.21462e+06
106 4.64865e+06
192 9.81571e+06
178 7.98609e+06
174 7.35677e+06
122 4.71918e+06
187 9.76362e+06
135 5.79275e+06
196 1.14627e+07
142 6.17453e+06
133 5.71063e+06
181 8.17428e+06
65 3.81673e+06
63 3.54241e+06
148 6.19532e+06
180 8.14955e+06
53 3.51691e+06
170 6.97049e+06
141 6.14332e+06
127 5.31455e+06
93 4.23584e+06
132 5.68646e+06
96 4.59959e+06
Thế hệ thứ: 117
127 5.31455e+06
53 3.51691e+06
184 8.41136e+06
200 1.15782e+07
93 4.23584e+06
157 6.52997e+06
171 6.98994e+06
193 1.02107e+07
87 3.82476e+06
169 6.94991e+06
121 4.71451e+06
66 3.82399e+06
179 8.03579e+06
186 9.20623e+06
192 9.81571e+06
96 4.59959e+06
187 9.76362e+06
122 4.71918e+06
185 8.73583e+06
138 6.12569e+06
108 4.69023e+06
177 7.36212e+06
149 6.21462e+06
178 7.98609e+06
106 4.64865e+06
132 5.68646e+06
174 7.35677e+06
135 5.79275e+06
62 3.53542e+06
181 8.17428e+06
63 3.54241e+06
142 6.17453e+06
148 6.19532e+06
133 5.71063e+06
141 6.14332e+06
180 8.14955e+06
170 6.97049e+06
196 1.12134e+07
166 6.59816e+06
92 4.22502e+06
65 3.80415e+06
Thế hệ thứ: 118
127 5.31455e+06
53 3.51691e+06
184 8.41136e+06
200 1.15782e+07
93 4.23584e+06
157 6.52997e+06
171 6.98994e+06
193 1.02107e+07
87 3.82476e+06
196 1.12134e+07
66 3.82399e+06
179 8.03579e+06
186 9.20623e+06
192 9.81571e+06
96 4.59959e+06
166 6.59816e+06
187 9.76362e+06
122 4.71918e+06
185 8.73583e+06
138 6.12569e+06
108 4.69023e+06
177 7.36212e+06
149 6.21462e+06
169 6.94991e+06
121 4.71451e+06
178 7.98609e+06
106 4.64865e+06
92 4.22502e+06
132 5.68646e+06
174 7.35677e+06
135 5.79275e+06
62 3.53542e+06
181 8.17428e+06
65 3.80415e+06
142 6.17453e+06
63 3.54241e+06
148 6.19532e+06
133 5.71063e+06
141 6.14332e+06
180 8.14955e+06
170 6.97049e+06
Thế hệ thứ: 119
127 5.31455e+06
53 3.51691e+06
184 8.41136e+06
200 1.15782e+07
93 4.23584e+06
171 6.98994e+06
193 1.02107e+07
87 3.82476e+06
196 1.12134e+07
66 3.82399e+06
179 8.03579e+06
186 9.20623e+06
192 9.81571e+06
96 4.59959e+06
166 6.59816e+06
122 4.71918e+06
185 8.73583e+06
138 6.12569e+06
108 4.69023e+06
177 7.36212e+06
149 6.21462e+06
169 6.94991e+06
178 7.98609e+06
106 4.64865e+06
92 4.22502e+06
132 5.68646e+06
174 7.35677e+06
135 5.79275e+06
62 3.53542e+06
181 8.17428e+06
65 3.80415e+06
142 6.17453e+06
63 3.54241e+06
148 6.19532e+06
133 5.71063e+06
141 6.14332e+06
180 8.14955e+06
170 6.97049e+06
161 6.44125e+06
121 4.69067e+06
187 9.75076e+06
Thế hệ thứ: 120
53 3.51691e+06
184 8.41136e+06
200 1.15782e+07
171 6.98994e+06
193 1.02107e+07
87 3.82476e+06
187 9.75076e+06
161 6.44125e+06
196 1.12134e+07
66 3.82399e+06
192 9.81571e+06
96 4.59959e+06
179 8.03579e+06
186 9.20623e+06
128 5.10672e+06
149 6.21462e+06
122 4.71918e+06
166 6.59816e+06
185 8.73583e+06
138 6.12569e+06
108 4.69023e+06
177 7.36212e+06
121 4.69067e+06
178 7.98609e+06
106 4.64865e+06
92 4.22502e+06
132 5.68646e+06
174 7.35677e+06
135 5.79275e+06
93 4.23584e+06
169 6.94991e+06
62 3.53542e+06
181 8.17428e+06
142 6.17453e+06
63 3.54241e+06
148 6.19532e+06
133 5.71063e+06
141 6.14332e+06
180 8.14955e+06
170 6.97049e+06
65 3.73252e+06
Thế hệ thứ: 121
53 3.51691e+06
184 8.41136e+06
200 1.15782e+07
171 6.98994e+06
193 1.02107e+07
87 3.82476e+06
187 9.75076e+06
161 6.44125e+06
149 6.21462e+06
128 5.10672e+06
196 1.12134e+07
66 3.82399e+06
192 9.81571e+06
96 4.59959e+06
186 9.20623e+06
166 6.59816e+06
185 8.73583e+06
138 6.12569e+06
132 5.68646e+06
108 4.69023e+06
177 7.36212e+06
122 4.71918e+06
121 4.69067e+06
106 4.64865e+06
92 4.22502e+06
174 7.35677e+06
135 5.79275e+06
93 4.23584e+06
169 6.94991e+06
62 3.53542e+06
181 8.17428e+06
65 3.73252e+06
142 6.17453e+06
148 6.19532e+06
63 3.54241e+06
133 5.71063e+06
141 6.14332e+06
180 8.14955e+06
170 6.97049e+06
160 6.43262e+06
179 7.51769e+06
Thế hệ thứ: 122
53 3.51691e+06
184 8.41136e+06
200 1.15782e+07
171 6.98994e+06
193 1.02107e+07
87 3.82476e+06
149 6.21462e+06
128 5.10672e+06
196 1.12134e+07
192 9.81571e+06
96 4.59959e+06
66 3.82399e+06
186 9.20623e+06
177 7.36212e+06
179 7.51769e+06
166 6.59816e+06
161 6.44125e+06
187 9.75076e+06
185 8.73583e+06
138 6.12569e+06
160 6.43262e+06
108 4.69023e+06
122 4.71918e+06
121 4.69067e+06
180 8.14955e+06
106 4.64865e+06
92 4.22502e+06
174 7.35677e+06
135 5.79275e+06
93 4.23584e+06
169 6.94991e+06
62 3.53542e+06
181 8.17428e+06
65 3.73252e+06
142 6.17453e+06
148 6.19532e+06
63 3.54241e+06
141 6.14332e+06
170 6.97049e+06
134 5.67423e+06
124 5.05316e+06
Thế hệ thứ: 123
53 3.51691e+06
184 8.41136e+06
200 1.15782e+07
171 6.98994e+06
193 1.02107e+07
87 3.82476e+06
149 6.21462e+06
128 5.10672e+06
180 7.88884e+06
196 1.12134e+07
192 9.81571e+06
96 4.59959e+06
66 3.82399e+06
186 9.20623e+06
134 5.67423e+06
177 7.36212e+06
179 7.51769e+06
131 5.11905e+06
166 6.59816e+06
161 6.44125e+06
187 9.75076e+06
185 8.73583e+06
138 6.12569e+06
124 5.05316e+06
160 6.43262e+06
108 4.69023e+06
121 4.69067e+06
106 4.64865e+06
92 4.22502e+06
174 7.35677e+06
135 5.79275e+06
93 4.23584e+06
169 6.94991e+06
62 3.53542e+06
122 4.71918e+06
65 3.73252e+06
142 6.17453e+06
148 6.19532e+06
63 3.54241e+06
141 6.14332e+06
170 6.97049e+06
105 4.64575e+06
182 8.00567e+06
64 3.57177e+06
Thế hệ thứ: 124
53 3.51691e+06
184 8.41136e+06
200 1.15782e+07
171 6.98994e+06
193 1.02107e+07
87 3.82476e+06
180 7.88884e+06
196 1.12134e+07
96 4.59959e+06
66 3.82399e+06
186 9.20623e+06
166 6.59816e+06
131 5.11905e+06
161 6.44125e+06
187 9.75076e+06
185 8.73583e+06
128 5.10672e+06
149 6.21462e+06
134 5.67423e+06
124 5.05316e+06
160 6.43262e+06
108 4.69023e+06
121 4.69067e+06
182 8.00567e+06
92 4.22502e+06
174 7.35677e+06
177 7.36212e+06
179 7.51769e+06
135 5.79275e+06
105 4.64575e+06
93 4.23584e+06
169 6.94991e+06
62 3.53542e+06
122 4.71918e+06
65 3.73252e+06
63 3.54241e+06
64 3.57177e+06
192 9.78792e+06
106 4.64865e+06
170 6.97049e+06
148 6.09284e+06
Thế hệ thứ: 125
53 3.51691e+06
184 8.41136e+06
200 1.15782e+07
171 6.98994e+06
193 1.02107e+07
87 3.82476e+06
180 7.88884e+06
196 1.12134e+07
148 6.09284e+06
135 5.79275e+06
186 9.20623e+06
149 6.21462e+06
128 5.10672e+06
166 6.59816e+06
131 5.11905e+06
161 6.44125e+06
187 9.75076e+06
185 8.73583e+06
134 5.67423e+06
124 5.05316e+06
160 6.43262e+06
108 4.69023e+06
121 4.69067e+06
192 9.78792e+06
182 8.00567e+06
92 4.22502e+06
174 7.35677e+06
177 7.36212e+06
179 7.51769e+06
105 4.64575e+06
93 4.23584e+06
169 6.94991e+06
62 3.53542e+06
122 4.71918e+06
65 3.73252e+06
63 3.54241e+06
64 3.57177e+06
106 4.64865e+06
102 4.57114e+06
66 3.821e+06
170 6.97049e+06
Thế hệ thứ: 126
53 3.51691e+06
184 8.41136e+06
200 1.15782e+07
171 6.98994e+06
193 1.02107e+07
87 3.82476e+06
180 7.88884e+06
196 1.12134e+07
170 6.97049e+06
102 4.57114e+06
148 6.09284e+06
135 5.79275e+06
186 9.20623e+06
128 5.10672e+06
166 6.59816e+06
131 5.11905e+06
161 6.44125e+06
187 9.75076e+06
185 8.73583e+06
93 4.23584e+06
134 5.67423e+06
124 5.05316e+06
160 6.43262e+06
108 4.69023e+06
121 4.69067e+06
192 9.78792e+06
182 8.00567e+06
92 4.22502e+06
174 7.35677e+06
177 7.36212e+06
179 7.51769e+06
169 6.94991e+06
62 3.53542e+06
122 4.71918e+06
63 3.54241e+06
64 3.57177e+06
105 4.64575e+06
106 4.64865e+06
66 3.59444e+06
154 6.09752e+06
Thế hệ thứ: 127
53 3.51691e+06
184 8.41136e+06
200 1.15782e+07
171 6.98994e+06
87 3.82476e+06
66 3.59444e+06
180 7.88884e+06
196 1.12134e+07
135 5.79275e+06
186 9.20623e+06
170 6.97049e+06
182 8.00567e+06
154 6.09752e+06
166 6.59816e+06
131 5.11905e+06
161 6.44125e+06
187 9.75076e+06
185 8.73583e+06
93 4.23584e+06
134 5.67423e+06
108 4.69023e+06
121 4.69067e+06
192 9.78792e+06
92 4.22502e+06
124 5.05316e+06
160 6.43262e+06
174 7.35677e+06
177 7.36212e+06
179 7.51769e+06
169 6.94991e+06
62 3.53542e+06
122 4.71918e+06
128 5.10672e+06
105 4.64575e+06
63 3.54241e+06
64 3.57177e+06
106 4.64865e+06
102 4.51921e+06
150 5.81478e+06
67 3.62268e+06
195 9.92971e+06
Thế hệ thứ: 128
184 8.41136e+06
200 1.15782e+07
87 3.82476e+06
180 7.88884e+06
196 1.12134e+07
121 4.69067e+06
195 9.92971e+06
150 5.81478e+06
182 8.00567e+06
154 6.09752e+06
191 9.73559e+06
186 9.20623e+06
102 4.51921e+06
166 6.59816e+06
131 5.11905e+06
161 6.44125e+06
185 8.73583e+06
108 4.69023e+06
93 4.23584e+06
92 4.22502e+06
124 5.05316e+06
160 6.43262e+06
174 7.35677e+06
177 7.36212e+06
179 7.51769e+06
192 9.78792e+06
171 6.98994e+06
169 6.94991e+06
122 4.71918e+06
128 5.10672e+06
105 4.64575e+06
106 4.64865e+06
135 5.57943e+06
170 6.97049e+06
74 3.43811e+06
Thế hệ thứ: 129
184 8.41136e+06
200 1.15782e+07
74 3.43811e+06
180 7.88884e+06
196 1.12134e+07
87 3.82476e+06
121 4.69067e+06
195 9.92971e+06
170 6.97049e+06
135 5.57943e+06
150 5.81478e+06
191 9.73559e+06
186 9.20623e+06
182 8.00567e+06
154 6.09752e+06
102 4.51921e+06
166 6.59816e+06
131 5.11905e+06
108 4.69023e+06
93 4.23584e+06
185 8.73583e+06
92 4.22502e+06
124 5.05316e+06
160 6.43262e+06
174 7.35677e+06
177 7.36212e+06
179 7.51769e+06
171 6.98994e+06
169 6.94991e+06
95 4.24333e+06
122 4.71918e+06
161 6.44125e+06
128 5.10672e+06
192 9.78792e+06
105 4.64575e+06
106 4.64865e+06
Thế hệ thứ: 130
184 8.41136e+06
200 1.15782e+07
74 3.43811e+06
180 7.88884e+06
196 1.12134e+07
87 3.82476e+06
121 4.69067e+06
195 9.92971e+06
170 6.97049e+06
135 5.57943e+06
150 5.81478e+06
191 9.73559e+06
186 9.20623e+06
154 6.09752e+06
182 8.00567e+06
102 4.51921e+06
166 6.59816e+06
131 5.11905e+06
108 4.69023e+06
185 8.73583e+06
122 4.71918e+06
95 4.24333e+06
92 4.22502e+06
124 5.05316e+06
160 6.43262e+06
174 7.35677e+06
177 7.36212e+06
179 7.51769e+06
171 6.98994e+06
169 6.94991e+06
161 6.44125e+06
128 5.10672e+06
192 9.78792e+06
105 4.64575e+06
106 4.64865e+06
93 4.23584e+06
Thế hệ thứ: 131
184 8.41136e+06
200 1.15782e+07
74 3.43811e+06
180 7.88884e+06
196 1.12134e+07
87 3.82476e+06
121 4.69067e+06
195 9.92971e+06
170 6.97049e+06
135 5.57943e+06
150 5.81478e+06
191 9.73559e+06
186 9.20623e+06
182 8.00567e+06
154 6.09752e+06
102 4.51921e+06
166 6.59816e+06
131 5.11905e+06
108 4.69023e+06
185 8.73583e+06
122 4.71918e+06
95 4.24333e+06
92 4.22502e+06
124 5.05316e+06
160 6.43262e+06
174 7.35677e+06
177 7.36212e+06
179 7.51769e+06
171 6.98994e+06
169 6.94991e+06
161 6.44125e+06
128 5.10672e+06
192 9.78792e+06
105 4.64575e+06
106 4.64865e+06
93 4.23584e+06
Thế hệ thứ: 132
184 8.41136e+06
200 1.15782e+07
74 3.43811e+06
180 7.88884e+06
196 1.12134e+07
87 3.82476e+06
121 4.69067e+06
195 9.92971e+06
170 6.97049e+06
135 5.57943e+06
150 5.81478e+06
191 9.73559e+06
186 9.20623e+06
182 8.00567e+06
154 6.09752e+06
102 4.51921e+06
166 6.59816e+06
131 5.11905e+06
108 4.69023e+06
185 8.73583e+06
122 4.71918e+06
95 4.24333e+06
92 4.22502e+06
124 5.05316e+06
160 6.43262e+06
174 7.35677e+06
177 7.36212e+06
179 7.51769e+06
171 6.98994e+06
169 6.94991e+06
161 6.44125e+06
128 5.10672e+06
192 9.78792e+06
105 4.64575e+06
106 4.64865e+06
93 4.23584e+06
130 5.11432e+06
96 4.30171e+06
Thế hệ thứ: 133
200 1.15782e+07
74 3.43811e+06
180 7.88884e+06
196 1.12134e+07
87 3.82476e+06
121 4.69067e+06
195 9.92971e+06
170 6.97049e+06
135 5.57943e+06
150 5.81478e+06
130 5.11432e+06
191 9.73559e+06
182 8.00567e+06
154 6.09752e+06
166 6.59816e+06
131 5.11905e+06
108 4.69023e+06
102 4.51921e+06
92 4.22502e+06
124 5.05316e+06
160 6.43262e+06
174 7.35677e+06
96 4.30171e+06
177 7.36212e+06
179 7.51769e+06
171 6.98994e+06
169 6.94991e+06
95 4.24333e+06
122 4.71918e+06
161 6.44125e+06
192 9.78792e+06
128 5.10672e+06
105 4.64575e+06
106 4.64865e+06
93 4.23584e+06
186 8.09114e+06
Thế hệ thứ: 134
200 1.15782e+07
74 3.43811e+06
186 8.09114e+06
130 5.11432e+06
191 9.73559e+06
180 7.88884e+06
196 1.12134e+07
87 3.82476e+06
170 6.97049e+06
135 5.57943e+06
150 5.81478e+06
121 4.69067e+06
195 9.92971e+06
182 8.00567e+06
154 6.09752e+06
166 6.59816e+06
131 5.11905e+06
108 4.69023e+06
102 4.51921e+06
92 4.22502e+06
124 5.05316e+06
160 6.43262e+06
96 4.30171e+06
177 7.36212e+06
179 7.51769e+06
175 7.25802e+06
171 6.98994e+06
169 6.94991e+06
95 4.24333e+06
122 4.71918e+06
161 6.44125e+06
192 9.78792e+06
128 5.10672e+06
105 4.64575e+06
106 4.64865e+06
93 4.23584e+06
139 5.6297e+06
Thế hệ thứ: 135
200 1.15782e+07
74 3.43811e+06
186 8.09114e+06
130 5.11432e+06
191 9.73559e+06
180 7.88884e+06
196 1.12134e+07
87 3.82476e+06
121 4.69067e+06
195 9.92971e+06
150 5.81478e+06
182 8.00567e+06
154 6.09752e+06
139 5.6297e+06
170 6.97049e+06
135 5.57943e+06
166 6.59816e+06
131 5.11905e+06
108 4.69023e+06
102 4.51921e+06
92 4.22502e+06
124 5.05316e+06
160 6.43262e+06
171 6.98994e+06
175 7.25802e+06
96 4.30171e+06
177 7.36212e+06
179 7.51769e+06
169 6.94991e+06
95 4.24333e+06
122 4.71918e+06
161 6.44125e+06
192 9.78792e+06
128 5.10672e+06
105 4.64575e+06
106 4.64865e+06
93 4.23584e+06
158 6.43177e+06
167 6.69726e+06
Thế hệ thứ: 136
200 1.15782e+07
74 3.43811e+06
186 8.09114e+06
130 5.11432e+06
191 9.73559e+06
180 7.88884e+06
196 1.12134e+07
87 3.82476e+06
121 4.69067e+06
195 9.92971e+06
150 5.81478e+06
139 5.6297e+06
182 8.00567e+06
154 6.09752e+06
170 6.97049e+06
135 5.57943e+06
108 4.69023e+06
102 4.51921e+06
92 4.22502e+06
131 5.11905e+06
166 6.59816e+06
160 6.43262e+06
124 5.05316e+06
171 6.98994e+06
175 7.25802e+06
96 4.30171e+06
158 6.43177e+06
177 7.36212e+06
179 7.51769e+06
95 4.24333e+06
122 4.71918e+06
161 6.44125e+06
167 6.69726e+06
169 6.94991e+06
192 9.78792e+06
128 5.10672e+06
105 4.64575e+06
106 4.64865e+06
93 4.23584e+06
Thế hệ thứ: 137
200 1.15782e+07
74 3.43811e+06
186 8.09114e+06
130 5.11432e+06
191 9.73559e+06
180 7.88884e+06
196 1.12134e+07
87 3.82476e+06
121 4.69067e+06
195 9.92971e+06
150 5.81478e+06
139 5.6297e+06
182 8.00567e+06
154 6.09752e+06
170 6.97049e+06
135 5.57943e+06
108 4.69023e+06
102 4.51921e+06
92 4.22502e+06
131 5.11905e+06
166 6.59816e+06
160 6.43262e+06
124 5.05316e+06
171 6.98994e+06
175 7.25802e+06
96 4.30171e+06
158 6.43177e+06
177 7.36212e+06
179 7.51769e+06
95 4.24333e+06
122 4.71918e+06
161 6.44125e+06
167 6.69726e+06
169 6.94991e+06
192 9.78792e+06
128 5.10672e+06
105 4.64575e+06
106 4.64865e+06
93 4.23584e+06
76 3.62136e+06
90 4.21727e+06
Thế hệ thứ: 138
200 1.15782e+07
74 3.43811e+06
186 8.09114e+06
130 5.11432e+06
191 9.73559e+06
196 1.12134e+07
180 7.88884e+06
121 4.69067e+06
76 3.62136e+06
195 9.92971e+06
87 3.82476e+06
150 5.81478e+06
139 5.6297e+06
97 4.19674e+06
154 6.09752e+06
182 8.00567e+06
170 6.97049e+06
135 5.57943e+06
108 4.69023e+06
102 4.51921e+06
131 5.11905e+06
166 6.59816e+06
160 6.43262e+06
124 5.05316e+06
171 6.98994e+06
175 7.25802e+06
158 6.43177e+06
177 7.36212e+06
179 7.51769e+06
122 4.71918e+06
161 6.44125e+06
167 6.69726e+06
169 6.94991e+06
192 9.78792e+06
128 5.10672e+06
105 4.64575e+06
106 4.64865e+06
Thế hệ thứ: 139
200 1.15782e+07
74 3.43811e+06
186 8.09114e+06
97 4.19674e+06
154 6.09752e+06
182 8.00567e+06
130 5.11432e+06
191 9.73559e+06
180 7.88884e+06
196 1.12134e+07
87 3.82476e+06
76 3.62136e+06
121 4.69067e+06
195 9.92971e+06
150 5.81478e+06
139 5.6297e+06
170 6.97049e+06
135 5.57943e+06
108 4.69023e+06
102 4.51921e+06
104 4.64529e+06
131 5.11905e+06
166 6.59816e+06
160 6.43262e+06
124 5.05316e+06
171 6.98994e+06
175 7.25802e+06
158 6.43177e+06
177 7.36212e+06
179 7.51769e+06
122 4.71918e+06
161 6.44125e+06
167 6.69726e+06
169 6.94991e+06
192 9.78792e+06
105 4.64575e+06
106 4.64865e+06
86 3.80275e+06
129 5.09486e+06
Thế hệ thứ: 140
200 1.15782e+07
74 3.43811e+06
186 8.09114e+06
97 4.19674e+06
154 6.09752e+06
182 8.00567e+06
130 5.11432e+06
191 9.73559e+06
180 7.88884e+06
196 1.12134e+07
121 4.69067e+06
76 3.62136e+06
195 9.92971e+06
150 5.81478e+06
139 5.6297e+06
87 3.82476e+06
170 6.97049e+06
135 5.57943e+06
108 4.69023e+06
86 3.80275e+06
102 4.51921e+06
160 6.43262e+06
124 5.05316e+06
131 5.11905e+06
166 6.59816e+06
171 6.98994e+06
175 7.25802e+06
158 6.43177e+06
177 7.36212e+06
179 7.51769e+06
122 4.71918e+06
161 6.44125e+06
167 6.69726e+06
169 6.94991e+06
192 9.78792e+06
129 5.09486e+06
106 4.64865e+06
105 4.64457e+06
Thế hệ thứ: 141
200 1.15782e+07
74 3.43811e+06
186 8.09114e+06
97 4.19674e+06
154 6.09752e+06
182 8.00567e+06
130 5.11432e+06
191 9.73559e+06
180 7.88884e+06
105 4.64457e+06
121 4.69067e+06
76 3.62136e+06
195 9.92971e+06
150 5.81478e+06
139 5.6297e+06
87 3.82476e+06
170 6.97049e+06
135 5.57943e+06
108 4.69023e+06
102 4.51921e+06
86 3.80275e+06
160 6.43262e+06
124 5.05316e+06
131 5.11905e+06
166 6.59816e+06
171 6.98994e+06
175 7.25802e+06
158 6.43177e+06
177 7.36212e+06
179 7.51769e+06
122 4.71918e+06
161 6.44125e+06
167 6.69726e+06
169 6.94991e+06
192 9.78792e+06
129 5.09486e+06
106 4.64865e+06
73 3.4204e+06
199 1.06764e+07
Thế hệ thứ: 142
200 1.15782e+07
103 4.55165e+06
97 4.19674e+06
154 6.09752e+06
182 8.00567e+06
130 5.11432e+06
191 9.73559e+06
73 3.4204e+06
199 1.06764e+07
186 8.09114e+06
150 5.81478e+06
105 4.64457e+06
121 4.69067e+06
76 3.62136e+06
195 9.92971e+06
87 3.82476e+06
170 6.97049e+06
135 5.57943e+06
108 4.69023e+06
102 4.51921e+06
86 3.80275e+06
160 6.43262e+06
124 5.05316e+06
131 5.11905e+06
166 6.59816e+06
171 6.98994e+06
175 7.25802e+06
158 6.43177e+06
177 7.36212e+06
179 7.51769e+06
180 7.88884e+06
122 4.71918e+06
161 6.44125e+06
167 6.69726e+06
169 6.94991e+06
192 9.78792e+06
129 5.09486e+06
74 3.43811e+06
106 4.64865e+06
139 5.61704e+06
Thế hệ thứ: 143
200 1.15782e+07
97 4.19674e+06
154 6.09752e+06
117 4.32722e+06
182 8.00567e+06
130 5.11432e+06
191 9.73559e+06
73 3.4204e+06
199 1.06764e+07
186 8.09114e+06
150 5.81478e+06
121 4.69067e+06
76 3.62136e+06
195 9.92971e+06
139 5.61704e+06
87 3.82476e+06
170 6.97049e+06
135 5.57943e+06
86 3.80275e+06
160 6.43262e+06
124 5.05316e+06
131 5.11905e+06
166 6.59816e+06
175 7.25802e+06
171 6.98994e+06
158 6.43177e+06
177 7.36212e+06
179 7.51769e+06
180 7.88884e+06
122 4.71918e+06
161 6.44125e+06
167 6.69726e+06
169 6.94991e+06
192 9.78792e+06
129 5.09486e+06
74 3.43811e+06
Thế hệ thứ: 144
200 1.15782e+07
117 4.32722e+06
182 8.00567e+06
97 4.19674e+06
154 6.09752e+06
130 5.11432e+06
191 9.73559e+06
186 8.09114e+06
150 5.81478e+06
121 4.69067e+06
76 3.62136e+06
195 9.92971e+06
139 5.61704e+06
87 3.82476e+06
170 6.97049e+06
86 3.80275e+06
124 5.05316e+06
131 5.11905e+06
166 6.59816e+06
171 6.98994e+06
175 7.25802e+06
177 7.36212e+06
179 7.51769e+06
180 7.88884e+06
122 4.71918e+06
161 6.44125e+06
167 6.69726e+06
169 6.94991e+06
192 9.78792e+06
129 5.09486e+06
74 3.43811e+06
136 5.22853e+06
160 6.43025e+06
73 3.41657e+06
199 1.04942e+07
Thế hệ thứ: 145
200 1.15782e+07
117 4.32722e+06
182 8.00567e+06
97 4.19674e+06
154 6.09752e+06
130 5.11432e+06
191 9.73559e+06
136 5.22853e+06
73 3.41657e+06
186 8.09114e+06
199 1.04942e+07
139 5.61704e+06
150 5.81478e+06
121 4.69067e+06
76 3.62136e+06
195 9.92971e+06
87 3.82476e+06
86 3.80275e+06
124 5.05316e+06
160 6.43025e+06
171 6.98994e+06
175 7.25802e+06
177 7.36212e+06
179 7.51769e+06
180 7.88884e+06
166 6.59816e+06
131 5.11905e+06
122 4.71918e+06
161 6.44125e+06
167 6.69726e+06
169 6.94991e+06
192 9.78792e+06
129 5.09486e+06
74 3.43811e+06
170 6.97049e+06
Thế hệ thứ: 146
200 1.15782e+07
117 4.32722e+06
182 8.00567e+06
97 4.19674e+06
154 6.09752e+06
130 5.11432e+06
191 9.73559e+06
73 3.41657e+06
186 8.09114e+06
199 1.04942e+07
139 5.61704e+06
150 5.81478e+06
121 4.69067e+06
76 3.62136e+06
195 9.92971e+06
87 3.82476e+06
86 3.80275e+06
124 5.05316e+06
160 6.43025e+06
171 6.98994e+06
175 7.25802e+06
177 7.36212e+06
179 7.51769e+06
180 7.88884e+06
166 6.59816e+06
122 4.71918e+06
161 6.44125e+06
167 6.69726e+06
169 6.94991e+06
192 9.78792e+06
129 5.09486e+06
74 3.43811e+06
170 6.97049e+06
173 7.05079e+06
131 5.11905e+06
136 5.22853e+06
Thế hệ thứ: 147
117 4.32722e+06
182 8.00567e+06
97 4.19674e+06
154 6.09752e+06
130 5.11432e+06
191 9.73559e+06
73 3.41657e+06
200 1.15782e+07
186 8.09114e+06
199 1.04942e+07
139 5.61704e+06
150 5.81478e+06
121 4.69067e+06
76 3.62136e+06
195 9.92971e+06
87 3.82476e+06
136 5.22853e+06
86 3.80275e+06
124 5.05316e+06
160 6.43025e+06
177 7.36212e+06
179 7.51769e+06
180 7.88884e+06
166 6.59816e+06
171 6.98994e+06
175 7.25802e+06
122 4.71918e+06
161 6.44125e+06
167 6.69726e+06
173 7.05079e+06
131 5.11905e+06
169 6.94991e+06
192 9.78792e+06
129 5.09486e+06
74 3.43811e+06
170 6.97049e+06
Thế hệ thứ: 148
117 4.32722e+06
182 8.00567e+06
97 4.19674e+06
154 6.09752e+06
130 5.11432e+06
191 9.73559e+06
73 3.41657e+06
200 1.15782e+07
186 8.09114e+06
199 1.04942e+07
139 5.61704e+06
150 5.81478e+06
121 4.69067e+06
76 3.62136e+06
195 9.92971e+06
87 3.82476e+06
136 5.22853e+06
86 3.80275e+06
124 5.05316e+06
160 6.43025e+06
177 7.36212e+06
179 7.51769e+06
180 7.88884e+06
166 6.59816e+06
171 6.98994e+06
175 7.25802e+06
122 4.71918e+06
161 6.44125e+06
167 6.69726e+06
173 7.05079e+06
131 5.11905e+06
169 6.94991e+06
192 9.78792e+06
129 5.09486e+06
74 3.43811e+06
170 6.97049e+06
88 4.11369e+06
Thế hệ thứ: 149
117 4.32722e+06
182 8.00567e+06
97 4.19674e+06
154 6.09752e+06
130 5.11432e+06
191 9.73559e+06
73 3.41657e+06
200 1.15782e+07
186 8.09114e+06
199 1.04942e+07
139 5.61704e+06
150 5.81478e+06
121 4.69067e+06
76 3.62136e+06
195 9.92971e+06
136 5.22853e+06
86 3.80275e+06
124 5.05316e+06
160 6.43025e+06
177 7.36212e+06
179 7.51769e+06
180 7.88884e+06
166 6.59816e+06
171 6.98994e+06
175 7.25802e+06
122 4.71918e+06
161 6.44125e+06
167 6.69726e+06
173 7.05079e+06
131 5.11905e+06
169 6.94991e+06
192 9.78792e+06
129 5.09486e+06
87 3.82476e+06
74 3.43811e+06
170 6.97049e+06
92 4.02901e+06
98 4.21167e+06
