Thế hệ thứ: 0
89 9.06606e+06
77 6.63007e+06
73 6.15751e+06
78 6.66559e+06
93 9.2986e+06
74 6.36816e+06
84 8.1411e+06
45 4.01875e+06
82 6.81692e+06
98 1.16646e+07
99 1.45155e+07
Thế hệ thứ: 1
45 4.01875e+06
82 6.81692e+06
98 1.16646e+07
93 9.2986e+06
80 5.98739e+06
53 4.37445e+06
90 8.159e+06
70 5.08915e+06
95 1.13367e+07
99 1.31775e+07
86 7.54092e+06
100 1.43256e+07
Thế hệ thứ: 2
100 1.43256e+07
70 5.08915e+06
53 4.37445e+06
93 9.2986e+06
80 5.98739e+06
95 1.13367e+07
90 8.159e+06
98 1.16646e+07
99 1.30011e+07
45 3.90775e+06
86 6.61428e+06
51 4.27661e+06
60 4.6574e+06
33 3.54443e+06
67 5.05549e+06
Thế hệ thứ: 3
93 9.2986e+06
33 3.54443e+06
100 1.43256e+07
80 5.98739e+06
67 5.05549e+06
90 8.159e+06
95 1.13367e+07
86 6.61428e+06
70 5.08915e+06
35 3.55021e+06
55 4.0912e+06
87 7.89518e+06
78 5.91131e+06
99 1.14839e+07
61 4.59399e+06
64 4.59786e+06
45 3.73583e+06
72 5.24202e+06
Thế hệ thứ: 4
93 9.2986e+06
99 1.14839e+07
55 4.0912e+06
90 8.159e+06
86 6.61428e+06
87 7.89518e+06
78 5.91131e+06
72 5.24202e+06
80 5.98739e+06
61 4.59399e+06
64 4.59786e+06
70 5.08915e+06
96 1.11183e+07
74 5.59043e+06
69 4.8353e+06
100 1.31817e+07
48 3.30804e+06
29 3.30789e+06
57 4.5634e+06
49 3.99097e+06
Thế hệ thứ: 5
90 8.159e+06
96 1.11183e+07
93 9.2986e+06
48 3.30804e+06
86 6.61428e+06
99 1.14839e+07
87 7.89518e+06
80 5.98739e+06
34 3.15148e+06
49 3.99097e+06
55 4.0912e+06
69 4.8353e+06
64 4.59786e+06
57 4.5634e+06
72 5.24202e+06
78 5.91131e+06
61 4.59399e+06
70 5.08915e+06
100 1.22839e+07
58 4.58487e+06
75 5.30494e+06
Thế hệ thứ: 6
48 3.30804e+06
100 1.22839e+07
87 7.89518e+06
34 3.15148e+06
93 9.2986e+06
90 8.159e+06
96 1.11183e+07
86 6.61428e+06
80 5.98739e+06
99 1.14839e+07
55 4.0912e+06
75 5.30494e+06
32 3.11989e+06
72 5.24202e+06
78 5.91131e+06
64 4.59786e+06
69 4.8353e+06
57 4.5634e+06
61 4.59399e+06
70 5.08915e+06
58 4.58487e+06
58 4.58487e+06
52 3.58259e+06
77 5.67878e+06
94 1.08434e+07
Thế hệ thứ: 7
48 3.30804e+06
100 1.22839e+07
86 6.61428e+06
78 5.91131e+06
72 5.24202e+06
32 3.11989e+06
93 9.2986e+06
34 3.15148e+06
90 8.159e+06
87 7.89518e+06
77 5.67878e+06
80 5.98739e+06
52 3.58259e+06
99 1.14839e+07
55 4.0912e+06
64 4.59786e+06
96 1.11183e+07
69 4.8353e+06
75 5.30494e+06
61 4.59399e+06
70 5.08915e+06
58 4.58487e+06
58 4.58487e+06
83 6.16064e+06
37 3.26776e+06
59 4.59374e+06
57 4.46389e+06
95 1.00781e+07
Thế hệ thứ: 8
95 1.00781e+07
48 3.30804e+06
100 1.22839e+07
86 6.61428e+06
72 5.24202e+06
32 3.11989e+06
93 9.2986e+06
90 8.159e+06
37 3.26776e+06
87 7.68934e+06
52 3.58259e+06
99 1.14839e+07
55 4.0912e+06
83 6.16064e+06
64 4.59786e+06
69 4.8353e+06
75 5.30494e+06
80 5.98739e+06
77 5.67878e+06
57 4.46389e+06
96 1.07756e+07
34 3.15148e+06
70 5.08915e+06
61 4.59399e+06
59 4.59374e+06
58 4.58487e+06
58 4.58487e+06
31 3.10581e+06
79 5.73318e+06
Thế hệ thứ: 9
31 3.10581e+06
48 3.30804e+06
100 1.22839e+07
93 9.2986e+06
52 3.58259e+06
87 7.68934e+06
86 6.61428e+06
99 1.14839e+07
79 5.73318e+06
37 3.26776e+06
34 3.15148e+06
96 1.07756e+07
95 1.00781e+07
55 4.0912e+06
83 6.16064e+06
64 4.59786e+06
69 4.8353e+06
53 4.02856e+06
75 5.30494e+06
80 5.98739e+06
77 5.67878e+06
57 4.46389e+06
32 3.11989e+06
72 5.24202e+06
70 5.08915e+06
61 4.59399e+06
59 4.59374e+06
58 4.58487e+06
58 4.58487e+06
91 8.15032e+06
82 6.12562e+06
Thế hệ thứ: 10
31 3.10581e+06
48 3.30804e+06
100 1.22839e+07
93 9.2986e+06
91 8.15032e+06
52 3.58259e+06
86 6.61428e+06
99 1.14839e+07
79 5.73318e+06
34 3.15148e+06
64 4.59786e+06
69 4.8353e+06
75 5.30494e+06
53 4.02856e+06
83 6.16064e+06
55 4.0912e+06
80 5.98739e+06
77 5.67878e+06
57 4.46389e+06
32 3.11989e+06
72 5.24202e+06
70 5.08915e+06
61 4.59399e+06
82 6.12562e+06
98 1.09706e+07
29 3.09567e+06
59 4.53801e+06
47 3.26601e+06
96 1.0008e+07
87 6.79432e+06
Thế hệ thứ: 11
93 9.2986e+06
29 3.09567e+06
100 1.22839e+07
96 1.0008e+07
91 8.15032e+06
34 3.15148e+06
47 3.26601e+06
98 1.09706e+07
65 4.4121e+06
99 1.14839e+07
52 3.58259e+06
69 4.8353e+06
75 5.30494e+06
53 4.02856e+06
83 6.16064e+06
48 3.30804e+06
80 5.98739e+06
77 5.67878e+06
32 3.11989e+06
72 5.24202e+06
70 5.08915e+06
79 5.73318e+06
82 6.12562e+06
31 3.10581e+06
25 2.78865e+06
57 4.08179e+06
73 5.24245e+06
87 6.41157e+06
26 2.9776e+06
58 4.32227e+06
Thế hệ thứ: 12
87 6.41157e+06
96 1.0008e+07
91 8.15032e+06
34 3.15148e+06
47 3.26601e+06
99 1.14839e+07
65 4.4121e+06
97 1.07211e+07
52 3.58259e+06
69 4.8353e+06
58 4.32227e+06
53 4.02856e+06
75 5.30494e+06
48 3.30804e+06
77 5.67878e+06
57 4.08179e+06
83 6.16064e+06
70 5.08915e+06
29 3.09567e+06
79 5.73318e+06
72 5.24202e+06
73 5.24245e+06
88 8.01546e+06
31 3.10581e+06
28 2.71996e+06
32 3.11202e+06
93 8.17632e+06
98 1.07752e+07
100 1.18653e+07
82 5.89521e+06
Thế hệ thứ: 13
47 3.26601e+06
28 2.71996e+06
96 1.0008e+07
87 6.41157e+06
82 5.89521e+06
93 8.17632e+06
31 3.10581e+06
88 8.01546e+06
34 3.15148e+06
65 4.4121e+06
97 1.07211e+07
52 3.58259e+06
69 4.8353e+06
83 6.16064e+06
75 5.30494e+06
98 1.07752e+07
48 3.30804e+06
100 1.12381e+07
79 5.73318e+06
91 8.15032e+06
70 5.08915e+06
29 3.09567e+06
72 5.24202e+06
73 5.24245e+06
32 3.11202e+06
77 5.31677e+06
59 3.64783e+06
Thế hệ thứ: 14
28 2.71996e+06
79 5.73318e+06
100 1.12381e+07
96 1.0008e+07
87 6.41157e+06
82 5.89521e+06
93 8.17632e+06
70 5.08915e+06
59 3.64783e+06
65 4.4121e+06
31 3.10581e+06
88 8.01546e+06
34 3.15148e+06
47 3.26601e+06
52 3.58259e+06
69 4.8353e+06
83 6.16064e+06
48 3.30804e+06
77 5.31677e+06
98 1.07752e+07
91 8.15032e+06
75 5.30494e+06
72 5.24202e+06
73 5.24245e+06
32 3.11202e+06
29 2.72003e+06
49 3.46912e+06
97 1.03933e+07
64 4.40168e+06
Thế hệ thứ: 15
28 2.71996e+06
79 5.73318e+06
100 1.12381e+07
96 1.0008e+07
87 6.41157e+06
82 5.89521e+06
93 8.17632e+06
34 3.15148e+06
70 5.08915e+06
59 3.64783e+06
88 8.01546e+06
29 2.72003e+06
47 3.26601e+06
64 4.40168e+06
52 3.58259e+06
69 4.8353e+06
98 1.07752e+07
49 3.46912e+06
83 6.16064e+06
65 4.4121e+06
97 1.03933e+07
77 5.31677e+06
91 8.15032e+06
75 5.30494e+06
72 5.24202e+06
48 3.30804e+06
73 5.24245e+06
26 2.69112e+06
99 1.11073e+07
32 3.06444e+06
Thế hệ thứ: 16
79 5.73318e+06
100 1.12381e+07
82 5.89521e+06
93 8.17632e+06
26 2.69112e+06
87 6.41157e+06
34 3.15148e+06
59 3.64783e+06
88 8.01546e+06
29 2.72003e+06
47 3.26601e+06
64 4.40168e+06
52 3.58259e+06
69 4.8353e+06
49 3.46912e+06
83 6.16064e+06
65 4.4121e+06
32 3.06444e+06
98 1.07752e+07
77 5.31677e+06
91 8.15032e+06
99 1.11073e+07
75 5.30494e+06
48 3.30804e+06
73 5.24245e+06
28 2.71996e+06
28 2.71996e+06
97 9.99774e+06
33 3.12966e+06
72 4.90156e+06
Thế hệ thứ: 17
79 5.73318e+06
100 1.12381e+07
82 5.89521e+06
93 8.17632e+06
26 2.69112e+06
87 6.41157e+06
59 3.64783e+06
29 2.72003e+06
47 3.26601e+06
34 3.15148e+06
64 4.40168e+06
52 3.58259e+06
69 4.8353e+06
49 3.46912e+06
83 6.16064e+06
65 4.4121e+06
77 5.31677e+06
32 3.06444e+06
72 4.90156e+06
73 5.24245e+06
73 5.24245e+06
99 1.02393e+07
97 9.8421e+06
75 5.30494e+06
48 3.30804e+06
28 2.71996e+06
28 2.71996e+06
91 7.89889e+06
33 3.0985e+06
96 9.79007e+06
Thế hệ thứ: 18
88 6.37179e+06
93 8.17632e+06
26 2.69112e+06
91 7.89889e+06
59 3.64783e+06
29 2.72003e+06
47 3.26601e+06
99 1.02393e+07
97 8.2919e+06
64 4.40168e+06
52 3.58259e+06
69 4.8353e+06
49 3.46912e+06
65 4.4121e+06
77 5.31677e+06
72 4.90156e+06
32 3.06444e+06
75 5.30494e+06
73 5.24245e+06
73 5.24245e+06
48 3.30804e+06
33 3.0985e+06
28 2.71996e+06
28 2.71996e+06
62 4.06842e+06
100 1.07298e+07
83 5.63237e+06
35 3.12673e+06
Thế hệ thứ: 19
93 8.17632e+06
88 6.37179e+06
62 4.06842e+06
26 2.69112e+06
91 7.89889e+06
64 4.40168e+06
97 8.2919e+06
100 1.07298e+07
99 1.02393e+07
83 5.63237e+06
35 3.12673e+06
29 2.72003e+06
47 3.26601e+06
59 3.64783e+06
52 3.58259e+06
69 4.8353e+06
77 5.31677e+06
65 4.4121e+06
72 4.90156e+06
32 3.06444e+06
49 3.46912e+06
75 5.30494e+06
73 5.24245e+06
73 5.24245e+06
48 3.30804e+06
33 3.0985e+06
28 2.71996e+06
28 2.71996e+06
25 2.49216e+06
Thế hệ thứ: 20
91 7.89889e+06
64 4.40168e+06
97 8.2919e+06
100 1.07298e+07
25 2.49216e+06
93 8.17632e+06
88 6.37179e+06
99 1.02393e+07
83 5.63237e+06
35 3.12673e+06
29 2.72003e+06
47 3.26601e+06
59 3.64783e+06
62 4.06842e+06
26 2.69112e+06
52 3.58259e+06
77 5.31677e+06
65 4.4121e+06
72 4.90156e+06
32 3.06444e+06
49 3.46912e+06
75 5.30494e+06
73 5.24245e+06
73 5.24245e+06
48 3.30804e+06
33 3.0985e+06
28 2.71996e+06
28 2.71996e+06
70 4.8084e+06
Thế hệ thứ: 21
91 7.89889e+06
64 4.40168e+06
97 8.2919e+06
100 1.07298e+07
25 2.49216e+06
93 8.17632e+06
88 6.37179e+06
99 1.02393e+07
83 5.63237e+06
35 3.12673e+06
29 2.72003e+06
70 4.8084e+06
47 3.26601e+06
59 3.64783e+06
26 2.69112e+06
62 4.06842e+06
52 3.58259e+06
65 4.4121e+06
32 3.06444e+06
72 4.90156e+06
49 3.46912e+06
48 3.30804e+06
33 3.0985e+06
28 2.71996e+06
28 2.71996e+06
63 4.3468e+06
77 5.16023e+06
Thế hệ thứ: 22
91 7.89889e+06
64 4.40168e+06
97 8.2919e+06
25 2.49216e+06
93 8.17632e+06
88 6.37179e+06
77 5.16023e+06
83 5.63237e+06
35 3.12673e+06
29 2.72003e+06
70 4.8084e+06
47 3.26601e+06
59 3.64783e+06
52 3.58259e+06
62 4.06842e+06
72 4.90156e+06
65 4.4121e+06
32 3.06444e+06
49 3.46912e+06
63 4.3468e+06
48 3.30804e+06
33 3.0985e+06
100 1.01202e+07
28 2.69431e+06
26 2.66558e+06
Thế hệ thứ: 23
35 3.12673e+06
100 1.01202e+07
25 2.49216e+06
93 8.17632e+06
88 6.37179e+06
91 7.89889e+06
64 4.40168e+06
97 8.2919e+06
83 5.63237e+06
77 5.16023e+06
77 5.16023e+06
29 2.72003e+06
70 4.8084e+06
47 3.26601e+06
59 3.64783e+06
52 3.58259e+06
62 4.06842e+06
72 4.90156e+06
65 4.4121e+06
32 3.06444e+06
49 3.46912e+06
63 4.3468e+06
26 2.66558e+06
48 3.30804e+06
33 3.0985e+06
28 2.69431e+06
34 3.1179e+06
Thế hệ thứ: 24
100 1.01202e+07
29 2.72003e+06
70 4.8084e+06
47 3.26601e+06
25 2.49216e+06
93 8.17632e+06
88 6.37179e+06
91 7.89889e+06
64 4.40168e+06
97 8.2919e+06
83 5.63237e+06
59 3.64783e+06
35 3.12673e+06
52 3.58259e+06
62 4.06842e+06
77 5.16023e+06
77 5.16023e+06
72 4.90156e+06
65 4.4121e+06
32 3.06444e+06
63 4.3468e+06
26 2.66558e+06
28 2.69431e+06
33 3.0985e+06
34 3.1179e+06
89 7.48291e+06
50 3.3079e+06
Thế hệ thứ: 25
100 1.01202e+07
29 2.72003e+06
70 4.8084e+06
47 3.26601e+06
25 2.49216e+06
89 7.48291e+06
64 4.40168e+06
97 8.2919e+06
63 4.31534e+06
93 8.17632e+06
88 6.37179e+06
83 5.63237e+06
59 3.64783e+06
35 3.12673e+06
52 3.58259e+06
62 4.06842e+06
91 7.89889e+06
77 5.16023e+06
77 5.16023e+06
72 4.90156e+06
65 4.4121e+06
50 3.3079e+06
32 3.06444e+06
26 2.66558e+06
28 2.69431e+06
33 3.0985e+06
34 3.1179e+06
Thế hệ thứ: 26
100 1.01202e+07
29 2.72003e+06
70 4.8084e+06
47 3.26601e+06
25 2.49216e+06
89 7.48291e+06
64 4.40168e+06
97 8.2919e+06
93 8.17632e+06
63 4.31534e+06
88 6.37179e+06
83 5.63237e+06
59 3.64783e+06
35 3.12673e+06
52 3.58259e+06
91 7.89889e+06
77 5.16023e+06
77 5.16023e+06
62 4.06842e+06
72 4.90156e+06
65 4.4121e+06
50 3.3079e+06
32 3.06444e+06
26 2.66558e+06
28 2.69431e+06
33 3.0985e+06
34 3.1179e+06
80 5.45922e+06
Thế hệ thứ: 27
100 1.01202e+07
29 2.72003e+06
70 4.8084e+06
47 3.26601e+06
25 2.49216e+06
89 7.48291e+06
64 4.40168e+06
97 8.2919e+06
93 8.17632e+06
63 4.31534e+06
88 6.37179e+06
83 5.63237e+06
59 3.64783e+06
35 3.12673e+06
52 3.58259e+06
91 7.89889e+06
80 5.45922e+06
62 4.06842e+06
72 4.90156e+06
65 4.4121e+06
50 3.3079e+06
32 3.06444e+06
77 5.16023e+06
77 5.16023e+06
26 2.66558e+06
28 2.69431e+06
33 3.0985e+06
34 3.1179e+06
27 2.69011e+06
60 3.66744e+06
Thế hệ thứ: 28
35 3.12673e+06
100 1.01202e+07
70 4.8084e+06
47 3.26601e+06
25 2.49216e+06
89 7.48291e+06
64 4.40168e+06
97 8.2919e+06
93 8.17632e+06
63 4.31534e+06
88 6.37179e+06
83 5.63237e+06
52 3.58259e+06
91 7.89889e+06
80 5.45922e+06
27 2.69011e+06
72 4.90156e+06
60 3.66744e+06
65 4.4121e+06
62 4.06842e+06
59 3.64783e+06
50 3.3079e+06
32 3.06444e+06
77 5.16023e+06
77 5.16023e+06
33 3.0985e+06
28 2.69431e+06
34 3.1179e+06
29 2.72002e+06
31 3.06357e+06
26 2.50883e+06
Thế hệ thứ: 29
79 5.32694e+06
70 4.8084e+06
47 3.26601e+06
25 2.49216e+06
35 3.12673e+06
100 1.01202e+07
89 7.48291e+06
64 4.40168e+06
26 2.50883e+06
97 8.2919e+06
93 8.17632e+06
63 4.31534e+06
88 6.37179e+06
83 5.63237e+06
52 3.58259e+06
91 7.89889e+06
80 5.45922e+06
27 2.69011e+06
72 4.90156e+06
60 3.66744e+06
65 4.4121e+06
62 4.06842e+06
59 3.64783e+06
50 3.3079e+06
77 5.16023e+06
77 5.16023e+06
29 2.72002e+06
31 3.06357e+06
32 3.06444e+06
28 2.69431e+06
34 3.1179e+06
61 3.66873e+06
78 5.27825e+06
33 3.09697e+06
Thế hệ thứ: 30
79 5.32694e+06
47 3.26601e+06
25 2.49216e+06
35 3.12673e+06
100 1.01202e+07
64 4.40168e+06
26 2.50883e+06
97 8.2919e+06
93 8.17632e+06
63 4.31534e+06
88 6.37179e+06
83 5.63237e+06
52 3.58259e+06
27 2.69011e+06
72 4.90156e+06
60 3.66744e+06
65 4.4121e+06
59 3.64783e+06
62 4.06842e+06
91 7.24583e+06
50 3.3079e+06
77 5.16023e+06
77 5.16023e+06
80 5.45922e+06
29 2.72002e+06
31 3.06357e+06
61 3.66873e+06
78 5.27825e+06
33 3.09697e+06
32 3.06444e+06
28 2.69431e+06
34 3.1179e+06
36 3.20322e+06
71 4.59955e+06
Thế hệ thứ: 31
79 5.32694e+06
47 3.26601e+06
25 2.49216e+06
50 3.3079e+06
91 7.24583e+06
100 1.01202e+07
64 4.40168e+06
26 2.50883e+06
97 8.2919e+06
93 8.17632e+06
63 4.31534e+06
88 6.37179e+06
83 5.63237e+06
83 5.63237e+06
35 3.12673e+06
36 3.20322e+06
52 3.58259e+06
71 4.59955e+06
27 2.69011e+06
72 4.90156e+06
65 4.4121e+06
59 3.64783e+06
62 4.06842e+06
77 5.16023e+06
77 5.16023e+06
80 5.45922e+06
29 2.72002e+06
31 3.06357e+06
61 3.66873e+06
78 5.27825e+06
33 3.09697e+06
32 3.06444e+06
28 2.69431e+06
34 3.1179e+06
89 7.02079e+06
60 3.66056e+06
Thế hệ thứ: 32
79 5.32694e+06
47 3.26601e+06
25 2.49216e+06
35 3.12673e+06
36 3.20322e+06
50 3.3079e+06
91 7.24583e+06
100 1.01202e+07
64 4.40168e+06
26 2.50883e+06
97 8.2919e+06
93 8.17632e+06
63 4.31534e+06
88 6.37179e+06
52 3.58259e+06
83 5.63237e+06
83 5.63237e+06
71 4.59955e+06
89 7.02079e+06
27 2.69011e+06
72 4.90156e+06
65 4.4121e+06
60 3.66056e+06
59 3.64783e+06
62 4.06842e+06
77 5.16023e+06
77 5.16023e+06
80 5.45922e+06
29 2.72002e+06
31 3.06357e+06
61 3.66873e+06
78 5.27825e+06
33 3.09697e+06
32 3.06444e+06
28 2.69431e+06
34 3.1179e+06
74 5.05805e+06
Thế hệ thứ: 33
79 5.32694e+06
47 3.26601e+06
25 2.49216e+06
35 3.12673e+06
36 3.20322e+06
50 3.3079e+06
91 7.24583e+06
100 1.01202e+07
26 2.50883e+06
97 8.2919e+06
93 8.17632e+06
63 4.31534e+06
88 6.37179e+06
52 3.58259e+06
83 5.63237e+06
83 5.63237e+06
71 4.59955e+06
89 7.02079e+06
60 3.66056e+06
59 3.64783e+06
62 4.06842e+06
32 3.06444e+06
74 5.05805e+06
27 2.69011e+06
72 4.90156e+06
80 5.45922e+06
29 2.72002e+06
31 3.06357e+06
61 3.66873e+06
77 5.16023e+06
77 5.16023e+06
78 5.27825e+06
28 2.69431e+06
65 4.39795e+06
34 3.09598e+06
Thế hệ thứ: 34
79 5.32694e+06
47 3.26601e+06
25 2.49216e+06
35 3.12673e+06
36 3.20322e+06
50 3.3079e+06
91 7.24583e+06
100 1.01202e+07
26 2.50883e+06
97 8.2919e+06
93 8.17632e+06
63 4.31534e+06
88 6.37179e+06
52 3.58259e+06
83 5.63237e+06
83 5.63237e+06
71 4.59955e+06
89 7.02079e+06
65 4.39795e+06
60 3.66056e+06
59 3.64783e+06
62 4.06842e+06
32 3.06444e+06
27 2.69011e+06
72 4.90156e+06
80 5.45922e+06
29 2.72002e+06
31 3.06357e+06
61 3.66873e+06
78 5.27825e+06
34 3.09598e+06
28 2.69431e+06
77 5.04342e+06
Thế hệ thứ: 35
79 5.32694e+06
47 3.26601e+06
25 2.49216e+06
35 3.12673e+06
36 3.20322e+06
50 3.3079e+06
91 7.24583e+06
100 1.01202e+07
26 2.50883e+06
97 8.2919e+06
93 8.17632e+06
88 6.37179e+06
52 3.58259e+06
83 5.63237e+06
83 5.63237e+06
71 4.59955e+06
89 7.02079e+06
27 2.69011e+06
77 5.04342e+06
60 3.66056e+06
59 3.64783e+06
62 4.06842e+06
80 5.45922e+06
29 2.72002e+06
31 3.06357e+06
61 3.66873e+06
78 5.27825e+06
34 3.09598e+06
32 3.06444e+06
28 2.69431e+06
72 4.66837e+06
49 3.30763e+06
65 4.13796e+06
Thế hệ thứ: 36
50 3.3079e+06
91 7.24583e+06
100 1.01202e+07
79 5.32694e+06
47 3.26601e+06
25 2.49216e+06
26 2.50883e+06
97 8.2919e+06
93 8.17632e+06
65 4.13796e+06
35 3.12673e+06
36 3.20322e+06
52 3.58259e+06
83 5.63237e+06
83 5.63237e+06
77 5.04342e+06
60 3.66056e+06
59 3.64783e+06
62 4.06842e+06
80 5.45922e+06
29 2.72002e+06
31 3.06357e+06
61 3.66873e+06
78 5.27825e+06
34 3.09598e+06
49 3.30763e+06
32 3.06444e+06
28 2.69431e+06
27 2.57356e+06
85 6.04736e+06
72 4.57892e+06
90 6.19189e+06
67 4.33553e+06
76 5.03444e+06
Thế hệ thứ: 37
50 3.3079e+06
91 7.24583e+06
76 5.03444e+06
100 1.01202e+07
79 5.32694e+06
47 3.26601e+06
25 2.49216e+06
26 2.50883e+06
85 6.04736e+06
97 8.2919e+06
72 4.57892e+06
32 3.06444e+06
90 6.19189e+06
93 8.17632e+06
67 4.33553e+06
35 3.12673e+06
36 3.20322e+06
52 3.58259e+06
60 3.66056e+06
59 3.64783e+06
62 4.06842e+06
65 4.13796e+06
80 5.45922e+06
29 2.72002e+06
31 3.06357e+06
83 5.63237e+06
83 5.63237e+06
61 3.66873e+06
78 5.27825e+06
77 5.04342e+06
27 2.57356e+06
34 3.09598e+06
28 2.69431e+06
49 3.30763e+06
99 1.00397e+07
58 3.60378e+06
Thế hệ thứ: 38
50 3.3079e+06
91 7.24583e+06
76 5.03444e+06
100 1.01202e+07
25 2.49216e+06
26 2.50883e+06
85 6.04736e+06
97 8.2919e+06
72 4.57892e+06
32 3.06444e+06
90 6.19189e+06
93 8.17632e+06
67 4.33553e+06
79 5.32694e+06
47 3.26601e+06
99 8.77395e+06
35 3.12673e+06
36 3.20322e+06
52 3.58259e+06
62 4.06842e+06
58 3.60378e+06
65 4.13796e+06
80 5.45922e+06
29 2.72002e+06
31 3.06357e+06
28 2.63942e+06
83 5.63237e+06
83 5.63237e+06
61 3.66873e+06
78 5.27825e+06
77 5.04342e+06
27 2.57356e+06
34 3.09598e+06
49 3.30763e+06
63 4.06859e+06
60 3.66056e+06
59 3.64783e+06
Thế hệ thứ: 39
36 3.20322e+06
99 8.77395e+06
35 3.12673e+06
50 3.3079e+06
91 7.24583e+06
76 5.03444e+06
100 1.01202e+07
79 5.32694e+06
47 3.26601e+06
25 2.49216e+06
72 4.57892e+06
90 6.19189e+06
67 4.33553e+06
93 8.17632e+06
26 2.50883e+06
97 8.2919e+06
85 6.04736e+06
52 3.58259e+06
32 3.03148e+06
58 3.60378e+06
80 5.45922e+06
65 4.13796e+06
28 2.63942e+06
83 5.63237e+06
83 5.63237e+06
61 3.66873e+06
62 4.06842e+06
78 5.27825e+06
77 5.04342e+06
60 3.66056e+06
59 3.64783e+06
63 4.06859e+06
34 3.09598e+06
49 3.30763e+06
27 2.57356e+06
74 4.80355e+06
29 2.64332e+06
Thế hệ thứ: 40
79 5.32694e+06
47 3.26601e+06
25 2.49216e+06
99 8.77395e+06
35 3.12673e+06
36 3.20322e+06
50 3.3079e+06
91 7.24583e+06
76 5.03444e+06
100 1.01202e+07
90 6.19189e+06
67 4.33553e+06
93 8.17632e+06
26 2.50883e+06
97 8.2919e+06
85 6.04736e+06
72 4.57892e+06
52 3.58259e+06
32 3.03148e+06
58 3.60378e+06
74 4.80355e+06
29 2.64332e+06
80 5.45922e+06
65 4.13796e+06
28 2.63942e+06
83 5.63237e+06
83 5.63237e+06
61 3.66873e+06
62 4.06842e+06
78 5.27825e+06
77 5.04342e+06
34 3.09598e+06
60 3.66056e+06
59 3.64783e+06
63 4.06859e+06
49 3.30763e+06
27 2.57356e+06
Thế hệ thứ: 41
99 8.77395e+06
35 3.12673e+06
36 3.20322e+06
50 3.3079e+06
91 7.24583e+06
76 5.03444e+06
100 1.01202e+07
47 3.26601e+06
25 2.49216e+06
90 6.19189e+06
67 4.33553e+06
93 8.17632e+06
26 2.50883e+06
97 8.2919e+06
85 6.04736e+06
72 4.57892e+06
52 3.58259e+06
32 3.03148e+06
58 3.60378e+06
74 4.80355e+06
29 2.64332e+06
28 2.63942e+06
83 5.63237e+06
83 5.63237e+06
61 3.66873e+06
78 5.27825e+06
77 5.04342e+06
34 3.09598e+06
60 3.66056e+06
59 3.64783e+06
49 3.30763e+06
27 2.57356e+06
65 4.00567e+06
81 5.32227e+06
73 4.64961e+06
Thế hệ thứ: 42
99 8.77395e+06
35 3.12673e+06
36 3.20322e+06
50 3.3079e+06
91 7.24583e+06
100 1.01202e+07
47 3.26601e+06
25 2.49216e+06
90 6.19189e+06
67 4.33553e+06
93 8.17632e+06
65 4.00567e+06
26 2.50883e+06
97 8.2919e+06
85 6.04736e+06
52 3.58259e+06
32 3.03148e+06
58 3.60378e+06
72 4.57892e+06
81 5.32227e+06
61 3.66873e+06
29 2.64332e+06
74 4.80355e+06
78 5.27825e+06
83 5.63237e+06
83 5.63237e+06
83 5.63237e+06
28 2.63942e+06
77 5.04342e+06
73 4.64961e+06
34 3.09598e+06
49 3.30763e+06
27 2.57356e+06
60 3.66056e+06
59 3.64783e+06
76 4.8773e+06
Thế hệ thứ: 43
99 8.77395e+06
35 3.12673e+06
36 3.20322e+06
50 3.3079e+06
91 7.24583e+06
100 1.01202e+07
47 3.26601e+06
25 2.49216e+06
90 6.19189e+06
67 4.33553e+06
93 8.17632e+06
65 4.00567e+06
26 2.50883e+06
97 8.2919e+06
52 3.58259e+06
32 3.03148e+06
58 3.60378e+06
72 4.57892e+06
81 5.32227e+06
61 3.66873e+06
29 2.64332e+06
78 5.27825e+06
83 5.63237e+06
83 5.63237e+06
83 5.63237e+06
77 5.04342e+06
76 4.8773e+06
98 8.77392e+06
74 4.80355e+06
34 3.09598e+06
49 3.30763e+06
27 2.57356e+06
60 3.66056e+06
59 3.64783e+06
28 2.63723e+06
88 6.0468e+06
37 3.20919e+06
73 4.63317e+06
Thế hệ thứ: 44
47 3.26601e+06
25 2.49216e+06
36 3.20322e+06
99 8.77395e+06
35 3.12673e+06
50 3.3079e+06
91 7.24583e+06
100 1.01202e+07
93 8.17632e+06
67 4.33553e+06
90 6.19189e+06
65 4.00567e+06
88 6.0468e+06
37 3.20919e+06
52 3.58259e+06
26 2.50883e+06
97 8.2919e+06
32 3.03148e+06
58 3.60378e+06
83 5.63237e+06
83 5.63237e+06
83 5.63237e+06
72 4.57892e+06
74 4.65503e+06
81 5.32227e+06
61 3.66873e+06
29 2.64332e+06
98 8.77392e+06
76 4.8773e+06
29 2.64332e+06
73 4.63317e+06
34 3.09598e+06
27 2.57356e+06
28 2.63723e+06
84 5.71782e+06
49 3.29519e+06
60 3.63677e+06
78 4.89814e+06
Thế hệ thứ: 45
47 3.26601e+06
25 2.49216e+06
36 3.20322e+06
99 8.77395e+06
35 3.12673e+06
50 3.3079e+06
91 7.24583e+06
100 1.01202e+07
93 8.17632e+06
67 4.33553e+06
90 6.19189e+06
65 4.00567e+06
65 4.00567e+06
74 4.65503e+06
81 5.32227e+06
37 3.20919e+06
52 3.58259e+06
26 2.50883e+06
97 8.2919e+06
88 6.0468e+06
32 3.03148e+06
58 3.60378e+06
78 4.89814e+06
84 5.71782e+06
72 4.57892e+06
61 3.66873e+06
60 3.63677e+06
29 2.64332e+06
98 8.77392e+06
76 4.8773e+06
83 5.63237e+06
83 5.63237e+06
83 5.63237e+06
34 3.09598e+06
49 3.29519e+06
27 2.57356e+06
29 2.64332e+06
73 4.63317e+06
28 2.63723e+06
32 3.03148e+06
Thế hệ thứ: 46
36 3.20322e+06
99 8.77395e+06
35 3.12673e+06
50 3.3079e+06
91 7.24583e+06
100 1.01202e+07
47 3.26601e+06
25 2.49216e+06
67 4.33553e+06
90 6.19189e+06
74 4.65503e+06
81 5.32227e+06
37 3.20919e+06
52 3.58259e+06
26 2.50883e+06
97 8.2919e+06
88 6.0468e+06
78 4.89814e+06
84 5.71782e+06
72 4.57892e+06
58 3.60378e+06
32 3.03148e+06
65 4.00567e+06
65 4.00567e+06
60 3.63677e+06
29 2.64332e+06
98 8.77392e+06
76 4.8773e+06
61 3.63904e+06
83 5.63237e+06
83 5.63237e+06
83 5.63237e+06
34 3.09598e+06
49 3.29519e+06
27 2.57356e+06
29 2.64332e+06
73 4.63317e+06
28 2.63723e+06
32 3.03148e+06
93 7.85281e+06
Thế hệ thứ: 47
36 3.20322e+06
99 8.77395e+06
35 3.12673e+06
50 3.3079e+06
91 7.24583e+06
100 1.01202e+07
47 3.26601e+06
25 2.49216e+06
90 6.19189e+06
78 4.89814e+06
93 7.85281e+06
26 2.50883e+06
97 8.2919e+06
67 4.33553e+06
74 4.65503e+06
81 5.32227e+06
37 3.20919e+06
52 3.58259e+06
88 6.0468e+06
84 5.71782e+06
72 4.57892e+06
83 5.63237e+06
83 5.63237e+06
83 5.63237e+06
61 3.63904e+06
58 3.60378e+06
32 3.03148e+06
65 4.00567e+06
65 4.00567e+06
73 4.63317e+06
29 2.64332e+06
98 8.77392e+06
76 4.8773e+06
34 3.09598e+06
49 3.29519e+06
29 2.64332e+06
60 3.63677e+06
27 2.57356e+06
28 2.63723e+06
32 3.03148e+06
Thế hệ thứ: 48
36 3.20322e+06
99 8.77395e+06
35 3.12673e+06
50 3.3079e+06
91 7.24583e+06
100 1.01202e+07
47 3.26601e+06
30 3.02386e+06
25 2.49216e+06
90 6.19189e+06
78 4.89814e+06
93 7.85281e+06
94 8.0298e+06
26 2.50883e+06
97 8.2919e+06
67 4.33553e+06
74 4.65503e+06
81 5.32227e+06
37 3.20919e+06
52 3.58259e+06
88 6.0468e+06
84 5.71782e+06
72 4.57892e+06
83 5.63237e+06
83 5.63237e+06
83 5.63237e+06
61 3.63904e+06
58 3.60378e+06
32 3.03148e+06
65 4.00567e+06
65 4.00567e+06
32 3.03148e+06
60 3.63677e+06
29 2.64332e+06
98 8.77392e+06
76 4.8773e+06
34 3.09598e+06
49 3.29519e+06
29 2.64332e+06
73 4.63317e+06
89 6.15421e+06
28 2.52477e+06
Thế hệ thứ: 49
36 3.20322e+06
99 8.77395e+06
35 3.12673e+06
50 3.3079e+06
91 7.24583e+06
100 1.01202e+07
47 3.26601e+06
25 2.49216e+06
90 6.19189e+06
67 4.33553e+06
74 4.65503e+06
81 5.32227e+06
37 3.20919e+06
26 2.50883e+06
94 8.0298e+06
97 8.2919e+06
52 3.58259e+06
78 4.89814e+06
93 7.85281e+06
88 6.0468e+06
84 5.71782e+06
72 4.57892e+06
83 5.63237e+06
83 5.63237e+06
83 5.63237e+06
61 3.63904e+06
58 3.60378e+06
32 3.03148e+06
65 4.00567e+06
65 4.00567e+06
98 8.77392e+06
31 2.93373e+06
76 4.8773e+06
73 4.63317e+06
29 2.64332e+06
28 2.52477e+06
34 3.09598e+06
89 6.15421e+06
49 3.29519e+06
29 2.64332e+06
60 3.63677e+06
32 3.03148e+06
79 5.09955e+06

