Thế hệ thứ: 0
12 2.11363e+06
20 4.05567e+06
16 2.48192e+06
18 2.70871e+06
13 2.11681e+06
19 3.72515e+06
Thế hệ thứ: 1
16 2.44838e+06
12 2.11363e+06
18 2.70871e+06
13 2.11681e+06
19 2.71818e+06
20 4.05506e+06
Thế hệ thứ: 2
12 2.11363e+06
19 2.71818e+06
20 4.05506e+06
13 2.11681e+06
17 2.37367e+06
18 2.68068e+06
Thế hệ thứ: 3
19 2.71818e+06
12 2.11363e+06
17 2.37367e+06
13 2.11681e+06
18 2.68068e+06
20 3.98277e+06
15 2.28008e+06
Thế hệ thứ: 4
19 2.71818e+06
12 2.11363e+06
13 2.11681e+06
15 2.28008e+06
17 2.37367e+06
18 2.68068e+06
20 3.96647e+06
Thế hệ thứ: 5
19 2.71818e+06
20 3.83098e+06
12 2.11363e+06
13 2.11681e+06
15 2.28008e+06
17 2.37367e+06
18 2.68068e+06
Thế hệ thứ: 6
19 2.71818e+06
20 3.83098e+06
15 2.28008e+06
17 2.37367e+06
18 2.56398e+06
13 2.09442e+06
Thế hệ thứ: 7
20 3.83098e+06
19 2.71818e+06
19 2.71818e+06
13 2.09442e+06
15 2.28008e+06
18 2.56398e+06
17 2.37367e+06
Thế hệ thứ: 8
20 3.83098e+06
19 2.71818e+06
19 2.71818e+06
13 2.09442e+06
15 2.28008e+06
18 2.56398e+06
17 2.37367e+06
14 2.22242e+06
Thế hệ thứ: 9
20 3.83098e+06
14 2.22242e+06
13 2.09442e+06
17 2.37367e+06
15 2.28008e+06
18 2.47881e+06
16 2.36045e+06
19 2.69732e+06
Thế hệ thứ: 10
14 2.22242e+06
13 2.09442e+06
20 3.83098e+06
18 2.47881e+06
15 2.28008e+06
17 2.37367e+06
19 2.60066e+06
16 2.35828e+06
Thế hệ thứ: 11
14 2.22242e+06
13 2.09442e+06
20 3.83098e+06
15 2.28008e+06
19 2.60066e+06
18 2.47881e+06
17 2.37367e+06
16 2.35828e+06
Thế hệ thứ: 12
14 2.22242e+06
13 2.09442e+06
15 2.28008e+06
19 2.60066e+06
18 2.47881e+06
17 2.37367e+06
16 2.35828e+06
20 2.83709e+06
Thế hệ thứ: 13
14 2.22242e+06
13 2.09442e+06
20 2.83709e+06
15 2.28008e+06
19 2.60066e+06
18 2.47881e+06
17 2.37367e+06
16 2.32567e+06
Thế hệ thứ: 14
14 2.22242e+06
13 2.09442e+06
20 2.83709e+06
15 2.28008e+06
19 2.60066e+06
16 2.32567e+06
18 2.47881e+06
17 2.37367e+06
Thế hệ thứ: 15
14 2.22242e+06
13 2.09442e+06
20 2.83709e+06
15 2.28008e+06
19 2.60066e+06
16 2.32567e+06
18 2.47881e+06
17 2.37367e+06
Thế hệ thứ: 16
14 2.22242e+06
13 2.09442e+06
20 2.83709e+06
15 2.28008e+06
19 2.60066e+06
16 2.32567e+06
18 2.47881e+06
17 2.34584e+06
Thế hệ thứ: 17
20 2.83709e+06
14 2.22242e+06
13 2.09442e+06
15 2.28008e+06
19 2.60066e+06
18 2.47881e+06
17 2.34584e+06
16 2.30609e+06
Thế hệ thứ: 18
20 2.83709e+06
14 2.22242e+06
13 2.09442e+06
15 2.28008e+06
16 2.30609e+06
17 2.34584e+06
19 2.44671e+06
Thế hệ thứ: 19
14 2.22242e+06
19 2.44671e+06
13 2.09442e+06
16 2.30609e+06
17 2.34584e+06
15 2.28008e+06
20 2.71695e+06
Thế hệ thứ: 20
14 2.22242e+06
19 2.44671e+06
13 2.09442e+06
20 2.71695e+06
16 2.30609e+06
17 2.34584e+06
15 2.28008e+06
Thế hệ thứ: 21
14 2.22242e+06
19 2.44671e+06
13 2.09442e+06
20 2.71695e+06
16 2.30609e+06
17 2.34584e+06
15 2.28008e+06
Thế hệ thứ: 22
14 2.22242e+06
19 2.44671e+06
13 2.09442e+06
20 2.71695e+06
17 2.34584e+06
16 2.27573e+06
Thế hệ thứ: 23
14 2.22242e+06
19 2.44671e+06
18 2.402e+06
13 2.09442e+06
20 2.71695e+06
17 2.34584e+06
16 2.27573e+06
Thế hệ thứ: 24
13 2.09442e+06
14 2.22242e+06
19 2.44671e+06
20 2.71695e+06
16 2.27573e+06
17 2.34584e+06
18 2.39599e+06
Thế hệ thứ: 25
14 2.22242e+06
19 2.44671e+06
13 2.09442e+06
20 2.71695e+06
16 2.27573e+06
17 2.34584e+06
18 2.39599e+06
Thế hệ thứ: 26
14 2.22242e+06
19 2.44671e+06
13 2.09442e+06
16 2.27573e+06
17 2.34584e+06
18 2.38836e+06
20 2.70901e+06
Thế hệ thứ: 27
14 2.22242e+06
19 2.44671e+06
20 2.70901e+06
16 2.27573e+06
17 2.34584e+06
13 2.08446e+06
18 2.35189e+06
Thế hệ thứ: 28
14 2.22242e+06
19 2.44671e+06
20 2.70901e+06
13 2.08446e+06
16 2.27573e+06
18 2.35189e+06
17 2.34584e+06
Thế hệ thứ: 29
14 2.22242e+06
18 2.2718e+06
20 2.70901e+06
13 2.08446e+06
19 2.35854e+06
