Thế hệ thứ: 0
40 4.15601e+06
45 5.39932e+06
50 6.25267e+06
47 5.71362e+06
44 4.24947e+06
Thế hệ thứ: 1
36 3.48933e+06
50 6.25267e+06
40 4.15601e+06
44 4.24947e+06
49 5.90362e+06
46 5.25164e+06
48 5.44842e+06
Thế hệ thứ: 2
50 6.25267e+06
36 3.48933e+06
40 4.15601e+06
44 4.24947e+06
39 3.88547e+06
45 4.28811e+06
32 3.28996e+06
31 3.04626e+06
49 4.81446e+06
Thế hệ thứ: 3
36 3.48933e+06
32 3.28996e+06
49 4.81446e+06
39 3.88547e+06
45 3.89671e+06
34 3.47348e+06
31 2.77751e+06
47 4.22272e+06
50 5.63825e+06
37 3.56933e+06
19 2.64897e+06
Thế hệ thứ: 4
50 5.63825e+06
19 2.64897e+06
31 2.77751e+06
45 3.89671e+06
49 4.81446e+06
47 4.22272e+06
37 3.56933e+06
34 3.47348e+06
36 3.48933e+06
43 3.8764e+06
33 3.15629e+06
21 2.68326e+06
Thế hệ thứ: 5
37 3.56933e+06
19 2.64897e+06
50 5.63825e+06
31 2.77751e+06
47 4.22272e+06
21 2.68326e+06
35 3.47506e+06
43 3.8764e+06
45 3.89671e+06
36 3.48933e+06
49 4.52026e+06
34 2.8271e+06
Thế hệ thứ: 6
19 2.64897e+06
50 5.63825e+06
49 4.52026e+06
31 2.77751e+06
21 2.68326e+06
35 3.47506e+06
36 3.48933e+06
34 2.8271e+06
47 4.22272e+06
45 3.89671e+06
26 2.70827e+06
43 3.50847e+06
Thế hệ thứ: 7
50 5.63825e+06
19 2.64897e+06
26 2.70827e+06
49 4.52026e+06
43 3.50847e+06
47 4.22272e+06
36 3.48933e+06
34 2.8271e+06
45 3.89671e+06
37 3.49073e+06
31 2.77751e+06
21 2.68326e+06
35 3.15562e+06
Thế hệ thứ: 8
19 2.64897e+06
49 4.52026e+06
43 3.50847e+06
37 3.49073e+06
35 3.15562e+06
36 3.48933e+06
34 2.8271e+06
48 4.50995e+06
50 5.56093e+06
47 3.84259e+06
32 2.68239e+06
Thế hệ thứ: 9
19 2.64897e+06
43 3.50847e+06
50 5.56093e+06
32 2.68239e+06
49 4.52026e+06
47 3.84259e+06
48 4.50995e+06
35 3.15562e+06
36 3.48933e+06
34 2.8271e+06
37 3.49073e+06
Thế hệ thứ: 10
19 2.64897e+06
43 3.50847e+06
32 2.68239e+06
47 3.84259e+06
34 2.8271e+06
37 3.49073e+06
50 5.26405e+06
36 3.3356e+06
49 4.05806e+06
35 3.04541e+06
Thế hệ thứ: 11
19 2.64897e+06
32 2.68239e+06
50 5.26405e+06
49 4.05806e+06
43 3.50847e+06
47 3.84259e+06
35 3.04541e+06
34 2.8271e+06
39 3.23526e+06
Thế hệ thứ: 12
19 2.64897e+06
32 2.68239e+06
50 5.26405e+06
50 5.26405e+06
49 4.05806e+06
43 3.50847e+06
39 3.23526e+06
47 3.84259e+06
35 3.04541e+06
34 2.8271e+06
48 4.05157e+06
Thế hệ thứ: 13
32 2.68239e+06
49 4.05806e+06
25 2.62618e+06
43 3.50847e+06
39 3.23526e+06
47 3.84259e+06
35 3.04541e+06
34 2.8271e+06
48 4.05157e+06
50 5.25775e+06
Thế hệ thứ: 14
25 2.62618e+06
43 3.50847e+06
39 3.23526e+06
50 5.25775e+06
49 4.05806e+06
32 2.68239e+06
47 3.84259e+06
35 3.04541e+06
34 2.8271e+06
48 4.05157e+06
Thế hệ thứ: 15
25 2.62618e+06
43 3.50847e+06
39 3.23526e+06
49 4.05806e+06
32 2.68239e+06
47 3.84259e+06
35 3.04541e+06
34 2.8271e+06
48 4.05157e+06
50 5.096e+06
31 2.64716e+06
Thế hệ thứ: 16
25 2.62618e+06
43 3.50847e+06
39 3.23526e+06
50 5.096e+06
49 4.05806e+06
47 3.84259e+06
35 3.04541e+06
31 2.64716e+06
34 2.8271e+06
32 2.68239e+06
48 4.05157e+06
Thế hệ thứ: 17
25 2.62618e+06
43 3.50847e+06
39 3.23526e+06
50 5.096e+06
49 4.05806e+06
47 3.84259e+06
35 3.04541e+06
31 2.64716e+06
34 2.8271e+06
32 2.68239e+06
48 4.05157e+06
Thế hệ thứ: 18
25 2.62618e+06
43 3.50847e+06
39 3.23526e+06
50 5.096e+06
49 4.05806e+06
47 3.84259e+06
35 3.04541e+06
31 2.64716e+06
34 2.8271e+06
32 2.68239e+06
48 4.05157e+06
Thế hệ thứ: 19
25 2.62618e+06
43 3.50847e+06
39 3.23526e+06
50 5.096e+06
49 4.05806e+06
47 3.84259e+06
35 3.04541e+06
31 2.64716e+06
34 2.8271e+06
32 2.68239e+06
48 4.05157e+06
Thế hệ thứ: 20
25 2.62618e+06
43 3.50847e+06
39 3.23526e+06
50 5.096e+06
49 4.05806e+06
47 3.84259e+06
31 2.64716e+06
34 2.8271e+06
32 2.68239e+06
48 4.05157e+06
35 3.01062e+06
42 3.50726e+06
41 3.49067e+06
Thế hệ thứ: 21
25 2.62618e+06
39 3.23526e+06
43 3.50847e+06
50 5.096e+06
49 4.05806e+06
47 3.84259e+06
35 3.01062e+06
31 2.64716e+06
34 2.8271e+06
41 3.49067e+06
32 2.68239e+06
48 4.05157e+06
42 3.50726e+06
Thế hệ thứ: 22
25 2.62618e+06
39 3.23526e+06
43 3.50847e+06
50 5.096e+06
49 4.05806e+06
49 4.05806e+06
47 3.84259e+06
35 3.01062e+06
31 2.64716e+06
34 2.8271e+06
41 3.49067e+06
32 2.68239e+06
48 4.05157e+06
42 3.50726e+06
Thế hệ thứ: 23
39 3.23526e+06
43 3.50847e+06
50 5.096e+06
49 4.05806e+06
49 4.05806e+06
47 3.84259e+06
35 3.01062e+06
34 2.8271e+06
41 3.49067e+06
32 2.68239e+06
31 2.57321e+06
48 4.05157e+06
42 3.50726e+06
Thế hệ thứ: 24
34 2.8271e+06
39 3.23526e+06
43 3.50847e+06
50 5.096e+06
48 4.05157e+06
31 2.57321e+06
47 3.84259e+06
35 3.01062e+06
41 3.49067e+06
32 2.68239e+06
42 3.50726e+06
49 4.05175e+06
Thế hệ thứ: 25
34 2.8271e+06
39 3.23526e+06
43 3.50847e+06
50 5.096e+06
31 2.57321e+06
49 4.05175e+06
47 3.84259e+06
35 3.01062e+06
41 3.49067e+06
32 2.68239e+06
42 3.50726e+06
48 4.03188e+06
27 2.57095e+06
Thế hệ thứ: 26
39 3.23526e+06
43 3.50847e+06
50 5.096e+06
27 2.57095e+06
49 4.05175e+06
47 3.84259e+06
35 3.01062e+06
31 2.57321e+06
34 2.8271e+06
41 3.49067e+06
32 2.68239e+06
48 4.03188e+06
42 3.50726e+06
Thế hệ thứ: 27
27 2.57095e+06
39 3.23526e+06
43 3.50847e+06
50 5.096e+06
49 4.05175e+06
47 3.84259e+06
35 3.01062e+06
31 2.57321e+06
34 2.8271e+06
41 3.49067e+06
32 2.68239e+06
42 3.50726e+06
48 3.86826e+06
Thế hệ thứ: 28
27 2.57095e+06
39 3.23526e+06
43 3.50847e+06
50 5.096e+06
49 4.05175e+06
35 3.01062e+06
47 3.84259e+06
31 2.57321e+06
34 2.8271e+06
41 3.49067e+06
32 2.68239e+06
48 3.86826e+06
42 3.50726e+06
Thế hệ thứ: 29
27 2.57095e+06
39 3.23526e+06
43 3.50847e+06
50 5.096e+06
49 4.05175e+06
35 3.01062e+06
47 3.84259e+06
31 2.57321e+06
34 2.8271e+06
32 2.68239e+06
48 3.86826e+06
42 3.50726e+06
41 3.39273e+06
Thế hệ thứ: 30
27 2.57095e+06
39 3.23526e+06
43 3.50847e+06
50 5.096e+06
49 4.05175e+06
35 3.01062e+06
47 3.84259e+06
31 2.57321e+06
34 2.8271e+06
41 3.39273e+06
32 2.68239e+06
48 3.86826e+06
42 3.50726e+06
45 3.66475e+06
Thế hệ thứ: 31
27 2.57095e+06
34 2.8271e+06
43 3.50847e+06
39 3.23526e+06
49 4.05175e+06
35 3.01062e+06
45 3.66475e+06
31 2.57321e+06
41 3.39273e+06
32 2.68239e+06
47 3.84259e+06
48 3.86826e+06
42 3.50726e+06
50 5.096e+06
Thế hệ thứ: 32
50 5.096e+06
27 2.57095e+06
49 4.05175e+06
34 2.8271e+06
43 3.50847e+06
39 3.23526e+06
35 3.01062e+06
45 3.66475e+06
31 2.57321e+06
41 3.39273e+06
32 2.68239e+06
47 3.84259e+06
48 3.86826e+06
42 3.50726e+06
Thế hệ thứ: 33
27 2.57095e+06
50 5.096e+06
34 2.8271e+06
43 3.50847e+06
39 3.23526e+06
35 3.01062e+06
45 3.66475e+06
31 2.57321e+06
41 3.39273e+06
32 2.68239e+06
47 3.84259e+06
48 3.86826e+06
42 3.50726e+06
37 3.20964e+06
49 4.05175e+06
Thế hệ thứ: 34
50 5.096e+06
27 2.57095e+06
49 4.05175e+06
45 3.66475e+06
35 3.01062e+06
31 2.57321e+06
37 3.20964e+06
34 2.8271e+06
43 3.50847e+06
39 3.23526e+06
41 3.39273e+06
32 2.68239e+06
47 3.84259e+06
48 3.86826e+06
42 3.50726e+06
46 3.82283e+06
Thế hệ thứ: 35
27 2.57095e+06
50 5.096e+06
49 4.05175e+06
35 3.01062e+06
31 2.57321e+06
37 3.20964e+06
34 2.8271e+06
45 3.66475e+06
43 3.50847e+06
39 3.23526e+06
41 3.39273e+06
32 2.68239e+06
48 3.86826e+06
46 3.82283e+06
42 3.50726e+06
47 3.84259e+06
44 3.65554e+06
Thế hệ thứ: 36
50 5.096e+06
27 2.57095e+06
35 3.01062e+06
31 2.57321e+06
37 3.20964e+06
43 3.50847e+06
39 3.23526e+06
34 2.8271e+06
41 3.39273e+06
32 2.68239e+06
48 3.86826e+06
46 3.82283e+06
45 3.66475e+06
44 3.65554e+06
42 3.50726e+06
47 3.84259e+06
49 4.05175e+06
Thế hệ thứ: 37
27 2.57095e+06
50 5.096e+06
49 4.05175e+06
35 3.01062e+06
31 2.57321e+06
37 3.20964e+06
43 3.50847e+06
39 3.23526e+06
34 2.8271e+06
41 3.39273e+06
32 2.68239e+06
48 3.86826e+06
46 3.82283e+06
45 3.66475e+06
44 3.65554e+06
42 3.50726e+06
47 3.84259e+06
Thế hệ thứ: 38
50 5.096e+06
27 2.57095e+06
49 4.05175e+06
35 3.01062e+06
31 2.57321e+06
37 3.20964e+06
43 3.50847e+06
39 3.23526e+06
34 2.8271e+06
41 3.39273e+06
32 2.68239e+06
48 3.86826e+06
46 3.82283e+06
45 3.66475e+06
42 3.50726e+06
47 3.84259e+06
44 3.65414e+06
Thế hệ thứ: 39
27 2.57095e+06
50 5.096e+06
49 4.05175e+06
35 3.01062e+06
31 2.57321e+06
37 3.20964e+06
43 3.50847e+06
39 3.23526e+06
34 2.8271e+06
41 3.39273e+06
32 2.68239e+06
48 3.86826e+06
46 3.82283e+06
45 3.66475e+06
45 3.66475e+06
44 3.65414e+06
42 3.50726e+06
47 3.84259e+06
Thế hệ thứ: 40
50 5.096e+06
27 2.57095e+06
49 4.05175e+06
35 3.01062e+06
31 2.57321e+06
37 3.20964e+06
43 3.50847e+06
39 3.23526e+06
34 2.8271e+06
41 3.39273e+06
32 2.68239e+06
48 3.86826e+06
46 3.82283e+06
44 3.65414e+06
45 3.66475e+06
45 3.66475e+06
47 3.84259e+06
42 3.50066e+06
Thế hệ thứ: 41
27 2.57095e+06
50 5.096e+06
49 4.05175e+06
35 3.01062e+06
31 2.57321e+06
37 3.20964e+06
43 3.50847e+06
39 3.23526e+06
34 2.8271e+06
41 3.39273e+06
32 2.68239e+06
48 3.86826e+06
46 3.82283e+06
44 3.65414e+06
42 3.50066e+06
45 3.66475e+06
45 3.66475e+06
47 3.84259e+06
Thế hệ thứ: 42
50 5.096e+06
27 2.57095e+06
49 4.05175e+06
35 3.01062e+06
31 2.57321e+06
37 3.20964e+06
43 3.50847e+06
39 3.23526e+06
34 2.8271e+06
41 3.39273e+06
32 2.68239e+06
48 3.86826e+06
46 3.82283e+06
42 3.50066e+06
45 3.66475e+06
45 3.66475e+06
47 3.84259e+06
44 3.60359e+06
Thế hệ thứ: 43
27 2.57095e+06
50 5.096e+06
49 4.05175e+06
35 3.01062e+06
31 2.57321e+06
37 3.20964e+06
43 3.50847e+06
39 3.23526e+06
34 2.8271e+06
41 3.39273e+06
32 2.68239e+06
48 3.86826e+06
46 3.82283e+06
44 3.60359e+06
42 3.50066e+06
45 3.66475e+06
45 3.66475e+06
47 3.83303e+06
Thế hệ thứ: 44
50 5.096e+06
27 2.57095e+06
49 4.05175e+06
35 3.01062e+06
31 2.57321e+06
37 3.20964e+06
43 3.50847e+06
39 3.23526e+06
34 2.8271e+06
41 3.39273e+06
32 2.68239e+06
48 3.86826e+06
46 3.82283e+06
44 3.60359e+06
42 3.50066e+06
45 3.66475e+06
45 3.66475e+06
47 3.83303e+06
Thế hệ thứ: 45
27 2.57095e+06
50 5.096e+06
49 4.05175e+06
35 3.01062e+06
31 2.57321e+06
37 3.20964e+06
43 3.50847e+06
39 3.23526e+06
34 2.8271e+06
41 3.39273e+06
32 2.68239e+06
48 3.86826e+06
46 3.82283e+06
44 3.60359e+06
42 3.50066e+06
45 3.66475e+06
45 3.66475e+06
47 3.83303e+06
Thế hệ thứ: 46
50 5.096e+06
27 2.57095e+06
49 4.05175e+06
35 3.01062e+06
31 2.57321e+06
37 3.20964e+06
43 3.50847e+06
39 3.23526e+06
34 2.8271e+06
41 3.39273e+06
32 2.68239e+06
48 3.86826e+06
46 3.82283e+06
44 3.60359e+06
42 3.50066e+06
45 3.66475e+06
45 3.66475e+06
47 3.83303e+06
Thế hệ thứ: 47
27 2.57095e+06
50 5.096e+06
49 4.05175e+06
35 3.01062e+06
31 2.57321e+06
37 3.20964e+06
43 3.50847e+06
39 3.23526e+06
34 2.8271e+06
41 3.39273e+06
32 2.68239e+06
48 3.86826e+06
46 3.82283e+06
44 3.60359e+06
42 3.50066e+06
45 3.66475e+06
45 3.66475e+06
47 3.83303e+06
Thế hệ thứ: 48
50 5.096e+06
27 2.57095e+06
49 4.05175e+06
35 3.01062e+06
31 2.57321e+06
37 3.20964e+06
43 3.50847e+06
39 3.23526e+06
34 2.8271e+06
41 3.39273e+06
32 2.68239e+06
48 3.86826e+06
46 3.82283e+06
44 3.60359e+06
45 3.66475e+06
45 3.66475e+06
47 3.83303e+06
42 3.48278e+06
Thế hệ thứ: 49
27 2.57095e+06
50 5.096e+06
49 4.05175e+06
35 3.01062e+06
31 2.57321e+06
37 3.20964e+06
43 3.50847e+06
39 3.23526e+06
34 2.8271e+06
32 2.68239e+06
41 3.39273e+06
48 3.86826e+06
46 3.82283e+06
44 3.60359e+06
42 3.48278e+06
45 3.66475e+06
45 3.66475e+06
47 3.83303e+06
