Thế hệ thứ: 0
21 3.29869e+06
41 8.89707e+06
47 1.15013e+07
22 3.84553e+06
44 1.02656e+07
29 4.87417e+06
34 5.96818e+06
28 4.20394e+06
38 7.47136e+06
50 1.15824e+07
40 8.12686e+06
43 9.94699e+06
25 3.972e+06
Thế hệ thứ: 1
34 5.96818e+06
50 1.15824e+07
28 4.20394e+06
29 4.87417e+06
25 3.972e+06
38 7.47136e+06
21 3.29869e+06
48 9.97547e+06
23 3.68744e+06
42 7.54927e+06
43 9.60753e+06
Thế hệ thứ: 2
29 4.87417e+06
34 5.96818e+06
23 3.68744e+06
38 7.47136e+06
42 7.54927e+06
48 9.97547e+06
49 1.10754e+07
44 8.54553e+06
25 3.883e+06
43 8.15914e+06
28 4.12939e+06
21 3.23887e+06
50 1.11153e+07
37 7.22054e+06
Thế hệ thứ: 3
34 5.96818e+06
28 4.12939e+06
43 8.15914e+06
38 7.47136e+06
37 7.22054e+06
42 7.54927e+06
31 5.36649e+06
48 9.97547e+06
21 3.23887e+06
44 8.54553e+06
25 3.883e+06
49 1.10754e+07
50 1.11153e+07
23 3.61052e+06
29 4.84443e+06
36 5.99408e+06
24 3.74129e+06
Thế hệ thứ: 4
44 8.54553e+06
28 4.12939e+06
43 8.15914e+06
36 5.99408e+06
24 3.74129e+06
42 7.54927e+06
38 7.17789e+06
50 1.11153e+07
21 3.23887e+06
48 9.97547e+06
23 3.61052e+06
49 1.09878e+07
30 5.00492e+06
29 4.53812e+06
34 5.23916e+06
25 3.77468e+06
26 4.10876e+06
Thế hệ thứ: 5
28 4.12939e+06
43 8.15914e+06
30 5.00492e+06
44 8.54553e+06
24 3.74129e+06
36 5.99408e+06
26 4.10876e+06
42 7.54927e+06
38 7.17789e+06
29 4.53812e+06
25 3.77468e+06
48 9.97547e+06
23 3.61052e+06
34 5.23916e+06
45 8.58686e+06
47 9.43821e+06
50 1.01138e+07
31 5.15041e+06
22 3.22114e+06
Thế hệ thứ: 6
24 3.74129e+06
22 3.22114e+06
28 4.12939e+06
43 8.15914e+06
34 5.23916e+06
25 3.77468e+06
44 8.54553e+06
48 9.97547e+06
45 8.58686e+06
47 9.43821e+06
23 3.61052e+06
50 1.01138e+07
36 5.99408e+06
26 4.10876e+06
42 7.54927e+06
38 7.17789e+06
35 5.98716e+06
30 4.40235e+06
31 4.76257e+06
40 7.38539e+06
Thế hệ thứ: 7
31 4.76257e+06
28 4.12939e+06
43 8.15914e+06
42 7.54927e+06
24 3.74129e+06
48 9.97547e+06
45 8.58686e+06
30 4.40235e+06
22 3.22114e+06
40 7.38539e+06
23 3.61052e+06
47 9.43821e+06
34 5.23916e+06
26 4.10876e+06
25 3.77468e+06
44 8.52376e+06
50 1.00237e+07
46 9.17887e+06
38 6.39146e+06
37 5.58281e+06
Thế hệ thứ: 8
28 4.12939e+06
31 4.76257e+06
26 4.10876e+06
47 9.43821e+06
34 5.23916e+06
42 7.54927e+06
24 3.74129e+06
25 3.77468e+06
37 5.58281e+06
50 1.00237e+07
48 9.97547e+06
45 8.58686e+06
30 4.40235e+06
38 6.39146e+06
22 3.22114e+06
40 7.38539e+06
23 3.61052e+06
46 8.90503e+06
44 7.77684e+06
32 5.20023e+06
Thế hệ thứ: 9
44 7.77684e+06
50 1.00237e+07
32 5.20023e+06
31 4.76257e+06
23 3.46342e+06
28 4.12939e+06
40 7.38539e+06
48 9.97547e+06
45 8.58686e+06
47 9.43821e+06
30 4.40235e+06
34 5.23916e+06
42 7.54927e+06
38 6.39146e+06
46 8.90503e+06
22 3.22114e+06
24 3.74129e+06
25 3.77468e+06
37 5.58281e+06
27 4.03047e+06
39 6.46901e+06
Thế hệ thứ: 10
40 7.38539e+06
42 7.54927e+06
28 4.0391e+06
44 7.77684e+06
50 1.00237e+07
32 5.20023e+06
23 3.46342e+06
31 4.76257e+06
37 5.58281e+06
39 6.46901e+06
27 4.03047e+06
38 6.39146e+06
46 8.90503e+06
22 3.22114e+06
48 9.97547e+06
45 8.58686e+06
24 3.74129e+06
47 9.43821e+06
25 3.77468e+06
30 4.40235e+06
34 5.23916e+06
29 4.33573e+06
Thế hệ thứ: 11
40 7.38539e+06
42 7.54927e+06
45 8.58686e+06
28 4.0391e+06
44 7.77684e+06
50 1.00237e+07
32 5.20023e+06
24 3.74129e+06
47 9.43821e+06
25 3.77468e+06
23 3.46342e+06
31 4.76257e+06
48 9.97547e+06
30 4.40235e+06
37 5.58281e+06
39 6.46901e+06
27 4.03047e+06
34 5.23916e+06
38 6.39146e+06
29 4.33573e+06
46 8.90503e+06
22 3.22114e+06
Thế hệ thứ: 12
40 7.38539e+06
22 3.22114e+06
42 7.54927e+06
28 4.0391e+06
44 7.77684e+06
50 1.00237e+07
47 9.43821e+06
45 8.58686e+06
25 3.77468e+06
46 8.90503e+06
23 3.46342e+06
24 3.74129e+06
31 4.76257e+06
48 9.97547e+06
30 4.40235e+06
37 5.58281e+06
29 4.33573e+06
39 6.08159e+06
27 4.00995e+06
35 5.16217e+06
Thế hệ thứ: 13
40 7.38539e+06
39 6.08159e+06
22 3.22114e+06
47 9.43821e+06
28 4.0391e+06
50 1.00237e+07
24 3.74129e+06
27 4.00995e+06
31 4.76257e+06
25 3.77468e+06
37 5.58281e+06
46 8.90503e+06
35 5.16217e+06
48 9.97547e+06
23 3.46342e+06
29 4.33573e+06
30 4.40235e+06
26 3.85783e+06
45 7.58855e+06
43 7.54658e+06
Thế hệ thứ: 14
40 7.38539e+06
26 3.85783e+06
39 6.08159e+06
25 3.77468e+06
43 7.54658e+06
30 4.40235e+06
22 3.22114e+06
45 7.58855e+06
46 8.90503e+06
47 9.43821e+06
50 1.00237e+07
28 4.0391e+06
37 5.58281e+06
35 5.16217e+06
23 3.46342e+06
24 3.74129e+06
27 4.00995e+06
29 4.33573e+06
31 4.76257e+06
48 9.7818e+06
38 6.021e+06
Thế hệ thứ: 15
23 3.46342e+06
40 6.67835e+06
22 3.22114e+06
43 7.54658e+06
50 1.00237e+07
28 4.0391e+06
26 3.85783e+06
25 3.77468e+06
39 6.08159e+06
46 8.90503e+06
32 4.91044e+06
30 4.40235e+06
38 6.021e+06
24 3.74129e+06
45 7.58855e+06
37 5.58281e+06
35 5.16217e+06
29 4.33573e+06
47 9.43821e+06
48 9.7818e+06
34 5.1611e+06
31 4.44687e+06
27 3.95148e+06
Thế hệ thứ: 16
26 3.85783e+06
27 3.95148e+06
45 7.58855e+06
22 3.22114e+06
40 6.67835e+06
23 3.46342e+06
47 9.43821e+06
43 7.54658e+06
28 4.0391e+06
50 1.00237e+07
48 9.7818e+06
37 5.58281e+06
25 3.77468e+06
39 6.08159e+06
39 6.08159e+06
46 8.90503e+06
30 4.40235e+06
29 4.33573e+06
38 6.021e+06
24 3.74129e+06
31 4.44687e+06
35 4.80218e+06
41 7.20463e+06
Thế hệ thứ: 17
26 3.85783e+06
29 4.33573e+06
25 3.77468e+06
41 7.20463e+06
45 7.58855e+06
27 3.95148e+06
40 6.67835e+06
22 3.22114e+06
38 6.021e+06
39 6.08159e+06
39 6.08159e+06
23 3.46342e+06
47 9.43821e+06
46 8.90503e+06
43 7.54658e+06
24 3.74129e+06
50 1.00237e+07
28 4.0391e+06
31 4.44687e+06
48 9.7818e+06
30 4.40235e+06
35 4.80218e+06
37 5.58281e+06
Thế hệ thứ: 18
26 3.85783e+06
50 1.00237e+07
28 4.0391e+06
43 7.54658e+06
29 4.33573e+06
25 3.77468e+06
41 7.20463e+06
24 3.74129e+06
45 7.58855e+06
27 3.95148e+06
40 6.67835e+06
22 3.22114e+06
38 6.021e+06
39 6.08159e+06
39 6.08159e+06
31 4.44687e+06
48 9.7818e+06
30 4.40235e+06
23 3.46342e+06
47 9.43821e+06
35 4.80218e+06
46 8.90503e+06
37 5.58281e+06
Thế hệ thứ: 19
26 3.85783e+06
23 3.46342e+06
31 4.44687e+06
43 7.54658e+06
50 1.00237e+07
28 4.0391e+06
29 4.33573e+06
41 7.20463e+06
25 3.77468e+06
24 3.74129e+06
45 7.58855e+06
47 9.43821e+06
48 9.7818e+06
27 3.95148e+06
46 8.90503e+06
30 4.40235e+06
35 4.80218e+06
37 5.58281e+06
40 6.67835e+06
22 3.22114e+06
38 6.021e+06
39 6.08159e+06
39 6.08159e+06
Thế hệ thứ: 20
26 3.85783e+06
27 3.95148e+06
48 9.7818e+06
37 5.58281e+06
22 3.22114e+06
40 6.67835e+06
23 3.46342e+06
46 8.90503e+06
31 4.44687e+06
43 7.54658e+06
38 6.021e+06
28 4.0391e+06
50 1.00237e+07
30 4.40235e+06
29 4.33573e+06
25 3.77468e+06
41 7.20463e+06
24 3.74129e+06
45 7.58855e+06
35 4.80218e+06
47 9.43821e+06
39 6.05299e+06
39 6.05299e+06
Thế hệ thứ: 21
26 3.85783e+06
46 8.81814e+06
25 3.77468e+06
41 7.20463e+06
48 9.7818e+06
27 3.95148e+06
37 5.58281e+06
39 6.05299e+06
39 6.05299e+06
40 6.67835e+06
22 3.22114e+06
28 4.0391e+06
50 1.00237e+07
30 4.40235e+06
23 3.46342e+06
47 9.43821e+06
24 3.74129e+06
29 4.33573e+06
45 7.58855e+06
31 4.44687e+06
38 6.00111e+06
43 7.54658e+06
35 4.80218e+06
Thế hệ thứ: 22
26 3.85783e+06
46 8.81814e+06
25 3.77468e+06
41 7.20463e+06
29 4.33573e+06
35 4.80218e+06
23 3.46342e+06
48 9.7818e+06
27 3.95148e+06
47 9.43821e+06
45 7.58855e+06
37 5.58281e+06
39 6.05299e+06
39 6.05299e+06
24 3.74129e+06
40 6.67835e+06
22 3.22114e+06
31 4.44687e+06
43 7.54658e+06
38 6.00111e+06
50 1.00237e+07
28 4.0391e+06
30 4.40235e+06
44 7.55594e+06
Thế hệ thứ: 23
26 3.85783e+06
28 4.0391e+06
50 1.00237e+07
25 3.77468e+06
41 7.20463e+06
35 4.80218e+06
29 4.33573e+06
31 4.44687e+06
23 3.46342e+06
27 3.95148e+06
45 7.58855e+06
37 5.58281e+06
39 6.05299e+06
39 6.05299e+06
24 3.74129e+06
30 4.40235e+06
40 6.67835e+06
22 3.22114e+06
44 7.22535e+06
49 8.31328e+06
38 5.92897e+06
Thế hệ thứ: 24
26 3.85783e+06
27 3.95148e+06
31 4.44687e+06
31 4.44687e+06
23 3.46342e+06
49 8.31328e+06
38 5.92897e+06
28 4.0391e+06
50 1.00237e+07
41 7.20463e+06
25 3.77468e+06
35 4.80218e+06
44 7.22535e+06
29 4.33573e+06
45 7.58855e+06
37 5.58281e+06
24 3.74129e+06
30 4.40235e+06
40 6.67835e+06
22 3.22114e+06
39 5.96627e+06
36 5.51488e+06
Thế hệ thứ: 25
31 4.44687e+06
31 4.44687e+06
23 3.46342e+06
49 8.31328e+06
35 4.80218e+06
28 4.0391e+06
50 1.00237e+07
26 3.85783e+06
37 5.58281e+06
27 3.95148e+06
44 7.22535e+06
25 3.77468e+06
41 7.20463e+06
29 4.33573e+06
38 5.92897e+06
45 7.58855e+06
24 3.74129e+06
30 4.40235e+06
40 6.67835e+06
22 3.22114e+06
39 5.96627e+06
36 5.51488e+06
Thế hệ thứ: 26
23 3.46342e+06
49 8.31328e+06
22 3.22114e+06
40 6.67835e+06
31 4.44687e+06
31 4.44687e+06
38 5.92897e+06
35 4.80218e+06
45 7.58855e+06
50 1.00237e+07
26 3.85783e+06
36 5.51488e+06
37 5.58281e+06
39 5.96627e+06
27 3.95148e+06
44 7.22535e+06
24 3.74129e+06
41 7.20463e+06
25 3.77468e+06
30 4.40235e+06
29 4.33573e+06
28 4.01256e+06
32 4.70439e+06
Thế hệ thứ: 27
45 7.58855e+06
31 4.44687e+06
31 4.44687e+06
40 6.67835e+06
22 3.22114e+06
32 4.70439e+06
49 8.31328e+06
23 3.46342e+06
28 4.01256e+06
38 5.92897e+06
35 4.80218e+06
24 3.74129e+06
44 7.22535e+06
41 7.20463e+06
25 3.77468e+06
50 1.00237e+07
30 4.40235e+06
26 3.85783e+06
36 5.51488e+06
37 5.58281e+06
39 5.96627e+06
27 3.95148e+06
29 4.33573e+06
Thế hệ thứ: 28
29 4.33573e+06
28 4.01256e+06
28 4.01256e+06
27 3.95148e+06
45 7.58855e+06
22 3.22114e+06
40 6.67835e+06
31 4.44687e+06
31 4.44687e+06
32 4.70439e+06
23 3.46342e+06
49 8.31328e+06
30 4.40235e+06
50 1.00237e+07
26 3.85783e+06
38 5.92897e+06
35 4.80218e+06
44 7.22535e+06
41 7.20463e+06
25 3.77468e+06
36 5.51488e+06
37 5.58281e+06
39 5.96627e+06
24 3.59601e+06
Thế hệ thứ: 29
35 4.80218e+06
28 4.01256e+06
28 4.01256e+06
29 4.33573e+06
24 3.59601e+06
38 5.92897e+06
27 3.95148e+06
39 5.96627e+06
45 7.58855e+06
22 3.22114e+06
40 6.67835e+06
31 4.44687e+06
31 4.44687e+06
32 4.70439e+06
49 8.31328e+06
23 3.46342e+06
41 7.20463e+06
25 3.77468e+06
30 4.40235e+06
44 7.22535e+06
50 1.00237e+07
26 3.85783e+06
37 5.40795e+06
Thế hệ thứ: 30
29 4.33573e+06
28 4.01256e+06
28 4.01256e+06
35 4.80218e+06
24 3.59601e+06
25 3.77468e+06
45 7.58855e+06
38 5.92897e+06
26 3.85783e+06
37 5.40795e+06
27 3.95148e+06
39 5.96627e+06
50 1.00237e+07
30 4.40235e+06
22 3.22114e+06
31 4.44687e+06
31 4.44687e+06
32 4.70439e+06
23 3.46342e+06
49 8.31328e+06
44 7.22535e+06
41 6.32177e+06
Thế hệ thứ: 31
35 4.80218e+06
28 4.01256e+06
28 4.01256e+06
29 4.33573e+06
24 3.59601e+06
30 4.40235e+06
50 1.00237e+07
45 7.58855e+06
41 6.32177e+06
25 3.77468e+06
32 4.70439e+06
22 3.22114e+06
31 4.44687e+06
31 4.44687e+06
49 8.31328e+06
23 3.46342e+06
38 5.92897e+06
37 5.40795e+06
26 3.85783e+06
27 3.95148e+06
39 5.96627e+06
44 7.22535e+06
Thế hệ thứ: 32
29 4.33573e+06
28 4.01256e+06
28 4.01256e+06
35 4.80218e+06
30 4.40235e+06
38 5.92897e+06
24 3.59601e+06
39 5.96627e+06
31 4.44687e+06
31 4.44687e+06
45 7.58855e+06
41 6.32177e+06
37 5.40795e+06
26 3.85783e+06
23 3.46342e+06
49 8.31328e+06
27 3.95148e+06
25 3.77468e+06
32 4.70439e+06
22 3.22114e+06
44 7.22535e+06
50 8.96689e+06
Thế hệ thứ: 33
35 4.80218e+06
28 4.01256e+06
28 4.01256e+06
29 4.33573e+06
44 7.22535e+06
37 5.40795e+06
26 3.85783e+06
30 4.40235e+06
49 8.31328e+06
23 3.46342e+06
38 5.92897e+06
24 3.59601e+06
39 5.96627e+06
31 4.44687e+06
31 4.44687e+06
25 3.77468e+06
27 3.95148e+06
32 4.70439e+06
22 3.22114e+06
45 7.58855e+06
41 6.32177e+06
50 8.96689e+06
17 3.1991e+06
Thế hệ thứ: 34
28 4.01256e+06
28 4.01256e+06
35 4.80218e+06
38 5.92897e+06
24 3.59601e+06
39 5.96627e+06
44 7.22535e+06
26 3.85783e+06
37 5.40795e+06
25 3.77468e+06
30 4.40235e+06
31 4.44687e+06
31 4.44687e+06
23 3.46342e+06
49 8.31328e+06
27 3.95148e+06
32 4.70439e+06
22 3.22114e+06
45 7.58855e+06
41 6.32177e+06
50 8.96689e+06
17 3.1991e+06
29 4.32951e+06
42 6.7043e+06
Thế hệ thứ: 35
44 7.22535e+06
35 4.80218e+06
42 6.7043e+06
28 4.01256e+06
28 4.01256e+06
23 3.46342e+06
49 8.31328e+06
38 5.92897e+06
24 3.59601e+06
27 3.95148e+06
39 5.96627e+06
32 4.70439e+06
22 3.22114e+06
50 8.96689e+06
45 7.58855e+06
37 5.40795e+06
26 3.85783e+06
17 3.1991e+06
25 3.77468e+06
30 4.40235e+06
31 4.44687e+06
31 4.44687e+06
41 6.32177e+06
29 4.32951e+06
Thế hệ thứ: 36
37 5.40795e+06
26 3.85783e+06
44 7.22535e+06
42 6.7043e+06
28 4.01256e+06
28 4.01256e+06
35 4.80218e+06
41 6.32177e+06
49 8.31328e+06
23 3.46342e+06
17 3.1991e+06
38 5.92897e+06
24 3.59601e+06
27 3.95148e+06
39 5.96627e+06
29 4.32951e+06
32 4.70439e+06
22 3.22114e+06
25 3.77468e+06
30 4.40235e+06
50 8.96689e+06
31 4.44687e+06
31 4.44687e+06
45 7.58855e+06
Thế hệ thứ: 37
23 3.46342e+06
49 8.31328e+06
44 7.22535e+06
37 5.40795e+06
26 3.85783e+06
25 3.77468e+06
42 6.7043e+06
41 6.03905e+06
28 4.01256e+06
28 4.01256e+06
35 4.80218e+06
32 4.70439e+06
30 4.40235e+06
30 4.40235e+06
31 4.44687e+06
31 4.44687e+06
45 7.58855e+06
22 3.22114e+06
17 3.1991e+06
50 8.96689e+06
38 5.92897e+06
24 3.59601e+06
27 3.95148e+06
39 5.96627e+06
29 4.32951e+06
Thế hệ thứ: 38
28 4.01256e+06
28 4.01256e+06
41 6.03905e+06
23 3.46342e+06
49 8.31328e+06
22 3.22114e+06
38 5.92897e+06
26 3.85783e+06
37 5.40795e+06
44 7.22535e+06
24 3.59601e+06
17 3.1991e+06
25 3.77468e+06
27 3.95148e+06
45 7.58855e+06
35 4.80218e+06
50 8.96689e+06
32 4.70439e+06
30 4.40235e+06
30 4.40235e+06
31 4.44687e+06
31 4.44687e+06
29 4.32951e+06
39 5.96627e+06
34 4.76903e+06
42 6.4508e+06
Thế hệ thứ: 39
41 6.03905e+06
28 4.01256e+06
28 4.01256e+06
50 8.96689e+06
32 4.70439e+06
30 4.40235e+06
30 4.40235e+06
34 4.76903e+06
49 8.31328e+06
23 3.46342e+06
22 3.22114e+06
31 4.44687e+06
31 4.44687e+06
38 5.92897e+06
37 5.40795e+06
26 3.85783e+06
44 7.22535e+06
24 3.59601e+06
29 4.32951e+06
17 3.1991e+06
25 3.77468e+06
27 3.95148e+06
39 5.96627e+06
45 7.58855e+06
35 4.80218e+06
42 6.4508e+06
Thế hệ thứ: 40
34 4.76903e+06
50 8.96689e+06
41 6.03905e+06
28 4.01256e+06
28 4.01256e+06
44 7.22535e+06
37 5.40795e+06
26 3.85783e+06
24 3.59601e+06
32 4.70439e+06
29 4.32951e+06
30 4.40235e+06
30 4.40235e+06
42 6.4508e+06
35 4.80218e+06
17 3.1991e+06
23 3.46342e+06
49 8.31328e+06
22 3.22114e+06
25 3.77468e+06
31 4.44687e+06
31 4.44687e+06
27 3.95148e+06
38 5.92897e+06
39 5.96627e+06
45 7.58855e+06
Thế hệ thứ: 41
34 4.76903e+06
32 4.70439e+06
42 6.4508e+06
37 5.40795e+06
26 3.85783e+06
24 3.59601e+06
41 6.03905e+06
28 4.01256e+06
28 4.01256e+06
50 8.96689e+06
30 4.40235e+06
30 4.40235e+06
44 7.22535e+06
35 4.80218e+06
17 3.1991e+06
49 8.31328e+06
23 3.46342e+06
22 3.22114e+06
38 5.79668e+06
25 3.77468e+06
31 4.44687e+06
31 4.44687e+06
27 3.95148e+06
39 5.96627e+06
45 7.58855e+06
29 4.28521e+06
43 6.84362e+06
Thế hệ thứ: 42
37 5.40795e+06
26 3.85783e+06
34 4.76903e+06
23 3.46342e+06
49 8.31328e+06
42 6.4508e+06
32 4.70439e+06
17 3.1991e+06
50 8.96689e+06
30 4.40235e+06
30 4.40235e+06
24 3.59601e+06
25 3.74036e+06
41 6.03905e+06
28 4.01256e+06
28 4.01256e+06
44 7.22535e+06
35 4.80218e+06
22 3.22114e+06
38 5.79668e+06
31 4.44687e+06
31 4.44687e+06
27 3.95148e+06
45 7.58855e+06
43 6.84362e+06
39 5.92042e+06
29 4.28521e+06
Thế hệ thứ: 43
35 4.80218e+06
41 6.03905e+06
28 4.01256e+06
28 4.01256e+06
25 3.74036e+06
37 5.40795e+06
26 3.85783e+06
34 4.76903e+06
29 4.28521e+06
39 5.92042e+06
23 3.46342e+06
49 8.31328e+06
22 3.22114e+06
42 6.4508e+06
32 4.70439e+06
38 5.79668e+06
17 3.1991e+06
31 4.44687e+06
31 4.44687e+06
50 8.96689e+06
24 3.59601e+06
45 7.58855e+06
44 7.22535e+06
43 6.46289e+06
27 3.90097e+06
30 4.29973e+06
50 8.96689e+06
Thế hệ thứ: 44
37 5.40795e+06
26 3.85783e+06
41 6.03905e+06
28 4.01256e+06
28 4.01256e+06
25 3.74036e+06
35 4.80218e+06
39 5.92042e+06
29 4.28521e+06
42 6.4508e+06
49 8.31328e+06
23 3.46342e+06
22 3.22114e+06
31 4.44687e+06
31 4.44687e+06
34 4.76903e+06
32 4.70439e+06
38 5.79668e+06
17 3.1991e+06
50 8.96689e+06
24 3.59601e+06
45 7.58855e+06
44 7.22535e+06
27 3.90097e+06
43 6.46289e+06
30 4.29973e+06
50 8.96689e+06
Thế hệ thứ: 45
37 5.40795e+06
26 3.85783e+06
23 3.46342e+06
49 8.31328e+06
31 4.44687e+06
31 4.44687e+06
42 6.4508e+06
17 3.1991e+06
25 3.74036e+06
28 4.01256e+06
28 4.01256e+06
41 6.03905e+06
22 3.22114e+06
35 4.80218e+06
39 5.92042e+06
29 4.28521e+06
34 4.76903e+06
32 4.70439e+06
38 5.79668e+06
50 8.96689e+06
24 3.59601e+06
45 7.58855e+06
44 7.22535e+06
43 6.46289e+06
27 3.90097e+06
30 4.29973e+06
50 8.96689e+06
Thế hệ thứ: 46
23 3.46342e+06
49 8.31328e+06
42 6.4508e+06
45 7.58855e+06
44 6.84542e+06
37 5.40795e+06
26 3.85783e+06
38 5.79668e+06
27 3.90097e+06
43 6.46289e+06
31 4.44687e+06
31 4.44687e+06
39 5.92042e+06
29 4.28521e+06
17 3.1991e+06
50 8.96689e+06
41 6.03905e+06
28 4.01256e+06
28 4.01256e+06
25 3.74036e+06
24 3.59601e+06
33 4.70161e+06
22 3.22114e+06
35 4.80218e+06
30 4.29973e+06
34 4.76903e+06
50 8.96689e+06
43 6.46289e+06
Thế hệ thứ: 47
38 5.79668e+06
28 4.01256e+06
28 4.01256e+06
41 6.03905e+06
25 3.74036e+06
42 6.4508e+06
23 3.46342e+06
49 8.31328e+06
45 7.58855e+06
44 6.84542e+06
24 3.59601e+06
22 3.22114e+06
33 4.70161e+06
26 3.85783e+06
37 5.40795e+06
43 6.46289e+06
43 6.46289e+06
27 3.90097e+06
35 4.80218e+06
31 4.44687e+06
31 4.44687e+06
39 5.92042e+06
29 4.28521e+06
17 3.1991e+06
30 4.29973e+06
34 4.76903e+06
50 8.61203e+06
Thế hệ thứ: 48
30 4.29973e+06
26 3.85783e+06
37 5.40795e+06
38 5.79668e+06
28 4.01256e+06
28 4.01256e+06
41 6.03905e+06
25 3.74036e+06
27 3.90097e+06
49 8.31328e+06
50 8.61203e+06
23 3.46342e+06
35 4.80218e+06
45 7.58855e+06
44 6.84542e+06
24 3.59601e+06
34 4.76903e+06
33 4.70161e+06
22 3.22114e+06
39 5.92042e+06
29 4.28521e+06
17 3.1991e+06
43 6.43668e+06
43 6.43668e+06
31 4.38842e+06
30 4.29973e+06
Thế hệ thứ: 49
31 4.38842e+06
37 5.40795e+06
44 6.84542e+06
30 4.29973e+06
35 4.80218e+06
45 7.58855e+06
24 3.59601e+06
34 4.76903e+06
29 4.28521e+06
39 5.92042e+06
38 5.79668e+06
22 3.22114e+06
33 4.70161e+06
50 8.61203e+06
49 8.31328e+06
23 3.46342e+06
41 6.03905e+06
28 4.01256e+06
28 4.01256e+06
27 3.90097e+06
30 4.29973e+06
17 3.1991e+06
43 6.43668e+06
43 6.43668e+06
36 5.39586e+06
32 4.46139e+06
26 3.60824e+06
