Thế hệ thứ: 0
85 2.22387e+07
41 9.1261e+06
33 4.91932e+06
37 6.47597e+06
34 5.73097e+06
39 7.91691e+06
59 1.35822e+07
75 1.79112e+07
76 1.99015e+07
97 2.96443e+07
69 1.50181e+07
51 1.05911e+07
77 2.13545e+07
94 2.58285e+07
Thế hệ thứ: 1
33 4.91932e+06
59 1.35822e+07
69 1.50181e+07
41 9.1261e+06
51 1.05911e+07
37 6.47597e+06
34 5.73097e+06
75 1.79112e+07
76 1.99015e+07
97 2.96443e+07
39 7.91691e+06
94 2.58285e+07
79 2.099e+07
85 2.12101e+07
67 1.48583e+07
61 1.37499e+07
48 9.54057e+06
91 2.33837e+07
Thế hệ thứ: 2
33 4.91932e+06
61 1.37499e+07
41 9.1261e+06
69 1.50181e+07
51 1.05911e+07
97 2.96443e+07
37 6.47597e+06
34 5.73097e+06
85 2.12101e+07
39 7.91691e+06
67 1.48583e+07
75 1.79112e+07
91 2.33837e+07
48 9.54057e+06
19 4.57724e+06
59 1.30869e+07
79 2.06024e+07
40 8.86073e+06
71 1.70067e+07
78 1.94665e+07
54 1.15251e+07
96 2.37211e+07
Thế hệ thứ: 3
97 2.96443e+07
69 1.50181e+07
67 1.48583e+07
39 7.91691e+06
33 4.91932e+06
71 1.70067e+07
19 4.57724e+06
96 2.37211e+07
75 1.79112e+07
54 1.15251e+07
79 2.06024e+07
34 5.73097e+06
37 6.47597e+06
78 1.94665e+07
91 2.33837e+07
85 2.12101e+07
48 9.54057e+06
59 1.30869e+07
52 1.03798e+07
42 8.38465e+06
21 4.57742e+06
90 2.14052e+07
63 1.37291e+07
Thế hệ thứ: 4
54 1.15251e+07
21 4.57742e+06
67 1.48583e+07
69 1.50181e+07
97 2.96443e+07
85 2.12101e+07
75 1.79112e+07
48 9.54057e+06
37 6.47597e+06
34 5.73097e+06
90 2.14052e+07
33 4.91932e+06
52 1.03798e+07
81 1.8139e+07
71 1.70067e+07
91 2.33837e+07
19 4.57724e+06
96 2.37211e+07
70 1.67421e+07
45 7.67405e+06
63 1.29107e+07
Thế hệ thứ: 5
54 1.15251e+07
34 5.73097e+06
37 6.47597e+06
85 2.12101e+07
52 1.03798e+07
69 1.50181e+07
21 4.57742e+06
67 1.48583e+07
97 2.96443e+07
71 1.70067e+07
81 1.8139e+07
75 1.79112e+07
48 9.54057e+06
96 2.37211e+07
91 2.33837e+07
19 4.57724e+06
70 1.67421e+07
45 7.67405e+06
90 2.14052e+07
63 1.29107e+07
33 4.91932e+06
50 9.98794e+06
46 9.47917e+06
Thế hệ thứ: 6
81 1.8139e+07
71 1.70067e+07
19 4.57724e+06
34 5.73097e+06
37 6.47597e+06
54 1.15251e+07
52 1.03798e+07
85 2.12101e+07
90 2.14052e+07
69 1.50181e+07
67 1.48583e+07
21 4.57742e+06
70 1.67421e+07
45 7.67405e+06
63 1.29107e+07
50 9.98794e+06
75 1.79112e+07
48 9.54057e+06
96 2.37211e+07
33 4.91932e+06
91 2.33837e+07
47 7.74191e+06
36 5.80767e+06
97 2.55533e+07
Thế hệ thứ: 7
81 1.8139e+07
71 1.70067e+07
54 1.15251e+07
34 5.73097e+06
37 6.47597e+06
50 9.98794e+06
36 5.80767e+06
97 2.55533e+07
91 2.33837e+07
52 1.03798e+07
85 2.12101e+07
47 7.74191e+06
63 1.29107e+07
90 2.14052e+07
96 2.37211e+07
69 1.50181e+07
75 1.79112e+07
21 4.57742e+06
67 1.48583e+07
48 9.54057e+06
70 1.67421e+07
33 4.91932e+06
45 7.67405e+06
59 1.24394e+07
20 4.22781e+06
Thế hệ thứ: 8
81 1.8139e+07
71 1.70067e+07
34 5.73097e+06
37 6.47597e+06
54 1.15251e+07
50 9.98794e+06
20 4.22781e+06
63 1.29107e+07
97 2.55533e+07
36 5.80767e+06
75 1.79112e+07
52 1.03798e+07
85 2.12101e+07
47 7.74191e+06
70 1.67421e+07
56 1.18523e+07
33 4.91932e+06
90 2.14052e+07
49 9.39948e+06
96 2.37211e+07
45 7.67405e+06
67 1.48583e+07
69 1.50181e+07
59 1.24394e+07
22 4.89008e+06
21 4.49729e+06
61 1.2622e+07
39 6.51064e+06
93 2.29595e+07
Thế hệ thứ: 9
81 1.8139e+07
71 1.70067e+07
96 2.37211e+07
49 9.39948e+06
54 1.15251e+07
34 5.73097e+06
90 2.14052e+07
59 1.24394e+07
50 9.98794e+06
20 4.22781e+06
63 1.29107e+07
70 1.67421e+07
39 6.51064e+06
97 2.55533e+07
93 2.29595e+07
36 5.80767e+06
45 7.67405e+06
61 1.2622e+07
75 1.79112e+07
67 1.48583e+07
52 1.03798e+07
85 2.12101e+07
47 7.74191e+06
21 4.49729e+06
22 4.89008e+06
56 1.18523e+07
33 4.91932e+06
69 1.50181e+07
38 6.26938e+06
53 1.10399e+07
48 8.50523e+06
Thế hệ thứ: 10
81 1.8139e+07
71 1.70067e+07
34 5.73097e+06
54 1.15251e+07
49 9.39948e+06
57 1.19183e+07
96 2.37211e+07
38 6.26938e+06
67 1.48583e+07
90 2.14052e+07
69 1.50181e+07
53 1.10399e+07
59 1.24394e+07
50 9.98794e+06
20 4.22781e+06
52 1.03798e+07
63 1.29107e+07
70 1.67421e+07
39 6.51064e+06
48 8.50523e+06
22 4.89008e+06
97 2.55533e+07
36 5.80767e+06
93 2.29595e+07
47 7.74191e+06
21 4.49729e+06
45 7.67405e+06
61 1.2622e+07
75 1.79112e+07
56 1.18523e+07
33 4.91932e+06
87 2.03046e+07
73 1.73988e+07
Thế hệ thứ: 11
81 1.8139e+07
96 2.37211e+07
57 1.19183e+07
49 9.39948e+06
54 1.15251e+07
34 5.73097e+06
48 8.50523e+06
22 4.89008e+06
97 2.55533e+07
93 2.29595e+07
36 5.80767e+06
61 1.2622e+07
38 6.26938e+06
87 2.03046e+07
67 1.48583e+07
90 2.14052e+07
75 1.79112e+07
73 1.73988e+07
69 1.50181e+07
53 1.10399e+07
59 1.24394e+07
50 9.98794e+06
20 4.22781e+06
47 7.74191e+06
52 1.03798e+07
63 1.29107e+07
21 4.49729e+06
56 1.18523e+07
33 4.91932e+06
45 7.67405e+06
39 6.51064e+06
71 1.66634e+07
41 7.60631e+06
40 7.27004e+06
72 1.71996e+07
Thế hệ thứ: 12
81 1.8139e+07
59 1.24394e+07
38 6.26938e+06
40 7.27004e+06
96 2.37211e+07
49 9.39948e+06
57 1.19183e+07
50 9.98794e+06
20 4.22781e+06
45 7.67405e+06
54 1.15251e+07
47 7.74191e+06
34 5.73097e+06
71 1.66634e+07
22 4.89008e+06
48 8.50523e+06
39 6.51064e+06
97 2.55533e+07
36 5.80767e+06
93 2.29595e+07
52 1.03798e+07
61 1.2622e+07
87 2.03046e+07
63 1.29107e+07
67 1.48583e+07
90 2.14052e+07
21 4.49729e+06
56 1.18523e+07
33 4.91932e+06
41 7.60631e+06
69 1.50181e+07
53 1.10399e+07
42 7.65632e+06
75 1.6722e+07
70 1.58961e+07
Thế hệ thứ: 13
81 1.8139e+07
59 1.24394e+07
56 1.18523e+07
33 4.91932e+06
96 2.37211e+07
49 9.39948e+06
57 1.19183e+07
38 6.26938e+06
40 7.27004e+06
61 1.2622e+07
42 7.65632e+06
52 1.03798e+07
50 9.98794e+06
87 2.03046e+07
48 8.50523e+06
71 1.66634e+07
20 4.22781e+06
45 7.67405e+06
63 1.29107e+07
41 7.60631e+06
54 1.15251e+07
69 1.50181e+07
47 7.74191e+06
67 1.48583e+07
90 2.14052e+07
34 5.73097e+06
53 1.10399e+07
39 6.51064e+06
36 5.80767e+06
97 2.55533e+07
93 2.29595e+07
75 1.6722e+07
70 1.58961e+07
21 4.49729e+06
21 4.49729e+06
30 4.78096e+06
Thế hệ thứ: 14
49 9.39948e+06
57 1.19183e+07
96 2.37211e+07
30 4.78096e+06
40 7.27004e+06
38 6.26938e+06
81 1.8139e+07
33 4.91932e+06
56 1.18523e+07
90 2.14052e+07
34 5.73097e+06
45 7.67405e+06
36 5.80767e+06
93 2.29595e+07
97 2.55533e+07
52 1.03798e+07
42 7.65632e+06
50 9.98794e+06
87 2.03046e+07
71 1.66634e+07
48 8.50523e+06
20 4.22781e+06
75 1.6722e+07
63 1.29107e+07
53 1.10399e+07
70 1.58961e+07
41 7.60631e+06
54 1.15251e+07
69 1.50181e+07
39 6.51064e+06
47 7.74191e+06
67 1.48583e+07
21 4.49331e+06
61 1.23638e+07
Thế hệ thứ: 15
38 6.26938e+06
30 4.78096e+06
57 1.19183e+07
49 9.39948e+06
96 2.37211e+07
48 8.50523e+06
71 1.66634e+07
20 4.22781e+06
75 1.6722e+07
56 1.18523e+07
33 4.91932e+06
63 1.29107e+07
81 1.8139e+07
45 7.67405e+06
53 1.10399e+07
70 1.58961e+07
47 7.74191e+06
67 1.48583e+07
90 2.14052e+07
34 5.73097e+06
41 7.60631e+06
54 1.15251e+07
36 5.80767e+06
97 2.55533e+07
69 1.50181e+07
39 6.51064e+06
61 1.23638e+07
21 4.49331e+06
42 7.65632e+06
52 1.03798e+07
50 9.98794e+06
87 2.03046e+07
40 6.58118e+06
22 4.50641e+06
94 2.17937e+07
Thế hệ thứ: 16
67 1.48583e+07
57 1.19183e+07
96 2.37211e+07
30 4.78096e+06
71 1.66634e+07
87 2.03046e+07
36 5.80767e+06
97 2.55533e+07
20 4.22781e+06
75 1.6722e+07
69 1.50181e+07
22 4.50641e+06
56 1.18523e+07
33 4.91932e+06
63 1.29107e+07
81 1.8139e+07
45 7.67405e+06
53 1.10399e+07
70 1.58961e+07
40 5.92979e+06
47 7.74191e+06
61 1.23638e+07
21 4.49331e+06
52 1.03798e+07
42 7.65632e+06
90 2.14052e+07
94 2.17937e+07
34 5.73097e+06
41 7.60631e+06
54 1.15251e+07
50 9.98794e+06
49 8.80892e+06
48 8.26307e+06
Thế hệ thứ: 17
67 1.48583e+07
70 1.58961e+07
45 7.67405e+06
53 1.10399e+07
57 1.19183e+07
96 2.37211e+07
21 4.49331e+06
52 1.03798e+07
40 5.92979e+06
47 7.74191e+06
30 4.78096e+06
26 4.57074e+06
71 1.66634e+07
90 2.14052e+07
87 2.03046e+07
61 1.23638e+07
50 9.98794e+06
54 1.15251e+07
49 8.80892e+06
36 5.80767e+06
97 2.55533e+07
48 8.26307e+06
20 4.22781e+06
34 5.73097e+06
75 1.6722e+07
69 1.50181e+07
22 4.50641e+06
56 1.18523e+07
33 4.91932e+06
94 2.17937e+07
63 1.29107e+07
81 1.8139e+07
43 7.47372e+06
Thế hệ thứ: 18
45 7.67405e+06
70 1.58961e+07
40 5.92979e+06
47 7.74191e+06
67 1.48583e+07
57 1.19183e+07
96 2.37211e+07
94 2.17937e+07
21 4.49331e+06
20 4.22781e+06
52 1.03798e+07
63 1.29107e+07
75 1.6722e+07
30 4.78096e+06
71 1.66634e+07
26 4.57074e+06
43 7.47372e+06
69 1.50181e+07
90 2.14052e+07
87 2.03046e+07
61 1.23638e+07
22 4.50641e+06
49 8.80892e+06
36 5.80767e+06
97 2.55533e+07
81 1.8139e+07
56 1.18523e+07
33 4.91932e+06
48 8.26307e+06
98 2.81253e+07
50 9.77602e+06
55 1.07993e+07
19 3.64003e+06
34 5.40856e+06
66 1.39673e+07
Thế hệ thứ: 19
40 5.92979e+06
47 7.74191e+06
70 1.58961e+07
45 7.67405e+06
48 8.26307e+06
69 1.50181e+07
33 4.91932e+06
56 1.18523e+07
34 5.40856e+06
90 2.14052e+07
87 2.03046e+07
67 1.48583e+07
98 2.81253e+07
61 1.23638e+07
22 4.50641e+06
57 1.19183e+07
96 2.37211e+07
94 2.17937e+07
19 3.64003e+06
20 4.22781e+06
55 1.07993e+07
52 1.03798e+07
63 1.29107e+07
75 1.6722e+07
36 5.80767e+06
97 2.55533e+07
66 1.39673e+07
30 4.78096e+06
81 1.8139e+07
26 4.57074e+06
71 1.66634e+07
43 7.47372e+06
51 8.45007e+06
21 4.39113e+06
Thế hệ thứ: 20
45 7.67405e+06
70 1.58961e+07
47 7.74191e+06
40 5.92979e+06
71 1.66634e+07
26 4.57074e+06
51 8.45007e+06
69 1.50181e+07
48 8.26307e+06
97 2.55533e+07
33 4.91932e+06
56 1.18523e+07
90 2.14052e+07
34 5.40856e+06
87 2.03046e+07
67 1.48583e+07
61 1.23638e+07
98 2.81253e+07
22 4.50641e+06
96 2.37211e+07
57 1.19183e+07
94 2.17937e+07
19 3.64003e+06
66 1.39673e+07
43 7.47372e+06
37 5.66706e+06
30 4.78096e+06
55 1.07993e+07
21 4.39113e+06
52 1.03798e+07
63 1.29107e+07
81 1.8139e+07
75 1.6722e+07
20 4.06313e+06
27 4.75861e+06
Thế hệ thứ: 21
40 5.92979e+06
47 7.74191e+06
70 1.58961e+07
45 7.67405e+06
63 1.29107e+07
27 4.75861e+06
19 3.64003e+06
27 4.75861e+06
51 8.45007e+06
26 4.57074e+06
71 1.66634e+07
66 1.39673e+07
69 1.50181e+07
43 7.47372e+06
37 5.66706e+06
48 8.26307e+06
81 1.8139e+07
75 1.6722e+07
97 2.55533e+07
56 1.17352e+07
20 4.06313e+06
33 4.91932e+06
90 2.14052e+07
34 5.40856e+06
72 1.67164e+07
30 4.78096e+06
87 2.03046e+07
67 1.48583e+07
55 1.07993e+07
98 2.81253e+07
54 1.02344e+07
61 1.23638e+07
22 4.50641e+06
21 4.39113e+06
57 1.19183e+07
96 2.37211e+07
94 2.17937e+07
Thế hệ thứ: 22
21 4.39113e+06
19 3.64003e+06
45 7.67405e+06
70 1.58961e+07
47 7.74191e+06
40 5.92979e+06
34 5.40856e+06
90 2.14052e+07
63 1.29107e+07
30 4.78096e+06
72 1.67164e+07
27 4.75861e+06
96 2.37211e+07
57 1.19183e+07
48 8.26307e+06
71 1.66634e+07
26 4.57074e+06
27 4.75861e+06
51 8.45007e+06
66 1.39673e+07
69 1.50181e+07
43 7.47372e+06
37 5.66706e+06
87 2.03046e+07
67 1.48583e+07
81 1.8139e+07
94 2.17937e+07
75 1.6722e+07
55 1.07993e+07
54 1.02344e+07
61 1.23638e+07
98 2.81253e+07
34 5.40856e+06
97 2.55533e+07
20 4.06313e+06
56 1.17352e+07
33 4.91932e+06
22 4.50641e+06
62 1.28593e+07
Thế hệ thứ: 23
19 3.64003e+06
75 1.6722e+07
45 7.67405e+06
55 1.07993e+07
61 1.23638e+07
54 1.02344e+07
98 2.81253e+07
33 4.91932e+06
70 1.58961e+07
34 5.40856e+06
97 2.55533e+07
47 7.74191e+06
40 5.92979e+06
90 2.14052e+07
34 5.40856e+06
63 1.29107e+07
72 1.67164e+07
30 4.78096e+06
27 4.75861e+06
22 4.50641e+06
57 1.19183e+07
96 2.37211e+07
48 8.26307e+06
27 4.75861e+06
51 8.45007e+06
26 4.57074e+06
71 1.66634e+07
62 1.28593e+07
66 1.39673e+07
69 1.50181e+07
43 7.47372e+06
37 5.66706e+06
87 2.03046e+07
56 1.17352e+07
20 4.06313e+06
67 1.48583e+07
81 1.8139e+07
94 2.17937e+07
21 4.2275e+06
89 2.05884e+07
42 7.47276e+06
Thế hệ thứ: 24
30 4.78096e+06
87 2.03046e+07
19 3.64003e+06
37 5.66706e+06
43 7.47372e+06
75 1.6722e+07
55 1.07993e+07
45 7.67405e+06
98 2.81253e+07
61 1.23638e+07
54 1.02344e+07
33 4.91932e+06
21 4.2275e+06
89 2.05884e+07
70 1.58961e+07
34 5.40856e+06
97 2.55533e+07
20 4.06313e+06
56 1.17352e+07
47 7.74191e+06
34 5.40856e+06
90 2.14052e+07
94 2.17937e+07
63 1.29107e+07
67 1.48583e+07
42 7.47276e+06
96 2.37211e+07
57 1.19183e+07
48 8.26307e+06
62 1.28593e+07
26 4.57074e+06
51 8.45007e+06
66 1.39673e+07
27 4.73241e+06
81 1.8139e+07
69 1.50181e+07
72 1.60476e+07
40 5.79184e+06
22 4.25054e+06
Thế hệ thứ: 25
42 7.47276e+06
57 1.19183e+07
96 2.37211e+07
30 4.78096e+06
43 7.47372e+06
37 5.66706e+06
81 1.8139e+07
27 4.73241e+06
19 3.64003e+06
87 2.03046e+07
75 1.6722e+07
55 1.07993e+07
26 4.57074e+06
62 1.28593e+07
51 8.45007e+06
61 1.23638e+07
54 1.02344e+07
98 2.81253e+07
48 8.26307e+06
33 4.91932e+06
69 1.50181e+07
70 1.58961e+07
89 2.05884e+07
34 5.40856e+06
97 2.55533e+07
66 1.39673e+07
72 1.60476e+07
56 1.17352e+07
20 4.06313e+06
47 7.74191e+06
22 4.25054e+06
40 5.79184e+06
90 2.14052e+07
34 5.40856e+06
94 2.17937e+07
63 1.29107e+07
67 1.48583e+07
45 7.48186e+06
21 4.17226e+06
Thế hệ thứ: 26
97 2.55533e+07
42 7.47276e+06
30 4.78096e+06
96 2.37211e+07
67 1.48583e+07
43 7.47372e+06
37 5.66706e+06
72 1.60476e+07
66 1.39673e+07
81 1.8139e+07
27 4.73241e+06
45 7.48186e+06
19 3.64003e+06
87 2.03046e+07
56 1.17352e+07
75 1.6722e+07
55 1.07993e+07
47 7.74191e+06
26 4.57074e+06
51 8.45007e+06
62 1.28593e+07
98 2.81253e+07
61 1.23638e+07
54 1.02344e+07
48 8.26307e+06
22 4.25054e+06
33 4.91932e+06
40 5.79184e+06
90 2.14052e+07
69 1.50181e+07
94 2.17937e+07
63 1.29107e+07
89 2.05884e+07
70 1.58961e+07
57 1.18902e+07
46 7.71432e+06
34 5.26728e+06
21 3.95929e+06
Thế hệ thứ: 27
69 1.50181e+07
72 1.60476e+07
66 1.39673e+07
97 2.55533e+07
55 1.07993e+07
21 3.95929e+06
96 2.37211e+07
30 4.78096e+06
57 1.18902e+07
67 1.48583e+07
43 7.47372e+06
37 5.66706e+06
75 1.6722e+07
45 7.48186e+06
81 1.8139e+07
63 1.29107e+07
89 2.05884e+07
70 1.58961e+07
19 3.64003e+06
87 2.03046e+07
46 7.71432e+06
56 1.17352e+07
94 2.17937e+07
34 5.26728e+06
47 7.74191e+06
62 1.28593e+07
51 8.45007e+06
54 1.02344e+07
61 1.23638e+07
98 2.81253e+07
48 8.26307e+06
22 4.25054e+06
33 4.91932e+06
40 5.79184e+06
90 2.14052e+07
28 4.52044e+06
42 7.39775e+06
37 5.66706e+06
77 1.81156e+07
Thế hệ thứ: 28
48 8.26307e+06
72 1.60476e+07
66 1.39673e+07
69 1.50181e+07
54 1.02344e+07
61 1.23638e+07
98 2.81253e+07
97 2.55533e+07
55 1.07993e+07
21 3.95929e+06
22 4.25054e+06
96 2.37211e+07
28 4.52044e+06
30 4.78096e+06
67 1.48583e+07
43 7.47372e+06
37 5.66706e+06
75 1.6722e+07
81 1.8139e+07
45 7.48186e+06
37 5.66706e+06
63 1.29107e+07
70 1.58961e+07
89 2.05884e+07
19 3.64003e+06
33 4.91932e+06
90 2.14052e+07
87 2.03046e+07
46 7.71432e+06
77 1.81156e+07
94 2.17937e+07
34 5.26728e+06
52 8.93081e+06
47 7.74191e+06
51 8.45007e+06
62 1.28593e+07
40 5.79184e+06
53 1.01464e+07
42 7.01576e+06
57 1.13301e+07
Thế hệ thứ: 29
69 1.50181e+07
72 1.60476e+07
66 1.39673e+07
48 8.26307e+06
77 1.81156e+07
61 1.23638e+07
54 1.02344e+07
98 2.81253e+07
53 1.01464e+07
97 2.55533e+07
21 3.95929e+06
55 1.07993e+07
22 4.25054e+06
28 4.52044e+06
42 7.01576e+06
96 2.37211e+07
94 2.17937e+07
30 4.78096e+06
57 1.13301e+07
34 5.26728e+06
67 1.48583e+07
43 7.47372e+06
37 5.66706e+06
47 7.74191e+06
52 8.93081e+06
75 1.6722e+07
62 1.28593e+07
51 8.45007e+06
81 1.8139e+07
45 7.48186e+06
37 5.66706e+06
63 1.29107e+07
89 2.05884e+07
70 1.58961e+07
19 3.64003e+06
40 5.79184e+06
33 4.91932e+06
90 2.14052e+07
87 2.03046e+07
46 7.71432e+06
36 5.65655e+06
Thế hệ thứ: 30
48 8.26307e+06
72 1.60476e+07
66 1.39673e+07
69 1.50181e+07
87 2.03046e+07
77 1.81156e+07
98 2.81253e+07
54 1.02344e+07
61 1.23638e+07
53 1.01464e+07
63 1.29107e+07
90 2.14052e+07
30 4.78096e+06
97 2.55533e+07
55 1.07993e+07
21 3.95929e+06
70 1.58961e+07
89 2.05884e+07
22 4.25054e+06
42 7.01576e+06
28 4.52044e+06
36 5.65655e+06
96 2.37211e+07
94 2.17937e+07
19 3.64003e+06
57 1.13301e+07
34 5.26728e+06
67 1.48583e+07
43 7.47372e+06
37 5.66706e+06
52 8.93081e+06
47 7.74191e+06
75 1.6722e+07
51 8.45007e+06
62 1.28593e+07
81 1.8139e+07
45 7.48186e+06
40 5.79184e+06
33 4.91932e+06
37 5.66706e+06
46 7.71432e+06
Thế hệ thứ: 31
72 1.60476e+07
66 1.39673e+07
48 8.26307e+06
52 8.93081e+06
47 7.74191e+06
87 2.03046e+07
77 1.81156e+07
54 1.02344e+07
61 1.23638e+07
53 1.01464e+07
63 1.29107e+07
90 2.14052e+07
33 4.91932e+06
37 5.66706e+06
30 4.78096e+06
75 1.6722e+07
62 1.28593e+07
51 8.45007e+06
21 3.95929e+06
55 1.07993e+07
89 2.05884e+07
22 4.25054e+06
28 4.52044e+06
42 7.01576e+06
46 7.71432e+06
36 5.65655e+06
96 2.37211e+07
94 2.17937e+07
81 1.8139e+07
45 7.48186e+06
19 3.64003e+06
57 1.13301e+07
34 5.26728e+06
67 1.48583e+07
40 5.79184e+06
43 7.47372e+06
37 5.66706e+06
100 2.54925e+07
29 4.52823e+06
70 1.50072e+07
Thế hệ thứ: 32
81 1.8139e+07
100 2.54925e+07
45 7.48186e+06
77 1.81156e+07
96 2.37211e+07
94 2.17937e+07
48 8.26307e+06
67 1.47991e+07
72 1.60476e+07
66 1.39673e+07
47 7.74191e+06
52 8.93081e+06
29 4.52823e+06
87 2.03046e+07
75 1.6722e+07
54 1.02344e+07
19 3.64003e+06
53 1.01464e+07
57 1.13301e+07
63 1.29107e+07
90 2.14052e+07
33 4.91932e+06
37 5.66706e+06
70 1.50072e+07
30 4.78096e+06
34 5.26728e+06
40 5.79184e+06
51 8.45007e+06
62 1.28593e+07
55 1.07993e+07
21 3.95929e+06
43 7.47372e+06
37 5.66706e+06
89 2.05884e+07
22 4.25054e+06
42 7.01576e+06
28 4.52044e+06
46 7.71432e+06
36 5.65655e+06
83 2.01426e+07
61 1.20932e+07
Thế hệ thứ: 33
77 1.81156e+07
81 1.8139e+07
96 2.31581e+07
100 2.54925e+07
34 5.17719e+06
45 7.48186e+06
72 1.55232e+07
94 2.17937e+07
48 8.26307e+06
66 1.39673e+07
67 1.47991e+07
52 8.93081e+06
47 7.74191e+06
61 1.20932e+07
40 5.79184e+06
62 1.28593e+07
51 8.45007e+06
29 4.52823e+06
21 3.95929e+06
55 1.07993e+07
75 1.6722e+07
43 7.47372e+06
37 5.66706e+06
54 1.02344e+07
19 3.64003e+06
89 2.05884e+07
22 4.25054e+06
53 1.01464e+07
28 4.52044e+06
42 7.01576e+06
57 1.13301e+07
63 1.29107e+07
88 1.86573e+07
90 2.14052e+07
33 4.91932e+06
37 5.66706e+06
70 1.50072e+07
46 7.71432e+06
30 4.78096e+06
36 5.65655e+06
98 2.54545e+07
Thế hệ thứ: 34
81 1.8139e+07
100 2.54925e+07
96 2.31581e+07
45 7.48186e+06
34 5.17719e+06
77 1.81156e+07
30 4.78096e+06
89 2.05884e+07
22 4.25054e+06
72 1.55232e+07
94 2.17937e+07
36 5.65655e+06
53 1.01464e+07
42 7.01576e+06
28 4.52044e+06
98 2.54545e+07
48 8.26307e+06
67 1.47991e+07
66 1.39673e+07
57 1.13301e+07
63 1.29107e+07
47 7.74191e+06
52 8.93081e+06
61 1.20932e+07
40 5.79184e+06
88 1.86573e+07
90 2.14052e+07
51 8.45007e+06
62 1.28593e+07
33 4.91932e+06
29 4.52823e+06
55 1.07993e+07
21 3.95929e+06
37 5.66706e+06
70 1.50072e+07
46 7.71432e+06
75 1.6722e+07
43 7.47372e+06
37 5.66706e+06
54 1.02344e+07
19 3.64003e+06
Thế hệ thứ: 35
37 5.66706e+06
37 5.66706e+06
43 7.47372e+06
77 1.81156e+07
81 1.8139e+07
96 2.31581e+07
100 2.54925e+07
34 5.17719e+06
45 7.48186e+06
19 3.64003e+06
30 4.78096e+06
89 2.05884e+07
26 4.16623e+06
72 1.55232e+07
94 2.17937e+07
70 1.50072e+07
36 5.65655e+06
53 1.01464e+07
28 4.52044e+06
42 7.01576e+06
48 8.26307e+06
46 7.71432e+06
66 1.39673e+07
67 1.47991e+07
75 1.6722e+07
57 1.13301e+07
63 1.29107e+07
47 7.74191e+06
52 8.93081e+06
61 1.20932e+07
40 5.79184e+06
88 1.86573e+07
90 2.14052e+07
62 1.28593e+07
51 8.45007e+06
33 4.91932e+06
54 1.02344e+07
29 4.52823e+06
21 3.95929e+06
55 1.07993e+07
98 2.48694e+07
Thế hệ thứ: 36
34 5.17719e+06
45 7.48186e+06
96 2.31581e+07
100 2.54925e+07
81 1.8139e+07
77 1.81156e+07
43 7.47372e+06
37 5.66706e+06
37 5.66706e+06
54 1.02344e+07
40 5.79184e+06
88 1.86573e+07
90 2.14052e+07
19 3.64003e+06
30 4.78096e+06
89 2.05884e+07
94 2.17937e+07
72 1.55232e+07
26 4.16623e+06
98 2.48694e+07
70 1.50072e+07
36 5.65655e+06
53 1.01464e+07
42 7.01576e+06
28 4.52044e+06
33 4.91932e+06
48 8.26307e+06
46 7.71432e+06
21 3.95929e+06
55 1.07993e+07
67 1.47991e+07
66 1.39673e+07
51 8.45007e+06
62 1.28593e+07
57 1.13301e+07
63 1.29107e+07
47 7.74191e+06
52 8.93081e+06
29 4.52823e+06
61 1.20932e+07
35 5.6452e+06
76 1.65631e+07
64 1.33339e+07
Thế hệ thứ: 37
43 7.47372e+06
37 5.66706e+06
45 7.48186e+06
34 5.17719e+06
100 2.54925e+07
96 2.31581e+07
81 1.8139e+07
35 5.6452e+06
37 5.66706e+06
37 5.66706e+06
54 1.02344e+07
61 1.20932e+07
40 5.79184e+06
57 1.13301e+07
88 1.86573e+07
90 2.14052e+07
30 4.55207e+06
19 3.64003e+06
89 2.05884e+07
26 4.16623e+06
72 1.55232e+07
94 2.17937e+07
98 2.48694e+07
70 1.50072e+07
36 5.65655e+06
29 4.52823e+06
28 4.52044e+06
64 1.33339e+07
42 7.01576e+06
33 4.91932e+06
48 8.26307e+06
46 7.71432e+06
63 1.29107e+07
55 1.07993e+07
21 3.95929e+06
76 1.65631e+07
66 1.39673e+07
67 1.47991e+07
52 8.93081e+06
47 7.74191e+06
51 8.45007e+06
53 9.94764e+06
77 1.6688e+07
62 1.22779e+07
Thế hệ thứ: 38
34 5.17719e+06
45 7.48186e+06
96 2.31581e+07
100 2.54925e+07
81 1.8139e+07
37 5.66706e+06
43 7.47372e+06
36 5.64877e+06
33 4.91932e+06
48 8.26307e+06
46 7.71432e+06
35 5.6452e+06
63 1.29107e+07
37 5.66706e+06
37 5.66706e+06
54 1.02344e+07
62 1.22779e+07
21 3.95929e+06
55 1.07993e+07
61 1.20932e+07
40 5.79184e+06
77 1.6688e+07
57 1.13301e+07
88 1.86573e+07
90 2.14052e+07
30 4.55207e+06
19 3.64003e+06
66 1.39673e+07
89 2.05884e+07
47 7.74191e+06
52 8.93081e+06
94 2.17937e+07
26 4.16623e+06
98 2.48694e+07
51 8.45007e+06
53 9.94764e+06
29 4.52823e+06
42 7.01576e+06
64 1.33339e+07
28 4.52044e+06
71 1.47984e+07
75 1.54744e+07
32 4.89313e+06
76 1.58877e+07
Thế hệ thứ: 39
48 8.26307e+06
32 4.89313e+06
37 5.66706e+06
43 7.47372e+06
45 7.48186e+06
34 5.17719e+06
100 2.54925e+07
96 2.31581e+07
81 1.8139e+07
37 5.66706e+06
37 5.66706e+06
33 4.91932e+06
36 5.64877e+06
55 1.07993e+07
21 3.95929e+06
46 7.71432e+06
35 5.6452e+06
98 2.48694e+07
63 1.29107e+07
28 4.52044e+06
64 1.33339e+07
42 7.01576e+06
51 8.45007e+06
62 1.22779e+07
71 1.47984e+07
79 1.79349e+07
61 1.20932e+07
40 5.79184e+06
57 1.13301e+07
88 1.86573e+07
90 2.14052e+07
75 1.54744e+07
19 3.64003e+06
30 4.55207e+06
76 1.58877e+07
29 4.52823e+06
66 1.39673e+07
54 9.86422e+06
89 2.05884e+07
52 8.93081e+06
47 7.74191e+06
26 4.16623e+06
94 2.17937e+07
77 1.59717e+07
Thế hệ thứ: 40
48 8.26307e+06
81 1.8139e+07
34 5.17719e+06
45 7.48186e+06
96 2.31581e+07
100 2.54925e+07
32 4.89313e+06
43 7.47372e+06
37 5.66706e+06
77 1.59717e+07
75 1.54744e+07
30 4.55207e+06
19 3.64003e+06
37 5.66706e+06
37 5.66706e+06
36 5.64877e+06
33 4.91932e+06
21 3.95929e+06
55 1.07993e+07
46 7.71432e+06
35 5.6452e+06
98 2.48694e+07
76 1.58877e+07
63 1.29107e+07
42 7.01576e+06
64 1.33339e+07
28 4.52044e+06
29 4.52823e+06
66 1.39673e+07
54 9.86422e+06
89 2.05884e+07
51 8.45007e+06
47 7.74191e+06
52 8.93081e+06
62 1.22779e+07
71 1.47984e+07
94 2.17937e+07
26 4.16623e+06
79 1.79349e+07
61 1.20932e+07
40 5.79184e+06
57 1.13301e+07
88 1.86573e+07
90 2.14052e+07
72 1.53166e+07
69 1.4539e+07
Thế hệ thứ: 41
48 8.26307e+06
61 1.20932e+07
79 1.79349e+07
37 5.66706e+06
32 4.89313e+06
81 1.8139e+07
45 7.48186e+06
34 5.17719e+06
100 2.54925e+07
96 2.31581e+07
72 1.53166e+07
77 1.59717e+07
75 1.54744e+07
19 3.64003e+06
30 4.55207e+06
37 5.66706e+06
37 5.66706e+06
33 4.91932e+06
36 5.64877e+06
55 1.07993e+07
21 3.95929e+06
46 7.71432e+06
35 5.6452e+06
98 2.48694e+07
76 1.58877e+07
90 2.14052e+07
88 1.86573e+07
63 1.29107e+07
28 4.52044e+06
64 1.33339e+07
42 7.01576e+06
29 4.52823e+06
66 1.39673e+07
54 9.86422e+06
89 2.05884e+07
51 8.45007e+06
52 8.93081e+06
47 7.74191e+06
62 1.22779e+07
71 1.47984e+07
57 1.13301e+07
26 4.16623e+06
94 2.17937e+07
40 5.79184e+06
69 1.4539e+07
56 1.12613e+07
43 7.47239e+06
70 1.46963e+07
Thế hệ thứ: 42
100 2.54925e+07
96 2.31581e+07
34 5.17719e+06
45 7.48186e+06
81 1.8139e+07
56 1.12613e+07
43 7.47239e+06
48 8.26307e+06
61 1.20932e+07
79 1.78865e+07
98 2.48694e+07
70 1.46963e+07
57 1.13301e+07
32 4.89313e+06
37 5.66706e+06
36 5.64877e+06
33 4.91932e+06
94 2.17937e+07
26 4.16623e+06
72 1.53166e+07
77 1.59717e+07
75 1.54744e+07
30 4.55207e+06
19 3.64003e+06
37 5.66706e+06
37 5.66706e+06
40 5.79184e+06
21 3.95929e+06
55 1.07993e+07
46 7.71432e+06
35 5.6452e+06
76 1.58877e+07
90 2.14052e+07
88 1.86573e+07
63 1.29107e+07
42 7.01576e+06
64 1.33339e+07
28 4.52044e+06
29 4.52823e+06
69 1.4539e+07
66 1.39673e+07
54 9.86422e+06
89 2.05884e+07
51 8.45007e+06
47 7.74191e+06
52 8.93081e+06
62 1.22779e+07
71 1.47984e+07
41 6.99986e+06
Thế hệ thứ: 43
96 2.31581e+07
100 2.54925e+07
45 7.48186e+06
34 5.17719e+06
81 1.8139e+07
43 7.47239e+06
56 1.12613e+07
66 1.39673e+07
48 8.26307e+06
62 1.22779e+07
61 1.20932e+07
70 1.46963e+07
98 2.48694e+07
57 1.13301e+07
37 5.66706e+06
32 4.89313e+06
33 4.91932e+06
36 5.64877e+06
71 1.47984e+07
26 4.16623e+06
94 2.17937e+07
69 1.4539e+07
72 1.53166e+07
77 1.59717e+07
75 1.54744e+07
41 6.99986e+06
19 3.64003e+06
30 4.55207e+06
37 5.66706e+06
37 5.66706e+06
40 5.79184e+06
55 1.07993e+07
21 3.95929e+06
42 7.01576e+06
28 4.52044e+06
64 1.33339e+07
46 7.71432e+06
29 4.52823e+06
35 5.6452e+06
89 2.02789e+07
76 1.58877e+07
90 2.14052e+07
88 1.86573e+07
63 1.29107e+07
54 9.86422e+06
51 8.45007e+06
52 8.93081e+06
47 7.74191e+06
80 1.68884e+07
Thế hệ thứ: 44
100 2.54925e+07
96 2.31581e+07
34 5.17719e+06
45 7.48186e+06
81 1.8139e+07
56 1.12613e+07
43 7.47239e+06
89 2.02789e+07
76 1.58877e+07
66 1.39673e+07
48 8.26307e+06
62 1.22779e+07
61 1.20932e+07
71 1.47984e+07
90 2.14052e+07
88 1.86573e+07
98 2.48694e+07
70 1.46963e+07
63 1.29107e+07
57 1.13301e+07
32 4.89313e+06
37 5.66706e+06
54 9.86422e+06
36 5.64877e+06
33 4.91932e+06
51 8.45007e+06
94 2.17937e+07
26 4.16623e+06
69 1.4539e+07
72 1.53166e+07
47 7.74191e+06
52 8.93081e+06
77 1.59717e+07
75 1.54744e+07
80 1.68884e+07
41 6.99986e+06
30 4.55207e+06
19 3.64003e+06
37 5.66706e+06
37 5.66706e+06
37 5.66706e+06
40 5.79184e+06
21 3.95929e+06
55 1.07993e+07
64 1.33339e+07
28 4.52044e+06
42 7.01576e+06
46 7.71432e+06
29 4.52823e+06
35 5.6452e+06
30 4.55207e+06
60 1.17892e+07
Thế hệ thứ: 45
96 2.31581e+07
100 2.54925e+07
45 7.48186e+06
34 5.17719e+06
81 1.8139e+07
56 1.12613e+07
76 1.58877e+07
89 2.02789e+07
66 1.39673e+07
55 1.07993e+07
48 8.26307e+06
62 1.22779e+07
28 4.52044e+06
64 1.33339e+07
61 1.20932e+07
71 1.47984e+07
90 2.14052e+07
88 1.86573e+07
70 1.46963e+07
63 1.29107e+07
57 1.13301e+07
37 5.66706e+06
32 4.89313e+06
54 9.86422e+06
33 4.91932e+06
36 5.64877e+06
51 8.45007e+06
26 4.16623e+06
94 2.17937e+07
69 1.4539e+07
46 7.71432e+06
72 1.53166e+07
52 8.93081e+06
47 7.74191e+06
29 4.52823e+06
35 5.6452e+06
77 1.59717e+07
75 1.54744e+07
98 2.4688e+07
80 1.68884e+07
30 4.55207e+06
19 3.64003e+06
30 4.55207e+06
60 1.17892e+07
37 5.66706e+06
37 5.66706e+06
37 5.66706e+06
43 6.75575e+06
Thế hệ thứ: 46
80 1.68884e+07
98 2.4688e+07
48 8.26307e+06
100 2.54925e+07
96 2.31581e+07
34 5.17719e+06
45 7.48186e+06
81 1.8139e+07
56 1.12613e+07
89 2.02789e+07
76 1.58877e+07
55 1.07993e+07
63 1.29107e+07
62 1.22779e+07
43 6.75575e+06
95 2.29164e+07
64 1.33339e+07
28 4.52044e+06
30 4.55207e+06
61 1.20932e+07
71 1.47984e+07
90 2.14052e+07
88 1.86573e+07
70 1.46963e+07
30 4.55207e+06
19 3.64003e+06
57 1.13301e+07
32 4.89313e+06
37 5.66706e+06
60 1.17892e+07
54 9.86422e+06
36 5.64877e+06
33 4.91932e+06
51 8.45007e+06
94 2.17937e+07
26 4.16623e+06
69 1.4539e+07
46 7.71432e+06
37 5.66706e+06
37 5.66706e+06
37 5.66706e+06
72 1.53166e+07
42 6.62309e+06
47 7.74191e+06
52 8.93081e+06
29 4.52823e+06
35 5.6452e+06
77 1.59717e+07
75 1.54744e+07
67 1.35512e+07
Thế hệ thứ: 47
48 8.26307e+06
80 1.68884e+07
98 2.4688e+07
81 1.8139e+07
34 5.17719e+06
45 7.48186e+06
96 2.31581e+07
100 2.54925e+07
37 5.66706e+06
37 5.66706e+06
37 5.66706e+06
56 1.12613e+07
76 1.58877e+07
89 2.02789e+07
72 1.53166e+07
55 1.07993e+07
63 1.29107e+07
62 1.22779e+07
52 8.93081e+06
47 7.74191e+06
42 6.62309e+06
43 6.75575e+06
95 2.29164e+07
64 1.33339e+07
28 4.52044e+06
30 4.55207e+06
29 4.52823e+06
61 1.20932e+07
35 5.6452e+06
77 1.59717e+07
71 1.47984e+07
90 2.14052e+07
88 1.86573e+07
70 1.46963e+07
19 3.64003e+06
30 4.55207e+06
49 8.28186e+06
57 1.13301e+07
37 5.66706e+06
32 4.89313e+06
60 1.17892e+07
54 9.86422e+06
75 1.54744e+07
67 1.35512e+07
33 4.91932e+06
36 5.64877e+06
51 8.45007e+06
26 4.16623e+06
94 2.17937e+07
69 1.4539e+07
46 7.71432e+06
83 1.83937e+07
Thế hệ thứ: 48
80 1.68884e+07
98 2.4688e+07
48 8.26307e+06
67 1.35512e+07
36 5.64877e+06
33 4.91932e+06
96 2.31581e+07
100 2.54925e+07
81 1.8139e+07
45 7.48186e+06
34 5.17719e+06
37 5.66706e+06
37 5.66706e+06
37 5.66706e+06
56 1.12613e+07
89 2.02789e+07
76 1.58877e+07
51 8.45007e+06
55 1.07993e+07
63 1.29107e+07
62 1.22779e+07
42 6.62309e+06
47 7.74191e+06
52 8.93081e+06
52 8.93081e+06
52 8.93081e+06
43 6.75575e+06
28 4.52044e+06
95 2.29164e+07
64 1.33339e+07
94 2.17937e+07
26 4.16623e+06
69 1.4539e+07
30 4.55207e+06
46 7.71432e+06
29 4.52823e+06
35 5.6452e+06
83 1.83937e+07
77 1.59717e+07
53 1.06842e+07
71 1.47984e+07
90 2.14052e+07
88 1.86573e+07
70 1.46963e+07
30 4.55207e+06
19 3.64003e+06
57 1.13301e+07
49 8.28186e+06
32 4.89313e+06
37 5.66706e+06
73 1.50732e+07
61 1.14395e+07
39 5.96302e+06
Thế hệ thứ: 49
45 7.48186e+06
34 5.17719e+06
81 1.8139e+07
96 2.31581e+07
100 2.54925e+07
48 8.26307e+06
80 1.68884e+07
98 2.4688e+07
70 1.46963e+07
67 1.35512e+07
36 5.64877e+06
33 4.91932e+06
19 3.64003e+06
30 4.55207e+06
63 1.29107e+07
37 5.66706e+06
37 5.66706e+06
37 5.66706e+06
56 1.12613e+07
76 1.58877e+07
89 2.02789e+07
49 8.28186e+06
57 1.13301e+07
51 8.45007e+06
55 1.07993e+07
62 1.22779e+07
52 8.93081e+06
52 8.93081e+06
52 8.93081e+06
47 7.74191e+06
42 6.62309e+06
37 5.66706e+06
32 4.89313e+06
43 6.75575e+06
95 2.29164e+07
64 1.33339e+07
28 4.52044e+06
26 4.16623e+06
94 2.17937e+07
69 1.4539e+07
30 4.55207e+06
46 7.71432e+06
29 4.52823e+06
73 1.50732e+07
83 1.83937e+07
35 5.6452e+06
61 1.14395e+07
39 5.96302e+06
77 1.59717e+07
53 1.06842e+07
