Thế hệ thứ: 0
92 1.95838e+07
97 2.05261e+07
94 1.99466e+07
103 2.35215e+07
102 2.31041e+07
99 2.16682e+07
88 1.89035e+07
132 2.66394e+07
145 2.99276e+07
144 2.81078e+07
123 2.65722e+07
136 2.79498e+07
139 2.80696e+07
160 3.08524e+07
Thế hệ thứ: 1
160 3.08524e+07
88 1.89035e+07
123 2.65722e+07
94 1.99466e+07
145 2.99276e+07
103 2.35215e+07
132 2.66394e+07
139 2.80696e+07
99 2.16682e+07
144 2.81078e+07
136 2.79498e+07
97 2.05261e+07
102 2.31041e+07
92 1.95838e+07
167 3.63807e+07
165 3.47495e+07
130 2.65871e+07
168 3.901e+07
Thế hệ thứ: 2
160 3.08524e+07
88 1.89035e+07
94 1.99466e+07
103 2.35215e+07
139 2.80696e+07
168 3.47159e+07
99 2.16682e+07
144 2.81078e+07
136 2.79498e+07
97 2.05261e+07
132 2.66394e+07
102 2.31041e+07
92 1.95838e+07
130 2.65871e+07
174 3.87373e+07
152 3.01096e+07
123 2.57157e+07
169 3.82815e+07
146 2.9836e+07
Thế hệ thứ: 3
169 3.82815e+07
160 3.08524e+07
88 1.89035e+07
123 2.57157e+07
139 2.80696e+07
168 3.47159e+07
99 2.16682e+07
174 3.87373e+07
103 2.35215e+07
152 3.01096e+07
144 2.81078e+07
136 2.79498e+07
130 2.65871e+07
97 2.05261e+07
161 3.40967e+07
102 2.31041e+07
132 2.66394e+07
92 1.95838e+07
94 1.99466e+07
163 3.42173e+07
150 2.90107e+07
Thế hệ thứ: 4
160 3.08524e+07
88 1.89035e+07
139 2.80696e+07
168 3.47159e+07
99 2.16682e+07
123 2.57157e+07
174 3.87373e+07
103 2.35215e+07
163 3.32866e+07
152 3.01096e+07
102 2.31041e+07
150 2.90107e+07
144 2.81078e+07
136 2.79498e+07
130 2.65871e+07
97 2.05261e+07
132 2.66394e+07
92 1.95838e+07
94 1.99466e+07
170 3.66427e+07
Thế hệ thứ: 5
160 3.08524e+07
88 1.89035e+07
139 2.80696e+07
168 3.47159e+07
99 2.16682e+07
123 2.57157e+07
174 3.87373e+07
103 2.35215e+07
163 3.32866e+07
152 3.01096e+07
170 3.66427e+07
150 2.90107e+07
144 2.81078e+07
136 2.79498e+07
130 2.65871e+07
97 2.05261e+07
102 2.31041e+07
132 2.66394e+07
92 1.95838e+07
94 1.99466e+07
169 3.47831e+07
165 3.40753e+07
164 3.3898e+07
Thế hệ thứ: 6
160 3.08524e+07
88 1.89035e+07
123 2.57157e+07
174 3.87373e+07
103 2.35215e+07
163 3.32866e+07
152 3.01096e+07
150 2.90107e+07
99 2.16682e+07
139 2.80696e+07
144 2.81078e+07
136 2.79498e+07
130 2.65871e+07
97 2.05261e+07
102 2.31041e+07
132 2.66394e+07
92 1.95838e+07
94 1.99466e+07
171 3.35751e+07
Thế hệ thứ: 7
160 3.08524e+07
88 1.89035e+07
123 2.57157e+07
174 3.87373e+07
171 3.35751e+07
103 2.35215e+07
152 3.01096e+07
163 3.32866e+07
150 2.90107e+07
99 2.16682e+07
144 2.81078e+07
130 2.65871e+07
97 2.05261e+07
102 2.31041e+07
132 2.66394e+07
92 1.95838e+07
94 1.99466e+07
140 2.72816e+07
161 3.30968e+07
173 3.81132e+07
149 2.82058e+07
Thế hệ thứ: 8
160 3.08524e+07
127 2.636e+07
88 1.89035e+07
123 2.57157e+07
174 3.87373e+07
140 2.72816e+07
103 2.35215e+07
171 3.35751e+07
152 3.01096e+07
99 2.16682e+07
132 2.66394e+07
144 2.81078e+07
130 2.65871e+07
97 2.05261e+07
102 2.31041e+07
150 2.90107e+07
92 1.95838e+07
149 2.82058e+07
94 1.99466e+07
166 3.2044e+07
167 3.34632e+07
173 3.58144e+07
Thế hệ thứ: 9
160 3.08524e+07
88 1.89035e+07
127 2.636e+07
123 2.57157e+07
174 3.87373e+07
140 2.72816e+07
167 3.34632e+07
94 1.99466e+07
173 3.58144e+07
103 2.35215e+07
166 3.2044e+07
152 3.01096e+07
171 3.35751e+07
99 2.16682e+07
132 2.66394e+07
144 2.81078e+07
97 2.05261e+07
102 2.31041e+07
150 2.90107e+07
92 1.95838e+07
149 2.82058e+07
130 2.65871e+07
Thế hệ thứ: 10
160 3.08524e+07
88 1.89035e+07
127 2.636e+07
123 2.57157e+07
174 3.87373e+07
140 2.72816e+07
94 1.99466e+07
173 3.58144e+07
103 2.35215e+07
166 3.2044e+07
152 3.01096e+07
171 3.35751e+07
99 2.16682e+07
132 2.66394e+07
144 2.81078e+07
97 2.05261e+07
102 2.31041e+07
150 2.90107e+07
92 1.95838e+07
149 2.82058e+07
130 2.65871e+07
161 3.18839e+07
167 3.33174e+07
Thế hệ thứ: 11
88 1.89035e+07
127 2.636e+07
123 2.57157e+07
174 3.87373e+07
140 2.72816e+07
94 1.99466e+07
173 3.58144e+07
103 2.35215e+07
152 3.01096e+07
171 3.35751e+07
160 3.08524e+07
99 2.16682e+07
132 2.66394e+07
144 2.81078e+07
97 2.05261e+07
166 3.2044e+07
102 2.31041e+07
150 2.90107e+07
161 3.18839e+07
92 1.95838e+07
149 2.82058e+07
130 2.65871e+07
175 4.22199e+07
167 3.26291e+07
Thế hệ thứ: 12
88 1.89035e+07
127 2.636e+07
175 4.22199e+07
174 3.87373e+07
123 2.57157e+07
140 2.72816e+07
94 1.99466e+07
173 3.58144e+07
103 2.35215e+07
171 3.35751e+07
160 3.08524e+07
99 2.16682e+07
132 2.66394e+07
144 2.81078e+07
97 2.05261e+07
102 2.31041e+07
167 3.26291e+07
161 3.18839e+07
150 2.90107e+07
92 1.95838e+07
149 2.82058e+07
166 3.2044e+07
130 2.65871e+07
154 2.94138e+07
Thế hệ thứ: 13
88 1.89035e+07
127 2.636e+07
175 4.22199e+07
123 2.57157e+07
140 2.72816e+07
94 1.99466e+07
103 2.35215e+07
171 3.35751e+07
154 2.94138e+07
160 3.08524e+07
99 2.16682e+07
132 2.66394e+07
144 2.81078e+07
97 2.05261e+07
102 2.31041e+07
167 3.26291e+07
161 3.18839e+07
92 1.95838e+07
150 2.90107e+07
149 2.82058e+07
166 3.2044e+07
130 2.65871e+07
174 3.48089e+07
Thế hệ thứ: 14
160 3.08524e+07
88 1.89035e+07
127 2.636e+07
154 2.94138e+07
174 3.48089e+07
175 4.22199e+07
123 2.57157e+07
140 2.72816e+07
103 2.35215e+07
171 3.35751e+07
99 2.16682e+07
132 2.66394e+07
144 2.81078e+07
97 2.05261e+07
102 2.31041e+07
167 3.26291e+07
92 1.95838e+07
150 2.90107e+07
149 2.82058e+07
166 3.2044e+07
94 1.99466e+07
130 2.65871e+07
162 3.15964e+07
Thế hệ thứ: 15
154 2.94138e+07
174 3.48089e+07
175 4.22199e+07
160 3.08524e+07
88 1.89035e+07
127 2.636e+07
123 2.57157e+07
140 2.72816e+07
103 2.35215e+07
171 3.35751e+07
162 3.15964e+07
99 2.16682e+07
132 2.66394e+07
144 2.81078e+07
97 2.05261e+07
102 2.31041e+07
167 3.26291e+07
92 1.95838e+07
150 2.90107e+07
149 2.82058e+07
166 3.2044e+07
94 1.99466e+07
130 2.65871e+07
124 2.57586e+07
Thế hệ thứ: 16
154 2.94138e+07
174 3.48089e+07
160 3.08524e+07
88 1.89035e+07
127 2.636e+07
140 2.72816e+07
103 2.35215e+07
123 2.57157e+07
171 3.35751e+07
162 3.15964e+07
99 2.16682e+07
132 2.66394e+07
144 2.81078e+07
97 2.05261e+07
102 2.31041e+07
167 3.26291e+07
92 1.95838e+07
150 2.90107e+07
149 2.82058e+07
166 3.2044e+07
94 1.99466e+07
124 2.57586e+07
130 2.65871e+07
175 4.09948e+07
173 3.42331e+07
Thế hệ thứ: 17
160 3.08524e+07
88 1.89035e+07
127 2.636e+07
175 4.09948e+07
140 2.72816e+07
103 2.35215e+07
123 2.57157e+07
154 2.94138e+07
174 3.48089e+07
162 3.15964e+07
99 2.16682e+07
132 2.66394e+07
144 2.81078e+07
171 3.35751e+07
97 2.05261e+07
102 2.31041e+07
167 3.26291e+07
92 1.95838e+07
149 2.82058e+07
166 3.2044e+07
94 1.99466e+07
173 3.42331e+07
124 2.57586e+07
130 2.65871e+07
150 2.88504e+07
169 3.32648e+07
Thế hệ thứ: 18
160 3.08524e+07
88 1.89035e+07
127 2.636e+07
175 4.09948e+07
140 2.72816e+07
103 2.35215e+07
123 2.57157e+07
154 2.94138e+07
174 3.48089e+07
162 3.15964e+07
99 2.16682e+07
132 2.66394e+07
144 2.81078e+07
97 2.05261e+07
102 2.31041e+07
92 1.95838e+07
150 2.88504e+07
166 3.2044e+07
149 2.82058e+07
94 1.99466e+07
173 3.42331e+07
171 3.35751e+07
167 3.26291e+07
169 3.32648e+07
124 2.57586e+07
130 2.65871e+07
Thế hệ thứ: 19
160 3.08524e+07
88 1.89035e+07
140 2.72816e+07
103 2.35215e+07
133 2.63931e+07
123 2.57157e+07
154 2.94138e+07
174 3.48089e+07
162 3.15964e+07
99 2.16682e+07
144 2.81078e+07
97 2.05261e+07
102 2.31041e+07
92 1.95838e+07
150 2.88504e+07
149 2.82058e+07
94 1.99466e+07
173 3.42331e+07
171 3.35751e+07
169 3.32648e+07
124 2.57586e+07
129 2.63364e+07
168 3.19352e+07
176 3.98244e+07
Thế hệ thứ: 20
160 3.08524e+07
88 1.89035e+07
176 3.98244e+07
140 2.72816e+07
103 2.35215e+07
123 2.57157e+07
133 2.63931e+07
154 2.94138e+07
174 3.48089e+07
162 3.15964e+07
99 2.16682e+07
168 3.19352e+07
144 2.81078e+07
97 2.05261e+07
102 2.31041e+07
129 2.63364e+07
92 1.95838e+07
150 2.88504e+07
169 3.32648e+07
149 2.82058e+07
94 1.99466e+07
124 2.57586e+07
173 3.42331e+07
171 3.35751e+07
Thế hệ thứ: 21
160 3.08524e+07
88 1.89035e+07
176 3.98244e+07
140 2.72816e+07
103 2.35215e+07
123 2.57157e+07
133 2.63931e+07
154 2.94138e+07
174 3.48089e+07
162 3.15964e+07
99 2.16682e+07
168 3.19352e+07
144 2.81078e+07
97 2.05261e+07
102 2.31041e+07
129 2.63364e+07
92 1.95838e+07
150 2.88504e+07
169 3.32648e+07
149 2.82058e+07
94 1.99466e+07
124 2.57586e+07
173 3.42331e+07
171 3.35751e+07
Thế hệ thứ: 22
160 3.08524e+07
88 1.89035e+07
176 3.98244e+07
140 2.72816e+07
103 2.35215e+07
123 2.57157e+07
133 2.63931e+07
154 2.94138e+07
174 3.48089e+07
162 3.15964e+07
99 2.16682e+07
168 3.19352e+07
144 2.81078e+07
97 2.05261e+07
102 2.31041e+07
129 2.63364e+07
92 1.95838e+07
150 2.88504e+07
169 3.32648e+07
149 2.82058e+07
94 1.99466e+07
124 2.57586e+07
173 3.42331e+07
171 3.35751e+07
175 3.68637e+07
Thế hệ thứ: 23
160 3.08524e+07
175 3.68637e+07
88 1.89035e+07
140 2.72816e+07
103 2.35215e+07
123 2.57157e+07
133 2.63931e+07
154 2.94138e+07
162 3.15964e+07
99 2.16682e+07
168 3.19352e+07
174 3.48089e+07
144 2.81078e+07
97 2.05261e+07
102 2.31041e+07
129 2.63364e+07
92 1.95838e+07
150 2.88504e+07
169 3.32648e+07
149 2.82058e+07
94 1.99466e+07
124 2.57586e+07
173 3.42331e+07
171 3.35751e+07
176 3.8068e+07
Thế hệ thứ: 24
175 3.68637e+07
160 3.08524e+07
88 1.89035e+07
176 3.8068e+07
140 2.72816e+07
103 2.35215e+07
123 2.57157e+07
133 2.63931e+07
154 2.94138e+07
162 3.15964e+07
99 2.16682e+07
168 3.19352e+07
174 3.48089e+07
144 2.81078e+07
97 2.05261e+07
102 2.31041e+07
129 2.63364e+07
122 2.40438e+07
92 1.95838e+07
150 2.88504e+07
169 3.32648e+07
149 2.82058e+07
94 1.99466e+07
124 2.57586e+07
173 3.42331e+07
171 3.35751e+07
Thế hệ thứ: 25
175 3.68637e+07
160 3.08524e+07
88 1.89035e+07
176 3.8068e+07
122 2.40438e+07
129 2.63364e+07
140 2.72816e+07
103 2.35215e+07
154 2.94138e+07
162 3.15964e+07
99 2.16682e+07
133 2.63931e+07
123 2.57157e+07
168 3.19352e+07
174 3.48089e+07
144 2.81078e+07
97 2.05261e+07
102 2.31041e+07
92 1.95838e+07
150 2.88504e+07
169 3.32648e+07
149 2.82058e+07
94 1.99466e+07
124 2.57586e+07
171 3.35751e+07
173 3.36093e+07
Thế hệ thứ: 26
173 3.36093e+07
160 3.08524e+07
88 1.89035e+07
176 3.8068e+07
122 2.40438e+07
129 2.63364e+07
140 2.72816e+07
103 2.35215e+07
154 2.94138e+07
174 3.48089e+07
162 3.15964e+07
99 2.16682e+07
133 2.63931e+07
123 2.57157e+07
168 3.19352e+07
144 2.81078e+07
97 2.05261e+07
102 2.31041e+07
92 1.95838e+07
150 2.88504e+07
169 3.32648e+07
149 2.82058e+07
94 1.99466e+07
124 2.57586e+07
171 3.35751e+07
175 3.67871e+07
Thế hệ thứ: 27
160 3.08524e+07
88 1.89035e+07
176 3.8068e+07
122 2.40438e+07
129 2.63364e+07
140 2.72816e+07
103 2.35215e+07
154 2.94138e+07
175 3.67871e+07
162 3.15964e+07
99 2.16682e+07
174 3.48089e+07
133 2.63931e+07
123 2.57157e+07
168 3.19352e+07
144 2.81078e+07
97 2.05261e+07
102 2.31041e+07
92 1.95838e+07
150 2.88504e+07
169 3.32648e+07
149 2.82058e+07
94 1.99466e+07
124 2.57586e+07
173 3.36093e+07
171 3.35751e+07
Thế hệ thứ: 28
160 3.08524e+07
88 1.89035e+07
176 3.8068e+07
122 2.40438e+07
129 2.63364e+07
140 2.72816e+07
103 2.35215e+07
154 2.94138e+07
175 3.67871e+07
162 3.15964e+07
155 3.03727e+07
99 2.16682e+07
174 3.48089e+07
133 2.63931e+07
123 2.57157e+07
168 3.19352e+07
144 2.81078e+07
97 2.05261e+07
102 2.31041e+07
92 1.95838e+07
150 2.88504e+07
169 3.32648e+07
149 2.82058e+07
94 1.99466e+07
124 2.57586e+07
173 3.36093e+07
171 3.35751e+07
134 2.65439e+07
Thế hệ thứ: 29
88 1.89035e+07
176 3.8068e+07
122 2.40438e+07
129 2.63364e+07
140 2.72816e+07
103 2.35215e+07
175 3.67871e+07
155 3.03727e+07
162 3.15964e+07
99 2.16682e+07
174 3.48089e+07
168 3.19352e+07
144 2.81078e+07
97 2.05261e+07
160 3.08524e+07
102 2.31041e+07
154 2.94138e+07
134 2.65439e+07
92 1.95838e+07
167 3.17139e+07
150 2.88504e+07
169 3.32648e+07
123 2.57157e+07
133 2.63931e+07
149 2.82058e+07
94 1.99466e+07
124 2.57586e+07
173 3.36093e+07
171 3.35751e+07
106 2.40425e+07
Thế hệ thứ: 30
88 1.89035e+07
122 2.40438e+07
129 2.63364e+07
174 3.48089e+07
106 2.40425e+07
140 2.72816e+07
175 3.67871e+07
155 3.03727e+07
162 3.15964e+07
99 2.16682e+07
144 2.81078e+07
97 2.05261e+07
160 3.08524e+07
102 2.31041e+07
154 2.94138e+07
134 2.65439e+07
92 1.95838e+07
150 2.88504e+07
167 3.17139e+07
169 3.32648e+07
123 2.57157e+07
133 2.63931e+07
149 2.82058e+07
94 1.99466e+07
168 3.19352e+07
124 2.57586e+07
173 3.36093e+07
103 2.35215e+07
171 3.35751e+07
180 3.79297e+07
Thế hệ thứ: 31
88 1.89035e+07
155 3.03727e+07
162 3.15964e+07
99 2.16682e+07
180 3.79297e+07
122 2.40438e+07
129 2.63364e+07
174 3.48089e+07
106 2.40425e+07
175 3.67871e+07
140 2.72816e+07
144 2.81078e+07
97 2.05261e+07
102 2.31041e+07
160 3.08524e+07
154 2.94138e+07
134 2.65439e+07
92 1.95838e+07
169 3.32648e+07
150 2.88504e+07
167 3.17139e+07
123 2.57157e+07
133 2.63931e+07
149 2.82058e+07
94 1.99466e+07
168 3.19352e+07
124 2.57586e+07
173 3.36093e+07
103 2.35215e+07
171 3.35751e+07
Thế hệ thứ: 32
88 1.89035e+07
155 3.03727e+07
162 3.15964e+07
99 2.16682e+07
180 3.79297e+07
122 2.40438e+07
129 2.63364e+07
174 3.48089e+07
106 2.40425e+07
175 3.67871e+07
140 2.72816e+07
144 2.81078e+07
97 2.05261e+07
102 2.31041e+07
160 3.08524e+07
154 2.94138e+07
134 2.65439e+07
92 1.95838e+07
169 3.32648e+07
150 2.88504e+07
167 3.17139e+07
123 2.57157e+07
133 2.63931e+07
149 2.82058e+07
94 1.99466e+07
168 3.19352e+07
124 2.57586e+07
173 3.36093e+07
103 2.35215e+07
171 3.35751e+07
186 4.00283e+07
Thế hệ thứ: 33
186 4.00283e+07
88 1.89035e+07
155 3.03727e+07
162 3.15964e+07
99 2.16682e+07
180 3.79297e+07
122 2.40438e+07
129 2.63364e+07
106 2.40425e+07
175 3.67871e+07
140 2.72816e+07
174 3.48089e+07
144 2.81078e+07
97 2.05261e+07
160 3.08524e+07
102 2.31041e+07
154 2.94138e+07
134 2.65439e+07
92 1.95838e+07
169 3.32648e+07
150 2.88504e+07
167 3.17139e+07
123 2.57157e+07
133 2.63931e+07
149 2.82058e+07
94 1.99466e+07
168 3.19352e+07
124 2.57586e+07
173 3.36093e+07
103 2.35215e+07
171 3.35751e+07
177 3.70474e+07
Thế hệ thứ: 34
88 1.89035e+07
186 4.00283e+07
122 2.40438e+07
129 2.63364e+07
155 3.03727e+07
162 3.15964e+07
99 2.16682e+07
180 3.79297e+07
174 3.48089e+07
106 2.40425e+07
140 2.72816e+07
175 3.67871e+07
144 2.81078e+07
97 2.05261e+07
160 3.08524e+07
102 2.31041e+07
154 2.94138e+07
134 2.65439e+07
92 1.95838e+07
169 3.32648e+07
150 2.88504e+07
167 3.17139e+07
177 3.70474e+07
123 2.57157e+07
133 2.63931e+07
149 2.82058e+07
94 1.99466e+07
168 3.19352e+07
124 2.57586e+07
173 3.36093e+07
103 2.35215e+07
171 3.35751e+07
Thế hệ thứ: 35
186 4.00283e+07
88 1.89035e+07
122 2.40438e+07
129 2.63364e+07
155 3.03727e+07
162 3.15964e+07
99 2.16682e+07
180 3.79297e+07
174 3.48089e+07
106 2.40425e+07
140 2.72816e+07
175 3.67871e+07
144 2.81078e+07
97 2.05261e+07
160 3.08524e+07
102 2.31041e+07
154 2.94138e+07
134 2.65439e+07
92 1.95838e+07
169 3.32648e+07
150 2.88504e+07
167 3.17139e+07
177 3.70474e+07
123 2.57157e+07
133 2.63931e+07
149 2.82058e+07
94 1.99466e+07
168 3.19352e+07
124 2.57586e+07
173 3.36093e+07
103 2.35215e+07
171 3.35751e+07
Thế hệ thứ: 36
88 1.89035e+07
186 4.00283e+07
122 2.40438e+07
129 2.63364e+07
155 3.03727e+07
162 3.15964e+07
99 2.16682e+07
180 3.79297e+07
174 3.48089e+07
106 2.40425e+07
140 2.72816e+07
144 2.81078e+07
97 2.05261e+07
160 3.08524e+07
102 2.31041e+07
154 2.94138e+07
134 2.65439e+07
92 1.95838e+07
150 2.88504e+07
167 3.17139e+07
123 2.57157e+07
133 2.63931e+07
149 2.82058e+07
94 1.99466e+07
168 3.19352e+07
124 2.57586e+07
173 3.36093e+07
103 2.35215e+07
171 3.35751e+07
169 3.31597e+07
177 3.61237e+07
Thế hệ thứ: 37
186 4.00283e+07
88 1.89035e+07
155 3.03727e+07
162 3.15964e+07
99 2.16682e+07
180 3.79297e+07
177 3.61237e+07
122 2.40438e+07
129 2.63364e+07
106 2.40425e+07
140 2.72816e+07
174 3.48089e+07
144 2.81078e+07
97 2.05261e+07
160 3.08524e+07
102 2.31041e+07
154 2.94138e+07
134 2.65439e+07
92 1.95838e+07
173 3.36093e+07
169 3.31597e+07
150 2.88504e+07
167 3.17139e+07
123 2.57157e+07
133 2.63931e+07
149 2.82058e+07
94 1.99466e+07
124 2.57586e+07
168 3.19352e+07
103 2.35215e+07
171 3.35751e+07
181 3.91178e+07
125 2.60488e+07
Thế hệ thứ: 38
88 1.89035e+07
186 4.00283e+07
177 3.61237e+07
122 2.40438e+07
129 2.63364e+07
106 2.40425e+07
155 3.03727e+07
162 3.15964e+07
99 2.16682e+07
180 3.79297e+07
140 2.72816e+07
181 3.91178e+07
174 3.48089e+07
144 2.81078e+07
97 2.05261e+07
160 3.08524e+07
102 2.31041e+07
154 2.94138e+07
134 2.65439e+07
92 1.95838e+07
173 3.36093e+07
169 3.31597e+07
150 2.88504e+07
167 3.17139e+07
123 2.57157e+07
133 2.63931e+07
149 2.82058e+07
94 1.99466e+07
168 3.19352e+07
103 2.35215e+07
125 2.60488e+07
171 3.35751e+07
124 2.57586e+07
Thế hệ thứ: 39
186 4.00283e+07
88 1.89035e+07
177 3.61237e+07
122 2.40438e+07
129 2.63364e+07
106 2.40425e+07
155 3.03727e+07
162 3.15964e+07
99 2.16682e+07
180 3.79297e+07
140 2.72816e+07
181 3.91178e+07
174 3.48089e+07
144 2.81078e+07
97 2.05261e+07
160 3.08524e+07
102 2.31041e+07
154 2.94138e+07
134 2.65439e+07
92 1.95838e+07
173 3.36093e+07
169 3.31597e+07
150 2.88504e+07
167 3.17139e+07
123 2.57157e+07
133 2.63931e+07
149 2.82058e+07
94 1.99466e+07
168 3.19352e+07
103 2.35215e+07
125 2.60488e+07
171 3.35751e+07
124 2.57586e+07
158 3.07202e+07
Thế hệ thứ: 40
88 1.89035e+07
186 4.00283e+07
122 2.40438e+07
129 2.63364e+07
106 2.40425e+07
155 3.03727e+07
162 3.15964e+07
99 2.16682e+07
180 3.79297e+07
140 2.72816e+07
144 2.81078e+07
97 2.05261e+07
102 2.31041e+07
154 2.94138e+07
134 2.65439e+07
92 1.95838e+07
173 3.36093e+07
169 3.31597e+07
150 2.88504e+07
167 3.17139e+07
123 2.57157e+07
133 2.63931e+07
149 2.82058e+07
94 1.99466e+07
168 3.19352e+07
103 2.35215e+07
160 3.08524e+07
125 2.60488e+07
158 3.07202e+07
171 3.35751e+07
124 2.57586e+07
181 3.80417e+07
178 3.45483e+07
Thế hệ thứ: 41
186 4.00283e+07
88 1.89035e+07
122 2.40438e+07
129 2.63364e+07
171 3.35751e+07
178 3.45483e+07
106 2.40425e+07
99 2.16682e+07
180 3.79297e+07
140 2.72816e+07
181 3.80417e+07
144 2.81078e+07
97 2.05261e+07
102 2.31041e+07
154 2.94138e+07
127 2.58756e+07
169 3.31597e+07
173 3.36093e+07
134 2.65439e+07
92 1.95838e+07
167 3.17139e+07
123 2.57157e+07
133 2.63931e+07
158 2.98046e+07
149 2.82058e+07
94 1.99466e+07
168 3.19352e+07
162 3.08369e+07
103 2.35215e+07
124 2.57586e+07
182 4.00112e+07
153 2.85439e+07
Thế hệ thứ: 42
88 1.89035e+07
186 4.00283e+07
122 2.40438e+07
129 2.63364e+07
178 3.45483e+07
171 3.35751e+07
106 2.40425e+07
180 3.79297e+07
140 2.72816e+07
103 2.35215e+07
162 3.08369e+07
99 2.16682e+07
149 2.82058e+07
158 2.98046e+07
144 2.81078e+07
97 2.05261e+07
102 2.31041e+07
181 3.80417e+07
127 2.58756e+07
169 3.31597e+07
173 3.36093e+07
134 2.65439e+07
167 3.17139e+07
154 2.94138e+07
92 1.95838e+07
153 2.85439e+07
123 2.57157e+07
133 2.63931e+07
94 1.99466e+07
168 3.19352e+07
124 2.57586e+07
174 3.40846e+07
184 3.87143e+07
Thế hệ thứ: 43
186 4.00283e+07
88 1.89035e+07
171 3.35751e+07
178 3.45483e+07
122 2.40438e+07
129 2.63364e+07
106 2.40425e+07
180 3.79297e+07
140 2.72816e+07
103 2.35215e+07
162 3.08369e+07
99 2.16682e+07
149 2.82058e+07
158 2.98046e+07
184 3.87143e+07
144 2.81078e+07
97 2.05261e+07
102 2.31041e+07
134 2.65439e+07
167 3.17139e+07
154 2.94138e+07
92 1.95838e+07
173 3.36093e+07
127 2.58756e+07
169 3.31597e+07
153 2.85439e+07
123 2.57157e+07
133 2.63931e+07
94 1.99466e+07
174 3.40846e+07
168 3.19352e+07
181 3.80417e+07
124 2.57586e+07
Thế hệ thứ: 44
88 1.89035e+07
186 4.00283e+07
171 3.35751e+07
178 3.45483e+07
122 2.40438e+07
129 2.63364e+07
106 2.40425e+07
140 2.72816e+07
103 2.35215e+07
162 3.08369e+07
99 2.16682e+07
149 2.82058e+07
158 2.98046e+07
184 3.87143e+07
144 2.81078e+07
97 2.05261e+07
102 2.31041e+07
134 2.65439e+07
167 3.17139e+07
154 2.94138e+07
92 1.95838e+07
173 3.36093e+07
127 2.58756e+07
169 3.31597e+07
153 2.85439e+07
123 2.57157e+07
133 2.63931e+07
94 1.99466e+07
174 3.40846e+07
168 3.19352e+07
181 3.80417e+07
124 2.57586e+07
180 3.70619e+07
Thế hệ thứ: 45
186 4.00283e+07
88 1.89035e+07
171 3.35751e+07
178 3.45483e+07
122 2.40438e+07
129 2.63364e+07
106 2.40425e+07
140 2.72816e+07
103 2.35215e+07
162 3.08369e+07
99 2.16682e+07
149 2.82058e+07
158 2.98046e+07
184 3.87143e+07
144 2.81078e+07
97 2.05261e+07
102 2.31041e+07
134 2.65439e+07
167 3.17139e+07
154 2.94138e+07
92 1.95838e+07
173 3.36093e+07
127 2.58756e+07
169 3.31597e+07
153 2.85439e+07
123 2.57157e+07
133 2.63931e+07
94 1.99466e+07
174 3.40846e+07
168 3.19352e+07
124 2.57586e+07
181 3.69538e+07
Thế hệ thứ: 46
88 1.89035e+07
186 4.00283e+07
99 2.16682e+07
181 3.69538e+07
171 3.35751e+07
178 3.45483e+07
122 2.40438e+07
129 2.63364e+07
106 2.40425e+07
184 3.87143e+07
103 2.35215e+07
140 2.72816e+07
149 2.82058e+07
158 2.98046e+07
144 2.81078e+07
97 2.05261e+07
102 2.31041e+07
134 2.65439e+07
167 3.17139e+07
154 2.94138e+07
92 1.95838e+07
163 3.06461e+07
173 3.36093e+07
127 2.58756e+07
169 3.31597e+07
153 2.85439e+07
123 2.57157e+07
133 2.63931e+07
94 1.99466e+07
174 3.40846e+07
168 3.19352e+07
124 2.57586e+07
164 3.12692e+07
Thế hệ thứ: 47
186 4.00283e+07
88 1.89035e+07
99 2.16682e+07
181 3.69538e+07
171 3.35751e+07
178 3.45483e+07
122 2.40438e+07
129 2.63364e+07
106 2.40425e+07
184 3.87143e+07
140 2.72816e+07
149 2.82058e+07
158 2.98046e+07
144 2.81078e+07
97 2.05261e+07
173 3.36093e+07
127 2.58756e+07
169 3.31597e+07
163 3.06461e+07
102 2.31041e+07
134 2.65439e+07
154 2.94138e+07
92 1.95838e+07
153 2.85439e+07
123 2.57157e+07
133 2.63931e+07
94 1.99466e+07
174 3.40846e+07
164 3.12692e+07
168 3.19352e+07
103 2.35215e+07
167 3.17139e+07
124 2.57586e+07
180 3.68828e+07
Thế hệ thứ: 48
88 1.89035e+07
186 4.00283e+07
171 3.35751e+07
178 3.45483e+07
122 2.40438e+07
129 2.63364e+07
106 2.40425e+07
184 3.87143e+07
140 2.72816e+07
181 3.69538e+07
99 2.16682e+07
149 2.82058e+07
158 2.98046e+07
174 3.40846e+07
180 3.68828e+07
144 2.81078e+07
97 2.05261e+07
173 3.36093e+07
127 2.58756e+07
169 3.31597e+07
163 3.06461e+07
102 2.31041e+07
134 2.65439e+07
154 2.94138e+07
92 1.95838e+07
153 2.85439e+07
123 2.57157e+07
133 2.63931e+07
94 1.99466e+07
164 3.12692e+07
168 3.19352e+07
103 2.35215e+07
167 3.17139e+07
124 2.57586e+07
187 4.11931e+07
170 3.3551e+07
Thế hệ thứ: 49
88 1.89035e+07
187 4.11931e+07
140 2.72816e+07
171 3.35751e+07
178 3.45483e+07
122 2.40438e+07
129 2.63364e+07
106 2.40425e+07
184 3.87143e+07
181 3.69538e+07
99 2.16682e+07
149 2.82058e+07
158 2.98046e+07
186 4.00283e+07
174 3.40846e+07
180 3.68828e+07
144 2.81078e+07
97 2.05261e+07
173 3.36093e+07
127 2.58756e+07
169 3.31597e+07
163 3.06461e+07
102 2.31041e+07
134 2.65439e+07
92 1.95838e+07
154 2.94138e+07
175 3.41247e+07
153 2.85439e+07
123 2.57157e+07
133 2.63931e+07
94 1.99466e+07
164 3.12692e+07
168 3.19352e+07
103 2.35215e+07
167 3.17139e+07
170 3.3551e+07
124 2.57586e+07

