Thế hệ thứ: 0
28 4.16666e+06
29 4.76267e+06
26 3.35806e+06
88 1.85064e+07
78 1.5273e+07
75 1.47196e+07
73 1.07773e+07
42 6.24838e+06
47 8.27384e+06
93 1.89393e+07
59 9.47784e+06
46 7.31364e+06
87 1.57117e+07
Thế hệ thứ: 1
75 1.47196e+07
73 1.07773e+07
42 6.24838e+06
93 1.89393e+07
29 4.76267e+06
26 3.35806e+06
59 9.47784e+06
87 1.57117e+07
47 8.27384e+06
88 1.85064e+07
78 1.5273e+07
46 7.31364e+06
28 4.16666e+06
35 4.94995e+06
92 1.88031e+07
40 5.91823e+06
61 9.91561e+06
52 8.54988e+06
Thế hệ thứ: 2
26 3.35806e+06
75 1.47196e+07
73 1.07773e+07
93 1.89393e+07
61 9.91561e+06
52 8.54988e+06
87 1.553e+07
35 4.94995e+06
92 1.88031e+07
59 9.47784e+06
46 7.31364e+06
47 8.27384e+06
28 4.16666e+06
85 1.52719e+07
89 1.71007e+07
43 5.86203e+06
98 2.16279e+07
29 4.60438e+06
37 5.36977e+06
Thế hệ thứ: 3
26 3.35806e+06
89 1.71007e+07
78 1.42806e+07
98 2.16279e+07
93 1.89393e+07
73 1.07773e+07
43 5.86203e+06
52 8.54988e+06
85 1.52719e+07
46 7.31364e+06
47 8.27384e+06
35 4.94995e+06
92 1.88031e+07
87 1.553e+07
28 4.16666e+06
61 9.27844e+06
42 5.18965e+06
38 5.02174e+06
30 4.40885e+06
45 7.18691e+06
49 8.38261e+06
74 1.16319e+07
99 2.39957e+07
Thế hệ thứ: 4
26 3.35806e+06
30 4.40885e+06
38 5.02174e+06
99 2.39957e+07
33 4.82846e+06
61 9.27844e+06
89 1.71007e+07
78 1.42806e+07
98 2.16279e+07
73 1.07773e+07
43 5.86203e+06
74 1.16319e+07
52 8.54988e+06
85 1.52719e+07
35 4.94995e+06
87 1.553e+07
42 5.18965e+06
28 4.16666e+06
47 8.27384e+06
49 8.38261e+06
41 5.13607e+06
93 1.85612e+07
94 2.01701e+07
46 6.67045e+06
Thế hệ thứ: 5
26 3.35806e+06
30 4.40885e+06
38 5.02174e+06
99 2.39957e+07
61 9.27844e+06
89 1.71007e+07
98 2.16279e+07
78 1.42806e+07
73 1.07773e+07
43 5.86203e+06
88 1.58538e+07
93 1.85612e+07
74 1.16319e+07
94 2.01701e+07
46 6.67045e+06
85 1.52719e+07
87 1.553e+07
47 8.27384e+06
28 4.16666e+06
49 8.38261e+06
41 5.13607e+06
42 5.18965e+06
37 4.80536e+06
52 8.51054e+06
77 1.31057e+07
Thế hệ thứ: 6
94 2.01701e+07
31 4.61934e+06
26 3.35806e+06
30 4.40885e+06
38 5.02174e+06
73 1.07773e+07
43 5.86203e+06
78 1.42806e+07
88 1.58538e+07
74 1.16319e+07
93 1.85612e+07
89 1.71007e+07
85 1.52719e+07
77 1.31057e+07
46 6.67045e+06
37 4.80536e+06
50 6.72421e+06
28 4.16666e+06
87 1.553e+07
41 5.13607e+06
42 5.18965e+06
45 6.01296e+06
100 2.09841e+07
52 8.30359e+06
65 8.95924e+06
76 1.27906e+07
Thế hệ thứ: 7
92 1.73889e+07
100 2.09841e+07
94 2.01701e+07
31 4.61934e+06
26 3.35806e+06
43 5.86203e+06
43 5.86203e+06
65 8.95924e+06
73 1.07773e+07
52 8.30359e+06
88 1.58538e+07
74 1.16319e+07
93 1.85612e+07
78 1.42806e+07
89 1.71007e+07
85 1.52719e+07
50 6.72421e+06
76 1.27906e+07
37 4.80536e+06
28 4.16666e+06
55 8.56506e+06
77 1.31057e+07
46 6.67045e+06
45 6.01296e+06
87 1.553e+07
38 5.02174e+06
30 4.40885e+06
42 5.18965e+06
41 5.13607e+06
97 2.09557e+07
Thế hệ thứ: 8
100 2.09841e+07
26 3.35806e+06
65 8.95924e+06
73 1.07773e+07
78 1.42806e+07
85 1.52719e+07
55 8.56506e+06
28 4.16666e+06
88 1.58538e+07
74 1.16319e+07
93 1.85612e+07
50 6.72421e+06
52 8.30359e+06
97 2.00258e+07
76 1.27906e+07
77 1.31057e+07
87 1.553e+07
30 4.40885e+06
95 1.91747e+07
41 5.10498e+06
92 1.66468e+07
46 5.56433e+06
54 8.3915e+06
42 5.17427e+06
39 4.58008e+06
Thế hệ thứ: 9
92 1.66468e+07
100 2.09841e+07
26 3.35806e+06
65 8.95924e+06
73 1.07773e+07
50 6.72421e+06
46 5.56433e+06
85 1.52719e+07
39 4.58008e+06
88 1.58538e+07
74 1.16319e+07
93 1.85612e+07
55 8.56506e+06
28 4.16666e+06
30 4.40885e+06
97 2.00258e+07
52 8.30359e+06
95 1.91747e+07
41 5.10498e+06
42 5.17427e+06
87 1.553e+07
54 8.3915e+06
98 2.0444e+07
79 1.17929e+07
Thế hệ thứ: 10
92 1.66468e+07
100 2.09841e+07
26 3.35806e+06
65 8.95924e+06
73 1.07773e+07
85 1.52719e+07
79 1.17929e+07
50 6.72421e+06
46 5.56433e+06
39 4.58008e+06
88 1.58538e+07
74 1.16319e+07
93 1.85612e+07
55 8.56506e+06
28 4.16666e+06
43 5.053e+06
97 2.00258e+07
98 2.0444e+07
87 1.553e+07
54 8.3915e+06
52 6.8859e+06
96 1.86852e+07
38 4.3984e+06
47 6.26575e+06
Thế hệ thứ: 11
26 3.35806e+06
92 1.66468e+07
100 2.09841e+07
65 8.95924e+06
73 1.07773e+07
28 4.16666e+06
85 1.52719e+07
79 1.17929e+07
38 4.3984e+06
74 1.16319e+07
93 1.85612e+07
43 5.053e+06
52 6.8859e+06
96 1.86852e+07
97 2.00258e+07
46 5.56433e+06
47 6.26575e+06
39 4.58008e+06
50 6.72421e+06
98 2.0444e+07
56 8.03187e+06
42 5.04023e+06
91 1.55058e+07
60 8.7593e+06
Thế hệ thứ: 12
26 3.35806e+06
100 2.09841e+07
56 8.03187e+06
28 4.16666e+06
79 1.17929e+07
65 8.95924e+06
73 1.07773e+07
92 1.66468e+07
38 4.3984e+06
60 8.7593e+06
91 1.55058e+07
74 1.16319e+07
93 1.85612e+07
96 1.86852e+07
97 2.00258e+07
46 5.56433e+06
47 6.26575e+06
50 6.72421e+06
98 2.0444e+07
39 4.58008e+06
43 5.053e+06
42 5.04023e+06
80 1.31816e+07
53 6.76777e+06
48 6.47491e+06
85 1.46931e+07
86 1.54303e+07
54 7.16069e+06
99 2.05825e+07
Thế hệ thứ: 13
80 1.31816e+07
26 3.35806e+06
92 1.66468e+07
100 2.09841e+07
65 8.95924e+06
73 1.07773e+07
28 4.16666e+06
85 1.46931e+07
38 4.3984e+06
60 8.7593e+06
56 8.03187e+06
74 1.16319e+07
93 1.85612e+07
79 1.17929e+07
91 1.55058e+07
86 1.54303e+07
46 5.56433e+06
54 7.16069e+06
39 4.58008e+06
50 6.72421e+06
43 5.053e+06
42 5.04023e+06
53 6.76777e+06
99 2.05825e+07
98 1.8567e+07
48 6.08351e+06
49 6.48245e+06
Thế hệ thứ: 14
80 1.31816e+07
26 3.35806e+06
92 1.66468e+07
100 2.09841e+07
65 8.95924e+06
73 1.07773e+07
28 4.16666e+06
85 1.46931e+07
98 1.8567e+07
74 1.16319e+07
93 1.85612e+07
38 4.3984e+06
60 8.7593e+06
56 8.03187e+06
79 1.17929e+07
99 2.05825e+07
91 1.55058e+07
86 1.54303e+07
46 5.56433e+06
54 7.16069e+06
48 6.08351e+06
39 4.58008e+06
43 5.053e+06
42 5.04023e+06
53 6.76777e+06
50 6.72421e+06
82 1.42633e+07
49 6.29813e+06
81 1.35562e+07
32 4.30722e+06
Thế hệ thứ: 15
26 3.35806e+06
92 1.66468e+07
65 8.95924e+06
73 1.07773e+07
49 6.29813e+06
74 1.16319e+07
38 4.3984e+06
60 8.7593e+06
56 8.03187e+06
79 1.17929e+07
91 1.55058e+07
32 4.30722e+06
28 4.16666e+06
86 1.54303e+07
80 1.31816e+07
46 5.56433e+06
46 5.56433e+06
85 1.46931e+07
82 1.42633e+07
39 4.58008e+06
81 1.35562e+07
32 4.30722e+06
43 5.053e+06
48 6.08351e+06
42 5.04023e+06
29 4.20112e+06
31 4.22946e+06
54 6.53763e+06
70 1.03616e+07
100 1.85008e+07
Thế hệ thứ: 16
26 3.35806e+06
100 1.85008e+07
92 1.66468e+07
73 1.07773e+07
65 8.95924e+06
79 1.17929e+07
70 1.03616e+07
56 8.03187e+06
54 6.53763e+06
38 4.3984e+06
60 8.7593e+06
91 1.55058e+07
49 6.29813e+06
74 1.16319e+07
80 1.31816e+07
86 1.54303e+07
85 1.46931e+07
82 1.42633e+07
81 1.35562e+07
39 4.58008e+06
28 4.16666e+06
31 4.22946e+06
32 4.30722e+06
43 5.053e+06
42 5.04023e+06
46 5.56433e+06
46 5.56433e+06
29 4.20112e+06
32 4.30722e+06
52 6.46754e+06
67 1.00685e+07
48 5.80546e+06
59 8.56274e+06
Thế hệ thứ: 17
26 3.35806e+06
100 1.85008e+07
92 1.66468e+07
67 1.00685e+07
79 1.17929e+07
70 1.03616e+07
91 1.55058e+07
73 1.07773e+07
65 8.95924e+06
54 6.53763e+06
49 6.29813e+06
57 6.64044e+06
74 1.16319e+07
80 1.31816e+07
86 1.54303e+07
85 1.46931e+07
82 1.42633e+07
60 8.7593e+06
38 4.3984e+06
59 8.56274e+06
81 1.35562e+07
39 4.58008e+06
28 4.16666e+06
52 6.46754e+06
52 6.46754e+06
48 5.80546e+06
43 5.053e+06
42 5.04023e+06
46 5.56433e+06
46 5.56433e+06
32 4.19368e+06
69 1.03523e+07
Thế hệ thứ: 18
26 3.35806e+06
100 1.85008e+07
67 1.00685e+07
49 6.29813e+06
57 6.64044e+06
74 1.16319e+07
72 1.07237e+07
79 1.17929e+07
94 1.63183e+07
91 1.55058e+07
59 8.56274e+06
73 1.07773e+07
65 8.95924e+06
32 4.19368e+06
80 1.31816e+07
28 4.16666e+06
86 1.54303e+07
85 1.46931e+07
82 1.42633e+07
60 8.7593e+06
38 4.3984e+06
81 1.35562e+07
39 4.58008e+06
52 6.46754e+06
52 6.46754e+06
48 5.80546e+06
43 5.053e+06
42 5.04023e+06
70 1.03616e+07
54 6.53763e+06
46 5.56433e+06
46 5.56433e+06
69 1.03372e+07
96 1.82694e+07
Thế hệ thứ: 19
26 3.35806e+06
100 1.85008e+07
59 8.56274e+06
73 1.07773e+07
65 8.95924e+06
91 1.55058e+07
94 1.63183e+07
69 1.03372e+07
49 6.29813e+06
57 6.64044e+06
74 1.16319e+07
72 1.07237e+07
79 1.17929e+07
32 4.19368e+06
80 1.31816e+07
28 4.16666e+06
86 1.54303e+07
85 1.46931e+07
82 1.42633e+07
60 8.7593e+06
38 4.3984e+06
81 1.35562e+07
39 4.58008e+06
52 6.46754e+06
52 6.46754e+06
48 5.80546e+06
43 5.053e+06
42 5.04023e+06
54 6.53763e+06
46 5.56433e+06
46 5.56433e+06
70 1.03616e+07
45 5.16982e+06
96 1.63488e+07
68 1.0015e+07
99 1.82343e+07
53 6.51325e+06
Thế hệ thứ: 20
26 3.35806e+06
100 1.85008e+07
49 6.29813e+06
57 6.64044e+06
74 1.16319e+07
99 1.82343e+07
96 1.63488e+07
59 8.56274e+06
53 6.51325e+06
73 1.07773e+07
65 8.95924e+06
72 1.07237e+07
79 1.17929e+07
94 1.63183e+07
91 1.55058e+07
68 1.0015e+07
32 4.19368e+06
80 1.31816e+07
28 4.16666e+06
86 1.54303e+07
85 1.46931e+07
82 1.42633e+07
60 8.7593e+06
38 4.3984e+06
81 1.35562e+07
39 4.58008e+06
52 6.46754e+06
52 6.46754e+06
48 5.80546e+06
42 5.04023e+06
45 5.16982e+06
70 1.03616e+07
69 1.03372e+07
43 5.053e+06
46 5.56433e+06
46 5.56433e+06
46 5.56433e+06
55 6.51805e+06
97 1.68192e+07
Thế hệ thứ: 21
26 3.35806e+06
100 1.85008e+07
94 1.63183e+07
91 1.55058e+07
59 8.56274e+06
53 6.51325e+06
73 1.07773e+07
65 8.95924e+06
49 6.29813e+06
57 6.64044e+06
72 1.07237e+07
79 1.17929e+07
97 1.68192e+07
99 1.82343e+07
32 4.19368e+06
68 1.0015e+07
80 1.31816e+07
28 4.16666e+06
86 1.54303e+07
85 1.46931e+07
82 1.42633e+07
60 8.7593e+06
38 4.3984e+06
67 9.8972e+06
81 1.35562e+07
39 4.58008e+06
52 6.46754e+06
52 6.46754e+06
48 5.80546e+06
42 5.04023e+06
45 5.16982e+06
45 5.16982e+06
96 1.63488e+07
70 1.03616e+07
46 5.56433e+06
46 5.56433e+06
46 5.56433e+06
55 6.51805e+06
69 1.03372e+07
43 5.053e+06
74 1.0856e+07
40 4.9701e+06
Thế hệ thứ: 22
26 3.35806e+06
100 1.85008e+07
72 1.07237e+07
79 1.17929e+07
57 6.64044e+06
49 6.29813e+06
94 1.63183e+07
91 1.55058e+07
73 1.07773e+07
53 6.51325e+06
65 8.95924e+06
59 8.56274e+06
97 1.68192e+07
99 1.82343e+07
68 1.0015e+07
32 4.19368e+06
42 4.9677e+06
74 1.0856e+07
80 1.31816e+07
28 4.16666e+06
86 1.54303e+07
85 1.46931e+07
82 1.42633e+07
60 8.7593e+06
38 4.3984e+06
81 1.35562e+07
67 9.8972e+06
52 6.46754e+06
52 6.46754e+06
48 5.80546e+06
96 1.63488e+07
39 4.58008e+06
70 1.03616e+07
46 5.56433e+06
46 5.56433e+06
46 5.56433e+06
55 6.51805e+06
69 1.03372e+07
43 5.053e+06
45 5.16982e+06
45 5.16982e+06
Thế hệ thứ: 23
26 3.35806e+06
100 1.85008e+07
72 1.07237e+07
79 1.17929e+07
57 6.64044e+06
49 6.29813e+06
94 1.63183e+07
91 1.55058e+07
73 1.07773e+07
65 8.95924e+06
59 8.56274e+06
97 1.68192e+07
99 1.82343e+07
68 1.0015e+07
32 4.19368e+06
42 4.9677e+06
74 1.0856e+07
80 1.31816e+07
28 4.16666e+06
58 8.44976e+06
86 1.54303e+07
85 1.46931e+07
82 1.42633e+07
60 8.7593e+06
38 4.3984e+06
81 1.35562e+07
67 9.8972e+06
39 4.58008e+06
52 6.46754e+06
52 6.46754e+06
48 5.80546e+06
96 1.63488e+07
70 1.03616e+07
46 5.56433e+06
46 5.56433e+06
46 5.56433e+06
43 5.053e+06
69 1.03372e+07
45 5.16982e+06
45 5.16982e+06
56 6.63157e+06
55 6.50235e+06
84 1.42668e+07
Thế hệ thứ: 24
26 3.35806e+06
86 1.54303e+07
58 8.44976e+06
100 1.85008e+07
55 6.50235e+06
72 1.07237e+07
79 1.17929e+07
91 1.55058e+07
73 1.07773e+07
65 8.95924e+06
99 1.82343e+07
68 1.0015e+07
32 4.19368e+06
42 4.9677e+06
74 1.0856e+07
49 6.29813e+06
57 6.64044e+06
80 1.31816e+07
28 4.16666e+06
60 8.7593e+06
38 4.3984e+06
81 1.35562e+07
67 9.8972e+06
85 1.46931e+07
39 4.58008e+06
52 6.46754e+06
52 6.46754e+06
48 5.80546e+06
82 1.42633e+07
84 1.42668e+07
70 1.03616e+07
43 5.053e+06
69 1.03372e+07
59 8.56274e+06
46 5.56433e+06
46 5.56433e+06
46 5.56433e+06
45 5.16982e+06
45 5.16982e+06
56 6.56268e+06
97 1.62516e+07
Thế hệ thứ: 25
26 3.35806e+06
86 1.54303e+07
58 8.44976e+06
56 6.56268e+06
55 6.50235e+06
100 1.85008e+07
97 1.62516e+07
72 1.07237e+07
79 1.17929e+07
73 1.07773e+07
65 8.95924e+06
91 1.55058e+07
99 1.82343e+07
49 6.29813e+06
57 6.64044e+06
68 1.0015e+07
32 4.19368e+06
42 4.9677e+06
74 1.0856e+07
80 1.31816e+07
28 4.16666e+06
60 8.7593e+06
38 4.3984e+06
81 1.35562e+07
67 9.8972e+06
85 1.46931e+07
39 4.58008e+06
52 6.46754e+06
52 6.46754e+06
48 5.80546e+06
82 1.42633e+07
84 1.42668e+07
70 1.03616e+07
43 5.053e+06
69 1.03372e+07
59 8.56274e+06
46 5.56433e+06
46 5.56433e+06
46 5.56433e+06
45 5.16982e+06
45 5.16982e+06
Thế hệ thứ: 26
26 3.35806e+06
86 1.54303e+07
58 8.44976e+06
56 6.56268e+06
55 6.50235e+06
100 1.85008e+07
97 1.62516e+07
72 1.07237e+07
79 1.17929e+07
73 1.07773e+07
65 8.95924e+06
91 1.55058e+07
99 1.82343e+07
49 6.29813e+06
57 6.64044e+06
68 1.0015e+07
32 4.19368e+06
42 4.9677e+06
74 1.0856e+07
80 1.31816e+07
28 4.16666e+06
60 8.7593e+06
38 4.3984e+06
81 1.35562e+07
67 9.8972e+06
85 1.46931e+07
39 4.58008e+06
52 6.46754e+06
52 6.46754e+06
48 5.80546e+06
82 1.42633e+07
84 1.42668e+07
70 1.03616e+07
43 5.053e+06
69 1.03372e+07
59 8.56274e+06
46 5.56433e+06
46 5.56433e+06
46 5.56433e+06
45 5.16982e+06
45 5.16982e+06
98 1.6753e+07
Thế hệ thứ: 27
26 3.35806e+06
86 1.54303e+07
56 6.56268e+06
55 6.50235e+06
100 1.85008e+07
72 1.07237e+07
79 1.17929e+07
73 1.07773e+07
65 8.95924e+06
91 1.55058e+07
97 1.62516e+07
98 1.6753e+07
49 6.29813e+06
57 6.64044e+06
32 4.19368e+06
68 1.0015e+07
42 4.9677e+06
74 1.0856e+07
80 1.31816e+07
99 1.82343e+07
60 8.7593e+06
38 4.3984e+06
67 9.8972e+06
81 1.35562e+07
85 1.46931e+07
39 4.58008e+06
52 6.46754e+06
52 6.46754e+06
48 5.80546e+06
82 1.42633e+07
84 1.42668e+07
70 1.03616e+07
43 5.053e+06
69 1.03372e+07
59 8.56274e+06
46 5.56433e+06
46 5.56433e+06
46 5.56433e+06
45 5.16982e+06
45 5.16982e+06
29 3.9552e+06
58 7.03495e+06
Thế hệ thứ: 28
68 1.0015e+07
32 4.19368e+06
58 7.03495e+06
26 3.35806e+06
55 6.50235e+06
56 6.56268e+06
100 1.85008e+07
79 1.17929e+07
65 8.95924e+06
91 1.55058e+07
97 1.62516e+07
98 1.6753e+07
42 4.9677e+06
80 1.31816e+07
99 1.82343e+07
59 8.56274e+06
29 3.9552e+06
86 1.54303e+07
60 8.7593e+06
38 4.3984e+06
81 1.35562e+07
67 9.8972e+06
85 1.46931e+07
57 6.64044e+06
49 6.29813e+06
39 4.58008e+06
52 6.46754e+06
52 6.46754e+06
48 5.80546e+06
82 1.42633e+07
84 1.42668e+07
43 5.053e+06
46 5.56433e+06
46 5.56433e+06
46 5.56433e+06
45 5.16982e+06
45 5.16982e+06
51 6.46566e+06
74 1.01482e+07
Thế hệ thứ: 29
26 3.35806e+06
56 6.56268e+06
55 6.50235e+06
100 1.85008e+07
79 1.17929e+07
98 1.6753e+07
74 1.01482e+07
65 8.95924e+06
91 1.55058e+07
97 1.62516e+07
68 1.0015e+07
32 4.19368e+06
58 7.03495e+06
80 1.31816e+07
99 1.82343e+07
59 8.56274e+06
29 3.9552e+06
86 1.54303e+07
60 8.7593e+06
38 4.3984e+06
81 1.35562e+07
67 9.8972e+06
85 1.46931e+07
52 6.46754e+06
52 6.46754e+06
48 5.80546e+06
82 1.42633e+07
42 4.9677e+06
57 6.64044e+06
49 6.29813e+06
84 1.42668e+07
43 5.053e+06
51 6.46566e+06
46 5.56433e+06
46 5.56433e+06
46 5.56433e+06
45 5.16982e+06
45 5.16982e+06
39 4.57538e+06
Thế hệ thứ: 30
50 6.39386e+06
26 3.35806e+06
56 6.56268e+06
55 6.50235e+06
39 4.57538e+06
100 1.85008e+07
79 1.17929e+07
98 1.6753e+07
74 1.01482e+07
65 8.95924e+06
91 1.55058e+07
97 1.62516e+07
68 1.0015e+07
32 4.19368e+06
58 7.03495e+06
80 1.31816e+07
99 1.82343e+07
59 8.56274e+06
29 3.9552e+06
60 8.7593e+06
38 4.3984e+06
81 1.35562e+07
67 9.8972e+06
52 6.46754e+06
52 6.46754e+06
48 5.80546e+06
42 4.9677e+06
57 6.64044e+06
49 6.29813e+06
43 5.053e+06
51 6.46566e+06
46 5.56433e+06
46 5.56433e+06
46 5.56433e+06
45 5.16982e+06
45 5.16982e+06
86 1.36516e+07
Thế hệ thứ: 31
26 3.35806e+06
50 6.39386e+06
56 6.56268e+06
55 6.50235e+06
39 4.57538e+06
100 1.85008e+07
65 8.95924e+06
91 1.55058e+07
79 1.17929e+07
74 1.01482e+07
86 1.36516e+07
45 5.16982e+06
45 5.16982e+06
97 1.62516e+07
98 1.6753e+07
68 1.0015e+07
32 4.19368e+06
58 7.03495e+06
80 1.31816e+07
59 8.56274e+06
29 3.9552e+06
60 8.7593e+06
38 4.3984e+06
67 9.8972e+06
81 1.35562e+07
52 6.46754e+06
52 6.46754e+06
48 5.80546e+06
42 4.9677e+06
57 6.64044e+06
49 6.29813e+06
43 5.053e+06
46 5.56433e+06
46 5.56433e+06
46 5.56433e+06
51 6.46566e+06
99 1.79229e+07
Thế hệ thứ: 32
26 3.35806e+06
56 6.56268e+06
55 6.50235e+06
39 4.57538e+06
100 1.85008e+07
65 8.95924e+06
91 1.55058e+07
79 1.17929e+07
74 1.01482e+07
86 1.36516e+07
45 5.16982e+06
45 5.16982e+06
97 1.62516e+07
68 1.0015e+07
32 4.19368e+06
58 7.03495e+06
80 1.31816e+07
99 1.79229e+07
59 8.56274e+06
98 1.6753e+07
29 3.9552e+06
60 8.7593e+06
38 4.3984e+06
67 9.8972e+06
81 1.35562e+07
52 6.46754e+06
52 6.46754e+06
48 5.80546e+06
85 1.36328e+07
42 4.9677e+06
57 6.64044e+06
43 5.053e+06
46 5.56433e+06
46 5.56433e+06
46 5.56433e+06
51 6.05069e+06
Thế hệ thứ: 33
26 3.35806e+06
56 6.56268e+06
55 6.50235e+06
39 4.57538e+06
100 1.85008e+07
65 8.95924e+06
91 1.55058e+07
79 1.17929e+07
74 1.01482e+07
86 1.36516e+07
45 5.16982e+06
45 5.16982e+06
97 1.62516e+07
68 1.0015e+07
32 4.19368e+06
58 7.03495e+06
80 1.31816e+07
99 1.79229e+07
59 8.56274e+06
98 1.6753e+07
29 3.9552e+06
60 8.7593e+06
38 4.3984e+06
81 1.35562e+07
67 9.8972e+06
52 6.46754e+06
52 6.46754e+06
48 5.80546e+06
51 6.05069e+06
85 1.36328e+07
42 4.9677e+06
43 5.053e+06
46 5.56433e+06
46 5.56433e+06
46 5.56433e+06
57 6.64044e+06
41 4.95123e+06
44 5.16981e+06
Thế hệ thứ: 34
56 6.56268e+06
55 6.50235e+06
39 4.57538e+06
100 1.85008e+07
26 3.35806e+06
65 8.95924e+06
91 1.55058e+07
79 1.17929e+07
74 1.01482e+07
86 1.36516e+07
45 5.16982e+06
45 5.16982e+06
97 1.62516e+07
68 1.0015e+07
58 7.03495e+06
80 1.31816e+07
99 1.79229e+07
59 8.56274e+06
98 1.6753e+07
29 3.9552e+06
60 8.7593e+06
38 4.3984e+06
81 1.35562e+07
67 9.8972e+06
48 5.80546e+06
51 6.05069e+06
85 1.36328e+07
42 4.9677e+06
41 4.95123e+06
57 6.64044e+06
46 5.56433e+06
46 5.56433e+06
46 5.56433e+06
50 6.05066e+06
88 1.4151e+07
53 6.42133e+06
32 4.06563e+06
44 5.04351e+06
Thế hệ thứ: 35
55 6.50235e+06
39 4.57538e+06
100 1.85008e+07
26 3.35806e+06
43 4.99568e+06
79 1.17929e+07
74 1.01482e+07
65 8.95924e+06
88 1.4151e+07
91 1.55058e+07
97 1.62516e+07
68 1.0015e+07
58 7.03495e+06
32 4.06563e+06
99 1.79229e+07
59 8.56274e+06
98 1.6753e+07
60 8.7593e+06
38 4.3984e+06
29 3.9552e+06
82 1.19462e+07
67 9.8972e+06
48 5.80546e+06
53 6.42133e+06
86 1.36516e+07
45 5.16982e+06
45 5.16982e+06
85 1.36328e+07
42 4.9677e+06
41 4.95123e+06
51 6.05069e+06
57 6.64044e+06
44 5.04351e+06
46 5.56433e+06
46 5.56433e+06
46 5.56433e+06
50 5.97994e+06
56 6.51964e+06
Thế hệ thứ: 36
55 6.50235e+06
39 4.57538e+06
100 1.85008e+07
26 3.35806e+06
74 1.01482e+07
88 1.4151e+07
91 1.55058e+07
82 1.19462e+07
67 9.8972e+06
43 4.99568e+06
79 1.17929e+07
97 1.62516e+07
65 8.95924e+06
42 4.9677e+06
85 1.36328e+07
68 1.0015e+07
58 7.03495e+06
32 4.06563e+06
99 1.79229e+07
59 8.56274e+06
98 1.6753e+07
60 8.7593e+06
38 4.3984e+06
29 3.9552e+06
53 6.42133e+06
48 5.80546e+06
86 1.36516e+07
45 5.16982e+06
45 5.16982e+06
51 6.05069e+06
41 4.95123e+06
57 6.64044e+06
50 5.97994e+06
44 5.04351e+06
56 6.51964e+06
46 5.4622e+06
Thế hệ thứ: 37
100 1.85008e+07
55 6.50235e+06
39 4.57538e+06
26 3.35806e+06
74 1.01482e+07
88 1.4151e+07
91 1.55058e+07
82 1.19462e+07
67 9.8972e+06
43 4.99568e+06
79 1.17929e+07
46 5.4622e+06
97 1.62516e+07
65 8.95924e+06
42 4.9677e+06
85 1.36328e+07
68 1.0015e+07
58 7.03495e+06
32 4.06563e+06
99 1.79229e+07
59 8.56274e+06
98 1.6753e+07
60 8.7593e+06
38 4.3984e+06
29 3.9552e+06
48 5.80546e+06
53 6.42133e+06
86 1.36516e+07
45 5.16982e+06
45 5.16982e+06
51 6.05069e+06
41 4.95123e+06
57 6.64044e+06
50 5.97994e+06
44 5.04351e+06
56 6.51964e+06
49 5.83905e+06
92 1.59208e+07
Thế hệ thứ: 38
55 6.50235e+06
39 4.57538e+06
100 1.85008e+07
26 3.35806e+06
74 1.01482e+07
82 1.19462e+07
67 9.8972e+06
43 4.99568e+06
79 1.17929e+07
65 8.95924e+06
91 1.55058e+07
88 1.4151e+07
66 9.44744e+06
42 4.9677e+06
85 1.36328e+07
49 5.83905e+06
68 1.0015e+07
58 7.03495e+06
32 4.06563e+06
99 1.79229e+07
59 8.56274e+06
98 1.6753e+07
46 5.4622e+06
97 1.62516e+07
56 6.51964e+06
92 1.59208e+07
60 8.7593e+06
38 4.3984e+06
29 3.9552e+06
53 6.42133e+06
86 1.36516e+07
45 5.16982e+06
45 5.16982e+06
51 6.05069e+06
41 4.95123e+06
48 5.80546e+06
57 6.64044e+06
50 5.97994e+06
44 5.04351e+06
Thế hệ thứ: 39
55 6.50235e+06
39 4.57538e+06
100 1.85008e+07
26 3.35806e+06
74 1.01482e+07
82 1.19462e+07
67 9.8972e+06
43 4.99568e+06
79 1.17929e+07
91 1.55058e+07
88 1.4151e+07
42 4.9677e+06
66 9.44744e+06
85 1.36328e+07
49 5.83905e+06
68 1.0015e+07
58 7.03495e+06
32 4.06563e+06
99 1.79229e+07
59 8.56274e+06
98 1.6753e+07
46 5.4622e+06
97 1.62516e+07
56 6.51964e+06
92 1.59208e+07
60 8.7593e+06
38 4.3984e+06
29 3.9552e+06
65 8.95924e+06
53 6.42133e+06
86 1.36516e+07
45 5.16982e+06
45 5.16982e+06
51 6.05069e+06
48 5.80546e+06
57 6.64044e+06
50 5.97994e+06
44 5.04351e+06
41 4.78603e+06
Thế hệ thứ: 40
55 6.50235e+06
39 4.57538e+06
100 1.85008e+07
26 3.35806e+06
74 1.01482e+07
52 6.26792e+06
82 1.19462e+07
67 9.8972e+06
43 4.99568e+06
79 1.17929e+07
91 1.55058e+07
88 1.4151e+07
42 4.9677e+06
66 9.44744e+06
85 1.36328e+07
49 5.83905e+06
68 1.0015e+07
58 7.03495e+06
41 4.78603e+06
32 4.06563e+06
99 1.79229e+07
59 8.56274e+06
98 1.6753e+07
46 5.4622e+06
97 1.62516e+07
56 6.51964e+06
92 1.59208e+07
60 8.7593e+06
38 4.3984e+06
29 3.9552e+06
65 8.95924e+06
53 6.42133e+06
86 1.36516e+07
45 5.16982e+06
45 5.16982e+06
51 6.05069e+06
48 5.80546e+06
57 6.64044e+06
50 5.97994e+06
44 5.04351e+06
84 1.32429e+07
40 4.78574e+06
Thế hệ thứ: 41
55 6.50235e+06
39 4.57538e+06
100 1.85008e+07
49 5.83905e+06
68 1.0015e+07
58 7.03495e+06
26 3.35806e+06
74 1.01482e+07
82 1.19462e+07
67 9.8972e+06
43 4.99568e+06
79 1.17929e+07
91 1.55058e+07
88 1.4151e+07
84 1.32429e+07
32 4.06563e+06
41 4.78603e+06
99 1.79229e+07
59 8.56274e+06
98 1.6753e+07
97 1.62516e+07
56 6.51964e+06
92 1.59208e+07
60 8.7593e+06
38 4.3984e+06
29 3.9552e+06
65 8.95924e+06
42 4.9677e+06
85 1.36328e+07
66 9.44744e+06
86 1.36516e+07
45 5.16982e+06
45 5.16982e+06
48 5.80546e+06
57 6.64044e+06
53 6.42133e+06
51 6.05069e+06
52 6.26792e+06
44 5.04351e+06
40 4.7811e+06
46 5.38078e+06
50 5.8537e+06
Thế hệ thứ: 42
68 1.0015e+07
58 7.03495e+06
26 3.35806e+06
55 6.50235e+06
39 4.57538e+06
100 1.85008e+07
74 1.01482e+07
82 1.19462e+07
67 9.8972e+06
43 4.99568e+06
79 1.17929e+07
88 1.4151e+07
84 1.32429e+07
41 4.78603e+06
32 4.06563e+06
99 1.79229e+07
98 1.6753e+07
97 1.62516e+07
56 6.51964e+06
38 4.3984e+06
29 3.9552e+06
65 8.95924e+06
42 4.9677e+06
85 1.36328e+07
66 9.44744e+06
46 5.38078e+06
86 1.36516e+07
45 5.16982e+06
45 5.16982e+06
57 6.64044e+06
53 6.42133e+06
51 6.05069e+06
44 5.04351e+06
52 6.26792e+06
50 5.8537e+06
40 4.7811e+06
49 5.77311e+06
96 1.4725e+07
60 8.4673e+06
Thế hệ thứ: 43
55 6.50235e+06
39 4.57538e+06
100 1.85008e+07
26 3.35806e+06
74 1.01482e+07
96 1.4725e+07
82 1.19462e+07
67 9.8972e+06
44 5.04351e+06
52 6.26792e+06
60 8.4673e+06
43 4.99568e+06
79 1.17929e+07
88 1.4151e+07
68 1.0015e+07
58 7.03495e+06
97 1.62516e+07
84 1.32429e+07
41 4.78603e+06
32 4.06563e+06
65 8.95924e+06
99 1.79229e+07
98 1.6753e+07
38 4.3984e+06
29 3.9552e+06
46 5.38078e+06
85 1.36328e+07
66 9.44744e+06
49 5.77311e+06
86 1.36516e+07
45 5.16982e+06
45 5.16982e+06
57 6.64044e+06
53 6.42133e+06
51 6.05069e+06
50 5.8537e+06
40 4.7811e+06
56 6.51964e+06
42 4.86662e+06
Thế hệ thứ: 44
55 6.50235e+06
39 4.57538e+06
100 1.85008e+07
26 3.35806e+06
74 1.01482e+07
96 1.4725e+07
82 1.19462e+07
67 9.8972e+06
44 5.04351e+06
52 6.26792e+06
60 8.4673e+06
43 4.99568e+06
79 1.17929e+07
88 1.4151e+07
68 1.0015e+07
58 7.03495e+06
97 1.62516e+07
84 1.32429e+07
41 4.78603e+06
32 4.06563e+06
65 8.95924e+06
99 1.79229e+07
98 1.6753e+07
38 4.3984e+06
29 3.9552e+06
46 5.38078e+06
85 1.36328e+07
66 9.44744e+06
49 5.77311e+06
86 1.36516e+07
45 5.16982e+06
45 5.16982e+06
57 6.64044e+06
53 6.42133e+06
51 6.05069e+06
42 4.86662e+06
50 5.8537e+06
40 4.7811e+06
56 6.51964e+06
54 6.43707e+06
Thế hệ thứ: 45
55 6.50235e+06
39 4.57538e+06
100 1.85008e+07
26 3.35806e+06
74 1.01482e+07
96 1.4725e+07
82 1.19462e+07
67 9.8972e+06
44 5.04351e+06
52 6.26792e+06
60 8.4673e+06
43 4.99568e+06
79 1.17929e+07
88 1.4151e+07
58 7.03495e+06
58 7.03495e+06
68 1.0015e+07
97 1.62516e+07
84 1.32429e+07
41 4.78603e+06
32 4.06563e+06
65 8.95924e+06
99 1.79229e+07
98 1.6753e+07
38 4.3984e+06
29 3.9552e+06
46 5.38078e+06
85 1.36328e+07
66 9.44744e+06
49 5.77311e+06
86 1.36516e+07
45 5.16982e+06
45 5.16982e+06
57 6.64044e+06
51 6.05069e+06
50 5.8537e+06
42 4.86662e+06
40 4.7811e+06
53 6.42133e+06
56 6.51964e+06
54 6.43707e+06
Thế hệ thứ: 46
55 6.50235e+06
39 4.57538e+06
100 1.85008e+07
26 3.35806e+06
74 1.01482e+07
96 1.4725e+07
82 1.19462e+07
67 9.8972e+06
52 6.26792e+06
44 5.04351e+06
60 8.4673e+06
43 4.99568e+06
79 1.17929e+07
88 1.4151e+07
97 1.62516e+07
37 4.39681e+06
84 1.32429e+07
41 4.78603e+06
32 4.06563e+06
65 8.95924e+06
99 1.79229e+07
98 1.6753e+07
38 4.3984e+06
29 3.9552e+06
58 7.03495e+06
58 7.03495e+06
68 1.0015e+07
46 5.38078e+06
85 1.36328e+07
66 9.44744e+06
49 5.77311e+06
86 1.36516e+07
45 5.16982e+06
45 5.16982e+06
57 6.64044e+06
51 6.05069e+06
42 4.86662e+06
50 5.8537e+06
40 4.7811e+06
56 6.51964e+06
54 6.43707e+06
53 6.32222e+06
Thế hệ thứ: 47
55 6.50235e+06
39 4.57538e+06
100 1.85008e+07
26 3.35806e+06
74 1.01482e+07
96 1.4725e+07
82 1.19462e+07
67 9.8972e+06
44 5.04351e+06
52 6.26792e+06
60 8.4673e+06
43 4.99568e+06
79 1.17929e+07
88 1.4151e+07
97 1.62516e+07
84 1.32429e+07
65 8.95924e+06
99 1.79229e+07
98 1.6753e+07
41 4.78603e+06
32 4.06563e+06
29 3.9552e+06
58 7.03495e+06
58 7.03495e+06
68 1.0015e+07
46 5.38078e+06
85 1.36328e+07
66 9.44744e+06
49 5.77311e+06
86 1.36516e+07
45 5.16982e+06
45 5.16982e+06
57 6.64044e+06
51 6.05069e+06
42 4.86662e+06
50 5.8537e+06
40 4.7811e+06
54 6.43707e+06
53 6.32222e+06
56 6.51964e+06
38 4.3937e+06
Thế hệ thứ: 48
55 6.50235e+06
39 4.57538e+06
100 1.85008e+07
26 3.35806e+06
74 1.01482e+07
96 1.4725e+07
82 1.19462e+07
67 9.8972e+06
38 4.3937e+06
44 5.04351e+06
52 6.26792e+06
60 8.4673e+06
43 4.99568e+06
79 1.17929e+07
88 1.4151e+07
97 1.62516e+07
84 1.32429e+07
41 4.78603e+06
32 4.06563e+06
65 8.95924e+06
99 1.79229e+07
98 1.6753e+07
29 3.9552e+06
58 7.03495e+06
58 7.03495e+06
68 1.0015e+07
46 5.38078e+06
85 1.36328e+07
66 9.44744e+06
49 5.77311e+06
86 1.36516e+07
45 5.16982e+06
45 5.16982e+06
57 6.64044e+06
51 6.05069e+06
42 4.86662e+06
50 5.8537e+06
40 4.7811e+06
54 6.43707e+06
53 6.32222e+06
56 6.51964e+06
Thế hệ thứ: 49
55 6.50235e+06
39 4.57538e+06
100 1.85008e+07
26 3.35806e+06
74 1.01482e+07
96 1.4725e+07
82 1.19462e+07
67 9.8972e+06
38 4.3937e+06
44 5.04351e+06
52 6.26792e+06
60 8.4673e+06
79 1.17929e+07
43 4.99568e+06
88 1.4151e+07
97 1.62516e+07
84 1.32429e+07
41 4.78603e+06
32 4.06563e+06
65 8.95924e+06
99 1.79229e+07
98 1.6753e+07
29 3.9552e+06
58 7.03495e+06
58 7.03495e+06
68 1.0015e+07
46 5.38078e+06
85 1.36328e+07
66 9.44744e+06
49 5.77311e+06
86 1.36516e+07
45 5.16982e+06
45 5.16982e+06
57 6.64044e+06
42 4.86662e+06
50 5.8537e+06
40 4.7811e+06
54 6.43707e+06
53 6.32222e+06
56 6.51964e+06
51 5.87314e+06
