Thế hệ thứ: 0
17 3.53373e+06
46 1.54483e+07
56 1.73811e+07
39 1.17087e+07
67 2.16852e+07
20 4.50336e+06
18 4.27212e+06
26 5.77527e+06
49 1.71134e+07
28 8.93623e+06
75 2.99936e+07
34 1.04826e+07
64 1.90641e+07
53 1.72553e+07
47 1.59529e+07
45 1.37311e+07
73 2.22487e+07
Thế hệ thứ: 1
26 5.77527e+06
20 4.50336e+06
17 3.53373e+06
47 1.45173e+07
73 2.22487e+07
18 4.27212e+06
56 1.73811e+07
45 1.37311e+07
64 1.90641e+07
75 2.99936e+07
67 2.16852e+07
41 1.26883e+07
12 3.19497e+06
30 8.73135e+06
43 1.33434e+07
34 1.03453e+07
48 1.50589e+07
53 1.67837e+07
39 1.10209e+07
Thế hệ thứ: 2
12 3.19497e+06
26 5.77527e+06
17 3.53373e+06
20 4.50336e+06
42 1.31388e+07
75 2.99936e+07
45 1.37311e+07
39 1.10209e+07
67 2.16852e+07
47 1.45173e+07
64 1.90641e+07
18 4.27212e+06
73 2.22487e+07
53 1.67837e+07
56 1.73811e+07
43 1.33434e+07
37 9.10593e+06
50 1.45653e+07
28 6.10124e+06
41 1.20181e+07
74 2.82804e+07
61 1.85935e+07
30 8.63556e+06
Thế hệ thứ: 3
12 3.19497e+06
61 1.85935e+07
75 2.99936e+07
42 1.31388e+07
20 4.50336e+06
17 3.53373e+06
44 1.32982e+07
74 2.82804e+07
64 1.90641e+07
41 1.20181e+07
73 2.22487e+07
18 4.27212e+06
53 1.67837e+07
47 1.45173e+07
45 1.37311e+07
39 1.10209e+07
56 1.73811e+07
67 2.16852e+07
37 9.10593e+06
50 1.45653e+07
26 5.63159e+06
30 5.95828e+06
40 1.17918e+07
23 4.51464e+06
Thế hệ thứ: 4
75 2.99936e+07
20 4.50336e+06
12 3.19497e+06
26 5.63159e+06
61 1.85935e+07
65 2.14415e+07
50 1.45653e+07
17 3.53373e+06
74 2.82804e+07
64 1.90641e+07
45 1.37311e+07
41 1.20181e+07
18 4.27212e+06
73 2.22487e+07
39 1.10209e+07
67 2.16852e+07
37 9.10593e+06
30 5.95828e+06
23 4.51464e+06
44 1.25273e+07
47 1.40391e+07
32 8.56219e+06
60 1.66231e+07
24 5.27578e+06
38 9.88146e+06
40 1.1063e+07
Thế hệ thứ: 5
20 4.50336e+06
75 2.99936e+07
44 1.25273e+07
40 1.1063e+07
12 3.19497e+06
38 9.88146e+06
61 1.85935e+07
69 2.13798e+07
50 1.45653e+07
17 3.53373e+06
37 9.10593e+06
74 2.82804e+07
64 1.90641e+07
32 8.56219e+06
24 5.27578e+06
73 2.22487e+07
18 4.27212e+06
30 5.95828e+06
39 1.10209e+07
60 1.66231e+07
23 4.51464e+06
65 2.03448e+07
47 1.31324e+07
26 5.47951e+06
42 1.14669e+07
25 5.34495e+06
57 1.62965e+07
Thế hệ thứ: 6
32 8.56219e+06
75 2.99936e+07
20 4.50336e+06
64 1.90641e+07
57 1.62965e+07
39 1.10209e+07
60 1.66231e+07
26 5.47951e+06
37 9.10593e+06
40 1.1063e+07
12 3.19497e+06
24 5.27578e+06
61 1.85935e+07
47 1.31324e+07
23 4.51464e+06
69 2.13798e+07
18 4.27212e+06
73 2.22487e+07
50 1.45653e+07
17 3.53373e+06
65 2.03448e+07
30 5.95828e+06
25 5.34495e+06
74 2.82804e+07
42 1.14669e+07
31 8.46938e+06
35 8.79201e+06
45 1.1559e+07
38 9.51913e+06
Thế hệ thứ: 7
38 9.51913e+06
12 3.19497e+06
35 8.79201e+06
20 4.50336e+06
75 2.99936e+07
64 1.90641e+07
30 5.95828e+06
39 1.09554e+07
23 4.51464e+06
18 4.27212e+06
73 2.22487e+07
57 1.62965e+07
69 2.13798e+07
61 1.85935e+07
50 1.45653e+07
47 1.31324e+07
60 1.66231e+07
37 9.10593e+06
26 5.47951e+06
17 3.53373e+06
40 1.1063e+07
25 5.34495e+06
74 2.82804e+07
42 1.14669e+07
45 1.1559e+07
67 1.91772e+07
33 7.15813e+06
24 4.8127e+06
51 1.57316e+07
Thế hệ thứ: 8
38 9.51913e+06
12 3.19497e+06
61 1.56634e+07
75 2.99936e+07
20 4.50336e+06
33 7.15813e+06
37 9.10593e+06
26 5.47951e+06
17 3.53373e+06
30 5.95828e+06
25 5.34495e+06
23 4.51464e+06
64 1.87072e+07
73 2.22487e+07
18 4.27212e+06
74 2.82804e+07
69 2.13798e+07
50 1.45653e+07
47 1.31324e+07
67 1.91772e+07
24 4.8127e+06
35 7.54056e+06
45 1.03155e+07
Thế hệ thứ: 9
23 4.51464e+06
38 9.51913e+06
12 3.19497e+06
20 4.50336e+06
61 1.56634e+07
75 2.99936e+07
18 4.27212e+06
64 1.87072e+07
73 2.22487e+07
74 2.82804e+07
17 3.53373e+06
47 1.31324e+07
67 1.91772e+07
30 5.95828e+06
45 1.03155e+07
69 2.13798e+07
24 4.8127e+06
53 1.42022e+07
26 5.09988e+06
40 1.00471e+07
37 6.98378e+06
33 6.7613e+06
Thế hệ thứ: 10
64 1.87072e+07
73 2.22487e+07
37 6.98378e+06
18 4.27212e+06
38 9.51913e+06
12 3.19497e+06
23 4.51464e+06
69 2.13798e+07
75 2.99936e+07
61 1.56634e+07
20 4.50336e+06
47 1.31324e+07
30 5.95828e+06
67 1.91772e+07
26 5.09988e+06
53 1.42022e+07
27 5.8588e+06
17 3.53373e+06
40 1.00471e+07
45 1.03155e+07
24 4.8127e+06
74 2.82804e+07
32 6.08355e+06
33 6.63482e+06
19 4.3704e+06
46 1.25875e+07
Thế hệ thứ: 11
73 2.22487e+07
64 1.87072e+07
37 6.98378e+06
18 4.27212e+06
46 1.25875e+07
12 3.19497e+06
45 1.03155e+07
23 4.51464e+06
69 2.13798e+07
61 1.56634e+07
75 2.99936e+07
20 4.50336e+06
32 6.08355e+06
30 5.95828e+06
24 4.8127e+06
67 1.91772e+07
26 5.09988e+06
19 4.3704e+06
17 3.53373e+06
74 2.82804e+07
33 6.63482e+06
54 1.36373e+07
47 1.25942e+07
27 5.52094e+06
40 9.49121e+06
48 1.32147e+07
38 8.77304e+06
Thế hệ thứ: 12
64 1.87072e+07
73 2.22487e+07
37 6.98378e+06
18 4.27212e+06
46 1.25875e+07
33 6.63482e+06
12 3.19497e+06
38 8.77304e+06
48 1.32147e+07
67 1.91772e+07
26 5.09988e+06
75 2.51945e+07
45 1.03155e+07
69 2.13798e+07
47 1.25942e+07
30 5.95828e+06
23 4.51464e+06
19 4.3704e+06
61 1.56634e+07
40 9.49121e+06
20 4.50336e+06
17 3.53373e+06
32 6.08355e+06
27 5.52094e+06
24 4.8127e+06
54 1.36373e+07
31 5.99982e+06
28 5.52755e+06
62 1.78646e+07
Thế hệ thứ: 13
73 2.22487e+07
64 1.87072e+07
37 6.98378e+06
18 4.27212e+06
46 1.25875e+07
33 6.63482e+06
20 4.50336e+06
31 5.99982e+06
12 3.19497e+06
38 8.77304e+06
67 1.91772e+07
48 1.32147e+07
19 4.3704e+06
26 5.09988e+06
45 1.03155e+07
75 2.51945e+07
24 4.8127e+06
17 3.53373e+06
47 1.25942e+07
69 2.13798e+07
30 5.95828e+06
62 1.78646e+07
32 6.08355e+06
23 4.51464e+06
27 5.52094e+06
54 1.36373e+07
28 5.52755e+06
61 1.56634e+07
40 9.49121e+06
33 6.63482e+06
Thế hệ thứ: 14
64 1.87072e+07
73 2.22487e+07
37 6.98378e+06
69 2.13798e+07
47 1.25942e+07
46 1.25875e+07
17 3.53373e+06
33 6.63482e+06
20 4.50336e+06
19 4.3704e+06
40 9.49121e+06
31 5.99982e+06
33 6.63482e+06
33 6.63482e+06
12 3.19497e+06
38 8.77304e+06
48 1.32147e+07
67 1.91772e+07
30 5.95828e+06
62 1.78646e+07
26 5.09988e+06
32 6.08355e+06
23 4.51464e+06
75 2.51945e+07
45 1.03155e+07
61 1.56634e+07
24 4.8127e+06
54 1.36373e+07
28 5.52755e+06
27 5.31817e+06
18 4.05093e+06
41 9.73675e+06
Thế hệ thứ: 15
18 4.05093e+06
26 5.09988e+06
73 2.22487e+07
64 1.87072e+07
37 6.98378e+06
46 1.25875e+07
69 2.13798e+07
47 1.25942e+07
32 6.08355e+06
17 3.53373e+06
23 4.51464e+06
33 6.63482e+06
67 1.91772e+07
48 1.32147e+07
20 4.50336e+06
19 4.3704e+06
40 9.49121e+06
31 5.99982e+06
33 6.63482e+06
33 6.63482e+06
41 9.73675e+06
24 4.8127e+06
12 3.19497e+06
75 2.51945e+07
45 1.03155e+07
38 8.77304e+06
61 1.56634e+07
30 5.95828e+06
27 5.31817e+06
54 1.36373e+07
62 1.78646e+07
34 6.84274e+06
81 2.854e+07
29 5.52667e+06
Thế hệ thứ: 16
69 2.13798e+07
47 1.25942e+07
64 1.87072e+07
73 2.22487e+07
37 6.98378e+06
26 5.09988e+06
18 4.05093e+06
17 3.53373e+06
81 2.854e+07
46 1.25875e+07
27 5.31817e+06
75 2.51945e+07
45 1.03155e+07
31 5.99982e+06
32 6.08355e+06
29 5.52667e+06
23 4.51464e+06
33 6.63482e+06
54 1.36373e+07
48 1.32147e+07
67 1.91772e+07
20 4.50336e+06
19 4.3704e+06
40 9.49121e+06
38 8.77304e+06
33 6.63482e+06
33 6.63482e+06
62 1.78646e+07
24 4.8127e+06
41 9.73675e+06
61 1.56634e+07
12 3.19497e+06
30 5.91811e+06
77 2.69786e+07
34 6.78276e+06
Thế hệ thứ: 17
69 2.13798e+07
47 1.25942e+07
12 3.19497e+06
48 1.32147e+07
67 1.91772e+07
20 4.50336e+06
37 6.98378e+06
37 6.98378e+06
73 2.22487e+07
64 1.87072e+07
19 4.3704e+06
26 5.09988e+06
40 9.49121e+06
45 1.03155e+07
30 5.91811e+06
18 4.05093e+06
38 8.77304e+06
81 2.854e+07
17 3.53373e+06
46 1.25875e+07
33 6.63482e+06
33 6.63482e+06
27 5.31817e+06
41 9.73675e+06
31 5.99982e+06
32 6.08355e+06
29 5.52667e+06
77 2.69786e+07
23 4.51464e+06
34 6.78276e+06
33 6.63482e+06
54 1.36373e+07
61 1.56634e+07
62 1.64591e+07
76 2.49454e+07
28 5.51395e+06
43 1.0147e+07
25 4.79556e+06
Thế hệ thứ: 18
25 4.79556e+06
69 2.13798e+07
47 1.25942e+07
48 1.32147e+07
67 1.91772e+07
12 3.19497e+06
20 4.50336e+06
32 6.08355e+06
73 2.22487e+07
64 1.87072e+07
37 6.98378e+06
37 6.98378e+06
29 5.52667e+06
19 4.3704e+06
26 5.09988e+06
28 5.51395e+06
43 1.0147e+07
40 9.49121e+06
61 1.56634e+07
45 1.03155e+07
23 4.51464e+06
18 4.05093e+06
38 8.77304e+06
34 6.78276e+06
17 3.53373e+06
81 2.854e+07
46 1.25875e+07
27 5.27914e+06
33 6.63482e+06
33 6.63482e+06
33 6.63482e+06
76 2.49454e+07
41 9.73675e+06
54 1.36373e+07
68 2.10768e+07
62 1.63536e+07
80 2.57641e+07
31 5.86678e+06
49 1.33177e+07
74 2.35507e+07
Thế hệ thứ: 19
80 2.57641e+07
62 1.63536e+07
68 2.10768e+07
46 1.25875e+07
69 2.13798e+07
47 1.25942e+07
25 4.79556e+06
31 5.86678e+06
67 1.91772e+07
40 9.04833e+06
41 9.73675e+06
12 3.19497e+06
54 1.36373e+07
76 2.49454e+07
20 4.50336e+06
33 6.63482e+06
32 6.08355e+06
27 5.27914e+06
33 6.63482e+06
33 6.63482e+06
38 8.77304e+06
37 6.98378e+06
37 6.98378e+06
73 2.22487e+07
64 1.87072e+07
29 5.52667e+06
19 4.3704e+06
26 5.09988e+06
28 5.51395e+06
43 1.0147e+07
23 4.51464e+06
61 1.56634e+07
34 6.78276e+06
74 2.35507e+07
81 2.854e+07
17 3.53373e+06
45 1.03155e+07
18 4.05093e+06
51 1.27915e+07
Thế hệ thứ: 20
46 1.25875e+07
68 2.10768e+07
25 4.79556e+06
62 1.63536e+07
28 5.51395e+06
80 2.57641e+07
43 1.0147e+07
18 4.05093e+06
17 3.53373e+06
81 2.854e+07
74 2.35507e+07
23 4.51464e+06
47 1.25942e+07
69 2.13798e+07
33 6.63482e+06
31 5.86678e+06
67 1.91772e+07
40 9.04833e+06
41 9.73675e+06
45 1.03155e+07
61 1.56634e+07
12 3.19497e+06
54 1.36373e+07
76 2.49454e+07
20 4.50336e+06
34 6.78276e+06
51 1.27915e+07
32 6.08355e+06
27 5.27914e+06
33 6.63482e+06
33 6.63482e+06
38 8.77304e+06
73 2.22487e+07
64 1.87072e+07
37 6.98378e+06
37 6.98378e+06
29 5.52667e+06
19 4.3704e+06
26 5.09988e+06
71 2.1409e+07
Thế hệ thứ: 21
25 4.79556e+06
68 2.10768e+07
46 1.25875e+07
28 5.51395e+06
62 1.63536e+07
12 3.19497e+06
18 4.05093e+06
37 6.98378e+06
37 6.98378e+06
73 2.22487e+07
64 1.87072e+07
67 1.91772e+07
40 9.04833e+06
80 2.57641e+07
43 1.0147e+07
41 9.73675e+06
61 1.56634e+07
74 2.35507e+07
81 2.854e+07
17 3.53373e+06
23 4.51464e+06
69 2.13798e+07
47 1.25942e+07
45 1.03155e+07
33 6.63482e+06
31 5.86678e+06
54 1.36373e+07
76 2.49454e+07
20 4.50336e+06
34 6.78276e+06
51 1.27915e+07
32 6.08355e+06
33 6.63482e+06
33 6.63482e+06
27 5.27914e+06
38 8.77304e+06
29 5.52667e+06
19 4.3704e+06
26 5.09988e+06
71 2.1409e+07
63 1.7608e+07
52 1.27954e+07
35 6.79839e+06
Thế hệ thứ: 22
46 1.25875e+07
63 1.7608e+07
52 1.27954e+07
52 1.27954e+07
68 2.10768e+07
25 4.79556e+06
34 6.78276e+06
12 3.19497e+06
62 1.63536e+07
28 5.51395e+06
51 1.27915e+07
18 4.05093e+06
73 2.22487e+07
64 1.87072e+07
37 6.98378e+06
37 6.98378e+06
43 1.0147e+07
35 6.79839e+06
32 6.08355e+06
27 5.27914e+06
67 1.91772e+07
40 9.04833e+06
80 2.57641e+07
38 8.77304e+06
29 5.52667e+06
41 9.73675e+06
19 4.3704e+06
26 5.09988e+06
61 1.56634e+07
33 6.54108e+06
17 3.53373e+06
81 2.854e+07
74 2.35507e+07
71 2.1409e+07
23 4.51464e+06
47 1.25942e+07
69 2.13798e+07
45 1.03155e+07
31 5.86678e+06
54 1.36373e+07
76 2.49454e+07
20 4.50336e+06
Thế hệ thứ: 23
25 4.79556e+06
63 1.7608e+07
52 1.27954e+07
52 1.27954e+07
68 2.10768e+07
46 1.25875e+07
33 6.54108e+06
74 2.35507e+07
17 3.53373e+06
81 2.854e+07
34 6.78276e+06
12 3.19497e+06
62 1.63536e+07
28 5.51395e+06
51 1.27915e+07
71 2.1409e+07
23 4.51464e+06
69 2.13798e+07
47 1.25942e+07
18 4.05093e+06
45 1.03155e+07
37 6.98378e+06
37 6.98378e+06
73 2.22487e+07
64 1.87072e+07
43 1.0147e+07
35 6.79839e+06
32 6.08355e+06
27 5.27914e+06
31 5.86678e+06
54 1.36373e+07
76 2.49454e+07
67 1.91772e+07
40 9.04833e+06
20 4.50336e+06
80 2.57641e+07
38 8.77304e+06
29 5.52667e+06
41 9.73675e+06
19 4.3704e+06
26 5.09988e+06
61 1.56634e+07
Thế hệ thứ: 24
46 1.25875e+07
63 1.7608e+07
52 1.27954e+07
52 1.27954e+07
68 2.10768e+07
25 4.79556e+06
81 2.854e+07
17 3.53373e+06
74 2.35507e+07
33 6.54108e+06
54 1.36373e+07
61 1.56634e+07
76 2.49454e+07
67 1.91772e+07
40 9.04833e+06
34 6.78276e+06
12 3.19497e+06
62 1.63536e+07
28 5.51395e+06
51 1.27915e+07
71 2.1409e+07
23 4.51464e+06
47 1.25942e+07
69 2.13798e+07
80 2.57641e+07
38 8.77304e+06
29 5.52667e+06
18 4.05093e+06
45 1.03155e+07
41 9.73675e+06
36 6.93116e+06
19 4.3704e+06
37 6.98378e+06
37 6.98378e+06
66 1.85256e+07
73 2.22487e+07
43 1.0147e+07
35 6.79839e+06
32 6.08355e+06
27 5.27914e+06
31 5.86678e+06
26 5.09988e+06
82 2.97457e+07
20 4.38911e+06
Thế hệ thứ: 25
28 5.51395e+06
25 4.79556e+06
63 1.7608e+07
52 1.27954e+07
52 1.27954e+07
68 2.10768e+07
31 5.86678e+06
81 2.854e+07
33 6.54108e+06
74 2.35507e+07
17 3.53373e+06
26 5.09988e+06
54 1.36373e+07
61 1.56634e+07
76 2.49454e+07
67 1.91772e+07
40 9.04833e+06
27 5.27914e+06
38 8.77304e+06
34 6.78276e+06
20 4.38911e+06
12 3.19497e+06
62 1.63536e+07
32 6.08355e+06
51 1.27915e+07
71 2.1409e+07
23 4.51464e+06
69 2.13798e+07
80 2.57641e+07
29 5.52667e+06
18 4.05093e+06
45 1.03155e+07
41 9.73675e+06
19 4.3704e+06
36 6.93116e+06
35 6.79839e+06
73 2.22487e+07
37 6.98378e+06
37 6.98378e+06
66 1.85256e+07
43 1.0147e+07
83 2.93628e+07
48 1.05491e+07
Thế hệ thứ: 26
17 3.53373e+06
74 2.35507e+07
33 6.54108e+06
23 4.51464e+06
63 1.7608e+07
52 1.27954e+07
52 1.27954e+07
25 4.79556e+06
69 2.13798e+07
43 1.0147e+07
31 5.86678e+06
40 9.04833e+06
67 1.91772e+07
73 2.22487e+07
66 1.85256e+07
37 6.98378e+06
37 6.98378e+06
26 5.09988e+06
54 1.36373e+07
61 1.56634e+07
76 2.49454e+07
18 4.05093e+06
27 5.27914e+06
38 8.77304e+06
80 2.57641e+07
29 5.52667e+06
48 1.05491e+07
34 6.78276e+06
20 4.38911e+06
35 6.79839e+06
12 3.19497e+06
62 1.63536e+07
32 6.08355e+06
51 1.27915e+07
45 1.03155e+07
19 4.3704e+06
36 6.93116e+06
71 2.1409e+07
41 9.73675e+06
68 1.96725e+07
85 2.61169e+07
28 5.33804e+06
Thế hệ thứ: 27
17 3.53373e+06
74 2.35507e+07
33 6.54108e+06
20 4.38911e+06
32 6.08355e+06
48 1.05491e+07
34 6.78276e+06
23 4.51464e+06
52 1.27954e+07
52 1.27954e+07
63 1.7608e+07
35 6.79839e+06
25 4.79556e+06
12 3.19497e+06
69 2.13798e+07
62 1.63536e+07
68 1.96725e+07
43 1.0147e+07
31 5.86678e+06
40 9.04833e+06
67 1.91772e+07
28 5.33804e+06
41 9.73675e+06
66 1.85256e+07
37 6.98378e+06
37 6.98378e+06
37 6.98378e+06
73 2.22487e+07
26 5.09988e+06
54 1.36373e+07
61 1.56634e+07
76 2.49454e+07
71 2.1409e+07
18 4.05093e+06
19 4.3704e+06
36 6.93116e+06
27 5.27914e+06
45 1.03155e+07
51 1.27915e+07
38 8.77304e+06
80 2.57641e+07
29 5.52667e+06
85 2.61169e+07
Thế hệ thứ: 28
17 3.53373e+06
74 2.35507e+07
33 6.54108e+06
32 6.08355e+06
20 4.38911e+06
34 6.78276e+06
48 1.05491e+07
18 4.05093e+06
23 4.51464e+06
36 6.93116e+06
19 4.3704e+06
63 1.7608e+07
52 1.27954e+07
52 1.27954e+07
35 6.79839e+06
25 4.79556e+06
12 3.19497e+06
85 2.61169e+07
27 5.04194e+06
69 2.13798e+07
62 1.63536e+07
68 1.96725e+07
43 1.0147e+07
31 5.86678e+06
29 5.52667e+06
80 2.57641e+07
45 1.03155e+07
38 8.77304e+06
40 9.04833e+06
67 1.91772e+07
41 9.73675e+06
28 5.33804e+06
73 2.22487e+07
66 1.85256e+07
37 6.98378e+06
37 6.98378e+06
37 6.98378e+06
54 1.36373e+07
61 1.56634e+07
76 2.49454e+07
51 1.27915e+07
71 2.1409e+07
89 3.14188e+07
21 4.38975e+06
Thế hệ thứ: 29
17 3.53373e+06
74 2.35507e+07
33 6.54108e+06
20 4.38911e+06
32 6.08355e+06
66 1.85256e+07
73 2.22487e+07
34 6.78276e+06
48 1.05491e+07
71 2.1409e+07
18 4.05093e+06
23 4.51464e+06
19 4.3704e+06
36 6.93116e+06
85 2.61169e+07
89 3.14188e+07
52 1.27954e+07
52 1.27954e+07
63 1.7608e+07
29 5.52667e+06
21 4.38975e+06
35 6.79839e+06
54 1.36373e+07
25 4.79556e+06
80 2.42491e+07
12 3.19497e+06
69 2.13798e+07
27 5.04194e+06
61 1.56634e+07
62 1.63536e+07
68 1.96725e+07
43 1.0147e+07
51 1.27915e+07
31 5.86678e+06
45 1.03155e+07
38 8.77304e+06
40 9.04833e+06
67 1.91772e+07
28 5.33804e+06
41 9.73675e+06
50 1.12098e+07
37 6.98033e+06
Thế hệ thứ: 30
85 2.61169e+07
89 3.14188e+07
37 6.98033e+06
17 3.53373e+06
74 2.35507e+07
20 4.38911e+06
27 5.04194e+06
66 1.85256e+07
73 2.22487e+07
61 1.56634e+07
62 1.63536e+07
50 1.12098e+07
48 1.05491e+07
34 6.78276e+06
71 2.1409e+07
43 1.0147e+07
18 4.05093e+06
28 5.33804e+06
41 9.73675e+06
23 4.51464e+06
36 6.93116e+06
19 4.3704e+06
63 1.7608e+07
52 1.27954e+07
52 1.27954e+07
67 1.91772e+07
40 9.04833e+06
51 1.27915e+07
21 4.38975e+06
29 5.52667e+06
35 6.79839e+06
54 1.36373e+07
38 8.77304e+06
25 4.79556e+06
45 1.03155e+07
80 2.42491e+07
12 3.19497e+06
31 5.86678e+06
68 1.96725e+07
33 6.03292e+06
70 2.05752e+07
Thế hệ thứ: 31
85 2.61169e+07
89 3.14188e+07
17 3.53373e+06
74 2.35507e+07
37 6.98033e+06
52 1.27954e+07
52 1.27954e+07
63 1.7608e+07
20 4.38911e+06
31 5.86678e+06
67 1.91772e+07
40 9.04833e+06
27 5.04194e+06
66 1.85256e+07
73 2.22487e+07
51 1.27915e+07
29 5.52667e+06
21 4.38975e+06
61 1.56634e+07
62 1.63536e+07
35 6.79839e+06
50 1.12098e+07
12 3.19497e+06
80 2.42491e+07
54 1.36373e+07
48 1.05491e+07
71 2.1409e+07
45 1.03155e+07
25 4.79556e+06
18 4.05093e+06
41 9.73675e+06
28 5.33804e+06
23 4.51464e+06
19 4.3704e+06
36 6.93116e+06
38 8.77304e+06
68 1.96725e+07
33 6.03292e+06
70 2.05752e+07
44 9.88769e+06
32 6.00847e+06
34 6.5405e+06
Thế hệ thứ: 32
85 2.61169e+07
89 3.14188e+07
45 1.03155e+07
37 6.98033e+06
44 9.88769e+06
17 3.53373e+06
74 2.35507e+07
63 1.7608e+07
52 1.27954e+07
52 1.27954e+07
20 4.38911e+06
31 5.86678e+06
67 1.91772e+07
40 9.04833e+06
70 2.05752e+07
27 5.04194e+06
25 4.79556e+06
18 4.05093e+06
66 1.85256e+07
73 2.22487e+07
32 6.00847e+06
34 6.5405e+06
28 5.33804e+06
41 9.73675e+06
51 1.27915e+07
21 4.38975e+06
29 5.52667e+06
23 4.51464e+06
61 1.56634e+07
62 1.63536e+07
36 6.93116e+06
19 4.3704e+06
35 6.79839e+06
38 8.77304e+06
50 1.12098e+07
12 3.19497e+06
80 2.42491e+07
54 1.36373e+07
68 1.96725e+07
33 6.03292e+06
48 1.05491e+07
71 2.1409e+07
87 2.71383e+07
43 9.86058e+06
Thế hệ thứ: 33
85 2.61169e+07
70 1.92019e+07
44 9.88769e+06
17 3.53373e+06
74 2.35507e+07
37 6.98033e+06
45 1.03155e+07
36 6.93116e+06
19 4.3704e+06
12 3.19497e+06
80 2.42491e+07
52 1.27954e+07
52 1.27954e+07
63 1.7608e+07
20 4.38911e+06
31 5.86678e+06
67 1.91772e+07
40 9.04833e+06
50 1.12098e+07
35 6.79839e+06
27 5.04194e+06
48 1.05491e+07
25 4.79556e+06
18 4.05093e+06
33 6.03292e+06
66 1.85256e+07
73 2.22487e+07
71 2.1409e+07
51 1.27915e+07
87 2.71383e+07
43 9.86058e+06
32 6.00847e+06
34 6.5405e+06
41 9.73675e+06
28 5.33804e+06
54 1.36373e+07
29 5.52667e+06
21 4.38975e+06
38 8.77304e+06
23 4.51464e+06
61 1.56634e+07
62 1.63536e+07
90 2.96972e+07
Thế hệ thứ: 34
36 6.93116e+06
19 4.3704e+06
85 2.61169e+07
51 1.27915e+07
87 2.71383e+07
70 1.92019e+07
44 9.88769e+06
17 3.53373e+06
74 2.35507e+07
43 9.86058e+06
37 6.98033e+06
45 1.03155e+07
32 6.00847e+06
50 1.12098e+07
12 3.19497e+06
80 2.42491e+07
63 1.7608e+07
52 1.27954e+07
52 1.27954e+07
34 6.5405e+06
90 2.96972e+07
20 4.38911e+06
31 5.86678e+06
67 1.91772e+07
40 9.04833e+06
28 5.33804e+06
41 9.73675e+06
35 6.79839e+06
54 1.36373e+07
27 5.04194e+06
21 4.38975e+06
29 5.52667e+06
48 1.05491e+07
38 8.77304e+06
25 4.79556e+06
18 4.05093e+06
23 4.51464e+06
33 6.03292e+06
73 2.22487e+07
66 1.85256e+07
61 1.56634e+07
62 1.63536e+07
71 2.1409e+07
55 1.3919e+07
Thế hệ thứ: 35
36 6.93116e+06
19 4.3704e+06
21 4.38975e+06
29 5.52667e+06
48 1.05491e+07
85 2.61169e+07
51 1.27915e+07
87 2.71383e+07
74 2.35507e+07
17 3.53373e+06
44 9.88769e+06
70 1.92019e+07
38 8.77304e+06
43 9.86058e+06
25 4.79556e+06
18 4.05093e+06
23 4.51464e+06
33 6.03292e+06
37 6.98033e+06
45 1.03155e+07
32 6.00847e+06
73 2.22487e+07
50 1.12098e+07
12 3.19497e+06
80 2.42491e+07
52 1.27954e+07
52 1.27954e+07
61 1.56634e+07
34 6.5405e+06
90 2.96972e+07
62 1.63536e+07
20 4.38911e+06
31 5.86678e+06
55 1.3919e+07
40 9.04833e+06
41 9.73675e+06
35 6.79839e+06
71 2.1409e+07
54 1.36373e+07
27 5.04194e+06
28 5.15861e+06
67 1.67351e+07
69 1.88176e+07
56 1.54209e+07
Thế hệ thứ: 36
51 1.27915e+07
87 2.71383e+07
62 1.63536e+07
36 6.93116e+06
19 4.3704e+06
31 5.86678e+06
21 4.38975e+06
29 5.52667e+06
20 4.38911e+06
48 1.05491e+07
40 9.04833e+06
55 1.3919e+07
85 2.61169e+07
69 1.88176e+07
33 6.03292e+06
67 1.67351e+07
70 1.92019e+07
44 9.88769e+06
17 3.53373e+06
38 8.77304e+06
43 9.86058e+06
25 4.79556e+06
18 4.05093e+06
23 4.51464e+06
41 9.73675e+06
35 6.79839e+06
37 6.98033e+06
71 2.1409e+07
54 1.36373e+07
45 1.03155e+07
32 6.00847e+06
27 5.04194e+06
73 2.22487e+07
50 1.12098e+07
12 3.19497e+06
80 2.42491e+07
52 1.27954e+07
52 1.27954e+07
28 5.15861e+06
56 1.54209e+07
61 1.56634e+07
34 6.5405e+06
90 2.96972e+07
77 2.41142e+07
76 2.32718e+07
59 1.55335e+07
Thế hệ thứ: 37
51 1.27915e+07
87 2.71383e+07
36 6.93116e+06
19 4.3704e+06
59 1.55335e+07
62 1.63536e+07
12 3.19497e+06
31 5.86678e+06
29 5.52667e+06
21 4.38975e+06
52 1.27954e+07
52 1.27954e+07
20 4.38911e+06
48 1.05491e+07
55 1.3919e+07
40 9.04833e+06
85 2.61169e+07
69 1.88176e+07
33 6.03292e+06
28 5.15861e+06
56 1.54209e+07
17 3.53373e+06
44 9.88769e+06
70 1.92019e+07
67 1.67351e+07
61 1.56634e+07
38 8.77304e+06
34 6.5405e+06
43 9.86058e+06
25 4.79556e+06
18 4.05093e+06
23 4.51464e+06
90 2.96972e+07
41 9.73675e+06
35 6.79839e+06
37 6.98033e+06
71 2.1409e+07
54 1.36373e+07
45 1.03155e+07
32 6.00847e+06
27 5.04194e+06
73 2.22487e+07
50 1.12098e+07
76 2.32718e+07
83 2.40889e+07
Thế hệ thứ: 38
87 2.71383e+07
59 1.55335e+07
36 6.93116e+06
19 4.3704e+06
32 6.00847e+06
27 5.04194e+06
73 2.22487e+07
35 6.79839e+06
62 1.63536e+07
50 1.12098e+07
12 3.19497e+06
31 5.86678e+06
21 4.38975e+06
29 5.52667e+06
83 2.40889e+07
37 6.98033e+06
52 1.27954e+07
52 1.27954e+07
76 2.32718e+07
48 1.05491e+07
40 9.04833e+06
55 1.3919e+07
85 2.61169e+07
69 1.88176e+07
33 6.03292e+06
28 5.15861e+06
56 1.54209e+07
67 1.67351e+07
70 1.92019e+07
44 9.88769e+06
17 3.53373e+06
45 1.03155e+07
61 1.56634e+07
38 8.77304e+06
34 6.5405e+06
71 2.1409e+07
43 9.86058e+06
25 4.79556e+06
18 4.05093e+06
23 4.51464e+06
90 2.96972e+07
51 1.2376e+07
54 1.36373e+07
41 9.73675e+06
20 4.38751e+06
Thế hệ thứ: 39
61 1.56634e+07
87 2.71383e+07
38 8.77304e+06
19 4.3704e+06
59 1.55335e+07
32 6.00847e+06
90 2.96972e+07
27 5.04194e+06
73 2.22487e+07
83 2.40889e+07
37 6.98033e+06
62 1.63536e+07
50 1.12098e+07
71 2.1409e+07
23 4.51464e+06
12 3.19497e+06
20 4.38751e+06
54 1.36373e+07
51 1.2376e+07
36 6.58678e+06
18 4.05093e+06
31 5.86678e+06
29 5.52667e+06
21 4.38975e+06
52 1.27954e+07
52 1.27954e+07
76 2.32718e+07
41 9.73675e+06
25 4.79556e+06
48 1.05491e+07
55 1.3919e+07
40 9.04833e+06
85 2.61169e+07
69 1.88176e+07
43 9.86058e+06
33 6.03292e+06
28 5.15861e+06
56 1.54209e+07
17 3.53373e+06
44 9.88769e+06
70 1.92019e+07
67 1.67351e+07
45 1.03155e+07
35 6.47624e+06
93 2.99789e+07
34 6.42436e+06
Thế hệ thứ: 40
55 1.3919e+07
40 9.04833e+06
19 4.3704e+06
61 1.56634e+07
69 1.88176e+07
85 2.61169e+07
87 2.71383e+07
38 8.77304e+06
18 3.87071e+06
43 9.86058e+06
33 6.03292e+06
93 2.99789e+07
28 5.15861e+06
56 1.54209e+07
77 2.28463e+07
67 1.67351e+07
70 1.92019e+07
44 9.88769e+06
17 3.53373e+06
23 4.51464e+06
59 1.55335e+07
32 6.00847e+06
90 2.96972e+07
27 5.04194e+06
73 2.22487e+07
37 6.98033e+06
83 2.40889e+07
62 1.63536e+07
50 1.12098e+07
71 2.1409e+07
20 4.38751e+06
12 3.19497e+06
51 1.2376e+07
54 1.36373e+07
45 1.03155e+07
36 6.58678e+06
31 5.86678e+06
48 1.05491e+07
35 6.47624e+06
21 4.38975e+06
29 5.52667e+06
52 1.27954e+07
52 1.27954e+07
34 6.42436e+06
41 9.73675e+06
25 4.79556e+06
Thế hệ thứ: 41
19 4.3704e+06
55 1.3919e+07
40 9.04833e+06
61 1.56634e+07
45 1.03155e+07
85 2.61169e+07
69 1.88176e+07
25 4.79556e+06
36 6.58678e+06
31 5.86678e+06
87 2.71383e+07
35 6.47624e+06
48 1.05491e+07
38 8.77304e+06
18 3.87071e+06
33 6.03292e+06
29 5.52667e+06
21 4.38975e+06
52 1.27954e+07
52 1.27954e+07
28 5.15861e+06
93 2.99789e+07
56 1.54209e+07
17 3.53373e+06
44 9.88769e+06
70 1.92019e+07
67 1.67351e+07
77 2.28463e+07
23 4.51464e+06
59 1.55335e+07
32 6.00847e+06
90 2.96972e+07
27 5.04194e+06
73 2.22487e+07
83 2.40889e+07
37 6.98033e+06
62 1.63536e+07
50 1.12098e+07
34 6.42436e+06
71 2.1409e+07
12 3.19497e+06
20 4.38751e+06
41 9.73675e+06
54 1.36373e+07
51 1.2376e+07
43 9.7369e+06
Thế hệ thứ: 42
55 1.3919e+07
40 9.04833e+06
19 4.3704e+06
54 1.36373e+07
51 1.2376e+07
45 1.03155e+07
61 1.56634e+07
69 1.88176e+07
85 2.61169e+07
25 4.79556e+06
41 9.73675e+06
12 3.19497e+06
20 4.38751e+06
62 1.63536e+07
36 6.58678e+06
71 2.1409e+07
31 5.86678e+06
83 2.40889e+07
37 6.98033e+06
27 5.04194e+06
35 6.47624e+06
48 1.05491e+07
73 2.22487e+07
38 8.77304e+06
18 3.87071e+06
33 6.03292e+06
21 4.38975e+06
29 5.52667e+06
52 1.27954e+07
52 1.27954e+07
93 2.99789e+07
28 5.15861e+06
56 1.54209e+07
34 6.42436e+06
77 2.28463e+07
67 1.67351e+07
70 1.92019e+07
44 9.88769e+06
17 3.53373e+06
23 4.51464e+06
50 1.12098e+07
59 1.55335e+07
32 6.00847e+06
90 2.96972e+07
43 9.7369e+06
88 2.62392e+07
79 2.35772e+07
Thế hệ thứ: 43
55 1.3919e+07
40 9.04833e+06
45 1.03155e+07
54 1.36373e+07
51 1.2376e+07
77 2.28463e+07
70 1.92019e+07
44 9.88769e+06
17 3.53373e+06
67 1.67351e+07
61 1.56634e+07
69 1.88176e+07
32 6.00847e+06
59 1.55335e+07
85 2.61169e+07
20 4.03345e+06
25 4.79556e+06
41 9.73675e+06
50 1.12098e+07
12 3.19497e+06
23 4.51464e+06
62 1.63536e+07
36 6.58678e+06
71 2.1409e+07
31 5.86678e+06
37 6.98033e+06
83 2.40889e+07
28 5.15861e+06
93 2.99789e+07
27 5.04194e+06
56 1.54209e+07
48 1.05491e+07
35 6.47624e+06
73 2.22487e+07
38 8.77304e+06
34 6.42436e+06
18 3.87071e+06
33 6.03292e+06
29 5.52667e+06
21 4.38975e+06
52 1.27954e+07
52 1.27954e+07
43 9.7369e+06
88 2.62392e+07
79 2.35772e+07
90 2.90461e+07
Thế hệ thứ: 44
54 1.36373e+07
51 1.2376e+07
45 1.03155e+07
77 2.28463e+07
17 3.53373e+06
44 9.88769e+06
70 1.92019e+07
67 1.67351e+07
79 2.35772e+07
55 1.3919e+07
40 9.04833e+06
18 3.87071e+06
50 1.12098e+07
90 2.90461e+07
21 4.38975e+06
29 5.52667e+06
61 1.56634e+07
69 1.88176e+07
32 6.00847e+06
59 1.55335e+07
85 2.61169e+07
20 4.03345e+06
33 6.03292e+06
56 1.49697e+07
25 4.79556e+06
41 9.73675e+06
52 1.27954e+07
52 1.27954e+07
12 3.19497e+06
23 4.51464e+06
62 1.63536e+07
36 6.58678e+06
71 2.1409e+07
31 5.86678e+06
83 2.40889e+07
37 6.98033e+06
93 2.99789e+07
28 5.15861e+06
27 5.04194e+06
43 9.7369e+06
35 6.47624e+06
48 1.05491e+07
73 2.22487e+07
88 2.62392e+07
38 8.77304e+06
34 6.42436e+06
Thế hệ thứ: 45
44 9.88769e+06
67 1.67351e+07
77 2.28463e+07
17 3.53373e+06
70 1.92019e+07
45 1.03155e+07
54 1.36373e+07
51 1.2376e+07
38 8.77304e+06
79 2.35772e+07
40 9.04833e+06
55 1.3919e+07
18 3.87071e+06
34 6.42436e+06
50 1.12098e+07
29 5.52667e+06
90 2.90461e+07
43 9.7369e+06
61 1.56634e+07
48 1.05491e+07
35 6.47624e+06
69 1.88176e+07
32 6.00847e+06
59 1.55335e+07
85 2.61169e+07
20 4.03345e+06
33 6.03292e+06
25 4.79556e+06
56 1.49697e+07
41 9.73675e+06
52 1.27954e+07
52 1.27954e+07
12 3.19497e+06
23 4.51464e+06
62 1.63536e+07
36 6.58678e+06
71 2.1409e+07
73 2.22487e+07
31 5.86678e+06
37 6.98033e+06
83 2.40889e+07
28 5.15861e+06
93 2.99789e+07
27 5.04194e+06
88 2.62392e+07
47 1.03756e+07
21 4.1645e+06
Thế hệ thứ: 46
21 4.1645e+06
44 9.88769e+06
67 1.67351e+07
77 2.28463e+07
17 3.53373e+06
70 1.92019e+07
79 2.35772e+07
47 1.03756e+07
62 1.63536e+07
45 1.03155e+07
51 1.2376e+07
54 1.36373e+07
38 8.77304e+06
55 1.3919e+07
40 9.04833e+06
27 5.04194e+06
18 3.87071e+06
34 6.42436e+06
36 6.58678e+06
71 2.1409e+07
50 1.12098e+07
73 2.22487e+07
29 5.52667e+06
31 5.86678e+06
43 9.7369e+06
61 1.56634e+07
35 6.47624e+06
48 1.05491e+07
83 2.40889e+07
37 6.98033e+06
69 1.88176e+07
32 6.00847e+06
59 1.55335e+07
85 2.61169e+07
20 4.03345e+06
33 6.03292e+06
56 1.49697e+07
25 4.79556e+06
41 9.73675e+06
52 1.27954e+07
52 1.27954e+07
28 5.15861e+06
12 3.19497e+06
88 2.62392e+07
23 4.51464e+06
58 1.52599e+07
94 2.81483e+07
49 1.11161e+07
Thế hệ thứ: 47
69 1.88176e+07
79 2.35772e+07
47 1.03756e+07
77 2.28463e+07
44 9.88769e+06
70 1.92019e+07
67 1.67351e+07
17 3.53373e+06
21 4.1645e+06
88 2.62392e+07
32 6.00847e+06
12 3.19497e+06
59 1.55335e+07
94 2.81483e+07
62 1.63536e+07
28 5.15861e+06
45 1.03155e+07
54 1.36373e+07
51 1.2376e+07
38 8.77304e+06
40 9.04833e+06
55 1.3919e+07
27 5.04194e+06
52 1.27954e+07
52 1.27954e+07
20 4.03345e+06
85 2.61169e+07
18 3.87071e+06
41 9.73675e+06
34 6.42436e+06
36 6.58678e+06
71 2.1409e+07
50 1.12098e+07
73 2.22487e+07
22 4.19736e+06
29 5.52667e+06
31 5.86678e+06
43 9.7369e+06
56 1.49697e+07
61 1.56634e+07
33 6.03292e+06
48 1.05491e+07
35 6.47624e+06
37 6.98033e+06
83 2.40889e+07
23 4.51464e+06
58 1.52599e+07
49 1.11161e+07
84 2.46558e+07
25 4.53982e+06
Thế hệ thứ: 48
79 2.35772e+07
47 1.03756e+07
69 1.88176e+07
33 6.03292e+06
84 2.46558e+07
17 3.53373e+06
67 1.67351e+07
70 1.92019e+07
77 2.28463e+07
44 9.88769e+06
61 1.56634e+07
21 4.1645e+06
88 2.62392e+07
32 6.00847e+06
72 2.0621e+07
35 6.47624e+06
48 1.05491e+07
12 3.19497e+06
59 1.55335e+07
62 1.63536e+07
94 2.81483e+07
83 2.40889e+07
37 6.98033e+06
37 6.98033e+06
28 5.15861e+06
45 1.03155e+07
25 4.53982e+06
51 1.2376e+07
54 1.36373e+07
38 8.77304e+06
30 5.58577e+06
55 1.3919e+07
40 9.04833e+06
27 5.04194e+06
23 4.51464e+06
52 1.27954e+07
52 1.27954e+07
58 1.52599e+07
20 4.03345e+06
85 2.61169e+07
18 3.87071e+06
41 9.73675e+06
56 1.49697e+07
34 6.42436e+06
36 6.58678e+06
50 1.12098e+07
73 2.22487e+07
29 5.52667e+06
22 4.19736e+06
49 1.11161e+07
31 5.86678e+06
43 9.7369e+06
75 2.23736e+07
Thế hệ thứ: 49
69 1.88176e+07
79 2.35772e+07
47 1.03756e+07
84 2.46558e+07
33 6.03292e+06
44 9.88769e+06
77 2.28463e+07
70 1.92019e+07
67 1.67351e+07
56 1.49697e+07
34 6.42436e+06
61 1.56634e+07
21 4.1645e+06
88 2.62392e+07
32 6.00847e+06
48 1.05491e+07
72 2.0621e+07
35 6.47624e+06
12 3.19497e+06
59 1.55335e+07
50 1.12098e+07
73 2.22487e+07
94 2.81483e+07
62 1.63536e+07
29 5.52667e+06
37 6.98033e+06
37 6.98033e+06
83 2.40889e+07
28 5.15861e+06
45 1.03155e+07
49 1.11161e+07
54 1.36373e+07
51 1.2376e+07
25 4.53982e+06
75 2.23736e+07
38 8.77304e+06
40 9.04833e+06
55 1.3919e+07
30 5.58577e+06
85 2.61169e+07
20 4.03345e+06
31 5.86678e+06
39 8.87691e+06
27 5.04194e+06
23 4.51464e+06
43 9.7369e+06
52 1.27954e+07
52 1.27954e+07
58 1.52599e+07
64 1.67171e+07
18 3.35647e+06
36 6.58333e+06

