Thế hệ thứ: 0
16 3.49659e+06
13 3.02529e+06
12 2.50952e+06
19 4.04731e+06
46 1.16921e+07
20 6.4081e+06
44 1.13816e+07
36 9.0612e+06
25 6.80858e+06
33 8.19221e+06
41 1.03177e+07
48 1.26162e+07
47 1.17097e+07
32 7.60413e+06
43 1.07908e+07
Thế hệ thứ: 1
13 3.02529e+06
16 3.49659e+06
44 1.13816e+07
46 1.16921e+07
19 4.01053e+06
47 1.17097e+07
32 7.60413e+06
12 2.50952e+06
43 1.07908e+07
48 1.26162e+07
33 8.19221e+06
41 1.03177e+07
39 8.76933e+06
38 8.69921e+06
49 1.41833e+07
31 6.96171e+06
29 6.57359e+06
22 4.25213e+06
50 1.52124e+07
40 9.90347e+06
Thế hệ thứ: 2
13 3.02529e+06
16 3.49659e+06
22 4.25213e+06
44 1.00356e+07
29 6.57359e+06
31 6.96171e+06
46 1.16921e+07
47 1.17097e+07
19 4.01053e+06
12 2.50952e+06
50 1.29068e+07
48 1.26162e+07
25 6.27403e+06
24 4.71328e+06
18 4.00249e+06
40 8.62267e+06
37 7.63794e+06
15 3.08062e+06
45 1.06542e+07
32 7.10912e+06
Thế hệ thứ: 3
13 3.02529e+06
12 2.50952e+06
15 3.08062e+06
16 3.49659e+06
24 4.71328e+06
37 7.63794e+06
22 4.25213e+06
50 1.20862e+07
40 8.62267e+06
44 1.00356e+07
31 6.96171e+06
29 6.57359e+06
46 1.16921e+07
25 6.27403e+06
19 4.01053e+06
47 1.17097e+07
18 4.00249e+06
32 7.10912e+06
39 8.33827e+06
20 4.20941e+06
30 6.95433e+06
34 7.43187e+06
45 1.05368e+07
Thế hệ thứ: 4
13 3.02529e+06
19 4.01053e+06
47 1.17097e+07
15 3.08062e+06
12 2.50952e+06
16 3.49659e+06
37 7.63794e+06
50 1.20862e+07
44 1.00356e+07
18 4.00249e+06
45 1.05368e+07
46 1.16921e+07
34 7.39929e+06
32 6.65275e+06
27 5.57727e+06
40 7.64136e+06
24 4.29663e+06
22 4.06978e+06
25 4.50302e+06
29 6.27866e+06
Thế hệ thứ: 5
23 4.00715e+06
32 6.65275e+06
13 3.02529e+06
47 1.17097e+07
27 5.57727e+06
37 7.63794e+06
15 3.08062e+06
45 1.05368e+07
40 7.64136e+06
29 6.27866e+06
24 4.29663e+06
12 2.50952e+06
16 3.49659e+06
50 1.20862e+07
46 1.16921e+07
44 1.00356e+07
25 4.44719e+06
18 3.83741e+06
30 6.52928e+06
35 6.69539e+06
Thế hệ thứ: 6
32 6.65275e+06
23 4.00715e+06
24 4.29663e+06
12 2.50952e+06
13 3.02529e+06
30 6.52928e+06
25 4.44719e+06
16 3.49659e+06
22 3.96383e+06
50 1.20862e+07
37 7.63794e+06
44 1.00356e+07
15 3.08062e+06
40 7.64136e+06
45 1.05368e+07
35 6.69539e+06
47 1.15687e+07
27 4.68979e+06
26 4.68627e+06
20 3.5258e+06
21 3.90619e+06
36 7.23291e+06
29 4.81202e+06
Thế hệ thứ: 7
12 2.50952e+06
25 4.44719e+06
32 6.65275e+06
50 1.20862e+07
40 7.64136e+06
45 1.05368e+07
13 3.02529e+06
20 3.5258e+06
37 7.63794e+06
35 6.69539e+06
44 1.00356e+07
15 3.08062e+06
16 3.49659e+06
22 3.96383e+06
21 3.90619e+06
36 7.23291e+06
29 4.81202e+06
47 1.15687e+07
23 3.99262e+06
28 4.55067e+06
30 6.35611e+06
31 6.60385e+06
42 9.50109e+06
26 4.45673e+06
24 4.0326e+06
Thế hệ thứ: 8
12 2.50952e+06
36 7.23291e+06
26 4.45673e+06
40 7.64136e+06
50 1.20862e+07
29 4.81202e+06
15 3.08062e+06
13 3.02529e+06
44 1.00356e+07
16 3.49659e+06
42 9.50109e+06
37 7.63794e+06
20 3.5258e+06
22 3.96383e+06
23 3.99262e+06
28 4.55067e+06
35 6.69539e+06
21 3.90619e+06
24 4.0326e+06
25 4.30482e+06
47 1.11483e+07
41 9.27077e+06
32 6.51188e+06
30 5.75784e+06
45 1.03022e+07
Thế hệ thứ: 9
44 1.00356e+07
12 2.50952e+06
15 3.08062e+06
36 7.23291e+06
13 3.02529e+06
47 1.11483e+07
45 1.03022e+07
40 7.64136e+06
42 9.50109e+06
30 5.75784e+06
37 7.63794e+06
50 1.20862e+07
29 4.81202e+06
16 3.49659e+06
24 4.0326e+06
20 3.5258e+06
22 3.96383e+06
28 4.55067e+06
23 3.99262e+06
35 6.69539e+06
21 3.90619e+06
41 9.27077e+06
32 6.51188e+06
43 9.51833e+06
25 4.16966e+06
26 4.40075e+06
Thế hệ thứ: 10
45 1.03022e+07
15 3.08062e+06
12 2.50952e+06
44 1.00356e+07
13 3.02529e+06
20 3.5258e+06
36 7.23291e+06
42 9.50109e+06
37 7.63794e+06
47 1.11483e+07
28 4.55067e+06
24 4.0326e+06
26 4.40075e+06
35 6.69539e+06
40 7.64136e+06
21 3.90619e+06
41 9.27077e+06
20 3.5258e+06
50 1.20862e+07
29 4.81202e+06
32 6.51188e+06
16 3.49659e+06
43 9.51833e+06
25 4.16966e+06
30 5.58617e+06
23 3.94992e+06
Thế hệ thứ: 11
20 3.5258e+06
25 4.16966e+06
45 1.03022e+07
44 1.00356e+07
12 2.50952e+06
15 3.08062e+06
32 6.51188e+06
26 4.40075e+06
13 3.02529e+06
35 6.69539e+06
16 3.49659e+06
43 9.51833e+06
36 7.23291e+06
40 7.64136e+06
37 7.63794e+06
42 9.50109e+06
30 5.58617e+06
47 1.11483e+07
41 9.27077e+06
50 1.20862e+07
20 3.5258e+06
29 4.81202e+06
24 3.63357e+06
49 1.19275e+07
28 4.49533e+06
46 1.10185e+07
19 3.52307e+06
Thế hệ thứ: 12
26 4.40075e+06
20 3.5258e+06
25 4.16966e+06
12 2.50952e+06
44 1.00356e+07
43 9.51833e+06
36 7.23291e+06
29 4.81202e+06
15 3.08062e+06
32 6.51188e+06
48 1.04589e+07
35 6.69539e+06
13 3.02529e+06
40 7.64136e+06
37 7.63794e+06
28 4.49533e+06
20 3.5258e+06
50 1.20862e+07
24 3.63357e+06
30 5.58617e+06
42 8.32963e+06
49 1.19275e+07
16 3.49659e+06
46 1.01006e+07
19 3.51326e+06
Thế hệ thứ: 13
12 2.50952e+06
15 3.08062e+06
20 3.5258e+06
24 3.63357e+06
42 8.32963e+06
49 1.19275e+07
43 9.51833e+06
36 7.23291e+06
29 4.81202e+06
28 4.49533e+06
30 5.58617e+06
32 6.51188e+06
40 7.64136e+06
46 1.01006e+07
35 6.69539e+06
48 1.04589e+07
25 3.75405e+06
50 1.20862e+07
20 3.5258e+06
37 7.63794e+06
45 9.52755e+06
13 3.02529e+06
19 3.51326e+06
27 4.21587e+06
18 3.39822e+06
Thế hệ thứ: 14
15 3.08062e+06
12 2.50952e+06
42 8.32963e+06
49 1.19275e+07
18 3.39822e+06
46 1.01006e+07
35 6.69539e+06
48 1.04589e+07
20 3.5258e+06
24 3.63357e+06
20 3.5258e+06
50 1.20862e+07
25 3.75405e+06
43 9.51833e+06
29 4.81202e+06
19 3.51326e+06
32 6.51188e+06
28 4.49533e+06
30 5.58617e+06
13 3.02529e+06
45 9.52755e+06
27 4.21587e+06
41 6.76993e+06
Thế hệ thứ: 15
12 2.50952e+06
15 3.08062e+06
19 3.51326e+06
18 3.39822e+06
41 6.76993e+06
28 4.49533e+06
46 1.01006e+07
48 1.04589e+07
35 6.69539e+06
20 3.5258e+06
45 9.52755e+06
13 3.02529e+06
24 3.63357e+06
27 4.21587e+06
25 3.75405e+06
20 3.5258e+06
29 4.81202e+06
50 1.06906e+07
26 4.20614e+06
43 7.1549e+06
32 6.35871e+06
31 5.33381e+06
Thế hệ thứ: 16
20 3.5258e+06
13 3.02529e+06
45 9.52755e+06
19 3.51326e+06
48 1.04589e+07
15 3.08062e+06
12 2.50952e+06
41 6.76993e+06
28 4.49533e+06
18 3.39822e+06
46 1.01006e+07
24 3.63357e+06
27 4.21587e+06
20 3.5258e+06
25 3.75405e+06
29 4.81202e+06
26 4.20614e+06
50 1.06906e+07
31 5.33381e+06
43 7.1549e+06
35 6.52914e+06
30 5.33191e+06
33 5.77696e+06
Thế hệ thứ: 17
12 2.50952e+06
18 3.39822e+06
13 3.02529e+06
45 9.52755e+06
20 3.5258e+06
41 6.76993e+06
46 1.01006e+07
19 3.51326e+06
48 1.04589e+07
28 4.49533e+06
24 3.63357e+06
15 3.08062e+06
27 4.21587e+06
31 5.33381e+06
25 3.75405e+06
20 3.5258e+06
29 4.81202e+06
50 1.06906e+07
26 4.20614e+06
43 7.1549e+06
35 6.52914e+06
30 5.33191e+06
33 5.77696e+06
Thế hệ thứ: 18
12 2.50952e+06
31 5.33381e+06
35 6.52914e+06
33 5.77696e+06
30 5.33191e+06
18 3.39822e+06
13 3.02529e+06
45 9.52755e+06
20 3.5258e+06
25 3.75405e+06
20 3.5258e+06
41 6.76993e+06
27 4.21587e+06
46 1.01006e+07
29 4.81202e+06
19 3.51326e+06
26 4.20614e+06
50 1.06906e+07
48 1.04589e+07
28 4.49533e+06
24 3.63357e+06
43 7.1549e+06
15 3.08062e+06
Thế hệ thứ: 19
27 4.21587e+06
15 3.08062e+06
12 2.50952e+06
46 1.01006e+07
35 6.52914e+06
31 5.33381e+06
33 5.77696e+06
30 5.33191e+06
28 4.49533e+06
18 3.39822e+06
29 4.81202e+06
24 3.63357e+06
45 9.52755e+06
13 3.02529e+06
19 3.51326e+06
25 3.75405e+06
20 3.5258e+06
43 7.1549e+06
50 1.06906e+07
26 4.20614e+06
20 3.5258e+06
41 6.76993e+06
49 1.03841e+07
Thế hệ thứ: 20
13 3.02529e+06
45 9.52755e+06
29 4.81202e+06
43 7.1549e+06
15 3.08062e+06
26 4.20614e+06
26 4.20614e+06
50 1.06906e+07
27 4.21587e+06
19 3.51326e+06
12 2.50952e+06
46 1.01006e+07
35 6.52914e+06
41 6.76993e+06
31 5.33381e+06
49 1.03841e+07
33 5.77696e+06
30 5.33191e+06
28 4.49533e+06
25 3.75405e+06
18 3.39822e+06
42 7.05869e+06
24 3.52525e+06
Thế hệ thứ: 21
12 2.50952e+06
18 3.39822e+06
42 7.05869e+06
41 6.76993e+06
35 6.52914e+06
31 5.33381e+06
13 3.02529e+06
45 9.52755e+06
49 1.03841e+07
33 5.77696e+06
30 5.33191e+06
29 4.81202e+06
28 4.49533e+06
43 7.1549e+06
15 3.08062e+06
24 3.52525e+06
50 1.06906e+07
26 4.20614e+06
26 4.20614e+06
46 1.01006e+07
27 4.21587e+06
25 3.75405e+06
23 3.4825e+06
44 8.92625e+06
Thế hệ thứ: 22
50 1.06906e+07
12 2.50952e+06
18 3.39822e+06
23 3.4825e+06
42 7.05869e+06
35 6.52914e+06
41 6.76993e+06
45 9.52755e+06
13 3.02529e+06
29 4.81202e+06
31 5.33381e+06
28 4.49533e+06
43 7.1549e+06
15 3.08062e+06
24 3.52525e+06
49 1.03841e+07
33 5.77696e+06
30 5.33191e+06
46 1.01006e+07
44 8.92625e+06
27 4.21587e+06
25 3.75405e+06
34 6.10126e+06
26 4.0976e+06
Thế hệ thứ: 23
35 6.52914e+06
31 5.33381e+06
12 2.50952e+06
50 1.06906e+07
29 4.81202e+06
13 3.02529e+06
18 3.39822e+06
23 3.4825e+06
25 3.75405e+06
42 7.05869e+06
28 4.49533e+06
43 7.1549e+06
15 3.08062e+06
24 3.52525e+06
49 1.03841e+07
33 5.77696e+06
30 5.33191e+06
46 1.01006e+07
27 4.21587e+06
44 8.92625e+06
34 6.10126e+06
26 4.0976e+06
41 6.67477e+06
45 9.48199e+06
Thế hệ thứ: 24
12 2.50952e+06
50 1.06906e+07
31 5.33381e+06
30 5.04397e+06
41 6.67477e+06
42 7.05869e+06
34 6.10126e+06
28 4.49533e+06
43 7.1549e+06
15 3.08062e+06
24 3.52525e+06
25 3.75405e+06
49 1.03841e+07
29 4.81202e+06
33 5.77696e+06
32 5.45465e+06
13 3.02529e+06
32 5.45465e+06
44 8.92625e+06
27 4.21587e+06
18 3.39822e+06
23 3.4825e+06
39 6.52704e+06
26 3.91022e+06
46 9.05753e+06
40 6.64015e+06
Thế hệ thứ: 25
43 7.1549e+06
23 3.4825e+06
50 1.06906e+07
12 2.50952e+06
27 4.21587e+06
39 6.52704e+06
18 3.39822e+06
31 5.33381e+06
30 5.04397e+06
15 3.08062e+06
49 1.03841e+07
24 3.52525e+06
25 3.75405e+06
41 6.67477e+06
42 7.05869e+06
34 6.10126e+06
40 6.64015e+06
28 4.49533e+06
29 4.81202e+06
33 5.77696e+06
32 5.45465e+06
13 3.02529e+06
32 5.45465e+06
26 3.91022e+06
46 9.05753e+06
44 8.83606e+06
Thế hệ thứ: 26
23 3.4825e+06
43 7.1549e+06
12 2.50952e+06
50 1.06906e+07
40 6.64015e+06
28 4.49533e+06
32 5.45465e+06
13 3.02529e+06
32 5.45465e+06
27 4.21587e+06
39 6.52704e+06
18 3.39822e+06
31 5.33381e+06
31 5.33381e+06
29 4.81202e+06
34 6.10126e+06
46 9.05753e+06
30 5.04397e+06
15 3.08062e+06
33 5.77696e+06
49 1.03841e+07
24 3.52525e+06
26 3.91022e+06
25 3.75405e+06
44 8.83606e+06
42 7.05869e+06
41 6.66561e+06
Thế hệ thứ: 27
43 7.1549e+06
23 3.4825e+06
50 1.06906e+07
12 2.50952e+06
41 6.66561e+06
15 3.08062e+06
40 6.64015e+06
28 4.49533e+06
44 8.83606e+06
33 5.77696e+06
32 5.45465e+06
13 3.02529e+06
32 5.45465e+06
49 1.03841e+07
27 4.21587e+06
39 6.52704e+06
18 3.39822e+06
24 3.52525e+06
31 5.33381e+06
31 5.33381e+06
29 4.81202e+06
34 6.10126e+06
46 9.05753e+06
42 7.05869e+06
26 3.91022e+06
25 3.75405e+06
30 5.04397e+06
Thế hệ thứ: 28
23 3.4825e+06
43 7.1549e+06
18 3.39822e+06
24 3.52525e+06
12 2.50952e+06
50 1.06906e+07
31 5.33381e+06
31 5.33381e+06
15 3.08062e+06
41 6.66561e+06
29 4.81202e+06
28 4.49533e+06
40 6.64015e+06
25 3.75405e+06
44 8.83606e+06
34 6.10126e+06
46 9.05753e+06
33 5.77696e+06
26 3.91022e+06
32 5.45465e+06
13 3.02529e+06
32 5.45465e+06
49 1.03841e+07
27 4.21587e+06
30 5.04397e+06
39 6.52704e+06
42 6.9636e+06
Thế hệ thứ: 29
23 3.4825e+06
24 3.52525e+06
34 6.10126e+06
44 8.83606e+06
18 3.39822e+06
13 3.02529e+06
32 5.45465e+06
32 5.45465e+06
12 2.50952e+06
50 1.06906e+07
31 5.33381e+06
31 5.33381e+06
41 6.66561e+06
15 3.08062e+06
29 4.81202e+06
46 9.05753e+06
28 4.49533e+06
25 3.75405e+06
33 5.77696e+06
26 3.91022e+06
49 1.03841e+07
30 5.04397e+06
27 4.21587e+06
39 6.52704e+06
43 6.95651e+06
40 6.53238e+06
Thế hệ thứ: 30
29 4.81202e+06
43 6.95651e+06
13 3.02529e+06
23 3.4825e+06
34 6.10126e+06
40 6.53238e+06
24 3.52525e+06
33 5.77696e+06
25 3.75405e+06
44 8.83606e+06
26 3.91022e+06
18 3.39822e+06
49 1.03841e+07
46 9.05753e+06
12 2.50952e+06
50 1.06906e+07
31 5.33381e+06
31 5.33381e+06
39 6.52704e+06
15 3.08062e+06
41 6.66561e+06
27 4.21587e+06
28 4.49533e+06
30 4.96822e+06
32 5.39046e+06
Thế hệ thứ: 31
13 3.02529e+06
29 4.81202e+06
43 6.95651e+06
27 4.21587e+06
50 1.06906e+07
31 5.33381e+06
31 5.33381e+06
23 3.4825e+06
34 6.10126e+06
24 3.52525e+06
40 6.53238e+06
33 5.77696e+06
25 3.75405e+06
28 4.49533e+06
44 8.83606e+06
41 6.66561e+06
15 3.08062e+06
26 3.91022e+06
18 3.39822e+06
49 1.03841e+07
46 9.05753e+06
32 5.39046e+06
12 2.50952e+06
30 4.96822e+06
39 6.23869e+06
Thế hệ thứ: 32
39 6.23869e+06
31 5.33381e+06
31 5.33381e+06
29 4.81202e+06
43 6.95651e+06
13 3.02529e+06
44 8.83606e+06
32 5.39046e+06
15 3.08062e+06
41 6.66561e+06
27 4.21587e+06
50 1.06906e+07
23 3.4825e+06
34 6.10126e+06
30 4.96822e+06
40 6.53238e+06
24 3.52525e+06
26 3.91022e+06
33 5.77696e+06
12 2.50952e+06
25 3.75405e+06
18 3.39822e+06
49 1.03841e+07
28 4.49533e+06
46 9.05753e+06
Thế hệ thứ: 33
23 3.4825e+06
34 6.10126e+06
31 5.33381e+06
31 5.33381e+06
39 6.23869e+06
30 4.96822e+06
29 4.81202e+06
43 6.95651e+06
13 3.02529e+06
24 3.52525e+06
40 6.53238e+06
44 8.83606e+06
18 3.39822e+06
32 5.39046e+06
26 3.91022e+06
49 1.03841e+07
33 5.77696e+06
15 3.08062e+06
41 6.66561e+06
28 4.49533e+06
12 2.50952e+06
27 4.21587e+06
50 1.06906e+07
25 3.75405e+06
46 9.05753e+06
Thế hệ thứ: 34
31 5.33381e+06
31 5.33381e+06
39 6.23869e+06
23 3.4825e+06
34 6.10126e+06
33 5.77696e+06
49 1.03841e+07
18 3.39822e+06
30 4.96822e+06
43 6.95651e+06
29 4.81202e+06
13 3.02529e+06
32 5.39046e+06
41 6.66561e+06
15 3.08062e+06
40 6.53238e+06
24 3.52525e+06
44 8.83606e+06
26 3.91022e+06
28 4.49533e+06
12 2.50952e+06
27 4.21587e+06
50 1.06906e+07
25 3.75405e+06
46 9.05753e+06
18 3.39822e+06
Thế hệ thứ: 35
39 6.23869e+06
31 5.33381e+06
31 5.33381e+06
50 1.06906e+07
23 3.4825e+06
40 6.53238e+06
24 3.52525e+06
34 6.10126e+06
44 8.83606e+06
33 5.77696e+06
49 1.03841e+07
12 2.50952e+06
18 3.39822e+06
30 4.96822e+06
43 6.95651e+06
25 3.75405e+06
27 4.21587e+06
13 3.02529e+06
26 3.91022e+06
46 9.05753e+06
18 3.39822e+06
32 5.39046e+06
28 4.49533e+06
15 3.08062e+06
41 6.66561e+06
29 4.80691e+06
17 3.38318e+06
Thế hệ thứ: 36
27 4.21587e+06
39 6.23869e+06
50 1.06906e+07
23 3.4825e+06
40 6.53238e+06
24 3.52525e+06
34 6.10126e+06
44 8.83606e+06
41 6.66561e+06
15 3.08062e+06
33 5.77696e+06
17 3.38318e+06
49 1.03841e+07
32 5.39046e+06
12 2.50952e+06
18 3.39822e+06
30 4.96822e+06
26 3.91022e+06
46 9.05753e+06
43 6.95651e+06
25 3.75405e+06
28 4.49533e+06
31 5.19188e+06
18 3.39822e+06
13 3.02529e+06
29 4.80691e+06
Thế hệ thứ: 37
27 4.21587e+06
31 5.19188e+06
18 3.39822e+06
43 6.95651e+06
12 2.50952e+06
18 3.39822e+06
25 3.75405e+06
39 6.23869e+06
30 4.96822e+06
50 1.06906e+07
23 3.4825e+06
24 3.52525e+06
40 6.53238e+06
34 6.10126e+06
44 8.83606e+06
13 3.02529e+06
15 3.08062e+06
41 6.66561e+06
33 5.77696e+06
28 4.49533e+06
26 3.91022e+06
29 4.80691e+06
17 3.38318e+06
49 1.03841e+07
46 9.05753e+06
32 5.39046e+06
Thế hệ thứ: 38
43 6.95651e+06
13 3.02529e+06
15 3.08062e+06
41 6.66561e+06
27 4.21587e+06
49 1.03841e+07
12 2.50952e+06
25 3.75405e+06
18 3.35181e+06
33 5.77696e+06
39 6.23869e+06
30 4.96822e+06
26 3.91022e+06
50 1.06906e+07
23 3.4825e+06
40 6.53238e+06
24 3.52525e+06
34 6.10126e+06
46 9.05753e+06
44 8.83606e+06
32 5.39046e+06
28 4.49533e+06
29 4.80691e+06
17 3.32342e+06
31 5.13673e+06
Thế hệ thứ: 39
27 4.21587e+06
13 3.02529e+06
43 6.95651e+06
49 1.03841e+07
39 6.23869e+06
30 4.96822e+06
12 2.50952e+06
26 3.91022e+06
41 6.66561e+06
15 3.08062e+06
25 3.75405e+06
33 5.77696e+06
50 1.06906e+07
23 3.4825e+06
24 3.52525e+06
40 6.53238e+06
34 6.10126e+06
46 9.05753e+06
44 8.83606e+06
17 3.32342e+06
32 5.39046e+06
28 4.49533e+06
21 3.33753e+06
29 4.80691e+06
22 3.37752e+06
31 5.06968e+06
48 1.01388e+07
Thế hệ thứ: 40
39 6.23869e+06
23 3.4825e+06
27 4.21587e+06
43 6.95651e+06
13 3.02529e+06
34 6.10126e+06
40 6.53238e+06
24 3.52525e+06
25 3.75405e+06
49 1.03841e+07
46 9.05753e+06
44 8.83606e+06
17 3.32342e+06
32 5.39046e+06
30 4.96822e+06
28 4.49533e+06
12 2.50952e+06
29 4.80691e+06
21 3.33753e+06
48 1.01388e+07
26 3.91022e+06
33 5.77696e+06
15 3.08062e+06
41 6.66561e+06
22 3.37752e+06
31 5.06968e+06
50 1.06906e+07
Thế hệ thứ: 41
44 8.83606e+06
30 4.96822e+06
39 6.23869e+06
27 4.21587e+06
22 3.37752e+06
23 3.4825e+06
32 5.39046e+06
41 6.66561e+06
15 3.08062e+06
26 3.91022e+06
43 6.95651e+06
13 3.02529e+06
31 5.06968e+06
34 6.10126e+06
24 3.52525e+06
40 6.53238e+06
28 4.49533e+06
25 3.75405e+06
33 5.77696e+06
49 1.03841e+07
46 9.05753e+06
12 2.50952e+06
50 1.06906e+07
29 4.80691e+06
21 3.33753e+06
48 1.01388e+07
17 3.32342e+06
Thế hệ thứ: 42
32 5.39046e+06
28 4.49533e+06
44 8.83606e+06
39 6.23869e+06
30 4.96822e+06
24 3.52525e+06
40 6.53238e+06
50 1.06906e+07
12 2.50952e+06
27 4.21587e+06
22 3.37752e+06
23 3.4825e+06
48 1.01388e+07
25 3.75405e+06
15 3.08062e+06
41 6.66561e+06
21 3.33753e+06
29 4.80691e+06
33 5.77696e+06
49 1.03841e+07
26 3.91022e+06
43 6.95651e+06
13 3.02529e+06
46 9.05753e+06
31 5.06968e+06
34 6.10126e+06
18 3.25968e+06
Thế hệ thứ: 43
39 6.23869e+06
32 5.39046e+06
48 1.01388e+07
33 5.77696e+06
25 3.75405e+06
21 3.33753e+06
29 4.80691e+06
44 8.83606e+06
28 4.49533e+06
30 4.96822e+06
40 6.53238e+06
24 3.52525e+06
50 1.06906e+07
49 1.03841e+07
12 2.50952e+06
41 6.66561e+06
15 3.08062e+06
27 4.21587e+06
22 3.37752e+06
23 3.4825e+06
26 3.91022e+06
43 6.95651e+06
13 3.02529e+06
46 9.05753e+06
31 5.06968e+06
34 6.10126e+06
18 3.25968e+06
Thế hệ thứ: 44
44 8.83606e+06
39 6.23869e+06
32 5.39046e+06
48 1.01388e+07
40 6.53238e+06
24 3.52525e+06
25 3.75405e+06
33 5.77696e+06
41 6.66561e+06
15 3.08062e+06
29 4.80691e+06
21 3.33753e+06
34 6.10126e+06
50 1.06906e+07
49 1.03841e+07
12 2.50952e+06
28 4.49533e+06
30 4.96822e+06
27 4.21587e+06
18 3.25968e+06
23 3.4825e+06
43 6.95651e+06
13 3.02529e+06
46 9.05753e+06
31 5.06968e+06
22 3.35697e+06
26 3.89558e+06
Thế hệ thứ: 45
44 8.83606e+06
28 4.49533e+06
40 6.53238e+06
24 3.52525e+06
34 6.10126e+06
39 6.23869e+06
32 5.39046e+06
48 1.01388e+07
50 1.06906e+07
25 3.75405e+06
49 1.03841e+07
33 5.77696e+06
12 2.50952e+06
15 3.08062e+06
41 6.66561e+06
21 3.33753e+06
29 4.80691e+06
30 4.96822e+06
27 4.21587e+06
18 3.25968e+06
23 3.4825e+06
26 3.89558e+06
43 6.95651e+06
13 3.02529e+06
46 9.05753e+06
31 5.06968e+06
22 3.35697e+06
Thế hệ thứ: 46
46 9.05753e+06
32 5.39046e+06
28 4.49533e+06
44 8.83606e+06
50 1.06906e+07
25 3.75405e+06
40 6.53238e+06
24 3.52525e+06
34 6.10126e+06
49 1.03841e+07
41 6.66561e+06
15 3.08062e+06
39 6.23869e+06
12 2.50952e+06
33 5.77696e+06
48 1.01388e+07
21 3.33753e+06
29 4.80691e+06
30 4.96822e+06
22 3.35697e+06
18 3.25968e+06
23 3.4825e+06
13 3.02529e+06
26 3.89558e+06
43 6.95651e+06
31 5.06968e+06
27 4.13902e+06
Thế hệ thứ: 47
24 3.52525e+06
40 6.53238e+06
23 3.4825e+06
32 5.39046e+06
46 9.05753e+06
48 1.01388e+07
29 4.80691e+06
21 3.33753e+06
44 8.83606e+06
28 4.49533e+06
50 1.06906e+07
13 3.02529e+06
25 3.75405e+06
34 6.10126e+06
49 1.03841e+07
30 4.96822e+06
43 6.95651e+06
15 3.08062e+06
41 6.66561e+06
39 6.23869e+06
26 3.89558e+06
22 3.35697e+06
31 5.06968e+06
12 2.50952e+06
27 4.13902e+06
18 3.25968e+06
33 5.77696e+06
Thế hệ thứ: 48
24 3.52525e+06
40 6.53238e+06
46 9.05753e+06
32 5.39046e+06
23 3.4825e+06
41 6.66561e+06
15 3.08062e+06
48 1.01388e+07
21 3.33753e+06
29 4.80691e+06
44 8.83606e+06
49 1.03841e+07
28 4.49533e+06
50 1.06906e+07
18 3.25968e+06
12 2.50952e+06
13 3.02529e+06
39 6.23869e+06
26 3.89558e+06
25 3.75405e+06
34 6.10126e+06
22 3.35697e+06
33 5.77696e+06
30 4.96822e+06
31 5.06968e+06
43 6.95651e+06
27 4.13902e+06
Thế hệ thứ: 49
24 3.52525e+06
40 6.53238e+06
27 4.13902e+06
23 3.4825e+06
32 5.39046e+06
46 9.05753e+06
33 5.77696e+06
39 6.23869e+06
15 3.08062e+06
41 6.66561e+06
48 1.01388e+07
29 4.80691e+06
21 3.33753e+06
44 8.83606e+06
49 1.03841e+07
26 3.89558e+06
43 6.95651e+06
30 4.96822e+06
28 4.49533e+06
50 1.06906e+07
25 3.75405e+06
18 3.25968e+06
34 6.10126e+06
12 2.50952e+06
13 3.02529e+06
22 3.35697e+06
31 5.06968e+06
