Thế hệ thứ: 0
19 2.77585e+06
18 1.86157e+06
17 1.53854e+06
20 2.96293e+06
Thế hệ thứ: 1
17 1.53854e+06
20 1.75564e+06
19 1.74602e+06
13 1.51236e+06
Thế hệ thứ: 2
19 1.74602e+06
17 1.53854e+06
13 1.51236e+06
20 1.7464e+06
Thế hệ thứ: 3
17 1.53854e+06
13 1.51236e+06
20 1.7464e+06
19 1.71908e+06
Thế hệ thứ: 4
17 1.53854e+06
16 1.50867e+06
19 1.63669e+06
20 1.63991e+06
Thế hệ thứ: 5
17 1.53854e+06
16 1.50867e+06
20 1.63991e+06
19 1.6236e+06
Thế hệ thứ: 6
20 1.63991e+06
17 1.53854e+06
16 1.50867e+06
19 1.6236e+06
Thế hệ thứ: 7
20 1.63991e+06
17 1.53854e+06
19 1.6236e+06
16 1.50867e+06
Thế hệ thứ: 8
20 1.63991e+06
17 1.53854e+06
16 1.50867e+06
19 1.587e+06
Thế hệ thứ: 9
20 1.63991e+06
17 1.53854e+06
16 1.50867e+06
19 1.587e+06
Thế hệ thứ: 10
20 1.63991e+06
17 1.53854e+06
16 1.50867e+06
19 1.587e+06
Thế hệ thứ: 11
20 1.63991e+06
17 1.53854e+06
16 1.50867e+06
19 1.587e+06
12 1.50693e+06
Thế hệ thứ: 12
20 1.63991e+06
17 1.53854e+06
16 1.50867e+06
19 1.587e+06
12 1.50693e+06
Thế hệ thứ: 13
20 1.63991e+06
17 1.53854e+06
16 1.50867e+06
19 1.587e+06
12 1.50693e+06
Thế hệ thứ: 14
20 1.63991e+06
17 1.53854e+06
16 1.50867e+06
19 1.587e+06
12 1.50693e+06
Thế hệ thứ: 15
20 1.63991e+06
17 1.53854e+06
16 1.50867e+06
19 1.587e+06
12 1.50693e+06
Thế hệ thứ: 16
20 1.63991e+06
17 1.53854e+06
16 1.50867e+06
19 1.587e+06
12 1.50693e+06
Thế hệ thứ: 17
20 1.63991e+06
17 1.53854e+06
16 1.50867e+06
19 1.587e+06
12 1.50693e+06
Thế hệ thứ: 18
20 1.63991e+06
17 1.53854e+06
16 1.50867e+06
19 1.587e+06
12 1.50693e+06
Thế hệ thứ: 19
20 1.6381e+06
17 1.53854e+06
16 1.50867e+06
19 1.587e+06
12 1.50693e+06
Thế hệ thứ: 20
20 1.6381e+06
17 1.53854e+06
19 1.587e+06
16 1.50867e+06
12 1.50693e+06
Thế hệ thứ: 21
19 1.587e+06
17 1.53854e+06
16 1.50867e+06
12 1.50693e+06
20 1.63758e+06
Thế hệ thứ: 22
17 1.53854e+06
19 1.587e+06
16 1.50867e+06
12 1.50693e+06
20 1.63395e+06
Thế hệ thứ: 23
17 1.53854e+06
19 1.587e+06
16 1.50867e+06
12 1.50693e+06
20 1.63395e+06
Thế hệ thứ: 24
16 1.50867e+06
17 1.53854e+06
19 1.587e+06
12 1.50693e+06
20 1.63395e+06
Thế hệ thứ: 25
19 1.587e+06
16 1.50867e+06
17 1.53854e+06
12 1.50693e+06
20 1.63395e+06
Thế hệ thứ: 26
19 1.587e+06
16 1.50867e+06
17 1.53854e+06
12 1.50693e+06
20 1.63395e+06
Thế hệ thứ: 27
19 1.587e+06
16 1.50867e+06
17 1.53854e+06
12 1.50693e+06
20 1.60859e+06
Thế hệ thứ: 28
19 1.587e+06
16 1.50867e+06
17 1.53854e+06
12 1.50693e+06
20 1.60859e+06
Thế hệ thứ: 29
19 1.587e+06
16 1.50867e+06
17 1.53854e+06
12 1.50693e+06
20 1.60859e+06
