Thế hệ thứ: 0
32 9.50098e+06
13 2.46172e+06
24 6.51484e+06
53 1.74504e+07
21 6.47158e+06
16 3.37988e+06
50 1.71764e+07
20 5.14904e+06
62 1.88664e+07
58 1.86682e+07
60 1.88102e+07
27 7.87431e+06
33 9.62352e+06
35 1.12958e+07
49 1.49797e+07
64 1.9623e+07
54 1.80929e+07
73 2.68167e+07
83 2.87642e+07
66 2.18993e+07
28 8.95658e+06
69 2.20153e+07
Thế hệ thứ: 1
13 2.46172e+06
69 2.20153e+07
83 2.87642e+07
16 3.37988e+06
64 1.9623e+07
66 2.18993e+07
62 1.88664e+07
47 1.39166e+07
73 2.45681e+07
35 9.22302e+06
38 1.15749e+07
19 4.86994e+06
53 1.45201e+07
74 2.46242e+07
42 1.34783e+07
60 1.81487e+07
65 2.01819e+07
29 7.61607e+06
28 6.27207e+06
23 4.9934e+06
20 4.88522e+06
40 1.20288e+07
58 1.52384e+07
Thế hệ thứ: 2
13 2.46172e+06
69 2.20153e+07
28 6.27207e+06
23 4.9934e+06
83 2.87642e+07
58 1.52384e+07
53 1.45201e+07
47 1.39166e+07
62 1.88664e+07
60 1.81487e+07
16 3.37988e+06
84 3.05833e+07
65 2.01819e+07
20 4.88522e+06
66 2.18657e+07
77 2.43578e+07
43 1.24397e+07
37 7.17586e+06
39 1.00045e+07
41 1.06291e+07
19 4.25435e+06
45 1.2526e+07
72 2.31354e+07
64 1.95983e+07
Thế hệ thứ: 3
84 3.05833e+07
65 1.92702e+07
13 2.46172e+06
77 2.43578e+07
23 4.9934e+06
83 2.87642e+07
38 9.71961e+06
37 7.17586e+06
58 1.52384e+07
53 1.45201e+07
72 2.31354e+07
62 1.88664e+07
60 1.81487e+07
29 5.66472e+06
39 1.00045e+07
16 3.37988e+06
41 1.06291e+07
69 2.20153e+07
19 4.25435e+06
45 1.2526e+07
20 4.88522e+06
66 2.01893e+07
43 1.08898e+07
71 2.25744e+07
67 2.12202e+07
44 1.22943e+07
50 1.33339e+07
49 1.31998e+07
Thế hệ thứ: 4
84 3.05833e+07
13 2.46172e+06
77 2.43578e+07
38 9.71961e+06
37 7.17586e+06
23 4.9934e+06
83 2.87642e+07
29 5.66472e+06
58 1.52384e+07
60 1.81487e+07
53 1.45201e+07
16 3.37988e+06
72 2.31354e+07
19 4.25435e+06
67 2.12202e+07
69 2.20153e+07
50 1.33339e+07
45 1.2526e+07
43 1.08898e+07
49 1.31998e+07
41 1.06291e+07
44 1.22943e+07
20 4.88522e+06
71 2.25744e+07
39 1.00045e+07
82 2.45148e+07
66 1.82998e+07
Thế hệ thứ: 5
84 3.05833e+07
45 1.23415e+07
13 2.46172e+06
29 5.66472e+06
23 4.9934e+06
83 2.87642e+07
38 9.71961e+06
37 7.17586e+06
60 1.81487e+07
82 2.45148e+07
58 1.52384e+07
20 4.88522e+06
66 1.82998e+07
77 2.43578e+07
67 2.12202e+07
16 3.37988e+06
19 4.25435e+06
69 2.20153e+07
50 1.33339e+07
43 1.08898e+07
49 1.31998e+07
41 1.06291e+07
71 2.25744e+07
39 1.00045e+07
48 1.25006e+07
44 1.14004e+07
74 2.3644e+07
33 6.59925e+06
30 6.22461e+06
55 1.3662e+07
72 2.29448e+07
76 2.37282e+07
Thế hệ thứ: 6
84 3.05833e+07
20 4.88522e+06
66 1.82998e+07
13 2.46172e+06
38 9.71961e+06
37 7.17586e+06
23 4.9934e+06
83 2.87642e+07
82 2.45148e+07
58 1.52384e+07
55 1.3662e+07
67 2.12202e+07
16 3.37988e+06
29 5.66472e+06
33 6.59925e+06
77 2.43578e+07
19 4.25435e+06
69 2.20153e+07
50 1.33339e+07
30 6.22461e+06
41 1.06291e+07
47 1.23457e+07
48 1.25006e+07
60 1.6532e+07
39 1.00045e+07
43 1.08898e+07
76 2.37282e+07
49 1.31998e+07
44 1.1164e+07
46 1.16548e+07
74 2.20365e+07
63 1.81679e+07
24 5.34868e+06
Thế hệ thứ: 7
60 1.6532e+07
13 2.46172e+06
56 1.43651e+07
38 9.71961e+06
37 7.17586e+06
23 4.9934e+06
83 2.87642e+07
82 2.45148e+07
55 1.3662e+07
58 1.52384e+07
66 1.82998e+07
74 2.20365e+07
46 1.16548e+07
16 3.37988e+06
63 1.81679e+07
33 6.59925e+06
76 2.37282e+07
29 5.66472e+06
77 2.43578e+07
69 2.07228e+07
19 4.25435e+06
24 5.34868e+06
50 1.33339e+07
41 1.06291e+07
39 1.00045e+07
44 1.1164e+07
43 1.08898e+07
47 1.23457e+07
48 1.25006e+07
49 1.31998e+07
31 6.20353e+06
22 4.69563e+06
73 2.09928e+07
87 2.99513e+07
21 4.58683e+06
Thế hệ thứ: 8
87 2.99513e+07
66 1.82998e+07
13 2.46172e+06
56 1.43651e+07
38 9.71961e+06
37 7.17586e+06
23 4.9934e+06
83 2.87642e+07
82 2.45148e+07
69 2.07228e+07
46 1.16548e+07
16 3.37988e+06
63 1.81679e+07
22 4.69563e+06
74 2.20365e+07
58 1.52384e+07
76 2.37282e+07
55 1.3662e+07
33 6.59925e+06
73 2.09928e+07
77 2.43578e+07
50 1.33339e+07
31 6.20353e+06
39 1.00045e+07
47 1.23457e+07
48 1.25006e+07
29 5.25533e+06
49 1.31998e+07
21 4.58683e+06
62 1.64874e+07
44 1.05541e+07
19 4.09305e+06
Thế hệ thứ: 9
66 1.82998e+07
13 2.46172e+06
62 1.64874e+07
56 1.43651e+07
38 9.71961e+06
37 7.17586e+06
23 4.9934e+06
82 2.45148e+07
69 2.07228e+07
58 1.52384e+07
44 1.05541e+07
49 1.31998e+07
29 5.25533e+06
46 1.16548e+07
16 3.37988e+06
22 4.69563e+06
74 2.20365e+07
76 2.37282e+07
55 1.3662e+07
33 6.59925e+06
73 2.09928e+07
19 4.09305e+06
39 1.00045e+07
77 2.43578e+07
31 6.20353e+06
50 1.33339e+07
21 4.58683e+06
47 1.23457e+07
48 1.25006e+07
33 6.59925e+06
90 2.58956e+07
68 1.97379e+07
64 1.7899e+07
Thế hệ thứ: 10
13 2.46172e+06
22 4.69563e+06
74 2.20365e+07
90 2.58956e+07
62 1.64874e+07
56 1.43651e+07
37 7.17586e+06
82 2.45148e+07
58 1.52384e+07
44 1.05541e+07
49 1.31998e+07
29 5.25533e+06
46 1.16548e+07
16 3.37988e+06
68 1.97379e+07
76 2.37282e+07
66 1.82998e+07
64 1.7899e+07
55 1.3662e+07
73 2.09928e+07
69 2.07228e+07
19 4.09305e+06
23 4.9934e+06
77 2.43578e+07
31 6.20353e+06
50 1.33339e+07
33 6.59925e+06
21 4.58683e+06
47 1.23457e+07
48 1.25006e+07
33 6.59925e+06
40 9.88445e+06
38 9.49134e+06
39 9.65877e+06
Thế hệ thứ: 11
13 2.46172e+06
22 4.69563e+06
74 2.20365e+07
56 1.43651e+07
37 7.17586e+06
90 2.58956e+07
62 1.64874e+07
82 2.45148e+07
58 1.52384e+07
49 1.31998e+07
29 5.25533e+06
39 9.65877e+06
44 1.05541e+07
46 1.16548e+07
16 3.37988e+06
38 9.49134e+06
66 1.82998e+07
64 1.7899e+07
55 1.3662e+07
19 4.09305e+06
23 4.9934e+06
31 6.20353e+06
40 9.88445e+06
50 1.33339e+07
33 6.59925e+06
21 4.58683e+06
47 1.23457e+07
48 1.25006e+07
33 6.59925e+06
32 6.57469e+06
20 4.44895e+06
59 1.59946e+07
78 2.21085e+07
73 1.96722e+07
Thế hệ thứ: 12
66 1.82998e+07
13 2.46172e+06
22 4.69563e+06
74 2.20365e+07
56 1.43651e+07
37 7.17586e+06
62 1.64874e+07
90 2.58956e+07
78 2.21085e+07
82 2.45148e+07
73 1.96722e+07
49 1.31998e+07
29 5.25533e+06
39 9.65877e+06
44 1.05541e+07
46 1.16548e+07
16 3.37988e+06
38 9.49134e+06
64 1.7899e+07
55 1.3662e+07
23 4.9934e+06
58 1.52384e+07
59 1.59946e+07
40 9.88445e+06
50 1.33339e+07
19 4.09305e+06
33 6.59925e+06
33 6.59925e+06
20 4.44895e+06
32 6.57469e+06
21 4.58683e+06
33 6.59925e+06
31 5.27953e+06
48 1.21667e+07
Thế hệ thứ: 13
66 1.82998e+07
13 2.46172e+06
22 4.69563e+06
74 2.20365e+07
56 1.43651e+07
37 7.17586e+06
62 1.64874e+07
90 2.58956e+07
78 2.21085e+07
82 2.45148e+07
73 1.96722e+07
39 9.65877e+06
44 1.05541e+07
46 1.16548e+07
16 3.37988e+06
38 9.49134e+06
64 1.7899e+07
55 1.3662e+07
29 5.25533e+06
49 1.31998e+07
23 4.9934e+06
58 1.52384e+07
59 1.59946e+07
21 4.58683e+06
48 1.21667e+07
40 9.88445e+06
50 1.33339e+07
19 4.09305e+06
31 5.27953e+06
32 6.57469e+06
20 4.44895e+06
33 6.59925e+06
33 6.59925e+06
33 6.59925e+06
81 2.33733e+07
18 3.93728e+06
Thế hệ thứ: 14
13 2.46172e+06
22 4.69563e+06
74 2.20365e+07
56 1.43651e+07
37 7.17586e+06
18 3.93728e+06
62 1.64874e+07
90 2.58956e+07
73 1.96722e+07
82 2.45148e+07
81 2.33733e+07
39 9.65877e+06
44 1.05541e+07
78 2.21085e+07
38 9.49134e+06
46 1.16548e+07
16 3.37988e+06
55 1.3662e+07
29 5.25533e+06
23 4.9934e+06
58 1.52384e+07
59 1.59946e+07
21 4.58683e+06
40 9.88445e+06
50 1.33339e+07
31 5.27953e+06
32 6.57469e+06
20 4.44895e+06
33 6.59925e+06
33 6.59925e+06
19 4.09305e+06
33 6.59925e+06
85 2.45375e+07
35 6.73622e+06
72 1.74367e+07
49 1.19247e+07
Thế hệ thứ: 15
13 2.46172e+06
56 1.43651e+07
37 7.17586e+06
85 2.45375e+07
22 4.69563e+06
74 2.20365e+07
18 3.93728e+06
90 2.58956e+07
35 6.73622e+06
72 1.74367e+07
73 1.96722e+07
81 2.33733e+07
39 9.65877e+06
44 1.05541e+07
50 1.33339e+07
78 2.21085e+07
38 9.49134e+06
46 1.16548e+07
16 3.37988e+06
49 1.19247e+07
55 1.3662e+07
29 5.25533e+06
23 4.9934e+06
58 1.52384e+07
40 9.88445e+06
82 2.45148e+07
31 5.27953e+06
32 6.57469e+06
20 4.44895e+06
19 4.09305e+06
33 6.59925e+06
33 6.59925e+06
33 6.59925e+06
21 4.55223e+06
64 1.56346e+07
94 2.80133e+07
Thế hệ thứ: 16
13 2.46172e+06
35 6.73622e+06
72 1.74367e+07
51 1.1536e+07
94 2.80133e+07
64 1.56346e+07
85 2.45375e+07
22 4.69563e+06
74 2.20365e+07
18 3.93728e+06
90 2.58956e+07
73 1.96722e+07
56 1.43651e+07
37 7.17586e+06
81 2.33733e+07
39 9.65877e+06
44 1.05541e+07
21 4.55223e+06
78 2.21085e+07
38 9.49134e+06
16 3.37988e+06
55 1.3662e+07
29 5.25533e+06
23 4.9934e+06
40 9.88445e+06
82 2.45148e+07
31 5.27953e+06
32 6.57469e+06
20 4.44895e+06
33 6.59925e+06
33 6.59925e+06
33 6.59925e+06
19 4.07269e+06
59 1.50332e+07
Thế hệ thứ: 17
13 2.46172e+06
19 4.07269e+06
94 2.80133e+07
51 1.1536e+07
35 6.73622e+06
72 1.74367e+07
64 1.56346e+07
18 3.93728e+06
90 2.58956e+07
73 1.96722e+07
39 9.65877e+06
44 1.05541e+07
55 1.3662e+07
22 4.69563e+06
74 2.20365e+07
85 2.45375e+07
59 1.50332e+07
56 1.43651e+07
81 2.33733e+07
78 2.21085e+07
16 3.37988e+06
29 5.25533e+06
23 4.9934e+06
40 9.88445e+06
82 2.45148e+07
31 5.27953e+06
32 6.57469e+06
20 4.44895e+06
21 4.55223e+06
33 6.59925e+06
33 6.59925e+06
33 6.59925e+06
38 9.40146e+06
54 1.19837e+07
42 9.94827e+06
37 7.17407e+06
Thế hệ thứ: 18
13 2.46172e+06
94 2.80133e+07
19 4.07269e+06
51 1.1536e+07
35 6.73622e+06
72 1.74367e+07
64 1.56346e+07
18 3.93728e+06
73 1.96722e+07
44 1.05541e+07
74 2.20365e+07
85 2.45375e+07
59 1.50332e+07
81 2.33733e+07
37 7.17407e+06
78 2.21085e+07
54 1.19837e+07
16 3.37988e+06
38 9.40146e+06
55 1.3662e+07
29 5.25533e+06
56 1.43651e+07
82 2.45148e+07
31 5.27953e+06
32 6.57469e+06
20 4.44895e+06
42 9.94827e+06
40 9.51635e+06
33 6.59925e+06
33 6.59925e+06
33 6.59925e+06
23 4.64732e+06
91 2.54622e+07
22 4.52884e+06
Thế hệ thứ: 19
22 4.52884e+06
42 9.94827e+06
91 2.54622e+07
13 2.46172e+06
94 2.80133e+07
19 4.07269e+06
51 1.1536e+07
35 6.73622e+06
72 1.74367e+07
64 1.56346e+07
73 1.96722e+07
44 1.05541e+07
59 1.50332e+07
37 7.17407e+06
78 2.21085e+07
54 1.19837e+07
16 3.37988e+06
29 5.25533e+06
55 1.3662e+07
23 4.64732e+06
56 1.43651e+07
38 8.66221e+06
88 2.52101e+07
31 5.27953e+06
86 2.29531e+07
32 6.57469e+06
20 4.44895e+06
40 9.51635e+06
18 3.93728e+06
33 6.59925e+06
33 6.59925e+06
33 6.59925e+06
74 2.02887e+07
45 1.05887e+07
Thế hệ thứ: 20
94 2.80133e+07
19 4.07269e+06
51 1.1536e+07
78 2.21085e+07
35 6.73622e+06
72 1.74367e+07
22 4.52884e+06
42 9.94827e+06
91 2.54622e+07
13 2.46172e+06
64 1.56346e+07
88 2.52101e+07
31 5.27953e+06
86 2.29531e+07
40 9.51635e+06
74 2.02887e+07
59 1.50332e+07
73 1.96722e+07
54 1.19837e+07
45 1.05887e+07
29 5.25533e+06
16 3.37988e+06
55 1.3662e+07
23 4.64732e+06
37 7.17407e+06
56 1.43651e+07
32 6.57469e+06
18 3.93728e+06
44 1.05541e+07
33 6.59925e+06
33 6.59925e+06
33 6.59925e+06
38 7.20951e+06
20 4.43499e+06
76 2.03784e+07
17 3.49711e+06
Thế hệ thứ: 21
19 4.07269e+06
94 2.80133e+07
51 1.1536e+07
78 2.21085e+07
35 6.73622e+06
72 1.74367e+07
22 4.52884e+06
42 9.94827e+06
91 2.54622e+07
13 2.46172e+06
64 1.56346e+07
88 2.52101e+07
31 5.27953e+06
86 2.29531e+07
74 2.02887e+07
40 9.51635e+06
59 1.50332e+07
73 1.96722e+07
54 1.19837e+07
29 5.25533e+06
76 2.03784e+07
55 1.3662e+07
23 4.64732e+06
56 1.43651e+07
16 3.37988e+06
37 7.17407e+06
33 6.59925e+06
20 4.43499e+06
18 3.93728e+06
17 3.49711e+06
33 6.59925e+06
33 6.59925e+06
36 7.1173e+06
34 6.71588e+06
32 6.2326e+06
38 7.17649e+06
38 7.17649e+06
47 1.02467e+07
Thế hệ thứ: 22
22 4.52884e+06
42 9.94827e+06
91 2.54622e+07
13 2.46172e+06
78 2.21085e+07
35 6.73622e+06
72 1.74367e+07
19 4.07269e+06
51 1.1536e+07
94 2.80133e+07
64 1.56346e+07
88 2.52101e+07
31 5.27953e+06
86 2.29531e+07
47 1.02467e+07
74 2.02887e+07
59 1.50332e+07
73 1.96722e+07
54 1.19837e+07
29 5.25533e+06
76 2.03784e+07
55 1.3662e+07
38 7.17649e+06
38 7.17649e+06
23 4.64732e+06
56 1.43651e+07
16 3.37988e+06
32 6.2326e+06
33 6.59925e+06
20 4.43499e+06
18 3.93728e+06
17 3.49711e+06
36 7.1173e+06
34 6.71588e+06
37 7.17407e+06
33 6.59925e+06
33 6.59925e+06
40 8.78734e+06
Thế hệ thứ: 23
22 4.52884e+06
42 9.94827e+06
91 2.54622e+07
13 2.46172e+06
35 6.73622e+06
72 1.74367e+07
19 4.07269e+06
51 1.1536e+07
94 2.80133e+07
64 1.56346e+07
88 2.52101e+07
31 5.27953e+06
86 2.29531e+07
47 1.02467e+07
40 8.78734e+06
59 1.50332e+07
73 1.96722e+07
54 1.19837e+07
29 5.25533e+06
76 2.03784e+07
55 1.3662e+07
23 4.64732e+06
56 1.43651e+07
16 3.37988e+06
38 7.17649e+06
38 7.17649e+06
32 6.2326e+06
74 2.02887e+07
33 6.59925e+06
20 4.43499e+06
18 3.93728e+06
17 3.49711e+06
34 6.71588e+06
33 6.59925e+06
33 6.59925e+06
78 2.20942e+07
68 1.72645e+07
84 2.27439e+07
95 3.02909e+07
37 6.86209e+06
Thế hệ thứ: 24
47 1.02467e+07
95 3.02909e+07
22 4.52884e+06
42 9.94827e+06
91 2.54622e+07
13 2.46172e+06
51 1.1536e+07
94 2.80133e+07
64 1.56346e+07
68 1.72645e+07
78 2.20942e+07
88 2.52101e+07
31 5.27953e+06
86 2.29531e+07
40 8.78734e+06
35 6.73622e+06
72 1.74367e+07
59 1.50332e+07
84 2.27439e+07
73 1.96722e+07
54 1.19837e+07
29 5.25533e+06
76 2.03784e+07
23 4.64732e+06
55 1.3662e+07
56 1.43651e+07
16 3.37988e+06
38 7.17649e+06
38 7.17649e+06
74 2.02887e+07
20 4.43499e+06
19 3.94121e+06
37 6.86209e+06
18 3.93728e+06
17 3.49711e+06
21 4.4907e+06
34 6.19842e+06
Thế hệ thứ: 25
47 1.02467e+07
42 9.94827e+06
91 2.54622e+07
13 2.46172e+06
39 6.98443e+06
51 1.1536e+07
64 1.56346e+07
68 1.72645e+07
88 2.52101e+07
31 5.27953e+06
86 2.29531e+07
40 8.78734e+06
35 6.73622e+06
72 1.74367e+07
59 1.50332e+07
84 2.27439e+07
54 1.19837e+07
29 5.25533e+06
55 1.3662e+07
16 3.37988e+06
34 6.19842e+06
56 1.43651e+07
19 3.94121e+06
37 6.86209e+06
17 3.49711e+06
18 3.93728e+06
23 4.38446e+06
95 2.70274e+07
80 1.942e+07
22 4.33716e+06
Thế hệ thứ: 26
13 2.46172e+06
72 1.74367e+07
40 8.78734e+06
95 2.70274e+07
47 1.02467e+07
56 1.43651e+07
80 1.942e+07
84 2.27439e+07
68 1.72645e+07
88 2.52101e+07
31 5.27953e+06
86 2.29531e+07
91 2.54622e+07
39 6.98443e+06
51 1.1536e+07
54 1.19837e+07
29 5.25533e+06
23 4.38446e+06
55 1.3662e+07
16 3.37988e+06
34 6.19842e+06
22 4.33716e+06
37 6.86209e+06
19 3.94121e+06
17 3.49711e+06
18 3.93728e+06
20 4.26165e+06
57 1.45433e+07
24 5.18118e+06
21 4.33472e+06
67 1.49037e+07
44 9.8083e+06
35 6.5965e+06
Thế hệ thứ: 27
67 1.49037e+07
13 2.46172e+06
95 2.70274e+07
40 8.78734e+06
72 1.74367e+07
56 1.43651e+07
80 1.942e+07
84 2.27439e+07
68 1.72645e+07
23 4.36883e+06
23 4.36883e+06
88 2.52101e+07
31 5.27953e+06
86 2.29531e+07
91 2.54622e+07
57 1.45433e+07
39 6.98443e+06
51 1.1536e+07
47 1.02467e+07
21 4.33472e+06
44 9.8083e+06
54 1.19837e+07
55 1.3662e+07
16 3.37988e+06
34 6.19842e+06
29 5.25533e+06
19 3.94121e+06
37 6.86209e+06
35 6.5965e+06
17 3.49711e+06
20 4.26165e+06
22 4.33716e+06
18 3.89856e+06
24 4.72077e+06
26 4.89006e+06
77 1.8787e+07
Thế hệ thứ: 28
67 1.49037e+07
13 2.46172e+06
72 1.74367e+07
95 2.70274e+07
40 8.78734e+06
77 1.8787e+07
56 1.43651e+07
80 1.942e+07
84 2.27439e+07
68 1.72645e+07
23 4.36883e+06
23 4.36883e+06
88 2.52101e+07
31 5.27953e+06
86 2.29531e+07
91 2.54622e+07
57 1.45433e+07
51 1.1536e+07
39 6.98443e+06
47 1.02467e+07
21 4.33472e+06
54 1.19837e+07
55 1.3662e+07
16 3.37988e+06
34 6.19842e+06
19 3.94121e+06
37 6.86209e+06
35 6.5965e+06
17 3.49711e+06
18 3.89856e+06
20 4.26165e+06
22 4.33716e+06
30 4.68901e+06
44 9.80767e+06
Thế hệ thứ: 29
67 1.49037e+07
13 2.46172e+06
72 1.74367e+07
95 2.70274e+07
40 8.78734e+06
77 1.8787e+07
80 1.942e+07
56 1.43651e+07
84 2.27439e+07
68 1.72645e+07
23 4.36883e+06
23 4.36883e+06
88 2.52101e+07
31 5.27953e+06
86 2.29531e+07
41 9.1107e+06
91 2.54622e+07
57 1.45433e+07
39 6.98443e+06
44 9.80767e+06
51 1.1536e+07
47 1.02467e+07
54 1.19837e+07
30 4.68901e+06
55 1.3662e+07
16 3.37988e+06
19 3.94121e+06
37 6.86209e+06
35 6.5965e+06
17 3.49711e+06
18 3.89856e+06
97 2.85284e+07
20 4.26165e+06
22 4.33716e+06
34 5.46297e+06
21 4.31015e+06
15 3.35959e+06
Thế hệ thứ: 30
67 1.49037e+07
13 2.46172e+06
20 4.26165e+06
97 2.85284e+07
77 1.8787e+07
56 1.43651e+07
80 1.942e+07
84 2.27439e+07
72 1.74367e+07
40 8.78734e+06
95 2.70274e+07
68 1.72645e+07
23 4.36883e+06
23 4.36883e+06
88 2.52101e+07
31 5.27953e+06
86 2.29531e+07
41 9.1107e+06
91 2.54622e+07
57 1.45433e+07
39 6.98443e+06
44 9.80767e+06
51 1.1536e+07
47 1.02467e+07
30 4.68901e+06
54 1.19837e+07
55 1.3662e+07
34 5.46297e+06
35 6.5965e+06
15 3.35959e+06
19 3.94121e+06
37 6.86209e+06
17 3.49711e+06
18 3.89856e+06
16 3.37988e+06
21 4.31015e+06
22 4.33716e+06
24 4.41148e+06
45 1.01881e+07
43 9.74277e+06
Thế hệ thứ: 31
67 1.49037e+07
13 2.46172e+06
20 4.26165e+06
97 2.85284e+07
77 1.8787e+07
56 1.43651e+07
80 1.942e+07
72 1.74367e+07
40 8.78734e+06
95 2.70274e+07
23 4.36883e+06
23 4.36883e+06
88 2.52101e+07
31 5.27953e+06
86 2.29531e+07
41 9.1107e+06
91 2.54622e+07
57 1.45433e+07
44 9.80767e+06
39 6.98443e+06
54 1.19837e+07
47 1.02467e+07
30 4.68901e+06
55 1.3662e+07
34 5.46297e+06
24 4.41148e+06
35 6.5965e+06
15 3.35959e+06
19 3.94121e+06
37 6.86209e+06
43 9.74277e+06
45 1.01881e+07
17 3.49711e+06
18 3.89856e+06
16 3.37988e+06
22 4.33716e+06
84 2.25013e+07
52 1.11519e+07
21 4.30182e+06
68 1.66448e+07
Thế hệ thứ: 32
67 1.49037e+07
13 2.46172e+06
20 4.26165e+06
97 2.85284e+07
77 1.8787e+07
56 1.43651e+07
80 1.942e+07
84 2.25013e+07
40 8.78734e+06
95 2.70274e+07
72 1.74367e+07
30 4.68901e+06
68 1.66448e+07
23 4.36883e+06
23 4.36883e+06
88 2.52101e+07
31 5.27953e+06
86 2.29531e+07
41 9.1107e+06
91 2.54622e+07
57 1.45433e+07
47 1.02467e+07
55 1.3662e+07
39 6.98443e+06
34 5.46297e+06
24 4.41148e+06
35 6.5965e+06
15 3.35959e+06
37 6.86209e+06
43 9.74277e+06
45 1.01881e+07
17 3.49711e+06
16 3.37988e+06
21 4.30182e+06
22 4.33716e+06
18 3.7905e+06
19 3.92636e+06
54 1.09336e+07
44 9.74412e+06
Thế hệ thứ: 33
67 1.49037e+07
13 2.46172e+06
97 2.85284e+07
80 1.942e+07
77 1.8787e+07
54 1.09336e+07
84 2.25013e+07
95 2.70274e+07
72 1.74367e+07
30 4.68901e+06
68 1.66448e+07
23 4.36883e+06
23 4.36883e+06
88 2.52101e+07
31 5.27953e+06
86 2.29531e+07
41 9.1107e+06
91 2.54622e+07
19 3.92636e+06
47 1.02467e+07
39 6.98443e+06
34 5.46297e+06
24 4.41148e+06
15 3.35959e+06
37 6.86209e+06
43 9.74277e+06
45 1.01881e+07
44 9.74412e+06
18 3.7905e+06
17 3.49711e+06
16 3.37988e+06
21 4.30182e+06
22 4.33716e+06
40 7.26499e+06
59 1.25159e+07
20 4.18599e+06
45 1.01881e+07
36 6.46511e+06
Thế hệ thứ: 34
67 1.49037e+07
13 2.46172e+06
97 2.85284e+07
84 2.25013e+07
59 1.25159e+07
80 1.942e+07
77 1.8787e+07
54 1.09336e+07
72 1.74367e+07
95 2.70274e+07
20 4.18599e+06
30 4.68901e+06
68 1.66448e+07
23 4.36883e+06
23 4.36883e+06
88 2.52101e+07
31 5.27953e+06
86 2.29531e+07
41 9.1107e+06
91 2.54622e+07
47 1.02467e+07
40 7.26499e+06
34 5.46297e+06
24 4.41148e+06
36 6.46511e+06
15 3.35959e+06
43 9.74277e+06
37 6.86209e+06
39 6.98443e+06
44 9.74412e+06
18 3.7905e+06
17 3.49711e+06
19 3.92636e+06
21 4.30182e+06
16 3.37988e+06
45 1.01881e+07
45 1.01881e+07
22 4.31981e+06
Thế hệ thứ: 35
40 6.49557e+06
67 1.49037e+07
13 2.46172e+06
97 2.85284e+07
84 2.25013e+07
59 1.25159e+07
80 1.942e+07
77 1.8787e+07
54 1.09336e+07
72 1.74367e+07
95 2.70274e+07
30 4.68901e+06
68 1.66448e+07
23 4.36883e+06
23 4.36883e+06
88 2.52101e+07
31 5.27953e+06
86 2.29531e+07
41 9.1107e+06
91 2.54622e+07
47 1.02467e+07
34 5.46297e+06
24 4.41148e+06
36 6.46511e+06
15 3.35959e+06
43 9.74277e+06
44 9.74412e+06
18 3.7905e+06
17 3.49711e+06
16 3.37988e+06
45 1.01881e+07
22 4.31981e+06
45 1.01881e+07
20 3.93952e+06
87 2.34565e+07
21 4.18646e+06
19 3.90588e+06
Thế hệ thứ: 36
67 1.49037e+07
40 6.49557e+06
13 2.46172e+06
97 2.85284e+07
84 2.25013e+07
59 1.25159e+07
80 1.942e+07
77 1.8787e+07
54 1.09336e+07
72 1.74367e+07
95 2.70274e+07
91 2.54622e+07
41 9.1107e+06
30 4.68901e+06
68 1.66448e+07
47 1.02467e+07
23 4.36883e+06
23 4.36883e+06
86 2.29531e+07
88 2.52101e+07
31 5.27953e+06
36 6.46511e+06
21 4.18646e+06
87 2.34565e+07
34 5.46297e+06
24 4.41148e+06
15 3.35959e+06
43 9.74277e+06
44 9.74412e+06
17 3.49711e+06
18 3.7905e+06
20 3.93952e+06
22 4.31981e+06
19 3.90588e+06
16 3.37988e+06
45 1.01881e+07
45 1.01881e+07
Thế hệ thứ: 37
67 1.49037e+07
40 6.49557e+06
13 2.46172e+06
97 2.85284e+07
84 2.25013e+07
59 1.25159e+07
80 1.942e+07
77 1.8787e+07
54 1.09336e+07
72 1.74367e+07
95 2.70274e+07
91 2.54622e+07
30 4.68901e+06
68 1.66448e+07
47 1.02467e+07
23 4.36883e+06
23 4.36883e+06
86 2.29531e+07
88 2.52101e+07
31 5.27953e+06
36 6.46511e+06
21 4.18646e+06
87 2.34565e+07
34 5.46297e+06
24 4.41148e+06
15 3.35959e+06
43 9.74277e+06
44 9.74412e+06
17 3.49711e+06
18 3.7905e+06
20 3.93952e+06
19 3.90588e+06
16 3.37988e+06
45 1.01881e+07
45 1.01881e+07
60 1.25341e+07
41 7.51679e+06
22 4.31949e+06
Thế hệ thứ: 38
67 1.49037e+07
40 6.49557e+06
13 2.46172e+06
97 2.85284e+07
80 1.942e+07
77 1.8787e+07
54 1.09336e+07
84 2.25013e+07
95 2.70274e+07
72 1.74367e+07
60 1.25341e+07
36 6.46511e+06
41 7.51679e+06
30 4.68901e+06
68 1.66448e+07
91 2.54622e+07
47 1.02467e+07
59 1.25159e+07
23 4.36883e+06
23 4.36883e+06
86 2.29531e+07
88 2.52101e+07
31 5.27953e+06
21 4.18646e+06
87 2.34565e+07
34 5.46297e+06
24 4.41148e+06
15 3.35959e+06
17 3.49711e+06
18 3.7905e+06
20 3.93952e+06
22 4.31949e+06
19 3.90588e+06
16 3.37988e+06
45 1.01881e+07
45 1.01881e+07
83 2.19475e+07
44 9.48976e+06
Thế hệ thứ: 39
67 1.49037e+07
40 6.49557e+06
13 2.46172e+06
97 2.85284e+07
80 1.942e+07
77 1.8787e+07
54 1.09336e+07
95 2.70274e+07
72 1.74367e+07
60 1.25341e+07
15 3.35959e+06
83 2.19475e+07
36 6.46511e+06
41 7.51679e+06
30 4.68901e+06
68 1.66448e+07
91 2.54622e+07
44 9.48976e+06
47 1.02467e+07
59 1.25159e+07
23 4.36883e+06
23 4.36883e+06
86 2.29531e+07
88 2.52101e+07
31 5.27953e+06
21 4.18646e+06
87 2.34565e+07
34 5.46297e+06
24 4.41148e+06
84 2.25013e+07
17 3.49711e+06
18 3.7905e+06
45 1.01881e+07
20 3.93952e+06
22 4.31949e+06
33 5.43648e+06
19 3.90588e+06
16 3.37988e+06
45 1.01881e+07
Thế hệ thứ: 40
67 1.49037e+07
40 6.49557e+06
13 2.46172e+06
97 2.85284e+07
80 1.942e+07
77 1.8787e+07
54 1.09336e+07
95 2.70274e+07
72 1.74367e+07
60 1.25341e+07
15 3.35959e+06
83 2.19475e+07
36 6.46511e+06
41 7.51679e+06
30 4.68901e+06
68 1.66448e+07
91 2.54622e+07
44 9.48976e+06
47 1.02467e+07
59 1.25159e+07
23 4.36883e+06
23 4.36883e+06
88 2.52101e+07
31 5.27953e+06
86 2.29531e+07
21 4.18646e+06
87 2.34565e+07
24 4.41148e+06
34 5.46297e+06
84 2.25013e+07
19 3.90588e+06
33 5.43648e+06
17 3.49711e+06
18 3.7905e+06
45 1.01881e+07
20 3.93952e+06
22 4.31949e+06
16 3.37988e+06
45 1.01881e+07
Thế hệ thứ: 41
67 1.49037e+07
40 6.49557e+06
13 2.46172e+06
97 2.85284e+07
80 1.942e+07
77 1.8787e+07
54 1.09336e+07
95 2.70274e+07
72 1.74367e+07
60 1.25341e+07
41 7.204e+06
15 3.35959e+06
83 2.19475e+07
36 6.46511e+06
30 4.68901e+06
68 1.66448e+07
91 2.54622e+07
44 9.48976e+06
47 1.02467e+07
59 1.25159e+07
23 4.36883e+06
23 4.36883e+06
88 2.52101e+07
31 5.27953e+06
86 2.29531e+07
21 4.18646e+06
87 2.34565e+07
24 4.41148e+06
34 5.46297e+06
84 2.25013e+07
19 3.90588e+06
33 5.43648e+06
17 3.49711e+06
18 3.7905e+06
45 1.01881e+07
20 3.93952e+06
22 4.31949e+06
16 3.37988e+06
45 1.01881e+07
Thế hệ thứ: 42
97 2.85284e+07
67 1.49037e+07
40 6.49557e+06
13 2.46172e+06
80 1.942e+07
77 1.8787e+07
54 1.09336e+07
95 2.70274e+07
72 1.74367e+07
60 1.25341e+07
41 7.204e+06
83 2.19475e+07
44 9.48976e+06
30 4.68901e+06
68 1.66448e+07
91 2.54622e+07
47 1.02467e+07
59 1.25159e+07
23 4.36883e+06
23 4.36883e+06
88 2.52101e+07
31 5.27953e+06
86 2.29531e+07
36 6.46511e+06
21 4.18646e+06
87 2.34565e+07
24 4.41148e+06
34 5.46297e+06
84 2.25013e+07
33 5.43648e+06
19 3.90588e+06
17 3.49711e+06
18 3.7905e+06
45 1.01881e+07
20 3.93952e+06
22 4.31949e+06
16 3.37988e+06
45 1.01881e+07
15 3.19126e+06
Thế hệ thứ: 43
97 2.85284e+07
67 1.49037e+07
40 6.49557e+06
15 3.19126e+06
13 2.46172e+06
80 1.942e+07
77 1.8787e+07
54 1.09336e+07
95 2.70274e+07
72 1.74367e+07
60 1.25341e+07
41 7.204e+06
83 2.19475e+07
44 9.48976e+06
30 4.68901e+06
68 1.66448e+07
91 2.54622e+07
47 1.02467e+07
59 1.25159e+07
23 4.36883e+06
23 4.36883e+06
88 2.52101e+07
31 5.27953e+06
86 2.29531e+07
36 6.46511e+06
21 4.18646e+06
87 2.34565e+07
24 4.41148e+06
24 4.41148e+06
34 5.46297e+06
84 2.25013e+07
19 3.90588e+06
33 5.43648e+06
17 3.49711e+06
18 3.7905e+06
45 1.01881e+07
16 3.37988e+06
20 3.93952e+06
22 4.31949e+06
45 1.01881e+07
82 2.1841e+07
Thế hệ thứ: 44
67 1.49037e+07
40 6.49557e+06
15 3.19126e+06
13 2.46172e+06
97 2.85284e+07
80 1.942e+07
77 1.8787e+07
54 1.09336e+07
95 2.70274e+07
72 1.74367e+07
60 1.25341e+07
83 2.19475e+07
41 7.204e+06
44 9.48976e+06
30 4.68901e+06
68 1.66448e+07
91 2.54622e+07
47 1.02467e+07
59 1.25159e+07
82 2.1841e+07
23 4.36883e+06
23 4.36883e+06
88 2.52101e+07
31 5.27953e+06
86 2.29531e+07
36 6.46511e+06
21 4.18646e+06
87 2.34565e+07
24 4.41148e+06
24 4.41148e+06
34 5.46297e+06
84 2.25013e+07
33 5.43648e+06
17 3.49711e+06
18 3.7905e+06
45 1.01881e+07
16 3.37988e+06
20 3.93952e+06
22 4.31949e+06
45 1.01881e+07
19 3.89264e+06
Thế hệ thứ: 45
67 1.49037e+07
40 6.49557e+06
15 3.19126e+06
13 2.46172e+06
97 2.85284e+07
80 1.942e+07
77 1.8787e+07
54 1.09336e+07
95 2.70274e+07
72 1.74367e+07
41 6.89365e+06
60 1.25341e+07
83 2.19475e+07
44 9.48976e+06
30 4.68901e+06
68 1.66448e+07
91 2.54622e+07
19 3.89264e+06
47 1.02467e+07
59 1.25159e+07
82 2.1841e+07
23 4.36883e+06
23 4.36883e+06
88 2.52101e+07
31 5.27953e+06
86 2.29531e+07
36 6.46511e+06
21 4.18646e+06
87 2.34565e+07
24 4.41148e+06
24 4.41148e+06
34 5.46297e+06
84 2.25013e+07
33 5.43648e+06
17 3.49711e+06
18 3.7905e+06
45 1.01881e+07
16 3.37988e+06
20 3.93952e+06
22 4.31949e+06
45 1.01881e+07
99 3.12147e+07
Thế hệ thứ: 46
67 1.49037e+07
40 6.49557e+06
99 3.12147e+07
15 3.19126e+06
13 2.46172e+06
77 1.8787e+07
54 1.09336e+07
97 2.85284e+07
95 2.70274e+07
72 1.74367e+07
60 1.25341e+07
41 6.89365e+06
80 1.942e+07
44 9.48976e+06
30 4.68901e+06
68 1.66448e+07
91 2.54622e+07
19 3.89264e+06
47 1.02467e+07
59 1.25159e+07
82 2.1841e+07
88 2.52101e+07
31 5.27953e+06
86 2.29531e+07
36 6.46511e+06
21 4.18646e+06
87 2.34565e+07
24 4.41148e+06
24 4.41148e+06
34 5.46297e+06
84 2.25013e+07
83 2.19475e+07
33 5.43648e+06
17 3.49711e+06
18 3.7905e+06
45 1.01881e+07
16 3.37988e+06
20 3.93952e+06
22 4.31949e+06
45 1.01881e+07
23 4.32331e+06
Thế hệ thứ: 47
67 1.49037e+07
40 6.49557e+06
15 3.19126e+06
13 2.46172e+06
99 3.12147e+07
77 1.8787e+07
54 1.09336e+07
97 2.85284e+07
95 2.70274e+07
72 1.74367e+07
41 6.89365e+06
60 1.25341e+07
80 1.942e+07
44 9.48976e+06
30 4.68901e+06
68 1.66448e+07
91 2.54622e+07
47 1.02467e+07
59 1.25159e+07
82 2.1841e+07
88 2.52101e+07
31 5.27953e+06
86 2.29531e+07
36 6.46511e+06
21 4.18646e+06
87 2.34565e+07
19 3.78852e+06
24 4.41148e+06
24 4.41148e+06
34 5.46297e+06
84 2.25013e+07
83 2.19475e+07
33 5.43648e+06
17 3.49711e+06
45 1.01881e+07
16 3.37988e+06
20 3.93952e+06
22 4.31949e+06
23 4.32331e+06
45 1.01881e+07
Thế hệ thứ: 48
67 1.49037e+07
40 6.49557e+06
99 3.12147e+07
15 3.19126e+06
13 2.46172e+06
77 1.8787e+07
54 1.09336e+07
97 2.85284e+07
95 2.70274e+07
72 1.74367e+07
41 6.89365e+06
60 1.25341e+07
80 1.942e+07
44 9.48976e+06
30 4.68901e+06
68 1.66448e+07
91 2.54622e+07
47 1.02467e+07
59 1.25159e+07
82 2.1841e+07
88 2.52101e+07
31 5.27953e+06
86 2.29531e+07
36 6.46511e+06
21 4.18646e+06
87 2.34565e+07
24 4.41148e+06
24 4.41148e+06
19 3.78852e+06
34 5.46297e+06
84 2.25013e+07
17 3.49711e+06
83 2.19475e+07
33 5.43648e+06
20 3.93952e+06
45 1.01881e+07
16 3.37988e+06
22 4.31949e+06
23 4.32331e+06
45 1.01881e+07
Thế hệ thứ: 49
67 1.49037e+07
40 6.49557e+06
15 3.19126e+06
13 2.46172e+06
99 3.12147e+07
77 1.8787e+07
54 1.09336e+07
97 2.85284e+07
95 2.70274e+07
72 1.74367e+07
41 6.89365e+06
60 1.25341e+07
80 1.942e+07
44 9.48976e+06
30 4.68901e+06
68 1.66448e+07
91 2.54622e+07
47 1.02467e+07
59 1.25159e+07
88 2.52101e+07
31 5.27953e+06
86 2.29531e+07
36 6.46511e+06
21 4.18646e+06
87 2.34565e+07
19 3.78852e+06
24 4.41148e+06
24 4.41148e+06
34 5.46297e+06
84 2.25013e+07
17 3.49711e+06
83 2.19475e+07
33 5.43648e+06
20 3.93952e+06
45 1.01881e+07
16 3.37988e+06
22 4.31949e+06
23 4.32331e+06
45 1.01881e+07
18 3.76319e+06
82 2.06907e+07
