Thế hệ thứ: 0
42 9.1151e+06
35 7.44771e+06
22 3.75692e+06
31 5.22939e+06
20 3.60982e+06
25 3.90369e+06
28 4.5102e+06
46 1.04036e+07
49 1.08072e+07
38 7.45245e+06
43 9.34493e+06
45 1.02025e+07
41 7.85762e+06
Thế hệ thứ: 1
44 7.42826e+06
31 5.22939e+06
20 3.60982e+06
28 4.5102e+06
49 1.08072e+07
25 3.90369e+06
29 4.58543e+06
33 6.45594e+06
21 3.74118e+06
38 7.04478e+06
50 1.14356e+07
22 3.74535e+06
45 9.32026e+06
48 9.73823e+06
Thế hệ thứ: 2
48 9.73823e+06
44 7.42826e+06
38 7.04478e+06
33 6.45594e+06
22 3.74535e+06
20 3.60982e+06
50 1.14356e+07
25 3.90369e+06
49 1.08072e+07
28 4.5102e+06
29 4.58543e+06
21 3.74118e+06
45 9.15904e+06
32 5.04183e+06
17 3.17661e+06
47 9.29566e+06
27 4.33428e+06
Thế hệ thứ: 3
49 1.08072e+07
17 3.17661e+06
44 7.42826e+06
45 9.15904e+06
32 5.04183e+06
48 9.73823e+06
25 3.90369e+06
20 3.60982e+06
29 4.58543e+06
27 4.33428e+06
47 9.29566e+06
28 4.5102e+06
22 3.68995e+06
50 1.11416e+07
31 4.65169e+06
38 6.81922e+06
36 5.88618e+06
39 6.94359e+06
Thế hệ thứ: 4
17 3.17661e+06
29 4.58543e+06
36 5.88618e+06
50 1.11416e+07
48 9.73823e+06
44 7.42826e+06
45 9.15904e+06
49 1.08072e+07
25 3.90369e+06
20 3.60982e+06
22 3.68995e+06
47 9.29566e+06
31 4.65169e+06
28 4.5102e+06
39 6.07433e+06
33 5.33974e+06
34 5.72975e+06
32 4.65802e+06
27 4.30474e+06
Thế hệ thứ: 5
17 3.17661e+06
44 7.42826e+06
39 6.07433e+06
25 3.90369e+06
20 3.60982e+06
33 5.33974e+06
29 4.58543e+06
36 5.88618e+06
22 3.68995e+06
27 4.30474e+06
47 9.29566e+06
34 5.72975e+06
32 4.65802e+06
31 4.65169e+06
28 4.5102e+06
41 7.29782e+06
18 3.42768e+06
48 9.4703e+06
50 1.03383e+07
45 7.89585e+06
40 6.81537e+06
Thế hệ thứ: 6
50 1.03383e+07
17 3.17661e+06
25 3.90369e+06
47 9.29566e+06
39 6.07433e+06
48 9.4703e+06
40 6.81537e+06
33 5.33974e+06
41 7.29782e+06
44 7.42826e+06
29 4.58543e+06
36 5.88618e+06
22 3.68995e+06
27 4.30474e+06
34 5.72975e+06
20 3.60982e+06
32 4.65802e+06
31 4.65169e+06
28 4.5102e+06
45 7.66079e+06
18 3.35923e+06
Thế hệ thứ: 7
17 3.17661e+06
50 1.03383e+07
45 7.66079e+06
47 9.29566e+06
39 6.07433e+06
39 6.07433e+06
25 3.90369e+06
48 9.4703e+06
40 6.81537e+06
41 7.29782e+06
36 5.88618e+06
22 3.68995e+06
44 7.42826e+06
20 3.60982e+06
32 4.65802e+06
18 3.35923e+06
31 4.65169e+06
46 8.96828e+06
34 5.42255e+06
29 4.13933e+06
33 4.93664e+06
21 3.64301e+06
Thế hệ thứ: 8
50 1.03383e+07
17 3.17661e+06
41 7.29782e+06
46 8.96828e+06
48 9.4703e+06
29 4.13933e+06
36 5.88618e+06
45 7.66079e+06
25 3.90369e+06
40 6.81537e+06
38 6.03709e+06
44 7.42826e+06
33 4.93664e+06
31 4.65169e+06
22 3.68995e+06
18 3.35923e+06
39 6.07433e+06
39 6.07433e+06
20 3.60982e+06
32 4.65802e+06
21 3.64301e+06
37 5.96489e+06
34 5.03927e+06
40 6.81537e+06
47 8.98608e+06
Thế hệ thứ: 9
36 5.42468e+06
17 3.17661e+06
48 9.4703e+06
29 4.13933e+06
45 7.66079e+06
25 3.90369e+06
41 7.29782e+06
46 8.96828e+06
34 5.03927e+06
44 7.42826e+06
31 4.65169e+06
22 3.68995e+06
18 3.35923e+06
39 6.07433e+06
39 6.07433e+06
40 6.81537e+06
47 8.98608e+06
20 3.60982e+06
33 4.93664e+06
32 4.65802e+06
40 6.81537e+06
21 3.64301e+06
50 1.0157e+07
23 3.69659e+06
19 3.5625e+06
38 5.69892e+06
Thế hệ thứ: 10
41 7.29782e+06
46 8.96828e+06
50 1.0157e+07
17 3.17661e+06
36 5.42468e+06
48 9.4703e+06
29 4.13933e+06
45 7.66079e+06
25 3.90369e+06
38 5.69892e+06
44 7.42826e+06
31 4.65169e+06
34 5.03927e+06
34 5.03927e+06
40 6.81537e+06
47 8.98608e+06
23 3.69659e+06
33 4.93664e+06
32 4.65802e+06
40 6.81537e+06
21 3.64301e+06
22 3.68995e+06
39 6.05162e+06
37 5.62806e+06
20 3.30329e+06
Thế hệ thứ: 11
39 6.05162e+06
17 3.17661e+06
50 1.0157e+07
48 9.4703e+06
29 4.13933e+06
45 7.66079e+06
25 3.90369e+06
20 3.30329e+06
44 7.42826e+06
31 4.65169e+06
40 6.81537e+06
23 3.69659e+06
21 3.64301e+06
34 5.03927e+06
34 5.03927e+06
33 4.93664e+06
32 4.65802e+06
37 5.62806e+06
40 6.81537e+06
22 3.68995e+06
43 6.90324e+06
41 6.89898e+06
47 8.71781e+06
49 9.97082e+06
38 5.68488e+06
36 5.26706e+06
Thế hệ thứ: 12
39 6.05162e+06
43 6.90324e+06
17 3.17661e+06
50 1.0157e+07
47 8.71781e+06
29 4.13933e+06
41 6.89898e+06
45 7.66079e+06
25 3.90369e+06
20 3.30329e+06
44 7.42826e+06
31 4.65169e+06
40 6.81537e+06
23 3.69659e+06
38 5.68488e+06
21 3.64301e+06
33 4.93664e+06
32 4.65802e+06
22 3.68995e+06
40 6.81537e+06
49 9.37271e+06
37 4.94877e+06
Thế hệ thứ: 13
49 9.11901e+06
37 4.94877e+06
43 6.90324e+06
17 3.17661e+06
47 8.71781e+06
25 3.90369e+06
29 4.13933e+06
41 6.89898e+06
45 7.66079e+06
39 6.05162e+06
38 5.68488e+06
50 9.37525e+06
33 4.93664e+06
20 3.30329e+06
44 7.42826e+06
40 6.81537e+06
23 3.69659e+06
21 3.64301e+06
32 4.65802e+06
22 3.68995e+06
40 6.81537e+06
31 4.62686e+06
Thế hệ thứ: 14
33 4.93664e+06
50 9.37525e+06
39 6.05162e+06
43 6.90324e+06
17 3.17661e+06
47 8.71781e+06
45 7.66079e+06
29 4.13933e+06
49 9.11901e+06
37 4.94877e+06
25 3.90369e+06
38 5.68488e+06
20 3.30329e+06
31 4.62686e+06
23 3.69659e+06
21 3.64301e+06
32 4.65802e+06
22 3.68995e+06
46 7.74677e+06
44 7.32638e+06
42 6.46576e+06
39 6.05162e+06
Thế hệ thứ: 15
33 4.93664e+06
50 9.37525e+06
42 6.46576e+06
42 6.46576e+06
20 3.30329e+06
43 6.90324e+06
17 3.17661e+06
47 8.71781e+06
29 4.13933e+06
49 9.11901e+06
37 4.94877e+06
25 3.90369e+06
38 5.68488e+06
46 7.74677e+06
44 7.32638e+06
31 4.62686e+06
39 6.05162e+06
45 7.66079e+06
23 3.69659e+06
21 3.64301e+06
39 6.05162e+06
22 3.68995e+06
32 4.65655e+06
41 6.0763e+06
Thế hệ thứ: 16
50 9.37525e+06
17 3.17661e+06
29 4.13933e+06
49 9.11901e+06
37 4.94877e+06
25 3.90369e+06
46 7.74677e+06
38 5.68488e+06
42 6.46576e+06
42 6.46576e+06
20 3.30329e+06
44 7.32638e+06
31 4.62686e+06
41 6.0763e+06
45 7.66079e+06
23 3.69659e+06
21 3.64301e+06
39 6.05162e+06
22 3.68995e+06
39 6.05162e+06
32 4.63351e+06
43 6.88326e+06
47 8.70992e+06
33 4.86786e+06
Thế hệ thứ: 17
50 9.37525e+06
17 3.17661e+06
47 8.70992e+06
29 4.13933e+06
49 9.11901e+06
37 4.94877e+06
25 3.90369e+06
46 7.74677e+06
33 4.86786e+06
43 6.88326e+06
20 3.30329e+06
44 7.32638e+06
31 4.62686e+06
41 6.0763e+06
45 7.66079e+06
23 3.69659e+06
21 3.64301e+06
32 4.63351e+06
39 6.05162e+06
22 3.68995e+06
39 6.05162e+06
42 6.35791e+06
38 5.37938e+06
Thế hệ thứ: 18
50 9.37525e+06
17 3.17661e+06
29 4.13933e+06
25 3.90369e+06
38 5.37938e+06
46 7.74677e+06
49 9.11901e+06
37 4.94877e+06
43 6.88326e+06
20 3.30329e+06
42 6.35791e+06
44 7.32638e+06
31 4.62686e+06
41 6.0763e+06
39 6.05162e+06
45 7.66079e+06
23 3.69659e+06
21 3.64301e+06
32 4.63351e+06
22 3.68995e+06
39 6.05162e+06
34 4.86599e+06
47 8.5888e+06
Thế hệ thứ: 19
47 8.5888e+06
50 9.37525e+06
17 3.17661e+06
29 4.13933e+06
25 3.90369e+06
46 7.74677e+06
38 5.37938e+06
43 6.88326e+06
49 9.11901e+06
37 4.94877e+06
34 4.86599e+06
20 3.30329e+06
42 6.35791e+06
44 7.32638e+06
31 4.62686e+06
41 6.0763e+06
39 6.05162e+06
32 4.63351e+06
45 7.66079e+06
23 3.69659e+06
39 6.05162e+06
22 3.65379e+06
21 3.55411e+06
36 4.90171e+06
Thế hệ thứ: 20
47 8.5888e+06
50 9.37525e+06
17 3.17661e+06
29 4.13933e+06
25 3.90369e+06
46 7.74677e+06
38 5.37938e+06
43 6.88326e+06
49 9.11901e+06
37 4.94877e+06
42 6.35791e+06
36 4.90171e+06
44 7.32638e+06
20 3.30329e+06
34 4.86599e+06
41 6.0763e+06
39 6.05162e+06
23 3.69659e+06
45 7.66079e+06
21 3.55411e+06
22 3.65379e+06
39 6.05162e+06
32 4.48756e+06
Thế hệ thứ: 21
47 8.5888e+06
50 9.37525e+06
17 3.17661e+06
29 4.13933e+06
25 3.90369e+06
32 4.48756e+06
46 7.74677e+06
38 5.37938e+06
37 4.94877e+06
49 9.11901e+06
43 6.88326e+06
42 6.35791e+06
34 4.86599e+06
36 4.90171e+06
44 7.32638e+06
20 3.30329e+06
41 6.0763e+06
23 3.69659e+06
45 7.66079e+06
21 3.55411e+06
22 3.65379e+06
40 6.00677e+06
Thế hệ thứ: 22
47 8.5888e+06
50 9.37525e+06
17 3.17661e+06
29 4.13933e+06
25 3.90369e+06
32 4.48756e+06
46 7.74677e+06
38 5.37938e+06
37 4.94877e+06
49 9.11901e+06
43 6.88326e+06
40 6.00677e+06
42 6.35791e+06
34 4.86599e+06
36 4.90171e+06
44 7.32638e+06
20 3.30329e+06
23 3.69659e+06
45 7.66079e+06
41 6.0763e+06
21 3.55411e+06
22 3.65379e+06
Thế hệ thứ: 23
47 8.5888e+06
50 9.37525e+06
17 3.17661e+06
29 4.13933e+06
25 3.90369e+06
32 4.48756e+06
46 7.74677e+06
37 4.94877e+06
49 9.11901e+06
43 6.88326e+06
42 6.35791e+06
34 4.86599e+06
36 4.90171e+06
44 7.32638e+06
20 3.30329e+06
23 3.69659e+06
45 7.66079e+06
41 6.0763e+06
21 3.55411e+06
22 3.65379e+06
40 5.38134e+06
38 5.14375e+06
Thế hệ thứ: 24
47 8.5888e+06
50 9.37525e+06
17 3.17661e+06
29 4.13933e+06
25 3.90369e+06
32 4.48756e+06
40 5.38134e+06
41 6.0763e+06
37 4.94877e+06
49 9.11901e+06
43 6.88326e+06
46 7.74677e+06
42 6.35791e+06
34 4.86599e+06
36 4.90171e+06
44 7.32638e+06
20 3.30329e+06
38 5.14375e+06
23 3.69659e+06
45 7.66079e+06
21 3.55411e+06
22 3.65379e+06
33 4.71414e+06
Thế hệ thứ: 25
47 8.5888e+06
43 6.75502e+06
50 9.37525e+06
17 3.17661e+06
29 4.13933e+06
25 3.90369e+06
40 5.38134e+06
41 6.0763e+06
37 4.94877e+06
27 4.06524e+06
49 9.11901e+06
32 4.48756e+06
42 6.35791e+06
44 7.32638e+06
20 3.30329e+06
38 5.14375e+06
23 3.69659e+06
45 7.66079e+06
33 4.71414e+06
21 3.55411e+06
22 3.65379e+06
36 4.73654e+06
24 3.89156e+06
46 7.7091e+06
Thế hệ thứ: 26
50 9.37525e+06
43 6.75502e+06
47 8.5888e+06
17 3.17661e+06
40 5.38134e+06
29 4.13933e+06
37 4.94877e+06
49 9.11901e+06
27 4.06524e+06
32 4.48756e+06
46 7.7091e+06
44 7.32638e+06
20 3.30329e+06
42 6.35791e+06
33 4.71414e+06
38 5.14375e+06
36 4.73654e+06
45 7.66079e+06
25 3.90369e+06
24 3.89156e+06
21 3.55411e+06
23 3.69659e+06
22 3.65379e+06
41 6.057e+06
48 8.85202e+06
Thế hệ thứ: 27
17 3.17661e+06
50 9.37525e+06
43 6.75502e+06
47 8.5888e+06
40 5.38134e+06
29 4.13933e+06
41 6.057e+06
32 4.48756e+06
46 7.7091e+06
44 7.32638e+06
20 3.30329e+06
42 6.35791e+06
33 4.71414e+06
38 5.14375e+06
37 4.94877e+06
27 4.06524e+06
49 9.11901e+06
36 4.73654e+06
48 8.85202e+06
45 7.66079e+06
25 3.90369e+06
24 3.89156e+06
21 3.55411e+06
23 3.69659e+06
22 3.65379e+06
31 4.47621e+06
Thế hệ thứ: 28
44 7.32638e+06
17 3.17661e+06
50 9.37525e+06
43 6.75502e+06
47 8.5888e+06
40 5.38134e+06
46 7.7091e+06
41 6.057e+06
29 4.13933e+06
20 3.30329e+06
42 6.35791e+06
33 4.71414e+06
38 5.14375e+06
37 4.94877e+06
27 4.06524e+06
49 9.11901e+06
36 4.73654e+06
48 8.85202e+06
45 7.66079e+06
31 4.41142e+06
25 3.90369e+06
24 3.89156e+06
21 3.55411e+06
32 4.48756e+06
23 3.69659e+06
22 3.65379e+06
19 3.25826e+06
Thế hệ thứ: 29
44 7.32638e+06
19 3.25826e+06
17 3.17661e+06
50 9.37525e+06
43 6.75502e+06
47 8.5888e+06
40 5.38134e+06
46 7.7091e+06
41 6.057e+06
29 4.13933e+06
42 6.35791e+06
33 4.71414e+06
38 5.14375e+06
37 4.94877e+06
27 4.06524e+06
49 9.11901e+06
36 4.73654e+06
25 3.90369e+06
31 4.41142e+06
48 8.85202e+06
45 7.66079e+06
24 3.89156e+06
21 3.55411e+06
32 4.48756e+06
20 3.30329e+06
23 3.69659e+06
22 3.65379e+06
Thế hệ thứ: 30
44 7.32638e+06
19 3.25826e+06
17 3.17661e+06
50 9.37525e+06
43 6.75502e+06
29 4.13933e+06
42 6.35791e+06
33 4.71414e+06
38 5.14375e+06
38 5.14375e+06
37 4.94877e+06
27 4.06524e+06
49 9.11901e+06
36 4.73654e+06
25 3.90369e+06
31 4.41142e+06
48 8.85202e+06
24 3.89156e+06
21 3.55411e+06
32 4.48756e+06
20 3.30329e+06
23 3.69659e+06
22 3.65379e+06
40 5.35592e+06
47 7.63595e+06
41 5.78682e+06
Thế hệ thứ: 31
44 7.32638e+06
19 3.25826e+06
50 9.37525e+06
43 6.75502e+06
42 6.35791e+06
47 7.63595e+06
48 8.85202e+06
41 5.78682e+06
40 5.35592e+06
29 4.13933e+06
33 4.71414e+06
37 4.94877e+06
27 4.06524e+06
49 9.11901e+06
36 4.73654e+06
31 4.41142e+06
21 3.55411e+06
32 4.48756e+06
20 3.30329e+06
38 5.14375e+06
38 5.14375e+06
17 3.15581e+06
25 3.62044e+06
Thế hệ thứ: 32
47 7.63595e+06
17 3.15581e+06
50 9.37525e+06
43 6.75502e+06
25 3.62044e+06
48 8.85202e+06
44 7.32638e+06
41 5.78682e+06
42 6.35791e+06
37 4.94877e+06
27 4.06524e+06
49 9.11901e+06
21 3.55411e+06
40 5.35592e+06
29 4.13933e+06
33 4.71414e+06
36 4.73654e+06
31 4.41142e+06
19 3.25826e+06
32 4.48756e+06
20 3.30329e+06
38 5.14375e+06
38 5.14375e+06
Thế hệ thứ: 33
47 7.63595e+06
17 3.15581e+06
50 9.37525e+06
43 6.75502e+06
25 3.62044e+06
48 8.85202e+06
44 7.32638e+06
41 5.78682e+06
37 4.94877e+06
27 4.06524e+06
49 9.11901e+06
21 3.55411e+06
40 5.35592e+06
29 4.13933e+06
33 4.71414e+06
36 4.73654e+06
31 4.41142e+06
19 3.25826e+06
32 4.48756e+06
20 3.30329e+06
38 5.14375e+06
38 5.14375e+06
42 5.80989e+06
Thế hệ thứ: 34
47 7.63595e+06
17 3.15581e+06
25 3.62044e+06
50 9.37525e+06
43 6.75502e+06
48 8.85202e+06
44 7.32638e+06
42 5.80989e+06
37 4.94877e+06
27 4.06524e+06
49 9.11901e+06
21 3.55411e+06
40 5.35592e+06
29 4.13933e+06
33 4.71414e+06
36 4.73654e+06
31 4.41142e+06
41 5.78682e+06
19 3.25826e+06
32 4.48756e+06
20 3.30329e+06
38 5.14375e+06
38 5.14375e+06
Thế hệ thứ: 35
47 7.63595e+06
17 3.15581e+06
25 3.62044e+06
50 9.37525e+06
43 6.75502e+06
48 8.85202e+06
44 7.32638e+06
42 5.80989e+06
37 4.94877e+06
27 4.06524e+06
49 9.11901e+06
21 3.55411e+06
40 5.35592e+06
29 4.13933e+06
33 4.71414e+06
36 4.73654e+06
31 4.41142e+06
41 5.78682e+06
19 3.25826e+06
32 4.48756e+06
20 3.30329e+06
38 5.14375e+06
38 5.14375e+06
Thế hệ thứ: 36
17 3.15581e+06
25 3.62044e+06
50 9.37525e+06
43 6.75502e+06
44 7.32638e+06
42 5.80989e+06
49 9.11901e+06
21 3.55411e+06
40 5.35592e+06
29 4.13933e+06
33 4.71414e+06
36 4.73654e+06
31 4.41142e+06
27 3.74273e+06
19 3.25826e+06
32 4.48756e+06
20 3.30329e+06
38 5.14375e+06
38 5.14375e+06
47 7.55343e+06
37 4.7543e+06
41 5.72965e+06
48 7.62436e+06
24 3.61664e+06
Thế hệ thứ: 37
48 7.62436e+06
17 3.15581e+06
50 9.37525e+06
42 5.80989e+06
42 5.80989e+06
44 7.32638e+06
29 4.13933e+06
19 3.25826e+06
27 3.74273e+06
40 5.35592e+06
21 3.55411e+06
47 7.55343e+06
33 4.71414e+06
31 4.41142e+06
24 3.61664e+06
36 4.73654e+06
43 6.68413e+06
37 4.7543e+06
25 3.62044e+06
32 4.48756e+06
20 3.30329e+06
38 5.14375e+06
38 5.14375e+06
41 5.72043e+06
28 4.01398e+06
49 8.86368e+06
Thế hệ thứ: 38
48 7.62436e+06
37 4.7543e+06
43 6.68413e+06
17 3.15581e+06
50 9.37525e+06
49 8.86368e+06
44 7.32638e+06
40 5.35592e+06
28 4.01398e+06
21 3.55411e+06
42 5.80989e+06
42 5.80989e+06
47 7.55343e+06
33 4.71414e+06
29 4.13933e+06
19 3.25826e+06
27 3.74273e+06
31 4.41142e+06
41 5.72043e+06
24 3.61664e+06
36 4.73654e+06
25 3.62044e+06
32 4.48756e+06
20 3.30329e+06
38 5.14375e+06
38 5.14375e+06
34 4.72198e+06
28 4.01398e+06
35 4.72387e+06
Thế hệ thứ: 39
50 9.37525e+06
28 4.01398e+06
48 7.62436e+06
37 4.7543e+06
43 6.68413e+06
17 3.15581e+06
49 8.86368e+06
44 7.32638e+06
40 5.35592e+06
28 4.01398e+06
21 3.55411e+06
42 5.80989e+06
42 5.80989e+06
47 7.55343e+06
29 4.13933e+06
19 3.25826e+06
27 3.74273e+06
31 4.41142e+06
41 5.72043e+06
24 3.61664e+06
25 3.62044e+06
32 4.48756e+06
20 3.30329e+06
33 4.71414e+06
38 5.14375e+06
38 5.14375e+06
36 4.73654e+06
35 4.72387e+06
34 4.72198e+06
Thế hệ thứ: 40
28 4.01398e+06
48 7.62436e+06
37 4.7543e+06
43 6.68413e+06
17 3.15581e+06
50 9.37525e+06
49 8.86368e+06
40 5.35592e+06
28 4.01398e+06
21 3.55411e+06
42 5.80989e+06
42 5.80989e+06
47 7.55343e+06
29 4.13933e+06
19 3.25826e+06
27 3.74273e+06
31 4.41142e+06
41 5.72043e+06
24 3.61664e+06
25 3.62044e+06
32 4.48756e+06
20 3.30329e+06
33 4.71414e+06
38 5.14375e+06
38 5.14375e+06
36 4.73654e+06
35 4.72387e+06
34 4.72198e+06
44 7.10351e+06
Thế hệ thứ: 41
44 7.10351e+06
50 9.37525e+06
37 4.7543e+06
43 6.68413e+06
28 4.01398e+06
48 7.62436e+06
33 4.69698e+06
17 3.15581e+06
49 8.86368e+06
47 7.55343e+06
40 5.35592e+06
28 4.01398e+06
21 3.55411e+06
42 5.80989e+06
42 5.80989e+06
29 4.13933e+06
19 3.25826e+06
27 3.74273e+06
31 4.41142e+06
41 5.72043e+06
24 3.61664e+06
25 3.62044e+06
32 4.48756e+06
20 3.30329e+06
38 5.14375e+06
38 5.14375e+06
36 4.73654e+06
35 4.72387e+06
34 4.72198e+06
Thế hệ thứ: 42
37 4.7543e+06
43 6.68413e+06
28 4.01398e+06
48 7.62436e+06
33 4.69698e+06
17 3.15581e+06
44 7.10351e+06
50 9.37525e+06
49 8.86368e+06
47 7.55343e+06
40 5.35592e+06
28 4.01398e+06
21 3.55411e+06
42 5.80989e+06
42 5.80989e+06
29 4.13933e+06
19 3.25826e+06
27 3.74273e+06
31 4.41142e+06
41 5.72043e+06
24 3.61664e+06
25 3.62044e+06
20 3.30329e+06
32 4.48756e+06
38 5.14375e+06
38 5.14375e+06
36 4.73654e+06
34 4.72198e+06
35 4.72387e+06
Thế hệ thứ: 43
37 4.7543e+06
43 6.68413e+06
28 4.01398e+06
48 7.62436e+06
33 4.69698e+06
17 3.15581e+06
44 7.10351e+06
50 9.37525e+06
49 8.86368e+06
47 7.55343e+06
40 5.35592e+06
28 4.01398e+06
21 3.55411e+06
42 5.80989e+06
42 5.80989e+06
29 4.13933e+06
19 3.25826e+06
27 3.74273e+06
31 4.41142e+06
41 5.72043e+06
24 3.61664e+06
25 3.62044e+06
20 3.30329e+06
32 4.48756e+06
38 5.14375e+06
38 5.14375e+06
36 4.73654e+06
34 4.72198e+06
35 4.72387e+06
Thế hệ thứ: 44
37 4.7543e+06
43 6.68413e+06
28 4.01398e+06
48 7.62436e+06
33 4.69698e+06
17 3.15581e+06
44 7.10351e+06
50 9.37525e+06
49 8.86368e+06
47 7.55343e+06
40 5.35592e+06
28 4.01398e+06
21 3.55411e+06
42 5.80989e+06
42 5.80989e+06
29 4.13933e+06
19 3.25826e+06
27 3.74273e+06
31 4.41142e+06
41 5.72043e+06
24 3.61664e+06
25 3.62044e+06
20 3.30329e+06
32 4.48756e+06
38 5.14375e+06
38 5.14375e+06
36 4.73654e+06
34 4.72198e+06
35 4.72387e+06
Thế hệ thứ: 45
37 4.7543e+06
43 6.68413e+06
28 4.01398e+06
48 7.62436e+06
17 3.15581e+06
44 7.10351e+06
50 9.37525e+06
49 8.86368e+06
47 7.55343e+06
40 5.35592e+06
28 4.01398e+06
21 3.55411e+06
42 5.80989e+06
42 5.80989e+06
29 4.13933e+06
19 3.25826e+06
27 3.74273e+06
31 4.41142e+06
41 5.72043e+06
24 3.61664e+06
25 3.62044e+06
20 3.30329e+06
32 4.48756e+06
38 5.14375e+06
38 5.14375e+06
36 4.73654e+06
34 4.72198e+06
35 4.72387e+06
30 4.37221e+06
33 4.59359e+06
Thế hệ thứ: 46
37 4.7543e+06
43 6.68413e+06
48 7.62436e+06
17 3.15581e+06
44 7.10351e+06
50 9.37525e+06
49 8.86368e+06
47 7.55343e+06
40 5.35592e+06
21 3.55411e+06
42 5.80989e+06
42 5.80989e+06
19 3.25826e+06
27 3.74273e+06
41 5.72043e+06
24 3.61664e+06
29 4.13933e+06
25 3.62044e+06
20 3.30329e+06
30 4.37221e+06
34 4.72198e+06
33 4.59359e+06
38 5.14375e+06
38 5.14375e+06
32 4.48756e+06
31 4.41142e+06
36 4.73654e+06
35 4.72387e+06
28 4.00079e+06
Thế hệ thứ: 47
37 4.7543e+06
43 6.68413e+06
48 7.62436e+06
17 3.15581e+06
44 7.10351e+06
50 9.37525e+06
49 8.86368e+06
47 7.55343e+06
40 5.35592e+06
21 3.55411e+06
42 5.80989e+06
42 5.80989e+06
19 3.25826e+06
27 3.74273e+06
24 3.61664e+06
28 4.00079e+06
29 4.13933e+06
25 3.62044e+06
20 3.30329e+06
30 4.37221e+06
34 4.72198e+06
38 5.14375e+06
38 5.14375e+06
31 4.41142e+06
36 4.73654e+06
35 4.72387e+06
33 4.4797e+06
41 5.56378e+06
Thế hệ thứ: 48
37 4.7543e+06
43 6.68413e+06
48 7.62436e+06
17 3.15581e+06
44 7.10351e+06
50 9.37525e+06
49 8.86368e+06
47 7.55343e+06
21 3.55411e+06
42 5.80989e+06
42 5.80989e+06
40 5.35592e+06
19 3.25826e+06
27 3.74273e+06
33 4.4797e+06
25 3.62044e+06
41 5.56378e+06
24 3.61664e+06
28 4.00079e+06
29 4.13933e+06
31 4.41142e+06
20 3.30329e+06
30 4.37221e+06
34 4.72198e+06
38 5.14375e+06
38 5.14375e+06
36 4.73654e+06
35 4.72387e+06
Thế hệ thứ: 49
37 4.7543e+06
43 6.68413e+06
48 7.62436e+06
17 3.15581e+06
44 7.10351e+06
50 9.37525e+06
49 8.86368e+06
47 7.55343e+06
21 3.55411e+06
42 5.80989e+06
42 5.80989e+06
40 5.35592e+06
19 3.25826e+06
27 3.74273e+06
33 4.4797e+06
25 3.62044e+06
41 5.56378e+06
24 3.61664e+06
28 4.00079e+06
29 4.13933e+06
31 4.41142e+06
20 3.30329e+06
30 4.37221e+06
34 4.72198e+06
38 5.14375e+06
38 5.14375e+06
36 4.73654e+06
35 4.72387e+06

