Thế hệ thứ: 0
21 4.33206e+06
20 3.97865e+06
72 2.07665e+07
69 1.91476e+07
67 1.82336e+07
19 3.38609e+06
42 1.03747e+07
24 5.47346e+06
29 6.63378e+06
70 2.04856e+07
84 3.18503e+07
76 2.27186e+07
81 3.03413e+07
57 1.67191e+07
83 3.08553e+07
37 8.2667e+06
78 2.38743e+07
79 2.74223e+07
74 2.08783e+07
60 1.69518e+07
68 1.85738e+07
61 1.69569e+07
75 2.21401e+07
77 2.36398e+07
Thế hệ thứ: 1
19 3.38609e+06
42 1.03747e+07
24 5.47346e+06
20 3.97865e+06
46 1.08216e+07
84 3.18503e+07
76 2.27186e+07
57 1.67191e+07
37 8.2667e+06
79 2.74223e+07
74 2.08783e+07
67 1.82336e+07
78 2.38743e+07
77 2.36398e+07
61 1.69569e+07
21 4.33206e+06
83 3.08553e+07
70 2.04856e+07
69 1.91476e+07
75 2.21401e+07
72 2.07665e+07
60 1.69518e+07
68 1.85738e+07
53 1.47963e+07
28 5.48762e+06
52 1.31048e+07
33 5.93127e+06
81 2.76363e+07
Thế hệ thứ: 2
19 3.38609e+06
24 5.47346e+06
42 1.03747e+07
20 3.97865e+06
46 1.08216e+07
84 3.18503e+07
76 2.27186e+07
56 1.31152e+07
37 8.2667e+06
52 1.31048e+07
33 5.93127e+06
70 2.04856e+07
83 3.08553e+07
81 2.76363e+07
74 2.08783e+07
67 1.82336e+07
78 2.38743e+07
28 5.48762e+06
61 1.69569e+07
21 4.33206e+06
69 1.91476e+07
75 2.21401e+07
72 2.07665e+07
60 1.69518e+07
68 1.85738e+07
40 1.0051e+07
79 2.49701e+07
77 2.34005e+07
22 5.35091e+06
57 1.6135e+07
Thế hệ thứ: 3
19 3.38609e+06
20 3.97865e+06
84 3.18503e+07
76 2.27186e+07
33 5.93127e+06
81 2.76363e+07
37 8.2667e+06
56 1.31152e+07
48 1.08738e+07
52 1.31048e+07
57 1.6135e+07
70 2.04856e+07
83 3.08553e+07
74 2.08783e+07
67 1.82336e+07
28 5.48762e+06
61 1.69569e+07
40 1.0051e+07
24 5.47346e+06
42 1.03747e+07
69 1.91476e+07
75 2.21401e+07
60 1.69518e+07
23 5.10183e+06
78 2.38743e+07
21 4.33206e+06
77 2.34005e+07
68 1.85738e+07
80 2.45016e+07
50 1.30198e+07
72 2.05212e+07
62 1.8095e+07
46 1.05655e+07
Thế hệ thứ: 4
42 1.00421e+07
19 3.38609e+06
84 3.18503e+07
76 2.27186e+07
20 3.97865e+06
72 2.05212e+07
33 5.93127e+06
56 1.31152e+07
37 8.2667e+06
57 1.6135e+07
83 3.08553e+07
80 2.45016e+07
28 5.48762e+06
52 1.31048e+07
24 5.47346e+06
74 2.08783e+07
75 2.21401e+07
60 1.69518e+07
78 2.38743e+07
23 5.10183e+06
21 4.33206e+06
77 2.34005e+07
61 1.69569e+07
50 1.00834e+07
66 1.76749e+07
82 2.74117e+07
71 1.93791e+07
69 1.80177e+07
Thế hệ thứ: 5
19 3.38609e+06
42 1.00421e+07
20 3.97865e+06
84 3.18503e+07
76 2.27186e+07
37 8.2667e+06
56 1.31152e+07
82 2.74117e+07
50 1.00834e+07
72 2.05212e+07
33 5.93127e+06
52 1.31048e+07
80 2.45016e+07
66 1.76749e+07
69 1.80177e+07
71 1.93791e+07
74 2.08783e+07
75 2.21401e+07
78 2.38743e+07
21 4.33206e+06
77 2.34005e+07
65 1.75718e+07
29 5.29933e+06
34 6.30675e+06
23 5.06265e+06
83 2.96946e+07
63 1.60615e+07
Thế hệ thứ: 6
23 5.06265e+06
19 3.38609e+06
20 3.97865e+06
84 3.18503e+07
82 2.74117e+07
42 9.21751e+06
63 1.60615e+07
37 8.2667e+06
56 1.31152e+07
50 1.00834e+07
52 1.31048e+07
83 2.96946e+07
80 2.45016e+07
29 5.29933e+06
34 6.30675e+06
69 1.80177e+07
71 1.93791e+07
72 2.05212e+07
33 5.93127e+06
74 2.08783e+07
65 1.75718e+07
78 2.38743e+07
21 4.33206e+06
66 1.76749e+07
64 1.74213e+07
31 5.68995e+06
24 5.07923e+06
77 2.14428e+07
51 1.04817e+07
Thế hệ thứ: 7
19 3.38609e+06
60 1.47575e+07
20 3.97865e+06
82 2.74117e+07
63 1.60615e+07
42 9.21751e+06
37 8.2667e+06
56 1.31152e+07
50 1.00834e+07
52 1.31048e+07
77 2.14428e+07
34 6.30675e+06
51 1.04817e+07
69 1.80177e+07
71 1.93791e+07
29 5.29933e+06
74 2.08783e+07
33 5.93127e+06
72 2.05212e+07
21 4.33206e+06
64 1.74213e+07
66 1.76749e+07
65 1.75718e+07
78 2.30052e+07
27 4.89448e+06
57 1.33362e+07
31 5.37569e+06
84 2.88754e+07
80 2.4344e+07
47 9.8319e+06
Thế hệ thứ: 8
63 1.60615e+07
42 9.21751e+06
82 2.74117e+07
84 2.88754e+07
19 3.38609e+06
37 8.2667e+06
56 1.31152e+07
60 1.47575e+07
52 1.31048e+07
27 4.89448e+06
47 9.8319e+06
78 2.30052e+07
34 6.30675e+06
51 1.04817e+07
77 2.14428e+07
71 1.93791e+07
69 1.80177e+07
21 4.33206e+06
57 1.33362e+07
74 2.08783e+07
33 5.93127e+06
64 1.74213e+07
50 1.00834e+07
29 5.29933e+06
31 5.37569e+06
66 1.76749e+07
20 3.97865e+06
65 1.75718e+07
81 2.35055e+07
72 2.01649e+07
Thế hệ thứ: 9
63 1.60615e+07
42 9.21751e+06
82 2.74117e+07
84 2.88754e+07
19 3.38609e+06
37 8.2667e+06
56 1.31152e+07
81 2.35055e+07
60 1.47575e+07
52 1.31048e+07
27 4.89448e+06
78 2.30052e+07
47 9.8319e+06
34 6.30675e+06
51 1.04817e+07
77 2.14428e+07
79 2.30689e+07
69 1.80177e+07
21 4.33206e+06
71 1.93791e+07
57 1.33362e+07
64 1.74213e+07
50 1.00834e+07
29 5.29933e+06
31 5.37569e+06
33 5.93127e+06
28 4.98384e+06
66 1.76749e+07
20 3.97865e+06
65 1.75718e+07
74 1.94359e+07
86 2.92755e+07
Thế hệ thứ: 10
19 3.38609e+06
58 1.44531e+07
74 1.94359e+07
86 2.92755e+07
63 1.60615e+07
42 9.21751e+06
82 2.74117e+07
56 1.31152e+07
81 2.35055e+07
77 2.14428e+07
60 1.47575e+07
52 1.31048e+07
47 9.8319e+06
34 6.30675e+06
51 1.04817e+07
79 2.30689e+07
69 1.80177e+07
21 4.33206e+06
84 2.88754e+07
27 4.89448e+06
71 1.93791e+07
57 1.33362e+07
50 1.00834e+07
29 5.29933e+06
31 5.37569e+06
33 5.93127e+06
28 4.98384e+06
66 1.76749e+07
20 3.97865e+06
65 1.75718e+07
93 3.16295e+07
35 6.67688e+06
78 2.22768e+07
64 1.70671e+07
38 7.34993e+06
Thế hệ thứ: 11
58 1.44531e+07
19 3.38609e+06
52 1.31048e+07
93 3.16295e+07
63 1.60615e+07
42 9.21751e+06
82 2.74117e+07
74 1.94359e+07
86 2.92755e+07
81 2.35055e+07
38 7.34993e+06
77 2.14428e+07
47 9.8319e+06
51 1.04817e+07
79 2.30689e+07
69 1.80177e+07
21 4.33206e+06
60 1.47575e+07
84 2.88754e+07
71 1.93791e+07
27 4.89448e+06
57 1.33362e+07
35 6.67688e+06
56 1.31152e+07
64 1.70671e+07
50 1.00834e+07
29 5.29933e+06
31 5.37569e+06
33 5.93127e+06
28 4.98384e+06
66 1.76749e+07
20 3.97865e+06
34 6.30675e+06
65 1.75718e+07
89 3.06842e+07
78 2.20612e+07
30 5.37003e+06
Thế hệ thứ: 12
58 1.44531e+07
19 3.38609e+06
63 1.60615e+07
42 9.21751e+06
82 2.74117e+07
52 1.30374e+07
81 2.35055e+07
38 7.34993e+06
74 1.94359e+07
77 2.14428e+07
47 9.8319e+06
51 1.04817e+07
79 2.30689e+07
69 1.80177e+07
21 4.33206e+06
60 1.47575e+07
84 2.88754e+07
71 1.93791e+07
70 1.83868e+07
27 4.89448e+06
35 6.67688e+06
57 1.33362e+07
78 2.20612e+07
56 1.31152e+07
64 1.70671e+07
50 1.00834e+07
28 4.98384e+06
66 1.76749e+07
20 3.97865e+06
29 5.29933e+06
31 5.37569e+06
34 6.30675e+06
65 1.75718e+07
30 5.37003e+06
33 5.40915e+06
93 2.91149e+07
Thế hệ thứ: 13
58 1.44531e+07
19 3.38609e+06
38 7.34993e+06
70 1.83868e+07
27 4.89448e+06
93 2.91149e+07
63 1.60615e+07
42 9.21751e+06
52 1.30374e+07
81 2.35055e+07
74 1.94359e+07
77 2.14428e+07
51 1.04817e+07
47 9.8319e+06
21 4.33206e+06
60 1.47575e+07
69 1.80177e+07
79 2.30689e+07
71 1.93791e+07
57 1.33362e+07
35 6.67688e+06
78 2.20612e+07
56 1.31152e+07
50 1.00834e+07
33 5.40915e+06
28 4.98384e+06
66 1.76749e+07
20 3.97865e+06
29 5.29933e+06
31 5.37569e+06
30 5.37003e+06
65 1.65103e+07
61 1.54743e+07
90 2.56341e+07
37 7.34062e+06
34 6.20386e+06
Thế hệ thứ: 14
58 1.44531e+07
19 3.38609e+06
90 2.56341e+07
70 1.83868e+07
27 4.89448e+06
93 2.91149e+07
52 1.30374e+07
81 2.35055e+07
63 1.60615e+07
42 9.21751e+06
74 1.94359e+07
77 2.14428e+07
51 1.04817e+07
47 9.8319e+06
38 7.34993e+06
21 4.33206e+06
28 4.98384e+06
44 9.45808e+06
66 1.76749e+07
65 1.65103e+07
69 1.80177e+07
79 2.30689e+07
71 1.93791e+07
37 7.34062e+06
37 7.34062e+06
61 1.54743e+07
78 2.20612e+07
57 1.33362e+07
35 6.67688e+06
60 1.47575e+07
50 1.00834e+07
56 1.31152e+07
34 6.20386e+06
33 5.40915e+06
20 3.97865e+06
31 5.37569e+06
30 5.28961e+06
Thế hệ thứ: 15
58 1.44531e+07
19 3.38609e+06
90 2.56341e+07
70 1.83868e+07
27 4.89448e+06
93 2.91149e+07
52 1.30374e+07
81 2.35055e+07
63 1.60615e+07
42 9.21751e+06
74 1.94359e+07
94 3.29846e+07
77 2.14428e+07
51 1.04817e+07
38 7.34993e+06
21 4.33206e+06
28 4.98384e+06
66 1.76749e+07
44 9.45808e+06
47 9.8319e+06
65 1.65103e+07
69 1.80177e+07
79 2.30689e+07
71 1.93791e+07
37 7.34062e+06
37 7.34062e+06
61 1.54743e+07
78 2.20612e+07
35 6.67688e+06
57 1.33362e+07
60 1.47575e+07
50 1.00834e+07
56 1.31152e+07
34 6.20386e+06
33 5.40915e+06
20 3.97865e+06
30 5.28961e+06
31 5.37569e+06
36 7.33077e+06
92 2.80626e+07
43 9.36871e+06
Thế hệ thứ: 16
47 9.8319e+06
92 2.80626e+07
58 1.44531e+07
19 3.38609e+06
94 3.29846e+07
77 2.14428e+07
70 1.83868e+07
27 4.89448e+06
93 2.91149e+07
90 2.56341e+07
52 1.30374e+07
81 2.35055e+07
74 1.94359e+07
63 1.60615e+07
42 9.21751e+06
38 7.34993e+06
51 1.04817e+07
21 4.33206e+06
28 4.98384e+06
66 1.76749e+07
44 9.45808e+06
65 1.65103e+07
69 1.80177e+07
79 2.30689e+07
71 1.93791e+07
37 7.34062e+06
37 7.34062e+06
61 1.54743e+07
78 2.20612e+07
56 1.31152e+07
50 1.00834e+07
39 9.02767e+06
60 1.47575e+07
35 6.67688e+06
57 1.33362e+07
34 6.20386e+06
33 5.40915e+06
20 3.97865e+06
30 5.28961e+06
30 5.28961e+06
36 7.33077e+06
31 5.37569e+06
43 9.36871e+06
Thế hệ thứ: 17
47 9.8319e+06
92 2.80626e+07
58 1.44531e+07
19 3.38609e+06
94 3.29846e+07
77 2.14428e+07
70 1.83868e+07
27 4.89448e+06
93 2.91149e+07
90 2.56341e+07
81 2.35055e+07
74 1.94359e+07
51 1.04817e+07
21 4.33206e+06
60 1.47575e+07
28 4.98384e+06
66 1.76749e+07
44 9.45808e+06
65 1.65103e+07
69 1.80177e+07
79 2.30689e+07
71 1.93791e+07
42 9.21751e+06
63 1.60615e+07
37 7.34062e+06
37 7.34062e+06
61 1.54743e+07
38 7.34993e+06
78 2.20612e+07
56 1.31152e+07
50 1.00834e+07
35 6.67688e+06
57 1.33362e+07
34 6.20386e+06
33 5.40915e+06
20 3.97865e+06
31 5.37569e+06
30 5.28961e+06
30 5.28961e+06
43 9.36871e+06
82 2.50098e+07
31 5.37569e+06
39 8.69779e+06
53 1.21371e+07
36 6.76745e+06
Thế hệ thứ: 18
47 9.8319e+06
92 2.80626e+07
58 1.44531e+07
19 3.38609e+06
94 3.29846e+07
77 2.14428e+07
70 1.83868e+07
27 4.89448e+06
93 2.91149e+07
90 2.56341e+07
53 1.21371e+07
74 1.94359e+07
21 4.33206e+06
39 8.69779e+06
51 1.04817e+07
81 2.35055e+07
28 4.98384e+06
66 1.76749e+07
44 9.45808e+06
65 1.65103e+07
85 2.45587e+07
56 1.31152e+07
69 1.80177e+07
79 2.30689e+07
71 1.93791e+07
42 9.21751e+06
63 1.60615e+07
37 7.34062e+06
37 7.34062e+06
61 1.54743e+07
78 2.20612e+07
50 1.00834e+07
60 1.47575e+07
38 7.34993e+06
35 6.67688e+06
57 1.33362e+07
34 6.20386e+06
33 5.40915e+06
20 3.97865e+06
36 6.76745e+06
30 5.28961e+06
30 5.28961e+06
43 9.36871e+06
31 5.37569e+06
31 5.37569e+06
55 1.30236e+07
Thế hệ thứ: 19
47 9.8319e+06
92 2.80626e+07
58 1.44531e+07
19 3.38609e+06
77 2.14428e+07
85 2.45587e+07
56 1.31152e+07
70 1.83868e+07
27 4.89448e+06
93 2.91149e+07
90 2.56341e+07
74 1.94359e+07
53 1.21371e+07
81 2.35055e+07
21 4.33206e+06
39 8.69779e+06
51 1.04817e+07
28 4.98384e+06
66 1.76749e+07
44 9.45808e+06
65 1.65103e+07
69 1.80177e+07
79 2.30689e+07
71 1.93791e+07
55 1.30236e+07
42 9.21751e+06
63 1.60615e+07
37 7.34062e+06
37 7.34062e+06
61 1.54743e+07
78 2.20612e+07
50 1.00834e+07
60 1.47575e+07
38 7.34993e+06
35 6.67688e+06
57 1.33362e+07
34 6.20386e+06
33 5.40915e+06
20 3.97865e+06
36 6.76745e+06
30 5.28961e+06
30 5.28961e+06
43 9.36871e+06
31 5.37569e+06
31 5.37569e+06
29 5.28694e+06
94 3.03893e+07
Thế hệ thứ: 20
47 9.8319e+06
92 2.80626e+07
58 1.44531e+07
19 3.38609e+06
77 2.14428e+07
94 3.03893e+07
85 2.45587e+07
56 1.31152e+07
90 2.56341e+07
74 1.94359e+07
53 1.21371e+07
81 2.35055e+07
21 4.33206e+06
39 8.69779e+06
70 1.83868e+07
93 2.91149e+07
27 4.89448e+06
51 1.04817e+07
28 4.98384e+06
66 1.76749e+07
44 9.45808e+06
65 1.65103e+07
69 1.80177e+07
79 2.30689e+07
71 1.93791e+07
55 1.30236e+07
42 9.21751e+06
63 1.60615e+07
37 7.34062e+06
37 7.34062e+06
61 1.54743e+07
78 2.20612e+07
60 1.47575e+07
50 1.00834e+07
38 7.34993e+06
35 6.67688e+06
57 1.33362e+07
34 6.20386e+06
33 5.40915e+06
20 3.97865e+06
36 6.76745e+06
43 9.36871e+06
32 5.26083e+06
Thế hệ thứ: 21
47 9.8319e+06
92 2.80626e+07
58 1.44531e+07
19 3.38609e+06
77 2.14428e+07
94 3.03893e+07
85 2.45587e+07
56 1.31152e+07
90 2.56341e+07
31 5.13085e+06
74 1.94359e+07
53 1.21371e+07
81 2.35055e+07
21 4.33206e+06
39 8.69779e+06
70 1.83868e+07
93 2.91149e+07
27 4.89448e+06
51 1.04817e+07
66 1.76749e+07
44 9.45808e+06
28 4.98384e+06
65 1.65103e+07
79 2.30689e+07
69 1.80177e+07
71 1.93791e+07
55 1.30236e+07
42 9.21751e+06
63 1.60615e+07
61 1.54743e+07
78 2.20612e+07
20 3.97865e+06
32 5.26083e+06
60 1.47575e+07
50 1.00834e+07
57 1.33362e+07
34 6.20386e+06
38 7.15438e+06
33 5.40915e+06
36 6.76745e+06
43 9.36871e+06
35 6.20935e+06
84 2.44898e+07
Thế hệ thứ: 22
47 9.8319e+06
92 2.80626e+07
58 1.44531e+07
19 3.38609e+06
39 8.69779e+06
77 2.14428e+07
94 3.03893e+07
90 2.56341e+07
74 1.94359e+07
31 5.13085e+06
53 1.21371e+07
21 4.33206e+06
85 2.45587e+07
56 1.31152e+07
81 2.35055e+07
70 1.83868e+07
93 2.91149e+07
27 4.89448e+06
51 1.04817e+07
33 5.40915e+06
38 7.15438e+06
28 4.98384e+06
66 1.76749e+07
44 9.45808e+06
65 1.65103e+07
69 1.80177e+07
84 2.44898e+07
71 1.93791e+07
55 1.30236e+07
42 9.21751e+06
63 1.60615e+07
61 1.54743e+07
78 2.20612e+07
60 1.47575e+07
50 1.00834e+07
57 1.33362e+07
36 6.76745e+06
32 5.26083e+06
20 3.97865e+06
34 6.20386e+06
35 6.20935e+06
43 9.36871e+06
95 3.21462e+07
79 2.23817e+07
Thế hệ thứ: 23
47 9.8319e+06
92 2.80626e+07
58 1.44531e+07
19 3.38609e+06
95 3.21462e+07
90 2.56341e+07
74 1.94359e+07
31 5.13085e+06
77 2.14428e+07
53 1.21371e+07
81 2.35055e+07
94 3.03893e+07
39 8.69779e+06
21 4.33206e+06
85 2.45587e+07
56 1.31152e+07
93 2.91149e+07
27 4.89448e+06
51 1.04817e+07
33 5.40915e+06
38 7.15438e+06
28 4.98384e+06
44 9.45808e+06
65 1.65103e+07
79 2.23817e+07
84 2.44898e+07
55 1.30236e+07
63 1.60615e+07
61 1.54743e+07
50 1.00834e+07
60 1.47575e+07
57 1.33362e+07
36 6.76745e+06
32 5.26083e+06
20 3.97865e+06
78 2.20612e+07
34 6.20386e+06
35 6.20935e+06
43 9.36871e+06
71 1.75795e+07
42 9.12665e+06
Thế hệ thứ: 24
95 3.21462e+07
47 9.8319e+06
92 2.80626e+07
58 1.44531e+07
19 3.38609e+06
65 1.65103e+07
71 1.75795e+07
90 2.56341e+07
74 1.94359e+07
31 5.13085e+06
77 2.14428e+07
53 1.21371e+07
81 2.35055e+07
94 3.03893e+07
21 4.33206e+06
39 8.69779e+06
85 2.45587e+07
56 1.31152e+07
37 6.72799e+06
93 2.91149e+07
27 4.89448e+06
33 5.40915e+06
38 7.15438e+06
79 2.23817e+07
84 2.44898e+07
55 1.30236e+07
63 1.60615e+07
61 1.54743e+07
42 9.12665e+06
60 1.47575e+07
57 1.33362e+07
28 4.98384e+06
44 9.45808e+06
32 5.26083e+06
20 3.97865e+06
78 2.20612e+07
34 6.20386e+06
35 6.20935e+06
43 9.36871e+06
36 6.22599e+06
82 2.37716e+07
75 2.11326e+07
51 9.83496e+06
Thế hệ thứ: 25
79 2.23817e+07
75 2.11326e+07
51 9.83496e+06
47 9.8319e+06
92 2.80626e+07
58 1.44531e+07
19 3.38609e+06
95 3.21462e+07
71 1.75795e+07
90 2.56341e+07
74 1.94359e+07
31 5.13085e+06
53 1.21371e+07
65 1.65103e+07
94 3.03893e+07
21 4.33206e+06
39 8.69779e+06
85 2.45587e+07
56 1.31152e+07
37 6.72799e+06
93 2.91149e+07
27 4.89448e+06
33 5.40915e+06
38 7.15438e+06
55 1.30236e+07
63 1.60615e+07
81 2.35055e+07
61 1.54743e+07
42 9.12665e+06
60 1.47575e+07
82 2.37716e+07
57 1.33362e+07
77 2.14428e+07
28 4.98384e+06
44 9.45808e+06
84 2.44898e+07
32 5.26083e+06
20 3.97865e+06
78 2.20612e+07
34 6.20386e+06
36 6.22599e+06
43 9.36871e+06
35 6.20935e+06
Thế hệ thứ: 26
95 3.21462e+07
79 2.23817e+07
75 2.11326e+07
51 9.83496e+06
47 9.8319e+06
92 2.80626e+07
58 1.44531e+07
19 3.38609e+06
71 1.75795e+07
90 2.56341e+07
64 1.50217e+07
74 1.94359e+07
31 5.13085e+06
53 1.21371e+07
94 3.03893e+07
21 4.33206e+06
39 8.69779e+06
85 2.45587e+07
56 1.31152e+07
37 6.72799e+06
93 2.91149e+07
27 4.89448e+06
33 5.40915e+06
38 7.15438e+06
55 1.30236e+07
81 2.35055e+07
60 1.47575e+07
82 2.37716e+07
57 1.33362e+07
77 2.14428e+07
28 4.98384e+06
44 9.45808e+06
84 2.44898e+07
32 5.26083e+06
20 3.97865e+06
78 2.20612e+07
34 6.20386e+06
36 6.22599e+06
35 6.20935e+06
66 1.63346e+07
43 8.96805e+06
Thế hệ thứ: 27
95 3.21462e+07
92 2.80626e+07
66 1.63346e+07
58 1.44531e+07
19 3.38609e+06
90 2.56341e+07
71 1.75795e+07
74 1.94359e+07
31 5.13085e+06
64 1.50217e+07
53 1.21371e+07
79 2.23817e+07
75 2.11326e+07
51 9.83496e+06
94 3.03893e+07
39 8.69779e+06
21 4.33206e+06
85 2.45587e+07
56 1.31152e+07
37 6.72799e+06
93 2.91149e+07
27 4.89448e+06
60 1.47575e+07
33 5.40915e+06
38 7.15438e+06
43 8.96805e+06
50 9.79196e+06
81 2.35055e+07
28 4.98384e+06
44 9.45808e+06
82 2.37716e+07
55 1.30236e+07
57 1.33362e+07
34 5.84762e+06
77 2.14428e+07
84 2.44898e+07
32 5.26083e+06
20 3.97865e+06
78 2.20612e+07
40 8.89932e+06
36 6.22599e+06
35 6.20935e+06
Thế hệ thứ: 28
95 3.21462e+07
92 2.80626e+07
66 1.63346e+07
58 1.44531e+07
19 3.38609e+06
90 2.56341e+07
71 1.75795e+07
74 1.94359e+07
31 5.13085e+06
64 1.50217e+07
53 1.21371e+07
94 3.03893e+07
21 4.33206e+06
79 2.23817e+07
75 2.11326e+07
51 9.83496e+06
28 4.98384e+06
44 9.45808e+06
85 2.45587e+07
56 1.31152e+07
37 6.72799e+06
93 2.91149e+07
27 4.89448e+06
81 2.35055e+07
50 9.79196e+06
60 1.47575e+07
33 5.40915e+06
38 7.15438e+06
38 7.15438e+06
39 8.69779e+06
82 2.37716e+07
55 1.30236e+07
57 1.33362e+07
43 8.96805e+06
34 5.84762e+06
77 2.14428e+07
84 2.44898e+07
40 8.89932e+06
78 2.20612e+07
32 5.26083e+06
20 3.97865e+06
36 6.22599e+06
35 6.20935e+06
Thế hệ thứ: 29
95 3.21462e+07
92 2.80626e+07
66 1.63346e+07
58 1.44531e+07
19 3.38609e+06
90 2.56341e+07
71 1.75795e+07
74 1.94359e+07
31 5.13085e+06
64 1.50217e+07
53 1.21371e+07
94 3.03893e+07
21 4.33206e+06
79 2.23817e+07
75 2.11326e+07
51 9.83496e+06
28 4.98384e+06
44 9.45808e+06
85 2.45587e+07
56 1.31152e+07
37 6.72799e+06
93 2.91149e+07
27 4.89448e+06
81 2.35055e+07
50 9.79196e+06
60 1.47575e+07
39 8.69779e+06
82 2.37716e+07
55 1.30236e+07
57 1.33362e+07
43 8.96805e+06
34 5.84762e+06
77 2.14428e+07
84 2.44898e+07
38 7.15438e+06
38 7.15438e+06
33 5.40915e+06
40 8.89932e+06
78 2.20612e+07
32 5.26083e+06
20 3.97865e+06
36 6.22599e+06
35 6.20935e+06
80 2.33728e+07
Thế hệ thứ: 30
92 2.80626e+07
66 1.63346e+07
58 1.44531e+07
19 3.38609e+06
90 2.56341e+07
71 1.75795e+07
74 1.94359e+07
31 5.13085e+06
64 1.50217e+07
53 1.21371e+07
94 3.03893e+07
21 4.33206e+06
79 2.23817e+07
75 2.11326e+07
51 9.83496e+06
28 4.98384e+06
44 9.45808e+06
85 2.45587e+07
56 1.31152e+07
37 6.72799e+06
93 2.91149e+07
27 4.89448e+06
81 2.35055e+07
50 9.79196e+06
60 1.47575e+07
39 8.69779e+06
82 2.37716e+07
55 1.30236e+07
57 1.33362e+07
43 8.96805e+06
34 5.84762e+06
77 2.14428e+07
84 2.44898e+07
38 7.15438e+06
38 7.15438e+06
33 5.40915e+06
80 2.33728e+07
40 8.89932e+06
78 2.20612e+07
32 5.26083e+06
20 3.97865e+06
36 6.22599e+06
35 6.20935e+06
97 3.14786e+07
Thế hệ thứ: 31
81 2.35055e+07
50 9.79196e+06
97 3.14786e+07
92 2.80626e+07
66 1.63346e+07
58 1.44531e+07
19 3.38609e+06
90 2.56341e+07
71 1.75795e+07
74 1.94359e+07
31 5.13085e+06
64 1.50217e+07
53 1.21371e+07
94 3.03893e+07
21 4.33206e+06
79 2.23817e+07
75 2.11326e+07
51 9.83496e+06
28 4.98384e+06
44 9.45808e+06
85 2.45587e+07
56 1.31152e+07
93 2.91149e+07
27 4.89448e+06
60 1.47575e+07
39 8.69779e+06
82 2.37716e+07
55 1.30236e+07
57 1.33362e+07
34 5.84762e+06
77 2.14428e+07
43 8.96805e+06
33 5.40915e+06
84 2.44898e+07
80 2.33728e+07
40 8.89932e+06
78 2.20612e+07
32 5.26083e+06
20 3.97865e+06
36 6.22599e+06
35 6.20935e+06
38 6.72067e+06
Thế hệ thứ: 32
81 2.35055e+07
50 9.79196e+06
97 3.14786e+07
92 2.80626e+07
66 1.63346e+07
58 1.44531e+07
19 3.38609e+06
90 2.56341e+07
71 1.75795e+07
74 1.94359e+07
31 5.13085e+06
64 1.50217e+07
53 1.21371e+07
94 3.03893e+07
38 6.72067e+06
21 4.33206e+06
79 2.23817e+07
75 2.11326e+07
51 9.83496e+06
28 4.98384e+06
44 9.45808e+06
85 2.45587e+07
56 1.31152e+07
93 2.91149e+07
27 4.89448e+06
39 8.69779e+06
60 1.47575e+07
82 2.37716e+07
55 1.30236e+07
57 1.33362e+07
34 5.84762e+06
77 2.14428e+07
43 8.96805e+06
84 2.44898e+07
80 2.33728e+07
40 8.89932e+06
78 2.20612e+07
32 5.26083e+06
20 3.97865e+06
36 6.22599e+06
33 5.40915e+06
35 6.20935e+06
37 6.68054e+06
65 1.62048e+07
Thế hệ thứ: 33
81 2.35055e+07
50 9.79196e+06
97 3.14786e+07
92 2.80626e+07
58 1.44531e+07
19 3.38609e+06
90 2.56341e+07
71 1.75795e+07
74 1.94359e+07
31 5.13085e+06
64 1.50217e+07
53 1.21371e+07
26 4.89416e+06
94 3.03893e+07
66 1.63346e+07
21 4.33206e+06
79 2.23817e+07
75 2.11326e+07
51 9.83496e+06
28 4.98384e+06
44 9.45808e+06
85 2.45587e+07
56 1.31152e+07
93 2.91149e+07
27 4.89448e+06
39 8.69779e+06
38 6.72067e+06
60 1.47575e+07
82 2.37716e+07
55 1.30236e+07
57 1.33362e+07
65 1.62048e+07
77 2.14428e+07
34 5.84762e+06
34 5.84762e+06
43 8.96805e+06
84 2.44898e+07
80 2.33728e+07
40 8.89932e+06
78 2.20612e+07
32 5.26083e+06
20 3.97865e+06
33 5.40915e+06
37 6.68054e+06
36 6.22599e+06
35 6.20935e+06
Thế hệ thứ: 34
81 2.35055e+07
50 9.79196e+06
97 3.14786e+07
19 3.38609e+06
90 2.56341e+07
71 1.75795e+07
64 1.50217e+07
74 1.94359e+07
31 5.13085e+06
53 1.21371e+07
26 4.89416e+06
66 1.63346e+07
79 2.23817e+07
75 2.11326e+07
51 9.83496e+06
28 4.98384e+06
44 9.45808e+06
85 2.45587e+07
21 4.33206e+06
27 4.89448e+06
94 2.68052e+07
38 6.72067e+06
60 1.47575e+07
82 2.37716e+07
65 1.62048e+07
77 2.14428e+07
43 8.96805e+06
84 2.44898e+07
80 2.33728e+07
40 8.89932e+06
78 2.20612e+07
32 5.26083e+06
20 3.97865e+06
33 5.40915e+06
39 7.04154e+06
37 6.68054e+06
36 6.22599e+06
35 6.20935e+06
58 1.28826e+07
34 5.80759e+06
Thế hệ thứ: 35
50 9.79196e+06
97 3.14786e+07
19 3.38609e+06
90 2.56341e+07
38 6.72067e+06
94 2.68052e+07
71 1.75795e+07
58 1.28826e+07
84 2.21387e+07
53 1.21371e+07
74 1.94359e+07
31 5.13085e+06
64 1.50217e+07
60 1.47575e+07
66 1.63346e+07
75 2.11326e+07
51 9.83496e+06
40 8.89932e+06
78 2.20612e+07
44 9.45808e+06
85 2.45587e+07
21 4.33206e+06
39 7.04154e+06
37 6.68054e+06
65 1.62048e+07
34 5.80759e+06
77 2.14428e+07
43 8.96805e+06
32 5.26083e+06
20 3.97865e+06
33 5.40915e+06
36 6.22599e+06
35 6.20935e+06
28 4.86916e+06
Thế hệ thứ: 36
50 9.79196e+06
19 3.38609e+06
90 2.56341e+07
85 2.45587e+07
38 6.72067e+06
94 2.68052e+07
71 1.75795e+07
58 1.28826e+07
84 2.21387e+07
53 1.21371e+07
74 1.94359e+07
31 5.13085e+06
64 1.50217e+07
28 4.86916e+06
60 1.47575e+07
21 4.33206e+06
66 1.63346e+07
75 2.11326e+07
51 9.83496e+06
40 8.89932e+06
78 2.20612e+07
44 9.45808e+06
39 7.04154e+06
37 6.68054e+06
65 1.62048e+07
34 5.80759e+06
77 2.14428e+07
24 4.78439e+06
43 8.96805e+06
32 5.26083e+06
20 3.97865e+06
33 5.40915e+06
36 6.22599e+06
23 4.38496e+06
97 3.12075e+07
46 9.72615e+06
52 1.10909e+07
35 5.81431e+06
Thế hệ thứ: 37
19 3.38609e+06
90 2.56341e+07
85 2.45587e+07
38 6.72067e+06
94 2.68052e+07
97 3.12075e+07
37 6.62423e+06
71 1.75795e+07
53 1.21371e+07
84 2.21387e+07
58 1.28826e+07
74 1.94359e+07
31 5.13085e+06
64 1.50217e+07
60 1.47575e+07
66 1.63346e+07
40 8.89932e+06
51 9.83496e+06
52 1.10909e+07
39 7.04154e+06
28 4.86916e+06
46 9.72615e+06
43 8.96805e+06
24 4.78439e+06
65 1.62048e+07
34 5.80759e+06
50 9.79196e+06
44 9.45808e+06
32 5.26083e+06
20 3.97865e+06
36 6.22599e+06
23 4.38496e+06
21 4.33206e+06
35 5.81431e+06
33 5.40915e+06
73 1.78614e+07
78 2.04053e+07
Thế hệ thứ: 38
19 3.38609e+06
90 2.56341e+07
85 2.45587e+07
38 6.72067e+06
38 6.72067e+06
94 2.68052e+07
97 3.12075e+07
58 1.28826e+07
53 1.21371e+07
84 2.21387e+07
78 2.04053e+07
74 1.94359e+07
31 5.13085e+06
64 1.50217e+07
60 1.47575e+07
37 6.62423e+06
71 1.75795e+07
66 1.63346e+07
40 8.89932e+06
52 1.10909e+07
73 1.78614e+07
39 7.04154e+06
28 4.86916e+06
46 9.72615e+06
43 8.96805e+06
65 1.62048e+07
51 9.83496e+06
50 9.79196e+06
44 9.45808e+06
32 5.26083e+06
20 3.97865e+06
36 6.22599e+06
35 5.81431e+06
33 5.40915e+06
34 5.80759e+06
23 4.14303e+06
26 4.49163e+06
42 8.94236e+06
Thế hệ thứ: 39
19 3.38609e+06
90 2.56341e+07
94 2.68052e+07
97 3.12075e+07
58 1.28826e+07
53 1.21371e+07
84 2.21387e+07
78 2.04053e+07
74 1.94359e+07
31 5.13085e+06
64 1.50217e+07
71 1.75795e+07
66 1.63346e+07
52 1.10909e+07
40 8.89932e+06
73 1.78614e+07
39 7.04154e+06
23 4.14303e+06
26 4.49163e+06
46 9.72615e+06
28 4.86916e+06
32 5.26083e+06
20 3.97865e+06
65 1.62048e+07
51 9.83496e+06
50 9.79196e+06
44 9.45808e+06
36 6.22599e+06
35 5.81431e+06
33 5.40915e+06
43 8.96805e+06
42 8.94236e+06
34 5.80759e+06
62 1.38584e+07
85 2.38354e+07
38 6.42067e+06
Thế hệ thứ: 40
19 3.38609e+06
90 2.56341e+07
94 2.68052e+07
97 3.12075e+07
78 2.04053e+07
58 1.28826e+07
32 5.26083e+06
20 3.97865e+06
85 2.38354e+07
53 1.21371e+07
84 2.21387e+07
74 1.94359e+07
31 5.13085e+06
64 1.50217e+07
62 1.38584e+07
36 6.22599e+06
46 9.65453e+06
71 1.75795e+07
66 1.63346e+07
39 7.04154e+06
39 7.04154e+06
52 1.10909e+07
40 8.89932e+06
73 1.78614e+07
23 4.14303e+06
26 4.49163e+06
28 4.86916e+06
65 1.62048e+07
51 9.83496e+06
50 9.79196e+06
38 6.42067e+06
44 9.45808e+06
35 5.81431e+06
33 5.40915e+06
43 8.96805e+06
42 8.94236e+06
34 5.80759e+06
95 2.94554e+07
Thế hệ thứ: 41
19 3.38609e+06
95 2.94554e+07
94 2.68052e+07
90 2.56341e+07
97 3.12075e+07
78 2.04053e+07
32 5.26083e+06
20 3.97865e+06
85 2.38354e+07
53 1.21371e+07
84 2.21387e+07
58 1.28826e+07
74 1.94359e+07
31 5.13085e+06
64 1.50217e+07
62 1.38584e+07
36 6.22599e+06
71 1.75795e+07
46 9.65453e+06
66 1.63346e+07
52 1.10909e+07
40 8.89932e+06
73 1.78614e+07
23 4.14303e+06
26 4.49163e+06
28 4.86916e+06
39 7.04154e+06
39 7.04154e+06
65 1.62048e+07
54 1.25802e+07
51 9.83496e+06
50 9.79196e+06
38 6.42067e+06
44 9.45808e+06
35 5.81431e+06
33 5.40915e+06
43 8.96805e+06
42 8.94236e+06
34 5.80759e+06
Thế hệ thứ: 42
19 3.38609e+06
95 2.94554e+07
94 2.68052e+07
90 2.56341e+07
97 3.12075e+07
78 2.04053e+07
32 5.26083e+06
20 3.97865e+06
85 2.38354e+07
53 1.21371e+07
84 2.21387e+07
74 1.94359e+07
31 5.13085e+06
64 1.50217e+07
36 6.22599e+06
62 1.38584e+07
58 1.28826e+07
71 1.75795e+07
46 9.65453e+06
66 1.63346e+07
52 1.10909e+07
40 8.89932e+06
73 1.78614e+07
23 4.14303e+06
51 9.83496e+06
54 1.25802e+07
28 4.86916e+06
39 7.04154e+06
39 7.04154e+06
65 1.62048e+07
50 9.79196e+06
38 6.42067e+06
44 9.45808e+06
35 5.81431e+06
33 5.40915e+06
43 8.96805e+06
42 8.94236e+06
34 5.80759e+06
26 4.45082e+06
83 2.20566e+07
67 1.68313e+07
Thế hệ thứ: 43
19 3.38609e+06
95 2.94554e+07
83 2.20566e+07
94 2.68052e+07
90 2.56341e+07
97 3.12075e+07
78 2.04053e+07
32 5.26083e+06
20 3.97865e+06
85 2.38354e+07
74 1.94359e+07
31 5.13085e+06
64 1.50217e+07
86 2.44253e+07
36 6.22599e+06
62 1.38584e+07
58 1.28826e+07
71 1.75795e+07
46 9.65453e+06
67 1.68313e+07
52 1.10909e+07
40 8.89932e+06
73 1.78614e+07
23 4.14303e+06
51 9.83496e+06
54 1.25802e+07
26 4.45082e+06
53 1.21371e+07
84 2.21387e+07
28 4.86916e+06
39 7.04154e+06
39 7.04154e+06
65 1.62048e+07
50 9.79196e+06
38 6.42067e+06
44 9.45808e+06
66 1.63346e+07
35 5.81431e+06
33 5.40915e+06
43 8.96805e+06
42 8.94236e+06
34 5.73227e+06
Thế hệ thứ: 44
19 3.38609e+06
90 2.56341e+07
95 2.94554e+07
83 2.20566e+07
94 2.68052e+07
97 3.12075e+07
78 2.04053e+07
74 1.94359e+07
31 5.13085e+06
64 1.50217e+07
36 6.22599e+06
86 2.44253e+07
62 1.38584e+07
58 1.28826e+07
67 1.68313e+07
52 1.10909e+07
32 5.26083e+06
20 3.97865e+06
85 2.38354e+07
40 8.89932e+06
73 1.78614e+07
23 4.14303e+06
51 9.83496e+06
54 1.25802e+07
26 4.45082e+06
53 1.21371e+07
84 2.21387e+07
28 4.86916e+06
39 7.04154e+06
39 7.04154e+06
65 1.62048e+07
50 9.79196e+06
38 6.42067e+06
66 1.63346e+07
43 8.96805e+06
33 5.40915e+06
35 5.81431e+06
42 8.94236e+06
34 5.73227e+06
47 9.28741e+06
63 1.45161e+07
72 1.71492e+07
Thế hệ thứ: 45
19 3.38609e+06
63 1.45161e+07
90 2.56341e+07
95 2.94554e+07
83 2.20566e+07
94 2.68052e+07
97 3.12075e+07
78 2.04053e+07
74 1.94359e+07
31 5.13085e+06
58 1.28826e+07
36 6.22599e+06
62 1.38584e+07
86 2.44253e+07
47 9.28741e+06
72 1.71492e+07
52 1.10909e+07
73 1.78614e+07
32 5.26083e+06
20 3.97865e+06
85 2.38354e+07
67 1.68313e+07
23 4.14303e+06
51 9.83496e+06
54 1.25802e+07
26 4.45082e+06
53 1.21371e+07
84 2.21387e+07
28 4.86916e+06
39 7.04154e+06
39 7.04154e+06
43 8.96805e+06
65 1.62048e+07
50 9.79196e+06
38 6.42067e+06
66 1.63346e+07
35 5.81431e+06
96 2.96645e+07
33 5.40915e+06
42 8.94236e+06
34 5.73227e+06
40 7.15473e+06
64 1.49675e+07
Thế hệ thứ: 46
19 3.38609e+06
94 2.68052e+07
83 2.20566e+07
63 1.45161e+07
90 2.56341e+07
97 3.12075e+07
78 2.04053e+07
31 5.13085e+06
58 1.28826e+07
36 6.22599e+06
62 1.38584e+07
86 2.44253e+07
95 2.94554e+07
47 9.28741e+06
72 1.71492e+07
64 1.49675e+07
52 1.10909e+07
32 5.26083e+06
20 3.97865e+06
85 2.38354e+07
40 7.15473e+06
40 7.15473e+06
67 1.68313e+07
42 8.94236e+06
23 4.14303e+06
51 9.83496e+06
26 4.45082e+06
53 1.21371e+07
84 2.21387e+07
96 2.96645e+07
35 5.81431e+06
33 5.40915e+06
28 4.86916e+06
43 8.96805e+06
65 1.62048e+07
50 9.79196e+06
38 6.42067e+06
66 1.63346e+07
74 1.76814e+07
34 5.73227e+06
39 7.04154e+06
39 7.04154e+06
56 1.23179e+07
Thế hệ thứ: 47
19 3.38609e+06
94 2.68052e+07
83 2.20566e+07
63 1.45161e+07
90 2.56341e+07
97 3.12075e+07
78 2.04053e+07
34 5.73227e+06
74 1.76814e+07
58 1.28826e+07
36 6.22599e+06
62 1.38584e+07
86 2.44253e+07
95 2.94554e+07
72 1.71492e+07
47 9.28741e+06
64 1.49675e+07
32 5.26083e+06
20 3.97865e+06
85 2.38354e+07
67 1.68313e+07
42 8.94236e+06
84 2.21387e+07
53 1.21371e+07
23 4.14303e+06
56 1.23179e+07
26 4.45082e+06
40 7.15473e+06
40 7.15473e+06
33 5.40915e+06
96 2.96645e+07
35 5.81431e+06
43 8.96805e+06
65 1.62048e+07
51 9.83496e+06
50 9.79196e+06
38 6.42067e+06
31 5.13085e+06
66 1.63346e+07
39 7.04154e+06
39 7.04154e+06
52 1.0571e+07
28 4.63701e+06
Thế hệ thứ: 48
74 1.73901e+07
19 3.38609e+06
94 2.68052e+07
83 2.20566e+07
63 1.45161e+07
90 2.56341e+07
97 3.12075e+07
78 2.04053e+07
34 5.73227e+06
28 4.63701e+06
58 1.28826e+07
36 6.22599e+06
62 1.38584e+07
86 2.44253e+07
95 2.94554e+07
72 1.71492e+07
47 9.28741e+06
84 2.21387e+07
53 1.21371e+07
52 1.0571e+07
32 5.26083e+06
20 3.97865e+06
85 2.38354e+07
67 1.68313e+07
42 8.94236e+06
23 4.14303e+06
56 1.23179e+07
40 7.15473e+06
40 7.15473e+06
33 5.40915e+06
96 2.96645e+07
35 5.81431e+06
64 1.49675e+07
26 4.45082e+06
43 8.96805e+06
65 1.62048e+07
31 5.13085e+06
50 9.79196e+06
38 6.42067e+06
51 9.83496e+06
66 1.63346e+07
39 7.04154e+06
39 7.04154e+06
79 2.14567e+07
40 7.15473e+06
Thế hệ thứ: 49
19 3.38609e+06
74 1.73901e+07
63 1.45161e+07
90 2.56341e+07
83 2.20566e+07
79 2.14567e+07
94 2.68052e+07
97 3.12075e+07
78 2.04053e+07
28 4.63701e+06
58 1.28826e+07
36 6.22599e+06
62 1.38584e+07
86 2.44253e+07
47 9.28741e+06
84 2.21387e+07
53 1.21371e+07
72 1.71492e+07
32 5.26083e+06
20 3.97865e+06
85 2.38354e+07
67 1.68313e+07
42 8.94236e+06
23 4.14303e+06
56 1.23179e+07
40 7.15473e+06
40 7.15473e+06
33 5.40915e+06
96 2.96645e+07
35 5.81431e+06
40 7.15473e+06
64 1.49675e+07
26 4.45082e+06
43 8.96805e+06
65 1.62048e+07
31 5.13085e+06
50 9.79196e+06
38 6.42067e+06
51 9.83496e+06
66 1.63346e+07
34 5.73227e+06
39 7.04154e+06
39 7.04154e+06
52 1.05479e+07
95 2.93602e+07
41 8.75127e+06

