Thế hệ thứ: 0
100 9.14289e+06
94 6.6194e+06
97 6.99612e+06
86 4.87617e+06
98 8.84116e+06
Thế hệ thứ: 1
86 4.87617e+06
100 9.14289e+06
62 3.7081e+06
59 3.46766e+06
99 8.04571e+06
67 4.16683e+06
98 6.38019e+06
85 4.74473e+06
Thế hệ thứ: 2
99 8.04571e+06
59 3.46766e+06
100 9.14289e+06
62 3.7081e+06
85 4.74473e+06
98 6.38019e+06
67 4.16683e+06
86 4.87617e+06
69 4.49721e+06
68 4.18476e+06
94 5.60707e+06
96 6.34808e+06
46 3.38545e+06
89 5.08976e+06
Thế hệ thứ: 3
46 3.38545e+06
68 4.18476e+06
94 5.60707e+06
59 3.46766e+06
99 8.04571e+06
98 6.38019e+06
89 5.08976e+06
85 4.74473e+06
62 3.7081e+06
96 6.34808e+06
67 4.16683e+06
86 4.87617e+06
71 4.20704e+06
38 2.88388e+06
100 8.12472e+06
95 6.18029e+06
90 5.35434e+06
Thế hệ thứ: 4
100 8.12472e+06
38 2.88388e+06
71 4.20704e+06
85 4.74473e+06
98 6.38019e+06
59 3.46766e+06
99 8.04571e+06
62 3.7081e+06
68 4.18476e+06
94 5.60707e+06
67 4.16683e+06
87 4.89537e+06
95 6.18029e+06
86 4.87617e+06
96 6.34808e+06
91 4.94097e+06
46 3.35296e+06
Thế hệ thứ: 5
100 8.12472e+06
38 2.88388e+06
71 4.20704e+06
85 4.74473e+06
98 6.38019e+06
68 4.18476e+06
94 5.60707e+06
67 4.16683e+06
91 4.94097e+06
95 6.18029e+06
87 4.89537e+06
41 2.95548e+06
96 6.34808e+06
86 4.87617e+06
56 3.43925e+06
43 3.13236e+06
55 3.3005e+06
65 3.45623e+06
99 7.96939e+06
Thế hệ thứ: 6
66 4.00223e+06
65 3.45623e+06
38 2.88388e+06
71 4.20704e+06
98 6.38019e+06
85 4.74473e+06
56 3.43925e+06
68 4.18476e+06
55 3.3005e+06
67 4.16683e+06
91 4.94097e+06
95 6.18029e+06
87 4.89537e+06
47 2.90115e+06
86 4.87617e+06
82 4.32102e+06
94 4.94132e+06
89 4.91116e+06
100 7.06262e+06
96 6.1883e+06
Thế hệ thứ: 7
55 3.3005e+06
65 3.45623e+06
47 2.90115e+06
100 7.06262e+06
94 4.94132e+06
82 4.32102e+06
87 4.89537e+06
98 6.38019e+06
56 3.43925e+06
85 4.74473e+06
91 4.94097e+06
89 4.91116e+06
78 4.00021e+06
96 6.17948e+06
50 3.09156e+06
86 4.78005e+06
39 2.73018e+06
Thế hệ thứ: 8
98 6.38019e+06
100 7.06262e+06
78 4.00021e+06
39 2.73018e+06
65 3.45623e+06
94 4.94132e+06
96 6.17948e+06
82 4.32102e+06
47 2.90115e+06
50 3.09156e+06
56 3.43925e+06
55 3.3005e+06
91 4.94097e+06
87 4.89537e+06
89 4.91116e+06
95 6.16839e+06
86 4.47139e+06
53 3.24187e+06
Thế hệ thứ: 9
98 6.38019e+06
100 7.06262e+06
78 4.00021e+06
39 2.73018e+06
47 2.90115e+06
65 3.45623e+06
99 6.9292e+06
94 4.94132e+06
82 4.32102e+06
86 4.47139e+06
56 3.43925e+06
87 4.89537e+06
53 3.24187e+06
55 3.3005e+06
91 4.94097e+06
89 4.91116e+06
97 6.03002e+06
46 2.88521e+06
96 5.69444e+06
95 4.94166e+06
50 2.93786e+06
Thế hệ thứ: 10
98 6.38019e+06
100 7.06262e+06
78 4.00021e+06
39 2.73018e+06
65 3.45623e+06
82 4.32102e+06
86 4.47139e+06
94 4.94132e+06
99 6.9292e+06
95 4.94166e+06
56 3.43925e+06
50 2.93786e+06
97 6.03002e+06
46 2.88521e+06
53 3.24187e+06
87 4.89537e+06
55 3.3005e+06
91 4.94097e+06
47 2.90115e+06
89 4.91116e+06
96 5.65534e+06
Thế hệ thứ: 11
98 6.38019e+06
100 7.06262e+06
78 4.00021e+06
39 2.73018e+06
65 3.45623e+06
82 4.32102e+06
96 5.65534e+06
50 2.93786e+06
97 6.03002e+06
56 3.43925e+06
94 4.94132e+06
99 6.9292e+06
95 4.94166e+06
46 2.88521e+06
53 3.24187e+06
55 3.3005e+06
91 4.94097e+06
89 4.43469e+06
47 2.90115e+06
85 4.35189e+06
73 3.9396e+06
52 2.9565e+06
38 2.69973e+06
Thế hệ thứ: 12
98 6.38019e+06
100 7.06262e+06
38 2.69973e+06
89 4.43469e+06
47 2.90115e+06
65 3.45623e+06
96 5.65534e+06
56 3.43925e+06
73 3.9396e+06
78 4.00021e+06
50 2.93786e+06
97 6.03002e+06
99 6.9292e+06
82 4.32102e+06
39 2.73018e+06
46 2.88521e+06
85 4.35189e+06
53 3.24187e+06
52 2.9565e+06
55 3.3005e+06
90 4.73139e+06
95 4.90247e+06
Thế hệ thứ: 13
98 6.38019e+06
100 7.06262e+06
38 2.69973e+06
65 3.45623e+06
96 5.65534e+06
73 3.9396e+06
95 4.90247e+06
78 4.00021e+06
90 4.73139e+06
50 2.93786e+06
97 6.03002e+06
82 4.32102e+06
99 6.9292e+06
39 2.73018e+06
46 2.88521e+06
89 4.43469e+06
47 2.90115e+06
85 4.35189e+06
52 2.9565e+06
55 3.3005e+06
53 2.97739e+06
57 3.38285e+06
Thế hệ thứ: 14
98 6.38019e+06
100 7.06262e+06
38 2.69973e+06
65 3.45623e+06
96 5.65534e+06
73 3.9396e+06
95 4.90247e+06
57 3.37475e+06
78 4.00021e+06
90 4.73139e+06
50 2.93786e+06
97 6.03002e+06
82 4.32102e+06
99 6.9292e+06
39 2.73018e+06
46 2.88521e+06
89 4.43469e+06
47 2.90115e+06
55 3.3005e+06
85 4.35189e+06
53 2.97739e+06
52 2.9565e+06
66 3.9395e+06
Thế hệ thứ: 15
98 6.38019e+06
100 7.06262e+06
38 2.69973e+06
95 4.90247e+06
96 5.65534e+06
55 3.3005e+06
65 3.45623e+06
78 4.00021e+06
57 3.37475e+06
90 4.73139e+06
50 2.93786e+06
97 6.03002e+06
39 2.73018e+06
46 2.88521e+06
89 4.43469e+06
47 2.90115e+06
85 4.35189e+06
53 2.97739e+06
52 2.9565e+06
74 3.80173e+06
82 4.03623e+06
99 6.41906e+06
Thế hệ thứ: 16
100 7.06262e+06
38 2.69973e+06
65 3.45623e+06
96 5.65534e+06
74 3.80173e+06
95 4.90247e+06
82 4.03623e+06
90 4.73139e+06
85 4.35189e+06
50 2.93786e+06
97 6.03002e+06
57 3.37475e+06
78 4.00021e+06
99 6.41906e+06
39 2.73018e+06
46 2.88521e+06
89 4.43469e+06
47 2.90115e+06
55 3.3005e+06
53 2.97739e+06
98 6.38019e+06
52 2.9565e+06
Thế hệ thứ: 17
100 7.06262e+06
38 2.69973e+06
65 3.45623e+06
74 3.80173e+06
95 4.90247e+06
40 2.87692e+06
82 4.03623e+06
90 4.73139e+06
85 4.35189e+06
50 2.93786e+06
97 6.03002e+06
57 3.37475e+06
78 4.00021e+06
99 6.41906e+06
92 4.78934e+06
39 2.73018e+06
46 2.88521e+06
89 4.43469e+06
47 2.90115e+06
55 3.3005e+06
53 2.97739e+06
98 6.38019e+06
52 2.9565e+06
60 3.38916e+06
96 5.464e+06
Thế hệ thứ: 18
100 7.06262e+06
38 2.69973e+06
50 2.93786e+06
97 6.03002e+06
74 3.80173e+06
65 3.45623e+06
96 5.464e+06
95 4.90247e+06
85 4.35189e+06
90 4.73139e+06
82 4.03623e+06
40 2.87692e+06
99 6.41906e+06
57 3.37475e+06
89 4.43469e+06
47 2.90115e+06
55 3.3005e+06
60 3.38916e+06
53 2.97739e+06
98 6.38019e+06
39 2.73018e+06
92 4.78934e+06
46 2.88521e+06
52 2.9565e+06
86 4.38892e+06
78 3.89263e+06
Thế hệ thứ: 19
100 7.06262e+06
38 2.69973e+06
65 3.45623e+06
50 2.93786e+06
97 6.03002e+06
74 3.80173e+06
96 5.26431e+06
90 4.73139e+06
82 4.03623e+06
40 2.87692e+06
99 6.41906e+06
60 3.38916e+06
78 3.89263e+06
55 3.3005e+06
85 4.35189e+06
89 4.43469e+06
47 2.90115e+06
53 2.97739e+06
98 6.38019e+06
39 2.73018e+06
92 4.78934e+06
46 2.88521e+06
57 3.37475e+06
86 4.38892e+06
52 2.9565e+06
91 4.77302e+06
95 4.84055e+06
Thế hệ thứ: 20
100 7.06262e+06
38 2.69973e+06
65 3.45623e+06
50 2.93786e+06
97 6.03002e+06
74 3.80173e+06
90 4.73139e+06
82 4.03623e+06
99 6.41906e+06
60 3.38916e+06
78 3.89263e+06
57 3.37475e+06
95 4.84055e+06
55 3.3005e+06
85 4.35189e+06
89 4.43469e+06
47 2.90115e+06
91 4.77302e+06
53 2.97739e+06
98 6.38019e+06
40 2.85825e+06
46 2.88521e+06
86 4.38892e+06
39 2.73018e+06
92 4.78934e+06
52 2.9565e+06
96 4.86446e+06
84 4.34711e+06
41 2.87781e+06
Thế hệ thứ: 21
100 7.06262e+06
38 2.69973e+06
74 3.80173e+06
50 2.93786e+06
97 6.03002e+06
65 3.45623e+06
96 4.86446e+06
90 4.73139e+06
82 4.03623e+06
99 6.41906e+06
60 3.38916e+06
78 3.89263e+06
55 3.3005e+06
89 4.43469e+06
47 2.90115e+06
91 4.77302e+06
53 2.97739e+06
39 2.73018e+06
92 4.78934e+06
41 2.87781e+06
84 4.34711e+06
46 2.88521e+06
40 2.85825e+06
57 3.37475e+06
95 4.84055e+06
86 4.38892e+06
52 2.9565e+06
85 4.35189e+06
98 6.03368e+06
Thế hệ thứ: 22
100 7.06262e+06
38 2.69973e+06
65 3.45623e+06
50 2.93786e+06
74 3.80173e+06
96 4.86446e+06
99 6.41906e+06
90 4.73139e+06
82 4.03623e+06
60 3.38916e+06
78 3.89263e+06
55 3.3005e+06
89 4.43469e+06
47 2.90115e+06
91 4.77302e+06
53 2.97739e+06
98 6.03368e+06
39 2.73018e+06
92 4.78934e+06
41 2.87781e+06
84 4.34711e+06
46 2.88521e+06
95 4.84055e+06
86 4.38892e+06
52 2.9565e+06
85 4.35189e+06
97 5.98239e+06
40 2.7955e+06
58 3.35772e+06
Thế hệ thứ: 23
100 7.06262e+06
97 5.98239e+06
38 2.69973e+06
65 3.45623e+06
74 3.80173e+06
96 4.86446e+06
99 6.41906e+06
90 4.73139e+06
82 4.03623e+06
60 3.38916e+06
78 3.89263e+06
55 3.3005e+06
89 4.43469e+06
47 2.90115e+06
98 6.03368e+06
91 4.77302e+06
53 2.97739e+06
39 2.73018e+06
92 4.78934e+06
84 4.34711e+06
46 2.88521e+06
58 3.35772e+06
50 2.93786e+06
86 4.38892e+06
95 4.84055e+06
40 2.7955e+06
52 2.9565e+06
85 4.35189e+06
67 3.79946e+06
41 2.86054e+06
Thế hệ thứ: 24
100 7.06262e+06
67 3.79946e+06
97 5.98239e+06
38 2.69973e+06
96 4.86446e+06
99 6.41906e+06
65 3.45623e+06
90 4.73139e+06
82 4.03623e+06
57 3.29739e+06
74 3.80173e+06
60 3.38916e+06
78 3.89263e+06
89 4.43469e+06
47 2.90115e+06
98 6.03368e+06
91 4.77302e+06
53 2.97739e+06
39 2.73018e+06
92 4.78934e+06
84 4.34711e+06
41 2.86054e+06
46 2.88521e+06
58 3.35772e+06
50 2.93786e+06
86 4.38892e+06
95 4.84055e+06
40 2.7955e+06
52 2.9565e+06
85 4.35189e+06
Thế hệ thứ: 25
100 7.06262e+06
97 5.98239e+06
38 2.69973e+06
96 4.86446e+06
99 6.41906e+06
65 3.45623e+06
90 4.73139e+06
82 4.03623e+06
57 3.29739e+06
60 3.38916e+06
78 3.89263e+06
91 4.77302e+06
53 2.97739e+06
89 4.43469e+06
47 2.90115e+06
98 6.03368e+06
39 2.73018e+06
92 4.78934e+06
84 4.34711e+06
41 2.86054e+06
46 2.88521e+06
50 2.93786e+06
86 4.38892e+06
95 4.84055e+06
58 3.35772e+06
40 2.7955e+06
52 2.9565e+06
85 4.35189e+06
74 3.66153e+06
Thế hệ thứ: 26
88 4.43263e+06
78 3.89263e+06
60 3.38916e+06
74 3.66153e+06
100 7.06262e+06
97 5.98239e+06
38 2.69973e+06
96 4.86446e+06
65 3.45623e+06
99 6.41906e+06
90 4.73139e+06
82 4.03623e+06
57 3.29739e+06
91 4.77302e+06
53 2.97739e+06
89 4.43469e+06
47 2.90115e+06
98 6.03368e+06
39 2.73018e+06
92 4.78934e+06
84 4.34711e+06
41 2.86054e+06
46 2.88521e+06
50 2.93786e+06
86 4.38892e+06
58 3.35772e+06
40 2.7955e+06
52 2.9565e+06
85 4.35189e+06
95 4.81252e+06
Thế hệ thứ: 27
88 4.43263e+06
60 3.38916e+06
78 3.89263e+06
74 3.66153e+06
100 7.06262e+06
97 5.98239e+06
38 2.69973e+06
96 4.86446e+06
65 3.45623e+06
99 6.41906e+06
90 4.73139e+06
82 4.03623e+06
57 3.29739e+06
91 4.77302e+06
53 2.97739e+06
98 6.03368e+06
39 2.73018e+06
92 4.78934e+06
84 4.34711e+06
41 2.86054e+06
46 2.88521e+06
89 4.43469e+06
47 2.90115e+06
50 2.93786e+06
95 4.81252e+06
58 3.35772e+06
86 4.38892e+06
40 2.7955e+06
52 2.9565e+06
85 4.35189e+06
Thế hệ thứ: 28
88 4.43263e+06
60 3.38916e+06
78 3.89263e+06
74 3.66153e+06
100 7.06262e+06
97 5.98239e+06
38 2.69973e+06
96 4.86446e+06
65 3.45623e+06
99 6.41906e+06
82 4.03623e+06
57 3.29739e+06
53 2.97739e+06
98 6.03368e+06
39 2.73018e+06
84 4.34711e+06
41 2.86054e+06
46 2.88521e+06
89 4.43469e+06
47 2.90115e+06
50 2.93786e+06
95 4.81252e+06
58 3.35772e+06
86 4.38892e+06
40 2.7955e+06
52 2.9565e+06
85 4.35189e+06
92 4.58289e+06
90 4.46512e+06
Thế hệ thứ: 29
97 5.98239e+06
38 2.69973e+06
88 4.43263e+06
78 3.89263e+06
74 3.66153e+06
100 7.06262e+06
96 4.86446e+06
65 3.45623e+06
99 6.41906e+06
82 4.03623e+06
57 3.29739e+06
86 4.38892e+06
92 4.58289e+06
53 2.97739e+06
98 6.03368e+06
95 4.81252e+06
39 2.73018e+06
84 4.34711e+06
41 2.86054e+06
46 2.88521e+06
50 2.93786e+06
90 4.46512e+06
89 4.43469e+06
47 2.90115e+06
58 3.35772e+06
40 2.7955e+06
52 2.9565e+06
85 4.35189e+06
60 3.37477e+06
Thế hệ thứ: 30
97 5.98239e+06
60 3.37477e+06
38 2.69973e+06
88 4.43263e+06
78 3.89263e+06
74 3.66153e+06
100 7.06262e+06
96 4.86446e+06
65 3.45623e+06
99 6.41906e+06
82 4.03623e+06
57 3.29739e+06
86 4.38892e+06
92 4.58289e+06
53 2.97739e+06
98 6.03368e+06
95 4.81252e+06
39 2.73018e+06
84 4.34711e+06
41 2.86054e+06
46 2.88521e+06
50 2.93786e+06
90 4.46512e+06
89 4.43469e+06
47 2.90115e+06
58 3.35772e+06
40 2.7955e+06
52 2.9565e+06
85 4.35189e+06
81 4.03205e+06
Thế hệ thứ: 31
97 5.98239e+06
60 3.37477e+06
38 2.69973e+06
88 4.43263e+06
78 3.89263e+06
74 3.66153e+06
100 7.06262e+06
96 4.86446e+06
65 3.45623e+06
99 6.41906e+06
57 3.29739e+06
86 4.38892e+06
92 4.58289e+06
53 2.97739e+06
98 6.03368e+06
95 4.81252e+06
39 2.73018e+06
84 4.34711e+06
82 4.03623e+06
41 2.86054e+06
46 2.88521e+06
81 4.03205e+06
50 2.93786e+06
90 4.46512e+06
89 4.43469e+06
47 2.90115e+06
58 3.35772e+06
40 2.7955e+06
52 2.9565e+06
85 4.35189e+06
87 4.39694e+06
Thế hệ thứ: 32
97 5.98239e+06
60 3.37477e+06
38 2.69973e+06
88 4.43263e+06
78 3.89263e+06
74 3.66153e+06
100 7.06262e+06
96 4.86446e+06
65 3.45623e+06
99 6.41906e+06
57 3.29739e+06
86 4.38892e+06
92 4.58289e+06
53 2.97739e+06
98 6.03368e+06
95 4.81252e+06
39 2.73018e+06
84 4.34711e+06
82 4.03623e+06
41 2.86054e+06
46 2.88521e+06
81 4.03205e+06
50 2.93786e+06
90 4.46512e+06
89 4.43469e+06
47 2.90115e+06
58 3.35772e+06
40 2.7955e+06
52 2.9565e+06
87 4.39694e+06
85 4.35189e+06
Thế hệ thứ: 33
88 4.43263e+06
78 3.89263e+06
74 3.66153e+06
100 7.06262e+06
60 3.37477e+06
38 2.69973e+06
96 4.86446e+06
65 3.45623e+06
99 6.41906e+06
57 3.29739e+06
86 4.38892e+06
92 4.58289e+06
53 2.97739e+06
98 6.03368e+06
95 4.81252e+06
39 2.73018e+06
84 4.34711e+06
97 5.71997e+06
82 4.03623e+06
41 2.86054e+06
46 2.88521e+06
81 4.03205e+06
50 2.93786e+06
90 4.46512e+06
89 4.43469e+06
47 2.90115e+06
58 3.35772e+06
40 2.7955e+06
52 2.9565e+06
87 4.39694e+06
85 4.35189e+06
Thế hệ thứ: 34
88 4.43263e+06
78 3.89263e+06
74 3.66153e+06
100 7.06262e+06
60 3.37477e+06
38 2.69973e+06
97 5.71997e+06
65 3.45623e+06
99 6.41906e+06
96 4.86446e+06
98 6.03368e+06
57 3.29739e+06
86 4.38892e+06
92 4.58289e+06
53 2.97739e+06
95 4.81252e+06
39 2.73018e+06
41 2.86054e+06
46 2.88521e+06
50 2.93786e+06
90 4.46512e+06
89 4.43469e+06
47 2.90115e+06
58 3.35772e+06
40 2.7955e+06
52 2.9565e+06
87 4.39694e+06
85 3.99768e+06
Thế hệ thứ: 35
85 3.99768e+06
88 4.43263e+06
78 3.89263e+06
74 3.66153e+06
100 7.06262e+06
38 2.69973e+06
60 3.37477e+06
97 5.71997e+06
65 3.45623e+06
99 6.41906e+06
96 4.86446e+06
98 6.03368e+06
57 3.29739e+06
86 4.38892e+06
92 4.58289e+06
53 2.97739e+06
95 4.81252e+06
41 2.86054e+06
46 2.88521e+06
50 2.93786e+06
90 4.46512e+06
89 4.43469e+06
47 2.90115e+06
58 3.35772e+06
40 2.7955e+06
52 2.9565e+06
39 2.73018e+06
87 4.39694e+06
75 3.87352e+06
Thế hệ thứ: 36
85 3.99768e+06
74 3.66153e+06
100 7.06262e+06
38 2.69973e+06
60 3.37477e+06
97 5.71997e+06
65 3.45623e+06
99 6.41906e+06
96 4.86446e+06
98 6.03368e+06
88 4.43263e+06
78 3.89263e+06
57 3.29739e+06
86 4.38892e+06
92 4.58289e+06
53 2.97739e+06
95 4.81252e+06
46 2.88521e+06
75 3.87352e+06
41 2.86054e+06
50 2.93786e+06
90 4.46512e+06
89 4.43469e+06
47 2.90115e+06
58 3.35772e+06
40 2.7955e+06
52 2.9565e+06
39 2.73018e+06
87 4.39694e+06
Thế hệ thứ: 37
85 3.99768e+06
74 3.66153e+06
100 7.06262e+06
38 2.69973e+06
60 3.37477e+06
97 5.71997e+06
65 3.45623e+06
99 6.41906e+06
96 4.86446e+06
98 6.03368e+06
88 4.43263e+06
78 3.89263e+06
57 3.29739e+06
86 4.38892e+06
92 4.58289e+06
53 2.97739e+06
95 4.81252e+06
46 2.88521e+06
75 3.87352e+06
41 2.86054e+06
50 2.93786e+06
90 4.46512e+06
89 4.43469e+06
47 2.90115e+06
58 3.35772e+06
40 2.7955e+06
52 2.9565e+06
39 2.73018e+06
87 4.39694e+06
93 4.79564e+06
Thế hệ thứ: 38
85 3.99768e+06
74 3.66153e+06
100 7.06262e+06
38 2.69973e+06
60 3.37477e+06
97 5.71997e+06
65 3.45623e+06
99 6.41906e+06
96 4.86446e+06
98 6.03368e+06
88 4.43263e+06
78 3.89263e+06
57 3.29739e+06
53 2.97739e+06
86 4.38892e+06
92 4.58289e+06
46 2.88521e+06
41 2.86054e+06
93 4.79564e+06
50 2.93786e+06
90 4.46512e+06
89 4.43469e+06
47 2.90115e+06
58 3.35772e+06
95 4.81252e+06
40 2.7955e+06
52 2.9565e+06
39 2.73018e+06
87 4.39694e+06
75 3.78279e+06
Thế hệ thứ: 39
74 3.66153e+06
85 3.99768e+06
100 7.06262e+06
38 2.69973e+06
60 3.37477e+06
97 5.71997e+06
65 3.45623e+06
99 6.41906e+06
96 4.86446e+06
88 4.43263e+06
78 3.89263e+06
98 6.03368e+06
57 3.29739e+06
53 2.97739e+06
86 4.38892e+06
92 4.58289e+06
40 2.7955e+06
75 3.78279e+06
41 2.86054e+06
46 2.88521e+06
93 4.79564e+06
50 2.93786e+06
90 4.46512e+06
89 4.43469e+06
47 2.90115e+06
58 3.35772e+06
95 4.81252e+06
52 2.9565e+06
39 2.73018e+06
87 4.39694e+06
Thế hệ thứ: 40
74 3.66153e+06
85 3.99768e+06
100 7.06262e+06
38 2.69973e+06
60 3.37477e+06
97 5.71997e+06
65 3.45623e+06
99 6.41906e+06
96 4.86446e+06
88 4.43263e+06
78 3.89263e+06
98 6.03368e+06
57 3.29739e+06
53 2.97739e+06
86 4.38892e+06
92 4.58289e+06
40 2.7955e+06
75 3.78279e+06
41 2.86054e+06
46 2.88521e+06
93 4.79564e+06
50 2.93786e+06
90 4.46512e+06
89 4.43469e+06
47 2.90115e+06
58 3.35772e+06
95 4.81252e+06
52 2.9565e+06
39 2.73018e+06
87 4.39694e+06
Thế hệ thứ: 41
74 3.66153e+06
85 3.99768e+06
100 7.06262e+06
38 2.69973e+06
60 3.37477e+06
97 5.71997e+06
65 3.45623e+06
99 6.41906e+06
96 4.86446e+06
88 4.43263e+06
78 3.89263e+06
98 6.03368e+06
57 3.29739e+06
53 2.97739e+06
86 4.38892e+06
92 4.58289e+06
40 2.7955e+06
75 3.78279e+06
41 2.86054e+06
46 2.88521e+06
93 4.79564e+06
50 2.93786e+06
90 4.46512e+06
89 4.43469e+06
47 2.90115e+06
58 3.35772e+06
95 4.81252e+06
52 2.9565e+06
39 2.73018e+06
87 4.39694e+06
Thế hệ thứ: 42
74 3.66153e+06
85 3.99768e+06
100 7.06262e+06
38 2.69973e+06
60 3.37477e+06
97 5.71997e+06
65 3.45623e+06
99 6.41906e+06
96 4.86446e+06
88 4.43263e+06
78 3.89263e+06
98 6.03368e+06
57 3.29739e+06
53 2.97739e+06
86 4.38892e+06
92 4.58289e+06
40 2.7955e+06
75 3.78279e+06
41 2.86054e+06
46 2.88521e+06
93 4.79564e+06
50 2.93786e+06
90 4.46512e+06
89 4.43469e+06
47 2.90115e+06
58 3.35772e+06
95 4.81252e+06
52 2.9565e+06
39 2.73018e+06
87 4.39694e+06
Thế hệ thứ: 43
74 3.66153e+06
85 3.99768e+06
100 7.06262e+06
38 2.69973e+06
60 3.37477e+06
97 5.71997e+06
65 3.45623e+06
99 6.41906e+06
96 4.86446e+06
78 3.89263e+06
98 6.03368e+06
57 3.29739e+06
53 2.97739e+06
86 4.38892e+06
92 4.58289e+06
40 2.7955e+06
75 3.78279e+06
41 2.86054e+06
46 2.88521e+06
93 4.79564e+06
50 2.93786e+06
90 4.46512e+06
47 2.90115e+06
58 3.35772e+06
95 4.81252e+06
52 2.9565e+06
39 2.73018e+06
87 4.39694e+06
89 4.43088e+06
Thế hệ thứ: 44
74 3.66153e+06
85 3.99768e+06
100 7.06262e+06
38 2.69973e+06
60 3.37477e+06
65 3.45623e+06
99 6.41906e+06
96 4.86446e+06
78 3.89263e+06
98 6.03368e+06
57 3.29739e+06
53 2.97739e+06
86 4.38892e+06
92 4.58289e+06
40 2.7955e+06
75 3.78279e+06
41 2.86054e+06
93 4.79564e+06
50 2.93786e+06
90 4.46512e+06
47 2.90115e+06
58 3.35772e+06
95 4.81252e+06
89 4.43088e+06
87 4.39694e+06
52 2.9565e+06
39 2.73018e+06
46 2.86449e+06
97 5.7051e+06
Thế hệ thứ: 45
74 3.66153e+06
85 3.99768e+06
100 7.06262e+06
38 2.69973e+06
60 3.37477e+06
96 4.86446e+06
97 5.7051e+06
65 3.45623e+06
99 6.41906e+06
78 3.89263e+06
98 6.03368e+06
57 3.29739e+06
53 2.97739e+06
86 4.38892e+06
92 4.58289e+06
40 2.7955e+06
75 3.78279e+06
41 2.86054e+06
46 2.86449e+06
93 4.79564e+06
50 2.93786e+06
90 4.46512e+06
47 2.90115e+06
58 3.35772e+06
95 4.81252e+06
89 4.43088e+06
87 4.39694e+06
52 2.9565e+06
39 2.73018e+06
Thế hệ thứ: 46
74 3.66153e+06
85 3.99768e+06
100 7.06262e+06
38 2.69973e+06
60 3.37477e+06
96 4.86446e+06
97 5.7051e+06
65 3.45623e+06
78 3.89263e+06
98 6.03368e+06
57 3.29739e+06
53 2.97739e+06
86 4.38892e+06
92 4.58289e+06
75 3.78279e+06
40 2.7955e+06
41 2.86054e+06
46 2.86449e+06
93 4.79564e+06
50 2.93786e+06
90 4.46512e+06
47 2.90115e+06
58 3.35772e+06
95 4.81252e+06
89 4.43088e+06
87 4.39694e+06
52 2.9565e+06
39 2.73018e+06
99 6.38386e+06
Thế hệ thứ: 47
74 3.66153e+06
85 3.99768e+06
100 7.06262e+06
99 6.38386e+06
38 2.69973e+06
60 3.37477e+06
96 4.86446e+06
97 5.7051e+06
65 3.45623e+06
78 3.89263e+06
98 6.03368e+06
57 3.29739e+06
53 2.97739e+06
92 4.58289e+06
40 2.7955e+06
75 3.78279e+06
41 2.86054e+06
46 2.86449e+06
93 4.79564e+06
50 2.93786e+06
90 4.46512e+06
47 2.90115e+06
58 3.35772e+06
95 4.81252e+06
89 4.43088e+06
87 4.39694e+06
52 2.9565e+06
39 2.73018e+06
86 4.07093e+06
Thế hệ thứ: 48
78 3.89263e+06
74 3.66153e+06
100 7.06262e+06
86 4.07093e+06
99 6.38386e+06
38 2.69973e+06
60 3.37477e+06
96 4.86446e+06
97 5.7051e+06
65 3.45623e+06
98 6.03368e+06
85 3.99768e+06
57 3.29739e+06
53 2.97739e+06
92 4.58289e+06
75 3.78279e+06
41 2.86054e+06
46 2.86449e+06
93 4.79564e+06
50 2.93786e+06
90 4.46512e+06
47 2.90115e+06
58 3.35772e+06
95 4.81252e+06
89 4.43088e+06
52 2.9565e+06
40 2.71406e+06
87 4.11779e+06
91 4.50687e+06
Thế hệ thứ: 49
78 3.89263e+06
74 3.66153e+06
100 7.06262e+06
86 4.07093e+06
99 6.38386e+06
38 2.69973e+06
60 3.37477e+06
96 4.86446e+06
97 5.7051e+06
65 3.45623e+06
98 6.03368e+06
87 4.11779e+06
85 3.99768e+06
57 3.29739e+06
53 2.97739e+06
41 2.86054e+06
89 4.43088e+06
75 3.78279e+06
46 2.86449e+06
92 4.58289e+06
50 2.93786e+06
52 2.9565e+06
40 2.71406e+06
47 2.90115e+06
58 3.35772e+06
95 4.81252e+06
91 4.50687e+06
90 4.46512e+06
93 4.78017e+06
