Thế hệ thứ: 0
62 2.32557e+07
59 2.31168e+07
51 2.05167e+07
45 1.95798e+07
66 2.45613e+07
63 2.41675e+07
72 2.59272e+07
122 4.22559e+07
58 2.18215e+07
54 2.12386e+07
67 2.50781e+07
97 3.31872e+07
115 3.6763e+07
125 4.98557e+07
128 5.00126e+07
105 3.58911e+07
124 4.67113e+07
108 3.6524e+07
92 3.26151e+07
117 3.70301e+07
118 3.99941e+07
101 3.35816e+07
Thế hệ thứ: 1
101 3.35816e+07
92 3.26151e+07
67 2.50781e+07
118 3.99941e+07
59 2.31168e+07
108 3.6524e+07
45 1.95798e+07
58 2.18215e+07
62 2.32557e+07
54 2.12386e+07
105 3.58911e+07
51 2.05167e+07
66 2.45613e+07
115 3.6763e+07
63 2.41675e+07
72 2.59272e+07
97 3.31872e+07
117 3.70301e+07
124 4.09965e+07
131 4.48947e+07
Thế hệ thứ: 2
45 1.95798e+07
67 2.50781e+07
118 3.99941e+07
63 2.41675e+07
59 2.31168e+07
108 3.6524e+07
51 2.05167e+07
58 2.18215e+07
124 4.09965e+07
117 3.70301e+07
131 4.48947e+07
62 2.32557e+07
72 2.59272e+07
66 2.45613e+07
106 3.56367e+07
115 3.6763e+07
97 3.31872e+07
54 2.12386e+07
83 3.0225e+07
140 4.95413e+07
134 4.75818e+07
122 4.06885e+07
102 3.33382e+07
96 3.1126e+07
136 4.93928e+07
Thế hệ thứ: 3
72 2.59272e+07
106 3.56367e+07
115 3.6763e+07
45 1.95798e+07
67 2.50781e+07
66 2.45613e+07
97 3.31872e+07
63 2.41675e+07
102 3.33382e+07
108 3.6524e+07
59 2.31168e+07
83 3.0225e+07
134 4.75818e+07
140 4.95413e+07
51 2.05167e+07
58 2.18215e+07
96 3.1126e+07
117 3.70301e+07
131 4.48947e+07
62 2.32557e+07
136 4.93928e+07
54 2.12386e+07
132 4.59595e+07
125 3.74916e+07
127 4.10586e+07
76 2.95947e+07
104 3.4044e+07
Thế hệ thứ: 4
125 3.74916e+07
45 1.95798e+07
106 3.56367e+07
115 3.6763e+07
72 2.59272e+07
76 2.95947e+07
67 2.50781e+07
117 3.70301e+07
66 2.45613e+07
58 2.18215e+07
63 2.41675e+07
102 3.33382e+07
59 2.31168e+07
108 3.6524e+07
62 2.32557e+07
83 3.0225e+07
127 3.8967e+07
140 4.95413e+07
51 2.05167e+07
54 2.12386e+07
104 3.4044e+07
96 3.1126e+07
136 4.80448e+07
97 3.16941e+07
131 4.1088e+07
135 4.29702e+07
Thế hệ thứ: 5
72 2.59272e+07
115 3.6763e+07
45 1.95798e+07
125 3.74916e+07
59 2.31168e+07
108 3.6524e+07
131 4.1088e+07
97 3.16941e+07
76 2.95947e+07
62 2.32557e+07
67 2.50781e+07
117 3.70301e+07
66 2.45613e+07
127 3.8967e+07
54 2.12386e+07
58 2.18215e+07
96 3.1126e+07
142 4.75836e+07
51 2.05167e+07
63 2.41675e+07
102 3.33382e+07
104 3.4044e+07
93 2.98809e+07
106 3.56236e+07
141 4.24665e+07
Thế hệ thứ: 6
125 3.74916e+07
45 1.95798e+07
115 3.6763e+07
72 2.59272e+07
106 3.56236e+07
54 2.12386e+07
63 2.41675e+07
102 3.33382e+07
108 3.6524e+07
59 2.31168e+07
104 3.4044e+07
131 4.1088e+07
97 3.16941e+07
76 2.95947e+07
58 2.18215e+07
93 2.98809e+07
96 3.1126e+07
62 2.32557e+07
142 4.75836e+07
51 2.05167e+07
141 4.24665e+07
67 2.50781e+07
117 3.70301e+07
66 2.45613e+07
127 3.8967e+07
134 4.18083e+07
Thế hệ thứ: 7
93 2.98809e+07
72 2.59272e+07
45 1.95798e+07
125 3.74916e+07
134 4.18083e+07
131 4.1088e+07
105 3.51787e+07
51 2.05167e+07
142 4.75836e+07
106 3.56236e+07
54 2.12386e+07
97 3.16941e+07
76 2.95947e+07
58 2.18215e+07
63 2.41675e+07
102 3.33382e+07
59 2.31168e+07
108 3.6524e+07
104 3.4044e+07
96 3.1126e+07
62 2.32557e+07
141 4.24665e+07
67 2.50781e+07
66 2.45613e+07
127 3.8967e+07
117 3.67485e+07
144 4.97519e+07
Thế hệ thứ: 8
97 3.16941e+07
93 2.98809e+07
45 1.95798e+07
72 2.59272e+07
117 3.67485e+07
63 2.41675e+07
102 3.33382e+07
108 3.6524e+07
59 2.31168e+07
125 3.74916e+07
67 2.50781e+07
134 4.18083e+07
104 3.4044e+07
131 4.1088e+07
66 2.45613e+07
105 3.51787e+07
51 2.05167e+07
142 4.75836e+07
106 3.56236e+07
96 3.1126e+07
62 2.32557e+07
54 2.12386e+07
127 3.8967e+07
141 4.24665e+07
76 2.95947e+07
58 2.18215e+07
146 4.83697e+07
107 3.57233e+07
Thế hệ thứ: 9
97 3.16941e+07
96 3.1126e+07
62 2.32557e+07
93 2.98809e+07
72 2.59272e+07
145 4.67905e+07
45 1.95798e+07
117 3.67485e+07
54 2.12386e+07
63 2.41675e+07
127 3.8967e+07
141 4.24665e+07
102 3.33382e+07
59 2.31168e+07
108 3.6524e+07
76 2.95947e+07
125 3.74916e+07
67 2.50781e+07
58 2.18215e+07
134 4.18083e+07
104 3.4044e+07
131 4.1088e+07
66 2.45613e+07
107 3.57233e+07
146 4.83697e+07
105 3.51787e+07
51 2.05167e+07
106 3.56236e+07
109 3.66787e+07
Thế hệ thứ: 10
58 2.18215e+07
97 3.16941e+07
96 3.1126e+07
134 4.18083e+07
62 2.32557e+07
93 2.98809e+07
104 3.4044e+07
72 2.59272e+07
131 4.1088e+07
145 4.67905e+07
45 1.95798e+07
66 2.45613e+07
76 2.95947e+07
117 3.67485e+07
54 2.12386e+07
107 3.57233e+07
63 2.41675e+07
127 3.8967e+07
141 4.24665e+07
146 4.83697e+07
105 3.51787e+07
51 2.05167e+07
102 3.33382e+07
59 2.31168e+07
106 3.56236e+07
125 3.74916e+07
67 2.50781e+07
110 3.57441e+07
135 4.20042e+07
Thế hệ thứ: 11
97 3.16941e+07
58 2.18215e+07
146 4.83697e+07
96 3.1126e+07
135 4.20042e+07
62 2.32557e+07
134 4.18083e+07
105 3.51787e+07
51 2.05167e+07
66 2.45613e+07
93 2.98809e+07
104 3.4044e+07
72 2.59272e+07
144 4.62317e+07
59 2.31168e+07
131 4.1088e+07
145 4.67905e+07
45 1.95798e+07
102 3.33382e+07
154 5.20727e+07
76 2.95947e+07
125 3.74916e+07
117 3.67485e+07
54 2.12386e+07
67 2.50781e+07
107 3.57233e+07
110 3.57441e+07
63 2.41675e+07
127 3.8967e+07
141 4.24665e+07
106 3.53885e+07
132 4.12797e+07
Thế hệ thứ: 12
58 2.18215e+07
97 3.16941e+07
76 2.95947e+07
146 4.83697e+07
63 2.41675e+07
96 3.1126e+07
135 4.20042e+07
62 2.32557e+07
125 3.74916e+07
132 4.12797e+07
117 3.67485e+07
54 2.12386e+07
134 4.18083e+07
67 2.50781e+07
51 2.05167e+07
66 2.45613e+07
127 3.8967e+07
93 2.98809e+07
104 3.4044e+07
72 2.59272e+07
144 4.62317e+07
59 2.31168e+07
131 4.1088e+07
145 4.67905e+07
45 1.95798e+07
102 3.33382e+07
154 5.20727e+07
141 4.24665e+07
139 4.24239e+07
116 3.41044e+07
126 3.83694e+07
151 4.9102e+07
Thế hệ thứ: 13
151 4.9102e+07
132 4.12797e+07
97 3.16941e+07
58 2.18215e+07
117 3.67485e+07
76 2.95947e+07
146 4.83697e+07
54 2.12386e+07
63 2.41675e+07
141 4.24665e+07
96 3.1126e+07
135 4.20042e+07
62 2.32557e+07
67 2.50781e+07
93 2.98809e+07
154 5.20727e+07
125 3.74916e+07
134 4.18083e+07
51 2.05167e+07
66 2.45613e+07
126 3.83694e+07
127 3.8967e+07
104 3.4044e+07
72 2.59272e+07
145 4.67905e+07
45 1.95798e+07
59 2.31168e+07
144 4.62317e+07
139 4.24239e+07
102 3.33382e+07
131 4.1088e+07
116 3.41044e+07
103 3.35041e+07
124 3.70535e+07
Thế hệ thứ: 14
54 2.12386e+07
58 2.18215e+07
97 3.16941e+07
151 4.9102e+07
132 4.12797e+07
45 1.95798e+07
145 4.67905e+07
59 2.31168e+07
144 4.62317e+07
67 2.50781e+07
116 3.41044e+07
117 3.67485e+07
76 2.95947e+07
125 3.74916e+07
130 3.91382e+07
93 2.98809e+07
63 2.41675e+07
124 3.70535e+07
96 3.1126e+07
131 4.1088e+07
135 4.20042e+07
102 3.33382e+07
134 4.18083e+07
62 2.32557e+07
103 3.35041e+07
154 5.20727e+07
127 3.8967e+07
126 3.83694e+07
51 2.05167e+07
66 2.45613e+07
104 3.4044e+07
72 2.59272e+07
147 4.76969e+07
141 4.21918e+07
Thế hệ thứ: 15
54 2.12386e+07
97 3.16941e+07
58 2.18215e+07
135 4.20042e+07
101 3.2437e+07
127 3.8967e+07
126 3.83694e+07
102 3.33382e+07
72 2.59272e+07
45 1.95798e+07
59 2.31168e+07
66 2.45613e+07
67 2.50781e+07
116 3.41044e+07
117 3.67485e+07
134 4.18083e+07
76 2.95947e+07
62 2.32557e+07
103 3.35041e+07
141 4.21918e+07
51 2.05167e+07
132 4.06664e+07
125 3.74916e+07
93 2.98809e+07
130 3.91382e+07
104 3.4044e+07
63 2.41675e+07
154 5.20727e+07
96 3.1126e+07
124 3.70535e+07
151 4.44439e+07
Thế hệ thứ: 16
54 2.12386e+07
96 3.1126e+07
124 3.70535e+07
76 2.95947e+07
62 2.32557e+07
103 3.35041e+07
58 2.18215e+07
97 3.16941e+07
93 2.98809e+07
135 4.20042e+07
126 3.83694e+07
101 3.2437e+07
51 2.05167e+07
102 3.33382e+07
72 2.59272e+07
151 4.44439e+07
45 1.95798e+07
132 4.06664e+07
125 3.74916e+07
59 2.31168e+07
63 2.41675e+07
154 5.20727e+07
66 2.45613e+07
67 2.50781e+07
116 3.41044e+07
117 3.67485e+07
134 4.18083e+07
142 4.20758e+07
130 3.89184e+07
100 3.21963e+07
108 3.40426e+07
Thế hệ thứ: 17
97 3.16941e+07
54 2.12386e+07
151 4.44439e+07
76 2.95947e+07
66 2.45613e+07
96 3.1126e+07
124 3.70535e+07
62 2.32557e+07
103 3.35041e+07
45 1.95798e+07
58 2.18215e+07
132 4.06664e+07
125 3.74916e+07
59 2.31168e+07
63 2.41675e+07
93 2.98809e+07
116 3.41044e+07
154 5.20727e+07
142 4.20758e+07
101 3.2437e+07
126 3.83694e+07
130 3.89184e+07
100 3.21963e+07
108 3.40426e+07
72 2.59272e+07
51 2.05167e+07
67 2.50781e+07
102 3.33382e+07
138 4.14021e+07
117 3.60838e+07
158 5.21314e+07
Thế hệ thứ: 18
151 4.44439e+07
54 2.12386e+07
66 2.45613e+07
76 2.95947e+07
142 4.20758e+07
117 3.60838e+07
101 3.2437e+07
126 3.83694e+07
124 3.70535e+07
96 3.1126e+07
62 2.32557e+07
103 3.35041e+07
63 2.41675e+07
158 5.21314e+07
45 1.95798e+07
130 3.89184e+07
58 2.18215e+07
132 4.06664e+07
125 3.74916e+07
100 3.21963e+07
59 2.31168e+07
108 3.40426e+07
72 2.59272e+07
51 2.05167e+07
144 4.23428e+07
67 2.50781e+07
102 3.33382e+07
93 2.98809e+07
116 3.41044e+07
154 5.20727e+07
99 3.13459e+07
84 2.97499e+07
138 4.10157e+07
106 3.38176e+07
145 4.24039e+07
Thế hệ thứ: 19
106 3.38176e+07
72 2.59272e+07
101 3.2437e+07
126 3.83694e+07
51 2.05167e+07
54 2.12386e+07
151 4.44439e+07
67 2.50781e+07
144 4.23428e+07
76 2.95947e+07
66 2.45613e+07
138 4.10157e+07
142 4.20758e+07
117 3.60838e+07
45 1.95798e+07
102 3.33382e+07
96 3.1126e+07
124 3.70535e+07
116 3.41044e+07
62 2.32557e+07
103 3.35041e+07
154 5.20727e+07
84 2.97499e+07
63 2.41675e+07
158 5.21314e+07
93 2.98809e+07
132 4.06664e+07
125 3.74916e+07
145 4.24039e+07
130 3.89184e+07
99 3.13459e+07
58 2.18215e+07
100 3.21963e+07
59 2.31168e+07
108 3.40426e+07
Thế hệ thứ: 20
101 3.2437e+07
126 3.83694e+07
106 3.38176e+07
72 2.59272e+07
84 2.97499e+07
130 3.89184e+07
63 2.41675e+07
51 2.05167e+07
54 2.12386e+07
151 4.44439e+07
144 4.23428e+07
67 2.50781e+07
45 1.95798e+07
76 2.95947e+07
100 3.21963e+07
66 2.45613e+07
99 3.13459e+07
138 4.10157e+07
93 2.98809e+07
58 2.18215e+07
142 4.20758e+07
145 4.24039e+07
132 4.06664e+07
125 3.74916e+07
117 3.60838e+07
108 3.40426e+07
59 2.31168e+07
102 3.33382e+07
96 3.1126e+07
124 3.70535e+07
116 3.41044e+07
62 2.32557e+07
103 3.35041e+07
158 4.97481e+07
152 4.91e+07
141 4.1694e+07
Thế hệ thứ: 21
106 3.38176e+07
72 2.59272e+07
101 3.2437e+07
126 3.83694e+07
125 3.74916e+07
145 4.24039e+07
84 2.97499e+07
130 3.89184e+07
158 4.97481e+07
117 3.60838e+07
63 2.41675e+07
108 3.40426e+07
51 2.05167e+07
152 4.91e+07
54 2.12386e+07
151 4.44439e+07
67 2.50781e+07
144 4.23428e+07
45 1.95798e+07
76 2.95947e+07
100 3.21963e+07
59 2.31168e+07
66 2.45613e+07
99 3.13459e+07
102 3.33382e+07
124 3.70535e+07
96 3.1126e+07
62 2.32557e+07
103 3.35041e+07
93 2.98809e+07
58 2.18215e+07
116 3.41044e+07
142 3.93302e+07
Thế hệ thứ: 22
125 3.74916e+07
145 4.24039e+07
101 3.2437e+07
126 3.83694e+07
106 3.38176e+07
72 2.59272e+07
142 3.93302e+07
151 4.44439e+07
152 4.91e+07
54 2.12386e+07
99 3.13459e+07
84 2.97499e+07
100 3.21963e+07
158 4.97481e+07
117 3.60838e+07
45 1.95798e+07
63 2.41675e+07
108 3.40426e+07
76 2.95947e+07
51 2.05167e+07
144 4.23428e+07
67 2.50781e+07
116 3.41044e+07
59 2.31168e+07
66 2.45613e+07
102 3.33382e+07
96 3.1126e+07
124 3.70535e+07
58 2.18215e+07
93 2.98809e+07
62 2.32557e+07
103 3.35041e+07
146 4.38907e+07
135 3.89156e+07
Thế hệ thứ: 23
101 3.2437e+07
125 3.74916e+07
145 4.24039e+07
45 1.95798e+07
103 3.35041e+07
62 2.32557e+07
116 3.41044e+07
59 2.31168e+07
72 2.59272e+07
106 3.38176e+07
151 4.44439e+07
142 3.93302e+07
54 2.12386e+07
99 3.13459e+07
84 2.97499e+07
100 3.21963e+07
93 2.98809e+07
158 4.97481e+07
66 2.45613e+07
102 3.33382e+07
117 3.60838e+07
124 3.70535e+07
96 3.1126e+07
146 4.38907e+07
63 2.41675e+07
76 2.95947e+07
51 2.05167e+07
67 2.50781e+07
144 4.23428e+07
58 2.18215e+07
135 3.88126e+07
126 3.83296e+07
152 4.85105e+07
113 3.38358e+07
Thế hệ thứ: 24
45 1.95798e+07
125 3.74916e+07
145 4.24039e+07
101 3.2437e+07
106 3.38176e+07
72 2.59272e+07
76 2.95947e+07
51 2.05167e+07
126 3.83296e+07
62 2.32557e+07
103 3.35041e+07
116 3.41044e+07
59 2.31168e+07
144 4.23428e+07
67 2.50781e+07
142 3.93302e+07
151 4.44439e+07
54 2.12386e+07
119 3.61268e+07
58 2.18215e+07
99 3.13459e+07
135 3.88126e+07
84 2.97499e+07
100 3.21963e+07
113 3.38358e+07
152 4.85105e+07
93 2.98809e+07
158 4.97481e+07
96 3.1126e+07
124 3.70535e+07
66 2.45613e+07
102 3.33382e+07
117 3.60838e+07
146 4.38907e+07
63 2.41675e+07
153 4.89954e+07
Thế hệ thứ: 25
106 3.38176e+07
72 2.59272e+07
101 3.2437e+07
125 3.74916e+07
145 4.24039e+07
45 1.95798e+07
63 2.41675e+07
93 2.98809e+07
131 3.8639e+07
76 2.95947e+07
51 2.05167e+07
126 3.83296e+07
158 4.97481e+07
54 2.12386e+07
103 3.35041e+07
62 2.32557e+07
116 3.41044e+07
124 3.70535e+07
96 3.1126e+07
59 2.31168e+07
67 2.50781e+07
144 4.23428e+07
151 4.44439e+07
142 3.93302e+07
153 4.89954e+07
117 3.60838e+07
58 2.18215e+07
119 3.61268e+07
66 2.45613e+07
121 3.64235e+07
99 3.13459e+07
102 3.33382e+07
135 3.88126e+07
84 2.97499e+07
100 3.21963e+07
113 3.38358e+07
146 4.38907e+07
152 4.85105e+07
Thế hệ thứ: 26
145 4.24039e+07
125 3.74916e+07
72 2.59272e+07
117 3.60838e+07
119 3.61268e+07
58 2.18215e+07
45 1.95798e+07
63 2.41675e+07
62 2.32557e+07
106 3.21531e+07
93 2.98809e+07
76 2.95947e+07
131 3.8639e+07
51 2.05167e+07
126 3.83296e+07
158 4.97481e+07
135 3.88126e+07
84 2.97499e+07
66 2.45613e+07
54 2.12386e+07
152 4.85105e+07
99 3.13459e+07
121 3.64235e+07
116 3.41044e+07
96 3.1126e+07
124 3.70535e+07
146 4.38907e+07
109 3.35302e+07
59 2.31168e+07
144 4.23428e+07
67 2.50781e+07
113 3.38358e+07
142 3.93302e+07
151 4.44439e+07
153 4.89954e+07
Thế hệ thứ: 27
58 2.18215e+07
119 3.61268e+07
72 2.59272e+07
145 4.24039e+07
125 3.74916e+07
67 2.50781e+07
144 4.23428e+07
84 2.97499e+07
146 4.38907e+07
109 3.35302e+07
66 2.45613e+07
117 3.60838e+07
59 2.31168e+07
96 3.1126e+07
124 3.70535e+07
54 2.12386e+07
152 4.85105e+07
121 3.64235e+07
99 3.13459e+07
153 4.89954e+07
45 1.95798e+07
142 3.93302e+07
151 4.44439e+07
63 2.41675e+07
62 2.32557e+07
116 3.41044e+07
106 3.21531e+07
93 2.98809e+07
131 3.8639e+07
76 2.95947e+07
51 2.05167e+07
113 3.38358e+07
158 4.97481e+07
135 3.88126e+07
126 3.8201e+07
79 2.96161e+07
Thế hệ thứ: 28
79 2.96161e+07
76 2.95947e+07
131 3.8639e+07
146 4.38907e+07
109 3.35302e+07
119 3.61268e+07
58 2.18215e+07
93 2.98809e+07
106 3.21531e+07
125 3.74916e+07
145 4.24039e+07
72 2.59272e+07
99 3.13459e+07
121 3.64235e+07
144 4.23428e+07
67 2.50781e+07
84 2.97499e+07
66 2.45613e+07
51 2.05167e+07
117 3.60838e+07
59 2.31168e+07
124 3.70535e+07
96 3.1126e+07
113 3.38358e+07
54 2.12386e+07
152 4.85105e+07
126 3.8201e+07
153 4.89954e+07
45 1.95798e+07
151 4.44439e+07
142 3.93302e+07
63 2.41675e+07
62 2.32557e+07
116 3.41044e+07
135 3.88126e+07
158 4.97481e+07
Thế hệ thứ: 29
109 3.35302e+07
146 4.38907e+07
79 2.96161e+07
76 2.95947e+07
113 3.38358e+07
58 2.18215e+07
158 4.97481e+07
54 2.12386e+07
93 2.98809e+07
106 3.21531e+07
144 4.23428e+07
67 2.50781e+07
145 4.24039e+07
125 3.74916e+07
62 2.32557e+07
45 1.95798e+07
72 2.59272e+07
99 3.13459e+07
142 3.93302e+07
151 4.44439e+07
84 2.97499e+07
66 2.45613e+07
116 3.41044e+07
51 2.05167e+07
59 2.31168e+07
63 2.41675e+07
96 3.1126e+07
124 3.70535e+07
135 3.88126e+07
155 4.77964e+07
131 3.80894e+07
138 3.91501e+07
121 3.56775e+07
Thế hệ thứ: 30
79 2.96161e+07
76 2.95947e+07
146 4.38907e+07
109 3.35302e+07
144 4.23428e+07
67 2.50781e+07
113 3.38358e+07
151 4.44439e+07
142 3.93302e+07
155 4.77964e+07
145 4.24039e+07
125 3.74916e+07
58 2.18215e+07
158 4.97481e+07
62 2.32557e+07
54 2.12386e+07
45 1.95798e+07
93 2.98809e+07
106 3.21531e+07
59 2.31168e+07
96 3.1126e+07
124 3.70535e+07
72 2.59272e+07
99 3.13459e+07
63 2.41675e+07
84 2.97499e+07
66 2.45613e+07
116 3.41044e+07
138 3.91501e+07
51 2.05167e+07
121 3.56775e+07
135 3.78459e+07
123 3.70452e+07
Thế hệ thứ: 31
109 3.35302e+07
146 4.38907e+07
144 4.23428e+07
67 2.50781e+07
51 2.05167e+07
138 3.91501e+07
59 2.31168e+07
124 3.70535e+07
96 3.1126e+07
113 3.38358e+07
135 3.77406e+07
155 4.77964e+07
142 3.93302e+07
151 4.44439e+07
145 4.24039e+07
125 3.74916e+07
123 3.70452e+07
72 2.59272e+07
99 3.13459e+07
63 2.41675e+07
84 2.97499e+07
66 2.45613e+07
58 2.18215e+07
158 4.97481e+07
116 3.41044e+07
62 2.32557e+07
54 2.12386e+07
121 3.56775e+07
45 1.95798e+07
93 2.98809e+07
106 3.21531e+07
81 2.93571e+07
Thế hệ thứ: 32
146 4.38907e+07
109 3.35302e+07
93 2.98809e+07
106 3.21531e+07
81 2.93571e+07
99 3.13459e+07
63 2.41675e+07
144 4.23428e+07
67 2.50781e+07
84 2.97499e+07
138 3.91501e+07
51 2.05167e+07
66 2.45613e+07
59 2.31168e+07
96 3.1126e+07
124 3.70535e+07
45 1.95798e+07
113 3.38358e+07
151 4.44439e+07
142 3.93302e+07
155 4.77964e+07
135 3.77406e+07
54 2.12386e+07
58 2.18215e+07
158 4.97481e+07
125 3.74916e+07
145 4.24039e+07
116 3.41044e+07
121 3.56775e+07
62 2.32557e+07
72 2.59272e+07
123 3.70452e+07
Thế hệ thứ: 33
109 3.35302e+07
146 4.38907e+07
116 3.41044e+07
106 3.21531e+07
93 2.98809e+07
81 2.93571e+07
121 3.56775e+07
62 2.32557e+07
99 3.13459e+07
63 2.41675e+07
67 2.50781e+07
144 4.23428e+07
84 2.97499e+07
51 2.05167e+07
138 3.91501e+07
66 2.45613e+07
59 2.31168e+07
124 3.70535e+07
96 3.1126e+07
123 3.70452e+07
72 2.59272e+07
45 1.95798e+07
113 3.38358e+07
135 3.77406e+07
155 4.77964e+07
142 3.93302e+07
151 4.44439e+07
54 2.12386e+07
58 2.18215e+07
158 4.97481e+07
145 4.24039e+07
125 3.74916e+07
136 3.87526e+07
143 4.05754e+07
Thế hệ thứ: 34
143 4.05754e+07
109 3.35302e+07
150 4.36438e+07
125 3.74916e+07
145 4.24039e+07
116 3.41044e+07
93 2.98809e+07
106 3.21531e+07
81 2.93571e+07
151 4.44439e+07
142 3.93302e+07
155 4.77964e+07
135 3.77406e+07
121 3.56775e+07
62 2.32557e+07
54 2.12386e+07
99 3.13459e+07
58 2.18215e+07
63 2.41675e+07
144 4.23428e+07
67 2.50781e+07
84 2.97499e+07
138 3.91501e+07
51 2.05167e+07
66 2.45613e+07
59 2.31168e+07
96 3.1126e+07
124 3.70535e+07
158 4.97481e+07
72 2.59272e+07
123 3.70452e+07
136 3.87526e+07
45 1.95798e+07
113 3.38358e+07
118 3.56131e+07
Thế hệ thứ: 35
93 2.98809e+07
106 3.21531e+07
81 2.93571e+07
118 3.56131e+07
136 3.87526e+07
66 2.45613e+07
143 4.05754e+07
138 3.91501e+07
51 2.05167e+07
145 4.24039e+07
150 4.36438e+07
125 3.74916e+07
116 3.41044e+07
59 2.31168e+07
124 3.70535e+07
96 3.1126e+07
158 4.97481e+07
135 3.77406e+07
155 4.77964e+07
142 3.93302e+07
151 4.44439e+07
113 3.38358e+07
121 3.56775e+07
45 1.95798e+07
62 2.32557e+07
54 2.12386e+07
123 3.70452e+07
72 2.59272e+07
99 3.13459e+07
58 2.18215e+07
63 2.41675e+07
67 2.50781e+07
144 4.23428e+07
84 2.97499e+07
111 3.35078e+07
100 3.17303e+07
Thế hệ thứ: 36
106 3.21531e+07
93 2.98809e+07
81 2.93571e+07
100 3.17303e+07
136 3.87526e+07
118 3.56131e+07
62 2.32557e+07
54 2.12386e+07
66 2.45613e+07
63 2.41675e+07
72 2.59272e+07
143 4.05754e+07
51 2.05167e+07
138 3.91501e+07
150 4.36438e+07
145 4.24039e+07
116 3.41044e+07
144 4.23428e+07
67 2.50781e+07
59 2.31168e+07
96 3.1126e+07
158 4.97481e+07
99 3.13459e+07
142 3.93302e+07
155 4.77964e+07
135 3.77406e+07
111 3.35078e+07
113 3.38358e+07
84 2.97499e+07
121 3.56775e+07
45 1.95798e+07
58 2.18215e+07
128 3.66533e+07
152 4.44036e+07
131 3.74994e+07
Thế hệ thứ: 37
93 2.98809e+07
106 3.21531e+07
81 2.93571e+07
99 3.13459e+07
100 3.17303e+07
149 4.30866e+07
118 3.56131e+07
136 3.87526e+07
131 3.74994e+07
128 3.66533e+07
62 2.32557e+07
54 2.12386e+07
58 2.18215e+07
66 2.45613e+07
63 2.41675e+07
72 2.59272e+07
135 3.77406e+07
155 4.77964e+07
142 3.93302e+07
143 4.05754e+07
113 3.38358e+07
111 3.35078e+07
138 3.91501e+07
51 2.05167e+07
150 4.36438e+07
145 4.24039e+07
152 4.44036e+07
116 3.41044e+07
84 2.97499e+07
67 2.50781e+07
144 4.23428e+07
59 2.31168e+07
96 3.1126e+07
121 3.56775e+07
158 4.97481e+07
45 1.95798e+07
154 4.66216e+07
Thế hệ thứ: 38
106 3.21531e+07
93 2.98809e+07
81 2.93571e+07
150 4.36438e+07
145 4.24039e+07
99 3.13459e+07
100 3.17303e+07
118 3.56131e+07
149 4.30866e+07
121 3.56775e+07
136 3.87526e+07
131 3.74994e+07
128 3.66533e+07
116 3.41044e+07
152 4.44036e+07
62 2.32557e+07
54 2.12386e+07
58 2.18215e+07
84 2.97499e+07
66 2.45613e+07
63 2.41675e+07
158 4.97481e+07
144 4.23428e+07
67 2.50781e+07
72 2.59272e+07
59 2.31168e+07
142 3.93302e+07
155 4.77964e+07
135 3.77406e+07
45 1.95798e+07
143 4.05754e+07
113 3.38358e+07
111 3.35078e+07
51 2.05167e+07
96 3.1126e+07
132 3.76786e+07
138 3.90419e+07
154 4.59112e+07
Thế hệ thứ: 39
93 2.98809e+07
106 3.21531e+07
81 2.93571e+07
150 4.36438e+07
72 2.59272e+07
96 3.1126e+07
59 2.31168e+07
132 3.76786e+07
99 3.13459e+07
100 3.17303e+07
135 3.77406e+07
142 3.93302e+07
149 4.30866e+07
118 3.56131e+07
121 3.56775e+07
136 3.87526e+07
131 3.74994e+07
128 3.66533e+07
45 1.95798e+07
152 4.44036e+07
116 3.41044e+07
138 3.90419e+07
62 2.32557e+07
143 4.05754e+07
54 2.12386e+07
111 3.35078e+07
113 3.38358e+07
58 2.18215e+07
84 2.97499e+07
66 2.45613e+07
154 4.59112e+07
63 2.41675e+07
158 4.97481e+07
67 2.50781e+07
51 2.05167e+07
145 4.07998e+07
155 4.67948e+07
Thế hệ thứ: 40
100 3.17303e+07
106 3.21531e+07
93 2.98809e+07
81 2.93571e+07
136 3.87526e+07
131 3.74994e+07
150 4.36438e+07
62 2.32557e+07
152 4.44036e+07
116 3.41044e+07
72 2.59272e+07
66 2.45613e+07
154 4.59112e+07
96 3.1126e+07
59 2.31168e+07
132 3.76786e+07
158 4.97481e+07
99 3.13459e+07
155 4.67948e+07
128 3.66533e+07
45 1.95798e+07
138 3.90419e+07
63 2.41675e+07
142 3.93302e+07
135 3.77406e+07
67 2.50781e+07
149 4.30866e+07
54 2.12386e+07
113 3.38358e+07
111 3.35078e+07
58 2.18215e+07
84 2.97499e+07
51 2.05167e+07
145 4.07998e+07
144 4.04573e+07
148 4.11097e+07
123 3.51807e+07
Thế hệ thứ: 41
67 2.50781e+07
100 3.17303e+07
142 3.93302e+07
135 3.77406e+07
93 2.98809e+07
106 3.21531e+07
81 2.93571e+07
136 3.87526e+07
131 3.74994e+07
84 2.97499e+07
149 4.30866e+07
150 4.36438e+07
54 2.12386e+07
59 2.31168e+07
62 2.32557e+07
116 3.41044e+07
152 4.44036e+07
111 3.35078e+07
113 3.38358e+07
72 2.59272e+07
66 2.45613e+07
154 4.59112e+07
144 4.04573e+07
96 3.1126e+07
58 2.18215e+07
99 3.13459e+07
148 4.11097e+07
132 3.76786e+07
158 4.97481e+07
145 4.07998e+07
123 3.51807e+07
128 3.66533e+07
155 4.67948e+07
45 1.95798e+07
138 3.90419e+07
63 2.41675e+07
51 2.05167e+07
Thế hệ thứ: 42
100 3.17303e+07
67 2.50781e+07
58 2.18215e+07
142 3.93302e+07
135 3.77406e+07
148 4.11097e+07
99 3.13459e+07
106 3.21531e+07
93 2.98809e+07
81 2.93571e+07
136 3.87526e+07
131 3.74994e+07
84 2.97499e+07
149 4.30866e+07
132 3.76786e+07
158 4.97481e+07
150 4.36438e+07
145 4.07998e+07
54 2.12386e+07
59 2.31168e+07
51 2.05167e+07
62 2.32557e+07
123 3.51807e+07
155 4.67948e+07
128 3.66533e+07
152 4.44036e+07
116 3.41044e+07
113 3.38358e+07
111 3.35078e+07
72 2.59272e+07
66 2.45613e+07
45 1.95798e+07
154 4.59112e+07
144 4.04573e+07
138 3.90419e+07
96 3.1126e+07
63 2.41675e+07
161 4.99773e+07
Thế hệ thứ: 43
67 2.50781e+07
152 4.44036e+07
116 3.41044e+07
100 3.17303e+07
111 3.35078e+07
113 3.38358e+07
58 2.18215e+07
142 3.93302e+07
135 3.77406e+07
99 3.13459e+07
148 4.11097e+07
106 3.21531e+07
93 2.98809e+07
81 2.93571e+07
150 4.36438e+07
136 3.87526e+07
131 3.74994e+07
84 2.97499e+07
63 2.41675e+07
72 2.59272e+07
149 4.30866e+07
66 2.45613e+07
132 3.76786e+07
45 1.95798e+07
154 4.59112e+07
144 4.04573e+07
161 4.99773e+07
145 4.07998e+07
138 3.90419e+07
54 2.12386e+07
59 2.31168e+07
51 2.05167e+07
158 4.95025e+07
96 3.1126e+07
62 2.32557e+07
123 3.51807e+07
128 3.66533e+07
155 4.60142e+07
156 4.94223e+07
Thế hệ thứ: 44
100 3.17303e+07
152 4.44036e+07
116 3.41044e+07
67 2.50781e+07
145 4.07998e+07
58 2.18215e+07
111 3.35078e+07
113 3.38358e+07
135 3.77406e+07
142 3.93302e+07
148 4.11097e+07
99 3.13459e+07
106 3.21531e+07
93 2.98809e+07
81 2.93571e+07
96 3.1126e+07
150 4.36438e+07
62 2.32557e+07
138 3.90419e+07
131 3.74994e+07
84 2.97499e+07
63 2.41675e+07
72 2.59272e+07
123 3.51807e+07
54 2.12386e+07
45 1.95798e+07
59 2.31168e+07
51 2.05167e+07
149 4.30866e+07
66 2.45613e+07
155 4.60142e+07
132 3.76786e+07
128 3.66533e+07
154 4.59112e+07
144 4.04573e+07
161 4.99773e+07
158 4.83279e+07
136 3.8265e+07
Thế hệ thứ: 45
113 3.38358e+07
111 3.35078e+07
136 3.8265e+07
54 2.12386e+07
67 2.50781e+07
152 4.44036e+07
116 3.41044e+07
100 3.17303e+07
106 3.21531e+07
93 2.98809e+07
81 2.93571e+07
45 1.95798e+07
145 4.07998e+07
59 2.31168e+07
149 4.30866e+07
58 2.18215e+07
66 2.45613e+07
51 2.05167e+07
161 4.99773e+07
142 3.93302e+07
135 3.77406e+07
99 3.13459e+07
148 4.11097e+07
144 4.04573e+07
158 4.83279e+07
154 4.59112e+07
96 3.1126e+07
150 4.36438e+07
62 2.32557e+07
138 3.90419e+07
128 3.66533e+07
132 3.76786e+07
131 3.74994e+07
155 4.60142e+07
84 2.97499e+07
63 2.41675e+07
72 2.59272e+07
123 3.51807e+07
Thế hệ thứ: 46
93 2.98809e+07
106 3.21531e+07
81 2.93571e+07
116 3.41044e+07
152 4.44036e+07
67 2.50781e+07
144 4.04573e+07
113 3.38358e+07
111 3.35078e+07
136 3.8265e+07
54 2.12386e+07
158 4.83279e+07
100 3.17303e+07
58 2.18215e+07
84 2.97499e+07
154 4.59112e+07
45 1.95798e+07
151 4.19641e+07
145 4.07998e+07
63 2.41675e+07
96 3.1126e+07
59 2.31168e+07
62 2.32557e+07
72 2.59272e+07
138 3.90419e+07
66 2.45613e+07
123 3.51807e+07
51 2.05167e+07
161 4.99773e+07
128 3.66533e+07
132 3.76786e+07
135 3.77406e+07
142 3.93302e+07
131 3.74994e+07
148 4.11097e+07
99 3.13459e+07
155 4.60142e+07
Thế hệ thứ: 47
106 3.21531e+07
93 2.98809e+07
81 2.93571e+07
66 2.45613e+07
132 3.76786e+07
67 2.50781e+07
116 3.41044e+07
152 4.44036e+07
111 3.35078e+07
113 3.38358e+07
136 3.8265e+07
54 2.12386e+07
158 4.83279e+07
155 4.60142e+07
123 3.51807e+07
100 3.17303e+07
148 4.11097e+07
99 3.13459e+07
58 2.18215e+07
84 2.97499e+07
154 4.59112e+07
51 2.05167e+07
45 1.95798e+07
131 3.74994e+07
151 4.19641e+07
145 4.07998e+07
161 4.99773e+07
63 2.41675e+07
96 3.1126e+07
59 2.31168e+07
135 3.77406e+07
142 3.93302e+07
62 2.32557e+07
128 3.66533e+07
72 2.59272e+07
138 3.90419e+07
144 4.00774e+07
Thế hệ thứ: 48
81 2.93571e+07
93 2.98809e+07
106 3.21531e+07
145 4.07998e+07
151 4.19641e+07
132 3.76786e+07
66 2.45613e+07
72 2.59272e+07
67 2.50781e+07
138 3.90419e+07
152 4.44036e+07
116 3.41044e+07
161 4.99773e+07
100 3.17303e+07
54 2.12386e+07
136 3.8265e+07
63 2.41675e+07
96 3.1126e+07
158 4.83279e+07
123 3.51807e+07
59 2.31168e+07
142 3.93302e+07
135 3.77406e+07
99 3.13459e+07
148 4.11097e+07
58 2.18215e+07
84 2.97499e+07
51 2.05167e+07
62 2.32557e+07
45 1.95798e+07
128 3.66533e+07
131 3.74994e+07
144 4.00774e+07
156 4.53018e+07
115 3.31051e+07
Thế hệ thứ: 49
106 3.21531e+07
93 2.98809e+07
81 2.93571e+07
99 3.13459e+07
148 4.11097e+07
115 3.31051e+07
144 4.00774e+07
151 4.19641e+07
145 4.07998e+07
156 4.53018e+07
58 2.18215e+07
84 2.97499e+07
132 3.76786e+07
51 2.05167e+07
66 2.45613e+07
72 2.59272e+07
67 2.50781e+07
138 3.90419e+07
62 2.32557e+07
116 3.41044e+07
152 4.44036e+07
161 4.99773e+07
128 3.66533e+07
100 3.17303e+07
131 3.74994e+07
45 1.95798e+07
136 3.8265e+07
54 2.12386e+07
63 2.41675e+07
96 3.1126e+07
158 4.83279e+07
123 3.51807e+07
59 2.31168e+07
135 3.77406e+07
142 3.93302e+07
75 2.92992e+07
154 4.48308e+07
