Thế hệ thứ: 0
17 2.91799e+06
12 2.39071e+06
18 2.95154e+06
15 2.39775e+06
20 4.16959e+06
16 2.66363e+06
11 2.0738e+06
19 4.03238e+06
Thế hệ thứ: 1
15 2.39775e+06
18 2.95154e+06
17 2.85918e+06
20 3.13307e+06
16 2.49108e+06
13 2.01047e+06
Thế hệ thứ: 2
20 3.13307e+06
20 3.13307e+06
13 2.01047e+06
12 1.99512e+06
16 2.49108e+06
15 2.39775e+06
17 2.85918e+06
18 2.95154e+06
18 2.95154e+06
Thế hệ thứ: 3
20 3.13307e+06
20 3.13307e+06
16 2.49108e+06
15 2.39775e+06
13 2.01047e+06
18 2.95154e+06
18 2.95154e+06
17 2.59893e+06
12 1.98991e+06
Thế hệ thứ: 4
20 3.13307e+06
20 3.13307e+06
12 1.98991e+06
16 2.49108e+06
15 2.39775e+06
13 2.01047e+06
17 2.59893e+06
18 2.95154e+06
18 2.95154e+06
19 3.07974e+06
Thế hệ thứ: 5
20 3.13307e+06
20 3.13307e+06
12 1.98991e+06
16 2.49108e+06
15 2.39775e+06
13 2.01047e+06
17 2.59893e+06
18 2.95154e+06
18 2.95154e+06
19 3.03578e+06
17 2.59893e+06
Thế hệ thứ: 6
20 3.13307e+06
20 3.13307e+06
12 1.98991e+06
16 2.49108e+06
15 2.39775e+06
13 2.01047e+06
17 2.59893e+06
17 2.59893e+06
19 2.80338e+06
14 2.23663e+06
Thế hệ thứ: 7
20 3.13307e+06
20 3.13307e+06
12 1.98991e+06
19 2.80338e+06
13 2.01047e+06
14 2.23663e+06
15 2.39775e+06
17 2.41955e+06
Thế hệ thứ: 8
12 1.98991e+06
17 2.41955e+06
13 2.01047e+06
14 2.23663e+06
15 2.39775e+06
19 2.78531e+06
20 3.03654e+06
Thế hệ thứ: 9
12 1.98991e+06
20 3.03654e+06
13 2.01047e+06
14 2.23663e+06
19 2.78531e+06
17 2.41955e+06
15 2.39775e+06
18 2.57296e+06
Thế hệ thứ: 10
12 1.98991e+06
20 3.03654e+06
13 2.01047e+06
14 2.23663e+06
19 2.78531e+06
18 2.57296e+06
15 2.39775e+06
17 2.41955e+06
Thế hệ thứ: 11
12 1.98991e+06
13 2.01047e+06
14 2.23663e+06
19 2.78531e+06
18 2.57296e+06
15 2.39775e+06
17 2.41955e+06
20 3.00787e+06
Thế hệ thứ: 12
12 1.98991e+06
13 2.01047e+06
14 2.23663e+06
19 2.78531e+06
20 3.00787e+06
18 2.57296e+06
15 2.39775e+06
17 2.41955e+06
Thế hệ thứ: 13
13 2.01047e+06
14 2.23663e+06
19 2.78531e+06
20 3.00787e+06
12 1.98991e+06
18 2.57296e+06
15 2.39775e+06
17 2.41955e+06
Thế hệ thứ: 14
12 1.98991e+06
13 2.01047e+06
14 2.23663e+06
19 2.78531e+06
18 2.57296e+06
15 2.39775e+06
17 2.41955e+06
20 2.92091e+06
Thế hệ thứ: 15
12 1.98991e+06
20 2.92091e+06
13 2.01047e+06
19 2.78531e+06
14 2.23663e+06
18 2.57296e+06
15 2.39775e+06
17 2.41955e+06
Thế hệ thứ: 16
12 1.98991e+06
16 2.3958e+06
20 2.92091e+06
13 2.01047e+06
19 2.78531e+06
14 2.23663e+06
18 2.57296e+06
17 2.41955e+06
Thế hệ thứ: 17
12 1.98991e+06
20 2.92091e+06
16 2.3958e+06
13 2.01047e+06
19 2.78531e+06
14 2.23663e+06
18 2.57296e+06
17 2.41955e+06
Thế hệ thứ: 18
12 1.98991e+06
20 2.92091e+06
16 2.3958e+06
13 2.01047e+06
19 2.78531e+06
14 2.23663e+06
18 2.57296e+06
17 2.41955e+06
Thế hệ thứ: 19
12 1.98991e+06
20 2.92091e+06
16 2.3958e+06
13 2.01047e+06
19 2.78531e+06
14 2.23663e+06
18 2.57296e+06
17 2.41955e+06
15 2.34102e+06
Thế hệ thứ: 20
12 1.98991e+06
20 2.92091e+06
18 2.57296e+06
13 2.01047e+06
14 2.23663e+06
19 2.78531e+06
17 2.41955e+06
16 2.24575e+06
Thế hệ thứ: 21
12 1.98991e+06
20 2.92091e+06
16 2.24575e+06
19 2.54617e+06
13 2.01047e+06
14 2.23663e+06
17 2.41955e+06
Thế hệ thứ: 22
12 1.98991e+06
20 2.92091e+06
20 2.92091e+06
16 2.24575e+06
19 2.54617e+06
17 2.41955e+06
13 2.01047e+06
14 2.23663e+06
Thế hệ thứ: 23
12 1.98991e+06
20 2.92091e+06
20 2.92091e+06
16 2.24575e+06
19 2.54617e+06
17 2.41955e+06
13 2.01047e+06
14 2.23663e+06
Thế hệ thứ: 24
12 1.98991e+06
20 2.92091e+06
20 2.92091e+06
16 2.24575e+06
19 2.54617e+06
17 2.41955e+06
13 2.01047e+06
14 2.23663e+06
Thế hệ thứ: 25
12 1.98991e+06
20 2.92091e+06
20 2.92091e+06
16 2.24575e+06
19 2.54617e+06
17 2.41955e+06
13 2.01047e+06
14 2.23663e+06
Thế hệ thứ: 26
12 1.98991e+06
20 2.92091e+06
20 2.92091e+06
16 2.24575e+06
19 2.54617e+06
17 2.41955e+06
13 2.01047e+06
14 2.23663e+06
Thế hệ thứ: 27
20 2.92091e+06
20 2.92091e+06
16 2.24575e+06
19 2.54617e+06
17 2.41955e+06
13 2.01047e+06
14 2.23663e+06
12 1.98899e+06
Thế hệ thứ: 28
20 2.92091e+06
20 2.92091e+06
12 1.98899e+06
16 2.24575e+06
19 2.54617e+06
17 2.41955e+06
13 2.01047e+06
14 2.23663e+06
Thế hệ thứ: 29
20 2.92091e+06
20 2.92091e+06
12 1.98899e+06
16 2.24575e+06
19 2.54617e+06
17 2.41955e+06
13 2.01047e+06
14 2.23663e+06
