Thế hệ thứ: 0
22 4.19644e+06
23 4.34243e+06
32 6.71415e+06
28 4.88798e+06
26 4.5612e+06
46 1.0525e+07
20 3.80576e+06
25 4.37818e+06
36 7.06152e+06
43 8.39435e+06
49 1.16667e+07
31 5.06806e+06
44 9.752e+06
40 7.33371e+06
41 8.01504e+06
50 1.25275e+07
45 1.05027e+07
Thế hệ thứ: 1
26 4.5612e+06
48 9.27625e+06
40 7.33371e+06
43 8.39435e+06
22 4.19644e+06
36 7.06152e+06
23 4.34243e+06
49 1.16667e+07
44 9.05681e+06
28 4.88798e+06
38 7.29377e+06
20 3.80576e+06
25 4.37818e+06
41 8.01504e+06
50 1.25275e+07
32 5.60344e+06
34 6.86214e+06
42 8.14967e+06
31 4.90399e+06
Thế hệ thứ: 2
48 9.27625e+06
40 7.33371e+06
43 8.39435e+06
38 7.29377e+06
20 3.80576e+06
31 4.90399e+06
44 9.05681e+06
22 4.19644e+06
42 8.14967e+06
23 4.34243e+06
25 4.37818e+06
49 1.16667e+07
41 8.01504e+06
32 5.60344e+06
50 1.1991e+07
28 4.66215e+06
37 6.36838e+06
26 4.53518e+06
33 5.80997e+06
Thế hệ thứ: 3
48 9.27625e+06
40 7.33371e+06
50 1.1991e+07
23 4.34243e+06
20 3.80576e+06
38 7.29377e+06
43 8.39435e+06
42 8.14967e+06
33 5.80997e+06
25 4.37818e+06
44 9.05681e+06
26 4.53518e+06
28 4.66215e+06
31 4.90399e+06
49 1.16667e+07
37 6.36838e+06
22 4.19644e+06
29 4.88809e+06
32 4.90626e+06
41 7.75522e+06
Thế hệ thứ: 4
48 9.27625e+06
29 4.88809e+06
23 4.34243e+06
20 3.80576e+06
37 6.36838e+06
43 8.39435e+06
31 4.90399e+06
22 4.19644e+06
42 8.14967e+06
25 4.37818e+06
32 4.90626e+06
26 4.53518e+06
44 9.05681e+06
28 4.66215e+06
40 6.76495e+06
39 6.63663e+06
50 1.05511e+07
41 7.7051e+06
35 5.59954e+06
49 9.33411e+06
Thế hệ thứ: 5
50 1.05511e+07
48 9.27625e+06
29 4.88809e+06
40 6.76495e+06
31 4.90399e+06
22 4.19644e+06
45 8.40898e+06
23 4.34243e+06
25 4.37818e+06
39 6.63663e+06
20 3.80576e+06
28 4.66215e+06
49 9.33411e+06
32 4.90626e+06
26 4.53518e+06
41 7.7051e+06
35 5.59954e+06
33 5.2157e+06
38 5.88152e+06
43 7.96307e+06
Thế hệ thứ: 6
49 9.33411e+06
32 4.90626e+06
22 4.19644e+06
48 9.27625e+06
50 1.05511e+07
26 4.53518e+06
40 6.76495e+06
41 7.7051e+06
33 5.2157e+06
35 5.59954e+06
43 7.96307e+06
38 5.88152e+06
45 8.40898e+06
23 4.34243e+06
25 4.37818e+06
39 6.63663e+06
20 3.80576e+06
29 4.56657e+06
31 4.82452e+06
Thế hệ thứ: 7
31 4.82452e+06
35 5.59954e+06
33 5.2157e+06
22 4.19644e+06
49 9.33411e+06
32 4.90626e+06
48 9.27625e+06
41 7.7051e+06
29 4.56657e+06
43 7.96307e+06
38 5.88152e+06
45 8.40898e+06
26 4.53518e+06
20 3.80576e+06
25 4.28723e+06
40 6.55682e+06
50 1.02656e+07
47 8.97138e+06
Thế hệ thứ: 8
48 9.27625e+06
41 7.7051e+06
31 4.82452e+06
49 9.33411e+06
32 4.90626e+06
33 5.2157e+06
25 4.28723e+06
29 4.56657e+06
50 1.02656e+07
38 5.88152e+06
26 4.53518e+06
47 8.97138e+06
20 3.80576e+06
40 6.55682e+06
45 7.8302e+06
36 5.53384e+06
22 4.0928e+06
Thế hệ thứ: 9
32 4.90626e+06
49 9.33411e+06
36 5.53384e+06
45 7.8302e+06
25 4.28723e+06
23 3.66571e+06
48 9.27625e+06
47 8.97138e+06
29 4.56657e+06
38 5.88152e+06
41 7.7051e+06
40 6.55682e+06
31 4.82452e+06
50 1.02656e+07
33 5.2157e+06
27 4.34794e+06
46 8.5406e+06
24 4.19601e+06
28 4.40296e+06
Thế hệ thứ: 10
32 4.90626e+06
36 5.53384e+06
40 6.55682e+06
25 4.28723e+06
45 7.8302e+06
29 4.56657e+06
27 4.34794e+06
23 3.66571e+06
28 4.40296e+06
31 4.82452e+06
50 1.02656e+07
24 4.19601e+06
38 5.88152e+06
33 5.2157e+06
41 7.7051e+06
46 8.5406e+06
20 3.56592e+06
49 8.78858e+06
30 4.8237e+06
Thế hệ thứ: 11
32 4.90626e+06
36 5.53384e+06
38 5.88152e+06
49 8.78858e+06
46 8.5406e+06
41 7.7051e+06
45 7.8302e+06
25 4.28723e+06
40 6.55682e+06
28 4.40296e+06
26 4.30739e+06
27 4.34794e+06
23 3.66571e+06
24 4.19601e+06
35 5.33713e+06
50 1.02656e+07
33 5.2157e+06
20 3.56592e+06
31 4.82452e+06
17 3.39699e+06
30 4.44427e+06
19 3.56252e+06
Thế hệ thứ: 12
32 4.90626e+06
36 5.53384e+06
49 8.78858e+06
19 3.47241e+06
38 5.88152e+06
20 3.56592e+06
50 1.02656e+07
35 5.33713e+06
41 7.7051e+06
46 8.5406e+06
45 7.8302e+06
40 6.55682e+06
28 4.40296e+06
30 4.44427e+06
26 4.30739e+06
31 4.82452e+06
23 3.66571e+06
17 3.39699e+06
25 4.08455e+06
27 4.31466e+06
34 5.1247e+06
Thế hệ thứ: 13
20 3.56592e+06
46 8.5406e+06
34 5.1247e+06
32 4.90626e+06
36 5.50642e+06
30 4.44427e+06
45 7.8302e+06
49 8.78858e+06
38 5.88152e+06
19 3.47241e+06
25 4.08455e+06
40 6.55682e+06
17 3.39699e+06
35 5.33713e+06
50 1.02656e+07
28 4.40296e+06
23 3.66571e+06
31 4.82452e+06
41 7.41145e+06
24 3.82163e+06
27 4.20333e+06
Thế hệ thứ: 14
36 5.50642e+06
50 1.02656e+07
35 5.33713e+06
41 7.41145e+06
46 8.5406e+06
19 3.47241e+06
38 5.88152e+06
28 4.40296e+06
30 4.44427e+06
45 7.8302e+06
49 8.78858e+06
25 4.08455e+06
23 3.66571e+06
17 3.39699e+06
31 4.82452e+06
27 4.20333e+06
24 3.82163e+06
20 3.56512e+06
37 5.75896e+06
34 4.93014e+06
40 6.28006e+06
33 4.88481e+06
Thế hệ thứ: 15
50 1.02656e+07
49 8.78858e+06
20 3.56512e+06
30 4.44427e+06
33 4.88481e+06
25 4.08455e+06
23 3.66571e+06
17 3.39699e+06
40 6.28006e+06
45 7.8302e+06
27 4.20333e+06
24 3.82163e+06
34 4.93014e+06
46 8.5406e+06
19 3.47241e+06
26 4.15359e+06
41 7.02402e+06
36 5.09386e+06
39 5.65849e+06
31 4.64557e+06
29 4.36262e+06
Thế hệ thứ: 16
33 4.88481e+06
27 4.20333e+06
50 1.02656e+07
49 8.78858e+06
36 5.09386e+06
20 3.56512e+06
19 3.47241e+06
39 5.65849e+06
29 4.36262e+06
34 4.88731e+06
23 3.66571e+06
26 4.15359e+06
41 7.02402e+06
30 4.44427e+06
24 3.82163e+06
46 8.5406e+06
25 4.08455e+06
17 3.39699e+06
40 6.28006e+06
31 4.64557e+06
45 7.8302e+06
28 4.29021e+06
29 4.36262e+06
37 5.38612e+06
Thế hệ thứ: 17
33 4.88481e+06
41 7.02402e+06
26 4.15359e+06
29 4.36262e+06
34 4.88731e+06
23 3.66571e+06
50 1.02656e+07
27 4.20333e+06
30 4.44427e+06
40 6.28006e+06
36 5.09386e+06
49 8.78858e+06
20 3.56512e+06
19 3.47241e+06
39 5.65849e+06
24 3.82163e+06
46 8.5406e+06
29 4.36262e+06
25 4.08455e+06
17 3.39699e+06
31 4.64557e+06
45 7.8302e+06
28 4.29021e+06
37 5.38612e+06
Thế hệ thứ: 18
33 4.88481e+06
39 5.65849e+06
34 4.88731e+06
29 4.36262e+06
23 3.66571e+06
41 7.02402e+06
26 4.15359e+06
24 3.82163e+06
28 4.29021e+06
46 8.5406e+06
50 1.02656e+07
25 4.08455e+06
29 4.36262e+06
27 4.20333e+06
30 4.44427e+06
40 6.28006e+06
49 8.78858e+06
36 5.09386e+06
17 3.39699e+06
31 4.64557e+06
37 5.38612e+06
45 7.8302e+06
19 3.39759e+06
32 4.82445e+06
21 3.53646e+06
Thế hệ thứ: 19
33 4.88481e+06
25 4.08455e+06
29 4.36262e+06
27 4.20333e+06
40 6.28006e+06
39 5.65849e+06
29 4.36262e+06
34 4.88731e+06
23 3.66571e+06
36 5.09386e+06
49 8.78858e+06
19 3.39759e+06
24 3.82163e+06
28 4.29021e+06
17 3.39699e+06
45 7.8302e+06
46 8.5406e+06
30 4.44427e+06
30 4.44427e+06
31 4.64557e+06
50 1.02656e+07
32 4.82445e+06
21 3.53646e+06
38 5.33842e+06
26 4.09083e+06
41 6.7059e+06
Thế hệ thứ: 20
33 4.88481e+06
25 4.08455e+06
29 4.36262e+06
27 4.20333e+06
40 6.28006e+06
39 5.65849e+06
23 3.66571e+06
34 4.88731e+06
29 4.36262e+06
21 3.53646e+06
49 8.78858e+06
36 5.09386e+06
31 4.64557e+06
41 6.7059e+06
24 3.82163e+06
28 4.29021e+06
38 5.33842e+06
46 8.5406e+06
26 4.09083e+06
30 4.44427e+06
30 4.44427e+06
50 1.02656e+07
45 7.73275e+06
32 4.64651e+06
20 3.3486e+06
Thế hệ thứ: 21
33 4.88481e+06
45 7.73275e+06
29 4.36262e+06
34 4.88731e+06
29 4.36262e+06
23 3.66571e+06
21 3.53646e+06
50 1.02656e+07
36 5.09386e+06
31 4.64557e+06
49 8.50341e+06
20 3.3486e+06
32 4.64651e+06
24 3.82163e+06
30 4.44427e+06
30 4.44427e+06
41 6.10533e+06
28 4.0495e+06
39 5.31854e+06
37 5.30986e+06
Thế hệ thứ: 22
31 4.64557e+06
37 5.30986e+06
33 4.88481e+06
20 3.3486e+06
32 4.64651e+06
29 4.36262e+06
45 7.73275e+06
36 5.09386e+06
23 3.66571e+06
29 4.36262e+06
34 4.88731e+06
28 4.0495e+06
49 8.50341e+06
41 6.10533e+06
24 3.82163e+06
21 3.53646e+06
39 5.31854e+06
30 4.44427e+06
30 4.44427e+06
50 1.02656e+07
26 3.96893e+06
Thế hệ thứ: 23
37 5.30986e+06
45 7.73275e+06
29 4.36262e+06
29 4.36262e+06
20 3.3486e+06
39 5.31854e+06
50 1.02656e+07
36 5.09386e+06
29 4.36262e+06
34 4.88731e+06
23 3.66571e+06
28 4.0495e+06
30 4.44427e+06
30 4.44427e+06
49 8.50341e+06
41 6.10533e+06
41 6.10533e+06
21 3.53646e+06
33 4.6198e+06
27 3.90926e+06
24 3.81847e+06
Thế hệ thứ: 24
37 5.30986e+06
24 3.81847e+06
30 4.44427e+06
30 4.44427e+06
33 4.6198e+06
29 4.36262e+06
29 4.36262e+06
45 7.73275e+06
49 8.50341e+06
20 3.3486e+06
39 5.31854e+06
41 6.10533e+06
41 6.10533e+06
50 1.02656e+07
27 3.90926e+06
21 3.53646e+06
36 5.09386e+06
23 3.66571e+06
29 4.36262e+06
34 4.88731e+06
28 4.0495e+06
Thế hệ thứ: 25
50 1.02656e+07
49 8.50341e+06
37 5.30986e+06
28 4.0495e+06
33 4.6198e+06
24 3.81847e+06
30 4.44427e+06
30 4.44427e+06
36 5.09386e+06
29 4.36262e+06
29 4.36262e+06
45 7.73275e+06
27 3.90926e+06
20 3.3486e+06
29 4.36262e+06
34 4.88731e+06
23 3.66571e+06
39 5.31854e+06
41 6.10533e+06
41 6.10533e+06
21 3.43773e+06
40 5.74142e+06
46 8.12457e+06
Thế hệ thứ: 26
24 3.81847e+06
30 4.44427e+06
30 4.44427e+06
49 8.50341e+06
50 1.02656e+07
38 5.27559e+06
29 4.36262e+06
34 4.88731e+06
23 3.66571e+06
27 3.90926e+06
36 5.09386e+06
29 4.36262e+06
29 4.36262e+06
28 4.0495e+06
19 3.34847e+06
33 4.6198e+06
45 7.73275e+06
20 3.3486e+06
39 5.31854e+06
41 6.10533e+06
41 6.10533e+06
46 8.12457e+06
21 3.43773e+06
40 5.74142e+06
Thế hệ thứ: 27
24 3.81847e+06
30 4.44427e+06
30 4.44427e+06
50 1.02656e+07
49 8.50341e+06
46 8.12457e+06
39 5.31854e+06
29 4.36262e+06
34 4.88731e+06
38 5.27559e+06
27 3.90926e+06
21 3.43773e+06
36 5.09386e+06
29 4.36262e+06
29 4.36262e+06
24 3.81847e+06
41 6.10533e+06
41 6.10533e+06
28 4.0495e+06
19 3.34847e+06
33 4.6198e+06
45 7.73275e+06
20 3.3486e+06
40 5.70148e+06
23 3.6574e+06
Thế hệ thứ: 28
24 3.81847e+06
30 4.44427e+06
30 4.44427e+06
29 4.36262e+06
29 4.36262e+06
23 3.6574e+06
50 1.02656e+07
24 3.81847e+06
49 8.50341e+06
20 3.3486e+06
46 8.12457e+06
36 5.09386e+06
39 5.31854e+06
28 4.0495e+06
19 3.34847e+06
29 4.36262e+06
34 4.88731e+06
38 5.27559e+06
27 3.90926e+06
21 3.43773e+06
45 7.73275e+06
41 5.69689e+06
33 4.5674e+06
35 4.98501e+06
Thế hệ thứ: 29
24 3.81847e+06
30 4.44427e+06
30 4.44427e+06
28 4.0495e+06
29 4.36262e+06
29 4.36262e+06
50 1.02656e+07
23 3.6574e+06
49 8.50341e+06
46 8.12457e+06
24 3.81847e+06
29 4.36262e+06
34 4.88731e+06
38 5.27559e+06
36 5.09386e+06
19 3.34847e+06
20 3.3486e+06
39 5.31854e+06
27 3.90926e+06
21 3.43773e+06
35 4.98501e+06
45 7.73275e+06
41 5.69689e+06
33 4.5674e+06
32 4.55051e+06
Thế hệ thứ: 30
24 3.81847e+06
30 4.44427e+06
30 4.44427e+06
19 3.34847e+06
29 4.36262e+06
29 4.36262e+06
41 5.69689e+06
28 4.0495e+06
33 4.5674e+06
23 3.6574e+06
50 1.02656e+07
49 8.50341e+06
20 3.3486e+06
46 8.12457e+06
24 3.81847e+06
32 4.55051e+06
39 5.31854e+06
27 3.90926e+06
21 3.43773e+06
38 5.27559e+06
29 4.36262e+06
34 4.88731e+06
35 4.98501e+06
45 7.73275e+06
36 5.09386e+06
18 3.31166e+06
Thế hệ thứ: 31
19 3.34847e+06
24 3.81847e+06
30 4.44427e+06
30 4.44427e+06
38 5.27559e+06
34 4.88731e+06
29 4.36262e+06
36 5.09386e+06
29 4.36262e+06
29 4.36262e+06
41 5.69689e+06
28 4.0495e+06
35 4.98501e+06
32 4.55051e+06
33 4.5674e+06
50 1.02656e+07
23 3.6574e+06
49 8.50341e+06
20 3.3486e+06
45 7.73275e+06
39 5.31854e+06
27 3.90926e+06
46 8.12457e+06
21 3.43773e+06
24 3.81847e+06
18 3.31166e+06
31 4.53305e+06
Thế hệ thứ: 32
18 3.31166e+06
36 5.09386e+06
24 3.81847e+06
30 4.44427e+06
30 4.44427e+06
19 3.34847e+06
45 7.73275e+06
34 4.88731e+06
29 4.36262e+06
38 5.27559e+06
21 3.43773e+06
33 4.5674e+06
29 4.36262e+06
29 4.36262e+06
41 5.69689e+06
28 4.0495e+06
35 4.98501e+06
39 5.31854e+06
32 4.55051e+06
31 4.53305e+06
27 3.90926e+06
24 3.81847e+06
46 8.12457e+06
23 3.6574e+06
50 1.02656e+07
49 8.50341e+06
20 3.3486e+06
44 7.67959e+06
Thế hệ thứ: 33
28 4.0495e+06
36 5.09386e+06
18 3.31166e+06
32 4.55051e+06
19 3.34847e+06
24 3.81847e+06
30 4.44427e+06
30 4.44427e+06
31 4.53305e+06
24 3.81847e+06
45 7.73275e+06
46 8.12457e+06
50 1.02656e+07
23 3.6574e+06
38 5.27559e+06
29 4.36262e+06
49 8.50341e+06
20 3.3486e+06
33 4.5674e+06
29 4.36262e+06
29 4.36262e+06
41 5.69689e+06
44 7.67959e+06
21 3.41997e+06
27 3.90926e+06
39 5.31854e+06
35 4.58164e+06
40 5.68989e+06
18 3.31166e+06
Thế hệ thứ: 34
28 4.0495e+06
20 3.3486e+06
35 4.58164e+06
18 3.31166e+06
39 5.31854e+06
33 4.5674e+06
32 4.55051e+06
19 3.34847e+06
29 4.36262e+06
29 4.36262e+06
30 4.44427e+06
30 4.44427e+06
24 3.81847e+06
31 4.53305e+06
24 3.81847e+06
40 5.68989e+06
18 3.31166e+06
41 5.69689e+06
45 7.73275e+06
44 7.67959e+06
46 8.12457e+06
23 3.6574e+06
50 1.02656e+07
21 3.41997e+06
29 4.36262e+06
38 5.27559e+06
27 3.90926e+06
49 8.50341e+06
43 7.57682e+06
36 4.8736e+06
Thế hệ thứ: 35
28 4.0495e+06
21 3.41997e+06
36 4.8736e+06
27 3.90926e+06
20 3.3486e+06
40 5.68989e+06
18 3.31166e+06
35 4.58164e+06
18 3.31166e+06
41 5.69689e+06
39 5.31854e+06
45 7.73275e+06
44 7.67959e+06
24 3.81847e+06
29 4.36262e+06
33 4.5674e+06
43 7.57682e+06
19 3.34847e+06
29 4.36262e+06
29 4.36262e+06
46 8.12457e+06
23 3.6574e+06
50 1.02656e+07
49 8.50341e+06
24 3.81847e+06
32 4.41535e+06
38 5.2692e+06
Thế hệ thứ: 36
19 3.34847e+06
24 3.81847e+06
28 4.0495e+06
27 3.90926e+06
21 3.41997e+06
36 4.8736e+06
35 4.58164e+06
20 3.3486e+06
18 3.31166e+06
40 5.68989e+06
29 4.36262e+06
29 4.36262e+06
46 8.12457e+06
18 3.31166e+06
41 5.69689e+06
41 5.69689e+06
49 8.50341e+06
50 1.02656e+07
23 3.6574e+06
39 5.31854e+06
45 7.73275e+06
44 7.67959e+06
38 5.2692e+06
24 3.81847e+06
32 4.41535e+06
43 7.57682e+06
29 4.36262e+06
33 4.5674e+06
42 7.23554e+06
Thế hệ thứ: 37
38 5.2692e+06
44 7.67959e+06
39 5.31854e+06
45 7.73275e+06
28 4.0495e+06
27 3.90926e+06
21 3.41997e+06
36 4.8736e+06
35 4.58164e+06
20 3.3486e+06
40 5.68989e+06
18 3.31166e+06
29 4.36262e+06
29 4.36262e+06
29 4.36262e+06
42 7.23554e+06
46 8.12457e+06
33 4.5674e+06
32 4.41535e+06
18 3.31166e+06
41 5.69689e+06
41 5.69689e+06
49 8.50341e+06
23 3.6574e+06
50 1.02656e+07
43 7.57682e+06
19 3.32433e+06
24 3.68639e+06
Thế hệ thứ: 38
18 3.31166e+06
40 5.68989e+06
23 3.6574e+06
50 1.02656e+07
43 7.57682e+06
39 5.31854e+06
44 7.67959e+06
38 5.2692e+06
45 7.73275e+06
19 3.32433e+06
46 8.12457e+06
42 7.23554e+06
27 3.90926e+06
21 3.41997e+06
36 4.8736e+06
33 4.5674e+06
32 4.41535e+06
24 3.68639e+06
35 4.58164e+06
18 3.31166e+06
41 5.69689e+06
41 5.69689e+06
49 8.50341e+06
29 4.02852e+06
20 3.33598e+06
Thế hệ thứ: 39
32 4.41535e+06
38 5.2692e+06
18 3.31166e+06
40 5.68989e+06
33 4.5674e+06
50 1.02656e+07
24 3.68639e+06
35 4.58164e+06
43 7.57682e+06
39 5.31854e+06
44 7.67959e+06
18 3.31166e+06
45 7.73275e+06
20 3.33598e+06
19 3.32433e+06
41 5.69689e+06
41 5.69689e+06
42 7.23554e+06
46 8.12457e+06
27 3.90926e+06
21 3.41997e+06
36 4.8736e+06
49 8.50341e+06
29 4.02852e+06
23 3.58356e+06
30 4.30363e+06
Thế hệ thứ: 40
38 5.2692e+06
32 4.41535e+06
41 5.69689e+06
41 5.69689e+06
42 7.23554e+06
46 8.12457e+06
18 3.31166e+06
40 5.68989e+06
33 4.5674e+06
27 3.90926e+06
21 3.41997e+06
36 4.8736e+06
23 3.58356e+06
50 1.02656e+07
24 3.68639e+06
35 4.58164e+06
43 7.57682e+06
39 5.31854e+06
44 7.67959e+06
18 3.31166e+06
45 7.73275e+06
49 8.50341e+06
20 3.33598e+06
29 4.02852e+06
30 4.30363e+06
19 3.31213e+06
Thế hệ thứ: 41
32 4.41535e+06
38 5.2692e+06
30 4.30363e+06
41 5.69689e+06
41 5.69689e+06
42 7.23554e+06
46 8.12457e+06
18 3.31166e+06
33 4.5674e+06
18 3.31166e+06
27 3.90926e+06
21 3.41997e+06
36 4.8736e+06
49 8.50341e+06
19 3.31213e+06
23 3.58356e+06
20 3.33598e+06
50 1.02656e+07
29 4.02852e+06
24 3.68639e+06
35 4.58164e+06
39 5.31854e+06
45 7.57047e+06
40 5.68473e+06
Thế hệ thứ: 42
38 5.2692e+06
32 4.41535e+06
30 4.30363e+06
50 1.02656e+07
41 5.69689e+06
41 5.69689e+06
29 4.02852e+06
46 8.12457e+06
42 7.23554e+06
19 3.31213e+06
24 3.68639e+06
18 3.31166e+06
40 5.68473e+06
33 4.5674e+06
35 4.58164e+06
23 3.58356e+06
18 3.31166e+06
27 3.90926e+06
39 5.31854e+06
20 3.33598e+06
36 4.8736e+06
21 3.41997e+06
45 7.57047e+06
49 8.50341e+06
25 3.88389e+06
22 3.55544e+06
Thế hệ thứ: 43
46 8.12457e+06
32 4.41535e+06
38 5.2692e+06
30 4.30363e+06
41 5.69689e+06
41 5.69689e+06
25 3.88389e+06
50 1.02656e+07
27 3.90926e+06
29 4.02852e+06
22 3.55544e+06
39 5.31854e+06
19 3.31213e+06
24 3.68639e+06
45 7.57047e+06
20 3.33598e+06
33 4.5674e+06
35 4.58164e+06
21 3.41997e+06
36 4.8736e+06
49 8.50341e+06
23 3.58356e+06
18 3.29302e+06
40 5.55335e+06
42 7.22777e+06
Thế hệ thứ: 44
25 3.88389e+06
46 8.12457e+06
21 3.41997e+06
36 4.8736e+06
20 3.33598e+06
49 8.50341e+06
38 5.2692e+06
32 4.41535e+06
30 4.30363e+06
40 5.55335e+06
41 5.69689e+06
41 5.69689e+06
24 3.68639e+06
42 7.22777e+06
50 1.02656e+07
27 3.90926e+06
29 4.02852e+06
23 3.58356e+06
22 3.55544e+06
39 5.31854e+06
33 4.5674e+06
18 3.29302e+06
19 3.31213e+06
35 4.58164e+06
45 7.57047e+06
Thế hệ thứ: 45
25 3.88389e+06
36 4.8736e+06
21 3.41997e+06
29 4.02852e+06
46 8.12457e+06
18 3.29302e+06
20 3.33598e+06
49 8.50341e+06
23 3.58356e+06
38 5.2692e+06
32 4.41535e+06
30 4.30363e+06
22 3.55544e+06
40 5.55335e+06
39 5.31854e+06
41 5.69689e+06
41 5.69689e+06
24 3.68639e+06
19 3.31213e+06
42 7.22777e+06
50 1.02656e+07
35 4.58164e+06
33 4.5674e+06
27 3.90926e+06
45 7.52494e+06
Thế hệ thứ: 46
25 3.88389e+06
29 4.02852e+06
36 4.8736e+06
36 4.8736e+06
21 3.41997e+06
40 5.55335e+06
39 5.31854e+06
46 8.12457e+06
45 7.52494e+06
18 3.29302e+06
50 1.02656e+07
41 5.69689e+06
41 5.69689e+06
20 3.33598e+06
49 8.50341e+06
24 3.68639e+06
23 3.58356e+06
32 4.41535e+06
35 4.58164e+06
30 4.30363e+06
19 3.31213e+06
33 4.5674e+06
42 7.22777e+06
22 3.55544e+06
27 3.90926e+06
38 5.2679e+06
Thế hệ thứ: 47
25 3.88389e+06
49 8.50341e+06
20 3.33598e+06
38 5.2679e+06
36 4.8736e+06
36 4.8736e+06
21 3.41997e+06
29 4.02852e+06
40 5.55335e+06
39 5.31854e+06
24 3.68639e+06
41 5.69689e+06
41 5.69689e+06
19 3.31213e+06
45 7.52494e+06
23 3.58356e+06
22 3.55544e+06
33 4.5674e+06
18 3.29302e+06
32 4.41535e+06
35 4.58164e+06
42 7.22777e+06
27 3.90926e+06
46 7.75729e+06
31 4.29793e+06
50 9.77687e+06
Thế hệ thứ: 48
45 7.52494e+06
50 9.77687e+06
25 3.88389e+06
20 3.33598e+06
49 8.50341e+06
21 3.41997e+06
38 5.2679e+06
36 4.8736e+06
36 4.8736e+06
29 4.02852e+06
40 5.55335e+06
33 4.5674e+06
18 3.29302e+06
39 5.31854e+06
24 3.68639e+06
27 3.90926e+06
41 5.69689e+06
41 5.69689e+06
32 4.41535e+06
35 4.58164e+06
19 3.31213e+06
42 7.22777e+06
46 7.75729e+06
23 3.58356e+06
31 4.29793e+06
22 3.55544e+06
Thế hệ thứ: 49
29 4.02852e+06
45 7.52494e+06
50 9.77687e+06
41 5.69689e+06
41 5.69689e+06
41 5.69689e+06
41 5.69689e+06
25 3.88389e+06
49 8.50341e+06
33 4.5674e+06
20 3.33598e+06
38 5.2679e+06
21 3.41997e+06
18 3.29302e+06
40 5.55335e+06
24 3.68639e+06
27 3.90926e+06
32 4.41535e+06
35 4.58164e+06
39 5.27801e+06
19 3.31213e+06
42 7.22777e+06
46 7.75729e+06
23 3.58356e+06
31 4.29793e+06
22 3.55544e+06
43 7.49309e+06
36 4.74572e+06

