Thế hệ thứ: 0
192 8.74154e+06
166 7.5614e+06
179 7.56536e+06
124 5.50203e+06
158 5.95515e+06
200 9.80957e+06
152 5.75052e+06
163 7.12128e+06
47 2.9874e+06
113 4.55492e+06
Thế hệ thứ: 1
113 4.55492e+06
192 8.74154e+06
200 9.80957e+06
163 7.12128e+06
179 7.56536e+06
152 5.75052e+06
158 5.95515e+06
166 7.5614e+06
159 6.34583e+06
184 7.89308e+06
109 4.34587e+06
51 2.79182e+06
52 2.81209e+06
144 4.86076e+06
Thế hệ thứ: 2
192 8.74154e+06
200 9.80957e+06
51 2.79182e+06
109 4.34587e+06
144 4.86076e+06
159 6.34583e+06
52 2.81209e+06
184 7.89308e+06
179 6.94773e+06
152 5.75052e+06
158 5.95515e+06
120 4.38662e+06
164 6.50643e+06
183 7.84542e+06
173 6.56419e+06
76 3.40932e+06
185 8.24801e+06
Thế hệ thứ: 3
192 8.74154e+06
51 2.79182e+06
59 3.22546e+06
54 2.79431e+06
200 9.80957e+06
120 4.38662e+06
76 3.40932e+06
109 4.34587e+06
144 4.86076e+06
179 6.94773e+06
152 5.75052e+06
183 7.84542e+06
185 8.24801e+06
158 5.95515e+06
184 7.89308e+06
55 2.82348e+06
176 6.24833e+06
56 2.82759e+06
99 3.8423e+06
199 9.21891e+06
Thế hệ thứ: 4
59 3.22546e+06
54 2.79431e+06
200 9.80957e+06
51 2.79182e+06
176 6.24833e+06
120 4.38662e+06
152 5.75052e+06
179 6.94773e+06
158 5.95515e+06
199 9.21891e+06
56 2.82759e+06
55 2.82348e+06
69 3.34863e+06
113 3.76466e+06
188 7.72295e+06
195 8.51579e+06
148 4.60792e+06
58 2.83477e+06
76 3.37531e+06
Thế hệ thứ: 5
51 2.79182e+06
59 3.22546e+06
54 2.79431e+06
200 9.80957e+06
120 4.38662e+06
113 3.76466e+06
148 4.60792e+06
188 7.72295e+06
76 3.37531e+06
152 5.75052e+06
179 6.94773e+06
195 8.51579e+06
176 6.24833e+06
158 5.95515e+06
199 9.21891e+06
69 3.34863e+06
58 2.83477e+06
56 2.8134e+06
149 5.13786e+06
119 4.32072e+06
99 3.6756e+06
57 2.81343e+06
Thế hệ thứ: 6
59 3.22546e+06
54 2.79431e+06
200 9.80957e+06
51 2.79182e+06
188 7.72295e+06
99 3.6756e+06
148 4.60792e+06
179 6.94773e+06
152 5.75052e+06
195 8.51579e+06
76 3.37531e+06
158 5.95515e+06
113 3.76466e+06
199 9.21891e+06
149 5.13786e+06
69 3.34863e+06
58 2.83477e+06
82 3.40614e+06
57 2.81343e+06
178 6.13041e+06
184 7.38965e+06
126 4.28365e+06
56 2.8134e+06
Thế hệ thứ: 7
51 2.79182e+06
59 3.22546e+06
200 9.80957e+06
113 3.76466e+06
126 4.28365e+06
170 5.94554e+06
60 3.26284e+06
178 6.13041e+06
195 8.51579e+06
193 7.5348e+06
148 4.60792e+06
99 3.6756e+06
152 5.75052e+06
179 6.94773e+06
199 9.21891e+06
82 3.40614e+06
149 5.13786e+06
184 7.38965e+06
69 3.34863e+06
76 3.37531e+06
58 2.83477e+06
57 2.81343e+06
56 2.79383e+06
109 3.70405e+06
Thế hệ thứ: 8
200 9.80957e+06
51 2.79182e+06
126 4.28365e+06
178 6.13041e+06
170 5.94554e+06
195 8.51579e+06
148 4.60792e+06
193 7.5348e+06
179 6.94773e+06
99 3.6756e+06
199 9.21891e+06
82 3.40614e+06
113 3.76466e+06
149 5.13786e+06
184 7.38965e+06
69 3.34863e+06
109 3.70405e+06
76 3.37531e+06
58 2.83477e+06
56 2.79383e+06
57 2.81343e+06
63 3.24353e+06
65 3.32702e+06
59 3.16624e+06
156 5.5455e+06
197 9.00004e+06
Thế hệ thứ: 9
51 2.79182e+06
126 4.28365e+06
148 4.60792e+06
193 7.5348e+06
156 5.5455e+06
178 6.13041e+06
170 5.94554e+06
195 8.51579e+06
99 3.6756e+06
179 6.94773e+06
113 3.76466e+06
149 5.13786e+06
59 3.16624e+06
184 7.38965e+06
109 3.70405e+06
58 2.83477e+06
56 2.79383e+06
57 2.81343e+06
85 3.54804e+06
84 3.20597e+06
200 8.59248e+06
Thế hệ thứ: 10
51 2.79182e+06
200 8.59248e+06
126 4.28365e+06
148 4.60792e+06
193 7.5348e+06
179 6.94773e+06
178 6.13041e+06
170 5.94554e+06
84 3.20597e+06
184 7.38965e+06
195 8.51579e+06
149 5.13786e+06
113 3.76466e+06
99 3.6756e+06
85 3.54804e+06
109 3.70405e+06
58 2.83477e+06
56 2.79383e+06
57 2.81343e+06
78 3.00467e+06
159 5.2352e+06
119 3.80381e+06
Thế hệ thứ: 11
51 2.79182e+06
200 8.59248e+06
126 4.28365e+06
148 4.60792e+06
193 7.5348e+06
178 6.13041e+06
170 5.94554e+06
159 5.2352e+06
179 6.94773e+06
78 3.00467e+06
195 8.51579e+06
149 5.13786e+06
85 3.54804e+06
119 3.80381e+06
84 3.20597e+06
109 3.70405e+06
113 3.76466e+06
56 2.79383e+06
191 7.22975e+06
128 4.30647e+06
170 5.94554e+06
101 3.65931e+06
58 2.80902e+06
Thế hệ thứ: 12
200 8.59248e+06
78 3.00467e+06
97 3.6272e+06
148 4.60792e+06
193 7.5348e+06
159 5.2352e+06
179 6.94773e+06
170 5.94554e+06
178 6.13041e+06
195 8.51579e+06
128 4.30647e+06
191 7.22975e+06
85 3.54804e+06
101 3.65931e+06
58 2.80902e+06
149 5.13786e+06
119 3.80381e+06
126 4.28365e+06
84 3.20597e+06
109 3.70405e+06
170 5.94554e+06
113 3.76466e+06
57 2.77457e+06
Thế hệ thứ: 13
200 8.59248e+06
179 6.94773e+06
57 2.77457e+06
97 3.6272e+06
148 4.60792e+06
193 7.5348e+06
78 3.00467e+06
159 5.2352e+06
170 5.94554e+06
178 6.13041e+06
195 8.51579e+06
128 4.30647e+06
191 7.22975e+06
58 2.80902e+06
149 5.13786e+06
119 3.80381e+06
85 3.54804e+06
126 4.28365e+06
84 3.20597e+06
109 3.70405e+06
101 3.65931e+06
170 5.94554e+06
113 3.76466e+06
Thế hệ thứ: 14
200 8.59248e+06
179 6.94773e+06
57 2.77457e+06
148 4.60792e+06
193 7.5348e+06
78 3.00467e+06
159 5.2352e+06
170 5.94554e+06
178 6.13041e+06
195 8.51579e+06
128 4.30647e+06
191 7.22975e+06
58 2.80902e+06
149 5.13786e+06
119 3.80381e+06
85 3.54804e+06
126 4.28365e+06
84 3.20597e+06
109 3.70405e+06
101 3.65931e+06
170 5.94554e+06
113 3.76466e+06
120 4.14636e+06
97 3.57244e+06
Thế hệ thứ: 15
200 8.59248e+06
179 6.94773e+06
57 2.77457e+06
148 4.60792e+06
193 7.5348e+06
78 3.00467e+06
159 5.2352e+06
124 4.13702e+06
170 5.94554e+06
178 6.13041e+06
195 8.51579e+06
128 4.30647e+06
191 7.22975e+06
58 2.80902e+06
149 5.13786e+06
85 3.54804e+06
84 3.20597e+06
97 3.57244e+06
101 3.65931e+06
109 3.70405e+06
170 5.94554e+06
113 3.76466e+06
126 4.28365e+06
120 3.80617e+06
71 2.98419e+06
98 3.63995e+06
129 4.48749e+06
119 3.77052e+06
Thế hệ thứ: 16
200 8.59248e+06
179 6.94773e+06
57 2.77457e+06
159 5.2352e+06
148 4.60792e+06
193 7.5348e+06
156 5.00971e+06
195 8.51579e+06
124 4.13702e+06
170 5.94554e+06
178 6.13041e+06
191 7.22975e+06
129 4.48749e+06
71 2.98419e+06
85 3.54804e+06
84 3.20597e+06
58 2.80902e+06
78 3.00467e+06
97 3.57244e+06
109 3.70405e+06
120 3.80617e+06
101 3.65931e+06
170 5.94554e+06
113 3.76466e+06
119 3.77052e+06
98 3.63995e+06
128 4.13986e+06
Thế hệ thứ: 17
200 8.59248e+06
57 2.77457e+06
148 4.60792e+06
193 7.5348e+06
159 5.2352e+06
156 5.00971e+06
195 8.51579e+06
124 4.13702e+06
170 5.94554e+06
178 6.13041e+06
129 4.48749e+06
191 7.22975e+06
71 2.98419e+06
85 3.54804e+06
183 6.89423e+06
84 3.20597e+06
58 2.80902e+06
78 3.00467e+06
97 3.57244e+06
109 3.70405e+06
120 3.80617e+06
128 4.13986e+06
101 3.65931e+06
170 5.94554e+06
113 3.76466e+06
119 3.77052e+06
98 3.63995e+06
Thế hệ thứ: 18
200 8.59248e+06
57 2.77457e+06
84 3.20597e+06
183 6.89423e+06
148 4.60792e+06
193 7.5348e+06
159 5.2352e+06
156 5.00971e+06
195 8.51579e+06
124 4.13702e+06
170 5.94554e+06
178 6.13041e+06
129 4.48749e+06
191 7.22975e+06
71 2.98419e+06
121 3.77111e+06
85 3.54804e+06
58 2.80902e+06
78 3.00467e+06
97 3.57244e+06
109 3.70405e+06
128 4.13986e+06
101 3.65931e+06
170 5.94554e+06
119 3.77052e+06
98 3.63995e+06
117 3.76345e+06
54 2.72502e+06
Thế hệ thứ: 19
200 8.59248e+06
54 2.72502e+06
84 3.20597e+06
148 4.60792e+06
193 7.5348e+06
159 5.2352e+06
195 8.51579e+06
124 4.13702e+06
170 5.94554e+06
178 6.13041e+06
129 4.48749e+06
191 7.22975e+06
57 2.74459e+06
71 2.98419e+06
121 3.77111e+06
58 2.80902e+06
109 3.70405e+06
78 3.00467e+06
97 3.57244e+06
128 4.13986e+06
170 5.94554e+06
101 3.65931e+06
117 3.76345e+06
98 3.63995e+06
119 3.77052e+06
181 6.19819e+06
184 6.71089e+06
117 3.76345e+06
89 3.48068e+06
156 4.61092e+06
Thế hệ thứ: 20
129 4.48749e+06
200 8.59248e+06
54 2.72502e+06
156 4.61092e+06
159 5.2352e+06
193 7.5348e+06
148 4.60792e+06
195 8.51579e+06
191 7.22975e+06
124 4.13702e+06
57 2.74459e+06
71 2.98419e+06
84 3.20597e+06
89 3.48068e+06
109 3.70405e+06
58 2.80902e+06
78 3.00467e+06
121 3.77111e+06
128 4.13986e+06
97 3.57244e+06
101 3.65931e+06
117 3.76345e+06
98 3.63995e+06
119 3.77052e+06
117 3.76345e+06
184 5.26146e+06
Thế hệ thứ: 21
200 8.59248e+06
54 2.72502e+06
148 4.60792e+06
193 7.5348e+06
78 3.00467e+06
184 5.26146e+06
195 8.51579e+06
191 7.22975e+06
156 4.61092e+06
57 2.74459e+06
71 2.98419e+06
84 3.20597e+06
89 3.48068e+06
58 2.80902e+06
109 3.70405e+06
121 3.77111e+06
150 4.61082e+06
97 3.57244e+06
101 3.65931e+06
117 3.76345e+06
119 3.77052e+06
117 3.76345e+06
123 3.78201e+06
57 2.74459e+06
98 3.63028e+06
134 3.95042e+06
188 5.31216e+06
181 5.17591e+06
Thế hệ thứ: 22
200 8.59248e+06
54 2.72502e+06
191 7.22975e+06
156 4.61092e+06
134 3.95042e+06
188 5.31216e+06
148 4.60792e+06
181 5.17591e+06
193 7.5348e+06
195 8.51579e+06
57 2.74459e+06
71 2.98419e+06
84 3.20597e+06
89 3.48068e+06
58 2.80902e+06
109 3.70405e+06
184 5.26146e+06
78 3.00467e+06
123 3.78201e+06
101 3.65931e+06
150 4.61082e+06
97 3.57244e+06
117 3.76345e+06
98 3.63028e+06
121 3.77111e+06
119 3.77052e+06
57 2.74459e+06
117 3.76345e+06
176 4.79899e+06
Thế hệ thứ: 23
54 2.72502e+06
200 8.59248e+06
195 8.51579e+06
191 7.22975e+06
134 3.95042e+06
188 5.31216e+06
181 5.17591e+06
193 7.5348e+06
176 4.79899e+06
156 4.47358e+06
71 2.98419e+06
84 3.20597e+06
89 3.48068e+06
58 2.80902e+06
109 3.70405e+06
184 5.26146e+06
78 3.00467e+06
101 3.65931e+06
97 3.57244e+06
117 3.76345e+06
98 3.63028e+06
117 3.76345e+06
57 2.73501e+06
123 3.7691e+06
116 3.72975e+06
Thế hệ thứ: 24
200 8.59248e+06
134 3.95042e+06
188 5.31216e+06
156 4.47358e+06
191 7.22975e+06
181 5.17591e+06
193 7.5348e+06
176 4.79899e+06
195 8.51579e+06
71 2.98419e+06
84 3.20597e+06
123 3.7691e+06
116 3.72975e+06
184 5.26146e+06
78 3.00467e+06
109 3.70405e+06
101 3.65931e+06
119 3.73928e+06
58 2.66193e+06
99 3.37656e+06
Thế hệ thứ: 25
58 2.66193e+06
200 8.59248e+06
134 3.95042e+06
188 5.31216e+06
156 4.47358e+06
191 7.22975e+06
181 5.17591e+06
193 7.5348e+06
176 4.79899e+06
195 8.51579e+06
84 3.20597e+06
71 2.98419e+06
99 3.37656e+06
123 3.7691e+06
184 5.26146e+06
116 3.72975e+06
78 3.00467e+06
101 3.65931e+06
109 3.70405e+06
119 3.73928e+06
194 8.13614e+06
Thế hệ thứ: 26
58 2.66193e+06
200 8.59248e+06
134 3.95042e+06
188 5.31216e+06
156 4.47358e+06
191 7.22975e+06
176 4.79899e+06
84 3.20597e+06
71 2.98419e+06
99 3.37656e+06
194 8.13614e+06
181 5.17591e+06
193 7.5348e+06
123 3.7691e+06
184 5.26146e+06
116 3.72975e+06
78 3.00467e+06
195 8.51579e+06
109 3.70405e+06
119 3.73928e+06
103 3.47876e+06
Thế hệ thứ: 27
58 2.66193e+06
200 8.59248e+06
134 3.95042e+06
188 5.31216e+06
156 4.47358e+06
176 4.79899e+06
84 3.20597e+06
71 2.98419e+06
99 3.37656e+06
181 5.17591e+06
109 3.70405e+06
184 5.26146e+06
116 3.72975e+06
78 3.00467e+06
103 3.47876e+06
195 8.51579e+06
119 3.73928e+06
117 3.73715e+06
74 2.98951e+06
194 6.94251e+06
124 3.76561e+06
Thế hệ thứ: 28
58 2.66193e+06
200 8.59248e+06
103 3.47876e+06
194 6.94251e+06
134 3.95042e+06
188 5.31216e+06
156 4.47358e+06
195 8.51579e+06
176 4.79899e+06
84 3.20597e+06
99 3.37656e+06
71 2.98419e+06
124 3.76561e+06
181 5.17591e+06
109 3.70405e+06
184 5.26146e+06
78 3.00467e+06
119 3.73928e+06
74 2.98951e+06
117 3.73715e+06
190 5.64955e+06
116 3.72409e+06
Thế hệ thứ: 29
190 5.64955e+06
58 2.66193e+06
200 8.59248e+06
194 6.94251e+06
134 3.95042e+06
156 4.47358e+06
195 8.51579e+06
176 4.79899e+06
84 3.20597e+06
71 2.98419e+06
124 3.76561e+06
181 5.17591e+06
188 5.31216e+06
184 5.26146e+06
78 3.00467e+06
116 3.72409e+06
119 3.73928e+06
74 2.98951e+06
117 3.73715e+06
112 3.33096e+06
Thế hệ thứ: 30
190 5.64955e+06
58 2.66193e+06
200 8.59248e+06
194 6.94251e+06
156 4.47358e+06
112 3.33096e+06
176 4.79899e+06
84 3.20597e+06
71 2.98419e+06
124 3.76561e+06
181 5.17591e+06
188 5.31216e+06
184 5.26146e+06
78 3.00467e+06
116 3.72409e+06
74 2.98951e+06
117 3.73715e+06
123 3.73843e+06
136 3.93944e+06
195 7.2995e+06
Thế hệ thứ: 31
190 5.64955e+06
58 2.66193e+06
200 8.59248e+06
136 3.93944e+06
194 6.94251e+06
195 7.2995e+06
176 4.79899e+06
84 3.20597e+06
71 2.98419e+06
197 8.29211e+06
181 5.17591e+06
188 5.31216e+06
184 5.26146e+06
78 3.00467e+06
74 2.98951e+06
113 3.32498e+06
160 4.25655e+06
134 3.90615e+06
124 3.71527e+06
Thế hệ thứ: 32
190 5.64955e+06
199 8.56162e+06
58 2.66193e+06
200 8.59248e+06
160 4.25655e+06
113 3.32498e+06
194 6.94251e+06
176 4.79899e+06
84 3.20597e+06
181 5.17591e+06
197 8.29211e+06
195 7.2995e+06
124 3.71527e+06
136 3.93944e+06
71 2.98419e+06
134 3.90615e+06
188 5.31216e+06
184 5.26146e+06
78 3.00467e+06
74 2.98951e+06
59 2.77365e+06
Thế hệ thứ: 33
190 5.64955e+06
199 8.56162e+06
58 2.66193e+06
200 8.59248e+06
160 4.25655e+06
113 3.32498e+06
194 6.94251e+06
176 4.79899e+06
84 3.20597e+06
195 7.2995e+06
124 3.71527e+06
136 3.93944e+06
181 5.17591e+06
197 8.29211e+06
59 2.77365e+06
71 2.98419e+06
134 3.90615e+06
188 5.31216e+06
184 5.26146e+06
78 3.00467e+06
74 2.98951e+06
141 4.22534e+06
192 6.53581e+06
112 3.32485e+06
142 4.24032e+06
Thế hệ thứ: 34
199 8.56162e+06
58 2.66193e+06
200 8.59248e+06
160 4.25655e+06
176 4.79899e+06
84 3.20597e+06
195 7.2995e+06
142 4.24032e+06
192 6.53581e+06
124 3.71527e+06
181 5.17591e+06
197 8.29211e+06
190 5.64955e+06
112 3.32485e+06
113 3.32498e+06
194 6.94251e+06
59 2.77365e+06
71 2.98419e+06
134 3.90615e+06
188 5.31216e+06
184 5.26146e+06
78 3.00467e+06
136 3.93944e+06
141 4.22534e+06
74 2.98951e+06
57 2.66188e+06
Thế hệ thứ: 35
58 2.66193e+06
199 8.56162e+06
200 8.59248e+06
84 3.20597e+06
57 2.66188e+06
160 4.25655e+06
176 4.79899e+06
195 7.2995e+06
142 4.24032e+06
192 6.53581e+06
124 3.71527e+06
181 5.17591e+06
197 8.29211e+06
190 5.64955e+06
112 3.32485e+06
194 6.94251e+06
113 3.32498e+06
59 2.77365e+06
71 2.98419e+06
134 3.90615e+06
188 5.31216e+06
184 5.26146e+06
78 3.00467e+06
136 3.93944e+06
141 4.22534e+06
74 2.98951e+06
118 3.71214e+06
Thế hệ thứ: 36
58 2.66193e+06
199 8.56162e+06
200 8.59248e+06
84 3.20597e+06
57 2.66188e+06
160 4.25655e+06
181 5.17591e+06
197 8.29211e+06
176 4.79899e+06
195 7.2995e+06
142 4.24032e+06
192 6.53581e+06
190 5.64955e+06
112 3.32485e+06
194 6.94251e+06
59 2.77365e+06
124 3.71527e+06
71 2.98419e+06
188 5.31216e+06
113 3.32498e+06
184 5.26146e+06
78 3.00467e+06
141 4.22534e+06
74 2.98951e+06
120 3.70575e+06
177 4.8436e+06
138 3.84604e+06
Thế hệ thứ: 37
190 5.64955e+06
58 2.66193e+06
199 8.56162e+06
200 8.59248e+06
84 3.20597e+06
57 2.66188e+06
160 4.25655e+06
195 7.2995e+06
142 4.24032e+06
192 6.53581e+06
181 5.17591e+06
197 8.29211e+06
112 3.32485e+06
176 4.79899e+06
71 2.98419e+06
138 3.84604e+06
194 6.94251e+06
120 3.70575e+06
124 3.71527e+06
59 2.77365e+06
113 3.32498e+06
188 5.31216e+06
184 5.26146e+06
78 3.00467e+06
177 4.8436e+06
141 4.22534e+06
74 2.98951e+06
131 3.83337e+06
Thế hệ thứ: 38
190 5.64955e+06
58 2.66193e+06
199 8.56162e+06
200 8.59248e+06
84 3.20597e+06
57 2.66188e+06
160 4.25655e+06
195 7.2995e+06
142 4.24032e+06
192 6.53581e+06
181 5.17591e+06
197 8.29211e+06
112 3.32485e+06
176 4.79899e+06
194 6.94251e+06
59 2.77365e+06
124 3.71527e+06
120 3.70575e+06
138 3.84604e+06
113 3.32498e+06
131 3.83337e+06
188 5.31216e+06
184 5.26146e+06
78 3.00467e+06
177 4.8436e+06
141 4.22534e+06
75 2.99054e+06
74 2.9758e+06
Thế hệ thứ: 39
190 5.64955e+06
58 2.66193e+06
199 8.56162e+06
200 8.59248e+06
84 3.20597e+06
74 2.9758e+06
57 2.66188e+06
160 4.25655e+06
195 7.2995e+06
142 4.24032e+06
192 6.53581e+06
181 5.17591e+06
197 8.29211e+06
112 3.32485e+06
176 4.79899e+06
59 2.77365e+06
194 6.94251e+06
124 3.71527e+06
120 3.70575e+06
138 3.84604e+06
113 3.32498e+06
131 3.83337e+06
75 2.99054e+06
188 5.31216e+06
184 5.26146e+06
78 3.00467e+06
177 4.8436e+06
141 4.22534e+06
Thế hệ thứ: 40
190 5.64955e+06
58 2.66193e+06
199 8.56162e+06
200 8.59248e+06
84 3.20597e+06
74 2.9758e+06
57 2.66188e+06
160 4.25655e+06
156 4.15213e+06
192 6.53581e+06
181 5.17591e+06
197 8.29211e+06
112 3.32485e+06
176 4.79899e+06
137 3.82606e+06
59 2.77365e+06
194 6.94251e+06
124 3.71527e+06
120 3.70575e+06
138 3.84604e+06
113 3.32498e+06
75 2.99054e+06
188 5.31216e+06
184 5.26146e+06
78 3.00467e+06
177 4.8436e+06
189 5.32438e+06
195 6.94502e+06
Thế hệ thứ: 41
84 3.20597e+06
74 2.9758e+06
57 2.66188e+06
190 5.64955e+06
58 2.66193e+06
181 5.17591e+06
197 8.29211e+06
138 3.84604e+06
195 6.94502e+06
160 4.25655e+06
156 4.15213e+06
192 6.53581e+06
112 3.32485e+06
176 4.79899e+06
137 3.82606e+06
59 2.77365e+06
124 3.71527e+06
120 3.70575e+06
113 3.32498e+06
184 5.26146e+06
78 3.00467e+06
177 4.8436e+06
194 6.94251e+06
189 5.32438e+06
75 2.99054e+06
188 5.31216e+06
200 8.38418e+06
116 3.67323e+06
Thế hệ thứ: 42
84 3.20597e+06
74 2.9758e+06
57 2.66188e+06
181 5.17591e+06
197 8.29211e+06
200 8.38418e+06
160 4.25655e+06
138 3.84604e+06
195 6.94502e+06
156 4.15213e+06
192 6.53581e+06
190 5.64955e+06
176 4.79899e+06
137 3.82606e+06
59 2.77365e+06
120 3.70575e+06
124 3.71527e+06
116 3.67323e+06
177 4.8436e+06
184 5.26146e+06
78 3.00467e+06
194 6.94251e+06
189 5.32438e+06
75 2.99054e+06
188 5.31216e+06
58 2.66193e+06
113 3.32298e+06
114 3.63616e+06
Thế hệ thứ: 43
141 3.85611e+06
84 3.20597e+06
74 2.9758e+06
57 2.66188e+06
181 5.17591e+06
197 8.29211e+06
200 8.38418e+06
156 4.15213e+06
113 3.32298e+06
192 6.53581e+06
160 4.25655e+06
138 3.84604e+06
195 6.94502e+06
190 5.64955e+06
176 4.79899e+06
137 3.82606e+06
59 2.77365e+06
120 3.70575e+06
124 3.71527e+06
177 4.8436e+06
184 5.26146e+06
78 3.00467e+06
194 6.94251e+06
114 3.63616e+06
189 5.32438e+06
116 3.67323e+06
75 2.99054e+06
188 5.31216e+06
58 2.66193e+06
77 2.99985e+06
125 3.76066e+06
Thế hệ thứ: 44
141 3.85611e+06
84 3.20597e+06
74 2.9758e+06
57 2.66188e+06
181 5.17591e+06
197 8.29211e+06
200 8.38418e+06
156 4.15213e+06
113 3.32298e+06
192 6.53581e+06
160 4.25655e+06
138 3.84604e+06
195 6.94502e+06
190 5.64955e+06
176 4.79899e+06
137 3.82606e+06
59 2.77365e+06
114 3.63616e+06
125 3.76066e+06
177 4.8436e+06
194 6.94251e+06
184 5.26146e+06
78 3.00467e+06
189 5.32438e+06
124 3.71527e+06
120 3.70575e+06
116 3.67323e+06
75 2.99054e+06
188 5.31216e+06
58 2.66193e+06
77 2.99985e+06
163 4.62311e+06
Thế hệ thứ: 45
141 3.85611e+06
84 3.20597e+06
74 2.9758e+06
57 2.66188e+06
181 5.17591e+06
197 8.29211e+06
200 8.38418e+06
156 4.15213e+06
113 3.32298e+06
192 6.53581e+06
138 3.84604e+06
195 6.94502e+06
190 5.64955e+06
163 4.62311e+06
137 3.82606e+06
59 2.77365e+06
176 4.79899e+06
160 4.25655e+06
114 3.63616e+06
125 3.76066e+06
177 4.8436e+06
194 6.94251e+06
184 5.26146e+06
78 3.00467e+06
189 5.32438e+06
124 3.71527e+06
120 3.70575e+06
116 3.67323e+06
75 2.99054e+06
188 5.31216e+06
58 2.66193e+06
195 6.94502e+06
77 2.99883e+06
125 3.76066e+06
Thế hệ thứ: 46
141 3.85611e+06
84 3.20597e+06
74 2.9758e+06
57 2.66188e+06
181 5.17591e+06
197 8.29211e+06
200 8.38418e+06
156 4.15213e+06
113 3.32298e+06
192 6.53581e+06
190 5.64955e+06
195 6.94502e+06
163 4.62311e+06
137 3.82606e+06
59 2.77365e+06
160 4.25655e+06
114 3.63616e+06
125 3.76066e+06
194 6.94251e+06
184 5.26146e+06
78 3.00467e+06
189 5.32438e+06
124 3.71527e+06
120 3.70575e+06
116 3.67323e+06
75 2.99054e+06
188 5.31216e+06
58 2.66193e+06
195 6.94502e+06
138 3.84604e+06
77 2.99883e+06
125 3.76066e+06
177 4.79075e+06
Thế hệ thứ: 47
141 3.85611e+06
84 3.20597e+06
74 2.9758e+06
57 2.66188e+06
181 5.17591e+06
197 8.29211e+06
200 8.38418e+06
113 3.32298e+06
156 4.15213e+06
192 6.53581e+06
138 3.84604e+06
195 6.94502e+06
190 5.64955e+06
177 4.79075e+06
163 4.62311e+06
137 3.82606e+06
59 2.77365e+06
160 4.25655e+06
125 3.76066e+06
194 6.94251e+06
184 5.26146e+06
125 3.76066e+06
114 3.63616e+06
189 5.32438e+06
80 3.00062e+06
124 3.71527e+06
120 3.70575e+06
116 3.67323e+06
75 2.99054e+06
188 5.31216e+06
58 2.66193e+06
77 2.99883e+06
195 6.94502e+06
Thế hệ thứ: 48
141 3.85611e+06
84 3.20597e+06
74 2.9758e+06
57 2.66188e+06
197 8.29211e+06
181 5.17591e+06
200 8.38418e+06
156 4.15213e+06
113 3.32298e+06
192 6.53581e+06
190 5.64955e+06
195 6.94502e+06
177 4.79075e+06
163 4.62311e+06
137 3.82606e+06
59 2.77365e+06
160 4.25655e+06
125 3.76066e+06
194 6.94251e+06
124 3.71527e+06
120 3.70575e+06
80 3.00062e+06
125 3.76066e+06
114 3.63616e+06
189 5.32438e+06
184 5.26146e+06
116 3.67323e+06
75 2.99054e+06
188 5.31216e+06
77 2.99883e+06
58 2.66193e+06
195 6.94502e+06
138 3.84604e+06
143 3.89477e+06
Thế hệ thứ: 49
141 3.85611e+06
84 3.20597e+06
74 2.9758e+06
57 2.66188e+06
181 5.17591e+06
197 8.29211e+06
200 8.38418e+06
156 4.15213e+06
113 3.32298e+06
192 6.53581e+06
138 3.84604e+06
195 6.94502e+06
177 4.79075e+06
163 4.62311e+06
137 3.82606e+06
59 2.77365e+06
143 3.89477e+06
160 4.25655e+06
114 3.63616e+06
125 3.76066e+06
194 6.94251e+06
124 3.71527e+06
120 3.70575e+06
80 3.00062e+06
189 5.32438e+06
184 5.26146e+06
116 3.67323e+06
75 2.99054e+06
188 5.31216e+06
77 2.99883e+06
58 2.66193e+06
125 3.76066e+06
195 6.94502e+06
190 5.64955e+06
179 4.84905e+06
112 3.31748e+06
