Thế hệ thứ: 0
79 1.85213e+07
75 1.77038e+07
155 3.72898e+07
98 2.45181e+07
137 2.74771e+07
82 1.89307e+07
88 1.95805e+07
101 2.60662e+07
96 2.36236e+07
95 2.08493e+07
148 2.79714e+07
77 1.77067e+07
150 3.54815e+07
149 3.37852e+07
153 3.62075e+07
161 3.92014e+07
162 3.97514e+07
133 2.69738e+07
Thế hệ thứ: 1
75 1.77038e+07
88 1.95805e+07
148 2.79714e+07
133 2.69738e+07
95 2.08493e+07
137 2.74771e+07
96 2.36236e+07
82 1.89307e+07
79 1.85213e+07
77 1.77067e+07
112 2.42012e+07
110 2.40034e+07
165 3.06122e+07
174 3.95498e+07
Thế hệ thứ: 2
96 2.36236e+07
75 1.77038e+07
95 2.08493e+07
165 3.06122e+07
133 2.69738e+07
148 2.79714e+07
88 1.95805e+07
137 2.74771e+07
82 1.89307e+07
79 1.85213e+07
77 1.77067e+07
149 2.84833e+07
179 3.60321e+07
151 2.86317e+07
176 3.48197e+07
123 2.36314e+07
139 2.75347e+07
Thế hệ thứ: 3
95 2.08493e+07
79 1.85213e+07
176 3.48197e+07
165 3.06122e+07
179 3.60321e+07
96 2.36236e+07
75 1.77038e+07
123 2.36314e+07
133 2.69738e+07
139 2.75347e+07
151 2.86317e+07
88 1.95805e+07
148 2.79714e+07
82 1.89307e+07
137 2.74771e+07
77 1.77067e+07
149 2.84833e+07
155 3.04789e+07
Thế hệ thứ: 4
96 2.36236e+07
75 1.77038e+07
95 2.08493e+07
79 1.85213e+07
176 3.48197e+07
165 3.06122e+07
179 3.60321e+07
123 2.36314e+07
133 2.69738e+07
155 3.04789e+07
88 1.95805e+07
139 2.75347e+07
151 2.86317e+07
148 2.79714e+07
82 1.89307e+07
137 2.74771e+07
77 1.77067e+07
149 2.84833e+07
144 2.76751e+07
152 2.91212e+07
Thế hệ thứ: 5
96 2.36236e+07
75 1.77038e+07
95 2.08493e+07
79 1.85213e+07
176 3.48197e+07
165 3.06122e+07
179 3.60321e+07
123 2.36314e+07
133 2.69738e+07
88 1.95805e+07
155 3.04789e+07
82 1.89307e+07
152 2.91212e+07
144 2.76751e+07
148 2.79714e+07
137 2.74771e+07
77 1.77067e+07
151 2.86317e+07
139 2.75347e+07
149 2.84833e+07
178 3.55279e+07
167 3.3746e+07
Thế hệ thứ: 6
96 2.36236e+07
75 1.77038e+07
165 3.06122e+07
95 2.08493e+07
179 3.60321e+07
167 3.3746e+07
123 2.36314e+07
88 1.95805e+07
155 3.04789e+07
79 1.85213e+07
82 1.89307e+07
152 2.91212e+07
144 2.76751e+07
178 3.55279e+07
148 2.79714e+07
77 1.77067e+07
151 2.86317e+07
124 2.50177e+07
149 2.84833e+07
176 3.44638e+07
140 2.68515e+07
Thế hệ thứ: 7
96 2.36236e+07
75 1.77038e+07
95 2.08493e+07
179 3.60321e+07
167 3.3746e+07
123 2.36314e+07
124 2.50177e+07
151 2.86317e+07
82 1.89307e+07
140 2.68515e+07
165 3.06122e+07
88 1.95805e+07
155 3.04789e+07
176 3.44638e+07
152 2.91212e+07
144 2.76751e+07
79 1.85213e+07
178 3.55279e+07
148 2.79714e+07
77 1.77067e+07
149 2.84833e+07
182 3.80823e+07
166 3.21751e+07
133 2.67945e+07
Thế hệ thứ: 8
75 1.77038e+07
182 3.80823e+07
123 2.36314e+07
95 2.08493e+07
88 1.95805e+07
124 2.50177e+07
151 2.86317e+07
166 3.21751e+07
133 2.67945e+07
167 3.3746e+07
176 3.44638e+07
165 3.06122e+07
179 3.60321e+07
82 1.89307e+07
140 2.68515e+07
144 2.76751e+07
152 2.91212e+07
79 1.85213e+07
178 3.55279e+07
148 2.79714e+07
77 1.77067e+07
149 2.84833e+07
159 3.04098e+07
168 3.41367e+07
108 2.31557e+07
Thế hệ thứ: 9
75 1.77038e+07
182 3.80823e+07
123 2.36314e+07
108 2.31557e+07
95 2.08493e+07
88 1.95805e+07
124 2.50177e+07
151 2.86317e+07
166 3.21751e+07
133 2.67945e+07
159 3.04098e+07
179 3.60321e+07
152 2.91212e+07
176 3.44638e+07
165 3.06122e+07
82 1.89307e+07
140 2.68515e+07
144 2.76751e+07
79 1.85213e+07
178 3.55279e+07
148 2.79714e+07
77 1.77067e+07
149 2.84833e+07
168 3.33522e+07
171 3.39947e+07
Thế hệ thứ: 10
75 1.77038e+07
123 2.36314e+07
108 2.31557e+07
95 2.08493e+07
88 1.95805e+07
124 2.50177e+07
151 2.86317e+07
166 3.21751e+07
133 2.67945e+07
179 3.60321e+07
171 3.39947e+07
152 2.91212e+07
165 3.06122e+07
82 1.89307e+07
140 2.68515e+07
176 3.44638e+07
77 1.77067e+07
168 3.33522e+07
144 2.76751e+07
79 1.85213e+07
178 3.55279e+07
148 2.79714e+07
149 2.84833e+07
159 2.98722e+07
185 3.75643e+07
167 3.27629e+07
Thế hệ thứ: 11
75 1.77038e+07
185 3.75643e+07
88 1.95805e+07
124 2.50177e+07
151 2.86317e+07
166 3.21751e+07
123 2.36314e+07
108 2.31557e+07
95 2.08493e+07
180 3.59302e+07
159 2.98722e+07
165 3.06122e+07
82 1.89307e+07
140 2.68515e+07
176 3.44638e+07
171 3.39947e+07
152 2.91212e+07
144 2.76751e+07
79 1.85213e+07
178 3.55279e+07
77 1.77067e+07
168 3.33522e+07
148 2.79714e+07
167 3.27629e+07
149 2.84833e+07
133 2.67707e+07
183 3.72435e+07
156 2.92327e+07
186 3.94669e+07
181 3.67095e+07
Thế hệ thứ: 12
75 1.77038e+07
148 2.79714e+07
186 3.94669e+07
123 2.36314e+07
108 2.31557e+07
95 2.08493e+07
185 3.75643e+07
88 1.95805e+07
124 2.50177e+07
151 2.86317e+07
133 2.67707e+07
165 3.06122e+07
159 2.98722e+07
82 1.89307e+07
140 2.68515e+07
144 2.76751e+07
152 2.91212e+07
171 3.39947e+07
178 3.55279e+07
79 1.85213e+07
156 2.92327e+07
77 1.77067e+07
180 3.59302e+07
149 2.84833e+07
183 3.60803e+07
177 3.43234e+07
168 3.13472e+07
Thế hệ thứ: 13
75 1.77038e+07
148 2.79714e+07
186 3.94669e+07
152 2.91212e+07
123 2.36314e+07
108 2.31557e+07
95 2.08493e+07
124 2.50177e+07
151 2.86317e+07
133 2.67707e+07
168 3.13472e+07
185 3.75643e+07
88 1.95805e+07
165 3.06122e+07
159 2.98722e+07
82 1.89307e+07
140 2.68515e+07
177 3.43234e+07
144 2.76751e+07
183 3.60803e+07
79 1.85213e+07
178 3.55279e+07
156 2.92327e+07
77 1.77067e+07
129 2.64515e+07
180 3.59302e+07
149 2.84833e+07
174 3.39652e+07
171 3.38554e+07
Thế hệ thứ: 14
75 1.77038e+07
148 2.79714e+07
186 3.94669e+07
123 2.36314e+07
108 2.31557e+07
95 2.08493e+07
124 2.50177e+07
151 2.86317e+07
88 1.95805e+07
168 3.13472e+07
165 3.06122e+07
159 2.98722e+07
82 1.89307e+07
140 2.68515e+07
144 2.76751e+07
173 3.3386e+07
177 3.43234e+07
79 1.85213e+07
156 2.92327e+07
174 3.39652e+07
77 1.77067e+07
152 2.91212e+07
149 2.84833e+07
134 2.57432e+07
185 3.46251e+07
Thế hệ thứ: 15
75 1.77038e+07
185 3.46251e+07
148 2.79714e+07
186 3.94669e+07
123 2.36314e+07
169 3.23495e+07
108 2.31557e+07
95 2.08493e+07
134 2.57432e+07
88 1.95805e+07
168 3.13472e+07
124 2.50177e+07
151 2.86317e+07
82 1.89307e+07
140 2.68515e+07
177 3.43234e+07
173 3.3386e+07
165 3.06122e+07
159 2.98722e+07
144 2.76751e+07
79 1.85213e+07
156 2.92327e+07
174 3.39652e+07
77 1.77067e+07
149 2.84833e+07
188 4.20793e+07
153 2.89109e+07
Thế hệ thứ: 16
136 2.68461e+07
75 1.77038e+07
123 2.36314e+07
169 3.23495e+07
108 2.31557e+07
188 4.20793e+07
185 3.46251e+07
148 2.79714e+07
95 2.08493e+07
134 2.57432e+07
88 1.95805e+07
124 2.50177e+07
151 2.86317e+07
82 1.89307e+07
140 2.68515e+07
165 3.06122e+07
159 2.98722e+07
173 3.3386e+07
109 2.35176e+07
177 3.43234e+07
144 2.76751e+07
168 3.13472e+07
79 1.85213e+07
156 2.92327e+07
174 3.39652e+07
77 1.77067e+07
153 2.89109e+07
149 2.84833e+07
187 3.86555e+07
Thế hệ thứ: 17
136 2.68461e+07
75 1.77038e+07
123 2.36314e+07
169 3.23495e+07
108 2.31557e+07
188 4.20793e+07
187 3.86555e+07
95 2.08493e+07
185 3.46251e+07
88 1.95805e+07
124 2.50177e+07
151 2.86317e+07
134 2.57432e+07
173 3.3386e+07
109 2.35176e+07
177 3.43234e+07
165 3.06122e+07
159 2.98722e+07
140 2.68515e+07
82 1.89307e+07
144 2.76751e+07
168 3.13472e+07
79 1.85213e+07
156 2.92327e+07
148 2.79714e+07
174 3.39652e+07
77 1.77067e+07
153 2.89109e+07
149 2.84833e+07
125 2.52315e+07
Thế hệ thứ: 18
136 2.68461e+07
75 1.77038e+07
123 2.36314e+07
169 3.23495e+07
108 2.31557e+07
188 4.20793e+07
95 2.08493e+07
185 3.46251e+07
88 1.95805e+07
134 2.57432e+07
109 2.35176e+07
177 3.43234e+07
165 3.06122e+07
159 2.98722e+07
140 2.68515e+07
82 1.89307e+07
125 2.52315e+07
144 2.76751e+07
168 3.13472e+07
79 1.85213e+07
156 2.92327e+07
124 2.50177e+07
151 2.86317e+07
148 2.79714e+07
174 3.39652e+07
77 1.77067e+07
153 2.89109e+07
149 2.84833e+07
173 3.30293e+07
187 3.52483e+07
Thế hệ thứ: 19
136 2.68461e+07
75 1.77038e+07
123 2.36314e+07
169 3.23495e+07
108 2.31557e+07
187 3.52483e+07
95 2.08493e+07
88 1.95805e+07
134 2.57432e+07
109 2.35176e+07
177 3.43234e+07
165 3.06122e+07
159 2.98722e+07
185 3.46251e+07
82 1.89307e+07
140 2.68515e+07
125 2.52315e+07
144 2.76751e+07
173 3.30293e+07
168 3.13472e+07
79 1.85213e+07
156 2.92327e+07
174 3.39652e+07
124 2.50177e+07
151 2.86317e+07
148 2.79714e+07
77 1.77067e+07
153 2.89109e+07
149 2.84833e+07
188 3.6436e+07
Thế hệ thứ: 20
136 2.68461e+07
75 1.77038e+07
88 1.95805e+07
188 3.6436e+07
165 3.06122e+07
95 2.08493e+07
123 2.36314e+07
169 3.23495e+07
108 2.31557e+07
134 2.57432e+07
109 2.35176e+07
177 3.43234e+07
185 3.46251e+07
140 2.68515e+07
82 1.89307e+07
144 2.76751e+07
173 3.30293e+07
168 3.13472e+07
125 2.52315e+07
187 3.52483e+07
79 1.85213e+07
174 3.39652e+07
156 2.92327e+07
124 2.50177e+07
151 2.86317e+07
148 2.79714e+07
77 1.77067e+07
153 2.89109e+07
149 2.84833e+07
160 2.94344e+07
170 3.27907e+07
152 2.88554e+07
Thế hệ thứ: 21
136 2.68461e+07
75 1.77038e+07
88 1.95805e+07
165 3.06122e+07
190 3.42262e+07
95 2.08493e+07
123 2.36314e+07
169 3.23495e+07
108 2.31557e+07
134 2.57432e+07
109 2.35176e+07
160 2.94344e+07
140 2.68515e+07
82 1.89307e+07
144 2.76751e+07
168 3.13472e+07
125 2.52315e+07
79 1.85213e+07
174 3.39652e+07
124 2.50177e+07
151 2.86317e+07
173 3.30293e+07
156 2.92327e+07
148 2.79714e+07
77 1.77067e+07
170 3.27907e+07
149 2.84833e+07
153 2.89109e+07
152 2.88554e+07
Thế hệ thứ: 22
174 3.39652e+07
136 2.68461e+07
75 1.77038e+07
190 3.42262e+07
95 2.08493e+07
123 2.36314e+07
169 3.23495e+07
108 2.31557e+07
88 1.95805e+07
134 2.57432e+07
165 3.06122e+07
160 2.94344e+07
109 2.35176e+07
140 2.68515e+07
82 1.89307e+07
168 3.13472e+07
144 2.76751e+07
125 2.52315e+07
79 1.85213e+07
124 2.50177e+07
151 2.86317e+07
173 3.30293e+07
156 2.92327e+07
148 2.79714e+07
77 1.77067e+07
170 3.27907e+07
149 2.84833e+07
153 2.89109e+07
152 2.88554e+07
194 3.72713e+07
Thế hệ thứ: 23
174 3.39652e+07
136 2.68461e+07
75 1.77038e+07
152 2.88554e+07
194 3.72713e+07
95 2.08493e+07
190 3.42262e+07
123 2.36314e+07
169 3.23495e+07
108 2.31557e+07
88 1.95805e+07
134 2.57432e+07
165 3.06122e+07
109 2.35176e+07
160 2.94344e+07
140 2.68515e+07
82 1.89307e+07
144 2.76751e+07
168 3.13472e+07
125 2.52315e+07
79 1.85213e+07
124 2.50177e+07
151 2.86317e+07
173 3.30293e+07
156 2.92327e+07
148 2.79714e+07
77 1.77067e+07
170 3.27907e+07
149 2.84833e+07
153 2.89109e+07
Thế hệ thứ: 24
174 3.39652e+07
136 2.68461e+07
75 1.77038e+07
152 2.88554e+07
194 3.72713e+07
95 2.08493e+07
190 3.42262e+07
123 2.36314e+07
169 3.23495e+07
108 2.31557e+07
88 1.95805e+07
134 2.57432e+07
165 3.06122e+07
109 2.35176e+07
160 2.94344e+07
140 2.68515e+07
82 1.89307e+07
144 2.76751e+07
125 2.52315e+07
79 1.85213e+07
124 2.50177e+07
151 2.86317e+07
173 3.30293e+07
156 2.92327e+07
148 2.79714e+07
77 1.77067e+07
170 3.27907e+07
149 2.84833e+07
153 2.89109e+07
168 3.11706e+07
Thế hệ thứ: 25
174 3.39652e+07
136 2.68461e+07
75 1.77038e+07
152 2.88554e+07
194 3.72713e+07
95 2.08493e+07
190 3.42262e+07
123 2.36314e+07
108 2.31557e+07
88 1.95805e+07
134 2.57432e+07
165 3.06122e+07
171 3.19458e+07
109 2.35176e+07
160 2.94344e+07
140 2.68515e+07
82 1.89307e+07
144 2.76751e+07
168 3.11706e+07
125 2.52315e+07
79 1.85213e+07
124 2.50177e+07
151 2.86317e+07
173 3.30293e+07
156 2.92327e+07
148 2.79714e+07
77 1.77067e+07
149 2.84833e+07
153 2.89109e+07
178 3.41525e+07
Thế hệ thứ: 26
136 2.68461e+07
75 1.77038e+07
152 2.88554e+07
194 3.72713e+07
95 2.08493e+07
190 3.42262e+07
123 2.36314e+07
108 2.31557e+07
88 1.95805e+07
134 2.57432e+07
165 3.06122e+07
171 3.19458e+07
109 2.35176e+07
178 3.41525e+07
160 2.94344e+07
140 2.68515e+07
82 1.89307e+07
173 3.30293e+07
144 2.76751e+07
125 2.52315e+07
168 3.11706e+07
79 1.85213e+07
174 3.39652e+07
124 2.50177e+07
151 2.86317e+07
148 2.79714e+07
77 1.77067e+07
149 2.84833e+07
153 2.89109e+07
142 2.759e+07
172 3.23215e+07
156 2.91583e+07
Thế hệ thứ: 27
136 2.68461e+07
75 1.77038e+07
152 2.88554e+07
194 3.72713e+07
95 2.08493e+07
190 3.42262e+07
123 2.36314e+07
108 2.31557e+07
88 1.95805e+07
134 2.57432e+07
165 3.06122e+07
171 3.19458e+07
109 2.35176e+07
160 2.94344e+07
178 3.41525e+07
140 2.68515e+07
82 1.89307e+07
125 2.52315e+07
168 3.11706e+07
79 1.85213e+07
173 3.30293e+07
174 3.39652e+07
124 2.50177e+07
151 2.86317e+07
156 2.91583e+07
148 2.79714e+07
142 2.759e+07
77 1.77067e+07
172 3.23215e+07
144 2.76751e+07
149 2.84833e+07
153 2.89109e+07
Thế hệ thứ: 28
136 2.68461e+07
75 1.77038e+07
152 2.88554e+07
194 3.72713e+07
190 3.42262e+07
177 3.25005e+07
95 2.08493e+07
123 2.36314e+07
108 2.31557e+07
88 1.95805e+07
134 2.57432e+07
165 3.06122e+07
182 3.39471e+07
171 3.19458e+07
109 2.35176e+07
160 2.94344e+07
140 2.68515e+07
82 1.89307e+07
125 2.52315e+07
168 3.11706e+07
79 1.85213e+07
124 2.50177e+07
156 2.91583e+07
148 2.79714e+07
142 2.759e+07
77 1.77067e+07
172 3.23215e+07
144 2.76751e+07
153 2.89109e+07
151 2.84364e+07
Thế hệ thứ: 29
136 2.68461e+07
75 1.77038e+07
152 2.88554e+07
194 3.72713e+07
190 3.42262e+07
177 3.25005e+07
95 2.08493e+07
123 2.36314e+07
108 2.31557e+07
182 3.39471e+07
171 3.19458e+07
109 2.35176e+07
88 1.95805e+07
134 2.57432e+07
165 3.06122e+07
160 2.94344e+07
140 2.68515e+07
82 1.89307e+07
125 2.52315e+07
168 3.11706e+07
79 1.85213e+07
124 2.50177e+07
148 2.79714e+07
156 2.91583e+07
151 2.84364e+07
172 3.23215e+07
142 2.759e+07
195 4.04892e+07
77 1.77067e+07
144 2.76751e+07
153 2.89109e+07
Thế hệ thứ: 30
136 2.68461e+07
75 1.77038e+07
152 2.88554e+07
194 3.72713e+07
195 4.04892e+07
77 1.77067e+07
190 3.42262e+07
177 3.25005e+07
95 2.08493e+07
123 2.36314e+07
108 2.31557e+07
88 1.95805e+07
182 3.39471e+07
171 3.19458e+07
109 2.35176e+07
134 2.57432e+07
165 3.06122e+07
160 2.94344e+07
140 2.68515e+07
82 1.89307e+07
125 2.52315e+07
168 3.11706e+07
79 1.85213e+07
148 2.79714e+07
124 2.50177e+07
156 2.91583e+07
172 3.23215e+07
151 2.84364e+07
142 2.759e+07
144 2.76751e+07
153 2.89109e+07
154 2.90392e+07
Thế hệ thứ: 31
152 2.88554e+07
194 3.72713e+07
77 1.77067e+07
195 4.04892e+07
136 2.68461e+07
75 1.77038e+07
190 3.42262e+07
177 3.25005e+07
95 2.08493e+07
123 2.36314e+07
108 2.31557e+07
88 1.95805e+07
182 3.39471e+07
171 3.19458e+07
109 2.35176e+07
134 2.57432e+07
165 3.06122e+07
160 2.94344e+07
140 2.68515e+07
82 1.89307e+07
125 2.52315e+07
168 3.11706e+07
79 1.85213e+07
148 2.79714e+07
124 2.50177e+07
172 3.23215e+07
151 2.84364e+07
142 2.759e+07
156 2.91583e+07
144 2.76751e+07
154 2.90392e+07
153 2.89109e+07
Thế hệ thứ: 32
152 2.88554e+07
194 3.72713e+07
77 1.77067e+07
136 2.68461e+07
75 1.77038e+07
190 3.42262e+07
177 3.25005e+07
95 2.08493e+07
123 2.36314e+07
108 2.31557e+07
88 1.95805e+07
182 3.39471e+07
109 2.35176e+07
134 2.57432e+07
165 3.06122e+07
160 2.94344e+07
140 2.68515e+07
82 1.89307e+07
125 2.52315e+07
168 3.11706e+07
79 1.85213e+07
148 2.79714e+07
124 2.50177e+07
151 2.84364e+07
142 2.759e+07
156 2.91583e+07
144 2.76751e+07
154 2.90392e+07
153 2.89109e+07
172 3.18564e+07
197 3.95682e+07
Thế hệ thứ: 33
136 2.68461e+07
75 1.77038e+07
88 1.95805e+07
197 3.95682e+07
190 3.42262e+07
177 3.25005e+07
95 2.08493e+07
152 2.88554e+07
194 3.72713e+07
123 2.36314e+07
108 2.31557e+07
109 2.35176e+07
182 3.39471e+07
134 2.57432e+07
165 3.06122e+07
160 2.94344e+07
172 3.18564e+07
140 2.68515e+07
82 1.89307e+07
125 2.52315e+07
168 3.11706e+07
79 1.85213e+07
148 2.79714e+07
124 2.50177e+07
151 2.84364e+07
142 2.759e+07
77 1.77067e+07
156 2.91583e+07
144 2.76751e+07
154 2.90392e+07
153 2.89109e+07
Thế hệ thứ: 34
75 1.77038e+07
88 1.95805e+07
190 3.42262e+07
177 3.25005e+07
95 2.08493e+07
152 2.88554e+07
123 2.36314e+07
108 2.31557e+07
109 2.35176e+07
182 3.39471e+07
134 2.57432e+07
165 3.06122e+07
160 2.94344e+07
172 3.18564e+07
82 1.89307e+07
125 2.52315e+07
168 3.11706e+07
79 1.85213e+07
142 2.65659e+07
148 2.79714e+07
124 2.50177e+07
151 2.84364e+07
77 1.77067e+07
156 2.91583e+07
144 2.76751e+07
154 2.90392e+07
153 2.89109e+07
197 3.69326e+07
Thế hệ thứ: 35
75 1.77038e+07
123 2.36314e+07
108 2.31557e+07
197 3.69326e+07
190 3.42262e+07
177 3.25005e+07
95 2.08493e+07
134 2.57432e+07
88 1.95805e+07
109 2.35176e+07
182 3.39471e+07
148 2.79714e+07
142 2.65659e+07
165 3.06122e+07
160 2.94344e+07
172 3.18564e+07
82 1.89307e+07
144 2.76751e+07
168 3.11706e+07
125 2.52315e+07
79 1.85213e+07
124 2.50177e+07
151 2.84364e+07
77 1.77067e+07
156 2.91583e+07
152 2.88554e+07
154 2.90392e+07
153 2.89109e+07
Thế hệ thứ: 36
75 1.77038e+07
123 2.36314e+07
108 2.31557e+07
197 3.69326e+07
190 3.42262e+07
177 3.25005e+07
95 2.08493e+07
134 2.57432e+07
88 1.95805e+07
109 2.35176e+07
182 3.39471e+07
148 2.79714e+07
142 2.65659e+07
165 3.06122e+07
160 2.94344e+07
172 3.18564e+07
82 1.89307e+07
198 3.79313e+07
144 2.76751e+07
168 3.11706e+07
125 2.52315e+07
79 1.85213e+07
124 2.50177e+07
77 1.77067e+07
156 2.91583e+07
152 2.88554e+07
154 2.90392e+07
153 2.89109e+07
129 2.57006e+07
200 4.16049e+07
151 2.82947e+07
Thế hệ thứ: 37
75 1.77038e+07
190 3.42262e+07
177 3.25005e+07
95 2.08493e+07
200 4.16049e+07
197 3.69326e+07
108 2.31557e+07
144 2.76751e+07
198 3.79313e+07
88 1.95805e+07
123 2.36314e+07
182 3.39471e+07
109 2.35176e+07
148 2.79714e+07
142 2.65659e+07
134 2.57432e+07
165 3.06122e+07
129 2.57006e+07
160 2.94344e+07
172 3.18564e+07
82 1.89307e+07
168 3.11706e+07
79 1.85213e+07
124 2.50177e+07
151 2.82947e+07
125 2.52315e+07
77 1.77067e+07
156 2.91583e+07
152 2.88554e+07
154 2.90392e+07
153 2.89109e+07
Thế hệ thứ: 38
75 1.77038e+07
190 3.42262e+07
177 3.25005e+07
95 2.08493e+07
200 4.16049e+07
197 3.69326e+07
108 2.31557e+07
144 2.76751e+07
198 3.79313e+07
88 1.95805e+07
123 2.36314e+07
109 2.35176e+07
182 3.39471e+07
148 2.79714e+07
142 2.65659e+07
134 2.57432e+07
165 3.06122e+07
129 2.57006e+07
160 2.94344e+07
172 3.18564e+07
82 1.89307e+07
168 3.11706e+07
79 1.85213e+07
124 2.50177e+07
151 2.82947e+07
125 2.52315e+07
77 1.77067e+07
156 2.91583e+07
152 2.88554e+07
154 2.90392e+07
153 2.89109e+07
Thế hệ thứ: 39
75 1.77038e+07
190 3.42262e+07
177 3.25005e+07
95 2.08493e+07
200 4.16049e+07
197 3.69326e+07
108 2.31557e+07
144 2.76751e+07
198 3.79313e+07
88 1.95805e+07
123 2.36314e+07
109 2.35176e+07
148 2.79714e+07
142 2.65659e+07
134 2.57432e+07
165 3.06122e+07
129 2.57006e+07
160 2.94344e+07
172 3.18564e+07
82 1.89307e+07
168 3.11706e+07
79 1.85213e+07
182 3.39156e+07
124 2.50177e+07
151 2.82947e+07
125 2.52315e+07
77 1.77067e+07
156 2.91583e+07
152 2.88554e+07
154 2.90392e+07
153 2.89109e+07
Thế hệ thứ: 40
75 1.77038e+07
190 3.42262e+07
177 3.25005e+07
95 2.08493e+07
200 4.16049e+07
197 3.69326e+07
108 2.31557e+07
144 2.76751e+07
198 3.79313e+07
88 1.95805e+07
123 2.36314e+07
124 2.50177e+07
182 3.39156e+07
148 2.79714e+07
142 2.65659e+07
134 2.57432e+07
109 2.35176e+07
165 3.06122e+07
160 2.94344e+07
172 3.18564e+07
180 3.36254e+07
82 1.89307e+07
168 3.11706e+07
79 1.85213e+07
151 2.82947e+07
77 1.77067e+07
156 2.91583e+07
152 2.88554e+07
154 2.90392e+07
153 2.89109e+07
125 2.51272e+07
129 2.55632e+07
Thế hệ thứ: 41
75 1.77038e+07
190 3.42262e+07
177 3.25005e+07
95 2.08493e+07
200 4.16049e+07
197 3.69326e+07
108 2.31557e+07
144 2.76751e+07
198 3.79313e+07
88 1.95805e+07
123 2.36314e+07
142 2.65659e+07
148 2.79714e+07
134 2.57432e+07
109 2.35176e+07
165 3.06122e+07
160 2.94344e+07
172 3.18564e+07
82 1.89307e+07
180 3.36254e+07
168 3.11706e+07
124 2.50177e+07
182 3.39156e+07
129 2.55632e+07
79 1.85213e+07
151 2.82947e+07
77 1.77067e+07
156 2.91583e+07
125 2.51272e+07
152 2.88554e+07
154 2.90392e+07
153 2.89109e+07
Thế hệ thứ: 42
75 1.77038e+07
190 3.42262e+07
177 3.25005e+07
95 2.08493e+07
200 4.16049e+07
197 3.69326e+07
108 2.31557e+07
144 2.76751e+07
198 3.79313e+07
88 1.95805e+07
123 2.36314e+07
148 2.79714e+07
142 2.65659e+07
134 2.57432e+07
109 2.35176e+07
165 3.06122e+07
160 2.94344e+07
172 3.18564e+07
82 1.89307e+07
180 3.36254e+07
199 4.07069e+07
168 3.11706e+07
124 2.50177e+07
182 3.39156e+07
129 2.55632e+07
79 1.85213e+07
151 2.82947e+07
77 1.77067e+07
156 2.91583e+07
125 2.51272e+07
152 2.88554e+07
154 2.90392e+07
153 2.89109e+07
Thế hệ thứ: 43
75 1.77038e+07
190 3.42262e+07
177 3.25005e+07
95 2.08493e+07
200 4.16049e+07
123 2.36314e+07
197 3.69326e+07
108 2.31557e+07
88 1.95805e+07
144 2.76751e+07
198 3.79313e+07
168 3.11706e+07
199 4.07069e+07
148 2.79714e+07
142 2.65659e+07
134 2.57432e+07
109 2.35176e+07
165 3.06122e+07
160 2.94344e+07
172 3.18564e+07
82 1.89307e+07
180 3.36254e+07
124 2.50177e+07
182 3.39156e+07
129 2.55632e+07
79 1.85213e+07
151 2.82947e+07
77 1.77067e+07
156 2.91583e+07
125 2.51272e+07
152 2.88554e+07
154 2.90392e+07
153 2.89109e+07
Thế hệ thứ: 44
75 1.77038e+07
190 3.42262e+07
177 3.25005e+07
95 2.08493e+07
200 4.16049e+07
123 2.36314e+07
197 3.69326e+07
108 2.31557e+07
88 1.95805e+07
144 2.76751e+07
198 3.79313e+07
168 3.11706e+07
199 4.07069e+07
148 2.79714e+07
142 2.65659e+07
134 2.57432e+07
109 2.35176e+07
165 3.06122e+07
172 3.18564e+07
82 1.89307e+07
180 3.36254e+07
124 2.50177e+07
182 3.39156e+07
129 2.55632e+07
79 1.85213e+07
151 2.82947e+07
77 1.77067e+07
156 2.91583e+07
125 2.51272e+07
152 2.88554e+07
154 2.90392e+07
153 2.89109e+07
160 2.93582e+07
178 3.27326e+07
Thế hệ thứ: 45
75 1.77038e+07
190 3.42262e+07
177 3.25005e+07
95 2.08493e+07
200 4.16049e+07
123 2.36314e+07
197 3.69326e+07
108 2.31557e+07
88 1.95805e+07
144 2.76751e+07
198 3.79313e+07
168 3.11706e+07
199 4.07069e+07
148 2.79714e+07
142 2.65659e+07
134 2.57432e+07
109 2.35176e+07
178 3.27326e+07
165 3.06122e+07
160 2.93582e+07
172 3.18564e+07
82 1.89307e+07
180 3.36254e+07
124 2.50177e+07
182 3.39156e+07
129 2.55632e+07
79 1.85213e+07
151 2.82947e+07
77 1.77067e+07
125 2.51272e+07
156 2.91583e+07
152 2.88554e+07
154 2.90392e+07
153 2.89109e+07
157 2.93411e+07
Thế hệ thứ: 46
75 1.77038e+07
190 3.42262e+07
177 3.25005e+07
95 2.08493e+07
200 4.16049e+07
123 2.36314e+07
197 3.69326e+07
108 2.31557e+07
88 1.95805e+07
144 2.76751e+07
168 3.11706e+07
199 4.07069e+07
148 2.79714e+07
142 2.65659e+07
134 2.57432e+07
109 2.35176e+07
178 3.27326e+07
165 3.06122e+07
172 3.18564e+07
160 2.93582e+07
82 1.89307e+07
180 3.36254e+07
124 2.50177e+07
182 3.39156e+07
129 2.55632e+07
79 1.85213e+07
151 2.82947e+07
77 1.77067e+07
125 2.51272e+07
152 2.88554e+07
157 2.93411e+07
156 2.91583e+07
154 2.90392e+07
153 2.89109e+07
198 3.78691e+07
Thế hệ thứ: 47
75 1.77038e+07
190 3.42262e+07
177 3.25005e+07
95 2.08493e+07
200 4.16049e+07
123 2.36314e+07
197 3.69326e+07
108 2.31557e+07
88 1.95805e+07
198 3.78691e+07
168 3.11706e+07
199 4.07069e+07
148 2.79714e+07
142 2.65659e+07
134 2.57432e+07
109 2.35176e+07
165 3.06122e+07
178 3.27326e+07
172 3.18564e+07
160 2.93582e+07
82 1.89307e+07
180 3.36254e+07
144 2.76751e+07
124 2.50177e+07
182 3.39156e+07
129 2.55632e+07
79 1.85213e+07
151 2.82947e+07
77 1.77067e+07
125 2.51272e+07
152 2.88554e+07
157 2.93411e+07
156 2.91583e+07
154 2.90392e+07
153 2.89109e+07
Thế hệ thứ: 48
75 1.77038e+07
190 3.42262e+07
177 3.25005e+07
95 2.08493e+07
200 4.16049e+07
123 2.36314e+07
197 3.69326e+07
108 2.31557e+07
88 1.95805e+07
198 3.78691e+07
168 3.11706e+07
199 4.07069e+07
148 2.79714e+07
142 2.65659e+07
134 2.57432e+07
109 2.35176e+07
178 3.27326e+07
165 3.06122e+07
172 3.18564e+07
160 2.93582e+07
82 1.89307e+07
180 3.36254e+07
144 2.76751e+07
124 2.50177e+07
182 3.39156e+07
129 2.55632e+07
79 1.85213e+07
151 2.82947e+07
77 1.77067e+07
125 2.51272e+07
152 2.88554e+07
157 2.93411e+07
156 2.91583e+07
154 2.90392e+07
153 2.89109e+07
Thế hệ thứ: 49
75 1.77038e+07
190 3.42262e+07
177 3.25005e+07
95 2.08493e+07
200 4.16049e+07
123 2.36314e+07
197 3.69326e+07
108 2.31557e+07
88 1.95805e+07
198 3.78691e+07
168 3.11706e+07
199 4.07069e+07
148 2.79714e+07
142 2.65659e+07
134 2.57432e+07
109 2.35176e+07
178 3.27326e+07
165 3.06122e+07
172 3.18564e+07
160 2.93582e+07
82 1.89307e+07
180 3.36254e+07
144 2.76751e+07
124 2.50177e+07
182 3.39156e+07
129 2.55632e+07
79 1.85213e+07
151 2.82947e+07
77 1.77067e+07
125 2.51272e+07
152 2.88554e+07
157 2.93411e+07
156 2.91583e+07
154 2.90392e+07
153 2.89109e+07
Thế hệ thứ: 50
75 1.77038e+07
200 4.16049e+07
95 2.08493e+07
190 3.42262e+07
108 2.31557e+07
197 3.69326e+07
88 1.95805e+07
123 2.36314e+07
198 3.78691e+07
199 4.07069e+07
142 2.65659e+07
134 2.57432e+07
109 2.35176e+07
165 3.06122e+07
172 3.18564e+07
160 2.93582e+07
82 1.89307e+07
168 3.11706e+07
144 2.76751e+07
182 3.39156e+07
129 2.55632e+07
79 1.85213e+07
177 3.25005e+07
148 2.79714e+07
180 3.36254e+07
124 2.50177e+07
178 3.27326e+07
151 2.82947e+07
77 1.77067e+07
125 2.51272e+07
152 2.88554e+07
157 2.93411e+07
156 2.91583e+07
154 2.90392e+07
153 2.89109e+07
