Thế hệ thứ: 0
78 1.52526e+07
45 5.38563e+06
42 4.70249e+06
47 6.52926e+06
40 4.44844e+06
85 1.79899e+07
71 1.23128e+07
67 1.17241e+07
76 1.2901e+07
79 1.66235e+07
59 8.03406e+06
60 9.20103e+06
68 1.22159e+07
89 1.87884e+07
86 1.83038e+07
65 1.0273e+07
83 1.71034e+07
Thế hệ thứ: 1
42 4.70249e+06
45 5.38563e+06
71 1.23128e+07
60 9.20103e+06
76 1.2901e+07
59 8.03406e+06
79 1.66235e+07
40 4.44844e+06
89 1.87884e+07
87 1.7077e+07
95 1.87941e+07
99 1.95398e+07
53 6.22494e+06
78 1.47894e+07
68 1.16721e+07
65 9.66251e+06
55 7.73399e+06
Thế hệ thứ: 2
78 1.47894e+07
45 5.38563e+06
42 4.70249e+06
71 1.23128e+07
76 1.2901e+07
51 5.79664e+06
59 8.03406e+06
40 4.44844e+06
65 9.66251e+06
95 1.87941e+07
99 1.95398e+07
89 1.65719e+07
64 9.16156e+06
81 1.6269e+07
56 5.98801e+06
63 8.85633e+06
91 1.76982e+07
69 1.06822e+07
Thế hệ thứ: 3
99 1.95398e+07
69 1.06822e+07
45 5.38563e+06
78 1.47894e+07
76 1.2901e+07
71 1.23128e+07
89 1.65719e+07
95 1.87941e+07
91 1.76982e+07
59 8.03406e+06
51 5.79664e+06
64 9.16156e+06
40 4.44844e+06
63 8.85633e+06
42 4.70249e+06
65 9.66251e+06
56 5.98801e+06
84 1.56956e+07
93 1.80626e+07
82 1.5249e+07
Thế hệ thứ: 4
63 8.85633e+06
45 5.38563e+06
99 1.95398e+07
64 9.16156e+06
59 8.03406e+06
51 5.79664e+06
82 1.5249e+07
40 4.44844e+06
76 1.2901e+07
65 9.66251e+06
42 4.70249e+06
89 1.65719e+07
93 1.80626e+07
84 1.56956e+07
56 5.98801e+06
91 1.76982e+07
74 1.2604e+07
96 1.87431e+07
81 1.42798e+07
20 4.00616e+06
90 1.69523e+07
71 9.99641e+06
Thế hệ thứ: 5
99 1.95398e+07
45 5.38563e+06
63 8.85633e+06
91 1.76982e+07
89 1.65719e+07
59 8.03406e+06
51 5.79664e+06
64 9.16156e+06
84 1.56956e+07
90 1.69523e+07
40 4.44844e+06
82 1.5249e+07
74 1.2604e+07
93 1.80626e+07
71 9.99641e+06
56 5.98801e+06
76 1.2901e+07
81 1.42798e+07
65 9.66251e+06
96 1.87431e+07
42 4.70249e+06
100 2.02156e+07
29 3.74558e+06
30 4.1994e+06
73 1.22091e+07
Thế hệ thứ: 6
45 5.38563e+06
99 1.95398e+07
73 1.22091e+07
30 4.1994e+06
89 1.65719e+07
29 3.74558e+06
91 1.76982e+07
51 5.79664e+06
76 1.2901e+07
90 1.69523e+07
84 1.56956e+07
82 1.5249e+07
40 4.44844e+06
81 1.42798e+07
74 1.2604e+07
93 1.80626e+07
65 9.66251e+06
71 9.99641e+06
96 1.87431e+07
56 5.98801e+06
100 2.02156e+07
42 4.70249e+06
64 7.06783e+06
46 5.52201e+06
Thế hệ thứ: 7
89 1.65719e+07
30 4.1994e+06
90 1.69523e+07
84 1.56956e+07
99 1.95398e+07
45 5.38563e+06
40 4.44844e+06
82 1.5249e+07
29 3.74558e+06
91 1.76982e+07
51 5.79664e+06
71 9.99641e+06
81 1.42798e+07
65 9.66251e+06
93 1.80626e+07
56 5.98801e+06
42 4.70249e+06
100 2.02156e+07
64 7.06783e+06
46 5.52201e+06
83 1.53588e+07
62 6.95927e+06
80 1.24594e+07
53 5.8329e+06
97 1.86403e+07
75 1.20612e+07
Thế hệ thứ: 8
89 1.65719e+07
53 5.8329e+06
90 1.69523e+07
56 5.98801e+06
100 2.02156e+07
42 4.70249e+06
64 7.06783e+06
45 5.38563e+06
82 1.5249e+07
40 4.44844e+06
29 3.74558e+06
46 5.52201e+06
51 5.79664e+06
62 6.95927e+06
71 9.99641e+06
80 1.24594e+07
81 1.42798e+07
75 1.20612e+07
83 1.53588e+07
65 9.66251e+06
93 1.80626e+07
73 1.12234e+07
31 4.13719e+06
91 1.71675e+07
84 1.55897e+07
99 1.83341e+07
47 5.53173e+06
Thế hệ thứ: 9
53 5.8329e+06
90 1.69523e+07
64 7.06783e+06
31 4.13719e+06
89 1.65719e+07
73 1.12234e+07
80 1.24594e+07
84 1.55897e+07
56 5.98801e+06
42 4.70249e+06
100 2.02156e+07
47 5.53173e+06
81 1.42798e+07
99 1.83341e+07
75 1.20612e+07
83 1.53588e+07
45 5.38563e+06
40 4.44844e+06
82 1.5249e+07
29 3.74558e+06
65 9.66251e+06
46 5.52201e+06
51 5.79664e+06
93 1.80626e+07
91 1.71675e+07
62 6.95927e+06
71 9.99641e+06
63 7.06756e+06
77 1.218e+07
44 5.12925e+06
Thế hệ thứ: 10
64 7.06783e+06
53 5.8329e+06
83 1.53588e+07
40 4.44844e+06
82 1.5249e+07
29 3.74558e+06
89 1.65719e+07
31 4.13719e+06
65 9.66251e+06
46 5.52201e+06
73 1.12234e+07
71 9.99641e+06
63 7.06756e+06
80 1.24594e+07
84 1.55897e+07
62 6.95927e+06
56 5.98801e+06
100 2.02156e+07
42 4.70249e+06
47 5.53173e+06
81 1.42798e+07
99 1.83341e+07
75 1.20612e+07
51 5.79664e+06
93 1.80626e+07
91 1.71675e+07
44 5.12925e+06
45 5.38563e+06
77 1.218e+07
28 3.55362e+06
90 1.67073e+07
Thế hệ thứ: 11
83 1.53588e+07
53 5.8329e+06
64 7.06783e+06
77 1.218e+07
56 5.98801e+06
100 2.02156e+07
42 4.70249e+06
44 5.12925e+06
47 5.53173e+06
82 1.5249e+07
40 4.44844e+06
29 3.74558e+06
81 1.42798e+07
99 1.83341e+07
45 5.38563e+06
91 1.71675e+07
89 1.65719e+07
31 4.13719e+06
46 5.52201e+06
73 1.12234e+07
75 1.20612e+07
51 5.79664e+06
71 9.99641e+06
90 1.67073e+07
63 7.06756e+06
28 3.55362e+06
80 1.24594e+07
84 1.55897e+07
62 6.95927e+06
95 1.79532e+07
65 8.93422e+06
72 1.07404e+07
Thế hệ thứ: 12
77 1.218e+07
46 5.52201e+06
64 7.06783e+06
53 5.8329e+06
73 1.12234e+07
56 5.98801e+06
95 1.79532e+07
42 4.70249e+06
100 2.02156e+07
44 5.12925e+06
47 5.53173e+06
62 6.95927e+06
40 4.44844e+06
29 3.74558e+06
81 1.42798e+07
72 1.07404e+07
99 1.83341e+07
28 3.55362e+06
75 1.20612e+07
45 5.38563e+06
51 5.79664e+06
91 1.71675e+07
80 1.24594e+07
71 9.99641e+06
89 1.65719e+07
31 4.13719e+06
90 1.67073e+07
65 8.93422e+06
63 7.06756e+06
84 1.51838e+07
21 3.30952e+06
Thế hệ thứ: 13
46 5.52201e+06
77 1.218e+07
63 7.06756e+06
99 1.83341e+07
53 5.8329e+06
64 7.06783e+06
71 9.99641e+06
28 3.55362e+06
37 4.40105e+06
75 1.20612e+07
45 5.38563e+06
51 5.79664e+06
73 1.12234e+07
40 4.44844e+06
56 5.98801e+06
100 2.02156e+07
42 4.70249e+06
44 5.12925e+06
47 5.53173e+06
80 1.24594e+07
62 6.95927e+06
65 8.93422e+06
84 1.51838e+07
81 1.42798e+07
21 3.30952e+06
29 3.74558e+06
72 1.07404e+07
31 4.13719e+06
82 1.4779e+07
95 1.63933e+07
Thế hệ thứ: 14
53 5.8329e+06
82 1.4779e+07
100 2.02156e+07
42 4.70249e+06
77 1.218e+07
46 5.52201e+06
63 7.06756e+06
95 1.63933e+07
84 1.51838e+07
81 1.42798e+07
99 1.83341e+07
44 5.12925e+06
45 5.38563e+06
47 5.53173e+06
71 9.99641e+06
80 1.24594e+07
28 3.55362e+06
75 1.20612e+07
37 4.40105e+06
62 6.95927e+06
21 3.30952e+06
29 3.74558e+06
65 8.93422e+06
51 5.79664e+06
73 1.12234e+07
72 1.07404e+07
31 4.13719e+06
40 4.44844e+06
56 5.98801e+06
67 9.83604e+06
64 7.06783e+06
50 5.62782e+06
Thế hệ thứ: 15
53 5.8329e+06
46 5.52201e+06
37 4.40105e+06
31 4.13719e+06
82 1.4779e+07
100 2.02156e+07
42 4.70249e+06
63 7.06756e+06
62 6.95927e+06
21 3.30952e+06
95 1.63933e+07
81 1.42798e+07
84 1.51838e+07
64 7.06783e+06
29 3.74558e+06
65 8.93422e+06
99 1.83341e+07
50 5.62782e+06
40 4.44844e+06
45 5.38563e+06
51 5.79664e+06
47 5.53173e+06
56 5.98801e+06
71 9.99641e+06
80 1.24594e+07
67 9.83604e+06
28 3.55362e+06
77 1.05926e+07
44 5.01727e+06
Thế hệ thứ: 16
53 5.8329e+06
31 4.13719e+06
50 5.62782e+06
77 1.05926e+07
37 4.40105e+06
40 4.44844e+06
46 5.52201e+06
47 5.53173e+06
56 5.98801e+06
28 3.55362e+06
42 4.70249e+06
44 5.01727e+06
100 2.02156e+07
63 7.06756e+06
71 9.99641e+06
45 5.38563e+06
62 6.95927e+06
67 9.83604e+06
21 3.30952e+06
95 1.63933e+07
64 7.06783e+06
51 5.79664e+06
29 3.74558e+06
65 8.93422e+06
99 1.83341e+07
80 1.24594e+07
82 1.41188e+07
81 1.37497e+07
85 1.45086e+07
Thế hệ thứ: 17
82 1.41188e+07
53 5.8329e+06
45 5.38563e+06
77 1.05926e+07
50 5.62782e+06
31 4.13719e+06
62 6.95927e+06
80 1.24594e+07
51 5.79664e+06
37 4.40105e+06
29 3.74558e+06
40 4.44844e+06
46 5.52201e+06
21 3.30952e+06
65 8.93422e+06
47 5.53173e+06
56 5.98801e+06
85 1.45086e+07
95 1.63933e+07
28 3.55362e+06
99 1.83341e+07
100 2.02156e+07
81 1.37497e+07
63 7.06756e+06
71 9.99641e+06
64 7.06783e+06
60 6.88571e+06
43 4.51613e+06
69 9.21828e+06
90 1.55651e+07
44 4.98172e+06
Thế hệ thứ: 18
53 5.8329e+06
45 5.38563e+06
90 1.55651e+07
77 1.05926e+07
56 5.98801e+06
85 1.45086e+07
95 1.63933e+07
43 4.51613e+06
50 5.62782e+06
63 7.06756e+06
60 6.88571e+06
62 6.95927e+06
80 1.24594e+07
28 3.55362e+06
99 1.83341e+07
51 5.79664e+06
31 4.04296e+06
71 9.99641e+06
64 7.06783e+06
37 4.40105e+06
81 1.37497e+07
29 3.74558e+06
44 4.98172e+06
40 4.44844e+06
46 5.52201e+06
21 3.30952e+06
65 8.93422e+06
47 5.53173e+06
69 9.21828e+06
100 2.00457e+07
83 1.3861e+07
Thế hệ thứ: 19
53 5.8329e+06
43 4.51613e+06
100 2.00457e+07
90 1.55651e+07
45 5.38563e+06
83 1.3861e+07
31 4.04296e+06
77 1.05926e+07
81 1.37497e+07
56 5.98801e+06
85 1.45086e+07
95 1.63933e+07
29 3.74558e+06
21 3.30952e+06
44 4.98172e+06
47 5.53173e+06
69 9.21828e+06
50 5.62782e+06
63 7.06756e+06
71 9.99641e+06
64 7.06783e+06
60 6.88571e+06
62 6.95927e+06
40 4.44844e+06
80 1.24594e+07
37 4.40105e+06
46 5.52201e+06
28 3.55362e+06
99 1.83341e+07
65 8.93422e+06
51 5.79664e+06
Thế hệ thứ: 20
45 5.38563e+06
90 1.55651e+07
100 2.00457e+07
31 4.04296e+06
43 4.51613e+06
53 5.8329e+06
51 5.79664e+06
63 7.06756e+06
46 5.52201e+06
71 9.99641e+06
64 7.06783e+06
65 8.93422e+06
60 6.88571e+06
62 6.95927e+06
40 4.44844e+06
77 1.05926e+07
28 3.55362e+06
80 1.24594e+07
56 5.98801e+06
85 1.45086e+07
95 1.63933e+07
29 3.74558e+06
99 1.83341e+07
21 3.30952e+06
44 4.98172e+06
69 9.21828e+06
47 5.53173e+06
37 4.40105e+06
50 5.62782e+06
59 6.86209e+06
83 1.37373e+07
49 5.62143e+06
Thế hệ thứ: 21
53 5.8329e+06
21 3.30952e+06
90 1.55651e+07
45 5.38563e+06
44 4.98172e+06
28 3.55362e+06
83 1.37373e+07
80 1.24594e+07
31 4.04296e+06
43 4.51613e+06
50 5.62782e+06
47 5.53173e+06
69 9.21828e+06
40 4.44844e+06
51 5.79664e+06
46 5.52201e+06
71 9.99641e+06
56 5.98801e+06
85 1.45086e+07
60 6.88571e+06
62 6.95927e+06
95 1.63933e+07
37 4.40105e+06
29 3.74558e+06
99 1.83341e+07
77 1.05926e+07
49 5.62143e+06
59 6.86209e+06
66 8.84018e+06
64 7.04484e+06
100 1.89693e+07
Thế hệ thứ: 22
43 4.51613e+06
64 7.04484e+06
53 5.8329e+06
71 9.99641e+06
60 6.58826e+06
21 3.30952e+06
50 5.62782e+06
66 8.84018e+06
56 5.98801e+06
28 3.55362e+06
85 1.45086e+07
40 4.44844e+06
80 1.24594e+07
37 4.40105e+06
29 3.74558e+06
99 1.83341e+07
31 4.04296e+06
69 9.21828e+06
62 6.95927e+06
83 1.31914e+07
95 1.63933e+07
51 5.79664e+06
77 1.05926e+07
100 1.89693e+07
91 1.52515e+07
32 4.19633e+06
57 6.38014e+06
49 5.60547e+06
47 4.73211e+06
Thế hệ thứ: 23
31 4.04296e+06
21 3.30952e+06
53 5.8329e+06
43 4.51613e+06
64 7.04484e+06
77 1.05926e+07
100 1.89693e+07
71 9.99641e+06
49 5.60547e+06
69 9.21828e+06
60 6.58826e+06
62 6.95927e+06
95 1.63933e+07
83 1.31914e+07
51 5.79664e+06
66 8.84018e+06
50 5.62782e+06
91 1.52515e+07
56 5.98801e+06
32 4.19633e+06
85 1.45086e+07
80 1.24594e+07
57 6.38014e+06
28 3.55362e+06
40 4.44844e+06
47 4.73211e+06
37 4.40105e+06
29 3.74558e+06
99 1.83341e+07
Thế hệ thứ: 24
100 1.89693e+07
66 8.84018e+06
50 5.62782e+06
21 3.30952e+06
31 4.04296e+06
43 4.51613e+06
64 7.04484e+06
56 5.98801e+06
69 9.21828e+06
77 1.05926e+07
32 4.19633e+06
85 1.45086e+07
29 3.74558e+06
49 5.60547e+06
71 9.99641e+06
99 1.83341e+07
57 6.38014e+06
80 1.24594e+07
60 6.58826e+06
28 3.55362e+06
62 6.95927e+06
83 1.31914e+07
95 1.63933e+07
40 4.44844e+06
47 4.73211e+06
37 4.40105e+06
53 5.7904e+06
92 1.47994e+07
Thế hệ thứ: 25
100 1.89693e+07
66 8.84018e+06
50 5.62782e+06
83 1.31914e+07
95 1.63933e+07
31 4.04296e+06
21 3.30952e+06
99 1.83341e+07
64 7.04484e+06
43 4.51613e+06
40 4.44844e+06
80 1.24594e+07
57 6.38014e+06
56 5.98801e+06
71 9.99641e+06
69 9.21828e+06
60 6.58826e+06
77 1.05926e+07
47 4.73211e+06
32 4.19633e+06
85 1.45086e+07
92 1.47994e+07
53 5.7904e+06
29 3.74558e+06
37 4.40105e+06
28 3.55362e+06
62 6.95927e+06
61 6.91256e+06
49 5.09145e+06
93 1.54776e+07
88 1.45231e+07
Thế hệ thứ: 26
64 7.04484e+06
43 4.51613e+06
100 1.89693e+07
83 1.31914e+07
95 1.63933e+07
92 1.47994e+07
31 4.04296e+06
53 5.7904e+06
49 5.09145e+06
21 3.30952e+06
99 1.83341e+07
29 3.74558e+06
40 4.44844e+06
50 5.16605e+06
57 6.38014e+06
80 1.24594e+07
56 5.98801e+06
28 3.55362e+06
71 9.99641e+06
62 6.95927e+06
61 6.91256e+06
68 8.69517e+06
69 9.21828e+06
60 6.58826e+06
88 1.45231e+07
93 1.54776e+07
37 4.39874e+06
77 1.05926e+07
47 4.73211e+06
85 1.45086e+07
36 4.04848e+06
30 4.03597e+06
Thế hệ thứ: 27
64 7.04484e+06
43 4.51613e+06
68 8.69517e+06
69 9.21828e+06
100 1.89693e+07
93 1.54776e+07
88 1.45231e+07
83 1.31914e+07
95 1.63933e+07
92 1.47994e+07
77 1.05926e+07
37 4.39874e+06
31 4.04296e+06
80 1.24594e+07
53 5.7904e+06
21 3.30952e+06
49 5.09145e+06
99 1.83341e+07
29 3.74558e+06
40 4.44844e+06
50 5.16605e+06
47 4.73211e+06
71 9.99641e+06
85 1.45086e+07
56 5.98801e+06
36 4.04848e+06
28 3.55362e+06
30 4.03597e+06
60 6.58826e+06
62 6.95927e+06
61 6.91256e+06
79 1.16494e+07
58 6.36873e+06
Thế hệ thứ: 28
21 3.30952e+06
49 5.09145e+06
64 7.04484e+06
43 4.51613e+06
68 8.69517e+06
69 9.21828e+06
61 6.91256e+06
100 1.89693e+07
88 1.45231e+07
93 1.54776e+07
95 1.63933e+07
83 1.31914e+07
92 1.47994e+07
85 1.45086e+07
37 4.39874e+06
77 1.05926e+07
31 4.04296e+06
36 4.04848e+06
79 1.16494e+07
80 1.24594e+07
53 5.7904e+06
28 3.55362e+06
30 4.03597e+06
58 6.36873e+06
99 1.83341e+07
29 3.74558e+06
60 6.58826e+06
40 4.44844e+06
62 6.95927e+06
50 5.16605e+06
47 4.73211e+06
71 9.99641e+06
56 5.85937e+06
Thế hệ thứ: 29
88 1.45231e+07
93 1.54776e+07
21 3.30952e+06
49 5.09145e+06
30 4.03597e+06
64 7.04484e+06
43 4.51613e+06
68 8.69517e+06
69 9.21828e+06
61 6.91256e+06
47 4.73211e+06
100 1.89693e+07
79 1.16494e+07
83 1.31914e+07
95 1.63933e+07
92 1.47994e+07
50 5.16605e+06
85 1.45086e+07
77 1.05926e+07
37 4.39874e+06
58 6.36873e+06
99 1.83341e+07
31 4.04296e+06
36 4.04848e+06
71 9.99641e+06
29 3.74558e+06
60 6.58826e+06
80 1.24594e+07
40 4.44844e+06
56 5.85937e+06
28 3.55362e+06
62 6.95927e+06
59 6.58686e+06
53 5.79037e+06
Thế hệ thứ: 30
68 8.69517e+06
69 9.21828e+06
77 1.05926e+07
37 4.39874e+06
88 1.45231e+07
93 1.54776e+07
21 3.30952e+06
49 5.09145e+06
30 4.03597e+06
58 6.36873e+06
43 4.51613e+06
64 7.04484e+06
83 1.31914e+07
95 1.63933e+07
61 6.91256e+06
40 4.44844e+06
47 4.73211e+06
99 1.83341e+07
31 4.04296e+06
36 4.04848e+06
100 1.89693e+07
59 6.58686e+06
56 5.85937e+06
79 1.16494e+07
71 9.99641e+06
29 3.74558e+06
28 3.55362e+06
92 1.47994e+07
60 6.58826e+06
62 6.95927e+06
50 5.16605e+06
80 1.24594e+07
85 1.45086e+07
53 5.79037e+06
63 7.02756e+06
Thế hệ thứ: 31
71 9.99641e+06
68 8.69517e+06
69 9.21828e+06
88 1.45231e+07
93 1.54776e+07
77 1.05926e+07
37 4.39874e+06
79 1.16494e+07
49 5.09145e+06
21 3.30952e+06
29 3.74558e+06
28 3.55362e+06
30 4.03597e+06
58 6.36873e+06
85 1.45086e+07
92 1.47994e+07
64 7.04484e+06
43 4.51613e+06
95 1.63933e+07
83 1.31914e+07
60 6.58826e+06
62 6.95927e+06
61 6.91256e+06
53 5.79037e+06
47 4.73211e+06
63 7.02756e+06
99 1.83341e+07
50 5.16605e+06
31 4.04296e+06
36 4.04848e+06
80 1.24594e+07
100 1.89693e+07
44 4.51643e+06
56 5.85937e+06
59 6.58686e+06
66 8.5523e+06
41 4.4295e+06
Thế hệ thứ: 32
21 3.30952e+06
49 5.09145e+06
68 8.69517e+06
69 9.21828e+06
71 9.99641e+06
88 1.45231e+07
93 1.54776e+07
63 7.02756e+06
47 4.73211e+06
37 4.39874e+06
77 1.05926e+07
79 1.16494e+07
97 1.82449e+07
99 1.83341e+07
92 1.47994e+07
80 1.24594e+07
66 8.5523e+06
29 3.74558e+06
28 3.55362e+06
30 4.03597e+06
50 5.16605e+06
58 6.36873e+06
31 4.04296e+06
36 4.04848e+06
44 4.51643e+06
41 4.4295e+06
64 7.04484e+06
43 4.51613e+06
83 1.31914e+07
95 1.63933e+07
60 6.58826e+06
61 6.91256e+06
59 6.58686e+06
56 5.85937e+06
53 5.79037e+06
81 1.30133e+07
85 1.36278e+07
46 4.57465e+06
62 6.9476e+06
100 1.88096e+07
Thế hệ thứ: 33
47 4.73211e+06
64 7.04484e+06
43 4.51613e+06
21 3.30952e+06
49 5.09145e+06
30 4.03597e+06
100 1.88096e+07
68 8.69517e+06
69 9.21828e+06
62 6.9476e+06
71 9.99641e+06
88 1.45231e+07
63 7.02756e+06
77 1.05926e+07
37 4.39874e+06
79 1.16494e+07
99 1.83341e+07
97 1.82449e+07
92 1.47994e+07
40 4.4285e+06
66 8.5523e+06
80 1.24594e+07
29 3.74558e+06
28 3.55362e+06
95 1.63933e+07
46 4.57465e+06
50 5.16605e+06
58 6.36873e+06
31 4.04296e+06
36 4.04848e+06
60 6.58826e+06
61 6.91256e+06
56 5.85937e+06
59 6.58686e+06
53 5.79037e+06
44 4.51643e+06
41 4.4295e+06
85 1.28979e+07
93 1.51489e+07
Thế hệ thứ: 34
47 4.73211e+06
77 1.05926e+07
37 4.39874e+06
64 7.04484e+06
43 4.51613e+06
58 6.36873e+06
44 4.51643e+06
56 5.85937e+06
59 6.58686e+06
31 4.04296e+06
49 5.09145e+06
21 3.30952e+06
36 4.04848e+06
93 1.51489e+07
53 5.79037e+06
100 1.88096e+07
30 4.03597e+06
85 1.28979e+07
69 9.21828e+06
68 8.69517e+06
71 9.99641e+06
62 6.9476e+06
60 6.58826e+06
88 1.45231e+07
63 7.02756e+06
41 4.4295e+06
79 1.16494e+07
61 6.91256e+06
97 1.82449e+07
99 1.83341e+07
92 1.47994e+07
80 1.24594e+07
66 8.5523e+06
40 4.4285e+06
29 3.74558e+06
28 3.55362e+06
46 4.57465e+06
95 1.63933e+07
50 5.16605e+06
78 1.15615e+07
Thế hệ thứ: 35
77 1.05926e+07
37 4.39874e+06
47 4.73211e+06
97 1.82449e+07
99 1.83341e+07
95 1.63933e+07
46 4.57465e+06
64 7.04484e+06
43 4.51613e+06
92 1.47994e+07
58 6.36873e+06
40 4.4285e+06
66 8.5523e+06
80 1.24594e+07
44 4.51643e+06
59 6.58686e+06
56 5.85937e+06
50 5.16605e+06
31 4.04296e+06
29 3.74558e+06
21 3.30952e+06
49 5.09145e+06
78 1.15615e+07
36 4.04848e+06
93 1.51489e+07
53 5.79037e+06
30 4.03597e+06
100 1.88096e+07
85 1.28979e+07
68 8.69517e+06
69 9.21828e+06
62 6.9476e+06
71 9.99641e+06
60 6.58826e+06
88 1.45231e+07
63 7.02756e+06
41 4.4295e+06
79 1.16494e+07
61 6.91256e+06
28 3.55362e+06
81 1.27969e+07
Thế hệ thứ: 36
47 4.73211e+06
77 1.05926e+07
37 4.39874e+06
97 1.82449e+07
99 1.83341e+07
71 9.99641e+06
62 6.9476e+06
69 9.21828e+06
30 3.92367e+06
68 8.69517e+06
46 4.57465e+06
95 1.63933e+07
64 7.04484e+06
43 4.51613e+06
56 5.85937e+06
60 6.58826e+06
92 1.47994e+07
88 1.45231e+07
80 1.24594e+07
66 8.5523e+06
40 4.4285e+06
63 7.02756e+06
44 4.51643e+06
41 4.4295e+06
50 5.16605e+06
31 4.04296e+06
79 1.16494e+07
29 3.74558e+06
61 6.91256e+06
28 3.55362e+06
49 5.09145e+06
21 3.30952e+06
78 1.15615e+07
81 1.27969e+07
36 4.04848e+06
93 1.51489e+07
53 5.79037e+06
100 1.88096e+07
85 1.28979e+07
59 6.35006e+06
67 8.67912e+06
Thế hệ thứ: 37
77 1.05926e+07
37 4.39874e+06
47 4.73211e+06
97 1.82449e+07
99 1.83341e+07
68 8.69517e+06
69 9.21828e+06
30 3.92367e+06
71 9.99641e+06
62 6.9476e+06
81 1.27969e+07
59 6.35006e+06
36 4.04848e+06
95 1.63933e+07
46 4.57465e+06
21 3.30952e+06
49 5.09145e+06
64 7.04484e+06
43 4.51613e+06
67 8.67912e+06
56 5.85937e+06
93 1.51489e+07
60 6.58826e+06
92 1.47994e+07
78 1.15615e+07
85 1.28979e+07
88 1.45231e+07
40 4.4285e+06
66 8.5523e+06
80 1.24594e+07
63 7.02756e+06
44 4.51643e+06
41 4.4295e+06
50 5.16605e+06
100 1.88096e+07
31 4.04296e+06
79 1.16494e+07
29 3.74558e+06
61 6.91256e+06
28 3.55362e+06
53 5.79037e+06
23 3.44119e+06
Thế hệ thứ: 38
47 4.73211e+06
77 1.05926e+07
37 4.39874e+06
97 1.82449e+07
99 1.83341e+07
66 8.5523e+06
40 4.4285e+06
80 1.24594e+07
69 9.21828e+06
30 3.92367e+06
68 8.69517e+06
71 9.99641e+06
81 1.27969e+07
36 4.04848e+06
59 6.35006e+06
53 5.79037e+06
63 7.02756e+06
46 4.57465e+06
95 1.63933e+07
44 4.51643e+06
49 5.09145e+06
21 3.30952e+06
64 7.04484e+06
43 4.51613e+06
67 8.67912e+06
41 4.4295e+06
56 5.85937e+06
50 5.16605e+06
23 3.42077e+06
93 1.51489e+07
100 1.88096e+07
60 6.58826e+06
31 4.04296e+06
79 1.16494e+07
92 1.47994e+07
29 3.74558e+06
78 1.15615e+07
62 6.9476e+06
85 1.28979e+07
61 6.91256e+06
88 1.45231e+07
28 3.55362e+06
Thế hệ thứ: 39
77 1.05926e+07
37 4.39874e+06
47 4.73211e+06
66 8.5523e+06
80 1.24594e+07
40 4.4285e+06
78 1.15615e+07
62 6.9476e+06
97 1.82449e+07
99 1.83341e+07
68 8.69517e+06
69 9.21828e+06
30 3.92367e+06
44 4.51643e+06
71 9.99641e+06
81 1.27969e+07
59 6.35006e+06
36 4.04848e+06
31 4.04296e+06
53 5.79037e+06
63 7.02756e+06
85 1.28979e+07
95 1.63933e+07
46 4.57465e+06
61 6.91256e+06
88 1.45231e+07
21 3.30952e+06
49 5.09145e+06
64 7.04484e+06
43 4.51613e+06
28 3.55362e+06
67 8.67912e+06
29 3.74558e+06
41 4.4295e+06
56 5.85937e+06
92 1.47994e+07
79 1.16494e+07
50 5.16605e+06
93 1.51489e+07
23 3.42077e+06
100 1.88096e+07
60 6.58826e+06
Thế hệ thứ: 40
29 3.74558e+06
47 4.73211e+06
77 1.05926e+07
37 4.39874e+06
80 1.24594e+07
40 4.4285e+06
66 8.5523e+06
93 1.51489e+07
23 3.42077e+06
41 4.4295e+06
78 1.15615e+07
62 6.9476e+06
99 1.83341e+07
97 1.82449e+07
69 9.21828e+06
30 3.92367e+06
68 8.69517e+06
44 4.51643e+06
100 1.88096e+07
60 6.58826e+06
71 9.99641e+06
81 1.27969e+07
36 4.04848e+06
59 6.35006e+06
56 5.85937e+06
31 4.04296e+06
53 5.79037e+06
92 1.47994e+07
63 7.02756e+06
85 1.28979e+07
79 1.16494e+07
46 4.57465e+06
95 1.63933e+07
61 6.91256e+06
88 1.45231e+07
50 5.16605e+06
21 3.30952e+06
49 5.09145e+06
64 7.04484e+06
28 3.55362e+06
67 8.67912e+06
82 1.28403e+07
43 4.51503e+06
Thế hệ thứ: 41
77 1.05926e+07
37 4.39874e+06
47 4.73211e+06
29 3.74558e+06
46 4.57465e+06
95 1.63933e+07
80 1.24594e+07
66 8.5523e+06
40 4.4285e+06
43 4.51503e+06
93 1.51489e+07
23 3.42077e+06
41 4.4295e+06
61 6.91256e+06
78 1.15615e+07
62 6.9476e+06
97 1.82449e+07
99 1.83341e+07
88 1.45231e+07
68 8.69517e+06
69 9.21828e+06
30 3.92367e+06
44 4.51643e+06
100 1.88096e+07
50 5.16605e+06
60 6.58826e+06
49 5.09145e+06
21 3.30952e+06
71 9.99641e+06
81 1.27969e+07
64 7.04484e+06
59 6.35006e+06
36 4.04848e+06
56 5.85937e+06
28 3.55362e+06
31 4.04296e+06
53 5.79037e+06
92 1.47994e+07
67 8.67912e+06
63 7.02756e+06
85 1.28979e+07
79 1.16494e+07
82 1.28403e+07
Thế hệ thứ: 42
29 3.74558e+06
47 4.73211e+06
77 1.05926e+07
37 4.39874e+06
64 7.04484e+06
85 1.28979e+07
79 1.16494e+07
36 4.04848e+06
59 6.35006e+06
95 1.63933e+07
46 4.57465e+06
66 8.5523e+06
80 1.24594e+07
40 4.4285e+06
99 1.83341e+07
97 1.82449e+07
43 4.51503e+06
23 3.42077e+06
93 1.51489e+07
82 1.28403e+07
41 4.4295e+06
56 5.85937e+06
61 6.91256e+06
78 1.15615e+07
62 6.9476e+06
28 3.55362e+06
31 4.04296e+06
88 1.45231e+07
53 5.79037e+06
69 9.21828e+06
30 3.92367e+06
68 8.69517e+06
44 4.51643e+06
100 1.88096e+07
50 5.16605e+06
92 1.47994e+07
67 8.67912e+06
60 6.58826e+06
21 3.30952e+06
49 5.09145e+06
63 7.02756e+06
71 9.99641e+06
81 1.27969e+07
Thế hệ thứ: 43
77 1.05926e+07
37 4.39874e+06
47 4.73211e+06
29 3.74558e+06
64 7.04484e+06
67 8.67912e+06
85 1.28979e+07
79 1.16494e+07
59 6.35006e+06
36 4.04848e+06
46 4.57465e+06
95 1.63933e+07
80 1.24594e+07
40 4.4285e+06
66 8.5523e+06
71 9.99641e+06
49 5.09145e+06
21 3.30952e+06
97 1.82449e+07
99 1.83341e+07
43 4.51503e+06
93 1.51489e+07
23 3.42077e+06
82 1.28403e+07
63 7.02756e+06
41 4.4295e+06
81 1.27969e+07
56 5.85937e+06
61 6.91256e+06
78 1.15615e+07
62 6.9476e+06
28 3.55362e+06
31 4.04296e+06
88 1.45231e+07
53 5.79037e+06
68 8.69517e+06
69 9.21828e+06
30 3.92367e+06
44 4.51643e+06
100 1.88096e+07
50 5.16605e+06
92 1.47994e+07
94 1.61001e+07
60 6.45456e+06
Thế hệ thứ: 44
29 3.74558e+06
47 4.73211e+06
77 1.05926e+07
37 4.39874e+06
64 7.04484e+06
67 8.67912e+06
58 6.28972e+06
60 6.45456e+06
53 5.79037e+06
85 1.28979e+07
79 1.16494e+07
36 4.04848e+06
59 6.35006e+06
97 1.82449e+07
99 1.83341e+07
95 1.63933e+07
46 4.57465e+06
80 1.24594e+07
66 8.5523e+06
40 4.4285e+06
68 8.69517e+06
30 3.92367e+06
71 9.99641e+06
21 3.30952e+06
49 5.09145e+06
43 4.51503e+06
23 3.42077e+06
93 1.51489e+07
82 1.28403e+07
63 7.02756e+06
41 4.4295e+06
44 4.51643e+06
100 1.88096e+07
81 1.27969e+07
56 5.85937e+06
61 6.91256e+06
78 1.15615e+07
62 6.9476e+06
50 5.16605e+06
28 3.55362e+06
31 4.04296e+06
92 1.47994e+07
94 1.61001e+07
88 1.45231e+07
69 9.20856e+06
Thế hệ thứ: 45
88 1.45231e+07
77 1.05926e+07
37 4.39874e+06
47 4.73211e+06
29 3.74558e+06
64 7.04484e+06
67 8.67912e+06
100 1.88096e+07
58 6.28972e+06
60 6.45456e+06
69 9.20856e+06
53 5.79037e+06
66 8.5523e+06
80 1.24594e+07
40 4.4285e+06
85 1.28979e+07
79 1.16494e+07
59 6.35006e+06
36 4.04848e+06
99 1.83341e+07
97 1.82449e+07
46 4.57465e+06
95 1.63933e+07
81 1.27969e+07
30 3.92367e+06
68 8.69517e+06
61 6.91256e+06
78 1.15615e+07
62 6.9476e+06
71 9.99641e+06
49 5.09145e+06
21 3.30952e+06
43 4.51503e+06
93 1.51489e+07
23 3.42077e+06
50 5.16605e+06
82 1.28403e+07
28 3.55362e+06
63 7.02756e+06
31 4.04296e+06
41 4.4295e+06
92 1.47994e+07
44 4.51643e+06
94 1.61001e+07
86 1.38411e+07
56 5.84836e+06
24 3.43321e+06
Thế hệ thứ: 46
29 3.74558e+06
47 4.73211e+06
77 1.05926e+07
37 4.39874e+06
86 1.38411e+07
88 1.45231e+07
64 7.04484e+06
67 8.67912e+06
100 1.88096e+07
50 5.16605e+06
58 6.28972e+06
60 6.45456e+06
69 9.20856e+06
79 1.16494e+07
85 1.28979e+07
24 3.43321e+06
82 1.28403e+07
53 5.79037e+06
40 4.4285e+06
66 8.5523e+06
28 3.55362e+06
63 7.02756e+06
31 4.04296e+06
41 4.4295e+06
92 1.47994e+07
36 4.04848e+06
59 6.35006e+06
97 1.82449e+07
99 1.83341e+07
95 1.63933e+07
46 4.57465e+06
44 4.51643e+06
68 8.69517e+06
30 3.92367e+06
94 1.61001e+07
61 6.91256e+06
78 1.15615e+07
62 6.9476e+06
71 9.99641e+06
56 5.84836e+06
21 3.30952e+06
49 5.09145e+06
43 4.51503e+06
23 3.42077e+06
93 1.51489e+07
81 1.22603e+07
Thế hệ thứ: 47
86 1.38411e+07
88 1.45231e+07
77 1.05926e+07
37 4.39874e+06
47 4.73211e+06
29 3.74558e+06
30 3.92367e+06
68 8.69517e+06
64 7.04484e+06
67 8.67912e+06
60 6.45456e+06
58 6.28972e+06
62 6.9476e+06
78 1.15615e+07
100 1.88096e+07
85 1.28979e+07
24 3.43321e+06
63 7.02756e+06
50 5.16605e+06
31 4.04296e+06
36 4.04848e+06
59 6.35006e+06
61 6.91256e+06
69 9.20856e+06
79 1.16494e+07
94 1.61001e+07
82 1.28403e+07
92 1.47994e+07
53 5.79037e+06
66 8.5523e+06
40 4.4285e+06
41 4.4295e+06
28 3.55362e+06
99 1.83341e+07
97 1.82449e+07
46 4.57465e+06
95 1.63933e+07
44 4.51643e+06
71 9.99641e+06
56 5.84836e+06
49 5.09145e+06
21 3.30952e+06
43 4.51503e+06
93 1.51489e+07
23 3.42077e+06
52 5.5633e+06
81 1.20058e+07
39 4.41202e+06
Thế hệ thứ: 48
67 8.67912e+06
29 3.74558e+06
47 4.73211e+06
77 1.05926e+07
37 4.39874e+06
86 1.38411e+07
88 1.45231e+07
43 4.51503e+06
68 8.69517e+06
30 3.92367e+06
39 4.41202e+06
21 3.30952e+06
66 8.5523e+06
40 4.4285e+06
41 4.4295e+06
60 6.45456e+06
58 6.28972e+06
56 5.84836e+06
62 6.9476e+06
78 1.15615e+07
100 1.88096e+07
24 3.43321e+06
85 1.28979e+07
63 7.02756e+06
71 9.99641e+06
28 3.55362e+06
50 5.16605e+06
31 4.04296e+06
59 6.35006e+06
36 4.04848e+06
61 6.91256e+06
69 9.20856e+06
79 1.16494e+07
81 1.20058e+07
44 4.51643e+06
94 1.61001e+07
46 4.57465e+06
95 1.63933e+07
99 1.83341e+07
97 1.82449e+07
82 1.28403e+07
92 1.47994e+07
53 5.79037e+06
23 3.42077e+06
93 1.51489e+07
49 5.07782e+06
52 5.5633e+06
64 7.04348e+06
Thế hệ thứ: 49
67 8.67912e+06
86 1.38411e+07
88 1.45231e+07
77 1.05926e+07
37 4.39874e+06
47 4.73211e+06
29 3.74558e+06
92 1.47994e+07
61 6.91256e+06
82 1.28403e+07
43 4.51503e+06
94 1.61001e+07
30 3.92367e+06
68 8.69517e+06
69 9.20856e+06
21 3.30952e+06
39 4.41202e+06
79 1.16494e+07
44 4.51643e+06
81 1.20058e+07
40 4.4285e+06
66 8.5523e+06
99 1.83341e+07
97 1.82449e+07
41 4.4295e+06
46 4.57465e+06
95 1.63933e+07
60 6.45456e+06
58 6.28972e+06
56 5.84836e+06
62 6.9476e+06
78 1.15615e+07
100 1.88096e+07
85 1.28979e+07
24 3.43321e+06
63 7.02756e+06
71 9.99641e+06
28 3.55362e+06
50 5.16605e+06
31 4.04296e+06
36 4.04848e+06
59 6.35006e+06
53 5.79037e+06
93 1.51489e+07
23 3.42077e+06
52 5.5633e+06
49 5.07782e+06
64 7.04348e+06
