Thế hệ thứ: 0
100 2.13621e+07
104 2.27092e+07
93 2.04545e+07
112 2.3348e+07
83 1.98039e+07
92 2.02275e+07
82 1.78254e+07
99 2.11137e+07
141 2.86013e+07
160 3.83634e+07
159 3.00818e+07
168 4.20609e+07
137 2.71228e+07
163 3.99717e+07
Thế hệ thứ: 1
129 2.68501e+07
104 2.27092e+07
93 2.04545e+07
159 3.00818e+07
99 2.11137e+07
83 1.98039e+07
92 2.02275e+07
100 2.13621e+07
112 2.3348e+07
82 1.78254e+07
137 2.71228e+07
167 3.73837e+07
164 3.7072e+07
175 4.3847e+07
162 3.34784e+07
160 3.20553e+07
128 2.64059e+07
169 4.07483e+07
172 4.20089e+07
170 4.10836e+07
141 2.85079e+07
Thế hệ thứ: 2
129 2.68501e+07
104 2.27092e+07
82 1.78254e+07
162 3.34784e+07
112 2.3348e+07
99 2.11137e+07
128 2.64059e+07
93 2.04545e+07
137 2.71228e+07
159 3.00818e+07
170 4.10836e+07
83 1.98039e+07
141 2.85079e+07
92 2.02275e+07
160 3.20553e+07
172 4.20089e+07
100 2.13621e+07
177 4.26555e+07
169 3.54416e+07
143 2.99809e+07
165 3.54261e+07
Thế hệ thứ: 3
128 2.64059e+07
99 2.11137e+07
129 2.68501e+07
104 2.27092e+07
159 3.00818e+07
169 3.54416e+07
82 1.78254e+07
162 3.34784e+07
137 2.71228e+07
178 4.48605e+07
177 4.26555e+07
112 2.3348e+07
151 2.95646e+07
165 3.54261e+07
100 2.13621e+07
141 2.85079e+07
83 1.98039e+07
93 2.04545e+07
160 3.20553e+07
170 3.832e+07
92 2.02275e+07
146 2.92926e+07
173 4.00705e+07
Thế hệ thứ: 4
82 1.78254e+07
128 2.64059e+07
99 2.11137e+07
93 2.04545e+07
129 2.68501e+07
104 2.27092e+07
151 2.95646e+07
170 3.832e+07
92 2.02275e+07
159 3.00818e+07
160 3.20553e+07
169 3.54416e+07
141 2.85079e+07
100 2.13621e+07
162 3.34784e+07
137 2.71228e+07
177 4.26555e+07
178 4.48605e+07
173 4.00705e+07
146 2.92926e+07
83 1.98039e+07
112 2.3348e+07
154 2.97717e+07
165 3.52214e+07
174 4.12801e+07
Thế hệ thứ: 5
82 1.78254e+07
177 4.26555e+07
178 4.48605e+07
128 2.64059e+07
99 2.11137e+07
151 2.95646e+07
129 2.68501e+07
104 2.27092e+07
93 2.04545e+07
169 3.54416e+07
112 2.3348e+07
92 2.02275e+07
159 3.00818e+07
160 3.20553e+07
146 2.92926e+07
83 1.98039e+07
141 2.85079e+07
100 2.13621e+07
154 2.97717e+07
137 2.71228e+07
174 3.64912e+07
165 3.34233e+07
145 2.8855e+07
123 2.63736e+07
Thế hệ thứ: 6
151 2.95646e+07
123 2.63736e+07
159 3.00818e+07
82 1.78254e+07
128 2.64059e+07
99 2.11137e+07
177 4.26555e+07
178 4.48605e+07
154 2.97717e+07
137 2.71228e+07
104 2.27092e+07
129 2.68501e+07
160 3.20553e+07
83 1.98039e+07
92 2.02275e+07
93 2.04545e+07
169 3.54416e+07
141 2.85079e+07
112 2.3348e+07
100 2.13621e+07
145 2.8855e+07
174 3.64912e+07
166 3.31127e+07
175 3.68733e+07
147 2.91981e+07
Thế hệ thứ: 7
178 4.48605e+07
93 2.04545e+07
159 3.00818e+07
123 2.63736e+07
151 2.95646e+07
82 1.78254e+07
177 3.84031e+07
169 3.54416e+07
141 2.85079e+07
99 2.11137e+07
128 2.64059e+07
174 3.64912e+07
166 3.31127e+07
137 2.71228e+07
154 2.97717e+07
129 2.68501e+07
104 2.27092e+07
112 2.3348e+07
83 1.98039e+07
100 2.13621e+07
175 3.68733e+07
92 2.02275e+07
145 2.8855e+07
147 2.91981e+07
162 3.16028e+07
Thế hệ thứ: 8
123 2.63736e+07
159 3.00818e+07
93 2.04545e+07
151 2.95646e+07
137 2.71228e+07
154 2.97717e+07
145 2.8855e+07
178 4.48605e+07
177 3.84031e+07
169 3.54416e+07
162 3.16028e+07
104 2.27092e+07
129 2.68501e+07
83 1.98039e+07
166 3.31127e+07
82 1.78254e+07
100 2.13621e+07
141 2.85079e+07
128 2.64059e+07
99 2.11137e+07
147 2.91981e+07
92 2.02275e+07
175 3.68733e+07
174 3.64912e+07
112 2.3348e+07
164 3.17221e+07
Thế hệ thứ: 9
151 2.95646e+07
93 2.04545e+07
123 2.63736e+07
159 3.00818e+07
128 2.64059e+07
99 2.11137e+07
112 2.3348e+07
154 2.97717e+07
137 2.71228e+07
145 2.8855e+07
147 2.91981e+07
162 3.16028e+07
177 3.84031e+07
169 3.54416e+07
129 2.68501e+07
104 2.27092e+07
164 3.17221e+07
83 1.98039e+07
166 3.31127e+07
175 3.68733e+07
92 2.02275e+07
82 1.78254e+07
165 3.2696e+07
100 2.13621e+07
141 2.85079e+07
174 3.64912e+07
178 4.07255e+07
155 2.99862e+07
179 4.52126e+07
138 2.80084e+07
Thế hệ thứ: 10
159 3.00818e+07
123 2.63736e+07
93 2.04545e+07
179 4.52126e+07
138 2.80084e+07
151 2.95646e+07
104 2.27092e+07
129 2.68501e+07
167 3.22852e+07
174 3.64912e+07
83 1.98039e+07
99 2.11137e+07
128 2.64059e+07
178 4.07255e+07
92 2.02275e+07
175 3.68733e+07
112 2.3348e+07
137 2.71228e+07
154 2.97717e+07
145 2.8855e+07
147 2.91981e+07
82 1.78254e+07
100 2.13621e+07
177 3.84031e+07
169 3.54416e+07
162 3.16028e+07
141 2.85079e+07
155 2.99862e+07
164 3.17221e+07
148 2.95216e+07
168 3.44939e+07
Thế hệ thứ: 11
92 2.02275e+07
151 2.95646e+07
138 2.80084e+07
93 2.04545e+07
159 3.00818e+07
123 2.63736e+07
145 2.8855e+07
155 2.99862e+07
147 2.91981e+07
129 2.68501e+07
104 2.27092e+07
82 1.78254e+07
167 3.22852e+07
174 3.64912e+07
83 1.98039e+07
164 3.17221e+07
100 2.13621e+07
162 3.16028e+07
169 3.54416e+07
128 2.64059e+07
99 2.11137e+07
178 4.07255e+07
148 2.95216e+07
141 2.85079e+07
112 2.3348e+07
168 3.44939e+07
154 2.97717e+07
137 2.71228e+07
177 3.66627e+07
187 4.16883e+07
Thế hệ thứ: 12
145 2.8855e+07
178 4.07255e+07
162 3.16028e+07
92 2.02275e+07
151 2.95646e+07
138 2.80084e+07
128 2.64059e+07
99 2.11137e+07
93 2.04545e+07
137 2.71228e+07
154 2.97717e+07
159 3.00818e+07
123 2.63736e+07
164 3.17221e+07
155 2.99862e+07
147 2.91981e+07
104 2.27092e+07
129 2.68501e+07
82 1.78254e+07
148 2.95216e+07
167 3.22852e+07
174 3.64912e+07
141 2.85079e+07
83 1.98039e+07
177 3.66627e+07
100 2.13621e+07
173 3.49544e+07
168 3.44939e+07
112 2.3348e+07
187 4.16883e+07
Thế hệ thứ: 13
100 2.13621e+07
82 1.78254e+07
178 4.07255e+07
173 3.49544e+07
112 2.3348e+07
148 2.95216e+07
92 2.02275e+07
138 2.80084e+07
151 2.95646e+07
99 2.11137e+07
128 2.64059e+07
93 2.04545e+07
167 3.22852e+07
174 3.64912e+07
154 2.97717e+07
137 2.71228e+07
159 3.00818e+07
123 2.63736e+07
164 3.17221e+07
155 2.99862e+07
187 4.16883e+07
83 1.98039e+07
129 2.68501e+07
104 2.27092e+07
177 3.66627e+07
147 2.84979e+07
170 3.40569e+07
162 3.12768e+07
Thế hệ thứ: 14
167 3.22852e+07
100 2.13621e+07
83 1.98039e+07
177 3.66627e+07
154 2.97717e+07
137 2.71228e+07
159 3.00818e+07
123 2.63736e+07
82 1.78254e+07
178 4.07255e+07
129 2.68501e+07
104 2.27092e+07
112 2.3348e+07
173 3.49544e+07
148 2.95216e+07
164 3.17221e+07
92 2.02275e+07
138 2.80084e+07
151 2.95646e+07
99 2.11137e+07
128 2.64059e+07
147 2.84979e+07
162 3.12768e+07
170 3.40569e+07
155 2.99862e+07
93 2.04545e+07
187 4.16883e+07
176 3.548e+07
Thế hệ thứ: 15
92 2.02275e+07
100 2.13621e+07
167 3.22852e+07
138 2.80084e+07
151 2.95646e+07
83 1.98039e+07
187 4.16883e+07
177 3.66627e+07
128 2.64059e+07
99 2.11137e+07
137 2.71228e+07
154 2.97717e+07
159 3.00818e+07
123 2.63736e+07
176 3.548e+07
82 1.78254e+07
178 4.07255e+07
104 2.27092e+07
129 2.68501e+07
147 2.84979e+07
162 3.12768e+07
93 2.04545e+07
173 3.49544e+07
112 2.3348e+07
155 2.99862e+07
170 3.40569e+07
148 2.95216e+07
164 3.17221e+07
Thế hệ thứ: 16
83 1.98039e+07
128 2.64059e+07
99 2.11137e+07
92 2.02275e+07
167 3.22852e+07
100 2.13621e+07
138 2.80084e+07
151 2.95646e+07
187 4.16883e+07
164 3.17221e+07
93 2.04545e+07
170 3.40569e+07
155 2.99862e+07
154 2.97717e+07
137 2.71228e+07
112 2.3348e+07
159 3.00818e+07
123 2.63736e+07
82 1.78254e+07
178 4.07255e+07
148 2.95216e+07
129 2.68501e+07
104 2.27092e+07
147 2.84979e+07
177 3.61622e+07
118 2.60043e+07
163 3.11575e+07
176 3.47471e+07
Thế hệ thứ: 17
128 2.64059e+07
99 2.11137e+07
83 1.98039e+07
159 3.00818e+07
123 2.63736e+07
129 2.68501e+07
104 2.27092e+07
92 2.02275e+07
167 3.22852e+07
100 2.13621e+07
147 2.84979e+07
151 2.95646e+07
138 2.80084e+07
187 4.16883e+07
176 3.47471e+07
177 3.61622e+07
164 3.17221e+07
82 1.78254e+07
178 4.07255e+07
93 2.04545e+07
112 2.3348e+07
163 3.11575e+07
155 2.99862e+07
137 2.71228e+07
154 2.97717e+07
148 2.95216e+07
118 2.60043e+07
173 3.37446e+07
Thế hệ thứ: 18
83 1.98039e+07
128 2.64059e+07
99 2.11137e+07
159 3.00818e+07
123 2.63736e+07
137 2.71228e+07
154 2.97717e+07
112 2.3348e+07
163 3.11575e+07
104 2.27092e+07
129 2.68501e+07
92 2.02275e+07
167 3.22852e+07
100 2.13621e+07
147 2.84979e+07
138 2.80084e+07
151 2.95646e+07
187 4.16883e+07
176 3.47471e+07
173 3.37446e+07
177 3.61622e+07
164 3.17221e+07
82 1.78254e+07
178 4.07255e+07
155 2.99862e+07
148 2.95216e+07
118 2.60043e+07
93 2.04545e+07
130 2.69914e+07
174 3.41189e+07
Thế hệ thứ: 19
128 2.64059e+07
99 2.11137e+07
83 1.98039e+07
130 2.69914e+07
159 3.00818e+07
123 2.63736e+07
155 2.99862e+07
154 2.97717e+07
137 2.71228e+07
174 3.41189e+07
112 2.3348e+07
163 3.11575e+07
93 2.04545e+07
129 2.68501e+07
104 2.27092e+07
92 2.02275e+07
167 3.22852e+07
100 2.13621e+07
148 2.95216e+07
147 2.84979e+07
151 2.95646e+07
138 2.80084e+07
187 4.16883e+07
118 2.60043e+07
176 3.47471e+07
173 3.37446e+07
179 4.04072e+07
164 3.17221e+07
82 1.78254e+07
149 2.95218e+07
165 3.18514e+07
177 3.48974e+07
Thế hệ thứ: 20
82 1.78254e+07
83 1.98039e+07
128 2.64059e+07
99 2.11137e+07
174 3.41189e+07
159 3.00818e+07
123 2.63736e+07
130 2.69914e+07
179 4.04072e+07
164 3.17221e+07
163 3.11575e+07
112 2.3348e+07
104 2.27092e+07
129 2.68501e+07
100 2.13621e+07
155 2.99862e+07
93 2.04545e+07
137 2.71228e+07
154 2.97717e+07
92 2.02275e+07
167 3.22852e+07
148 2.95216e+07
147 2.84979e+07
151 2.95646e+07
187 4.16883e+07
118 2.60043e+07
149 2.95218e+07
173 3.37446e+07
165 3.18514e+07
178 3.46411e+07
138 2.75417e+07
Thế hệ thứ: 21
137 2.71228e+07
82 1.78254e+07
174 3.41189e+07
128 2.64059e+07
99 2.11137e+07
83 1.98039e+07
159 3.00818e+07
123 2.63736e+07
130 2.69914e+07
92 2.02275e+07
164 3.17221e+07
179 4.04072e+07
167 3.22852e+07
147 2.84979e+07
112 2.3348e+07
163 3.11575e+07
187 4.16883e+07
129 2.68501e+07
104 2.27092e+07
118 2.60043e+07
100 2.13621e+07
155 2.91915e+07
173 3.37446e+07
93 2.04545e+07
165 3.18514e+07
178 3.46411e+07
138 2.75417e+07
160 3.07016e+07
Thế hệ thứ: 22
187 4.16883e+07
128 2.64059e+07
99 2.11137e+07
112 2.3348e+07
163 3.11575e+07
129 2.68501e+07
104 2.27092e+07
137 2.71228e+07
178 3.46411e+07
138 2.75417e+07
160 3.07016e+07
82 1.78254e+07
174 3.41189e+07
147 2.84979e+07
83 1.98039e+07
159 3.00818e+07
123 2.63736e+07
118 2.60043e+07
130 2.69914e+07
100 2.13621e+07
92 2.02275e+07
179 4.04072e+07
164 3.17221e+07
173 3.37446e+07
155 2.91915e+07
167 3.22852e+07
93 2.04545e+07
165 3.18514e+07
Thế hệ thứ: 23
128 2.64059e+07
99 2.11137e+07
187 4.16883e+07
83 1.98039e+07
163 3.11575e+07
112 2.3348e+07
118 2.60043e+07
130 2.69914e+07
100 2.13621e+07
104 2.27092e+07
129 2.68501e+07
165 3.18514e+07
92 2.02275e+07
137 2.71228e+07
178 3.46411e+07
164 3.17221e+07
179 4.04072e+07
138 2.75417e+07
160 3.07016e+07
93 2.04545e+07
155 2.91915e+07
173 3.37446e+07
82 1.78254e+07
174 3.41189e+07
147 2.84979e+07
123 2.63736e+07
167 3.22852e+07
159 3.00108e+07
Thế hệ thứ: 24
83 1.98039e+07
187 4.16883e+07
128 2.64059e+07
99 2.11137e+07
147 2.84979e+07
118 2.60043e+07
163 3.11575e+07
112 2.3348e+07
130 2.69914e+07
100 2.13621e+07
93 2.04545e+07
129 2.68501e+07
104 2.27092e+07
123 2.63736e+07
165 3.18514e+07
173 3.37446e+07
155 2.91915e+07
92 2.02275e+07
82 1.78254e+07
137 2.71228e+07
178 3.46411e+07
164 3.17221e+07
167 3.22852e+07
174 3.41189e+07
159 3.00108e+07
138 2.75417e+07
160 3.07016e+07
180 4.02685e+07
Thế hệ thứ: 25
138 2.75417e+07
100 2.13621e+07
128 2.64059e+07
99 2.11137e+07
187 4.16883e+07
83 1.98039e+07
147 2.84979e+07
92 2.02275e+07
118 2.60043e+07
112 2.3348e+07
163 3.11575e+07
130 2.69914e+07
155 2.91915e+07
180 4.02685e+07
173 3.37446e+07
82 1.78254e+07
93 2.04545e+07
104 2.27092e+07
129 2.68501e+07
160 3.07016e+07
123 2.63736e+07
137 2.71228e+07
165 3.18514e+07
174 3.41189e+07
164 3.17221e+07
167 3.22852e+07
178 3.46411e+07
159 3.00108e+07
Thế hệ thứ: 26
82 1.78254e+07
100 2.13621e+07
138 2.75417e+07
187 4.16883e+07
99 2.11137e+07
128 2.64059e+07
104 2.27092e+07
129 2.68501e+07
160 3.07016e+07
167 3.22852e+07
83 1.98039e+07
165 3.18514e+07
147 2.84979e+07
123 2.63736e+07
174 3.41189e+07
92 2.02275e+07
118 2.60043e+07
163 3.11575e+07
112 2.3348e+07
159 3.00108e+07
130 2.69914e+07
164 3.17221e+07
173 3.37446e+07
180 4.02685e+07
155 2.91915e+07
178 3.46411e+07
137 2.71228e+07
93 2.04545e+07
Thế hệ thứ: 27
82 1.78254e+07
138 2.75417e+07
100 2.13621e+07
92 2.02275e+07
173 3.37446e+07
155 2.91915e+07
128 2.64059e+07
99 2.11137e+07
187 4.16883e+07
118 2.60043e+07
112 2.3348e+07
163 3.11575e+07
129 2.68501e+07
104 2.27092e+07
160 3.07016e+07
178 3.46411e+07
167 3.22852e+07
83 1.98039e+07
159 3.00108e+07
130 2.69914e+07
137 2.71228e+07
165 3.18514e+07
147 2.84979e+07
164 3.17221e+07
93 2.04545e+07
123 2.63736e+07
174 3.41189e+07
183 3.94504e+07
139 2.80901e+07
177 3.45798e+07
Thế hệ thứ: 28
159 3.00108e+07
173 3.37446e+07
155 2.91915e+07
82 1.78254e+07
93 2.04545e+07
130 2.69914e+07
100 2.13621e+07
138 2.75417e+07
183 3.94504e+07
92 2.02275e+07
137 2.71228e+07
139 2.80901e+07
129 2.68501e+07
104 2.27092e+07
128 2.64059e+07
99 2.11137e+07
123 2.63736e+07
165 3.18514e+07
147 2.84979e+07
187 4.16883e+07
118 2.60043e+07
164 3.17221e+07
163 3.11575e+07
112 2.3348e+07
160 3.07016e+07
178 3.46411e+07
167 3.22852e+07
83 1.98039e+07
176 3.41901e+07
177 3.45798e+07
174 3.38416e+07
148 2.85484e+07
Thế hệ thứ: 29
173 3.37446e+07
155 2.91915e+07
159 3.00108e+07
165 3.18514e+07
82 1.78254e+07
147 2.84979e+07
187 4.16883e+07
118 2.60043e+07
167 3.22852e+07
93 2.04545e+07
130 2.69914e+07
100 2.13621e+07
164 3.17221e+07
138 2.75417e+07
183 3.94504e+07
176 3.41901e+07
177 3.45798e+07
92 2.02275e+07
112 2.3348e+07
163 3.11575e+07
174 3.38416e+07
148 2.85484e+07
137 2.71228e+07
139 2.80901e+07
104 2.27092e+07
129 2.68501e+07
83 1.98039e+07
128 2.64059e+07
99 2.11137e+07
160 3.07016e+07
123 2.63736e+07
178 3.46411e+07
Thế hệ thứ: 30
165 3.18514e+07
159 3.00108e+07
173 3.37446e+07
155 2.91915e+07
104 2.27092e+07
148 2.85484e+07
174 3.38416e+07
83 1.98039e+07
82 1.78254e+07
147 2.84979e+07
187 4.16883e+07
128 2.64059e+07
99 2.11137e+07
137 2.71228e+07
118 2.60043e+07
167 3.22852e+07
178 3.46411e+07
139 2.80901e+07
93 2.04545e+07
100 2.13621e+07
164 3.17221e+07
123 2.63736e+07
138 2.75417e+07
183 3.94504e+07
177 3.45798e+07
176 3.41901e+07
92 2.02275e+07
112 2.3348e+07
163 3.02219e+07
133 2.6812e+07
Thế hệ thứ: 31
139 2.80901e+07
176 3.41901e+07
177 3.45798e+07
128 2.64059e+07
99 2.11137e+07
165 3.18514e+07
93 2.04545e+07
163 3.02219e+07
159 3.00108e+07
100 2.13621e+07
164 3.17221e+07
155 2.91915e+07
173 3.37446e+07
104 2.27092e+07
123 2.63736e+07
174 3.38416e+07
148 2.85484e+07
83 1.98039e+07
138 2.75417e+07
82 1.78254e+07
147 2.84979e+07
187 4.16883e+07
112 2.3348e+07
183 3.94504e+07
92 2.02275e+07
133 2.6812e+07
178 3.46411e+07
137 2.71228e+07
118 2.60043e+07
167 3.22852e+07
Thế hệ thứ: 32
128 2.64059e+07
99 2.11137e+07
176 3.41901e+07
177 3.45798e+07
139 2.80901e+07
104 2.27092e+07
165 3.18514e+07
167 3.22852e+07
93 2.04545e+07
174 3.38416e+07
148 2.85484e+07
83 1.98039e+07
138 2.75417e+07
163 3.02219e+07
159 3.00108e+07
100 2.13621e+07
164 3.17221e+07
123 2.63736e+07
173 3.37446e+07
155 2.91915e+07
82 1.78254e+07
147 2.84979e+07
187 4.16883e+07
112 2.3348e+07
92 2.02275e+07
133 2.6812e+07
178 3.46411e+07
168 3.26434e+07
137 2.71228e+07
118 2.60043e+07
186 3.78689e+07
Thế hệ thứ: 33
139 2.80901e+07
176 3.41901e+07
177 3.45798e+07
128 2.64059e+07
99 2.11137e+07
104 2.27092e+07
123 2.63736e+07
186 3.78689e+07
92 2.02275e+07
167 3.22852e+07
155 2.91915e+07
173 3.37446e+07
93 2.04545e+07
148 2.85484e+07
174 3.38416e+07
133 2.6812e+07
83 1.98039e+07
82 1.78254e+07
147 2.84979e+07
187 4.16883e+07
138 2.75417e+07
178 3.46411e+07
163 3.02219e+07
112 2.3348e+07
159 3.00108e+07
100 2.13621e+07
164 3.17221e+07
118 2.60043e+07
137 2.71228e+07
168 3.26434e+07
171 3.30721e+07
165 3.17657e+07
Thế hệ thứ: 34
128 2.64059e+07
99 2.11137e+07
176 3.41901e+07
139 2.80901e+07
171 3.30721e+07
112 2.3348e+07
82 1.78254e+07
137 2.71228e+07
168 3.26434e+07
104 2.27092e+07
147 2.84979e+07
187 4.16883e+07
155 2.91915e+07
173 3.37446e+07
164 3.17221e+07
123 2.63736e+07
186 3.78689e+07
138 2.75417e+07
92 2.02275e+07
178 3.46411e+07
167 3.22852e+07
159 3.00108e+07
118 2.60043e+07
163 3.02219e+07
100 2.13621e+07
93 2.04545e+07
174 3.38416e+07
148 2.85484e+07
133 2.6812e+07
83 1.98039e+07
165 3.17657e+07
158 2.98524e+07
184 3.77753e+07
177 3.43098e+07
Thế hệ thứ: 35
112 2.3348e+07
176 3.41901e+07
128 2.64059e+07
99 2.11137e+07
83 1.98039e+07
100 2.13621e+07
159 3.00108e+07
165 3.17657e+07
139 2.80901e+07
171 3.30721e+07
118 2.60043e+07
155 2.91915e+07
173 3.37446e+07
163 3.02219e+07
82 1.78254e+07
168 3.26434e+07
137 2.71228e+07
93 2.04545e+07
104 2.27092e+07
147 2.84979e+07
148 2.85484e+07
174 3.38416e+07
187 4.16883e+07
133 2.6812e+07
158 2.98524e+07
164 3.17221e+07
167 3.22852e+07
123 2.63736e+07
184 3.77753e+07
186 3.78689e+07
138 2.75417e+07
92 2.02275e+07
178 3.46411e+07
177 3.42548e+07
172 3.36296e+07
180 3.53466e+07
Thế hệ thứ: 36
167 3.22852e+07
100 2.13621e+07
112 2.3348e+07
104 2.27092e+07
99 2.11137e+07
176 3.41901e+07
147 2.84979e+07
174 3.38416e+07
148 2.85484e+07
83 1.98039e+07
164 3.17221e+07
184 3.77753e+07
159 3.00108e+07
165 3.17657e+07
139 2.80901e+07
187 4.16883e+07
171 3.30721e+07
180 3.53466e+07
173 3.37446e+07
172 3.36296e+07
155 2.91915e+07
177 3.42548e+07
163 3.02219e+07
178 3.46411e+07
92 2.02275e+07
82 1.78254e+07
137 2.71228e+07
168 3.26434e+07
138 2.75417e+07
186 3.78689e+07
133 2.6812e+07
93 2.04545e+07
158 2.98524e+07
130 2.54982e+07
Thế hệ thứ: 37
100 2.13621e+07
133 2.6812e+07
167 3.22852e+07
104 2.27092e+07
93 2.04545e+07
112 2.3348e+07
180 3.53466e+07
130 2.54982e+07
155 2.91915e+07
172 3.36296e+07
173 3.37446e+07
158 2.98524e+07
99 2.11137e+07
184 3.77753e+07
177 3.42548e+07
163 3.02219e+07
176 3.41901e+07
147 2.84979e+07
174 3.38416e+07
148 2.85484e+07
178 3.46411e+07
83 1.98039e+07
164 3.17221e+07
92 2.02275e+07
82 1.78254e+07
159 3.00108e+07
165 3.17657e+07
168 3.26434e+07
137 2.71228e+07
139 2.80901e+07
187 4.16883e+07
171 3.30721e+07
138 2.75417e+07
186 3.78689e+07
Thế hệ thứ: 38
138 2.75417e+07
167 3.22852e+07
133 2.6812e+07
100 2.13621e+07
174 3.38416e+07
148 2.85484e+07
93 2.04545e+07
104 2.27092e+07
112 2.3348e+07
178 3.46411e+07
171 3.30721e+07
168 3.26434e+07
137 2.71228e+07
83 1.98039e+07
180 3.53466e+07
173 3.37446e+07
172 3.36296e+07
155 2.91915e+07
130 2.54982e+07
139 2.80901e+07
158 2.98524e+07
186 3.78689e+07
99 2.11137e+07
164 3.17221e+07
92 2.02275e+07
82 1.78254e+07
159 3.00108e+07
184 3.77753e+07
177 3.42548e+07
187 4.16883e+07
163 3.02219e+07
165 3.17657e+07
176 3.41901e+07
147 2.84979e+07
Thế hệ thứ: 39
100 2.13621e+07
133 2.6812e+07
167 3.22852e+07
138 2.75417e+07
187 4.16883e+07
165 3.17657e+07
174 3.38416e+07
148 2.85484e+07
147 2.84979e+07
99 2.11137e+07
93 2.04545e+07
176 3.41901e+07
164 3.17221e+07
92 2.02275e+07
104 2.27092e+07
163 3.02219e+07
112 2.3348e+07
178 3.46411e+07
82 1.78254e+07
171 3.30721e+07
137 2.71228e+07
168 3.26434e+07
159 3.00108e+07
83 1.98039e+07
184 3.77753e+07
177 3.42548e+07
180 3.53466e+07
130 2.54982e+07
155 2.91915e+07
172 3.36296e+07
173 3.37446e+07
139 2.80901e+07
158 2.98524e+07
186 3.78689e+07
Thế hệ thứ: 40
138 2.75417e+07
133 2.6812e+07
100 2.13621e+07
137 2.71228e+07
168 3.26434e+07
187 4.16883e+07
174 3.38416e+07
148 2.85484e+07
159 3.00108e+07
147 2.84979e+07
177 3.42548e+07
99 2.11137e+07
83 1.98039e+07
155 2.91915e+07
173 3.37446e+07
130 2.54982e+07
139 2.80901e+07
93 2.04545e+07
176 3.41901e+07
158 2.98524e+07
186 3.78689e+07
92 2.02275e+07
184 3.77753e+07
104 2.27092e+07
163 3.02219e+07
180 3.53466e+07
112 2.3348e+07
178 3.46411e+07
82 1.78254e+07
171 3.30721e+07
167 3.13175e+07
172 3.3625e+07
Thế hệ thứ: 41
100 2.13621e+07
133 2.6812e+07
138 2.75417e+07
173 3.37446e+07
155 2.91915e+07
130 2.54982e+07
137 2.71228e+07
168 3.26434e+07
180 3.53466e+07
187 4.16883e+07
139 2.80901e+07
148 2.85484e+07
174 3.38416e+07
184 3.77753e+07
172 3.3625e+07
159 3.00108e+07
147 2.84979e+07
177 3.42548e+07
92 2.02275e+07
93 2.04545e+07
99 2.11137e+07
186 3.78689e+07
176 3.41901e+07
83 1.98039e+07
158 2.98524e+07
104 2.27092e+07
163 3.02219e+07
112 2.3348e+07
178 3.46411e+07
82 1.78254e+07
171 3.30721e+07
167 3.13175e+07
182 3.6902e+07
Thế hệ thứ: 42
138 2.75417e+07
133 2.6812e+07
100 2.13621e+07
173 3.37446e+07
155 2.91915e+07
130 2.54982e+07
176 3.41901e+07
82 1.78254e+07
168 3.26434e+07
137 2.71228e+07
83 1.98039e+07
171 3.30721e+07
177 3.42548e+07
180 3.53466e+07
187 4.16883e+07
158 2.98524e+07
182 3.6902e+07
139 2.80901e+07
148 2.85484e+07
184 3.77753e+07
159 3.00108e+07
172 3.3625e+07
147 2.84979e+07
104 2.27092e+07
92 2.02275e+07
163 3.02219e+07
93 2.04545e+07
99 2.11137e+07
167 3.13175e+07
112 2.3348e+07
186 3.78689e+07
178 3.46411e+07
174 3.38146e+07
Thế hệ thứ: 43
100 2.13621e+07
133 2.6812e+07
138 2.75417e+07
186 3.78689e+07
130 2.54982e+07
173 3.37446e+07
155 2.91915e+07
159 3.00108e+07
172 3.3625e+07
158 2.98524e+07
163 3.02219e+07
182 3.6902e+07
82 1.78254e+07
137 2.71228e+07
168 3.26434e+07
139 2.80901e+07
83 1.98039e+07
171 3.30721e+07
148 2.85484e+07
92 2.02275e+07
184 3.77753e+07
180 3.53466e+07
104 2.27092e+07
174 3.38146e+07
147 2.84979e+07
187 4.16883e+07
112 2.3348e+07
93 2.04545e+07
99 2.11137e+07
177 3.41623e+07
167 3.13175e+07
178 3.46411e+07
Thế hệ thứ: 44
167 3.13175e+07
177 3.41623e+07
159 3.00108e+07
138 2.75417e+07
133 2.6812e+07
100 2.13621e+07
180 3.53466e+07
186 3.78689e+07
104 2.27092e+07
155 2.91915e+07
130 2.54982e+07
83 1.98039e+07
158 2.98524e+07
163 3.02219e+07
182 3.6902e+07
147 2.84979e+07
112 2.3348e+07
82 1.78254e+07
137 2.71228e+07
139 2.80901e+07
187 4.16883e+07
93 2.04545e+07
178 3.46411e+07
148 2.85484e+07
92 2.02275e+07
184 3.77753e+07
99 2.11137e+07
174 3.22009e+07
Thế hệ thứ: 45
178 3.46411e+07
174 3.22009e+07
180 3.53466e+07
159 3.00108e+07
167 3.13175e+07
177 3.41623e+07
138 2.75417e+07
112 2.3348e+07
104 2.27092e+07
133 2.6812e+07
100 2.13621e+07
82 1.78254e+07
137 2.71228e+07
182 3.6902e+07
186 3.78689e+07
139 2.80901e+07
187 4.16883e+07
130 2.54982e+07
155 2.91915e+07
93 2.04545e+07
83 1.98039e+07
158 2.98524e+07
163 3.02219e+07
99 2.11137e+07
148 2.85484e+07
147 2.84979e+07
92 2.02275e+07
184 3.77753e+07
Thế hệ thứ: 46
138 2.75417e+07
180 3.53466e+07
178 3.46411e+07
174 3.22009e+07
184 3.77753e+07
187 4.16883e+07
182 3.6902e+07
155 2.91915e+07
130 2.54982e+07
159 3.00108e+07
177 3.41623e+07
167 3.13175e+07
147 2.84979e+07
93 2.04545e+07
112 2.3348e+07
83 1.98039e+07
104 2.27092e+07
158 2.98524e+07
133 2.6812e+07
163 3.02219e+07
100 2.13621e+07
82 1.78254e+07
148 2.85484e+07
137 2.71228e+07
99 2.11137e+07
92 2.02275e+07
186 3.78689e+07
139 2.80901e+07
169 3.1456e+07
Thế hệ thứ: 47
146 2.8137e+07
100 2.13621e+07
138 2.75417e+07
177 3.41623e+07
167 3.13175e+07
158 2.97584e+07
163 3.02219e+07
104 2.27092e+07
174 3.22009e+07
178 3.46411e+07
180 3.53466e+07
184 3.77753e+07
187 4.16883e+07
147 2.84979e+07
182 3.6902e+07
93 2.04545e+07
133 2.6812e+07
83 1.98039e+07
130 2.54982e+07
155 2.91915e+07
112 2.3348e+07
159 3.00108e+07
82 1.78254e+07
148 2.85484e+07
137 2.71228e+07
99 2.11137e+07
92 2.02275e+07
186 3.78689e+07
139 2.80901e+07
169 3.1456e+07
175 3.39713e+07
Thế hệ thứ: 48
138 2.75417e+07
100 2.13621e+07
146 2.8137e+07
177 3.41623e+07
167 3.13175e+07
92 2.02275e+07
158 2.97584e+07
163 3.02219e+07
104 2.27092e+07
178 3.46411e+07
174 3.22009e+07
82 1.78254e+07
147 2.84979e+07
180 3.53466e+07
130 2.54982e+07
155 2.91915e+07
184 3.77753e+07
182 3.6902e+07
93 2.04545e+07
187 4.16883e+07
133 2.6812e+07
83 1.98039e+07
112 2.3348e+07
159 3.00108e+07
169 3.1456e+07
186 3.78689e+07
148 2.85484e+07
137 2.71228e+07
139 2.80901e+07
99 2.11137e+07
175 3.36576e+07
Thế hệ thứ: 49
174 3.22009e+07
178 3.46411e+07
146 2.8137e+07
100 2.13621e+07
138 2.75417e+07
83 1.98039e+07
139 2.80901e+07
177 3.41623e+07
167 3.13175e+07
92 2.02275e+07
163 3.02219e+07
158 2.97584e+07
104 2.27092e+07
82 1.78254e+07
112 2.3348e+07
147 2.84979e+07
159 3.00108e+07
183 3.73207e+07
180 3.53466e+07
99 2.11137e+07
155 2.91915e+07
130 2.54982e+07
184 3.77753e+07
175 3.36576e+07
169 3.1456e+07
93 2.04545e+07
186 3.78689e+07
187 4.16883e+07
148 2.85484e+07
137 2.71228e+07
133 2.6812e+07
182 3.66403e+07
173 3.21305e+07
Thế hệ thứ: 50
100 2.13621e+07
104 2.27092e+07
112 2.3348e+07
93 2.04545e+07
92 2.02275e+07
83 1.98039e+07
82 1.78254e+07
99 2.11137e+07
