Thế hệ thứ: 0
48 7.48725e+06
42 6.8119e+06
38 4.93196e+06
40 6.64606e+06
82 1.69293e+07
59 1.23086e+07
86 1.96659e+07
39 5.18798e+06
44 7.31234e+06
104 2.18991e+07
133 3.14399e+07
78 1.6892e+07
169 3.9551e+07
120 2.76943e+07
159 3.5671e+07
126 2.81559e+07
143 3.51647e+07
141 3.47149e+07
95 2.11563e+07
111 2.42682e+07
134 3.43082e+07
Thế hệ thứ: 1
141 3.47149e+07
134 3.43082e+07
120 2.76943e+07
48 7.48725e+06
38 4.93196e+06
82 1.69293e+07
159 3.5671e+07
78 1.6892e+07
143 3.51647e+07
126 2.81559e+07
169 3.9551e+07
42 6.8119e+06
133 3.14399e+07
104 2.18991e+07
40 6.64606e+06
44 7.31234e+06
111 2.40093e+07
39 5.18798e+06
94 1.91398e+07
74 1.60653e+07
50 8.24119e+06
69 1.50655e+07
64 1.2059e+07
98 2.05894e+07
112 2.62623e+07
106 2.36402e+07
55 8.34556e+06
Thế hệ thứ: 2
111 2.40093e+07
39 5.18798e+06
38 4.93196e+06
69 1.18843e+07
106 2.36402e+07
104 2.18991e+07
40 6.64606e+06
134 3.43082e+07
141 3.47149e+07
57 9.48379e+06
169 3.9551e+07
44 7.31234e+06
48 7.48725e+06
55 8.34556e+06
94 1.91398e+07
50 8.24119e+06
74 1.4215e+07
82 1.69293e+07
98 2.05894e+07
112 2.62623e+07
159 3.5671e+07
78 1.6892e+07
133 3.14399e+07
58 1.10068e+07
143 3.51647e+07
126 2.81559e+07
42 6.8119e+06
97 2.01664e+07
77 1.67501e+07
56 9.01825e+06
124 2.74095e+07
Thế hệ thứ: 3
141 3.47149e+07
38 4.93196e+06
39 5.18798e+06
104 2.18991e+07
97 2.01664e+07
159 3.5671e+07
169 3.9551e+07
57 9.48379e+06
44 7.31234e+06
133 3.14399e+07
94 1.91398e+07
55 8.34556e+06
50 8.24119e+06
58 1.10068e+07
143 3.51647e+07
43 6.06061e+06
74 1.4215e+07
126 2.81559e+07
113 2.34909e+07
124 2.74095e+07
56 9.01825e+06
49 7.38233e+06
100 2.01912e+07
81 1.61546e+07
139 3.25843e+07
70 1.16673e+07
87 1.64892e+07
29 4.64673e+06
Thế hệ thứ: 4
38 4.93196e+06
39 5.18798e+06
100 2.01912e+07
55 8.34556e+06
94 1.91398e+07
29 4.64673e+06
141 3.47149e+07
113 2.34909e+07
49 7.38233e+06
53 8.22488e+06
87 1.64892e+07
104 2.18991e+07
143 3.51647e+07
124 2.74095e+07
74 1.4215e+07
43 6.06061e+06
56 9.01825e+06
97 2.01664e+07
159 3.5671e+07
126 2.81559e+07
81 1.61546e+07
57 9.48379e+06
169 3.9551e+07
139 3.25843e+07
44 7.31234e+06
70 1.16673e+07
134 3.12604e+07
65 1.07138e+07
41 5.92745e+06
28 4.63879e+06
50 8.03407e+06
153 3.53271e+07
73 1.18772e+07
117 2.72453e+07
95 1.98068e+07
Thế hệ thứ: 5
159 3.5671e+07
53 8.22488e+06
104 2.18991e+07
87 1.64892e+07
39 5.18798e+06
38 4.93196e+06
134 3.12604e+07
43 5.94265e+06
55 8.34556e+06
94 1.91398e+07
100 2.01912e+07
57 9.48379e+06
169 3.9551e+07
29 4.64673e+06
126 2.81559e+07
141 3.47149e+07
81 1.61546e+07
65 1.07138e+07
139 3.25843e+07
113 2.34909e+07
97 2.01664e+07
153 3.53271e+07
95 1.98068e+07
28 4.63879e+06
143 3.51647e+07
73 1.18772e+07
70 1.16673e+07
124 2.74095e+07
56 9.01825e+06
52 8.13965e+06
118 2.69363e+07
110 2.28609e+07
47 6.73218e+06
79 1.27025e+07
50 7.37486e+06
42 5.44779e+06
115 2.55422e+07
89 1.67623e+07
Thế hệ thứ: 6
53 8.22488e+06
104 2.18991e+07
87 1.64892e+07
118 2.69363e+07
159 3.5671e+07
91 1.79551e+07
73 1.18772e+07
143 3.51647e+07
39 5.18798e+06
38 4.93196e+06
42 5.44779e+06
134 3.12604e+07
94 1.91398e+07
43 5.94265e+06
55 8.34556e+06
56 9.01825e+06
100 2.01912e+07
169 3.9551e+07
57 9.48379e+06
124 2.74095e+07
29 4.64673e+06
141 3.47149e+07
81 1.61546e+07
50 7.37486e+06
65 1.07138e+07
115 2.55422e+07
95 1.98068e+07
89 1.67623e+07
79 1.27025e+07
139 3.25843e+07
113 2.34909e+07
153 3.53271e+07
97 2.01664e+07
52 8.13965e+06
70 1.16673e+07
28 4.63879e+06
46 6.33677e+06
111 2.2634e+07
130 2.79155e+07
136 3.20322e+07
34 4.86622e+06
49 6.60769e+06
Thế hệ thứ: 7
159 3.5671e+07
104 2.18991e+07
87 1.64892e+07
139 3.25843e+07
113 2.34909e+07
130 2.79155e+07
143 3.51647e+07
73 1.18772e+07
91 1.79551e+07
61 9.89592e+06
39 5.18798e+06
136 3.20322e+07
38 4.93196e+06
97 2.01664e+07
153 3.53271e+07
134 3.12604e+07
53 7.00508e+06
42 5.44779e+06
43 5.94265e+06
55 8.34556e+06
94 1.91398e+07
56 9.01825e+06
100 2.01912e+07
57 9.48379e+06
169 3.9551e+07
49 6.60769e+06
29 4.64673e+06
34 4.86622e+06
70 1.16673e+07
141 3.47149e+07
81 1.61546e+07
28 4.63879e+06
65 1.07138e+07
46 6.33677e+06
89 1.67623e+07
95 1.98068e+07
115 2.55422e+07
111 2.2634e+07
79 1.27025e+07
93 1.83629e+07
125 2.62207e+07
33 4.86355e+06
67 1.11801e+07
Thế hệ thứ: 8
125 2.62207e+07
81 1.61546e+07
104 2.18991e+07
87 1.64892e+07
159 3.5671e+07
70 1.16673e+07
141 3.47149e+07
139 3.25843e+07
67 1.11801e+07
28 4.63879e+06
113 2.34909e+07
130 2.79155e+07
91 1.79551e+07
73 1.18772e+07
143 3.51647e+07
65 1.07138e+07
61 9.89592e+06
136 3.20322e+07
39 5.18798e+06
38 4.93196e+06
46 6.33677e+06
153 3.53271e+07
97 2.01664e+07
115 2.55422e+07
95 1.98068e+07
89 1.67623e+07
53 7.00508e+06
42 5.44779e+06
134 3.12604e+07
94 1.91398e+07
43 5.94265e+06
55 8.34556e+06
56 9.01825e+06
100 2.01912e+07
111 2.2634e+07
79 1.27025e+07
169 3.9551e+07
57 9.48379e+06
93 1.83629e+07
49 6.60769e+06
29 4.64673e+06
34 4.86622e+06
33 4.79708e+06
103 2.11022e+07
119 2.60249e+07
82 1.62159e+07
Thế hệ thứ: 9
159 3.5671e+07
104 2.18991e+07
87 1.64892e+07
125 2.62207e+07
81 1.61546e+07
94 1.91398e+07
43 5.94265e+06
55 8.34556e+06
34 4.86622e+06
70 1.16673e+07
141 3.47149e+07
29 4.64673e+06
67 1.11801e+07
28 4.63879e+06
56 9.01825e+06
100 2.01912e+07
113 2.34909e+07
130 2.79155e+07
143 3.51647e+07
73 1.18772e+07
65 1.07138e+07
49 6.60769e+06
39 5.18798e+06
61 9.89592e+06
93 1.83629e+07
38 4.93196e+06
46 6.33677e+06
169 3.9551e+07
57 9.48379e+06
111 2.2634e+07
97 2.01664e+07
153 3.53271e+07
89 1.67623e+07
95 1.98068e+07
115 2.55422e+07
51 6.81899e+06
79 1.27025e+07
134 3.12604e+07
53 7.00508e+06
42 5.44779e+06
33 4.79708e+06
82 1.62159e+07
103 2.11022e+07
119 2.60249e+07
48 6.54628e+06
90 1.73259e+07
139 3.18948e+07
168 3.77304e+07
45 6.29522e+06
91 1.77484e+07
Thế hệ thứ: 10
51 6.81899e+06
79 1.27025e+07
81 1.61546e+07
125 2.62207e+07
87 1.64892e+07
159 3.5671e+07
34 4.84203e+06
53 7.00508e+06
42 5.44779e+06
134 3.12604e+07
43 5.94265e+06
55 8.34556e+06
73 1.18772e+07
143 3.51647e+07
70 1.16673e+07
141 3.47149e+07
29 4.64673e+06
67 1.11801e+07
56 9.01825e+06
100 2.01912e+07
113 2.34909e+07
130 2.79155e+07
33 4.79708e+06
82 1.62159e+07
91 1.77484e+07
106 2.08418e+07
119 2.60249e+07
49 6.60769e+06
48 6.54628e+06
61 9.89592e+06
39 5.18798e+06
90 1.73259e+07
93 1.83629e+07
168 3.77304e+07
139 3.18948e+07
38 4.93196e+06
46 6.33677e+06
57 9.48379e+06
169 3.9551e+07
45 6.29522e+06
111 2.2634e+07
153 3.53271e+07
97 2.01664e+07
115 2.55422e+07
89 1.67623e+07
65 1.04613e+07
96 1.87295e+07
28 4.5183e+06
Thế hệ thứ: 11
134 3.12604e+07
42 5.44779e+06
53 7.00508e+06
34 4.84203e+06
51 6.81899e+06
79 1.27025e+07
159 3.5671e+07
125 2.62207e+07
106 2.04758e+07
39 5.18798e+06
61 9.89592e+06
153 3.53271e+07
97 2.01664e+07
96 1.87295e+07
43 5.94265e+06
111 2.2634e+07
45 6.29522e+06
143 3.51647e+07
73 1.18772e+07
70 1.16673e+07
29 4.64673e+06
139 3.18948e+07
168 3.77304e+07
100 2.01912e+07
113 2.34909e+07
28 4.5183e+06
130 2.79155e+07
33 4.79708e+06
169 3.9551e+07
46 6.33677e+06
93 1.83629e+07
119 2.60249e+07
49 6.60769e+06
48 6.54628e+06
38 4.93196e+06
115 2.55422e+07
69 1.0606e+07
65 1.04613e+07
141 3.31577e+07
35 4.86237e+06
56 7.81432e+06
41 5.19656e+06
91 1.5505e+07
52 6.82409e+06
59 9.3552e+06
92 1.78231e+07
83 1.52603e+07
Thế hệ thứ: 12
53 7.00508e+06
42 5.44779e+06
34 4.84203e+06
51 6.81899e+06
79 1.27025e+07
48 6.54628e+06
139 2.99962e+07
59 9.3552e+06
159 3.5671e+07
83 1.52603e+07
119 2.60249e+07
125 2.62207e+07
61 9.89592e+06
39 5.18798e+06
106 2.04758e+07
91 1.5505e+07
49 6.60769e+06
41 5.19656e+06
97 2.01664e+07
153 3.53271e+07
96 1.87295e+07
38 4.93196e+06
111 2.2634e+07
45 6.29522e+06
73 1.18772e+07
143 3.51647e+07
115 2.55422e+07
70 1.16673e+07
52 6.82409e+06
65 1.04613e+07
69 1.0606e+07
29 4.64673e+06
141 3.31577e+07
92 1.66675e+07
168 3.77304e+07
35 4.86237e+06
56 7.81432e+06
100 2.01912e+07
113 2.34909e+07
130 2.79155e+07
28 4.5183e+06
33 4.79708e+06
169 3.9551e+07
46 6.33677e+06
93 1.83629e+07
44 5.68655e+06
Thế hệ thứ: 13
159 3.5671e+07
42 5.44779e+06
53 7.00508e+06
59 9.3552e+06
48 6.54628e+06
139 2.99962e+07
51 6.81899e+06
79 1.27025e+07
44 5.68655e+06
56 7.81432e+06
97 2.01664e+07
153 3.53271e+07
41 5.19656e+06
83 1.52603e+07
100 2.01912e+07
113 2.34909e+07
28 4.5183e+06
130 2.79155e+07
125 2.62207e+07
106 2.04758e+07
61 9.89592e+06
49 6.60769e+06
91 1.5505e+07
96 1.87295e+07
33 4.79708e+06
169 3.9551e+07
46 6.33677e+06
111 2.2634e+07
45 6.29522e+06
143 3.51647e+07
52 6.82409e+06
29 4.64673e+06
141 3.31577e+07
168 3.77304e+07
92 1.66675e+07
93 1.83629e+07
73 1.00651e+07
47 6.53675e+06
39 4.79846e+06
122 2.49032e+07
Thế hệ thứ: 14
44 5.68655e+06
122 2.49032e+07
159 3.5671e+07
52 6.82409e+06
102 1.95331e+07
29 4.64673e+06
53 7.00508e+06
42 5.44779e+06
141 3.31577e+07
139 2.99962e+07
59 9.3552e+06
79 1.27025e+07
51 6.81899e+06
92 1.66675e+07
168 3.77304e+07
41 5.19656e+06
153 3.53271e+07
143 3.51647e+07
93 1.83629e+07
83 1.52603e+07
113 2.34909e+07
73 1.00651e+07
57 7.31753e+06
130 2.79155e+07
28 4.5183e+06
125 2.62207e+07
106 2.04758e+07
39 4.79846e+06
91 1.5505e+07
96 1.87295e+07
33 4.79708e+06
169 3.9551e+07
46 6.33677e+06
111 2.2634e+07
45 6.29522e+06
162 3.60574e+07
61 9.59148e+06
49 6.51207e+06
166 3.65353e+07
101 1.9533e+07
Thế hệ thứ: 15
44 5.68655e+06
33 4.79708e+06
122 2.49032e+07
102 1.95331e+07
52 6.82409e+06
86 1.36996e+07
29 4.64673e+06
139 2.99962e+07
59 9.3552e+06
39 4.79846e+06
53 7.00508e+06
42 5.44779e+06
91 1.5505e+07
162 3.60574e+07
49 6.51207e+06
51 6.81899e+06
79 1.27025e+07
45 6.29522e+06
168 3.77304e+07
92 1.66675e+07
57 7.31753e+06
130 2.79155e+07
28 4.5183e+06
41 5.19656e+06
111 2.2634e+07
101 1.9533e+07
46 6.33677e+06
166 3.65353e+07
169 3.9551e+07
113 2.34909e+07
73 1.00651e+07
96 1.87295e+07
125 2.62207e+07
106 2.04758e+07
43 5.5916e+06
175 3.99801e+07
61 9.36398e+06
159 3.43174e+07
93 1.76618e+07
145 3.2647e+07
25 4.12192e+06
Thế hệ thứ: 16
44 5.68655e+06
122 2.49032e+07
33 4.79708e+06
86 1.36996e+07
52 6.82409e+06
102 1.95331e+07
29 4.64673e+06
59 9.3552e+06
139 2.99962e+07
111 2.2634e+07
39 4.79846e+06
51 6.81899e+06
79 1.27025e+07
166 3.65353e+07
53 7.00508e+06
42 5.44779e+06
101 1.9533e+07
113 2.34909e+07
169 3.9551e+07
91 1.5505e+07
125 2.62207e+07
162 3.60574e+07
49 6.51207e+06
73 1.00651e+07
92 1.66675e+07
168 3.77304e+07
28 4.5183e+06
57 7.31753e+06
130 2.79155e+07
145 3.2647e+07
46 6.33677e+06
106 2.04758e+07
96 1.87295e+07
43 5.5916e+06
25 4.12192e+06
175 3.99801e+07
61 9.36398e+06
159 3.43174e+07
41 5.19351e+06
24 4.10632e+06
45 6.25784e+06
97 1.88079e+07
94 1.75651e+07
Thế hệ thứ: 17
44 5.68655e+06
33 4.79708e+06
122 2.49032e+07
41 5.19351e+06
102 1.95331e+07
52 6.82409e+06
86 1.36996e+07
61 9.36398e+06
46 6.33677e+06
145 3.2647e+07
29 4.64673e+06
139 2.99962e+07
111 2.2634e+07
39 4.79846e+06
79 1.27025e+07
51 6.81899e+06
166 3.65353e+07
43 5.5916e+06
53 7.00508e+06
42 5.44779e+06
101 1.9533e+07
106 2.04758e+07
159 3.43174e+07
113 2.34909e+07
169 3.9551e+07
96 1.87295e+07
91 1.5505e+07
97 1.88079e+07
125 2.62207e+07
162 3.60574e+07
49 6.51207e+06
73 1.00651e+07
25 4.12192e+06
175 3.99801e+07
168 3.77304e+07
92 1.66675e+07
57 7.31753e+06
130 2.79155e+07
28 4.5183e+06
24 4.10632e+06
45 6.25784e+06
94 1.67691e+07
59 8.61764e+06
Thế hệ thứ: 18
44 5.68655e+06
122 2.49032e+07
33 4.79708e+06
25 4.12192e+06
175 3.99801e+07
102 1.95331e+07
86 1.36996e+07
41 5.19351e+06
95 1.68661e+07
28 4.5183e+06
130 2.79155e+07
57 7.31753e+06
61 9.36398e+06
145 3.2647e+07
46 6.33677e+06
24 4.10632e+06
29 4.64673e+06
139 2.99962e+07
45 6.25784e+06
54 6.37189e+06
111 2.2634e+07
39 4.79846e+06
79 1.27025e+07
94 1.67691e+07
166 3.65353e+07
43 5.5916e+06
42 5.44779e+06
101 1.9533e+07
59 8.61764e+06
106 2.04758e+07
168 3.77304e+07
92 1.66675e+07
159 3.43174e+07
113 2.34909e+07
91 1.5505e+07
125 2.62207e+07
162 3.60574e+07
73 1.00651e+07
97 1.84987e+07
174 3.89959e+07
27 4.49662e+06
47 6.34519e+06
26 4.46151e+06
Thế hệ thứ: 19
44 5.68655e+06
33 4.79708e+06
122 2.49032e+07
73 1.00651e+07
25 4.12192e+06
175 3.99801e+07
42 5.44779e+06
26 4.46151e+06
102 1.95331e+07
86 1.36996e+07
162 3.60574e+07
41 5.19351e+06
101 1.9533e+07
130 2.79155e+07
57 7.31753e+06
28 4.5183e+06
95 1.68661e+07
125 2.62207e+07
61 9.36398e+06
46 6.33677e+06
145 3.2647e+07
91 1.5505e+07
24 4.10632e+06
59 8.61764e+06
29 4.64673e+06
106 2.04758e+07
139 2.99962e+07
45 6.25784e+06
111 2.2634e+07
54 6.37189e+06
39 4.79846e+06
92 1.66675e+07
168 3.77304e+07
79 1.27025e+07
159 3.43174e+07
94 1.67691e+07
166 3.65353e+07
43 5.5916e+06
113 2.34909e+07
27 4.46449e+06
97 1.84987e+07
174 3.89959e+07
47 6.34519e+06
135 2.8693e+07
Thế hệ thứ: 20
44 5.68655e+06
127 2.64358e+07
73 1.00651e+07
122 2.49032e+07
33 4.79708e+06
94 1.67691e+07
166 3.65353e+07
25 4.12192e+06
175 3.99801e+07
42 5.44779e+06
113 2.34909e+07
102 1.95331e+07
86 1.36996e+07
26 4.46151e+06
135 2.8693e+07
162 3.60574e+07
47 6.34519e+06
41 5.19351e+06
101 1.9533e+07
174 3.89959e+07
95 1.68661e+07
28 4.5183e+06
130 2.79155e+07
57 7.31753e+06
125 2.62207e+07
97 1.84987e+07
27 4.46449e+06
61 9.36398e+06
145 3.2647e+07
46 6.33677e+06
91 1.5505e+07
24 4.10632e+06
59 8.61764e+06
43 5.5916e+06
106 2.04758e+07
139 2.99962e+07
45 6.25784e+06
54 6.37189e+06
111 2.2634e+07
39 4.79846e+06
168 3.77304e+07
92 1.66675e+07
79 1.27025e+07
159 3.43174e+07
31 4.6108e+06
29 4.51847e+06
Thế hệ thứ: 21
44 5.68655e+06
33 4.79708e+06
122 2.49032e+07
127 2.64358e+07
73 1.00651e+07
111 2.2634e+07
54 6.37189e+06
95 1.68661e+07
130 2.79155e+07
57 7.31753e+06
28 4.5183e+06
166 3.65353e+07
94 1.67691e+07
139 2.99962e+07
175 3.99801e+07
25 4.12192e+06
101 1.9533e+07
42 5.44779e+06
39 4.79846e+06
113 2.34909e+07
26 4.46151e+06
102 1.95331e+07
86 1.36996e+07
135 2.8693e+07
162 3.60574e+07
47 6.34519e+06
41 5.19351e+06
31 4.6108e+06
174 3.89959e+07
125 2.62207e+07
97 1.84987e+07
27 4.46449e+06
61 9.36398e+06
46 6.33677e+06
145 3.2647e+07
45 6.25784e+06
91 1.5505e+07
24 4.10632e+06
59 8.61764e+06
43 5.5916e+06
106 2.04758e+07
92 1.66675e+07
168 3.77304e+07
79 1.27025e+07
159 3.43174e+07
29 4.51847e+06
129 2.66882e+07
156 3.32437e+07
Thế hệ thứ: 22
44 5.68655e+06
127 2.64358e+07
73 1.00651e+07
122 2.49032e+07
33 4.79708e+06
54 6.37189e+06
111 2.2634e+07
130 2.79155e+07
57 7.31753e+06
95 1.68661e+07
39 4.79846e+06
94 1.67691e+07
166 3.65353e+07
59 8.61764e+06
175 3.99801e+07
43 5.5916e+06
101 1.9533e+07
106 2.04758e+07
42 5.44779e+06
156 3.32437e+07
168 3.77304e+07
92 1.66675e+07
113 2.34909e+07
102 1.95331e+07
86 1.36996e+07
79 1.27025e+07
162 3.60574e+07
159 3.43174e+07
29 4.51847e+06
47 6.34519e+06
41 5.19351e+06
174 3.89959e+07
31 4.6108e+06
125 2.62207e+07
97 1.84987e+07
61 9.36398e+06
46 6.33677e+06
45 6.25784e+06
129 2.66882e+07
91 1.5505e+07
160 3.49602e+07
28 4.08949e+06
146 2.8203e+07
58 7.70662e+06
Thế hệ thứ: 23
44 5.68655e+06
33 4.79708e+06
73 1.00651e+07
127 2.48861e+07
58 7.70662e+06
29 4.51847e+06
111 2.2634e+07
54 6.37189e+06
47 6.34519e+06
41 5.19351e+06
31 4.6108e+06
174 3.89959e+07
175 3.99801e+07
146 2.8203e+07
95 1.68661e+07
130 2.79155e+07
57 7.31753e+06
39 4.79846e+06
166 3.65353e+07
94 1.67691e+07
160 3.49602e+07
129 2.66882e+07
59 8.61764e+06
97 1.84987e+07
61 9.36398e+06
46 6.33677e+06
43 5.5916e+06
45 6.25784e+06
101 1.9533e+07
91 1.5505e+07
106 2.04758e+07
42 5.44779e+06
92 1.66675e+07
168 3.77304e+07
156 3.32437e+07
113 2.34909e+07
102 1.95331e+07
86 1.36996e+07
28 4.08949e+06
79 1.27025e+07
162 3.60574e+07
159 3.43174e+07
122 2.43994e+07
74 1.11878e+07
185 4.12257e+07
Thế hệ thứ: 24
79 1.27025e+07
74 1.11878e+07
54 6.37189e+06
162 3.60574e+07
28 4.08949e+06
44 5.68655e+06
73 1.00651e+07
127 2.48861e+07
58 7.70662e+06
159 3.43174e+07
42 5.44779e+06
102 1.95331e+07
86 1.36996e+07
185 4.12257e+07
75 1.21124e+07
47 6.34519e+06
108 2.19137e+07
41 5.19351e+06
174 3.89959e+07
31 4.6108e+06
175 3.99801e+07
57 7.31753e+06
95 1.68661e+07
146 2.8203e+07
91 1.5505e+07
39 4.79846e+06
94 1.67691e+07
166 3.65353e+07
129 2.66882e+07
160 3.49602e+07
59 8.61764e+06
168 3.77304e+07
156 3.32437e+07
92 1.66675e+07
97 1.84987e+07
61 9.36398e+06
46 6.33677e+06
106 2.04758e+07
43 5.5916e+06
45 6.25784e+06
29 4.10712e+06
141 2.7715e+07
115 2.25218e+07
30 4.48634e+06
33 4.61644e+06
101 1.9447e+07
124 2.37136e+07
Thế hệ thứ: 25
74 1.11878e+07
54 6.37189e+06
79 1.27025e+07
168 3.77304e+07
156 3.32437e+07
92 1.66675e+07
91 1.5505e+07
28 4.08949e+06
162 3.60574e+07
106 2.04758e+07
44 5.68655e+06
39 4.79846e+06
73 1.00651e+07
166 3.65353e+07
94 1.67691e+07
41 5.19351e+06
108 2.19137e+07
127 2.48861e+07
58 7.70662e+06
124 2.37136e+07
159 3.43174e+07
42 5.44779e+06
185 4.12257e+07
102 1.95331e+07
86 1.36996e+07
160 3.49602e+07
129 2.66882e+07
75 1.21124e+07
47 6.34519e+06
46 6.33677e+06
31 4.6108e+06
174 3.89959e+07
141 2.7715e+07
59 8.61764e+06
115 2.25218e+07
175 3.99801e+07
97 1.84987e+07
61 9.36398e+06
57 7.31753e+06
146 2.8203e+07
95 1.68661e+07
43 5.5916e+06
45 6.25784e+06
29 4.10712e+06
30 4.48634e+06
33 4.61644e+06
101 1.9447e+07
72 9.9367e+06
178 4.06978e+07
96 1.81417e+07
Thế hệ thứ: 26
79 1.27025e+07
96 1.81417e+07
74 1.11878e+07
54 6.37189e+06
29 4.10712e+06
30 4.48634e+06
168 3.77304e+07
156 3.32437e+07
92 1.66675e+07
178 4.06978e+07
91 1.5505e+07
28 4.08949e+06
162 3.60574e+07
106 2.04758e+07
44 5.68655e+06
170 3.78392e+07
39 4.79846e+06
73 1.00651e+07
33 4.61644e+06
94 1.67691e+07
166 3.65353e+07
108 2.19137e+07
41 5.19351e+06
127 2.48861e+07
58 7.70662e+06
159 3.43174e+07
124 2.37136e+07
42 5.44779e+06
102 1.95331e+07
86 1.36996e+07
185 4.12257e+07
129 2.66882e+07
160 3.49602e+07
174 3.89959e+07
31 4.6108e+06
141 2.7715e+07
175 3.99801e+07
115 2.25218e+07
97 1.84987e+07
61 9.36398e+06
95 1.68661e+07
146 2.8203e+07
57 7.31753e+06
72 9.9367e+06
43 5.5916e+06
75 1.20048e+07
47 6.25125e+06
158 3.40586e+07
59 8.09684e+06
131 2.75814e+07
101 1.88296e+07
Thế hệ thứ: 27
30 4.48634e+06
94 1.67691e+07
166 3.65353e+07
29 4.10712e+06
96 1.81417e+07
74 1.11878e+07
54 6.37189e+06
79 1.27025e+07
59 8.09684e+06
101 1.88296e+07
72 9.9367e+06
92 1.66675e+07
156 3.32437e+07
168 3.77304e+07
175 3.99801e+07
115 2.25218e+07
91 1.5505e+07
178 4.06978e+07
28 4.08949e+06
162 3.60574e+07
106 2.04758e+07
44 5.68655e+06
170 3.78392e+07
39 4.79846e+06
73 1.00651e+07
33 4.61644e+06
95 1.68661e+07
146 2.8203e+07
57 7.31753e+06
41 5.19351e+06
108 2.19137e+07
189 4.36337e+07
135 2.70764e+07
127 2.48861e+07
58 7.70662e+06
174 3.89959e+07
31 4.6108e+06
124 2.37136e+07
159 3.43174e+07
185 4.12257e+07
102 1.95331e+07
86 1.36996e+07
160 3.49602e+07
61 9.36398e+06
97 1.84987e+07
141 2.7715e+07
75 1.20048e+07
47 6.25125e+06
158 3.40586e+07
132 2.55262e+07
43 5.39017e+06
45 5.89596e+06
Thế hệ thứ: 28
94 1.67691e+07
166 3.65353e+07
30 4.48634e+06
96 1.81417e+07
74 1.11878e+07
54 6.37189e+06
46 5.80482e+06
61 9.36398e+06
29 4.10712e+06
97 1.84987e+07
79 1.27025e+07
101 1.88296e+07
59 8.09684e+06
28 4.08949e+06
141 2.7715e+07
72 9.9367e+06
168 3.77304e+07
156 3.32437e+07
92 1.66675e+07
75 1.20048e+07
115 2.25218e+07
175 3.99801e+07
43 5.39017e+06
47 6.25125e+06
178 4.06978e+07
91 1.5505e+07
158 3.40586e+07
162 3.60574e+07
106 2.04758e+07
44 5.68655e+06
170 3.78392e+07
39 4.79846e+06
73 1.00651e+07
33 4.61644e+06
57 7.31753e+06
146 2.8203e+07
95 1.68661e+07
132 2.55262e+07
108 2.19137e+07
41 5.19351e+06
127 2.48861e+07
58 7.70662e+06
135 2.70764e+07
189 4.36337e+07
80 1.4255e+07
31 4.6108e+06
174 3.89959e+07
159 3.43174e+07
124 2.37136e+07
102 1.95331e+07
185 4.12257e+07
32 4.61306e+06
55 7.21044e+06
Thế hệ thứ: 29
30 4.48634e+06
94 1.67691e+07
166 3.65353e+07
61 9.36398e+06
46 5.80482e+06
96 1.81417e+07
74 1.11878e+07
54 6.37189e+06
55 7.21044e+06
29 4.10712e+06
97 1.84987e+07
79 1.27025e+07
174 3.89959e+07
80 1.4255e+07
59 8.09684e+06
101 1.88296e+07
141 2.7715e+07
72 9.9367e+06
92 1.66675e+07
156 3.32437e+07
124 2.37136e+07
159 3.43174e+07
75 1.20048e+07
175 3.99801e+07
115 2.25218e+07
43 5.39017e+06
91 1.5505e+07
178 4.06978e+07
158 3.40586e+07
162 3.60574e+07
185 4.12257e+07
102 1.95331e+07
169 3.72417e+07
106 2.04758e+07
44 5.68655e+06
170 3.78392e+07
39 4.79846e+06
73 1.00651e+07
33 4.61644e+06
95 1.68661e+07
146 2.8203e+07
57 7.31753e+06
132 2.55262e+07
41 5.19351e+06
108 2.19137e+07
127 2.48861e+07
134 2.59786e+07
32 4.60994e+06
28 4.07928e+06
48 5.91395e+06
Thế hệ thứ: 30
94 1.67691e+07
30 4.48634e+06
96 1.81417e+07
74 1.11878e+07
54 6.37189e+06
46 5.80482e+06
61 9.36398e+06
29 4.10712e+06
55 7.21044e+06
97 1.84987e+07
79 1.27025e+07
80 1.4255e+07
174 3.89959e+07
146 2.8203e+07
95 1.68661e+07
57 7.31753e+06
101 1.88296e+07
59 8.09684e+06
132 2.55262e+07
141 2.7715e+07
72 9.9367e+06
108 2.19137e+07
41 5.19351e+06
156 3.32437e+07
92 1.66675e+07
159 3.43174e+07
124 2.37136e+07
75 1.20048e+07
115 2.25218e+07
175 3.99801e+07
21 3.9207e+06
43 5.39017e+06
127 2.48861e+07
134 2.59786e+07
33 4.57602e+06
178 4.06978e+07
91 1.5505e+07
48 5.91395e+06
158 3.40586e+07
102 1.95331e+07
185 4.12257e+07
106 2.04758e+07
169 3.72417e+07
28 4.07928e+06
44 5.68655e+06
170 3.78392e+07
39 4.79846e+06
73 1.00651e+07
60 8.35839e+06
122 2.32831e+07
36 4.7639e+06
167 3.50249e+07
Thế hệ thứ: 31
30 4.48634e+06
94 1.67691e+07
158 3.40586e+07
48 5.91395e+06
46 5.80482e+06
54 6.37189e+06
96 1.81417e+07
74 1.11878e+07
60 8.35839e+06
170 3.78392e+07
39 4.79846e+06
55 7.21044e+06
29 4.10712e+06
79 1.27025e+07
174 3.89959e+07
80 1.4255e+07
102 1.95331e+07
185 4.12257e+07
146 2.8203e+07
57 7.31753e+06
95 1.68661e+07
59 8.09684e+06
101 1.88296e+07
132 2.55262e+07
141 2.7715e+07
72 9.9367e+06
41 5.19351e+06
108 2.19137e+07
106 2.04758e+07
169 3.72417e+07
92 1.66675e+07
156 3.32437e+07
124 2.37136e+07
159 3.43174e+07
75 1.20048e+07
44 5.40586e+06
175 3.99801e+07
115 2.25218e+07
43 5.39017e+06
127 2.48861e+07
134 2.59786e+07
91 1.5505e+07
178 4.06978e+07
33 4.57602e+06
73 1.00651e+07
122 2.32831e+07
66 8.94252e+06
88 1.52718e+07
28 3.90966e+06
98 1.8452e+07
63 8.69592e+06
Thế hệ thứ: 32
44 5.40586e+06
115 2.25218e+07
94 1.67691e+07
30 4.48634e+06
43 5.39017e+06
158 3.40586e+07
48 5.91395e+06
74 1.11878e+07
54 6.37189e+06
46 5.80482e+06
127 2.48861e+07
170 3.78392e+07
39 4.79846e+06
185 4.12257e+07
134 2.59786e+07
88 1.52718e+07
33 4.57602e+06
178 4.06978e+07
91 1.5505e+07
29 4.10712e+06
55 7.21044e+06
79 1.27025e+07
174 3.89959e+07
95 1.68661e+07
57 7.31753e+06
146 2.8203e+07
73 1.00651e+07
122 2.32831e+07
59 8.09684e+06
66 8.94252e+06
28 3.90966e+06
132 2.55262e+07
141 2.7715e+07
72 9.9367e+06
108 2.19137e+07
41 5.19351e+06
169 3.72417e+07
106 2.04758e+07
156 3.32437e+07
92 1.66675e+07
63 8.69592e+06
159 3.43174e+07
124 2.37136e+07
75 1.20048e+07
60 8.33805e+06
17 3.82736e+06
84 1.48492e+07
102 1.80618e+07
83 1.38917e+07
160 3.55138e+07
Thế hệ thứ: 33
30 4.48634e+06
94 1.67691e+07
83 1.38917e+07
44 5.40586e+06
115 2.25218e+07
158 3.40586e+07
48 5.91395e+06
43 5.39017e+06
54 6.37189e+06
74 1.11878e+07
92 1.66675e+07
156 3.32437e+07
46 5.80482e+06
127 2.48861e+07
170 3.78392e+07
39 4.79846e+06
41 5.19351e+06
108 2.19137e+07
169 3.72417e+07
106 2.04758e+07
185 4.12257e+07
134 2.59786e+07
91 1.5505e+07
178 4.06978e+07
33 4.57602e+06
88 1.52718e+07
55 7.21044e+06
29 4.10712e+06
79 1.27025e+07
75 1.20048e+07
17 3.82736e+06
174 3.89959e+07
159 3.43174e+07
124 2.37136e+07
146 2.8203e+07
57 7.31753e+06
95 1.68661e+07
73 1.00651e+07
122 2.32831e+07
63 8.69592e+06
66 8.94252e+06
132 2.55262e+07
28 3.90966e+06
141 2.7715e+07
72 9.9367e+06
84 1.48492e+07
102 1.80618e+07
160 3.55138e+07
61 7.7939e+06
32 4.50582e+06
147 3.28868e+07
Thế hệ thứ: 34
74 1.11878e+07
54 6.37189e+06
124 2.37136e+07
159 3.43174e+07
83 1.38917e+07
44 5.40586e+06
115 2.25218e+07
94 1.67691e+07
30 4.48634e+06
132 2.55262e+07
28 3.90966e+06
48 5.91395e+06
158 3.40586e+07
43 5.39017e+06
57 7.31753e+06
146 2.8203e+07
95 1.68661e+07
156 3.32437e+07
92 1.66675e+07
46 5.80482e+06
66 8.94252e+06
63 8.69592e+06
127 2.48861e+07
170 3.78392e+07
39 4.79846e+06
122 2.32831e+07
108 2.19137e+07
41 5.19351e+06
106 2.04758e+07
169 3.72417e+07
185 4.12257e+07
134 2.59786e+07
88 1.52718e+07
33 4.57602e+06
178 4.06978e+07
91 1.5505e+07
29 4.10712e+06
55 7.21044e+06
61 7.7939e+06
79 1.27025e+07
75 1.20048e+07
174 3.89959e+07
17 3.82736e+06
73 1.00651e+07
141 2.7715e+07
72 9.9367e+06
84 1.48492e+07
102 1.80618e+07
160 3.55138e+07
32 4.50582e+06
157 3.36636e+07
35 4.69447e+06
Thế hệ thứ: 35
74 1.11878e+07
54 6.37189e+06
124 2.37136e+07
159 3.43174e+07
83 1.38917e+07
44 5.40586e+06
115 2.25218e+07
102 1.80618e+07
84 1.48492e+07
94 1.67691e+07
30 4.48634e+06
28 3.90966e+06
132 2.55262e+07
72 9.9367e+06
158 3.40586e+07
48 5.91395e+06
43 5.39017e+06
95 1.68661e+07
146 2.8203e+07
57 7.31753e+06
92 1.66675e+07
156 3.32437e+07
46 5.80482e+06
141 2.7715e+07
66 8.94252e+06
63 8.69592e+06
127 2.48861e+07
170 3.78392e+07
39 4.79846e+06
122 2.32831e+07
73 1.00651e+07
41 5.19351e+06
108 2.19137e+07
169 3.72417e+07
106 2.04758e+07
185 4.12257e+07
174 3.89959e+07
17 3.82736e+06
134 2.59786e+07
91 1.5505e+07
178 4.06978e+07
33 4.57602e+06
88 1.52718e+07
55 7.21044e+06
29 4.10712e+06
79 1.27025e+07
61 7.7939e+06
75 1.20048e+07
32 4.50582e+06
166 3.51324e+07
16 3.79255e+06
123 2.37117e+07
Thế hệ thứ: 36
74 1.11878e+07
54 6.37189e+06
124 2.37136e+07
83 1.38917e+07
44 5.40586e+06
115 2.25218e+07
102 1.80618e+07
84 1.48492e+07
132 2.55262e+07
28 3.90966e+06
134 2.59786e+07
72 9.9367e+06
79 1.27025e+07
61 7.7939e+06
48 5.91395e+06
43 5.39017e+06
57 7.31753e+06
146 2.8203e+07
55 7.21044e+06
46 5.80482e+06
141 2.7715e+07
66 8.94252e+06
91 1.5505e+07
33 4.57602e+06
178 4.06978e+07
88 1.52718e+07
63 8.69592e+06
127 2.48861e+07
170 3.78392e+07
39 4.79846e+06
122 2.32831e+07
73 1.00651e+07
108 2.19137e+07
41 5.19351e+06
29 4.05122e+06
106 2.04758e+07
169 3.72417e+07
185 4.12257e+07
174 3.89959e+07
17 3.82736e+06
75 1.20048e+07
32 4.50582e+06
166 3.51324e+07
95 1.66075e+07
31 4.48364e+06
163 3.31704e+07
30 4.06885e+06
Thế hệ thứ: 37
46 5.80482e+06
74 1.11878e+07
54 6.37189e+06
124 2.37136e+07
122 2.32831e+07
83 1.38917e+07
44 5.40586e+06
115 2.25218e+07
102 1.80618e+07
84 1.48492e+07
95 1.66075e+07
141 2.7715e+07
66 8.94252e+06
32 4.50582e+06
169 3.72417e+07
29 4.05122e+06
106 2.04758e+07
28 3.90966e+06
132 2.55262e+07
91 1.5505e+07
88 1.52718e+07
178 4.06978e+07
33 4.57602e+06
108 2.19137e+07
134 2.59786e+07
72 9.9367e+06
61 7.7939e+06
79 1.27025e+07
48 5.91395e+06
43 5.39017e+06
146 2.8203e+07
57 7.31753e+06
63 8.69592e+06
55 7.21044e+06
73 1.00651e+07
127 2.48861e+07
170 3.78392e+07
39 4.79846e+06
185 4.12257e+07
17 3.82736e+06
174 3.89959e+07
75 1.20048e+07
166 3.51324e+07
30 4.06885e+06
31 4.48364e+06
163 3.31704e+07
42 5.02807e+06
16 3.8242e+06
Thế hệ thứ: 38
74 1.11878e+07
54 6.37189e+06
46 5.80482e+06
124 2.37136e+07
122 2.32831e+07
83 1.38917e+07
44 5.40586e+06
115 2.25218e+07
42 5.02807e+06
102 1.80618e+07
141 2.7715e+07
95 1.66075e+07
75 1.20048e+07
166 3.51324e+07
66 8.94252e+06
106 2.04758e+07
29 4.05122e+06
169 3.72417e+07
132 2.55262e+07
28 3.90966e+06
178 4.06978e+07
88 1.52718e+07
91 1.5505e+07
30 4.06885e+06
108 2.19137e+07
31 4.48364e+06
163 3.31704e+07
134 2.59786e+07
72 9.9367e+06
79 1.27025e+07
61 7.7939e+06
16 3.8242e+06
48 5.91395e+06
43 5.39017e+06
57 7.31753e+06
146 2.8203e+07
63 8.69592e+06
55 7.21044e+06
73 1.00651e+07
127 2.48861e+07
170 3.78392e+07
39 4.79846e+06
185 4.12257e+07
174 3.89959e+07
17 3.82736e+06
32 4.50484e+06
68 9.26299e+06
49 5.91821e+06
84 1.41005e+07
34 4.55442e+06
Thế hệ thứ: 39
55 7.21044e+06
46 5.80482e+06
74 1.11878e+07
54 6.37189e+06
73 1.00651e+07
124 2.37136e+07
122 2.32831e+07
34 4.55442e+06
49 5.91821e+06
127 2.48861e+07
115 2.25218e+07
44 5.40586e+06
83 1.38917e+07
42 5.02807e+06
169 3.72417e+07
29 4.05122e+06
106 2.04758e+07
102 1.80618e+07
170 3.78392e+07
39 4.79846e+06
185 4.12257e+07
17 3.82736e+06
174 3.89959e+07
95 1.66075e+07
141 2.7715e+07
75 1.20048e+07
166 3.51324e+07
66 8.94252e+06
32 4.50484e+06
68 9.26299e+06
28 3.90966e+06
132 2.55262e+07
91 1.5505e+07
88 1.52718e+07
178 4.06978e+07
30 4.06885e+06
108 2.19137e+07
31 4.48364e+06
163 3.31704e+07
84 1.41005e+07
134 2.59786e+07
72 9.9367e+06
61 7.7939e+06
79 1.27025e+07
16 3.8242e+06
48 5.91395e+06
43 5.39017e+06
146 2.8203e+07
57 7.31753e+06
63 8.69592e+06
62 8.33645e+06
Thế hệ thứ: 40
74 1.11878e+07
54 6.37189e+06
46 5.80482e+06
55 7.21044e+06
73 1.00651e+07
48 5.91395e+06
124 2.37136e+07
122 2.32831e+07
127 2.48861e+07
49 5.91821e+06
34 4.55442e+06
83 1.38917e+07
44 5.40586e+06
115 2.25218e+07
42 5.02807e+06
29 4.05122e+06
169 3.72417e+07
170 3.78392e+07
39 4.79846e+06
185 4.12257e+07
174 3.89959e+07
17 3.82736e+06
141 2.7715e+07
95 1.66075e+07
75 1.20048e+07
166 3.51324e+07
43 5.39017e+06
66 8.94252e+06
32 4.50484e+06
57 7.31753e+06
146 2.8203e+07
62 8.33645e+06
68 9.26299e+06
132 2.55262e+07
28 3.90966e+06
178 4.06978e+07
88 1.52718e+07
91 1.5505e+07
30 4.06885e+06
31 4.48364e+06
84 1.41005e+07
163 3.31704e+07
63 8.69592e+06
134 2.59786e+07
72 9.9367e+06
61 7.7939e+06
69 9.28914e+06
156 3.22138e+07
104 1.76332e+07
108 1.93724e+07
16 3.79857e+06
Thế hệ thứ: 41
63 8.69592e+06
16 3.79857e+06
55 7.21044e+06
83 1.33374e+07
46 5.80482e+06
74 1.11878e+07
54 6.37189e+06
73 1.00651e+07
163 3.31704e+07
48 5.91395e+06
124 2.37136e+07
122 2.32831e+07
34 4.55442e+06
49 5.91821e+06
127 2.48861e+07
115 2.25218e+07
44 5.40586e+06
42 5.02807e+06
134 2.59786e+07
169 3.72417e+07
29 4.05122e+06
72 9.9367e+06
170 3.78392e+07
39 4.79846e+06
185 4.12257e+07
17 3.82736e+06
174 3.89959e+07
95 1.66075e+07
141 2.7715e+07
61 7.7939e+06
75 1.20048e+07
166 3.51324e+07
43 5.39017e+06
69 9.28914e+06
156 3.22138e+07
66 8.94252e+06
32 4.50484e+06
57 7.31753e+06
146 2.8203e+07
68 9.26299e+06
62 8.33645e+06
28 3.90966e+06
132 2.55262e+07
91 1.5505e+07
88 1.52718e+07
178 4.06978e+07
104 1.76332e+07
30 4.06885e+06
108 1.93724e+07
31 4.48364e+06
80 1.2637e+07
Thế hệ thứ: 42
54 6.37189e+06
74 1.11878e+07
83 1.33374e+07
46 5.80482e+06
16 3.79857e+06
55 7.21044e+06
63 8.69592e+06
28 3.90966e+06
132 2.55262e+07
73 1.00651e+07
178 4.06978e+07
88 1.52718e+07
91 1.5505e+07
163 3.31704e+07
48 5.91395e+06
124 2.37136e+07
122 2.32831e+07
127 2.48861e+07
49 5.91821e+06
34 4.55442e+06
104 1.76332e+07
44 5.40586e+06
115 2.25218e+07
30 4.06885e+06
42 5.02807e+06
134 2.59786e+07
29 4.05122e+06
169 3.72417e+07
108 1.93724e+07
72 9.9367e+06
170 3.78392e+07
39 4.79846e+06
31 4.42431e+06
185 4.12257e+07
174 3.89959e+07
141 2.7715e+07
113 2.08668e+07
95 1.66075e+07
61 7.7939e+06
80 1.2637e+07
75 1.20048e+07
166 3.51324e+07
43 5.39017e+06
69 9.28914e+06
156 3.22138e+07
66 8.94252e+06
32 4.50484e+06
146 2.8203e+07
57 7.31753e+06
68 9.26299e+06
158 3.24832e+07
19 3.8191e+06
Thế hệ thứ: 43
63 8.69592e+06
16 3.79857e+06
55 7.21044e+06
83 1.33374e+07
46 5.80482e+06
54 6.37189e+06
74 1.11878e+07
156 3.22138e+07
132 2.55262e+07
28 3.90966e+06
73 1.00651e+07
91 1.5505e+07
88 1.52718e+07
178 4.06978e+07
66 8.94252e+06
163 3.31704e+07
18 3.81692e+06
48 5.91395e+06
124 2.37136e+07
122 2.32831e+07
34 4.55442e+06
49 5.91821e+06
127 2.48861e+07
104 1.76332e+07
44 5.40586e+06
30 4.06885e+06
42 5.02807e+06
134 2.59786e+07
158 3.24832e+07
169 3.72417e+07
29 4.05122e+06
108 1.93724e+07
72 9.9367e+06
32 4.50484e+06
57 7.31753e+06
146 2.8203e+07
170 3.78392e+07
39 4.79846e+06
31 4.42431e+06
185 4.12257e+07
174 3.89959e+07
113 2.08668e+07
95 1.66075e+07
141 2.7715e+07
19 3.8191e+06
61 7.7939e+06
75 1.20048e+07
80 1.2637e+07
166 3.51324e+07
68 9.26299e+06
41 5.0259e+06
119 2.14525e+07
Thế hệ thứ: 44
54 6.37189e+06
74 1.11878e+07
83 1.33374e+07
46 5.80482e+06
61 7.7939e+06
55 7.21044e+06
63 8.69592e+06
19 3.8191e+06
156 3.22138e+07
132 2.55262e+07
28 3.90966e+06
73 1.00651e+07
178 4.06978e+07
88 1.52718e+07
91 1.5505e+07
113 2.08668e+07
95 1.66075e+07
43 5.40428e+06
141 2.7715e+07
66 8.94252e+06
163 3.31704e+07
185 4.12257e+07
31 4.42431e+06
48 5.91395e+06
124 2.37136e+07
122 2.32831e+07
127 2.48861e+07
49 5.91821e+06
34 4.55442e+06
104 1.76332e+07
44 5.40586e+06
30 4.06885e+06
42 5.02807e+06
134 2.59786e+07
29 4.05122e+06
169 3.72417e+07
158 3.24832e+07
174 3.89959e+07
108 1.93724e+07
72 9.9367e+06
32 4.50484e+06
146 2.8203e+07
57 7.31753e+06
170 3.78392e+07
39 4.79846e+06
80 1.2637e+07
75 1.20048e+07
166 3.51324e+07
68 9.26299e+06
18 3.67734e+06
118 2.19088e+07
Thế hệ thứ: 45
57 7.31753e+06
146 2.8203e+07
61 7.7939e+06
83 1.33374e+07
46 5.80482e+06
54 6.37189e+06
74 1.11878e+07
72 9.9367e+06
32 4.50484e+06
55 7.21044e+06
63 8.69592e+06
19 3.8191e+06
156 3.22138e+07
28 3.90966e+06
132 2.55262e+07
73 1.00651e+07
178 4.06978e+07
43 5.40428e+06
141 2.7715e+07
113 2.08668e+07
95 1.66075e+07
170 3.78392e+07
39 4.79846e+06
151 3.0513e+07
66 8.94252e+06
163 3.31704e+07
31 4.42431e+06
185 4.12257e+07
48 5.91395e+06
75 1.20048e+07
80 1.2637e+07
124 2.37136e+07
122 2.32831e+07
34 4.55442e+06
49 5.91821e+06
127 2.48861e+07
104 1.76332e+07
174 3.89959e+07
44 5.40586e+06
68 9.26299e+06
30 4.06885e+06
18 3.67734e+06
42 5.02807e+06
134 2.59786e+07
118 2.19088e+07
158 3.24832e+07
169 3.72417e+07
29 4.05122e+06
166 3.51324e+07
17 3.66417e+06
93 1.52024e+07
70 9.29649e+06
Thế hệ thứ: 46
54 6.37189e+06
74 1.11878e+07
83 1.33374e+07
46 5.80482e+06
61 7.7939e+06
57 7.31753e+06
146 2.8203e+07
72 9.9367e+06
32 4.50484e+06
55 7.21044e+06
63 8.69592e+06
19 3.8191e+06
113 2.08668e+07
95 1.66075e+07
141 2.7715e+07
43 5.40428e+06
156 3.22138e+07
132 2.55262e+07
28 3.90966e+06
73 1.00651e+07
134 2.59786e+07
118 2.19088e+07
29 4.05122e+06
169 3.72417e+07
158 3.24832e+07
178 4.06978e+07
166 3.51324e+07
39 4.79846e+06
66 8.94252e+06
151 3.0513e+07
163 3.31704e+07
185 4.12257e+07
31 4.42431e+06
93 1.52024e+07
48 5.91395e+06
75 1.20048e+07
124 2.37136e+07
122 2.32831e+07
70 9.29649e+06
127 2.48861e+07
49 5.91821e+06
34 4.55442e+06
104 1.76332e+07
44 5.40586e+06
68 9.26299e+06
17 3.61603e+06
174 3.78859e+07
172 3.73618e+07
18 3.66976e+06
94 1.60024e+07
30 4.06023e+06
128 2.5514e+07
80 1.25466e+07
Thế hệ thứ: 47
57 7.31753e+06
33 4.45695e+06
146 2.8203e+07
61 7.7939e+06
83 1.33374e+07
46 5.80482e+06
128 2.5514e+07
54 6.37189e+06
74 1.11878e+07
72 9.9367e+06
94 1.60024e+07
55 7.21044e+06
63 8.69592e+06
44 5.40586e+06
141 2.7715e+07
43 5.40428e+06
113 2.08668e+07
95 1.66075e+07
68 9.26299e+06
156 3.22138e+07
28 3.90966e+06
132 2.55262e+07
18 3.66976e+06
73 1.00651e+07
174 3.78859e+07
134 2.59786e+07
118 2.19088e+07
158 3.24832e+07
169 3.72417e+07
29 4.05122e+06
178 4.06978e+07
80 1.25466e+07
166 3.51324e+07
172 3.73618e+07
39 4.79846e+06
151 3.0513e+07
66 8.94252e+06
70 9.29649e+06
30 4.06023e+06
163 3.31704e+07
31 4.42431e+06
185 4.12257e+07
93 1.52024e+07
48 5.91395e+06
75 1.20048e+07
124 2.37136e+07
122 2.32831e+07
17 3.61603e+06
127 2.48861e+07
121 2.28488e+07
154 3.08515e+07
59 7.60747e+06
19 3.77522e+06
Thế hệ thứ: 48
95 1.57578e+07
74 1.11878e+07
54 6.37189e+06
83 1.33374e+07
46 5.80482e+06
61 7.7939e+06
57 7.31753e+06
146 2.8203e+07
33 4.45695e+06
72 9.9367e+06
154 3.08515e+07
124 2.37136e+07
122 2.32831e+07
68 9.26299e+06
55 7.21044e+06
63 8.69592e+06
44 5.40586e+06
17 3.61603e+06
113 2.08668e+07
141 2.7715e+07
43 5.40428e+06
121 2.28488e+07
62 8.68814e+06
156 3.22138e+07
132 2.55262e+07
28 3.90966e+06
73 1.00651e+07
18 3.66976e+06
174 3.78859e+07
134 2.59786e+07
118 2.19088e+07
29 4.05122e+06
169 3.72417e+07
158 3.24832e+07
178 4.06978e+07
39 4.79846e+06
59 7.60747e+06
166 3.51324e+07
80 1.25466e+07
172 3.73618e+07
66 8.94252e+06
151 3.0513e+07
70 9.29649e+06
19 3.77522e+06
163 3.31704e+07
30 4.06023e+06
185 4.12257e+07
31 4.42431e+06
52 5.90686e+06
130 2.46701e+07
Thế hệ thứ: 49
61 7.7939e+06
83 1.33374e+07
46 5.80482e+06
95 1.57578e+07
74 1.11878e+07
54 6.37189e+06
166 3.51324e+07
80 1.25466e+07
172 3.73618e+07
146 2.8203e+07
33 4.45695e+06
57 7.31753e+06
66 8.94252e+06
72 9.9367e+06
154 3.08515e+07
68 9.26299e+06
55 7.21044e+06
70 9.29649e+06
63 8.69592e+06
44 5.40586e+06
130 2.46701e+07
19 3.77522e+06
141 2.7715e+07
43 5.40428e+06
113 2.08668e+07
30 4.06023e+06
163 3.31704e+07
156 3.22138e+07
62 8.68814e+06
28 3.90966e+06
132 2.55262e+07
18 3.66976e+06
73 1.00651e+07
17 3.51936e+06
174 3.78859e+07
134 2.59786e+07
185 4.12257e+07
31 4.42431e+06
118 2.19088e+07
52 5.90686e+06
158 3.24832e+07
169 3.72417e+07
29 4.05122e+06
178 4.06978e+07
59 7.60747e+06
39 4.79846e+06
151 2.8922e+07
125 2.22273e+07
165 3.39298e+07
