Thế hệ thứ: 0
37 4.00955e+06
31 2.78986e+06
50 9.0492e+06
35 3.9956e+06
44 5.63393e+06
49 8.10971e+06
45 6.9814e+06
41 4.98076e+06
48 7.00461e+06
Thế hệ thứ: 1
32 2.80779e+06
31 2.78986e+06
44 5.63393e+06
35 3.9956e+06
37 4.00955e+06
48 6.25326e+06
40 4.33404e+06
42 4.83254e+06
33 3.28591e+06
47 5.97169e+06
34 3.31451e+06
50 7.5516e+06
Thế hệ thứ: 2
32 2.80779e+06
34 3.31451e+06
27 2.69776e+06
31 2.78986e+06
44 5.63393e+06
33 3.28591e+06
42 4.83254e+06
40 4.33404e+06
49 7.35665e+06
38 3.70863e+06
41 4.55951e+06
43 5.17987e+06
48 5.65262e+06
50 7.52786e+06
Thế hệ thứ: 3
48 5.65262e+06
33 3.28591e+06
32 2.80779e+06
50 7.52786e+06
34 3.31451e+06
27 2.69776e+06
31 2.78986e+06
38 3.70863e+06
45 5.153e+06
49 6.69428e+06
42 3.88411e+06
Thế hệ thứ: 4
48 5.65262e+06
33 3.28591e+06
32 2.80779e+06
50 7.52786e+06
38 3.70863e+06
31 2.78986e+06
27 2.69776e+06
42 3.88411e+06
49 6.69428e+06
39 3.79436e+06
35 3.30121e+06
46 4.6956e+06
37 3.35895e+06
Thế hệ thứ: 5
42 3.88411e+06
33 3.28591e+06
48 5.65262e+06
32 2.80779e+06
50 7.52786e+06
27 2.69776e+06
31 2.78986e+06
37 3.35895e+06
46 4.6956e+06
35 3.30121e+06
39 3.79436e+06
49 6.07642e+06
38 3.3937e+06
Thế hệ thứ: 6
49 6.07642e+06
48 5.65262e+06
33 3.28591e+06
42 3.88411e+06
32 2.80779e+06
38 3.3937e+06
50 7.52786e+06
27 2.69776e+06
31 2.78986e+06
37 3.35895e+06
46 4.6956e+06
35 3.30121e+06
39 3.69725e+06
40 3.71669e+06
47 5.39868e+06
Thế hệ thứ: 7
39 3.69725e+06
49 6.07642e+06
42 3.88411e+06
33 3.28591e+06
48 5.65262e+06
37 3.35895e+06
32 2.80779e+06
31 2.78986e+06
27 2.69776e+06
38 3.3937e+06
46 4.6956e+06
40 3.71669e+06
35 3.30121e+06
47 5.39868e+06
50 6.94724e+06
45 4.31798e+06
Thế hệ thứ: 8
49 6.07642e+06
39 3.69725e+06
27 2.69776e+06
31 2.78986e+06
32 2.80779e+06
48 5.65262e+06
33 3.28591e+06
42 3.88411e+06
37 3.35895e+06
38 3.3937e+06
40 3.71669e+06
47 5.39868e+06
45 4.31798e+06
36 3.29307e+06
46 4.34732e+06
41 3.79672e+06
50 6.92573e+06
Thế hệ thứ: 9
39 3.69725e+06
49 6.07642e+06
33 3.13592e+06
37 3.35895e+06
31 2.78986e+06
27 2.69776e+06
36 3.29307e+06
38 3.3937e+06
50 6.92573e+06
41 3.79672e+06
32 2.80779e+06
46 4.34732e+06
48 5.65262e+06
47 5.39868e+06
42 3.88411e+06
45 4.31798e+06
40 3.71669e+06
Thế hệ thứ: 10
49 6.07642e+06
39 3.69725e+06
41 3.79672e+06
32 2.80779e+06
50 6.92573e+06
38 3.3937e+06
33 3.13592e+06
31 2.78986e+06
27 2.69776e+06
46 4.34732e+06
48 5.65262e+06
45 4.31798e+06
40 3.71669e+06
42 3.87703e+06
47 4.39033e+06
37 3.22529e+06
Thế hệ thứ: 11
38 3.3937e+06
39 3.69725e+06
49 6.07642e+06
27 2.69776e+06
45 4.31798e+06
41 3.79672e+06
32 2.80779e+06
42 3.87703e+06
50 6.92573e+06
46 4.34732e+06
48 5.65262e+06
47 4.39033e+06
37 3.22529e+06
40 3.71669e+06
33 3.13592e+06
31 2.76571e+06
Thế hệ thứ: 12
38 3.3937e+06
49 6.07642e+06
39 3.69725e+06
42 3.87703e+06
45 4.31798e+06
27 2.69776e+06
41 3.79672e+06
32 2.80779e+06
46 4.34732e+06
31 2.76571e+06
48 5.65262e+06
47 4.39033e+06
37 3.22529e+06
40 3.71669e+06
50 6.84199e+06
33 3.13592e+06
44 4.22793e+06
Thế hệ thứ: 13
38 3.3937e+06
31 2.76571e+06
39 3.69676e+06
48 5.65262e+06
44 4.22793e+06
49 6.07642e+06
45 4.31798e+06
42 3.87703e+06
37 3.22529e+06
27 2.69776e+06
50 6.84199e+06
33 3.13592e+06
32 2.80779e+06
41 3.79672e+06
40 3.71669e+06
46 4.34732e+06
47 4.37546e+06
34 3.20403e+06
Thế hệ thứ: 14
38 3.3937e+06
31 2.76571e+06
48 5.65262e+06
39 3.69676e+06
50 6.84199e+06
33 3.13592e+06
45 4.31798e+06
42 3.87703e+06
37 3.22529e+06
27 2.69776e+06
41 3.79672e+06
32 2.80779e+06
47 4.37546e+06
40 3.71669e+06
46 4.34732e+06
35 3.1804e+06
44 4.22793e+06
49 5.69855e+06
Thế hệ thứ: 15
38 3.3937e+06
47 4.37546e+06
32 2.80779e+06
41 3.79672e+06
39 3.69676e+06
48 5.65262e+06
50 6.84199e+06
33 3.13592e+06
44 4.22793e+06
40 3.71669e+06
49 5.69855e+06
42 3.87703e+06
37 3.22529e+06
35 3.1804e+06
27 2.69776e+06
46 4.26127e+06
31 2.72889e+06
Thế hệ thứ: 16
47 4.37546e+06
31 2.72889e+06
41 3.79672e+06
40 3.71669e+06
46 4.26127e+06
37 3.22529e+06
39 3.69676e+06
33 3.13592e+06
42 3.87703e+06
27 2.69776e+06
35 3.1804e+06
44 4.22793e+06
50 5.69682e+06
48 5.33663e+06
32 2.80376e+06
38 3.33092e+06
Thế hệ thứ: 17
27 2.69776e+06
46 4.26127e+06
46 4.26127e+06
46 4.26127e+06
32 2.80376e+06
31 2.72889e+06
47 4.37546e+06
50 5.69682e+06
38 3.33092e+06
48 5.33663e+06
40 3.71669e+06
33 3.13592e+06
35 3.1804e+06
37 3.22529e+06
44 4.22793e+06
42 3.87703e+06
41 3.73163e+06
39 3.67969e+06
Thế hệ thứ: 18
44 4.22793e+06
38 3.33092e+06
50 5.69682e+06
46 4.26127e+06
46 4.26127e+06
46 4.26127e+06
27 2.69776e+06
42 3.79319e+06
33 3.13592e+06
41 3.73163e+06
31 2.72889e+06
32 2.80376e+06
35 3.1804e+06
48 5.33663e+06
40 3.71669e+06
37 3.22529e+06
47 4.37546e+06
39 3.67969e+06
Thế hệ thứ: 19
41 3.73163e+06
48 5.33663e+06
32 2.80376e+06
31 2.72889e+06
44 4.22793e+06
50 5.69682e+06
38 3.33092e+06
46 4.26127e+06
46 4.26127e+06
46 4.26127e+06
27 2.69776e+06
35 3.1804e+06
40 3.71669e+06
33 3.13592e+06
42 3.79319e+06
37 3.22529e+06
47 4.37546e+06
39 3.67969e+06
Thế hệ thứ: 20
48 5.33663e+06
41 3.73163e+06
44 4.22793e+06
32 2.80376e+06
31 2.72889e+06
39 3.67969e+06
38 3.33092e+06
33 3.13592e+06
42 3.79319e+06
46 4.26127e+06
46 4.26127e+06
46 4.26127e+06
47 4.37546e+06
27 2.69776e+06
37 3.22529e+06
35 3.1804e+06
40 3.71669e+06
36 3.22016e+06
50 5.59443e+06
Thế hệ thứ: 21
33 3.13592e+06
42 3.79319e+06
32 2.80376e+06
31 2.72889e+06
50 5.59443e+06
36 3.22016e+06
41 3.73163e+06
48 5.33663e+06
39 3.67969e+06
46 4.26127e+06
46 4.26127e+06
46 4.26127e+06
38 3.33092e+06
47 4.37546e+06
27 2.69776e+06
37 3.22529e+06
35 3.1804e+06
40 3.71669e+06
45 3.98064e+06
Thế hệ thứ: 22
48 5.33663e+06
33 3.13592e+06
42 3.79319e+06
42 3.79319e+06
38 3.33092e+06
50 5.59443e+06
32 2.80376e+06
31 2.72889e+06
36 3.22016e+06
41 3.73163e+06
27 2.69776e+06
37 3.22529e+06
35 3.1804e+06
39 3.67969e+06
47 4.37546e+06
45 3.98064e+06
46 4.26127e+06
46 4.26127e+06
46 4.26127e+06
44 3.88738e+06
40 3.69784e+06
34 3.1748e+06
Thế hệ thứ: 23
48 5.33663e+06
46 4.26127e+06
46 4.26127e+06
46 4.26127e+06
45 3.98064e+06
33 3.13592e+06
42 3.79319e+06
42 3.79319e+06
38 3.33092e+06
50 5.59443e+06
32 2.80376e+06
31 2.72889e+06
34 3.1748e+06
36 3.22016e+06
41 3.73163e+06
44 3.88738e+06
47 4.37546e+06
39 3.67969e+06
40 3.69784e+06
27 2.69776e+06
37 3.22529e+06
35 3.1804e+06
Thế hệ thứ: 24
38 3.33092e+06
42 3.79319e+06
42 3.79319e+06
46 4.26127e+06
46 4.26127e+06
46 4.26127e+06
45 3.98064e+06
40 3.69784e+06
27 2.69776e+06
37 3.22529e+06
50 5.59443e+06
31 2.72889e+06
32 2.80376e+06
47 4.37546e+06
44 3.88738e+06
36 3.22016e+06
41 3.73163e+06
35 3.0865e+06
48 5.31686e+06
39 3.39682e+06
34 3.01248e+06
Thế hệ thứ: 25
39 3.39682e+06
46 4.26127e+06
46 4.26127e+06
46 4.26127e+06
38 3.33092e+06
31 2.72889e+06
32 2.80376e+06
50 5.59443e+06
42 3.79319e+06
42 3.79319e+06
34 3.01248e+06
41 3.73163e+06
44 3.88738e+06
47 4.37546e+06
47 4.37546e+06
35 3.0865e+06
45 3.98064e+06
36 3.22016e+06
27 2.69776e+06
48 5.31686e+06
37 3.22529e+06
40 3.69784e+06
Thế hệ thứ: 26
46 4.26127e+06
46 4.26127e+06
46 4.26127e+06
39 3.39682e+06
38 3.33092e+06
50 5.59443e+06
31 2.72889e+06
32 2.80376e+06
37 3.22529e+06
27 2.69776e+06
42 3.79319e+06
42 3.79319e+06
34 3.01248e+06
47 4.37546e+06
47 4.37546e+06
44 3.88738e+06
45 3.98064e+06
35 3.0865e+06
48 5.31686e+06
36 3.22016e+06
33 3.00836e+06
41 3.68682e+06
Thế hệ thứ: 27
41 3.68682e+06
39 3.39682e+06
46 4.26127e+06
46 4.26127e+06
46 4.26127e+06
46 4.26127e+06
44 3.88738e+06
47 4.37546e+06
47 4.37546e+06
32 2.80376e+06
31 2.72889e+06
50 5.59443e+06
37 3.22529e+06
27 2.69776e+06
35 3.0865e+06
45 3.98064e+06
48 5.31686e+06
42 3.79319e+06
42 3.79319e+06
34 3.01248e+06
36 3.22016e+06
33 3.00836e+06
38 3.33026e+06
Thế hệ thứ: 28
46 4.26127e+06
46 4.26127e+06
46 4.26127e+06
46 4.26127e+06
39 3.39682e+06
42 3.56581e+06
47 4.37546e+06
47 4.37546e+06
44 3.88738e+06
36 3.22016e+06
31 2.72889e+06
32 2.80376e+06
50 5.59443e+06
37 3.22529e+06
33 3.00836e+06
27 2.69776e+06
45 3.98064e+06
35 3.0865e+06
48 5.31686e+06
38 3.33026e+06
34 3.01248e+06
Thế hệ thứ: 29
39 3.39682e+06
27 2.69776e+06
46 4.26127e+06
46 4.26127e+06
46 4.26127e+06
46 4.26127e+06
44 3.88738e+06
47 4.37546e+06
47 4.37546e+06
42 3.56581e+06
45 3.98064e+06
35 3.0865e+06
48 5.31686e+06
36 3.22016e+06
32 2.80376e+06
31 2.72889e+06
50 5.59443e+06
37 3.22529e+06
38 3.33026e+06
34 3.01248e+06
33 3.00836e+06
Thế hệ thứ: 30
45 3.98064e+06
46 4.26127e+06
46 4.26127e+06
46 4.26127e+06
46 4.26127e+06
27 2.69776e+06
31 2.72889e+06
32 2.80376e+06
42 3.56581e+06
47 4.37546e+06
47 4.37546e+06
44 3.88738e+06
37 3.22529e+06
48 5.31686e+06
50 5.59443e+06
38 3.33026e+06
34 3.01248e+06
36 3.22016e+06
33 3.00836e+06
35 3.03889e+06
39 3.3941e+06
Thế hệ thứ: 31
34 3.01248e+06
36 3.22016e+06
50 5.59443e+06
45 3.98064e+06
46 4.26127e+06
46 4.26127e+06
46 4.26127e+06
46 4.26127e+06
38 3.33026e+06
27 2.69776e+06
35 3.03889e+06
33 3.00836e+06
39 3.3941e+06
32 2.80376e+06
31 2.72889e+06
44 3.88738e+06
47 4.37546e+06
47 4.37546e+06
42 3.56581e+06
37 3.22529e+06
48 5.31686e+06
40 3.40634e+06
43 3.83659e+06
Thế hệ thứ: 32
34 3.01248e+06
50 5.59443e+06
36 3.22016e+06
44 3.88738e+06
47 4.37546e+06
47 4.37546e+06
42 3.56581e+06
46 4.26127e+06
46 4.26127e+06
46 4.26127e+06
46 4.26127e+06
40 3.40634e+06
38 3.33026e+06
27 2.69776e+06
35 3.03889e+06
48 5.31686e+06
33 3.00836e+06
37 3.22529e+06
39 3.3941e+06
31 2.72889e+06
32 2.80376e+06
45 3.97478e+06
41 3.47161e+06
43 3.59206e+06
Thế hệ thứ: 33
34 3.01248e+06
36 3.22016e+06
50 5.59443e+06
44 3.88738e+06
47 4.37546e+06
47 4.37546e+06
42 3.56581e+06
45 3.97478e+06
48 5.31686e+06
27 2.69776e+06
41 3.47161e+06
33 3.00836e+06
43 3.59206e+06
46 4.26127e+06
46 4.26127e+06
46 4.26127e+06
46 4.26127e+06
40 3.40634e+06
38 3.33026e+06
37 3.22529e+06
39 3.3941e+06
35 3.03889e+06
32 2.80376e+06
31 2.72889e+06
Thế hệ thứ: 34
34 3.01248e+06
50 5.59443e+06
36 3.22016e+06
40 3.40634e+06
44 3.88738e+06
47 4.37546e+06
47 4.37546e+06
42 3.56581e+06
38 3.33026e+06
37 3.22529e+06
45 3.97478e+06
39 3.3941e+06
48 5.31686e+06
41 3.47161e+06
27 2.69776e+06
35 3.03889e+06
33 3.00836e+06
31 2.72889e+06
32 2.80376e+06
43 3.59206e+06
46 4.24129e+06
Thế hệ thứ: 35
34 3.01248e+06
36 3.22016e+06
50 5.59443e+06
40 3.40634e+06
35 3.03889e+06
47 4.37546e+06
47 4.37546e+06
42 3.56581e+06
44 3.88738e+06
46 4.24129e+06
33 3.00836e+06
38 3.33026e+06
37 3.22529e+06
32 2.80376e+06
31 2.72889e+06
45 3.97478e+06
39 3.3941e+06
43 3.59206e+06
48 5.31686e+06
27 2.69776e+06
41 3.47161e+06
Thế hệ thứ: 36
34 3.01248e+06
32 2.80376e+06
31 2.72889e+06
50 5.59443e+06
36 3.22016e+06
40 3.40634e+06
35 3.03889e+06
48 5.31686e+06
45 3.97478e+06
44 3.88738e+06
42 3.56581e+06
47 4.37546e+06
47 4.37546e+06
39 3.3941e+06
46 4.24129e+06
43 3.59206e+06
33 3.00836e+06
41 3.47161e+06
27 2.69776e+06
38 3.33026e+06
37 3.22529e+06
Thế hệ thứ: 37
48 5.31686e+06
46 4.24129e+06
34 3.01248e+06
36 3.22016e+06
50 5.59443e+06
32 2.80376e+06
31 2.72889e+06
40 3.40634e+06
35 3.03889e+06
43 3.59206e+06
41 3.47161e+06
27 2.69776e+06
38 3.33026e+06
47 4.37546e+06
47 4.37546e+06
42 3.56581e+06
44 3.88738e+06
45 3.93158e+06
37 3.22529e+06
39 3.3941e+06
33 2.97245e+06
Thế hệ thứ: 38
50 5.59443e+06
43 3.59206e+06
36 3.22016e+06
44 3.88738e+06
42 3.56581e+06
47 4.37546e+06
47 4.37546e+06
38 3.33026e+06
34 3.01248e+06
31 2.72889e+06
32 2.80376e+06
40 3.40634e+06
27 2.69776e+06
41 3.47161e+06
35 3.03889e+06
37 3.22529e+06
45 3.93158e+06
39 3.3941e+06
33 2.97245e+06
46 4.23767e+06
48 5.31366e+06
Thế hệ thứ: 39
36 3.22016e+06
43 3.59206e+06
50 5.59443e+06
27 2.69776e+06
41 3.47161e+06
46 4.23767e+06
35 3.03889e+06
45 3.93158e+06
37 3.22529e+06
47 4.37546e+06
47 4.37546e+06
44 3.88738e+06
34 3.01248e+06
33 2.97245e+06
48 5.31366e+06
32 2.80376e+06
31 2.72889e+06
40 3.40634e+06
39 3.29835e+06
42 3.53236e+06
Thế hệ thứ: 40
31 2.72889e+06
32 2.80376e+06
50 5.59443e+06
39 3.29835e+06
43 3.59206e+06
36 3.22016e+06
46 4.23767e+06
27 2.69776e+06
41 3.47161e+06
35 3.03889e+06
40 3.40634e+06
37 3.22529e+06
45 3.93158e+06
44 3.88738e+06
47 4.37546e+06
47 4.37546e+06
48 5.31366e+06
42 3.5193e+06
34 2.9645e+06
Thế hệ thứ: 41
39 3.29835e+06
43 3.59206e+06
50 5.59443e+06
31 2.72889e+06
32 2.80376e+06
40 3.40634e+06
48 5.31366e+06
46 4.23767e+06
41 3.47161e+06
27 2.69776e+06
45 3.93158e+06
47 4.37546e+06
47 4.37546e+06
44 3.88738e+06
35 3.03889e+06
42 3.5193e+06
34 2.9645e+06
38 3.10491e+06
Thế hệ thứ: 42
27 2.69776e+06
41 3.47161e+06
34 2.9645e+06
32 2.80376e+06
31 2.72889e+06
50 5.59443e+06
39 3.29835e+06
44 3.88738e+06
47 4.37546e+06
47 4.37546e+06
40 3.40634e+06
48 5.31366e+06
35 3.03889e+06
38 3.10491e+06
45 3.93158e+06
42 3.5193e+06
46 4.05488e+06
43 3.5325e+06
Thế hệ thứ: 43
27 2.69776e+06
41 3.47161e+06
34 2.9645e+06
35 3.03889e+06
32 2.80376e+06
31 2.72889e+06
46 4.05488e+06
43 3.5325e+06
50 5.59443e+06
47 4.37546e+06
47 4.37546e+06
40 3.40634e+06
48 5.31366e+06
39 3.10502e+06
38 3.06293e+06
45 3.77271e+06
42 3.50435e+06
Thế hệ thứ: 44
39 3.10502e+06
27 2.69776e+06
41 3.47161e+06
34 2.9645e+06
38 3.06293e+06
47 4.37546e+06
47 4.37546e+06
35 3.03889e+06
31 2.72889e+06
32 2.80376e+06
46 4.05488e+06
50 5.59443e+06
43 3.5325e+06
45 3.77271e+06
40 3.40634e+06
48 5.31366e+06
42 3.50435e+06
44 3.74456e+06
Thế hệ thứ: 45
27 2.69776e+06
41 3.47161e+06
39 3.10502e+06
40 3.40634e+06
31 2.72889e+06
32 2.80376e+06
38 3.06293e+06
44 3.74456e+06
46 4.05488e+06
43 3.5325e+06
50 5.59443e+06
45 3.77271e+06
48 5.31366e+06
42 3.50435e+06
47 4.32877e+06
34 2.8351e+06
35 3.00968e+06
Thế hệ thứ: 46
34 2.8351e+06
31 2.72889e+06
32 2.80376e+06
39 3.10502e+06
27 2.69776e+06
41 3.47161e+06
44 3.74456e+06
46 4.05488e+06
40 3.40634e+06
43 3.5325e+06
50 5.59443e+06
45 3.77271e+06
48 5.31366e+06
42 3.50435e+06
47 4.32877e+06
35 3.00968e+06
38 3.06293e+06
Thế hệ thứ: 47
48 5.31366e+06
39 3.10502e+06
31 2.72889e+06
32 2.80376e+06
34 2.8351e+06
43 3.5325e+06
50 5.59443e+06
45 3.77271e+06
35 3.00968e+06
41 3.47161e+06
27 2.69776e+06
42 3.50435e+06
44 3.74456e+06
38 3.06293e+06
40 3.40634e+06
47 4.0368e+06
Thế hệ thứ: 48
41 3.47161e+06
27 2.69776e+06
39 3.10502e+06
48 5.31366e+06
31 2.72889e+06
32 2.80376e+06
38 3.06293e+06
42 3.50435e+06
34 2.8351e+06
47 4.0368e+06
44 3.74456e+06
50 5.59443e+06
43 3.5325e+06
45 3.77271e+06
40 3.40634e+06
35 3.00968e+06
Thế hệ thứ: 49
47 4.0368e+06
39 3.10502e+06
41 3.47161e+06
27 2.69776e+06
35 3.00968e+06
32 2.80376e+06
31 2.72889e+06
34 2.8351e+06
44 3.74456e+06
43 3.5325e+06
37 3.05856e+06
50 5.59443e+06
38 3.06293e+06
42 3.50435e+06
45 3.77271e+06
40 3.40634e+06
48 5.23811e+06
