Thế hệ thứ: 0
99 1.76603e+07
118 2.67279e+07
29 4.53299e+06
42 9.19343e+06
38 7.91373e+06
30 4.57059e+06
33 4.84936e+06
27 3.84304e+06
141 3.43789e+07
28 4.11117e+06
32 4.84763e+06
117 2.16269e+07
150 3.83318e+07
94 1.72235e+07
129 3.2093e+07
75 1.20801e+07
88 1.58047e+07
53 9.36467e+06
122 2.71249e+07
126 3.02243e+07
77 1.53947e+07
Thế hệ thứ: 1
94 1.72235e+07
27 3.84304e+06
117 2.16269e+07
75 1.20801e+07
141 3.43789e+07
99 1.76603e+07
29 4.53299e+06
70 1.18825e+07
90 1.43894e+07
33 4.84936e+06
28 4.11117e+06
61 9.83843e+06
30 4.57059e+06
32 4.84763e+06
102 2.10815e+07
47 6.36211e+06
59 8.7514e+06
39 5.19918e+06
51 8.34322e+06
152 3.52506e+07
77 1.34953e+07
130 2.65441e+07
Thế hệ thứ: 2
37 4.64468e+06
59 8.7514e+06
47 6.36211e+06
90 1.43894e+07
27 3.84304e+06
106 2.15772e+07
130 2.65441e+07
39 5.19918e+06
152 3.52506e+07
81 1.31342e+07
141 3.43789e+07
117 2.16269e+07
102 2.10815e+07
30 4.57059e+06
99 1.76603e+07
94 1.72235e+07
75 1.20801e+07
28 4.11117e+06
29 4.53299e+06
48 6.82912e+06
51 7.60491e+06
72 1.16478e+07
63 9.6905e+06
100 2.09372e+07
Thế hệ thứ: 3
94 1.72235e+07
63 9.6905e+06
90 1.43894e+07
27 3.84304e+06
130 2.65441e+07
39 5.19918e+06
152 3.52506e+07
81 1.31342e+07
141 3.43789e+07
117 2.16269e+07
72 1.16478e+07
99 1.76603e+07
59 8.7514e+06
37 4.64468e+06
47 6.36211e+06
51 7.60491e+06
75 1.20801e+07
30 4.57059e+06
28 4.11117e+06
29 4.53299e+06
106 2.0345e+07
67 1.09331e+07
65 9.98445e+06
48 6.62036e+06
61 9.11621e+06
Thế hệ thứ: 4
48 6.62036e+06
90 1.43894e+07
27 3.84304e+06
130 2.65441e+07
152 3.52506e+07
141 3.43789e+07
81 1.31342e+07
117 2.16269e+07
106 2.0345e+07
99 1.76603e+07
63 9.6905e+06
51 7.60491e+06
59 8.7514e+06
37 4.64468e+06
47 6.36211e+06
75 1.20801e+07
45 6.35274e+06
72 1.16478e+07
65 9.98445e+06
30 4.57059e+06
61 9.11621e+06
28 4.11117e+06
29 4.53299e+06
39 4.94135e+06
96 1.64724e+07
42 4.99311e+06
133 2.83148e+07
119 2.61227e+07
68 1.04967e+07
Thế hệ thứ: 5
86 1.35366e+07
152 3.52506e+07
31 4.53746e+06
48 6.62036e+06
90 1.43894e+07
27 3.84304e+06
141 3.43789e+07
81 1.31342e+07
61 9.11621e+06
133 2.83148e+07
117 2.16269e+07
106 2.0345e+07
119 2.61227e+07
99 1.76603e+07
130 2.65441e+07
29 4.53299e+06
96 1.64724e+07
51 7.60491e+06
47 6.36211e+06
59 8.7514e+06
37 4.64468e+06
75 1.20801e+07
68 1.04967e+07
45 6.35274e+06
72 1.16478e+07
63 9.6905e+06
42 4.99311e+06
65 9.98445e+06
39 4.94135e+06
28 4.11117e+06
57 8.70328e+06
62 9.60865e+06
Thế hệ thứ: 6
152 3.52506e+07
86 1.35366e+07
27 3.84304e+06
81 1.31342e+07
150 3.2894e+07
61 9.11621e+06
133 2.83148e+07
117 2.16269e+07
106 2.0345e+07
99 1.76603e+07
119 2.61227e+07
130 2.65441e+07
96 1.64724e+07
90 1.43894e+07
95 1.5921e+07
51 7.60491e+06
75 1.20801e+07
68 1.04967e+07
72 1.16478e+07
57 8.70328e+06
63 9.6905e+06
42 4.99311e+06
37 4.64468e+06
59 8.7514e+06
65 9.98445e+06
39 4.94135e+06
28 4.11117e+06
62 9.60865e+06
36 4.47211e+06
54 8.0798e+06
48 5.89704e+06
43 5.01574e+06
Thế hệ thứ: 7
152 3.52506e+07
86 1.35366e+07
27 3.84304e+06
61 9.11621e+06
150 3.2894e+07
133 2.83148e+07
117 2.16269e+07
106 2.0345e+07
99 1.76603e+07
119 2.61227e+07
130 2.65441e+07
90 1.43894e+07
48 5.89704e+06
81 1.31342e+07
75 1.20801e+07
51 7.60491e+06
68 1.04967e+07
72 1.16478e+07
28 4.11117e+06
36 4.47211e+06
54 8.0798e+06
43 5.01574e+06
57 8.70328e+06
39 4.94135e+06
59 8.7514e+06
37 4.64468e+06
42 4.99311e+06
63 9.6905e+06
62 9.60865e+06
96 1.55755e+07
66 9.74558e+06
Thế hệ thứ: 8
152 3.52506e+07
86 1.35366e+07
27 3.84304e+06
61 9.11621e+06
150 3.2894e+07
133 2.83148e+07
117 2.16269e+07
106 2.0345e+07
99 1.76603e+07
130 2.65441e+07
96 1.55755e+07
48 5.89704e+06
90 1.43894e+07
81 1.31342e+07
75 1.20801e+07
68 1.04967e+07
66 9.74558e+06
72 1.16478e+07
28 4.11117e+06
36 4.47211e+06
54 8.0798e+06
43 5.01574e+06
57 8.70328e+06
39 4.94135e+06
59 8.7514e+06
37 4.64468e+06
42 4.99311e+06
63 9.6905e+06
62 9.60865e+06
151 3.48828e+07
38 4.90109e+06
53 6.89876e+06
91 1.46481e+07
110 2.11249e+07
123 2.50025e+07
Thế hệ thứ: 9
152 3.52506e+07
86 1.35366e+07
123 2.50025e+07
27 3.84304e+06
61 9.11621e+06
133 2.83148e+07
150 3.2894e+07
99 1.76603e+07
130 2.65441e+07
96 1.55755e+07
48 5.89704e+06
81 1.31342e+07
68 9.62713e+06
75 1.20801e+07
53 6.89876e+06
72 1.16478e+07
28 4.11117e+06
151 3.48828e+07
54 8.0798e+06
36 4.47211e+06
91 1.46481e+07
43 5.01574e+06
90 1.43894e+07
57 8.70328e+06
59 8.7514e+06
62 9.60865e+06
39 4.55151e+06
42 4.94997e+06
119 1.96497e+07
Thế hệ thứ: 10
130 2.65441e+07
152 3.52506e+07
86 1.35366e+07
123 2.50025e+07
27 3.84304e+06
99 1.76603e+07
57 8.70328e+06
119 1.96497e+07
61 9.11621e+06
133 2.83148e+07
150 3.2894e+07
96 1.55755e+07
68 9.62713e+06
48 5.89704e+06
146 3.21639e+07
75 1.20801e+07
53 6.89876e+06
36 4.47211e+06
28 4.11117e+06
151 3.48828e+07
54 8.0798e+06
42 4.94997e+06
91 1.46481e+07
43 5.01574e+06
90 1.43894e+07
62 9.60865e+06
39 4.55151e+06
59 8.7514e+06
72 9.87782e+06
134 2.8939e+07
38 4.55034e+06
81 1.23597e+07
Thế hệ thứ: 11
130 2.65441e+07
152 3.52506e+07
86 1.35366e+07
123 2.50025e+07
27 3.84304e+06
99 1.76603e+07
57 8.70328e+06
119 1.96497e+07
134 2.8939e+07
96 1.55755e+07
75 1.20801e+07
48 5.89704e+06
81 1.23597e+07
47 5.32738e+06
72 9.87782e+06
61 9.11621e+06
133 2.83148e+07
150 3.2894e+07
53 6.89876e+06
66 9.28065e+06
36 4.47211e+06
28 4.11117e+06
151 3.48828e+07
54 8.0798e+06
68 9.62713e+06
42 4.94997e+06
91 1.46481e+07
43 5.01574e+06
90 1.43894e+07
59 8.7514e+06
39 4.55151e+06
38 4.55034e+06
146 2.90043e+07
41 4.56204e+06
40 4.56064e+06
132 2.79583e+07
34 4.46766e+06
103 1.90854e+07
74 1.20551e+07
Thế hệ thứ: 12
86 1.35366e+07
103 1.90854e+07
132 2.79583e+07
123 2.50025e+07
27 3.84304e+06
57 8.70328e+06
119 1.96497e+07
146 2.90043e+07
133 2.83148e+07
61 9.11621e+06
130 2.65441e+07
96 1.55755e+07
81 1.23597e+07
134 2.8939e+07
72 9.87782e+06
47 5.32738e+06
53 6.89876e+06
48 5.89704e+06
74 1.20551e+07
90 1.43894e+07
54 8.0798e+06
42 4.94997e+06
91 1.46481e+07
28 4.11117e+06
34 4.46766e+06
36 4.47211e+06
66 9.28065e+06
68 9.62713e+06
75 1.20801e+07
43 5.01574e+06
59 8.7514e+06
41 4.56204e+06
38 4.55034e+06
40 4.56064e+06
39 4.55151e+06
102 1.6837e+07
156 3.22465e+07
82 1.29842e+07
Thế hệ thứ: 13
103 1.90854e+07
132 2.79583e+07
123 2.50025e+07
59 8.7514e+06
156 3.22465e+07
27 3.84304e+06
57 8.70328e+06
119 1.96497e+07
102 1.6837e+07
146 2.90043e+07
130 2.65441e+07
96 1.55755e+07
72 9.87782e+06
47 5.32738e+06
134 2.8939e+07
53 6.89876e+06
86 1.35366e+07
82 1.29842e+07
48 5.89704e+06
90 1.43894e+07
54 8.0798e+06
42 4.94997e+06
91 1.46481e+07
81 1.23597e+07
28 4.11117e+06
34 4.46766e+06
133 2.83148e+07
61 9.11621e+06
36 4.47211e+06
66 9.28065e+06
68 9.62713e+06
75 1.20801e+07
43 5.01574e+06
40 4.55247e+06
74 1.14755e+07
41 4.56204e+06
38 4.55034e+06
39 4.55151e+06
50 6.3183e+06
73 1.11061e+07
106 1.91922e+07
Thế hệ thứ: 14
132 2.79583e+07
27 3.84304e+06
59 8.7514e+06
156 3.22465e+07
57 8.70328e+06
119 1.96497e+07
102 1.6837e+07
146 2.90043e+07
130 2.65441e+07
96 1.55755e+07
39 4.55151e+06
106 1.91922e+07
134 2.8939e+07
103 1.90854e+07
54 8.0798e+06
53 6.89876e+06
72 9.87782e+06
47 5.32738e+06
42 4.94997e+06
91 1.46481e+07
81 1.23597e+07
75 1.20801e+07
48 5.89704e+06
82 1.29842e+07
90 1.43894e+07
28 4.11117e+06
34 4.46766e+06
127 2.21935e+07
50 6.3183e+06
133 2.83148e+07
61 9.11621e+06
36 4.47211e+06
66 9.28065e+06
73 1.11061e+07
68 9.62713e+06
43 5.01574e+06
40 4.55247e+06
41 4.56204e+06
74 1.14755e+07
38 4.55034e+06
87 1.41274e+07
86 1.34565e+07
83 1.30581e+07
Thế hệ thứ: 15
59 8.7514e+06
156 3.22465e+07
27 3.84304e+06
102 1.6837e+07
146 2.90043e+07
127 2.21935e+07
50 6.3183e+06
57 8.70328e+06
119 1.96497e+07
96 1.55755e+07
39 4.55151e+06
106 1.91922e+07
103 1.90854e+07
53 6.89876e+06
72 9.87782e+06
42 4.94997e+06
91 1.46481e+07
81 1.23597e+07
75 1.20801e+07
151 3.12994e+07
28 4.11117e+06
34 4.46766e+06
61 9.11621e+06
36 4.47211e+06
66 9.28065e+06
73 1.11061e+07
86 1.34565e+07
68 9.62713e+06
87 1.41274e+07
82 1.29842e+07
40 4.55247e+06
41 4.56204e+06
74 1.14755e+07
90 1.43894e+07
83 1.30581e+07
38 4.55034e+06
49 5.91371e+06
56 7.57792e+06
140 2.6124e+07
48 4.99798e+06
44 4.9605e+06
Thế hệ thứ: 16
27 3.84304e+06
59 8.7514e+06
156 3.22465e+07
102 1.6837e+07
146 2.90043e+07
127 2.21935e+07
50 6.3183e+06
140 2.6124e+07
57 8.70328e+06
119 1.96497e+07
151 3.12994e+07
28 4.11117e+06
96 1.55755e+07
39 4.55151e+06
106 1.91922e+07
103 1.90854e+07
56 7.57792e+06
53 6.89876e+06
72 9.87782e+06
42 4.94997e+06
91 1.46481e+07
81 1.23597e+07
34 4.46766e+06
61 9.11621e+06
48 4.99798e+06
36 4.47211e+06
66 9.28065e+06
73 1.11061e+07
86 1.34565e+07
68 9.62713e+06
87 1.41274e+07
49 5.91371e+06
40 4.55247e+06
41 4.56204e+06
74 1.14755e+07
90 1.43894e+07
55 7.56097e+06
38 4.55034e+06
44 4.9605e+06
83 1.30581e+07
82 1.29842e+07
29 4.2268e+06
75 1.17502e+07
Thế hệ thứ: 17
152 3.19794e+07
59 8.7514e+06
156 3.22465e+07
27 3.84304e+06
102 1.6837e+07
146 2.90043e+07
50 6.3183e+06
127 2.21935e+07
29 4.2268e+06
140 2.6124e+07
57 8.70328e+06
119 1.96497e+07
151 3.12994e+07
28 4.11117e+06
96 1.55755e+07
39 4.55151e+06
106 1.91922e+07
103 1.90854e+07
81 1.23597e+07
72 9.87782e+06
42 4.94997e+06
91 1.46481e+07
75 1.17502e+07
53 6.89876e+06
48 4.99798e+06
36 4.47211e+06
66 9.28065e+06
73 1.11061e+07
86 1.34565e+07
87 1.41274e+07
34 4.46766e+06
49 5.91371e+06
90 1.43894e+07
38 4.55034e+06
55 7.56097e+06
44 4.9605e+06
83 1.30581e+07
82 1.29842e+07
40 4.55247e+06
62 8.84954e+06
41 4.56204e+06
74 1.14755e+07
69 9.5886e+06
65 9.17149e+06
56 7.56097e+06
143 2.82013e+07
126 2.21148e+07
Thế hệ thứ: 18
27 3.84304e+06
59 8.7514e+06
152 3.19794e+07
156 3.22465e+07
29 4.2268e+06
140 2.6124e+07
57 8.70328e+06
119 1.96497e+07
126 2.21148e+07
146 2.90043e+07
102 1.6837e+07
56 7.56097e+06
50 6.3183e+06
127 2.21935e+07
96 1.55755e+07
151 3.12994e+07
28 4.11117e+06
157 3.31537e+07
39 4.55151e+06
81 1.23597e+07
42 4.94997e+06
91 1.46481e+07
75 1.17502e+07
72 9.87782e+06
53 6.89876e+06
48 4.99798e+06
73 1.11061e+07
86 1.34565e+07
69 9.5886e+06
87 1.41274e+07
34 4.46766e+06
49 5.91371e+06
40 4.55247e+06
62 8.84954e+06
41 4.56204e+06
74 1.14755e+07
90 1.43894e+07
38 4.55034e+06
55 7.56097e+06
44 4.9605e+06
83 1.30581e+07
65 9.17149e+06
36 4.47211e+06
66 9.28065e+06
82 1.29842e+07
112 1.87152e+07
145 2.73524e+07
Thế hệ thứ: 19
27 3.84304e+06
29 4.2268e+06
140 2.6124e+07
39 4.55151e+06
157 3.31537e+07
126 2.21148e+07
146 2.90043e+07
102 1.6837e+07
56 7.56097e+06
50 6.3183e+06
127 2.21935e+07
112 1.87152e+07
57 8.70328e+06
119 1.96497e+07
145 2.73524e+07
147 2.98226e+07
96 1.55755e+07
151 3.12994e+07
28 4.11117e+06
81 1.23597e+07
42 4.94997e+06
91 1.46481e+07
75 1.17502e+07
72 9.87782e+06
53 6.89876e+06
59 8.7514e+06
152 3.19794e+07
156 3.22465e+07
48 4.99798e+06
73 1.11061e+07
86 1.34565e+07
69 9.5886e+06
87 1.41274e+07
34 4.46766e+06
74 1.14755e+07
40 4.55247e+06
41 4.56204e+06
49 5.91371e+06
90 1.43894e+07
38 4.55034e+06
55 7.56097e+06
44 4.9605e+06
83 1.30581e+07
65 9.17149e+06
66 9.28065e+06
36 4.47211e+06
82 1.29842e+07
64 8.76347e+06
163 3.3733e+07
132 2.43952e+07
Thế hệ thứ: 20
27 3.84304e+06
132 2.43952e+07
163 3.3733e+07
102 1.6837e+07
112 1.87152e+07
57 8.70328e+06
119 1.96497e+07
29 4.2268e+06
140 2.6124e+07
96 1.55755e+07
147 2.98226e+07
145 2.73524e+07
146 2.90043e+07
126 2.21148e+07
56 7.56097e+06
50 6.3183e+06
127 2.21935e+07
151 3.12994e+07
28 4.11117e+06
39 4.55151e+06
157 3.31537e+07
81 1.23597e+07
75 1.17502e+07
72 9.87782e+06
53 6.89876e+06
59 8.7514e+06
152 3.19794e+07
156 3.22465e+07
48 4.99798e+06
73 1.11061e+07
86 1.34565e+07
69 9.5886e+06
87 1.41274e+07
34 4.46766e+06
49 5.91371e+06
64 8.76347e+06
90 1.43894e+07
38 4.55034e+06
55 7.56097e+06
83 1.30581e+07
36 4.47211e+06
66 9.28065e+06
82 1.29842e+07
40 4.55247e+06
41 4.56204e+06
74 1.14755e+07
65 9.17149e+06
51 6.38164e+06
77 1.18583e+07
92 1.44581e+07
45 4.94072e+06
Thế hệ thứ: 21
27 3.84304e+06
132 2.43952e+07
163 3.3733e+07
102 1.6837e+07
112 1.87152e+07
119 1.96497e+07
29 4.2268e+06
140 2.6124e+07
96 1.55755e+07
147 2.98226e+07
145 2.73524e+07
146 2.90043e+07
126 2.21148e+07
67 9.24432e+06
50 6.3183e+06
56 7.56097e+06
127 2.21935e+07
28 4.11117e+06
157 3.31537e+07
48 4.99798e+06
92 1.44581e+07
72 9.87782e+06
59 8.7514e+06
156 3.22465e+07
81 1.23597e+07
53 6.89876e+06
73 1.11061e+07
45 4.94072e+06
86 1.34565e+07
77 1.18583e+07
69 9.5886e+06
87 1.41274e+07
34 4.46766e+06
57 7.62848e+06
64 8.76347e+06
40 4.55247e+06
74 1.14755e+07
41 4.56204e+06
90 1.43894e+07
83 1.30581e+07
38 4.55034e+06
55 7.56097e+06
36 4.47211e+06
51 6.38164e+06
82 1.29842e+07
75 1.17502e+07
65 9.17149e+06
114 1.88951e+07
49 5.71319e+06
155 3.0947e+07
148 3.08632e+07
Thế hệ thứ: 22
27 3.84304e+06
132 2.43952e+07
163 3.3733e+07
59 8.62134e+06
102 1.6837e+07
119 1.96497e+07
29 4.2268e+06
140 2.6124e+07
112 1.87152e+07
96 1.55755e+07
147 2.98226e+07
145 2.73524e+07
146 2.90043e+07
126 2.21148e+07
67 9.24432e+06
127 2.21935e+07
155 3.0947e+07
157 3.31537e+07
64 8.76347e+06
148 3.08632e+07
156 3.22465e+07
48 4.99798e+06
92 1.44581e+07
114 1.88951e+07
72 9.87782e+06
81 1.23597e+07
53 6.89876e+06
73 1.11061e+07
45 4.94072e+06
86 1.34565e+07
77 1.18583e+07
57 7.62848e+06
87 1.41274e+07
34 4.46766e+06
49 5.71319e+06
69 9.5886e+06
40 4.55247e+06
74 1.14755e+07
41 4.56204e+06
90 1.43894e+07
83 1.30581e+07
38 4.55034e+06
55 7.56097e+06
65 9.17149e+06
82 1.29842e+07
75 1.17502e+07
36 4.47211e+06
28 4.11117e+06
52 6.092e+06
58 8.00291e+06
56 7.58102e+06
Thế hệ thứ: 23
27 3.84304e+06
132 2.43952e+07
163 3.3733e+07
59 8.62134e+06
102 1.6837e+07
119 1.96497e+07
29 4.2268e+06
140 2.6124e+07
112 1.87152e+07
96 1.55755e+07
147 2.98226e+07
145 2.73524e+07
58 8.00291e+06
146 2.90043e+07
126 2.21148e+07
67 9.24432e+06
127 2.21935e+07
155 3.0947e+07
157 3.31537e+07
64 8.76347e+06
148 3.08632e+07
156 3.22465e+07
48 4.99798e+06
92 1.44581e+07
114 1.88951e+07
72 9.87782e+06
81 1.23597e+07
53 6.89876e+06
45 4.94072e+06
52 6.092e+06
73 1.11061e+07
49 5.71319e+06
86 1.34565e+07
77 1.18583e+07
87 1.41274e+07
34 4.46766e+06
69 9.5886e+06
40 4.55247e+06
74 1.14755e+07
41 4.56204e+06
90 1.43894e+07
83 1.30581e+07
55 7.56097e+06
38 4.55034e+06
82 1.29842e+07
75 1.17502e+07
36 4.47211e+06
57 7.62848e+06
28 4.11117e+06
54 7.16586e+06
65 9.13346e+06
44 4.93934e+06
45 4.94072e+06
103 1.7333e+07
Thế hệ thứ: 24
27 3.84304e+06
132 2.43952e+07
163 3.3733e+07
119 1.96497e+07
140 2.6124e+07
96 1.55755e+07
147 2.98226e+07
145 2.73524e+07
58 8.00291e+06
146 2.90043e+07
126 2.21148e+07
103 1.7333e+07
112 1.87152e+07
67 9.24432e+06
127 2.21935e+07
59 8.62134e+06
102 1.6837e+07
155 3.0947e+07
157 3.31537e+07
64 8.76347e+06
148 3.08632e+07
156 3.22465e+07
65 9.13346e+06
48 4.99798e+06
92 1.44581e+07
72 9.87782e+06
81 1.23597e+07
52 6.092e+06
73 1.11061e+07
49 5.71319e+06
86 1.34565e+07
77 1.18583e+07
87 1.41274e+07
34 4.46766e+06
53 6.89876e+06
90 1.43894e+07
83 1.30581e+07
74 1.14755e+07
41 4.56204e+06
44 4.93934e+06
82 1.29842e+07
38 4.55034e+06
55 7.56097e+06
54 7.16586e+06
57 7.62848e+06
75 1.17502e+07
36 4.47211e+06
69 9.53752e+06
121 2.11101e+07
33 4.17745e+06
114 1.8894e+07
49 5.71319e+06
Thế hệ thứ: 25
27 3.84304e+06
103 1.7333e+07
132 2.43952e+07
163 3.3733e+07
140 2.6124e+07
96 1.55755e+07
147 2.98226e+07
145 2.73524e+07
69 9.53752e+06
121 2.11101e+07
112 1.87152e+07
119 1.96497e+07
67 9.24432e+06
127 2.21935e+07
102 1.6837e+07
155 3.0947e+07
58 8.00291e+06
126 2.21148e+07
146 2.90043e+07
165 3.61781e+07
64 8.76347e+06
148 3.08632e+07
156 3.22465e+07
65 9.13346e+06
48 4.99798e+06
92 1.44581e+07
114 1.8894e+07
72 9.87782e+06
81 1.23597e+07
33 4.17745e+06
52 6.092e+06
73 1.11061e+07
44 4.93934e+06
86 1.34565e+07
77 1.18583e+07
87 1.41274e+07
74 1.14755e+07
41 4.56204e+06
53 6.89876e+06
90 1.43894e+07
83 1.30581e+07
55 7.56097e+06
38 4.55034e+06
82 1.29842e+07
54 7.16586e+06
57 7.62848e+06
75 1.17502e+07
49 5.71319e+06
36 4.47211e+06
62 8.75295e+06
159 3.22763e+07
130 2.36937e+07
61 8.17853e+06
Thế hệ thứ: 26
27 3.84304e+06
148 3.08632e+07
165 3.61781e+07
140 2.6124e+07
103 1.7333e+07
132 2.43952e+07
163 3.3733e+07
96 1.55755e+07
147 2.98226e+07
145 2.73524e+07
112 1.87152e+07
69 9.53752e+06
121 2.11101e+07
119 1.96497e+07
102 1.6837e+07
130 2.36937e+07
155 3.0947e+07
83 1.30581e+07
159 3.22763e+07
58 8.00291e+06
126 2.21148e+07
146 2.90043e+07
33 4.17745e+06
65 9.13346e+06
61 8.17853e+06
48 4.99798e+06
92 1.44581e+07
67 9.24432e+06
127 2.21935e+07
72 9.87782e+06
81 1.23597e+07
156 3.22465e+07
52 6.092e+06
44 4.93934e+06
73 1.11061e+07
49 5.71319e+06
77 1.18583e+07
86 1.34565e+07
87 1.41274e+07
41 4.56204e+06
36 4.47211e+06
53 6.89876e+06
90 1.43894e+07
62 8.75295e+06
38 4.51891e+06
55 7.56097e+06
82 1.29842e+07
57 7.62848e+06
54 7.16586e+06
37 4.51208e+06
97 1.62216e+07
116 1.88643e+07
Thế hệ thứ: 27
27 3.84304e+06
148 3.08632e+07
165 3.61781e+07
140 2.6124e+07
103 1.7333e+07
132 2.43952e+07
163 3.3733e+07
112 1.87152e+07
96 1.55755e+07
147 2.98226e+07
145 2.73524e+07
69 9.53752e+06
121 2.11101e+07
119 1.96497e+07
130 2.36937e+07
155 3.0947e+07
73 1.11061e+07
77 1.18583e+07
83 1.30581e+07
159 3.22763e+07
58 8.00291e+06
126 2.21148e+07
146 2.90043e+07
33 4.17745e+06
97 1.62216e+07
65 9.13346e+06
61 8.17853e+06
48 4.99798e+06
92 1.44581e+07
62 8.75295e+06
116 1.88643e+07
102 1.6837e+07
67 9.24432e+06
127 2.21935e+07
72 9.87782e+06
81 1.23597e+07
156 3.22465e+07
52 6.092e+06
44 4.93934e+06
49 5.71319e+06
86 1.34565e+07
87 1.41274e+07
41 4.56204e+06
53 6.89876e+06
90 1.43894e+07
36 4.47211e+06
82 1.29842e+07
38 4.51891e+06
55 7.56097e+06
57 7.62848e+06
54 7.16586e+06
95 1.4675e+07
Thế hệ thứ: 28
27 3.84304e+06
148 3.08632e+07
165 3.61781e+07
140 2.6124e+07
103 1.7333e+07
132 2.43952e+07
163 3.3733e+07
112 1.87152e+07
147 2.98226e+07
96 1.55755e+07
95 1.4675e+07
145 2.73524e+07
69 9.53752e+06
121 2.11101e+07
119 1.96497e+07
130 2.36937e+07
155 3.0947e+07
73 1.11061e+07
77 1.18583e+07
83 1.30581e+07
159 3.22763e+07
58 8.00291e+06
126 2.21148e+07
146 2.90043e+07
33 4.17745e+06
97 1.62216e+07
62 8.75295e+06
116 1.88643e+07
102 1.6837e+07
67 9.24432e+06
127 2.21935e+07
72 9.87782e+06
81 1.23597e+07
156 3.22465e+07
52 6.092e+06
44 4.93934e+06
49 5.71319e+06
86 1.34565e+07
92 1.44581e+07
65 9.13346e+06
61 8.17853e+06
48 4.99798e+06
87 1.41274e+07
41 4.56204e+06
53 6.89876e+06
36 4.47211e+06
90 1.43894e+07
55 7.56097e+06
38 4.51891e+06
82 1.29842e+07
43 4.74756e+06
Thế hệ thứ: 29
27 3.84304e+06
148 3.08632e+07
165 3.61781e+07
140 2.6124e+07
103 1.7333e+07
132 2.43952e+07
163 3.3733e+07
112 1.87152e+07
147 2.98226e+07
96 1.55755e+07
95 1.4675e+07
145 2.73524e+07
69 9.53752e+06
121 2.11101e+07
119 1.96497e+07
130 2.36937e+07
155 3.0947e+07
83 1.30581e+07
159 3.22763e+07
58 8.00291e+06
126 2.21148e+07
146 2.90043e+07
33 4.17745e+06
97 1.62216e+07
62 8.75295e+06
116 1.88643e+07
102 1.6837e+07
67 9.24432e+06
127 2.21935e+07
72 9.87782e+06
38 4.51891e+06
55 7.56097e+06
156 3.22465e+07
53 6.89876e+06
52 6.092e+06
49 5.71319e+06
86 1.34565e+07
92 1.44581e+07
65 9.13346e+06
61 8.17853e+06
48 4.99798e+06
87 1.41274e+07
36 4.47211e+06
90 1.43894e+07
44 4.93934e+06
41 4.56204e+06
82 1.29842e+07
56 7.56097e+06
106 1.81536e+07
77 1.06114e+07
81 1.0973e+07
Thế hệ thứ: 30
27 3.84304e+06
165 3.61781e+07
140 2.6124e+07
132 2.43952e+07
163 3.3733e+07
96 1.55755e+07
95 1.4675e+07
145 2.73524e+07
69 9.53752e+06
121 2.11101e+07
81 1.0973e+07
83 1.30581e+07
159 3.22763e+07
106 1.81536e+07
119 1.96497e+07
130 2.36937e+07
155 3.0947e+07
77 1.06114e+07
112 1.87152e+07
53 6.59676e+06
72 9.87782e+06
58 8.00291e+06
126 2.21148e+07
146 2.90043e+07
33 4.17745e+06
62 8.75295e+06
116 1.88643e+07
82 1.29842e+07
102 1.6837e+07
67 9.24432e+06
127 2.21935e+07
156 3.22465e+07
103 1.7333e+07
52 6.092e+06
44 4.93934e+06
49 5.71319e+06
86 1.34565e+07
92 1.44581e+07
65 9.13346e+06
61 8.17853e+06
48 4.99798e+06
87 1.41274e+07
41 4.56204e+06
36 4.47211e+06
90 1.43894e+07
38 4.51891e+06
55 7.56097e+06
76 1.01191e+07
100 1.57988e+07
153 2.96e+07
Thế hệ thứ: 31
27 3.84304e+06
58 8.00291e+06
126 2.21148e+07
146 2.90043e+07
165 3.61781e+07
132 2.43952e+07
163 3.3733e+07
95 1.4675e+07
96 1.55755e+07
145 2.73524e+07
69 9.53752e+06
153 2.96e+07
81 1.0973e+07
83 1.30581e+07
159 3.22763e+07
106 1.81536e+07
119 1.96497e+07
130 2.36937e+07
155 3.0947e+07
112 1.87152e+07
33 4.17745e+06
86 1.34565e+07
100 1.57988e+07
38 4.51891e+06
55 7.56097e+06
62 8.75295e+06
116 1.88643e+07
82 1.29842e+07
67 9.24432e+06
127 2.21935e+07
103 1.7333e+07
102 1.6837e+07
53 6.59676e+06
72 9.87782e+06
44 4.93934e+06
49 5.71319e+06
77 1.06114e+07
92 1.44581e+07
65 9.13346e+06
61 8.17853e+06
48 4.99798e+06
76 1.01191e+07
87 1.41274e+07
41 4.56204e+06
52 6.092e+06
36 4.47211e+06
90 1.43894e+07
142 2.61023e+07
121 2.03964e+07
158 3.14283e+07
Thế hệ thứ: 32
27 3.84304e+06
121 2.03964e+07
58 8.00291e+06
126 2.21148e+07
146 2.90043e+07
165 3.61781e+07
142 2.61023e+07
132 2.43952e+07
163 3.3733e+07
69 9.53752e+06
153 2.96e+07
95 1.4675e+07
96 1.55755e+07
145 2.73524e+07
81 1.0973e+07
83 1.30581e+07
159 3.22763e+07
106 1.81536e+07
130 2.36937e+07
112 1.87152e+07
155 3.0947e+07
33 4.17745e+06
119 1.96497e+07
86 1.34565e+07
100 1.57988e+07
38 4.51891e+06
55 7.56097e+06
62 8.75295e+06
116 1.88643e+07
82 1.29842e+07
67 9.24432e+06
127 2.21935e+07
103 1.7333e+07
158 3.14283e+07
102 1.6837e+07
53 6.59676e+06
72 9.87782e+06
44 4.93934e+06
49 5.71319e+06
77 1.06114e+07
92 1.44581e+07
65 9.13346e+06
61 8.17853e+06
48 4.99798e+06
76 1.01191e+07
87 1.41274e+07
40 4.5498e+06
41 4.56204e+06
52 6.092e+06
36 4.47211e+06
90 1.43894e+07
43 4.92097e+06
Thế hệ thứ: 33
27 3.84304e+06
43 4.92097e+06
58 8.00291e+06
126 2.21148e+07
146 2.90043e+07
165 3.61781e+07
142 2.61023e+07
132 2.43952e+07
163 3.3733e+07
69 9.53752e+06
153 2.96e+07
95 1.4675e+07
123 1.9842e+07
96 1.55755e+07
145 2.73524e+07
81 1.0973e+07
83 1.30581e+07
159 3.22763e+07
106 1.81536e+07
130 2.36937e+07
112 1.87152e+07
155 3.0947e+07
33 4.17745e+06
119 1.96497e+07
86 1.34565e+07
100 1.57988e+07
55 7.56097e+06
62 8.75295e+06
116 1.88643e+07
82 1.29842e+07
67 9.24432e+06
127 2.21935e+07
103 1.7333e+07
158 3.14283e+07
102 1.6837e+07
53 6.59676e+06
72 9.87782e+06
77 1.06114e+07
92 1.44581e+07
65 9.13346e+06
61 8.17853e+06
48 4.99798e+06
110 1.85091e+07
76 1.01191e+07
52 6.092e+06
36 4.47211e+06
90 1.43894e+07
44 4.93934e+06
41 4.56204e+06
50 5.65965e+06
54 7.18635e+06
45 4.94662e+06
87 1.39104e+07
Thế hệ thứ: 34
27 3.84304e+06
58 8.00291e+06
126 2.21148e+07
165 3.61781e+07
142 2.61023e+07
132 2.43952e+07
163 3.3733e+07
95 1.4675e+07
123 1.9842e+07
96 1.55755e+07
145 2.73524e+07
69 9.53752e+06
153 2.96e+07
81 1.0973e+07
37 4.50599e+06
83 1.30581e+07
106 1.81536e+07
159 3.22763e+07
130 2.36937e+07
54 7.18635e+06
155 3.0947e+07
33 4.17745e+06
86 1.34565e+07
100 1.57988e+07
119 1.96497e+07
62 8.75295e+06
116 1.88643e+07
148 2.86414e+07
82 1.29842e+07
67 9.24432e+06
87 1.39104e+07
127 2.21935e+07
103 1.7333e+07
158 3.14283e+07
36 4.47211e+06
102 1.6837e+07
53 6.59676e+06
72 9.87782e+06
41 4.56204e+06
50 5.65965e+06
77 1.06114e+07
146 2.85234e+07
110 1.85091e+07
76 1.01191e+07
92 1.44581e+07
65 9.13346e+06
61 8.17853e+06
48 4.99798e+06
112 1.87152e+07
55 7.56097e+06
90 1.43894e+07
52 6.092e+06
38 4.51891e+06
40 4.56123e+06
164 3.50454e+07
128 2.35199e+07
Thế hệ thứ: 35
27 3.84304e+06
165 3.61781e+07
81 1.0973e+07
142 2.61023e+07
163 3.3733e+07
132 2.43952e+07
95 1.4675e+07
61 7.51809e+06
123 1.9842e+07
96 1.55755e+07
145 2.73524e+07
69 9.53752e+06
153 2.96e+07
106 1.81536e+07
159 3.22763e+07
126 2.21148e+07
92 1.44581e+07
65 9.13346e+06
48 4.99798e+06
155 3.0947e+07
164 3.50454e+07
33 4.17745e+06
82 1.29842e+07
148 2.86414e+07
86 1.34565e+07
100 1.57988e+07
119 1.96497e+07
62 8.75295e+06
116 1.88643e+07
41 4.56204e+06
103 1.7333e+07
158 3.14283e+07
102 1.6837e+07
53 6.59676e+06
72 9.87782e+06
128 2.35199e+07
50 5.65965e+06
77 1.06114e+07
146 2.85234e+07
110 1.85091e+07
76 1.01191e+07
87 1.39104e+07
127 2.21935e+07
130 2.36937e+07
112 1.87152e+07
90 1.43894e+07
52 6.092e+06
58 6.87817e+06
44 4.94058e+06
Thế hệ thứ: 36
44 4.94058e+06
27 3.84304e+06
165 3.61781e+07
33 4.17745e+06
142 2.61023e+07
163 3.3733e+07
132 2.43952e+07
95 1.4675e+07
123 1.9842e+07
61 7.51809e+06
96 1.55755e+07
145 2.73524e+07
69 9.53752e+06
153 2.96e+07
148 2.86414e+07
82 1.29842e+07
81 1.0973e+07
159 3.22763e+07
131 2.4095e+07
106 1.81536e+07
41 4.56204e+06
126 2.21148e+07
155 3.0947e+07
164 3.50454e+07
58 6.87817e+06
86 1.34565e+07
100 1.57988e+07
119 1.96497e+07
116 1.88643e+07
92 1.44581e+07
48 4.99798e+06
65 9.13346e+06
103 1.7333e+07
158 3.14283e+07
102 1.6837e+07
72 9.87782e+06
128 2.35199e+07
50 5.65965e+06
77 1.06114e+07
146 2.85234e+07
110 1.85091e+07
76 1.01191e+07
87 1.39104e+07
127 2.21935e+07
130 2.36937e+07
112 1.87152e+07
90 1.43894e+07
52 6.092e+06
53 6.39751e+06
107 1.83585e+07
62 7.97855e+06
38 4.51891e+06
Thế hệ thứ: 37
44 4.94058e+06
27 3.84304e+06
165 3.61781e+07
142 2.61023e+07
163 3.3733e+07
132 2.43952e+07
148 2.86414e+07
82 1.29842e+07
123 1.9842e+07
96 1.55755e+07
61 7.51809e+06
95 1.4675e+07
145 2.73524e+07
69 9.53752e+06
153 2.96e+07
81 1.0973e+07
106 1.81536e+07
159 3.22763e+07
126 2.21148e+07
33 4.17745e+06
92 1.44581e+07
48 4.99798e+06
65 9.13346e+06
155 3.0947e+07
58 6.87817e+06
164 3.50454e+07
86 1.34565e+07
100 1.57988e+07
119 1.96497e+07
116 1.88643e+07
62 7.97855e+06
103 1.7333e+07
158 3.14283e+07
38 4.51891e+06
102 1.6837e+07
72 9.87782e+06
128 2.35199e+07
53 6.39751e+06
50 5.65965e+06
77 1.06114e+07
146 2.85234e+07
76 1.01191e+07
110 1.85091e+07
87 1.39104e+07
127 2.21935e+07
41 4.56204e+06
112 1.87152e+07
90 1.43894e+07
107 1.83585e+07
52 5.8999e+06
Thế hệ thứ: 38
27 3.84304e+06
44 4.94058e+06
165 3.61781e+07
142 2.61023e+07
163 3.3733e+07
132 2.43952e+07
148 2.86414e+07
82 1.29842e+07
123 1.9842e+07
96 1.55755e+07
61 7.51809e+06
95 1.4675e+07
145 2.73524e+07
69 9.53752e+06
153 2.96e+07
81 1.0973e+07
106 1.81536e+07
159 3.22763e+07
128 2.35199e+07
126 2.21148e+07
33 4.17745e+06
92 1.44581e+07
48 4.99798e+06
65 9.13346e+06
155 3.0947e+07
58 6.87817e+06
164 3.50454e+07
100 1.57988e+07
119 1.96497e+07
116 1.88643e+07
62 7.97855e+06
103 1.7333e+07
158 3.14283e+07
38 4.51891e+06
102 1.6837e+07
72 9.87782e+06
77 1.06114e+07
146 2.85234e+07
76 1.01191e+07
110 1.85091e+07
127 2.21935e+07
42 4.93128e+06
50 5.65965e+06
41 4.56204e+06
112 1.87152e+07
90 1.43894e+07
52 5.8999e+06
107 1.83585e+07
53 5.92065e+06
87 1.30842e+07
56 6.83285e+06
Thế hệ thứ: 39
44 4.94058e+06
27 3.84304e+06
165 3.61781e+07
81 1.0973e+07
142 2.61023e+07
163 3.3733e+07
132 2.43952e+07
123 1.9842e+07
96 1.55755e+07
61 7.51809e+06
95 1.4675e+07
145 2.73524e+07
69 9.53752e+06
153 2.96e+07
148 2.86414e+07
82 1.29842e+07
106 1.81536e+07
159 3.22763e+07
128 2.35199e+07
126 2.21148e+07
87 1.30842e+07
33 4.17745e+06
92 1.44581e+07
48 4.99798e+06
65 9.13346e+06
155 3.0947e+07
164 3.50454e+07
100 1.57988e+07
119 1.96497e+07
116 1.88643e+07
62 7.97855e+06
90 1.43894e+07
103 1.7333e+07
158 3.14283e+07
38 4.51891e+06
102 1.6837e+07
72 9.87782e+06
77 1.06114e+07
76 1.01191e+07
110 1.85091e+07
127 2.21935e+07
53 5.92065e+06
58 6.87817e+06
42 4.93128e+06
50 5.65965e+06
112 1.87152e+07
41 4.56204e+06
107 1.83585e+07
42 4.93128e+06
146 2.84133e+07
63 8.96877e+06
56 6.74338e+06
Thế hệ thứ: 40
44 4.94058e+06
27 3.84304e+06
165 3.61781e+07
81 1.0973e+07
142 2.61023e+07
163 3.3733e+07
132 2.43952e+07
123 1.9842e+07
96 1.55755e+07
61 7.51809e+06
95 1.4675e+07
145 2.73524e+07
69 9.53752e+06
153 2.96e+07
148 2.86414e+07
82 1.29842e+07
106 1.81536e+07
159 3.22763e+07
128 2.35199e+07
126 2.21148e+07
87 1.30842e+07
33 4.17745e+06
155 3.0947e+07
164 3.50454e+07
100 1.57988e+07
63 8.96877e+06
146 2.84133e+07
119 1.96497e+07
116 1.88643e+07
90 1.43894e+07
53 5.92065e+06
103 1.7333e+07
158 3.14283e+07
38 4.51891e+06
102 1.6837e+07
72 9.87782e+06
56 6.74338e+06
92 1.44581e+07
65 9.13346e+06
48 4.99798e+06
50 5.65965e+06
77 1.06114e+07
58 6.87817e+06
62 7.97855e+06
76 1.01191e+07
110 1.85091e+07
127 2.21935e+07
112 1.87152e+07
41 4.56204e+06
107 1.83585e+07
42 4.93128e+06
138 2.57461e+07
Thế hệ thứ: 41
44 4.94058e+06
27 3.84304e+06
165 3.61781e+07
163 3.3733e+07
132 2.43952e+07
123 1.9842e+07
96 1.55755e+07
61 7.51809e+06
95 1.4675e+07
145 2.73524e+07
138 2.57461e+07
69 9.53752e+06
153 2.96e+07
81 1.0973e+07
148 2.86414e+07
82 1.29842e+07
106 1.81536e+07
159 3.22763e+07
128 2.35199e+07
72 9.68294e+06
126 2.21148e+07
87 1.30842e+07
33 4.17745e+06
142 2.61023e+07
155 3.0947e+07
164 3.50454e+07
100 1.57988e+07
63 8.96877e+06
146 2.84133e+07
119 1.96497e+07
116 1.88643e+07
90 1.43894e+07
53 5.92065e+06
103 1.7333e+07
158 3.14283e+07
38 4.51891e+06
102 1.6837e+07
56 6.74338e+06
92 1.44581e+07
65 9.13346e+06
48 4.99798e+06
50 5.65965e+06
77 1.06114e+07
58 6.87817e+06
62 7.97855e+06
76 1.01191e+07
110 1.85091e+07
127 2.21935e+07
112 1.87152e+07
41 4.56204e+06
Thế hệ thứ: 42
44 4.94058e+06
27 3.84304e+06
165 3.61781e+07
163 3.3733e+07
132 2.43952e+07
123 1.9842e+07
96 1.55755e+07
61 7.51809e+06
95 1.4675e+07
145 2.73524e+07
138 2.57461e+07
69 9.53752e+06
153 2.96e+07
81 1.0973e+07
148 2.86414e+07
82 1.29842e+07
106 1.81536e+07
159 3.22763e+07
128 2.35199e+07
126 2.21148e+07
72 9.68294e+06
87 1.30842e+07
33 4.17745e+06
142 2.61023e+07
155 3.0947e+07
164 3.50454e+07
100 1.57988e+07
63 8.96877e+06
146 2.84133e+07
119 1.96497e+07
116 1.88643e+07
90 1.43894e+07
53 5.92065e+06
103 1.7333e+07
38 4.51891e+06
102 1.6837e+07
56 6.74338e+06
92 1.44581e+07
65 9.13346e+06
48 4.99798e+06
76 1.01191e+07
110 1.85091e+07
50 5.65965e+06
77 1.06114e+07
58 6.87817e+06
62 7.97855e+06
127 2.21935e+07
41 4.56204e+06
112 1.87152e+07
97 1.5663e+07
149 2.91039e+07
42 4.93128e+06
134 2.54277e+07
131 2.42881e+07
158 3.1211e+07
Thế hệ thứ: 43
44 4.94058e+06
27 3.84304e+06
126 2.21148e+07
72 9.68294e+06
165 3.61781e+07
82 1.29842e+07
106 1.81536e+07
159 3.22763e+07
123 1.9842e+07
61 7.51809e+06
95 1.4675e+07
145 2.73524e+07
163 3.3733e+07
81 1.0973e+07
87 1.30842e+07
33 4.17745e+06
69 9.53752e+06
153 2.96e+07
142 2.61023e+07
128 2.35199e+07
164 3.50454e+07
155 3.0947e+07
134 2.54277e+07
63 8.96877e+06
146 2.84133e+07
119 1.96497e+07
116 1.88643e+07
138 2.57461e+07
90 1.43894e+07
53 5.92065e+06
100 1.57988e+07
158 3.1211e+07
103 1.7333e+07
102 1.6837e+07
149 2.91039e+07
56 6.74338e+06
92 1.44581e+07
65 9.13346e+06
48 4.99798e+06
76 1.01191e+07
110 1.85091e+07
50 5.65965e+06
77 1.06114e+07
58 6.87817e+06
62 7.97855e+06
127 2.21935e+07
132 2.43952e+07
131 2.42881e+07
112 1.87152e+07
40 4.37048e+06
41 4.90165e+06
Thế hệ thứ: 44
44 4.94058e+06
27 3.84304e+06
165 3.61781e+07
106 1.81536e+07
159 3.22763e+07
100 1.57988e+07
123 1.9842e+07
61 7.51809e+06
95 1.4675e+07
145 2.73524e+07
163 3.3733e+07
81 1.0973e+07
33 4.17745e+06
82 1.29842e+07
126 2.21148e+07
72 9.68294e+06
87 1.30842e+07
50 5.65965e+06
69 9.53752e+06
153 2.96e+07
142 2.61023e+07
128 2.35199e+07
164 3.50454e+07
149 2.91039e+07
155 3.0947e+07
63 8.96877e+06
119 1.96497e+07
146 2.84133e+07
40 4.37048e+06
116 1.88643e+07
138 2.57461e+07
90 1.43894e+07
53 5.92065e+06
158 3.1211e+07
103 1.7333e+07
41 4.90165e+06
102 1.6837e+07
56 6.74338e+06
65 9.13346e+06
48 4.99798e+06
76 1.01191e+07
110 1.85091e+07
50 5.65965e+06
77 1.06114e+07
58 6.87817e+06
62 7.97855e+06
127 2.21935e+07
132 2.43952e+07
131 2.42881e+07
112 1.87152e+07
135 2.51957e+07
Thế hệ thứ: 45
44 4.94058e+06
27 3.84304e+06
165 3.61781e+07
106 1.81536e+07
159 3.22763e+07
123 1.9842e+07
61 7.51809e+06
145 2.73524e+07
95 1.4675e+07
100 1.57988e+07
163 3.3733e+07
33 4.17745e+06
81 1.0973e+07
82 1.29842e+07
90 1.43894e+07
126 2.21148e+07
72 9.68294e+06
87 1.30842e+07
69 9.53752e+06
153 2.96e+07
142 2.61023e+07
128 2.35199e+07
164 3.50454e+07
149 2.91039e+07
155 3.0947e+07
135 2.51957e+07
63 8.96877e+06
119 1.96497e+07
146 2.84133e+07
40 4.37048e+06
116 1.88643e+07
138 2.57461e+07
53 5.92065e+06
158 3.1211e+07
103 1.7333e+07
102 1.6837e+07
56 6.74338e+06
65 9.13346e+06
48 4.99798e+06
76 1.01191e+07
110 1.85091e+07
77 1.06114e+07
58 6.87817e+06
62 7.97855e+06
127 2.21935e+07
132 2.43952e+07
131 2.42881e+07
112 1.87152e+07
50 5.65965e+06
54 6.73614e+06
41 4.63886e+06
Thế hệ thứ: 46
44 4.94058e+06
27 3.84304e+06
165 3.61781e+07
106 1.81536e+07
159 3.22763e+07
123 1.9842e+07
61 7.51809e+06
145 2.73524e+07
95 1.4675e+07
100 1.57988e+07
163 3.3733e+07
33 4.17745e+06
81 1.0973e+07
82 1.29842e+07
41 4.63886e+06
90 1.43894e+07
126 2.21148e+07
72 9.68294e+06
87 1.30842e+07
69 9.53752e+06
153 2.96e+07
142 2.61023e+07
97 1.56828e+07
54 6.73614e+06
164 3.50454e+07
149 2.91039e+07
155 3.0947e+07
135 2.51957e+07
63 8.96877e+06
119 1.96497e+07
146 2.84133e+07
116 1.88643e+07
138 2.57461e+07
40 4.37048e+06
158 3.1211e+07
103 1.7333e+07
102 1.6837e+07
65 9.13346e+06
48 4.99798e+06
76 1.01191e+07
110 1.85091e+07
50 5.65965e+06
77 1.06114e+07
53 5.92065e+06
58 6.87817e+06
62 7.97855e+06
127 2.21935e+07
132 2.43952e+07
131 2.42881e+07
112 1.87152e+07
54 6.73614e+06
128 2.2319e+07
Thế hệ thứ: 47
44 4.94058e+06
27 3.84304e+06
165 3.61781e+07
82 1.29842e+07
106 1.81536e+07
159 3.22763e+07
123 1.9842e+07
61 7.51809e+06
95 1.4675e+07
145 2.73524e+07
163 3.3733e+07
81 1.0973e+07
33 4.17745e+06
41 4.63886e+06
90 1.43894e+07
126 2.21148e+07
72 9.68294e+06
87 1.30842e+07
69 9.53752e+06
153 2.96e+07
142 2.61023e+07
76 1.01191e+07
110 1.85091e+07
128 2.2319e+07
131 2.42881e+07
164 3.50454e+07
149 2.91039e+07
155 3.0947e+07
135 2.51957e+07
63 8.96877e+06
119 1.96497e+07
146 2.84133e+07
116 1.88643e+07
138 2.57461e+07
58 6.87817e+06
40 4.37048e+06
100 1.57988e+07
97 1.56828e+07
158 3.1211e+07
103 1.7333e+07
102 1.6837e+07
65 9.13346e+06
48 4.99798e+06
50 5.65965e+06
77 1.06114e+07
53 5.92065e+06
54 6.73614e+06
62 7.97855e+06
132 2.43952e+07
112 1.87152e+07
Thế hệ thứ: 48
44 4.94058e+06
27 3.84304e+06
126 2.21148e+07
165 3.61781e+07
106 1.81536e+07
159 3.22763e+07
123 1.9842e+07
61 7.51809e+06
95 1.4675e+07
145 2.73524e+07
163 3.3733e+07
81 1.0973e+07
33 4.17745e+06
82 1.29842e+07
41 4.63886e+06
90 1.43894e+07
76 1.01191e+07
110 1.85091e+07
128 2.2319e+07
87 1.30842e+07
153 2.96e+07
73 9.51576e+06
142 2.61023e+07
131 2.42881e+07
164 3.50454e+07
149 2.91039e+07
155 3.0947e+07
63 8.96877e+06
119 1.96497e+07
146 2.84133e+07
116 1.88643e+07
138 2.57461e+07
58 6.87817e+06
40 4.37048e+06
100 1.57988e+07
97 1.56828e+07
158 3.1211e+07
103 1.7333e+07
102 1.6837e+07
62 7.97855e+06
54 6.73614e+06
65 9.13346e+06
48 4.99798e+06
50 5.65965e+06
77 1.06114e+07
53 5.92065e+06
132 2.43952e+07
112 1.87152e+07
135 2.49504e+07
143 2.72894e+07
Thế hệ thứ: 49
44 4.94058e+06
27 3.84304e+06
126 2.21148e+07
165 3.61781e+07
106 1.81536e+07
159 3.22763e+07
145 2.73524e+07
123 1.9842e+07
61 7.51809e+06
95 1.4675e+07
163 3.3733e+07
73 9.51576e+06
142 2.61023e+07
33 4.17745e+06
81 1.0973e+07
143 2.72894e+07
82 1.29842e+07
41 4.63886e+06
90 1.43894e+07
76 1.01191e+07
110 1.85091e+07
128 2.2319e+07
87 1.30842e+07
153 2.96e+07
131 2.42881e+07
164 3.50454e+07
48 4.99798e+06
65 9.13346e+06
138 2.57461e+07
155 3.0947e+07
158 3.1211e+07
135 2.49504e+07
63 8.96877e+06
119 1.96497e+07
146 2.84133e+07
116 1.88643e+07
58 6.87817e+06
40 4.37048e+06
100 1.57988e+07
97 1.56828e+07
103 1.7333e+07
102 1.6837e+07
62 7.97855e+06
54 6.73614e+06
50 5.65965e+06
77 1.06114e+07
53 5.92065e+06
151 2.90034e+07
112 1.87152e+07
132 2.43952e+07
50 5.65965e+06
