Thế hệ thứ: 0
60 1.48932e+07
34 6.89358e+06
71 1.75838e+07
53 1.45204e+07
26 3.71862e+06
29 4.37251e+06
77 1.82406e+07
31 4.49077e+06
44 1.22878e+07
80 2.07947e+07
52 1.36213e+07
68 1.64241e+07
38 7.98369e+06
83 2.59974e+07
82 2.46377e+07
40 8.29614e+06
Thế hệ thứ: 1
43 8.84594e+06
60 1.48932e+07
49 9.19104e+06
26 3.71862e+06
79 1.84496e+07
80 2.07947e+07
77 1.82406e+07
31 4.49077e+06
56 1.27748e+07
29 4.37251e+06
41 8.18249e+06
70 1.60798e+07
57 1.31994e+07
83 2.08793e+07
51 1.24606e+07
73 1.75396e+07
39 6.19504e+06
40 7.20493e+06
Thế hệ thứ: 2
26 3.71862e+06
49 9.19104e+06
70 1.60798e+07
83 2.08793e+07
31 4.49077e+06
77 1.82406e+07
73 1.75396e+07
79 1.84496e+07
80 2.07947e+07
57 1.31994e+07
56 1.27748e+07
29 4.37251e+06
62 1.33761e+07
85 2.19085e+07
87 2.5937e+07
34 5.97273e+06
44 7.90758e+06
52 1.2017e+07
86 2.37699e+07
53 1.22334e+07
40 6.26864e+06
39 6.05974e+06
38 6.0292e+06
Thế hệ thứ: 3
26 3.71862e+06
49 9.19104e+06
70 1.60798e+07
73 1.75396e+07
62 1.33761e+07
44 7.90758e+06
86 2.37699e+07
85 2.19085e+07
79 1.84496e+07
80 2.07947e+07
40 6.26864e+06
40 6.26864e+06
31 4.49077e+06
77 1.82406e+07
83 2.08793e+07
57 1.31994e+07
29 4.37251e+06
56 1.27748e+07
38 6.0292e+06
39 6.05974e+06
89 2.5027e+07
33 4.95989e+06
53 1.17586e+07
52 1.16934e+07
37 5.85889e+06
34 5.23331e+06
47 9.14368e+06
Thế hệ thứ: 4
47 9.14368e+06
26 3.71862e+06
49 9.19104e+06
70 1.60798e+07
34 5.23331e+06
89 2.5027e+07
73 1.75396e+07
62 1.33761e+07
44 7.90758e+06
86 2.37699e+07
79 1.84496e+07
80 2.07947e+07
52 1.16934e+07
85 2.19085e+07
40 6.26864e+06
40 6.26864e+06
77 1.82406e+07
31 4.49077e+06
83 2.08793e+07
56 1.27748e+07
57 1.31994e+07
29 4.37251e+06
53 1.17586e+07
37 5.85889e+06
33 4.95989e+06
39 6.05974e+06
11 3.00618e+06
38 6.0292e+06
32 4.82455e+06
36 5.72817e+06
Thế hệ thứ: 5
34 5.23331e+06
89 2.5027e+07
73 1.75396e+07
11 3.00618e+06
38 6.0292e+06
49 9.19104e+06
47 9.14368e+06
26 3.71862e+06
74 1.76479e+07
70 1.60798e+07
44 7.90758e+06
86 2.37699e+07
85 2.19085e+07
79 1.84496e+07
52 1.16934e+07
40 6.26864e+06
40 6.26864e+06
77 1.82406e+07
31 4.49077e+06
56 1.27748e+07
83 2.08793e+07
57 1.31994e+07
53 1.17586e+07
29 4.37251e+06
32 4.82455e+06
33 4.95989e+06
39 6.05974e+06
48 9.17918e+06
80 2.05602e+07
62 1.32265e+07
92 2.5994e+07
37 5.62825e+06
72 1.70253e+07
84 2.10354e+07
Thế hệ thứ: 6
11 3.00618e+06
38 6.0292e+06
92 2.5994e+07
47 9.14368e+06
49 9.19104e+06
26 3.71862e+06
74 1.76479e+07
62 1.32265e+07
44 7.90758e+06
34 5.23331e+06
37 5.62825e+06
79 1.84496e+07
40 6.26864e+06
40 6.26864e+06
77 1.82406e+07
31 4.49077e+06
29 4.37251e+06
73 1.75396e+07
32 4.82455e+06
33 4.95989e+06
39 6.05974e+06
48 9.17918e+06
86 2.0099e+07
58 1.02083e+07
89 2.37294e+07
70 1.58525e+07
72 1.63642e+07
Thế hệ thứ: 7
33 4.95989e+06
89 2.37294e+07
38 6.0292e+06
11 3.00618e+06
92 2.5994e+07
62 1.32265e+07
70 1.58525e+07
86 2.0099e+07
60 1.26275e+07
44 7.90758e+06
58 1.02083e+07
49 9.19104e+06
26 3.71862e+06
37 5.62825e+06
79 1.84496e+07
40 6.26864e+06
40 6.26864e+06
72 1.63642e+07
77 1.82406e+07
31 4.49077e+06
29 4.37251e+06
73 1.75396e+07
74 1.76479e+07
32 4.82455e+06
39 6.05974e+06
34 5.04791e+06
91 2.51238e+07
45 8.77457e+06
48 8.85028e+06
52 9.5918e+06
87 2.33583e+07
Thế hệ thứ: 8
38 6.0292e+06
11 3.00618e+06
92 2.2338e+07
86 2.0099e+07
49 9.19104e+06
26 3.71862e+06
62 1.32265e+07
44 7.90758e+06
60 1.26275e+07
58 1.02083e+07
37 5.62825e+06
79 1.84496e+07
52 9.5918e+06
33 4.95989e+06
40 6.26864e+06
40 6.26864e+06
72 1.63642e+07
77 1.82406e+07
31 4.49077e+06
45 8.77457e+06
29 4.37251e+06
73 1.75396e+07
74 1.76479e+07
34 5.04791e+06
39 6.05974e+06
48 8.85028e+06
32 4.82455e+06
65 1.52014e+07
35 5.46582e+06
71 1.56857e+07
Thế hệ thứ: 9
92 2.2338e+07
86 2.0099e+07
65 1.52014e+07
38 6.0292e+06
11 3.00618e+06
49 9.19104e+06
26 3.71862e+06
44 7.90758e+06
58 1.02083e+07
60 1.26275e+07
37 5.62825e+06
79 1.84496e+07
62 1.32265e+07
52 9.5918e+06
40 6.26864e+06
40 6.26864e+06
71 1.56857e+07
31 4.49077e+06
45 8.77457e+06
29 4.37251e+06
39 6.05974e+06
48 8.85028e+06
34 5.04791e+06
32 4.82455e+06
33 4.95989e+06
88 2.16042e+07
38 6.0292e+06
35 5.38248e+06
77 1.73989e+07
72 1.61067e+07
69 1.53466e+07
Thế hệ thứ: 10
92 2.2338e+07
86 2.0099e+07
38 6.0292e+06
11 3.00618e+06
77 1.72407e+07
49 9.19104e+06
26 3.71862e+06
44 7.90758e+06
58 1.02083e+07
60 1.26275e+07
37 5.62825e+06
79 1.84496e+07
62 1.32265e+07
52 9.5918e+06
72 1.61067e+07
40 6.26864e+06
40 6.26864e+06
71 1.56857e+07
45 8.77457e+06
29 4.37251e+06
39 6.05974e+06
48 8.85028e+06
35 5.38248e+06
69 1.41575e+07
31 4.49077e+06
32 4.82455e+06
34 5.04791e+06
33 4.95989e+06
38 6.0292e+06
81 1.98049e+07
64 1.35479e+07
63 1.32413e+07
89 2.0239e+07
Thế hệ thứ: 11
86 2.0099e+07
92 2.2338e+07
31 4.49077e+06
69 1.41575e+07
38 6.0292e+06
11 3.00618e+06
49 9.19104e+06
26 3.71862e+06
77 1.72407e+07
58 1.02083e+07
60 1.26275e+07
44 7.90758e+06
89 2.0239e+07
37 5.62825e+06
81 1.98049e+07
79 1.84496e+07
52 9.5918e+06
40 6.26864e+06
40 6.26864e+06
64 1.35479e+07
45 8.77457e+06
29 4.37251e+06
39 6.05974e+06
48 8.85028e+06
62 1.32265e+07
35 5.38248e+06
32 4.82455e+06
34 5.04791e+06
63 1.32413e+07
33 4.95989e+06
38 6.0292e+06
72 1.55102e+07
67 1.36875e+07
90 2.06236e+07
99 2.56356e+07
Thế hệ thứ: 12
38 6.0292e+06
11 3.00618e+06
92 2.2338e+07
72 1.55102e+07
63 1.32413e+07
99 2.56356e+07
49 9.19104e+06
26 3.71862e+06
77 1.72407e+07
44 7.90758e+06
58 1.02083e+07
60 1.26275e+07
37 5.62825e+06
52 9.5918e+06
31 4.49077e+06
69 1.41575e+07
90 2.06236e+07
40 6.26864e+06
40 6.26864e+06
45 8.77457e+06
29 4.37251e+06
67 1.36875e+07
89 2.0239e+07
64 1.35479e+07
39 6.05974e+06
48 8.85028e+06
62 1.32265e+07
35 5.38248e+06
32 4.82455e+06
34 5.04791e+06
33 4.95989e+06
38 6.0292e+06
85 1.80105e+07
75 1.64673e+07
93 2.31464e+07
81 1.7568e+07
88 1.98192e+07
Thế hệ thứ: 13
11 3.00618e+06
92 2.2338e+07
72 1.55102e+07
85 1.80105e+07
63 1.32413e+07
49 9.19104e+06
77 1.72407e+07
26 3.71862e+06
34 5.04791e+06
44 7.90758e+06
58 1.02083e+07
60 1.26275e+07
91 2.18141e+07
52 9.5918e+06
88 1.98192e+07
31 4.49077e+06
69 1.41575e+07
75 1.64673e+07
90 2.06236e+07
40 6.26864e+06
40 6.26864e+06
45 8.77457e+06
29 4.37251e+06
64 1.35479e+07
39 6.05974e+06
48 8.85028e+06
37 5.62825e+06
62 1.32265e+07
35 5.38248e+06
99 2.42234e+07
89 2.0239e+07
32 4.82455e+06
33 4.95989e+06
38 5.8558e+06
67 1.35687e+07
98 2.39678e+07
97 2.2491e+07
81 1.73912e+07
Thế hệ thứ: 14
81 1.73912e+07
11 3.00618e+06
99 2.42234e+07
89 2.0239e+07
49 9.19104e+06
77 1.72407e+07
26 3.71862e+06
44 7.90758e+06
58 1.02083e+07
60 1.26275e+07
72 1.55102e+07
85 1.80105e+07
88 1.98192e+07
91 2.18141e+07
52 9.5918e+06
31 4.49077e+06
69 1.41575e+07
97 2.2491e+07
75 1.64673e+07
40 6.26864e+06
40 6.26864e+06
98 2.39678e+07
90 2.06236e+07
45 8.77457e+06
29 4.37251e+06
67 1.35687e+07
39 6.05974e+06
48 8.85028e+06
35 5.38248e+06
64 1.35479e+07
37 5.62825e+06
32 4.82455e+06
38 5.8558e+06
34 5.04791e+06
33 4.95989e+06
63 1.2961e+07
92 2.23299e+07
Thế hệ thứ: 15
99 2.42234e+07
89 2.0239e+07
81 1.73912e+07
11 3.00618e+06
77 1.72407e+07
49 9.19104e+06
26 3.71862e+06
58 1.02083e+07
60 1.26275e+07
44 7.90758e+06
72 1.55102e+07
85 1.80105e+07
88 1.98192e+07
52 9.5918e+06
31 4.49077e+06
69 1.41575e+07
75 1.64673e+07
40 6.26864e+06
40 6.26864e+06
98 2.39678e+07
90 2.06236e+07
45 8.77457e+06
29 4.37251e+06
63 1.2961e+07
67 1.35687e+07
64 1.35479e+07
39 6.05974e+06
48 8.85028e+06
35 5.38248e+06
37 5.62825e+06
32 4.82455e+06
38 5.8558e+06
34 5.04791e+06
33 4.95989e+06
71 1.54353e+07
93 2.14689e+07
42 6.88413e+06
97 2.20023e+07
Thế hệ thứ: 16
99 2.42234e+07
89 2.0239e+07
81 1.73912e+07
11 3.00618e+06
49 9.19104e+06
26 3.71862e+06
44 7.90758e+06
58 1.02083e+07
60 1.26275e+07
88 1.98192e+07
85 1.80105e+07
97 2.20023e+07
52 9.5918e+06
93 2.14689e+07
31 4.49077e+06
78 1.49822e+07
98 2.39678e+07
67 1.35687e+07
42 6.88413e+06
90 2.06236e+07
45 8.77457e+06
29 4.37251e+06
63 1.2961e+07
64 1.35479e+07
39 6.05974e+06
48 8.85028e+06
35 5.38248e+06
37 5.62825e+06
40 6.26864e+06
40 6.26864e+06
32 4.82455e+06
38 5.8558e+06
34 5.04791e+06
33 4.95989e+06
70 1.36708e+07
73 1.47881e+07
95 2.16272e+07
Thế hệ thứ: 17
99 2.42234e+07
89 2.0239e+07
11 3.00618e+06
81 1.73912e+07
49 9.19104e+06
65 1.35507e+07
26 3.71862e+06
44 7.90758e+06
58 1.02083e+07
98 2.39678e+07
78 1.49822e+07
85 1.80105e+07
95 2.16272e+07
73 1.47881e+07
70 1.36708e+07
88 1.98192e+07
52 9.5918e+06
97 2.20023e+07
67 1.35687e+07
42 6.88413e+06
93 2.14689e+07
90 2.06236e+07
45 8.77457e+06
29 4.37251e+06
63 1.2961e+07
64 1.35479e+07
39 6.05974e+06
48 8.85028e+06
35 5.38248e+06
37 5.62825e+06
31 4.49077e+06
40 6.26864e+06
40 6.26864e+06
32 4.82455e+06
38 5.8558e+06
34 5.04791e+06
33 4.95989e+06
59 1.06608e+07
60 1.08865e+07
Thế hệ thứ: 18
65 1.26898e+07
89 2.0239e+07
11 3.00618e+06
81 1.73912e+07
26 3.71862e+06
49 9.19104e+06
78 1.49822e+07
85 1.80105e+07
60 1.08865e+07
95 2.16272e+07
70 1.36708e+07
88 1.98192e+07
52 9.5918e+06
97 2.20023e+07
58 1.02083e+07
67 1.35687e+07
42 6.88413e+06
93 2.14689e+07
90 2.06236e+07
29 4.37251e+06
39 6.05974e+06
35 5.38248e+06
37 5.62825e+06
31 4.49077e+06
59 1.06608e+07
40 6.26864e+06
40 6.26864e+06
44 7.30254e+06
32 4.82455e+06
38 5.8558e+06
34 5.04791e+06
33 4.95989e+06
100 2.60953e+07
77 1.46523e+07
86 1.82058e+07
99 2.38573e+07
66 1.33572e+07
48 7.77385e+06
Thế hệ thứ: 19
100 2.60953e+07
11 3.00618e+06
81 1.73912e+07
49 9.19104e+06
26 3.71862e+06
65 1.26898e+07
89 2.0239e+07
99 2.38573e+07
78 1.49822e+07
88 1.98192e+07
70 1.36708e+07
60 1.08865e+07
66 1.33572e+07
77 1.46523e+07
52 9.5918e+06
97 2.20023e+07
48 7.77385e+06
58 1.02083e+07
86 1.82058e+07
44 7.30254e+06
93 2.14689e+07
90 2.06236e+07
85 1.80105e+07
67 1.35687e+07
42 6.88413e+06
29 4.37251e+06
95 2.16272e+07
35 5.38248e+06
37 5.62825e+06
31 4.49077e+06
59 1.06608e+07
40 6.26864e+06
40 6.26864e+06
32 4.82455e+06
38 5.8558e+06
34 5.04791e+06
39 6.05974e+06
33 4.95989e+06
27 4.37119e+06
63 1.09311e+07
Thế hệ thứ: 20
66 1.33572e+07
77 1.46523e+07
11 3.00618e+06
81 1.73912e+07
49 9.19104e+06
26 3.71862e+06
65 1.26898e+07
99 2.38573e+07
78 1.49822e+07
70 1.36708e+07
52 9.5918e+06
63 1.09311e+07
97 2.20023e+07
48 7.77385e+06
58 1.02083e+07
86 1.82058e+07
44 7.30254e+06
93 2.14689e+07
85 1.80105e+07
67 1.35687e+07
42 6.88413e+06
95 2.16272e+07
27 4.37119e+06
35 5.38248e+06
60 1.08865e+07
37 5.62825e+06
31 4.49077e+06
59 1.06608e+07
29 4.37251e+06
40 6.26864e+06
40 6.26864e+06
32 4.82455e+06
38 5.8558e+06
34 5.04791e+06
39 6.05974e+06
33 4.95989e+06
100 2.47669e+07
91 1.94961e+07
Thế hệ thứ: 21
65 1.26898e+07
99 2.38573e+07
100 2.47669e+07
11 3.00618e+06
81 1.73912e+07
49 9.19104e+06
26 3.71862e+06
91 1.94961e+07
78 1.49822e+07
70 1.36708e+07
66 1.33572e+07
77 1.46523e+07
52 9.5918e+06
63 1.09311e+07
97 2.20023e+07
48 7.77385e+06
93 2.14689e+07
86 1.82058e+07
50 9.53992e+06
58 1.02083e+07
44 7.30254e+06
85 1.80105e+07
67 1.35687e+07
42 6.88413e+06
95 2.16272e+07
32 4.43935e+06
27 4.37119e+06
35 5.38248e+06
60 1.08865e+07
37 5.62825e+06
59 1.06608e+07
40 6.26864e+06
40 6.26864e+06
29 4.37251e+06
38 5.8558e+06
34 5.04791e+06
39 6.05974e+06
33 4.95989e+06
Thế hệ thứ: 22
65 1.26898e+07
99 2.38573e+07
100 2.47669e+07
11 3.00618e+06
81 1.73912e+07
49 9.19104e+06
26 3.71862e+06
91 1.94961e+07
78 1.49822e+07
70 1.36708e+07
66 1.33572e+07
77 1.46523e+07
63 1.09311e+07
97 2.20023e+07
48 7.77385e+06
93 2.14689e+07
86 1.82058e+07
50 9.53992e+06
58 1.02083e+07
52 9.5918e+06
44 7.30254e+06
85 1.80105e+07
67 1.35687e+07
42 6.88413e+06
32 4.43935e+06
27 4.37119e+06
95 2.16272e+07
35 5.38248e+06
29 4.37251e+06
60 1.08865e+07
37 5.62825e+06
59 1.06608e+07
40 6.26864e+06
40 6.26864e+06
33 4.95989e+06
38 5.8558e+06
34 5.04791e+06
39 6.05974e+06
Thế hệ thứ: 23
65 1.26898e+07
99 2.38573e+07
100 2.47669e+07
11 3.00618e+06
81 1.73912e+07
49 9.19104e+06
26 3.71862e+06
91 1.94961e+07
78 1.49822e+07
70 1.36708e+07
66 1.33572e+07
77 1.46523e+07
63 1.09311e+07
97 2.20023e+07
48 7.77385e+06
86 1.82058e+07
50 9.53992e+06
58 1.02083e+07
52 9.5918e+06
44 7.30254e+06
85 1.80105e+07
67 1.35687e+07
42 6.88413e+06
32 4.43935e+06
27 4.37119e+06
95 2.16272e+07
35 5.38248e+06
29 4.37251e+06
60 1.08865e+07
37 5.62825e+06
59 1.06608e+07
40 6.26864e+06
40 6.26864e+06
33 4.95989e+06
38 5.8558e+06
34 5.04791e+06
39 6.05974e+06
82 1.78606e+07
93 2.11274e+07
41 6.3605e+06
Thế hệ thứ: 24
11 3.00618e+06
81 1.73912e+07
65 1.26898e+07
99 2.38573e+07
100 2.47669e+07
49 9.19104e+06
26 3.71862e+06
91 1.94961e+07
78 1.49822e+07
70 1.36708e+07
66 1.33572e+07
77 1.46523e+07
63 1.09311e+07
97 2.20023e+07
48 7.77385e+06
93 2.11274e+07
86 1.82058e+07
50 9.53992e+06
58 1.02083e+07
52 9.5918e+06
44 7.30254e+06
95 2.16272e+07
67 1.35687e+07
42 6.88413e+06
82 1.78606e+07
32 4.43935e+06
27 4.37119e+06
85 1.80105e+07
35 5.38248e+06
29 4.37251e+06
60 1.08865e+07
37 5.62825e+06
59 1.06608e+07
41 6.3605e+06
33 4.95989e+06
38 5.8558e+06
34 5.04791e+06
39 6.05974e+06
40 6.26864e+06
40 6.26864e+06
Thế hệ thứ: 25
11 3.00618e+06
81 1.73912e+07
65 1.26898e+07
99 2.38573e+07
100 2.47669e+07
49 9.19104e+06
26 3.71862e+06
91 1.94961e+07
78 1.49822e+07
70 1.36708e+07
77 1.46523e+07
63 1.09311e+07
97 2.20023e+07
48 7.77385e+06
93 2.11274e+07
86 1.82058e+07
50 9.53992e+06
58 1.02083e+07
52 9.5918e+06
44 7.30254e+06
95 2.16272e+07
42 6.88413e+06
82 1.78606e+07
32 4.43935e+06
27 4.37119e+06
85 1.80105e+07
35 5.38248e+06
29 4.37251e+06
60 1.08865e+07
37 5.62825e+06
59 1.06608e+07
41 6.3605e+06
33 4.95989e+06
38 5.8558e+06
38 5.8558e+06
34 5.04791e+06
39 6.05974e+06
40 6.26864e+06
40 6.26864e+06
67 1.28886e+07
55 9.98247e+06
Thế hệ thứ: 26
11 3.00618e+06
81 1.73912e+07
65 1.26898e+07
99 2.38573e+07
38 5.83013e+06
100 2.47669e+07
49 9.19104e+06
26 3.71862e+06
91 1.94961e+07
70 1.36708e+07
78 1.49822e+07
77 1.46523e+07
63 1.09311e+07
97 2.20023e+07
48 7.77385e+06
93 2.11274e+07
86 1.82058e+07
44 7.30254e+06
67 1.28886e+07
33 4.95989e+06
55 9.98247e+06
95 2.16272e+07
42 6.88413e+06
52 9.5918e+06
50 9.53992e+06
58 1.02083e+07
82 1.78606e+07
32 4.43935e+06
27 4.37119e+06
85 1.80105e+07
35 5.38248e+06
29 4.37251e+06
60 1.08865e+07
37 5.62825e+06
59 1.06608e+07
41 6.3605e+06
34 5.04791e+06
39 6.05974e+06
40 6.26864e+06
40 6.26864e+06
88 1.92932e+07
Thế hệ thứ: 27
11 3.00618e+06
81 1.73912e+07
65 1.26898e+07
100 2.47669e+07
38 5.83013e+06
49 9.19104e+06
26 3.71862e+06
70 1.36708e+07
78 1.49822e+07
77 1.46523e+07
63 1.09311e+07
97 2.20023e+07
48 7.77385e+06
93 2.11274e+07
91 1.94961e+07
88 1.92932e+07
44 7.30254e+06
67 1.28886e+07
33 4.95989e+06
55 9.98247e+06
86 1.82058e+07
95 2.16272e+07
42 6.88413e+06
52 9.5918e+06
58 1.02083e+07
82 1.78606e+07
99 2.34789e+07
32 4.43935e+06
27 4.37119e+06
85 1.80105e+07
35 5.38248e+06
29 4.37251e+06
60 1.08865e+07
37 5.62825e+06
59 1.06608e+07
41 6.3605e+06
39 6.05974e+06
34 5.04791e+06
40 6.26864e+06
40 6.26864e+06
56 1.00102e+07
50 9.50738e+06
Thế hệ thứ: 28
100 2.47669e+07
38 5.83013e+06
11 3.00618e+06
81 1.73912e+07
49 9.19104e+06
26 3.71862e+06
99 2.34789e+07
32 4.43935e+06
27 4.37119e+06
70 1.36708e+07
78 1.49822e+07
77 1.46523e+07
48 7.77385e+06
91 1.94961e+07
97 2.20023e+07
63 1.09311e+07
65 1.26898e+07
88 1.92932e+07
44 7.30254e+06
67 1.28886e+07
86 1.82058e+07
52 9.5918e+06
42 6.88413e+06
82 1.78606e+07
33 4.95989e+06
50 9.50738e+06
55 9.98247e+06
58 1.02083e+07
85 1.80105e+07
35 5.38248e+06
29 4.37251e+06
60 1.08865e+07
37 5.62825e+06
59 1.06608e+07
41 6.3605e+06
56 1.00102e+07
39 6.05974e+06
34 5.04791e+06
40 6.26864e+06
40 6.26864e+06
95 2.08864e+07
Thế hệ thứ: 29
88 1.92932e+07
95 2.08864e+07
100 2.47669e+07
38 5.83013e+06
11 3.00618e+06
81 1.73912e+07
49 9.19104e+06
26 3.71862e+06
70 1.36708e+07
63 1.09311e+07
97 2.20023e+07
78 1.49822e+07
32 4.43935e+06
27 4.37119e+06
99 2.34789e+07
91 1.94961e+07
77 1.46523e+07
42 6.43926e+06
48 7.77385e+06
65 1.26898e+07
44 7.30254e+06
67 1.28886e+07
86 1.82058e+07
52 9.5918e+06
82 1.78606e+07
33 4.95989e+06
50 9.50738e+06
55 9.98247e+06
58 1.02083e+07
85 1.80105e+07
29 4.37251e+06
60 1.08865e+07
37 5.62825e+06
59 1.06608e+07
41 6.3605e+06
56 1.00102e+07
39 6.05974e+06
34 5.04791e+06
40 6.26864e+06
40 6.26864e+06
80 1.73655e+07
35 5.25377e+06
Thế hệ thứ: 30
81 1.73912e+07
11 3.00618e+06
88 1.92932e+07
95 2.08864e+07
38 5.83013e+06
49 9.19104e+06
26 3.71862e+06
32 4.43935e+06
27 4.37119e+06
99 2.34789e+07
70 1.36708e+07
78 1.49822e+07
63 1.09311e+07
97 2.20023e+07
91 1.94961e+07
77 1.46523e+07
80 1.73655e+07
42 6.43926e+06
48 7.77385e+06
65 1.26898e+07
44 7.30254e+06
67 1.28886e+07
86 1.82058e+07
52 9.5918e+06
35 5.25377e+06
82 1.78606e+07
33 4.95989e+06
55 9.98247e+06
58 1.02083e+07
85 1.80105e+07
37 5.62825e+06
29 4.37251e+06
60 1.08865e+07
59 1.06608e+07
56 1.00102e+07
39 6.05974e+06
34 5.04791e+06
41 6.3605e+06
40 6.26864e+06
40 6.26864e+06
51 9.39447e+06
100 2.36942e+07
Thế hệ thứ: 31
81 1.73912e+07
11 3.00618e+06
49 9.19104e+06
26 3.71862e+06
39 6.05974e+06
100 2.36942e+07
70 1.36708e+07
51 9.39447e+06
88 1.92932e+07
95 2.08864e+07
78 1.49822e+07
63 1.09311e+07
97 2.20023e+07
91 1.94961e+07
77 1.46523e+07
80 1.73655e+07
42 6.43926e+06
48 7.77385e+06
65 1.26898e+07
44 7.30254e+06
32 4.43935e+06
27 4.37119e+06
99 2.34789e+07
67 1.28886e+07
86 1.82058e+07
35 5.25377e+06
82 1.78606e+07
96 2.17857e+07
33 4.95989e+06
55 9.98247e+06
58 1.02083e+07
85 1.80105e+07
37 5.62825e+06
29 4.37251e+06
60 1.08865e+07
59 1.06608e+07
56 1.00102e+07
38 5.83013e+06
34 5.04791e+06
41 6.3605e+06
40 6.26864e+06
40 6.26864e+06
54 9.49215e+06
Thế hệ thứ: 32
49 9.19104e+06
26 3.71862e+06
39 6.05974e+06
100 2.36942e+07
81 1.73912e+07
11 3.00618e+06
70 1.36708e+07
51 9.39447e+06
88 1.92932e+07
95 2.08864e+07
78 1.49822e+07
91 1.94961e+07
77 1.46523e+07
42 6.43926e+06
48 7.77385e+06
97 2.20023e+07
63 1.09311e+07
65 1.26898e+07
44 7.30254e+06
32 4.43935e+06
27 4.37119e+06
99 2.34789e+07
67 1.28886e+07
86 1.82058e+07
55 9.98247e+06
33 4.95989e+06
96 2.17857e+07
35 5.25377e+06
82 1.78606e+07
54 9.49215e+06
58 1.02083e+07
85 1.80105e+07
29 4.37251e+06
60 1.08865e+07
59 1.06608e+07
56 1.00102e+07
38 5.83013e+06
34 5.04791e+06
41 6.3605e+06
40 6.26864e+06
40 6.26864e+06
80 1.60527e+07
37 5.35154e+06
Thế hệ thứ: 33
11 3.00618e+06
26 3.71862e+06
39 6.05974e+06
100 2.36942e+07
70 1.36708e+07
51 9.39447e+06
88 1.92932e+07
95 2.08864e+07
91 1.94961e+07
77 1.46523e+07
80 1.60527e+07
42 6.43926e+06
48 7.77385e+06
97 2.20023e+07
63 1.09311e+07
65 1.26898e+07
44 7.30254e+06
32 4.43935e+06
27 4.37119e+06
99 2.34789e+07
67 1.28886e+07
78 1.49822e+07
86 1.82058e+07
49 9.17896e+06
55 9.98247e+06
96 2.17857e+07
35 5.25377e+06
54 9.49215e+06
37 5.35154e+06
58 1.02083e+07
85 1.80105e+07
29 4.37251e+06
60 1.08865e+07
38 5.83013e+06
59 1.06608e+07
56 1.00102e+07
34 5.04791e+06
41 6.3605e+06
40 6.26864e+06
40 6.26864e+06
33 4.90686e+06
82 1.69583e+07
Thế hệ thứ: 34
26 3.71862e+06
39 6.05974e+06
100 2.36942e+07
82 1.69583e+07
11 3.00618e+06
70 1.36708e+07
51 9.39447e+06
88 1.92932e+07
95 2.08864e+07
91 1.94961e+07
77 1.46523e+07
42 6.43926e+06
48 7.77385e+06
97 2.20023e+07
63 1.09311e+07
80 1.60527e+07
65 1.26898e+07
44 7.30254e+06
32 4.43935e+06
27 4.37119e+06
99 2.34789e+07
55 9.98247e+06
96 2.17857e+07
49 9.17896e+06
85 1.80105e+07
67 1.28886e+07
78 1.49822e+07
86 1.82058e+07
54 9.49215e+06
37 5.35154e+06
36 5.35154e+06
58 1.02083e+07
29 4.37251e+06
60 1.08865e+07
38 5.83013e+06
59 1.06608e+07
33 4.90686e+06
35 5.25377e+06
56 1.00102e+07
34 5.04791e+06
41 6.3605e+06
40 6.26864e+06
40 6.26864e+06
40 6.26864e+06
Thế hệ thứ: 35
26 3.71862e+06
100 2.36942e+07
39 6.05974e+06
82 1.69583e+07
11 3.00618e+06
70 1.36708e+07
51 9.39447e+06
88 1.92932e+07
95 2.08864e+07
91 1.94961e+07
77 1.46523e+07
42 6.43926e+06
97 2.20023e+07
63 1.09311e+07
80 1.60527e+07
65 1.26898e+07
44 7.30254e+06
32 4.43935e+06
27 4.37119e+06
99 2.34789e+07
55 9.98247e+06
96 2.17857e+07
85 1.80105e+07
67 1.28886e+07
78 1.49822e+07
86 1.82058e+07
54 9.49215e+06
58 1.02083e+07
36 5.35154e+06
37 5.35154e+06
29 4.37251e+06
60 1.08865e+07
38 5.83013e+06
59 1.06608e+07
33 4.90686e+06
56 1.00102e+07
34 5.04791e+06
35 5.25377e+06
41 6.3605e+06
40 6.26864e+06
40 6.26864e+06
40 6.26864e+06
50 7.3907e+06
Thế hệ thứ: 36
41 6.3605e+06
50 7.3907e+06
26 3.71862e+06
39 6.05974e+06
100 2.36942e+07
11 3.00618e+06
70 1.36708e+07
88 1.92932e+07
51 9.39447e+06
95 2.08864e+07
91 1.94961e+07
77 1.46523e+07
82 1.69583e+07
97 2.20023e+07
63 1.09311e+07
80 1.60527e+07
65 1.26898e+07
32 4.43935e+06
27 4.37119e+06
99 2.34789e+07
85 1.80105e+07
67 1.28886e+07
78 1.49822e+07
86 1.82058e+07
42 6.43926e+06
55 9.98247e+06
96 2.17857e+07
54 9.49215e+06
58 1.02083e+07
36 5.35154e+06
37 5.35154e+06
29 4.37251e+06
60 1.08865e+07
38 5.83013e+06
59 1.06608e+07
33 4.90686e+06
56 1.00102e+07
34 5.04791e+06
35 5.25377e+06
40 6.26864e+06
40 6.26864e+06
40 6.26864e+06
48 6.98856e+06
Thế hệ thứ: 37
26 3.71862e+06
39 6.05974e+06
100 2.36942e+07
82 1.69583e+07
11 3.00618e+06
70 1.36708e+07
88 1.92932e+07
51 9.39447e+06
95 2.08864e+07
91 1.94961e+07
77 1.46523e+07
41 6.3605e+06
50 7.3907e+06
97 2.20023e+07
63 1.09311e+07
80 1.60527e+07
65 1.26898e+07
48 6.98856e+06
32 4.43935e+06
27 4.37119e+06
99 2.34789e+07
42 6.43926e+06
85 1.80105e+07
67 1.28886e+07
78 1.49822e+07
86 1.82058e+07
96 2.17857e+07
58 1.02083e+07
36 5.35154e+06
37 5.35154e+06
29 4.37251e+06
60 1.08865e+07
38 5.83013e+06
59 1.06608e+07
33 4.90686e+06
56 1.00102e+07
34 5.04791e+06
35 5.25377e+06
40 6.26864e+06
40 6.26864e+06
40 6.26864e+06
55 9.45327e+06
Thế hệ thứ: 38
11 3.00618e+06
34 4.94205e+06
26 3.71862e+06
39 6.05974e+06
100 2.36942e+07
70 1.36708e+07
88 1.92932e+07
95 2.08864e+07
51 9.39447e+06
91 1.94961e+07
77 1.46523e+07
82 1.69583e+07
41 6.3605e+06
50 7.3907e+06
97 2.20023e+07
63 1.09311e+07
80 1.60527e+07
65 1.26898e+07
48 6.98856e+06
32 4.43935e+06
27 4.37119e+06
99 2.34789e+07
42 6.43926e+06
85 1.80105e+07
67 1.28886e+07
78 1.49822e+07
86 1.82058e+07
55 9.45327e+06
96 2.17857e+07
56 1.00102e+07
58 1.02083e+07
36 5.35154e+06
37 5.35154e+06
29 4.37251e+06
60 1.08865e+07
38 5.83013e+06
59 1.06608e+07
33 4.90686e+06
35 5.25377e+06
40 6.26864e+06
40 6.26864e+06
40 6.26864e+06
Thế hệ thứ: 39
34 4.94205e+06
11 3.00618e+06
26 3.71862e+06
39 6.05974e+06
100 2.36942e+07
70 1.36708e+07
95 2.08864e+07
51 9.39447e+06
91 1.94961e+07
77 1.46523e+07
82 1.69583e+07
41 6.3605e+06
50 7.3907e+06
97 2.20023e+07
63 1.09311e+07
80 1.60527e+07
65 1.26898e+07
48 6.98856e+06
32 4.43935e+06
27 4.37119e+06
99 2.34789e+07
42 6.43926e+06
85 1.80105e+07
67 1.28886e+07
78 1.49822e+07
86 1.82058e+07
55 9.45327e+06
96 2.17857e+07
56 1.00102e+07
58 1.02083e+07
36 5.35154e+06
37 5.35154e+06
29 4.37251e+06
60 1.08865e+07
38 5.83013e+06
59 1.06608e+07
33 4.76066e+06
35 5.25377e+06
40 6.26864e+06
40 6.26864e+06
40 6.26864e+06
88 1.92074e+07
44 6.83414e+06
Thế hệ thứ: 40
34 4.94205e+06
11 3.00618e+06
26 3.71862e+06
39 6.05974e+06
100 2.36942e+07
70 1.36708e+07
95 2.08864e+07
51 9.39447e+06
91 1.94961e+07
77 1.46523e+07
82 1.69583e+07
41 6.3605e+06
50 7.3907e+06
97 2.20023e+07
63 1.09311e+07
80 1.60527e+07
19 3.38998e+06
65 1.26898e+07
88 1.92074e+07
32 4.43935e+06
99 2.34789e+07
85 1.80105e+07
67 1.28886e+07
78 1.49822e+07
48 6.98856e+06
44 6.83414e+06
86 1.82058e+07
55 9.45327e+06
96 2.17857e+07
56 1.00102e+07
58 1.02083e+07
36 5.35154e+06
37 5.35154e+06
29 4.37251e+06
60 1.08865e+07
38 5.83013e+06
42 6.43926e+06
84 1.71605e+07
59 1.06608e+07
35 5.25377e+06
33 4.76066e+06
40 6.26864e+06
40 6.26864e+06
40 6.26864e+06
27 4.25068e+06
Thế hệ thứ: 41
34 4.94205e+06
11 3.00618e+06
39 6.05974e+06
100 2.36942e+07
19 3.38998e+06
80 1.60527e+07
70 1.36708e+07
95 2.08864e+07
51 9.39447e+06
91 1.94961e+07
77 1.46523e+07
41 6.3605e+06
50 7.3907e+06
97 2.20023e+07
63 1.09311e+07
27 4.25068e+06
26 3.71862e+06
88 1.92074e+07
32 4.43935e+06
99 2.34789e+07
67 1.28886e+07
78 1.49822e+07
82 1.69583e+07
48 6.98856e+06
44 6.83414e+06
86 1.82058e+07
55 9.45327e+06
59 1.06608e+07
84 1.71605e+07
96 2.17857e+07
85 1.80105e+07
56 1.00102e+07
29 4.37251e+06
58 1.02083e+07
36 5.35154e+06
37 5.35154e+06
60 1.08865e+07
38 5.83013e+06
42 6.43926e+06
35 5.25377e+06
33 4.76066e+06
40 6.26864e+06
40 6.26864e+06
40 6.26864e+06
40 6.26864e+06
65 1.10417e+07
Thế hệ thứ: 42
34 4.94205e+06
11 3.00618e+06
39 6.05974e+06
65 1.10417e+07
100 2.36942e+07
19 3.38998e+06
80 1.60527e+07
70 1.36708e+07
67 1.28886e+07
95 2.08864e+07
51 9.39447e+06
91 1.94961e+07
77 1.46523e+07
41 6.3605e+06
50 7.3907e+06
27 4.25068e+06
26 3.71862e+06
88 1.92074e+07
63 1.09311e+07
97 2.20023e+07
32 4.43935e+06
99 2.34789e+07
78 1.49822e+07
82 1.69583e+07
48 6.98856e+06
44 6.83414e+06
86 1.82058e+07
55 9.45327e+06
59 1.06608e+07
84 1.71605e+07
96 2.17857e+07
85 1.80105e+07
56 1.00102e+07
29 4.37251e+06
58 1.02083e+07
36 5.35154e+06
37 5.35154e+06
60 1.08865e+07
38 5.83013e+06
42 6.43926e+06
35 5.25377e+06
33 4.76066e+06
40 6.26864e+06
40 6.26864e+06
40 6.26864e+06
40 6.26864e+06
68 1.34451e+07
Thế hệ thứ: 43
39 6.05974e+06
65 1.10417e+07
100 2.36942e+07
34 4.94205e+06
11 3.00618e+06
19 3.38998e+06
80 1.60527e+07
95 2.08864e+07
51 9.39447e+06
91 1.94961e+07
70 1.36708e+07
77 1.46523e+07
41 6.3605e+06
50 7.3907e+06
67 1.28886e+07
27 4.25068e+06
26 3.71862e+06
88 1.92074e+07
63 1.09311e+07
97 2.20023e+07
32 4.43935e+06
99 2.34789e+07
78 1.49822e+07
82 1.69583e+07
48 6.98856e+06
44 6.83414e+06
86 1.82058e+07
55 9.45327e+06
59 1.06608e+07
84 1.71605e+07
96 2.17857e+07
85 1.80105e+07
68 1.34451e+07
56 1.00102e+07
29 4.37251e+06
58 1.02083e+07
36 5.35154e+06
37 5.35154e+06
60 1.08865e+07
38 5.83013e+06
42 6.43926e+06
35 5.25377e+06
33 4.76066e+06
40 6.26864e+06
40 6.26864e+06
40 6.26864e+06
40 6.26864e+06
Thế hệ thứ: 44
39 6.05974e+06
65 1.10417e+07
34 4.94205e+06
11 3.00618e+06
19 3.38998e+06
80 1.60527e+07
95 2.08864e+07
51 9.39447e+06
91 1.94961e+07
70 1.36708e+07
77 1.46523e+07
41 6.3605e+06
50 7.3907e+06
67 1.28886e+07
27 4.25068e+06
26 3.71862e+06
88 1.92074e+07
63 1.09311e+07
32 4.43935e+06
78 1.49822e+07
82 1.69583e+07
48 6.98856e+06
44 6.83414e+06
86 1.82058e+07
55 9.45327e+06
59 1.06608e+07
84 1.71605e+07
96 2.17857e+07
85 1.80105e+07
68 1.34451e+07
56 1.00102e+07
29 4.37251e+06
58 1.02083e+07
36 5.35154e+06
37 5.35154e+06
60 1.08865e+07
38 5.83013e+06
42 6.43926e+06
35 5.25377e+06
33 4.76066e+06
40 6.26864e+06
40 6.26864e+06
40 6.26864e+06
40 6.26864e+06
100 2.19121e+07
Thế hệ thứ: 45
100 2.19121e+07
34 4.94205e+06
11 3.00618e+06
19 3.38998e+06
80 1.60527e+07
95 2.08864e+07
51 9.39447e+06
91 1.94961e+07
70 1.36708e+07
41 6.3605e+06
50 7.3907e+06
67 1.28886e+07
77 1.46523e+07
39 6.05974e+06
65 1.10417e+07
27 4.25068e+06
26 3.71862e+06
88 1.92074e+07
96 2.17857e+07
78 1.49822e+07
82 1.69583e+07
86 1.82058e+07
48 6.98856e+06
44 6.83414e+06
59 1.06608e+07
84 1.71605e+07
55 9.45327e+06
85 1.80105e+07
68 1.34451e+07
56 1.00102e+07
58 1.02083e+07
37 5.35154e+06
29 4.37251e+06
32 4.43935e+06
63 1.09311e+07
38 5.83013e+06
60 1.08865e+07
42 6.43926e+06
35 5.25377e+06
33 4.76066e+06
40 6.26864e+06
40 6.26864e+06
40 6.26864e+06
40 6.26864e+06
36 5.27738e+06
Thế hệ thứ: 46
100 2.19121e+07
34 4.94205e+06
11 3.00618e+06
19 3.38998e+06
80 1.60527e+07
95 2.08864e+07
51 9.39447e+06
91 1.94961e+07
70 1.36708e+07
41 6.3605e+06
50 7.3907e+06
67 1.28886e+07
77 1.46523e+07
39 6.05974e+06
65 1.10417e+07
26 3.71862e+06
88 1.92074e+07
96 2.17857e+07
78 1.49822e+07
82 1.69583e+07
86 1.82058e+07
48 6.98856e+06
59 1.06608e+07
84 1.71605e+07
55 9.45327e+06
85 1.80105e+07
68 1.34451e+07
56 1.00102e+07
37 5.35154e+06
58 1.02083e+07
29 4.37251e+06
32 4.43935e+06
63 1.09311e+07
38 5.83013e+06
60 1.08865e+07
42 6.43926e+06
35 5.25377e+06
33 4.76066e+06
36 5.27738e+06
40 6.26864e+06
40 6.26864e+06
40 6.26864e+06
40 6.26864e+06
27 4.23515e+06
46 6.5775e+06
Thế hệ thứ: 47
100 2.19121e+07
34 4.94205e+06
11 3.00618e+06
19 3.38998e+06
80 1.60527e+07
95 2.08864e+07
91 1.94961e+07
70 1.36708e+07
41 6.3605e+06
50 7.3907e+06
67 1.28886e+07
77 1.46523e+07
39 6.05974e+06
65 1.10417e+07
26 3.71862e+06
88 1.92074e+07
96 2.17857e+07
78 1.49822e+07
82 1.69583e+07
86 1.82058e+07
46 6.5775e+06
59 1.06608e+07
84 1.71605e+07
27 4.23515e+06
55 9.45327e+06
48 6.98856e+06
85 1.80105e+07
68 1.34451e+07
56 1.00102e+07
37 5.35154e+06
58 1.02083e+07
42 6.43926e+06
29 4.37251e+06
32 4.43935e+06
63 1.09311e+07
38 5.83013e+06
60 1.08865e+07
35 5.25377e+06
33 4.76066e+06
36 5.27738e+06
40 6.26864e+06
40 6.26864e+06
40 6.26864e+06
40 6.26864e+06
40 6.26864e+06
52 8.98682e+06
Thế hệ thứ: 48
67 1.28886e+07
100 2.19121e+07
34 4.94205e+06
11 3.00618e+06
19 3.38998e+06
80 1.60527e+07
95 2.08864e+07
91 1.94961e+07
70 1.36708e+07
52 8.98682e+06
77 1.46523e+07
41 6.3605e+06
50 7.3907e+06
39 6.05974e+06
65 1.10417e+07
26 3.71862e+06
88 1.92074e+07
96 2.17857e+07
78 1.49822e+07
82 1.69583e+07
27 4.23515e+06
55 9.45327e+06
86 1.82058e+07
46 6.5775e+06
59 1.06608e+07
84 1.71605e+07
48 6.98856e+06
85 1.80105e+07
68 1.34451e+07
56 1.00102e+07
37 5.35154e+06
58 1.02083e+07
42 6.43926e+06
29 4.37251e+06
32 4.43935e+06
63 1.09311e+07
38 5.83013e+06
60 1.08865e+07
35 5.25377e+06
33 4.76066e+06
36 5.27738e+06
40 6.26864e+06
40 6.26864e+06
40 6.26864e+06
40 6.26864e+06
40 6.26864e+06
47 6.61673e+06
Thế hệ thứ: 49
67 1.28886e+07
100 2.19121e+07
34 4.94205e+06
11 3.00618e+06
19 3.38998e+06
80 1.60527e+07
95 2.08864e+07
91 1.94961e+07
70 1.36708e+07
52 8.98682e+06
77 1.46523e+07
41 6.3605e+06
50 7.3907e+06
39 6.05974e+06
65 1.10417e+07
26 3.71862e+06
88 1.92074e+07
96 2.17857e+07
78 1.49822e+07
82 1.69583e+07
27 4.23515e+06
55 9.45327e+06
86 1.82058e+07
59 1.06608e+07
84 1.71605e+07
85 1.80105e+07
68 1.34451e+07
48 6.98856e+06
56 1.00102e+07
37 5.35154e+06
58 1.02083e+07
42 6.43926e+06
29 4.37251e+06
46 6.5775e+06
32 4.43935e+06
47 6.61673e+06
63 1.09311e+07
38 5.83013e+06
60 1.08865e+07
35 5.25377e+06
33 4.76066e+06
36 5.27738e+06
40 6.26864e+06
40 6.26864e+06
40 6.26864e+06
40 6.26864e+06
40 6.26864e+06
