Thế hệ thứ: 0
50 5.12777e+06
46 3.21452e+06
45 2.68569e+06
49 4.84578e+06
35 2.40324e+06
41 2.66086e+06
Thế hệ thứ: 1
35 2.40324e+06
50 4.16405e+06
34 2.14414e+06
48 3.02953e+06
47 2.52575e+06
Thế hệ thứ: 2
47 2.52575e+06
47 2.52575e+06
35 2.40324e+06
48 3.02953e+06
34 2.14414e+06
27 2.07552e+06
50 3.73752e+06
Thế hệ thứ: 3
47 2.52575e+06
47 2.52575e+06
48 3.02953e+06
27 2.07552e+06
36 2.09406e+06
50 3.32846e+06
Thế hệ thứ: 4
27 2.07552e+06
36 2.09406e+06
47 2.52575e+06
47 2.52575e+06
50 2.87356e+06
46 2.51803e+06
37 2.43087e+06
Thế hệ thứ: 5
27 2.07552e+06
36 2.09406e+06
47 2.52575e+06
47 2.52575e+06
50 2.87356e+06
46 2.51803e+06
37 2.43087e+06
28 2.0792e+06
38 2.46217e+06
49 2.82908e+06
Thế hệ thứ: 6
36 2.09406e+06
49 2.82908e+06
47 2.52575e+06
47 2.52575e+06
50 2.87356e+06
50 2.87356e+06
46 2.51803e+06
43 2.1693e+06
29 2.03349e+06
34 2.0877e+06
Thế hệ thứ: 7
36 2.09406e+06
49 2.82908e+06
47 2.52575e+06
47 2.52575e+06
43 2.1693e+06
50 2.87356e+06
50 2.87356e+06
50 2.87356e+06
50 2.87356e+06
34 2.0877e+06
46 2.51803e+06
29 2.03349e+06
42 2.14033e+06
Thế hệ thứ: 8
50 2.87356e+06
50 2.87356e+06
50 2.87356e+06
50 2.87356e+06
50 2.87356e+06
43 2.1693e+06
36 2.09406e+06
49 2.82908e+06
47 2.52575e+06
47 2.52575e+06
46 2.51803e+06
34 2.0877e+06
42 2.14033e+06
29 2.03349e+06
35 2.08945e+06
41 2.1335e+06
Thế hệ thứ: 9
43 2.1693e+06
50 2.87356e+06
50 2.87356e+06
50 2.87356e+06
50 2.87356e+06
50 2.87356e+06
42 2.14033e+06
34 2.0877e+06
46 2.51803e+06
36 2.09406e+06
49 2.82908e+06
29 2.03349e+06
35 2.08945e+06
41 2.0998e+06
48 2.51826e+06
Thế hệ thứ: 10
50 2.87356e+06
50 2.87356e+06
50 2.87356e+06
50 2.87356e+06
50 2.87356e+06
41 2.0998e+06
43 2.1693e+06
48 2.51826e+06
29 2.03349e+06
42 2.14033e+06
46 2.51803e+06
36 2.09406e+06
49 2.82908e+06
30 2.07435e+06
35 2.07556e+06
Thế hệ thứ: 11
36 2.09406e+06
43 2.1693e+06
41 2.0998e+06
50 2.87162e+06
42 2.14033e+06
46 2.51803e+06
48 2.51826e+06
49 2.82908e+06
35 2.07556e+06
29 2.03349e+06
30 2.07435e+06
44 2.47713e+06
Thế hệ thứ: 12
42 2.14033e+06
35 2.07556e+06
29 2.03349e+06
50 2.87162e+06
41 2.0998e+06
43 2.1693e+06
48 2.51826e+06
44 2.47713e+06
49 2.82908e+06
46 2.51803e+06
30 2.07435e+06
36 2.09188e+06
Thế hệ thứ: 13
46 2.51803e+06
44 2.47713e+06
29 2.03349e+06
50 2.87162e+06
35 2.07556e+06
42 2.14033e+06
36 2.08865e+06
49 2.82908e+06
41 2.0998e+06
30 2.07435e+06
43 2.1693e+06
48 2.51826e+06
Thế hệ thứ: 14
44 2.47713e+06
30 2.07435e+06
49 2.82908e+06
36 2.08865e+06
46 2.51803e+06
29 2.03349e+06
50 2.87162e+06
48 2.51826e+06
41 2.0998e+06
35 2.07556e+06
43 2.1693e+06
42 2.14033e+06
Thế hệ thứ: 15
29 2.03349e+06
30 2.07435e+06
36 2.08865e+06
49 2.82908e+06
46 2.51803e+06
48 2.51826e+06
41 2.0998e+06
35 2.07556e+06
43 2.12971e+06
44 2.47131e+06
50 2.8678e+06
Thế hệ thứ: 16
29 2.03349e+06
41 2.0998e+06
44 2.47131e+06
48 2.51826e+06
43 2.12971e+06
36 2.08865e+06
49 2.82908e+06
50 2.8678e+06
47 2.51194e+06
35 2.04223e+06
Thế hệ thứ: 17
41 2.0998e+06
48 2.51826e+06
44 2.47131e+06
43 2.12971e+06
49 2.82908e+06
36 2.08865e+06
50 2.8678e+06
47 2.51194e+06
35 2.02017e+06
Thế hệ thứ: 18
41 2.0998e+06
44 2.47131e+06
48 2.51826e+06
35 2.02017e+06
43 2.12971e+06
36 2.08865e+06
47 2.51194e+06
46 2.50185e+06
50 2.85818e+06
49 2.81033e+06
Thế hệ thứ: 19
49 2.81033e+06
41 2.0998e+06
36 2.08865e+06
46 2.50185e+06
48 2.51826e+06
44 2.47131e+06
43 2.12971e+06
35 2.02017e+06
50 2.85818e+06
47 2.51194e+06
Thế hệ thứ: 20
41 2.0998e+06
49 2.81033e+06
46 2.50185e+06
36 2.08865e+06
48 2.51826e+06
35 2.02017e+06
43 2.12971e+06
47 2.51194e+06
50 2.85818e+06
44 2.45268e+06
Thế hệ thứ: 21
49 2.81033e+06
41 2.0998e+06
36 2.08865e+06
50 2.85818e+06
44 2.45268e+06
48 2.51826e+06
35 2.02017e+06
43 2.12971e+06
45 2.46943e+06
47 2.49354e+06
Thế hệ thứ: 22
50 2.85818e+06
44 2.45268e+06
41 2.0998e+06
49 2.81033e+06
35 2.00865e+06
36 2.08865e+06
47 2.49354e+06
48 2.51826e+06
45 2.46943e+06
43 2.12971e+06
Thế hệ thứ: 23
48 2.51826e+06
45 2.46943e+06
50 2.85818e+06
44 2.45268e+06
49 2.81033e+06
41 2.0998e+06
36 2.08865e+06
35 2.00865e+06
47 2.49354e+06
43 2.12971e+06
46 2.49354e+06
Thế hệ thứ: 24
48 2.51826e+06
45 2.46943e+06
50 2.85818e+06
44 2.45268e+06
41 2.0998e+06
49 2.81033e+06
36 2.08865e+06
35 2.00865e+06
47 2.49354e+06
43 2.12971e+06
46 2.49354e+06
Thế hệ thứ: 25
48 2.51826e+06
48 2.51826e+06
45 2.46943e+06
50 2.85818e+06
44 2.45268e+06
49 2.81033e+06
41 2.0998e+06
36 2.01996e+06
35 2.00865e+06
47 2.49354e+06
46 2.49354e+06
43 2.12777e+06
Thế hệ thứ: 26
45 2.46943e+06
44 2.45268e+06
41 2.0998e+06
36 2.01996e+06
35 2.00865e+06
47 2.49354e+06
46 2.49354e+06
48 2.51632e+06
43 2.12777e+06
50 2.56048e+06
Thế hệ thứ: 27
44 2.45268e+06
45 2.46943e+06
41 2.0998e+06
47 2.49354e+06
48 2.51632e+06
36 2.01996e+06
35 2.00865e+06
46 2.49354e+06
50 2.56048e+06
43 2.1199e+06
Thế hệ thứ: 28
43 2.1199e+06
36 2.01996e+06
35 2.00865e+06
45 2.46943e+06
41 2.0998e+06
50 2.56048e+06
44 2.27902e+06
48 2.48447e+06
Thế hệ thứ: 29
43 2.1199e+06
36 2.01996e+06
35 2.00865e+06
45 2.46943e+06
44 2.27902e+06
41 2.0998e+06
50 2.56048e+06
48 2.48447e+06
Thế hệ thứ: 30
43 2.1199e+06
36 2.01996e+06
35 2.00865e+06
45 2.46943e+06
41 2.0998e+06
44 2.27902e+06
50 2.56048e+06
48 2.48447e+06
Thế hệ thứ: 31
43 2.1199e+06
36 2.01996e+06
35 2.00865e+06
45 2.46943e+06
44 2.27902e+06
41 2.0998e+06
50 2.56048e+06
48 2.48447e+06
Thế hệ thứ: 32
43 2.1199e+06
36 2.01996e+06
35 2.00865e+06
45 2.46943e+06
41 2.0998e+06
44 2.27902e+06
48 2.48447e+06
50 2.55027e+06
Thế hệ thứ: 33
43 2.1199e+06
50 2.55027e+06
50 2.55027e+06
44 2.27902e+06
36 2.01996e+06
35 2.00865e+06
48 2.48447e+06
45 2.46943e+06
49 2.54537e+06
41 2.07685e+06
Thế hệ thứ: 34
43 2.1199e+06
44 2.27902e+06
50 2.55027e+06
50 2.55027e+06
41 2.07685e+06
36 2.01996e+06
35 2.00865e+06
48 2.48447e+06
45 2.46943e+06
49 2.54004e+06
Thế hệ thứ: 35
43 2.1199e+06
50 2.55027e+06
50 2.55027e+06
44 2.27902e+06
41 2.07685e+06
36 2.01996e+06
35 2.00865e+06
48 2.48447e+06
45 2.46943e+06
42 2.11721e+06
49 2.53435e+06
Thế hệ thứ: 36
43 2.1199e+06
45 2.46943e+06
44 2.27902e+06
50 2.55027e+06
50 2.55027e+06
49 2.53435e+06
41 2.07685e+06
36 2.01996e+06
35 2.00865e+06
48 2.48447e+06
42 2.11721e+06
Thế hệ thứ: 37
36 2.01996e+06
35 2.00865e+06
43 2.1199e+06
48 2.48447e+06
45 2.46943e+06
41 2.07685e+06
44 2.27902e+06
42 2.11721e+06
49 2.48489e+06
50 2.54562e+06
Thế hệ thứ: 38
48 2.48447e+06
50 2.54562e+06
36 2.01996e+06
35 2.00865e+06
49 2.48489e+06
43 2.1199e+06
44 2.27902e+06
45 2.46943e+06
41 2.07685e+06
42 2.09093e+06
Thế hệ thứ: 39
48 2.48447e+06
42 2.09093e+06
50 2.54562e+06
36 2.01996e+06
35 2.00865e+06
49 2.48489e+06
43 2.1199e+06
44 2.27902e+06
45 2.46943e+06
41 2.07685e+06
46 2.46994e+06
Thế hệ thứ: 40
44 2.27902e+06
45 2.46943e+06
46 2.46994e+06
43 2.1199e+06
42 2.09093e+06
36 2.01996e+06
35 2.00865e+06
49 2.48489e+06
41 2.07685e+06
50 2.54562e+06
48 2.48289e+06
Thế hệ thứ: 41
46 2.46994e+06
43 2.1199e+06
44 2.27902e+06
36 2.01996e+06
35 2.00865e+06
49 2.48489e+06
41 2.07685e+06
50 2.54562e+06
42 2.09093e+06
48 2.48289e+06
45 2.4632e+06
Thế hệ thứ: 42
49 2.48489e+06
41 2.07685e+06
42 2.09093e+06
43 2.1199e+06
46 2.46994e+06
44 2.27902e+06
48 2.48289e+06
36 2.01996e+06
35 2.00865e+06
50 2.54562e+06
45 2.4632e+06
Thế hệ thứ: 43
49 2.48489e+06
42 2.09093e+06
41 2.07685e+06
46 2.46994e+06
43 2.1199e+06
48 2.48289e+06
44 2.27902e+06
36 2.01996e+06
35 2.00865e+06
50 2.54562e+06
45 2.46156e+06
Thế hệ thứ: 44
49 2.48489e+06
41 2.07685e+06
42 2.09093e+06
50 2.54562e+06
36 2.01996e+06
35 2.00865e+06
45 2.46156e+06
46 2.46994e+06
44 2.27902e+06
43 2.1199e+06
48 2.48289e+06
Thế hệ thứ: 45
46 2.46994e+06
49 2.48489e+06
42 2.09093e+06
41 2.07685e+06
50 2.54562e+06
45 2.46156e+06
36 2.01996e+06
35 2.00865e+06
44 2.27902e+06
43 2.1199e+06
48 2.48289e+06
Thế hệ thứ: 46
50 2.54562e+06
46 2.46994e+06
36 2.01996e+06
35 2.00865e+06
49 2.48489e+06
41 2.07685e+06
42 2.09093e+06
44 2.27902e+06
45 2.46156e+06
43 2.1199e+06
48 2.47756e+06
Thế hệ thứ: 47
48 2.47756e+06
50 2.54562e+06
46 2.46994e+06
43 2.1199e+06
45 2.46156e+06
36 2.01996e+06
35 2.00865e+06
44 2.27902e+06
49 2.48489e+06
41 2.07685e+06
42 2.09093e+06
Thế hệ thứ: 48
50 2.54562e+06
48 2.47756e+06
43 2.1199e+06
46 2.46994e+06
36 2.01996e+06
45 2.46156e+06
44 2.27902e+06
49 2.48489e+06
41 2.07685e+06
42 2.09093e+06
35 1.98512e+06
Thế hệ thứ: 49
35 1.98512e+06
48 2.47756e+06
50 2.54562e+06
41 2.07685e+06
46 2.46994e+06
43 2.1199e+06
36 2.01996e+06
45 2.46156e+06
44 2.27902e+06
42 2.09093e+06
49 2.48489e+06
34 1.96969e+06
