Thế hệ thứ: 0
44 2.7955e+06
47 4.05397e+06
50 4.14827e+06
46 3.14866e+06
Thế hệ thứ: 1
50 4.14827e+06
32 2.09346e+06
47 3.27076e+06
49 3.71972e+06
46 2.70743e+06
Thế hệ thứ: 2
32 2.09346e+06
46 2.70743e+06
39 2.65303e+06
49 2.79407e+06
50 3.97975e+06
Thế hệ thứ: 3
32 2.09346e+06
46 2.70743e+06
49 2.79407e+06
40 2.515e+06
44 2.69994e+06
50 3.60192e+06
39 2.43395e+06
34 2.12227e+06
42 2.58092e+06
Thế hệ thứ: 4
44 2.69994e+06
50 3.20653e+06
49 2.79407e+06
46 2.70743e+06
34 2.06456e+06
42 2.27317e+06
Thế hệ thứ: 5
42 2.27317e+06
34 2.06456e+06
49 2.79407e+06
50 3.18571e+06
35 2.08436e+06
46 2.44465e+06
Thế hệ thứ: 6
35 2.08436e+06
34 2.06456e+06
49 2.79407e+06
50 3.18571e+06
42 2.27317e+06
46 2.44465e+06
39 2.17901e+06
47 2.4753e+06
Thế hệ thứ: 7
35 2.08436e+06
34 2.06456e+06
49 2.79407e+06
50 3.18571e+06
47 2.4753e+06
43 2.41235e+06
50 3.18571e+06
42 2.27317e+06
39 2.17901e+06
46 2.44465e+06
46 2.44465e+06
40 2.188e+06
Thế hệ thứ: 8
35 2.08436e+06
34 2.06456e+06
43 2.41235e+06
47 2.4753e+06
42 2.27317e+06
50 3.18571e+06
50 3.18571e+06
49 2.79407e+06
39 2.17901e+06
40 2.188e+06
46 2.44465e+06
46 2.44465e+06
Thế hệ thứ: 9
34 2.06456e+06
49 2.79407e+06
50 3.18571e+06
47 2.4753e+06
50 3.18571e+06
46 2.44465e+06
46 2.44465e+06
43 2.06801e+06
Thế hệ thứ: 10
47 2.4753e+06
50 3.18571e+06
43 2.06801e+06
50 3.18571e+06
49 2.79407e+06
46 2.44465e+06
46 2.44465e+06
48 2.77911e+06
44 2.39735e+06
34 2.05962e+06
Thế hệ thứ: 11
49 2.79407e+06
50 3.18571e+06
43 2.06801e+06
44 2.39735e+06
50 3.18571e+06
47 2.4753e+06
48 2.77911e+06
46 2.44465e+06
46 2.44465e+06
42 2.04496e+06
Thế hệ thứ: 12
47 2.4753e+06
50 3.18571e+06
42 2.04496e+06
48 2.77911e+06
44 2.39735e+06
50 3.18571e+06
49 2.79407e+06
43 2.06801e+06
46 2.44465e+06
46 2.44465e+06
34 1.97017e+06
Thế hệ thứ: 13
49 2.79407e+06
42 2.04496e+06
48 2.77911e+06
34 1.97017e+06
44 2.39735e+06
43 2.06801e+06
47 2.4753e+06
46 2.44465e+06
46 2.44465e+06
50 3.05529e+06
Thế hệ thứ: 14
42 2.04496e+06
34 1.97017e+06
50 3.05529e+06
44 2.39735e+06
43 2.06801e+06
47 2.4753e+06
49 2.79407e+06
46 2.44465e+06
46 2.44465e+06
48 2.776e+06
Thế hệ thứ: 15
42 2.04496e+06
34 1.97017e+06
44 2.39735e+06
43 2.06801e+06
47 2.4753e+06
46 2.44465e+06
46 2.44465e+06
50 3.02091e+06
49 2.72226e+06
Thế hệ thứ: 16
42 2.04496e+06
34 1.97017e+06
50 3.02091e+06
43 2.06801e+06
49 2.72226e+06
44 2.39735e+06
47 2.4753e+06
46 2.44465e+06
46 2.44465e+06
Thế hệ thứ: 17
42 2.04496e+06
34 1.97017e+06
50 3.02091e+06
43 2.06801e+06
49 2.72226e+06
44 2.39735e+06
47 2.4753e+06
46 2.44465e+06
46 2.44465e+06
Thế hệ thứ: 18
50 3.02091e+06
42 2.04496e+06
34 1.97017e+06
43 2.06801e+06
50 3.02091e+06
49 2.72226e+06
44 2.39735e+06
47 2.4753e+06
46 2.44465e+06
46 2.44465e+06
Thế hệ thứ: 19
42 2.04496e+06
34 1.97017e+06
43 2.06801e+06
50 3.02091e+06
49 2.72226e+06
44 2.39735e+06
47 2.4753e+06
50 3.02091e+06
46 2.44465e+06
46 2.44465e+06
Thế hệ thứ: 20
42 2.04496e+06
34 1.97017e+06
50 3.02091e+06
49 2.72226e+06
50 3.02091e+06
43 2.06801e+06
44 2.39735e+06
47 2.4753e+06
46 2.44465e+06
46 2.44465e+06
29 1.6949e+06
48 2.71963e+06
Thế hệ thứ: 21
50 3.02091e+06
50 3.02091e+06
49 2.72226e+06
43 2.06801e+06
29 1.6949e+06
42 2.04496e+06
44 2.39735e+06
47 2.4753e+06
48 2.71963e+06
50 3.02091e+06
46 2.44465e+06
46 2.44465e+06
35 1.96568e+06
Thế hệ thứ: 22
29 1.6949e+06
50 3.02091e+06
50 3.02091e+06
50 3.02091e+06
49 2.72226e+06
43 2.06801e+06
35 1.96568e+06
42 2.04496e+06
47 2.4753e+06
48 2.71963e+06
46 2.44465e+06
46 2.44465e+06
44 2.34958e+06
Thế hệ thứ: 23
29 1.6949e+06
50 3.02091e+06
50 3.02091e+06
49 2.72226e+06
43 2.06801e+06
35 1.96568e+06
44 2.34958e+06
42 2.04496e+06
47 2.4753e+06
48 2.71963e+06
50 3.02091e+06
46 2.44465e+06
46 2.44465e+06
Thế hệ thứ: 24
29 1.6949e+06
50 3.02091e+06
50 3.02091e+06
50 3.02091e+06
49 2.72226e+06
43 2.06801e+06
35 1.96568e+06
44 2.34958e+06
42 2.04496e+06
47 2.4753e+06
48 2.71963e+06
46 2.44465e+06
46 2.44465e+06
45 2.35587e+06
Thế hệ thứ: 25
50 3.02091e+06
50 3.02091e+06
49 2.72226e+06
43 2.06801e+06
35 1.96568e+06
29 1.6949e+06
44 2.34958e+06
42 2.04496e+06
47 2.4753e+06
48 2.71963e+06
50 3.02091e+06
45 2.35587e+06
46 2.44465e+06
46 2.44465e+06
Thế hệ thứ: 26
50 3.02091e+06
29 1.6949e+06
50 3.02091e+06
50 3.02091e+06
49 2.72226e+06
43 2.06801e+06
35 1.96568e+06
44 2.34958e+06
42 2.04496e+06
47 2.4753e+06
48 2.71963e+06
45 2.35587e+06
46 2.44465e+06
46 2.44465e+06
Thế hệ thứ: 27
29 1.6949e+06
50 3.02091e+06
50 3.02091e+06
49 2.72226e+06
43 2.06801e+06
35 1.96568e+06
44 2.34958e+06
42 2.04496e+06
48 2.71963e+06
50 3.02091e+06
45 2.35587e+06
47 2.4431e+06
Thế hệ thứ: 28
50 3.02091e+06
29 1.6949e+06
50 3.02091e+06
50 3.02091e+06
49 2.72226e+06
43 2.06801e+06
35 1.96568e+06
44 2.34958e+06
42 2.04496e+06
47 2.4431e+06
48 2.71963e+06
45 2.35587e+06
Thế hệ thứ: 29
29 1.6949e+06
50 3.02091e+06
50 3.02091e+06
49 2.72226e+06
43 2.06801e+06
35 1.96568e+06
44 2.34958e+06
42 2.04496e+06
47 2.4431e+06
48 2.71963e+06
50 3.02091e+06
45 2.35587e+06
Thế hệ thứ: 30
29 1.6949e+06
50 3.02091e+06
50 3.02091e+06
50 3.02091e+06
49 2.72226e+06
43 2.06801e+06
35 1.96568e+06
44 2.34958e+06
42 2.04496e+06
47 2.4431e+06
48 2.71963e+06
45 2.35587e+06
Thế hệ thứ: 31
50 3.02091e+06
50 3.02091e+06
49 2.72226e+06
43 2.06801e+06
35 1.96568e+06
29 1.6949e+06
44 2.34958e+06
42 2.04496e+06
47 2.4431e+06
48 2.71963e+06
50 3.02091e+06
45 2.35587e+06
Thế hệ thứ: 32
50 3.02091e+06
29 1.6949e+06
50 3.02091e+06
50 3.02091e+06
49 2.72226e+06
43 2.06801e+06
35 1.96568e+06
44 2.34958e+06
42 2.04496e+06
47 2.4431e+06
48 2.71963e+06
45 2.35587e+06
Thế hệ thứ: 33
29 1.6949e+06
49 2.72226e+06
50 3.02091e+06
50 3.02091e+06
43 2.06801e+06
35 1.96568e+06
44 2.34958e+06
42 2.04496e+06
47 2.4431e+06
48 2.71963e+06
50 3.02091e+06
45 2.35587e+06
Thế hệ thứ: 34
29 1.6949e+06
50 3.02091e+06
49 2.72226e+06
50 3.02091e+06
50 3.02091e+06
43 2.06801e+06
35 1.96568e+06
42 2.04496e+06
47 2.4431e+06
45 2.35587e+06
44 2.34948e+06
48 2.71057e+06
Thế hệ thứ: 35
29 1.6949e+06
43 2.06801e+06
49 2.72226e+06
50 3.02091e+06
50 3.02091e+06
35 1.96568e+06
47 2.4431e+06
48 2.71057e+06
50 3.02091e+06
45 2.35587e+06
42 2.04396e+06
44 2.3357e+06
46 2.41409e+06
Thế hệ thứ: 36
29 1.6949e+06
50 3.02091e+06
43 2.06801e+06
49 2.72226e+06
50 3.02091e+06
50 3.02091e+06
35 1.96568e+06
44 2.3357e+06
47 2.4431e+06
46 2.41409e+06
45 2.35587e+06
49 2.72226e+06
48 2.68584e+06
42 2.0388e+06
Thế hệ thứ: 37
29 1.6949e+06
43 2.06801e+06
35 1.96568e+06
49 2.72226e+06
50 3.02091e+06
50 3.02091e+06
42 2.0388e+06
48 2.68584e+06
44 2.3357e+06
47 2.4431e+06
50 3.02091e+06
49 2.72226e+06
46 2.41409e+06
45 2.35587e+06
Thế hệ thứ: 38
29 1.6949e+06
42 2.0388e+06
50 3.02091e+06
43 2.06801e+06
35 1.96568e+06
48 2.68584e+06
44 2.3357e+06
47 2.4431e+06
49 2.72226e+06
50 3.02091e+06
50 3.02091e+06
49 2.72226e+06
49 2.72226e+06
46 2.41409e+06
45 2.35587e+06
36 1.96722e+06
Thế hệ thứ: 39
29 1.6949e+06
43 2.06801e+06
35 1.96568e+06
50 3.02091e+06
50 3.02091e+06
49 2.72226e+06
42 2.0388e+06
36 1.96722e+06
48 2.68584e+06
44 2.3357e+06
47 2.4431e+06
50 3.02091e+06
49 2.72226e+06
49 2.72226e+06
46 2.41409e+06
45 2.35587e+06
Thế hệ thứ: 40
29 1.6949e+06
42 2.0388e+06
50 3.02091e+06
43 2.06801e+06
35 1.96568e+06
36 1.96722e+06
44 2.3357e+06
47 2.4431e+06
49 2.72226e+06
49 2.72226e+06
50 3.02091e+06
50 3.02091e+06
50 3.02091e+06
49 2.72226e+06
46 2.41409e+06
45 2.35587e+06
48 2.60495e+06
Thế hệ thứ: 41
29 1.6949e+06
48 2.60495e+06
43 2.06801e+06
50 3.02091e+06
50 3.02091e+06
50 3.02091e+06
49 2.72226e+06
42 2.0388e+06
36 1.96722e+06
44 2.3357e+06
50 3.02091e+06
47 2.4431e+06
46 2.41409e+06
45 2.35587e+06
49 2.72226e+06
49 2.72226e+06
35 1.92704e+06
Thế hệ thứ: 42
29 1.6949e+06
42 2.0388e+06
50 3.02091e+06
44 2.3357e+06
35 1.92704e+06
36 1.96722e+06
48 2.60495e+06
43 2.06801e+06
50 3.02091e+06
50 3.02091e+06
50 3.02091e+06
49 2.72226e+06
49 2.72226e+06
49 2.72226e+06
47 2.4431e+06
46 2.41409e+06
45 2.35587e+06
Thế hệ thứ: 43
29 1.6949e+06
48 2.60495e+06
43 2.06801e+06
50 3.02091e+06
50 3.02091e+06
50 3.02091e+06
49 2.72226e+06
44 2.3357e+06
35 1.92704e+06
36 1.96722e+06
42 2.0388e+06
50 3.02091e+06
49 2.72226e+06
49 2.72226e+06
47 2.4431e+06
46 2.41409e+06
45 2.35587e+06
Thế hệ thứ: 44
29 1.6949e+06
42 2.0388e+06
50 3.02091e+06
44 2.3357e+06
35 1.92704e+06
36 1.96722e+06
48 2.60495e+06
43 2.06801e+06
49 2.72226e+06
49 2.72226e+06
50 3.02091e+06
50 3.02091e+06
50 3.02091e+06
49 2.72226e+06
47 2.4431e+06
46 2.41409e+06
45 2.35587e+06
Thế hệ thứ: 45
29 1.6949e+06
48 2.60495e+06
43 2.06801e+06
50 3.02091e+06
50 3.02091e+06
50 3.02091e+06
49 2.72226e+06
44 2.3357e+06
35 1.92704e+06
36 1.96722e+06
42 2.0388e+06
50 3.02091e+06
47 2.4431e+06
46 2.41409e+06
45 2.35587e+06
49 2.72226e+06
49 2.72226e+06
Thế hệ thứ: 46
29 1.6949e+06
42 2.0388e+06
50 3.02091e+06
44 2.3357e+06
35 1.92704e+06
36 1.96722e+06
48 2.60495e+06
43 2.06801e+06
50 3.02091e+06
50 3.02091e+06
50 3.02091e+06
49 2.72226e+06
49 2.72226e+06
49 2.72226e+06
47 2.4431e+06
46 2.41409e+06
45 2.35587e+06
Thế hệ thứ: 47
29 1.6949e+06
48 2.60495e+06
43 2.06801e+06
50 3.02091e+06
50 3.02091e+06
50 3.02091e+06
49 2.72226e+06
44 2.3357e+06
35 1.92704e+06
36 1.96722e+06
42 2.0388e+06
50 3.02091e+06
49 2.72226e+06
49 2.72226e+06
47 2.4431e+06
46 2.41409e+06
45 2.35587e+06
Thế hệ thứ: 48
29 1.6949e+06
42 2.0388e+06
50 3.02091e+06
44 2.3357e+06
35 1.92704e+06
36 1.96722e+06
48 2.60495e+06
43 2.06801e+06
49 2.72226e+06
49 2.72226e+06
50 3.02091e+06
50 3.02091e+06
50 3.02091e+06
49 2.72226e+06
47 2.4431e+06
46 2.41409e+06
45 2.35587e+06
Thế hệ thứ: 49
48 2.60495e+06
43 2.06801e+06
50 3.02091e+06
50 3.02091e+06
50 3.02091e+06
49 2.72226e+06
29 1.6949e+06
35 1.92704e+06
42 2.0388e+06
50 3.02091e+06
47 2.4431e+06
46 2.41409e+06
45 2.35587e+06
49 2.72226e+06
49 2.72226e+06
44 2.33554e+06
36 1.93555e+06
