Thế hệ thứ: 0
15 3.32559e+06
22 6.79623e+06
39 1.46517e+07
12 3.1709e+06
28 1.02445e+07
18 4.27894e+06
32 1.15874e+07
81 2.306e+07
59 1.69575e+07
25 7.08777e+06
76 2.04449e+07
86 3.15968e+07
82 2.41928e+07
61 1.92017e+07
50 1.58358e+07
Thế hệ thứ: 1
15 3.32559e+06
12 3.1709e+06
18 4.27894e+06
25 7.08777e+06
22 6.79623e+06
82 2.41928e+07
61 1.92017e+07
81 2.306e+07
76 2.04449e+07
50 1.48717e+07
46 1.31666e+07
40 1.11166e+07
94 2.69181e+07
39 1.02418e+07
83 2.47257e+07
73 1.95327e+07
51 1.67299e+07
32 9.26974e+06
59 1.67686e+07
Thế hệ thứ: 2
18 4.27894e+06
25 7.08777e+06
15 3.32559e+06
76 2.04449e+07
12 3.1709e+06
82 2.41928e+07
22 6.79623e+06
59 1.67686e+07
83 2.47257e+07
81 2.306e+07
94 2.69181e+07
26 7.17364e+06
55 1.49805e+07
40 9.1528e+06
64 1.93983e+07
47 1.25483e+07
44 1.0945e+07
63 1.817e+07
73 1.94567e+07
56 1.61046e+07
50 1.3452e+07
Thế hệ thứ: 3
50 1.3452e+07
64 1.93983e+07
18 4.27894e+06
82 2.41928e+07
47 1.25483e+07
63 1.817e+07
59 1.47851e+07
36 8.61907e+06
44 1.0945e+07
15 3.32559e+06
81 2.306e+07
40 9.1528e+06
94 2.69181e+07
76 2.04449e+07
12 3.1709e+06
73 1.94567e+07
90 2.42291e+07
28 6.21031e+06
96 3.0739e+07
25 6.01279e+06
54 1.4077e+07
21 4.47768e+06
29 6.44535e+06
74 2.00888e+07
46 1.21914e+07
45 1.18175e+07
Thế hệ thứ: 4
82 2.41928e+07
63 1.817e+07
18 4.27894e+06
54 1.36679e+07
76 2.04449e+07
25 6.01279e+06
36 8.61907e+06
12 3.1709e+06
21 4.47768e+06
94 2.69181e+07
73 1.94567e+07
74 2.00888e+07
29 6.44535e+06
15 3.32559e+06
81 2.306e+07
40 9.1528e+06
90 2.42291e+07
28 6.21031e+06
30 6.55935e+06
29 6.44535e+06
96 2.93831e+07
60 1.46388e+07
49 1.04802e+07
22 4.85503e+06
27 6.04729e+06
24 5.70401e+06
97 3.22454e+07
66 1.89064e+07
53 1.2739e+07
Thế hệ thứ: 5
63 1.817e+07
82 2.41928e+07
96 2.93831e+07
21 4.47768e+06
94 2.69181e+07
66 1.89064e+07
29 6.44535e+06
74 2.00888e+07
73 1.94567e+07
54 1.36679e+07
76 2.04449e+07
60 1.46388e+07
97 3.22454e+07
18 4.27894e+06
29 6.44535e+06
15 3.32559e+06
12 3.1709e+06
49 1.04802e+07
81 2.306e+07
40 9.1528e+06
90 2.42291e+07
28 6.21031e+06
36 8.61907e+06
30 6.55935e+06
22 4.85503e+06
37 8.80957e+06
27 6.04729e+06
53 1.2739e+07
41 1.03962e+07
31 6.95167e+06
77 2.20148e+07
25 5.15045e+06
19 4.28647e+06
Thế hệ thứ: 6
29 6.44535e+06
21 4.47768e+06
94 2.69181e+07
96 2.93831e+07
90 2.42291e+07
32 7.69543e+06
82 2.41928e+07
26 5.2088e+06
18 4.27346e+06
53 1.2739e+07
28 6.21031e+06
36 8.61907e+06
30 6.55935e+06
22 4.85503e+06
37 8.80957e+06
31 6.68943e+06
73 1.94567e+07
54 1.36679e+07
19 4.28647e+06
60 1.46388e+07
76 2.04449e+07
25 5.15045e+06
29 6.44535e+06
97 3.22454e+07
15 3.32559e+06
12 3.1709e+06
77 2.20148e+07
81 2.306e+07
49 1.04802e+07
40 9.1528e+06
55 1.46328e+07
34 7.87094e+06
61 1.50026e+07
27 5.86493e+06
66 1.7857e+07
42 1.02827e+07
33 7.86978e+06
75 1.99832e+07
51 1.24293e+07
Thế hệ thứ: 7
26 5.2088e+06
18 4.27346e+06
73 1.94567e+07
76 2.04449e+07
60 1.46388e+07
19 4.28647e+06
54 1.36679e+07
90 2.42291e+07
96 2.93831e+07
21 4.47768e+06
94 2.69181e+07
66 1.7857e+07
82 2.41928e+07
12 3.1709e+06
51 1.24293e+07
53 1.2739e+07
28 6.21031e+06
61 1.50026e+07
22 4.85503e+06
34 7.87094e+06
75 1.99832e+07
37 8.80957e+06
31 6.68943e+06
40 9.1528e+06
33 7.86978e+06
25 5.15045e+06
81 2.306e+07
49 1.04802e+07
23 4.85816e+06
77 2.20148e+07
97 3.22454e+07
15 3.32559e+06
42 1.02827e+07
17 4.24054e+06
30 6.24608e+06
36 8.48781e+06
59 1.39189e+07
27 5.23192e+06
32 6.91681e+06
52 1.24366e+07
Thế hệ thứ: 8
19 4.28647e+06
60 1.46388e+07
76 2.04449e+07
26 5.2088e+06
18 4.27346e+06
73 1.94567e+07
37 8.80957e+06
75 1.99832e+07
81 2.306e+07
49 1.04802e+07
32 6.91681e+06
97 3.22454e+07
27 5.23192e+06
66 1.7857e+07
59 1.39189e+07
90 2.42291e+07
94 2.69181e+07
21 4.47768e+06
36 8.48781e+06
96 2.93831e+07
82 2.41928e+07
40 9.1528e+06
12 3.1709e+06
53 1.2739e+07
52 1.24366e+07
25 5.15045e+06
77 2.20148e+07
23 4.85816e+06
34 7.79278e+06
17 4.24054e+06
61 1.50026e+07
42 1.02827e+07
15 3.32559e+06
22 4.85503e+06
43 1.04749e+07
51 1.21478e+07
56 1.3553e+07
31 6.07814e+06
Thế hệ thứ: 9
19 4.28647e+06
60 1.46388e+07
76 2.04449e+07
51 1.21478e+07
12 3.1709e+06
77 2.20148e+07
23 4.85816e+06
53 1.2739e+07
18 4.27346e+06
26 5.2088e+06
22 4.85503e+06
73 1.94567e+07
75 1.99832e+07
29 5.88207e+06
37 8.80957e+06
15 3.32559e+06
32 6.91681e+06
49 1.04802e+07
81 2.306e+07
27 5.23192e+06
97 3.22454e+07
59 1.39189e+07
61 1.50026e+07
90 2.42291e+07
36 8.48781e+06
21 4.47768e+06
94 2.69181e+07
34 7.79278e+06
17 4.24054e+06
96 2.93831e+07
28 5.81669e+06
66 1.76969e+07
25 5.15045e+06
82 2.41928e+07
40 9.1528e+06
56 1.3553e+07
31 6.07814e+06
93 2.57285e+07
50 1.14695e+07
79 2.21897e+07
41 9.31334e+06
52 1.21846e+07
44 1.00644e+07
Thế hệ thứ: 10
19 4.28647e+06
60 1.46388e+07
76 2.04449e+07
79 2.21897e+07
51 1.21478e+07
12 3.1709e+06
30 5.97932e+06
77 2.20148e+07
23 4.85816e+06
25 5.15045e+06
34 6.97109e+06
66 1.76969e+07
41 9.31334e+06
81 2.306e+07
32 6.91681e+06
15 3.32559e+06
52 1.21846e+07
26 5.2088e+06
18 4.27346e+06
22 4.85503e+06
50 1.03873e+07
73 1.94567e+07
75 1.99832e+07
29 5.88207e+06
44 1.00644e+07
40 9.1528e+06
56 1.3553e+07
97 3.22454e+07
27 5.23192e+06
59 1.39189e+07
31 6.07814e+06
93 2.57285e+07
61 1.50026e+07
90 2.42291e+07
94 2.69181e+07
21 4.47768e+06
17 4.24054e+06
96 2.93831e+07
74 1.98051e+07
37 7.98378e+06
87 2.32301e+07
54 1.22746e+07
28 5.58196e+06
Thế hệ thứ: 11
19 4.28647e+06
60 1.46388e+07
76 2.04449e+07
74 1.98051e+07
96 2.93831e+07
79 2.21897e+07
12 3.1709e+06
51 1.21478e+07
75 1.99832e+07
23 4.85816e+06
30 5.97932e+06
77 2.20148e+07
28 5.58196e+06
66 1.76969e+07
25 5.15045e+06
41 9.31334e+06
59 1.39189e+07
90 2.42291e+07
61 1.50026e+07
44 1.00644e+07
81 2.306e+07
93 2.57285e+07
40 9.1528e+06
17 4.24054e+06
56 1.3553e+07
67 1.79749e+07
52 1.21846e+07
15 3.32559e+06
18 4.27346e+06
26 5.2088e+06
94 2.69181e+07
21 4.47768e+06
22 4.85503e+06
27 5.23192e+06
97 3.22454e+07
69 1.88913e+07
50 1.03873e+07
73 1.94567e+07
87 2.32301e+07
37 7.98378e+06
54 1.22746e+07
31 5.98801e+06
29 5.58996e+06
34 6.1872e+06
Thế hệ thứ: 12
51 1.21478e+07
12 3.1709e+06
19 4.28647e+06
60 1.46388e+07
76 2.04449e+07
74 1.98051e+07
79 2.21897e+07
96 2.93831e+07
77 2.20148e+07
30 5.97932e+06
23 4.85816e+06
94 2.69181e+07
21 4.47768e+06
50 1.03873e+07
69 1.88913e+07
73 1.94567e+07
75 1.99832e+07
27 5.23192e+06
97 3.22454e+07
34 6.1872e+06
37 7.98378e+06
87 2.32301e+07
54 1.22746e+07
31 5.98801e+06
66 1.76969e+07
25 5.15045e+06
41 9.31334e+06
59 1.39189e+07
35 7.02674e+06
22 4.85503e+06
90 2.42291e+07
61 1.50026e+07
29 5.58996e+06
81 2.306e+07
93 2.57285e+07
40 9.1528e+06
17 4.24054e+06
56 1.3553e+07
67 1.79749e+07
15 3.32559e+06
52 1.21846e+07
26 5.2088e+06
18 4.27346e+06
28 5.55644e+06
62 1.74119e+07
97 3.22454e+07
44 9.89215e+06
Thế hệ thứ: 13
51 1.21478e+07
12 3.1709e+06
19 4.28647e+06
60 1.46388e+07
76 2.04449e+07
74 1.98051e+07
81 2.306e+07
79 2.21897e+07
96 2.93831e+07
26 5.2088e+06
18 4.27346e+06
23 4.85816e+06
77 2.20148e+07
30 5.97932e+06
97 3.22454e+07
21 4.47768e+06
94 2.69181e+07
50 1.03873e+07
73 1.94567e+07
69 1.88913e+07
41 9.31334e+06
28 5.55644e+06
56 1.3553e+07
67 1.79749e+07
75 1.99832e+07
93 2.57285e+07
97 3.22454e+07
27 5.23192e+06
87 2.32301e+07
37 7.98378e+06
33 6.07622e+06
34 6.1872e+06
17 4.24054e+06
31 5.98801e+06
44 9.89215e+06
54 1.22746e+07
25 5.15045e+06
40 9.1528e+06
59 1.39189e+07
35 7.02674e+06
90 2.42291e+07
61 1.50026e+07
29 5.58996e+06
52 1.21846e+07
15 3.32559e+06
38 8.80037e+06
22 4.73697e+06
66 1.68204e+07
Thế hệ thứ: 14
51 1.21478e+07
12 3.1709e+06
19 4.28647e+06
60 1.46388e+07
76 2.04449e+07
74 1.98051e+07
81 2.306e+07
79 2.21897e+07
96 2.93831e+07
22 4.73697e+06
18 4.27346e+06
26 5.2088e+06
35 7.02674e+06
28 5.55644e+06
41 9.31334e+06
77 2.20148e+07
30 5.97932e+06
24 4.86367e+06
23 4.85816e+06
94 2.69181e+07
21 4.47768e+06
97 3.22454e+07
50 1.03873e+07
69 1.88913e+07
73 1.94567e+07
66 1.68204e+07
90 2.42291e+07
61 1.50026e+07
56 1.3553e+07
67 1.79749e+07
29 5.58996e+06
75 1.99832e+07
93 2.57285e+07
27 5.23192e+06
97 3.22454e+07
37 7.98378e+06
33 6.07622e+06
87 2.32301e+07
15 3.32559e+06
52 1.21846e+07
17 4.24054e+06
44 9.89215e+06
31 5.98801e+06
38 8.80037e+06
54 1.22746e+07
25 5.15045e+06
40 9.1528e+06
59 1.39189e+07
34 6.15948e+06
63 1.63377e+07
46 1.0199e+07
43 9.71136e+06
Thế hệ thứ: 15
51 1.21478e+07
12 3.1709e+06
19 4.28647e+06
60 1.46388e+07
76 2.04449e+07
31 5.98801e+06
74 1.98051e+07
81 2.306e+07
79 2.21897e+07
96 2.93831e+07
26 5.2088e+06
18 4.27346e+06
22 4.73697e+06
35 7.02674e+06
39 7.1615e+06
41 9.31334e+06
28 5.55644e+06
63 1.63377e+07
23 4.85816e+06
77 2.20148e+07
30 5.97932e+06
24 4.86367e+06
97 3.22454e+07
21 4.47768e+06
94 2.69181e+07
54 1.22746e+07
73 1.94567e+07
69 1.88913e+07
50 1.03873e+07
25 5.15045e+06
40 9.1528e+06
66 1.68204e+07
90 2.42291e+07
59 1.39189e+07
61 1.50026e+07
67 1.79749e+07
34 6.15948e+06
29 5.58996e+06
75 1.99832e+07
46 1.0199e+07
93 2.57285e+07
97 3.22454e+07
27 5.23192e+06
43 9.71136e+06
87 2.32301e+07
33 6.07622e+06
52 1.21846e+07
15 3.32559e+06
57 1.3411e+07
Thế hệ thứ: 16
12 3.1709e+06
19 4.28647e+06
60 1.46388e+07
76 2.04449e+07
31 5.98801e+06
74 1.98051e+07
81 2.306e+07
79 2.21897e+07
87 2.32301e+07
33 6.07622e+06
96 2.93831e+07
22 4.73697e+06
18 4.27346e+06
26 5.2088e+06
35 7.02674e+06
28 5.55644e+06
39 7.1615e+06
63 1.63377e+07
93 2.57285e+07
77 2.20148e+07
30 5.97932e+06
24 4.86367e+06
23 4.85816e+06
94 2.69181e+07
21 4.47768e+06
97 3.22454e+07
27 5.23192e+06
97 3.22454e+07
54 1.22746e+07
17 4.20983e+06
50 1.03873e+07
73 1.94567e+07
25 5.15045e+06
66 1.68204e+07
90 2.42291e+07
59 1.39189e+07
43 9.71136e+06
61 1.50026e+07
69 1.68547e+07
34 6.15948e+06
29 5.58996e+06
75 1.99832e+07
46 1.0199e+07
15 3.32559e+06
52 1.21846e+07
57 1.3411e+07
41 9.26363e+06
40 7.16898e+06
51 1.10777e+07
Thế hệ thứ: 17
96 2.93831e+07
12 3.1709e+06
40 7.16898e+06
19 4.28647e+06
60 1.46388e+07
76 2.04449e+07
35 6.86444e+06
31 5.98801e+06
74 1.98051e+07
81 2.306e+07
34 6.15948e+06
69 1.68547e+07
79 2.21897e+07
33 6.07622e+06
87 2.32301e+07
23 4.85816e+06
30 5.97932e+06
24 4.86367e+06
26 5.2088e+06
18 4.27346e+06
22 4.73697e+06
39 7.1615e+06
28 5.55644e+06
29 5.58996e+06
63 1.63377e+07
93 2.57285e+07
75 1.99832e+07
97 3.22454e+07
21 4.47768e+06
94 2.69181e+07
46 1.0199e+07
45 9.97872e+06
27 5.23192e+06
97 3.22454e+07
52 1.21846e+07
15 3.32559e+06
54 1.22746e+07
17 4.20983e+06
73 1.94567e+07
50 1.03873e+07
57 1.3411e+07
25 5.15045e+06
41 9.26363e+06
66 1.68204e+07
90 2.42291e+07
59 1.39189e+07
43 9.71136e+06
61 1.50026e+07
51 1.10777e+07
77 2.18013e+07
Thế hệ thứ: 18
96 2.93831e+07
12 3.1709e+06
40 7.16898e+06
19 4.28647e+06
60 1.46388e+07
76 2.04449e+07
70 1.55059e+07
31 5.98801e+06
35 6.86444e+06
74 1.98051e+07
50 1.03873e+07
73 1.94567e+07
34 6.15948e+06
87 2.32301e+07
33 6.07622e+06
30 5.97932e+06
24 4.86367e+06
23 4.85816e+06
57 1.3411e+07
26 5.2088e+06
22 4.73697e+06
18 4.27346e+06
25 5.15045e+06
28 5.55644e+06
41 9.26363e+06
90 2.42291e+07
59 1.39189e+07
29 5.58996e+06
61 1.50026e+07
93 2.57285e+07
75 1.99832e+07
94 2.69181e+07
21 4.47768e+06
97 3.22454e+07
46 1.0199e+07
97 3.22454e+07
45 9.97872e+06
27 5.23192e+06
51 1.10777e+07
15 3.32559e+06
52 1.21846e+07
54 1.22746e+07
17 4.20983e+06
43 9.41094e+06
39 7.15539e+06
81 2.17903e+07
Thế hệ thứ: 19
96 2.93831e+07
12 3.1709e+06
81 2.17903e+07
40 7.16898e+06
19 4.28647e+06
60 1.46388e+07
76 2.04449e+07
75 1.99832e+07
31 5.98801e+06
35 6.86444e+06
70 1.55059e+07
78 2.15335e+07
74 1.98051e+07
23 4.85816e+06
24 4.86367e+06
73 1.94567e+07
50 1.03873e+07
21 4.47768e+06
97 3.22454e+07
94 2.69181e+07
17 4.20983e+06
54 1.22746e+07
34 6.15948e+06
62 1.50761e+07
46 1.0199e+07
45 9.97872e+06
27 5.23192e+06
97 3.22454e+07
33 6.07622e+06
87 2.32301e+07
57 1.3411e+07
18 4.27346e+06
22 4.73697e+06
26 5.2088e+06
51 1.10777e+07
25 5.15045e+06
28 5.55644e+06
52 1.21846e+07
15 3.32559e+06
41 9.26363e+06
90 2.42291e+07
39 7.15539e+06
59 1.39189e+07
43 9.41094e+06
29 5.58996e+06
61 1.50026e+07
93 2.57285e+07
32 6.07507e+06
30 5.97932e+06
Thế hệ thứ: 20
74 1.98051e+07
78 2.15335e+07
96 2.93831e+07
81 2.17903e+07
12 3.1709e+06
40 7.16898e+06
19 4.28647e+06
60 1.46388e+07
76 2.04449e+07
75 1.99832e+07
70 1.55059e+07
31 5.98801e+06
32 6.07507e+06
17 4.20983e+06
54 1.22746e+07
24 4.86367e+06
23 4.85816e+06
39 7.15539e+06
59 1.39189e+07
43 9.41094e+06
50 1.03873e+07
73 1.94567e+07
29 5.58996e+06
94 2.69181e+07
97 3.22454e+07
21 4.47768e+06
61 1.50026e+07
93 2.57285e+07
34 6.15948e+06
46 1.0199e+07
62 1.50761e+07
97 3.22454e+07
45 9.97872e+06
27 5.23192e+06
87 2.32301e+07
33 6.07622e+06
57 1.3411e+07
26 5.2088e+06
22 4.73697e+06
18 4.27346e+06
51 1.10777e+07
25 5.15045e+06
28 5.55644e+06
35 6.86247e+06
30 5.97932e+06
15 3.32559e+06
52 1.21846e+07
41 9.26363e+06
90 2.42291e+07
36 6.86995e+06
16 4.01107e+06
72 1.77811e+07
49 1.03727e+07
Thế hệ thứ: 21
74 1.98051e+07
78 2.15335e+07
96 2.93831e+07
12 3.1709e+06
81 2.17903e+07
15 3.32559e+06
52 1.21846e+07
76 2.04449e+07
60 1.46388e+07
19 4.28647e+06
40 7.16898e+06
41 9.26363e+06
75 1.99832e+07
31 5.98801e+06
70 1.55059e+07
16 4.01107e+06
90 2.42291e+07
17 4.20983e+06
54 1.22746e+07
36 6.86995e+06
59 1.39189e+07
39 7.15539e+06
43 9.41094e+06
72 1.77811e+07
73 1.94567e+07
50 1.03873e+07
29 5.58996e+06
97 3.22454e+07
94 2.69181e+07
61 1.50026e+07
32 6.04579e+06
93 2.57285e+07
34 6.15948e+06
62 1.50761e+07
46 1.0199e+07
45 9.97872e+06
27 5.23192e+06
97 3.22454e+07
87 2.32301e+07
33 6.07622e+06
21 4.4167e+06
49 1.03727e+07
57 1.3411e+07
18 4.27346e+06
22 4.73697e+06
26 5.2088e+06
51 1.10777e+07
30 5.95758e+06
25 4.7858e+06
86 2.30135e+07
Thế hệ thứ: 22
87 2.32301e+07
33 6.07622e+06
74 1.98051e+07
78 2.15335e+07
96 2.93831e+07
81 2.17903e+07
12 3.1709e+06
15 3.32559e+06
52 1.21846e+07
40 7.16898e+06
19 4.28647e+06
60 1.46388e+07
76 2.04449e+07
41 9.26363e+06
75 1.99832e+07
70 1.55059e+07
90 2.42291e+07
16 4.01107e+06
17 4.20983e+06
54 1.22746e+07
21 4.4167e+06
49 1.03727e+07
57 1.3411e+07
36 6.86995e+06
26 5.2088e+06
22 4.73697e+06
18 4.27346e+06
39 7.15539e+06
59 1.39189e+07
43 9.41094e+06
72 1.77811e+07
51 1.10777e+07
50 1.03873e+07
73 1.94567e+07
25 4.7858e+06
29 5.58996e+06
30 5.95758e+06
94 2.69181e+07
97 3.22454e+07
86 2.30135e+07
61 1.50026e+07
32 6.04579e+06
93 2.57285e+07
34 6.15948e+06
46 1.0199e+07
62 1.50761e+07
97 3.22454e+07
45 9.97872e+06
27 5.23192e+06
58 1.34121e+07
28 5.5895e+06
31 5.98801e+06
Thế hệ thứ: 23
74 1.98051e+07
33 6.07622e+06
96 2.93831e+07
12 3.1709e+06
81 2.17903e+07
15 3.32559e+06
52 1.21846e+07
62 1.50761e+07
46 1.0199e+07
76 2.04449e+07
60 1.46388e+07
19 4.28647e+06
40 7.16898e+06
41 9.26363e+06
78 2.11412e+07
75 1.99832e+07
70 1.55059e+07
97 3.22454e+07
94 2.69181e+07
34 6.15948e+06
16 4.01107e+06
17 4.20983e+06
54 1.22746e+07
49 1.03727e+07
21 4.4167e+06
93 2.57285e+07
32 6.04579e+06
61 1.50026e+07
36 6.86995e+06
18 4.27346e+06
26 5.2088e+06
59 1.39189e+07
39 7.15539e+06
86 2.30135e+07
27 5.23192e+06
45 9.97872e+06
97 3.22454e+07
43 9.41094e+06
72 1.77811e+07
51 1.10777e+07
73 1.94567e+07
50 1.03873e+07
25 4.7858e+06
29 5.58996e+06
90 2.31191e+07
58 1.34121e+07
85 2.23988e+07
24 4.71397e+06
57 1.30613e+07
31 5.67816e+06
Thế hệ thứ: 24
31 5.67816e+06
33 6.07622e+06
74 1.98051e+07
45 9.97872e+06
27 5.23192e+06
97 3.22454e+07
96 2.93831e+07
12 3.1709e+06
43 9.41094e+06
72 1.77811e+07
52 1.21846e+07
15 3.32559e+06
51 1.10777e+07
46 1.0199e+07
62 1.50761e+07
40 7.16898e+06
19 4.28647e+06
60 1.46388e+07
76 2.04449e+07
50 1.03873e+07
73 1.94567e+07
41 9.26363e+06
75 1.99832e+07
70 1.55059e+07
94 2.69181e+07
97 3.22454e+07
34 6.15948e+06
25 4.7858e+06
29 5.58996e+06
16 4.01107e+06
17 4.20983e+06
54 1.22746e+07
24 4.71397e+06
58 1.34121e+07
90 2.31191e+07
21 4.4167e+06
49 1.03727e+07
93 2.57285e+07
32 6.04579e+06
61 1.50026e+07
36 6.86995e+06
26 5.2088e+06
18 4.27346e+06
57 1.30613e+07
39 7.15539e+06
59 1.39189e+07
86 2.30135e+07
85 2.10203e+07
30 5.64199e+06
35 6.86801e+06
Thế hệ thứ: 25
32 6.04579e+06
61 1.50026e+07
74 1.98051e+07
31 5.67816e+06
33 6.07622e+06
27 5.23192e+06
45 9.97872e+06
96 2.93831e+07
12 3.1709e+06
36 6.86995e+06
43 9.41094e+06
72 1.77811e+07
15 3.32559e+06
52 1.21846e+07
51 1.10777e+07
62 1.50761e+07
46 1.0199e+07
76 2.04449e+07
60 1.46388e+07
40 7.16898e+06
26 5.2088e+06
73 1.94567e+07
50 1.03873e+07
41 9.26363e+06
57 1.30613e+07
59 1.39189e+07
39 7.15539e+06
75 1.99832e+07
70 1.55059e+07
86 2.30135e+07
94 2.69181e+07
34 6.15948e+06
25 4.7858e+06
29 5.58996e+06
16 4.01107e+06
54 1.22746e+07
90 2.31191e+07
58 1.34121e+07
24 4.71397e+06
85 2.10203e+07
49 1.03727e+07
21 4.4167e+06
30 5.64199e+06
93 2.57285e+07
22 4.68137e+06
19 4.18542e+06
97 3.04962e+07
35 6.865e+06
55 1.25682e+07
Thế hệ thứ: 26
31 5.67816e+06
33 6.07622e+06
74 1.98051e+07
61 1.50026e+07
32 6.04579e+06
45 9.97872e+06
27 5.23192e+06
58 1.34121e+07
90 2.31191e+07
24 4.71397e+06
96 2.93831e+07
12 3.1709e+06
36 6.86995e+06
43 9.41094e+06
40 7.16898e+06
76 2.04449e+07
60 1.46388e+07
72 1.77811e+07
85 2.10203e+07
52 1.21846e+07
15 3.32559e+06
51 1.10777e+07
46 1.0199e+07
62 1.50761e+07
21 4.4167e+06
49 1.03727e+07
30 5.64199e+06
93 2.57285e+07
26 5.2088e+06
50 1.03873e+07
73 1.94567e+07
41 9.26363e+06
57 1.30613e+07
39 7.15539e+06
59 1.39189e+07
22 4.68137e+06
75 1.99832e+07
70 1.55059e+07
86 2.30135e+07
19 4.18542e+06
94 2.69181e+07
34 6.15948e+06
25 4.7858e+06
29 5.58996e+06
97 3.04962e+07
35 6.865e+06
16 4.01107e+06
54 1.22746e+07
55 1.25682e+07
Thế hệ thứ: 27
32 6.04579e+06
61 1.50026e+07
31 5.67816e+06
33 6.07622e+06
27 5.23192e+06
45 9.97872e+06
86 2.30135e+07
24 4.71397e+06
90 2.31191e+07
58 1.34121e+07
19 4.18542e+06
94 2.69181e+07
40 7.16898e+06
60 1.46388e+07
96 2.93831e+07
12 3.1709e+06
34 6.15948e+06
36 6.86995e+06
25 4.7858e+06
43 9.41094e+06
29 5.58996e+06
97 3.04962e+07
35 6.865e+06
85 2.10203e+07
15 3.32559e+06
52 1.21846e+07
51 1.10777e+07
62 1.50761e+07
46 1.0199e+07
49 1.03727e+07
21 4.4167e+06
30 5.64199e+06
93 2.57285e+07
26 5.2088e+06
50 1.03873e+07
41 9.26363e+06
57 1.30613e+07
16 4.01107e+06
59 1.38067e+07
39 7.15539e+06
54 1.22746e+07
22 4.68137e+06
70 1.55059e+07
55 1.25682e+07
76 1.69694e+07
28 5.46533e+06
Thế hệ thứ: 28
24 4.71397e+06
90 2.31191e+07
29 5.55586e+06
31 5.67816e+06
33 6.07622e+06
61 1.50026e+07
32 6.04579e+06
49 1.03727e+07
21 4.4167e+06
27 5.23192e+06
45 9.97872e+06
86 2.30135e+07
30 5.64199e+06
93 2.57285e+07
26 5.2088e+06
19 4.18542e+06
94 2.69181e+07
57 1.30613e+07
40 7.16898e+06
96 2.93831e+07
54 1.22746e+07
12 3.1709e+06
34 6.15948e+06
39 7.15539e+06
36 6.86995e+06
25 4.7858e+06
43 9.41094e+06
97 3.04962e+07
35 6.865e+06
50 1.03873e+07
85 2.10203e+07
16 4.01107e+06
52 1.21846e+07
15 3.32559e+06
41 9.26363e+06
60 1.33687e+07
51 1.10777e+07
46 1.0199e+07
62 1.50761e+07
22 4.68137e+06
70 1.55059e+07
55 1.25682e+07
76 1.69694e+07
28 5.46533e+06
58 1.31304e+07
78 2.03562e+07
Thế hệ thứ: 29
86 2.30135e+07
24 4.71397e+06
90 2.31191e+07
32 6.04579e+06
61 1.50026e+07
29 5.55586e+06
31 5.67816e+06
33 6.07622e+06
21 4.4167e+06
49 1.03727e+07
27 5.23192e+06
45 9.97872e+06
54 1.22746e+07
30 5.64199e+06
58 1.31304e+07
93 2.57285e+07
26 5.2088e+06
19 4.18542e+06
94 2.69181e+07
57 1.30613e+07
51 1.10777e+07
60 1.33687e+07
44 9.63657e+06
36 6.86995e+06
78 2.03562e+07
40 7.16898e+06
96 2.93831e+07
62 1.50761e+07
46 1.0199e+07
12 3.1709e+06
34 6.15948e+06
39 7.15539e+06
22 4.68137e+06
25 4.7858e+06
43 9.41094e+06
70 1.55059e+07
55 1.25682e+07
97 3.04962e+07
35 6.865e+06
76 1.69694e+07
50 1.03873e+07
85 2.10203e+07
16 4.01107e+06
28 5.46533e+06
15 3.32559e+06
52 1.21846e+07
41 9.26363e+06
Thế hệ thứ: 30
86 2.30135e+07
97 3.04962e+07
35 6.865e+06
24 4.71397e+06
90 2.31191e+07
33 6.07622e+06
29 5.55586e+06
31 5.67816e+06
32 6.04579e+06
49 1.03727e+07
21 4.4167e+06
27 5.23192e+06
45 9.97872e+06
54 1.22746e+07
30 5.64199e+06
85 2.10203e+07
58 1.31304e+07
93 2.57285e+07
50 1.03873e+07
26 5.2088e+06
19 4.18542e+06
94 2.69181e+07
57 1.30613e+07
51 1.10777e+07
60 1.33687e+07
25 4.7858e+06
78 2.03562e+07
36 6.86995e+06
44 9.63657e+06
70 1.55059e+07
76 1.69694e+07
43 9.41094e+06
55 1.25682e+07
40 7.16898e+06
96 2.93831e+07
46 1.0199e+07
12 3.1709e+06
34 6.15948e+06
39 7.15539e+06
22 4.68137e+06
62 1.43572e+07
16 4.01107e+06
28 5.46533e+06
52 1.21846e+07
15 3.32559e+06
41 9.26363e+06
Thế hệ thứ: 31
86 2.30135e+07
41 9.26363e+06
35 6.865e+06
97 3.04962e+07
40 7.16898e+06
96 2.93831e+07
24 4.71397e+06
90 2.31191e+07
31 5.67816e+06
29 5.55586e+06
33 6.07622e+06
46 1.0199e+07
32 6.04579e+06
21 4.4167e+06
49 1.03727e+07
27 5.23192e+06
45 9.97872e+06
54 1.22746e+07
15 3.32559e+06
52 1.21846e+07
12 3.1709e+06
30 5.64199e+06
34 6.15948e+06
85 2.10203e+07
58 1.31304e+07
39 7.15539e+06
93 2.57285e+07
50 1.03873e+07
22 4.68137e+06
26 5.2088e+06
19 4.18542e+06
94 2.69181e+07
57 1.30613e+07
60 1.33687e+07
51 1.10777e+07
16 4.01107e+06
62 1.43572e+07
25 4.7858e+06
44 9.63657e+06
36 6.86995e+06
78 2.03562e+07
70 1.55059e+07
76 1.69694e+07
28 5.46533e+06
43 9.41094e+06
55 1.25682e+07
Thế hệ thứ: 32
86 2.30135e+07
16 4.01107e+06
62 1.43572e+07
96 2.93831e+07
97 3.04962e+07
41 9.26363e+06
40 7.16898e+06
90 2.31191e+07
24 4.71397e+06
25 4.7858e+06
78 2.03562e+07
36 6.86995e+06
44 9.63657e+06
33 6.07622e+06
29 5.55586e+06
31 5.67816e+06
46 1.0199e+07
32 6.04579e+06
49 1.03727e+07
21 4.4167e+06
27 5.23192e+06
45 9.97872e+06
54 1.22746e+07
70 1.55059e+07
76 1.69694e+07
52 1.21846e+07
15 3.32559e+06
28 5.46533e+06
43 9.41094e+06
12 3.1709e+06
30 5.64199e+06
34 6.15948e+06
85 2.10203e+07
58 1.31304e+07
39 7.15539e+06
93 2.57285e+07
50 1.03873e+07
55 1.25682e+07
22 4.68137e+06
26 5.2088e+06
19 4.18542e+06
94 2.69181e+07
57 1.30613e+07
51 1.10777e+07
60 1.33687e+07
35 6.25001e+06
Thế hệ thứ: 33
43 9.41094e+06
86 2.30135e+07
96 2.93831e+07
94 2.69181e+07
16 4.01107e+06
62 1.43572e+07
97 3.04962e+07
12 3.1709e+06
41 9.26363e+06
40 7.16898e+06
19 4.18542e+06
85 2.10203e+07
24 4.71397e+06
90 2.31191e+07
25 4.7858e+06
26 5.2088e+06
44 9.63657e+06
36 6.86995e+06
78 2.03562e+07
31 5.67816e+06
33 6.07622e+06
46 1.0199e+07
22 4.68137e+06
30 5.64199e+06
21 4.4167e+06
49 1.03727e+07
55 1.25682e+07
50 1.03873e+07
27 5.23192e+06
45 9.97872e+06
93 2.57285e+07
54 1.22746e+07
70 1.55059e+07
76 1.69694e+07
58 1.31304e+07
34 6.15948e+06
15 3.32559e+06
52 1.21846e+07
57 1.30613e+07
60 1.33687e+07
51 1.10777e+07
35 6.25001e+06
32 5.76142e+06
39 7.01917e+06
95 2.91075e+07
29 5.34247e+06
Thế hệ thứ: 34
26 5.2088e+06
86 2.30135e+07
45 9.97872e+06
27 5.23192e+06
43 9.41094e+06
35 6.25001e+06
94 2.69181e+07
96 2.93831e+07
32 5.76142e+06
54 1.22746e+07
62 1.43572e+07
16 4.01107e+06
97 3.04962e+07
70 1.55059e+07
39 7.01917e+06
12 3.1709e+06
41 9.26363e+06
40 7.16898e+06
19 4.18542e+06
34 6.15948e+06
85 2.10203e+07
58 1.31304e+07
95 2.91075e+07
90 2.31191e+07
24 4.71397e+06
25 4.7858e+06
76 1.69694e+07
78 2.03562e+07
36 6.86995e+06
44 9.63657e+06
33 6.07622e+06
31 5.67816e+06
29 5.34247e+06
46 1.0199e+07
93 2.57285e+07
22 4.68137e+06
15 3.32559e+06
52 1.21846e+07
30 5.64199e+06
49 1.03727e+07
21 4.4167e+06
55 1.25682e+07
50 1.03873e+07
57 1.30613e+07
51 1.10777e+07
60 1.33687e+07
Thế hệ thứ: 35
26 5.2088e+06
51 1.10777e+07
60 1.33687e+07
43 9.41094e+06
27 5.23192e+06
45 9.97872e+06
86 2.30135e+07
35 6.25001e+06
94 2.69181e+07
52 1.21846e+07
15 3.32559e+06
96 2.93831e+07
32 5.76142e+06
54 1.22746e+07
16 4.01107e+06
62 1.43572e+07
97 3.04962e+07
39 7.01917e+06
70 1.55059e+07
12 3.1709e+06
30 5.64199e+06
41 9.26363e+06
40 7.16898e+06
19 4.18542e+06
21 4.4167e+06
49 1.03727e+07
34 6.15948e+06
85 2.10203e+07
58 1.31304e+07
95 2.91075e+07
55 1.25682e+07
24 4.71397e+06
90 2.31191e+07
25 4.7858e+06
76 1.69694e+07
50 1.03873e+07
44 9.63657e+06
36 6.86995e+06
78 2.03562e+07
31 5.67816e+06
33 6.07622e+06
29 5.34247e+06
46 1.0199e+07
93 2.57285e+07
22 4.68137e+06
57 1.30613e+07
71 1.56604e+07
61 1.36738e+07
Thế hệ thứ: 36
61 1.36738e+07
26 5.2088e+06
60 1.33687e+07
51 1.10777e+07
22 4.68137e+06
45 9.97872e+06
27 5.23192e+06
43 9.41094e+06
86 2.30135e+07
35 6.25001e+06
94 2.69181e+07
50 1.03873e+07
15 3.32559e+06
52 1.21846e+07
96 2.93831e+07
32 5.76142e+06
54 1.22746e+07
78 2.03562e+07
36 6.86995e+06
44 9.63657e+06
62 1.43572e+07
16 4.01107e+06
97 3.04962e+07
70 1.55059e+07
39 7.01917e+06
33 6.07622e+06
31 5.67816e+06
12 3.1709e+06
30 5.64199e+06
41 9.26363e+06
40 7.16898e+06
19 4.18542e+06
49 1.03727e+07
21 4.4167e+06
34 6.15948e+06
85 2.10203e+07
29 5.34247e+06
58 1.31304e+07
46 1.0199e+07
95 2.91075e+07
55 1.25682e+07
93 2.57285e+07
57 1.30613e+07
90 2.31191e+07
24 4.71397e+06
71 1.56604e+07
25 4.7858e+06
76 1.69694e+07
Thế hệ thứ: 37
35 6.25001e+06
46 1.0199e+07
26 5.2088e+06
61 1.36738e+07
60 1.33687e+07
51 1.10777e+07
45 9.97872e+06
27 5.23192e+06
95 2.91075e+07
43 9.41094e+06
86 2.30135e+07
16 4.01107e+06
62 1.43572e+07
94 2.69181e+07
50 1.03873e+07
55 1.25682e+07
52 1.21846e+07
15 3.32559e+06
96 2.93831e+07
32 5.76142e+06
54 1.22746e+07
44 9.63657e+06
36 6.86995e+06
78 2.03562e+07
93 2.57285e+07
97 3.04962e+07
57 1.30613e+07
39 7.01917e+06
70 1.55059e+07
31 5.67816e+06
33 6.07622e+06
12 3.1709e+06
30 5.64199e+06
90 2.31191e+07
41 9.26363e+06
40 7.16898e+06
19 4.18542e+06
49 1.03727e+07
71 1.56604e+07
34 6.15948e+06
85 2.10203e+07
29 5.34247e+06
76 1.69694e+07
58 1.31304e+07
25 4.34277e+06
23 4.32024e+06
Thế hệ thứ: 38
35 6.25001e+06
61 1.36738e+07
46 1.0199e+07
41 9.26363e+06
60 1.33687e+07
51 1.10777e+07
94 2.69181e+07
23 4.32024e+06
45 9.97872e+06
40 7.16898e+06
19 4.18542e+06
95 2.91075e+07
43 9.41094e+06
86 2.30135e+07
62 1.43572e+07
16 4.01107e+06
49 1.03727e+07
71 1.56604e+07
34 6.15948e+06
50 1.03873e+07
85 2.10203e+07
55 1.25682e+07
29 5.34247e+06
15 3.32559e+06
52 1.21846e+07
96 2.93831e+07
32 5.76142e+06
54 1.22746e+07
78 2.03562e+07
36 6.86995e+06
44 9.63657e+06
93 2.57285e+07
97 3.04962e+07
57 1.30613e+07
70 1.55059e+07
39 7.01917e+06
76 1.69694e+07
33 6.07622e+06
31 5.67816e+06
58 1.31304e+07
12 3.1709e+06
30 5.64199e+06
25 4.34277e+06
90 2.31191e+07
27 4.82331e+06
Thế hệ thứ: 39
35 6.25001e+06
35 6.25001e+06
27 4.82331e+06
46 1.0199e+07
70 1.55059e+07
39 7.01917e+06
61 1.36738e+07
41 9.26363e+06
76 1.69694e+07
60 1.33687e+07
51 1.10777e+07
31 5.67816e+06
33 6.07622e+06
23 4.32024e+06
94 2.69181e+07
45 9.97872e+06
58 1.31304e+07
40 7.16898e+06
12 3.1709e+06
19 4.18542e+06
95 2.91075e+07
43 9.41094e+06
86 2.30135e+07
16 4.01107e+06
62 1.43572e+07
49 1.03727e+07
71 1.56604e+07
34 6.15948e+06
50 1.03873e+07
85 2.10203e+07
55 1.25682e+07
52 1.21846e+07
15 3.32559e+06
96 2.93831e+07
32 5.76142e+06
54 1.22746e+07
44 9.63657e+06
36 6.86995e+06
78 2.03562e+07
25 4.34277e+06
93 2.57285e+07
97 3.04962e+07
90 2.31191e+07
57 1.30613e+07
30 5.2883e+06
Thế hệ thứ: 40
76 1.69694e+07
35 6.25001e+06
35 6.25001e+06
27 4.82331e+06
15 3.32559e+06
52 1.21846e+07
70 1.55059e+07
39 7.01917e+06
46 1.0199e+07
61 1.36738e+07
41 9.26363e+06
58 1.31304e+07
57 1.30613e+07
60 1.33687e+07
51 1.10777e+07
30 5.2883e+06
32 5.76142e+06
54 1.22746e+07
33 6.07622e+06
31 5.67816e+06
94 2.69181e+07
23 4.32024e+06
45 9.97872e+06
78 2.03562e+07
36 6.86995e+06
44 9.63657e+06
40 7.16898e+06
12 3.1709e+06
19 4.18542e+06
95 2.91075e+07
43 9.41094e+06
25 4.34277e+06
93 2.57285e+07
86 2.30135e+07
62 1.43572e+07
16 4.01107e+06
49 1.03727e+07
96 2.93831e+07
71 1.56604e+07
97 3.04962e+07
34 6.15948e+06
50 1.03873e+07
85 2.10203e+07
55 1.25682e+07
90 2.31191e+07
65 1.51299e+07
Thế hệ thứ: 41
49 1.03727e+07
76 1.69694e+07
35 6.25001e+06
35 6.25001e+06
27 4.82331e+06
15 3.32559e+06
52 1.21846e+07
39 7.01917e+06
70 1.55059e+07
96 2.93831e+07
46 1.0199e+07
61 1.36738e+07
31 5.67816e+06
33 6.07622e+06
32 5.76142e+06
30 5.2883e+06
65 1.51299e+07
41 9.26363e+06
58 1.31304e+07
57 1.30613e+07
71 1.56604e+07
51 1.10777e+07
60 1.33687e+07
97 3.04962e+07
54 1.22746e+07
34 6.15948e+06
50 1.03873e+07
23 4.32024e+06
94 2.69181e+07
45 9.97872e+06
44 9.63657e+06
36 6.86995e+06
78 2.03562e+07
40 7.16898e+06
85 2.10203e+07
12 3.1709e+06
19 4.18542e+06
43 9.41094e+06
55 1.25682e+07
25 4.34277e+06
93 2.57285e+07
86 2.30135e+07
16 4.01107e+06
62 1.43572e+07
90 2.31191e+07
29 5.22137e+06
95 2.83141e+07
42 9.34742e+06
26 4.81521e+06
Thế hệ thứ: 42
46 1.0199e+07
35 6.25001e+06
35 6.25001e+06
55 1.25682e+07
76 1.69694e+07
49 1.03727e+07
27 4.82331e+06
52 1.21846e+07
15 3.32559e+06
70 1.55059e+07
39 7.01917e+06
96 2.93831e+07
71 1.56604e+07
61 1.36738e+07
33 6.07622e+06
31 5.67816e+06
65 1.51299e+07
30 5.2883e+06
32 5.76142e+06
95 2.83141e+07
25 4.34277e+06
41 9.26363e+06
58 1.31304e+07
93 2.57285e+07
57 1.30613e+07
86 2.30135e+07
60 1.33687e+07
51 1.10777e+07
97 3.04962e+07
54 1.22746e+07
34 6.15948e+06
62 1.43572e+07
16 4.01107e+06
50 1.03873e+07
94 2.69181e+07
23 4.32024e+06
45 9.97872e+06
78 2.03562e+07
36 6.86995e+06
44 9.63657e+06
40 7.16898e+06
90 2.31191e+07
29 5.22137e+06
85 2.10203e+07
42 9.34742e+06
12 3.1709e+06
19 4.18542e+06
26 4.81521e+06
43 9.41094e+06
18 4.17085e+06
Thế hệ thứ: 43
46 1.0199e+07
35 6.25001e+06
35 6.25001e+06
29 5.22137e+06
49 1.03727e+07
26 4.81521e+06
76 1.69694e+07
27 4.82331e+06
15 3.32559e+06
85 2.10203e+07
39 7.01917e+06
70 1.55059e+07
96 2.93831e+07
71 1.56604e+07
61 1.36738e+07
31 5.67816e+06
33 6.07622e+06
32 5.76142e+06
30 5.2883e+06
65 1.51299e+07
25 4.34277e+06
95 2.83141e+07
42 9.34742e+06
41 9.26363e+06
58 1.31304e+07
93 2.57285e+07
57 1.30613e+07
12 3.1709e+06
19 4.18542e+06
86 2.30135e+07
51 1.10777e+07
60 1.33687e+07
26 4.81521e+06
97 3.04962e+07
43 9.41094e+06
34 6.15948e+06
18 4.17085e+06
16 4.01107e+06
62 1.43572e+07
50 1.03873e+07
23 4.32024e+06
94 2.69181e+07
45 9.97872e+06
44 9.63657e+06
36 6.86995e+06
78 2.03562e+07
40 7.16898e+06
90 2.31191e+07
56 1.17358e+07
Thế hệ thứ: 44
46 1.0199e+07
94 2.69181e+07
23 4.32024e+06
16 4.01107e+06
62 1.43572e+07
35 6.25001e+06
35 6.25001e+06
50 1.03873e+07
29 5.22137e+06
49 1.03727e+07
76 1.69694e+07
26 4.81521e+06
27 4.82331e+06
15 3.32559e+06
85 2.10203e+07
45 9.97872e+06
78 2.03562e+07
36 6.86995e+06
44 9.63657e+06
70 1.55059e+07
39 7.01917e+06
96 2.93831e+07
71 1.56604e+07
61 1.36738e+07
33 6.07622e+06
31 5.67816e+06
65 1.51299e+07
30 5.2883e+06
32 5.76142e+06
95 2.83141e+07
25 4.34277e+06
42 9.34742e+06
41 9.26363e+06
58 1.31304e+07
93 2.57285e+07
57 1.30613e+07
12 3.1709e+06
19 4.18542e+06
86 2.30135e+07
60 1.33687e+07
51 1.10777e+07
26 4.81521e+06
97 3.04962e+07
43 9.41094e+06
40 7.16898e+06
90 2.31191e+07
56 1.17358e+07
34 6.15948e+06
18 4.17085e+06
55 1.1685e+07
28 5.21267e+06
Thế hệ thứ: 45
46 1.0199e+07
16 4.01107e+06
62 1.43572e+07
94 2.69181e+07
23 4.32024e+06
26 4.81521e+06
50 1.03873e+07
55 1.1685e+07
29 5.22137e+06
49 1.03727e+07
26 4.81521e+06
76 1.69694e+07
27 4.82331e+06
97 3.04962e+07
15 3.32559e+06
85 2.10203e+07
45 9.97872e+06
44 9.63657e+06
36 6.86995e+06
78 2.03562e+07
39 7.01917e+06
70 1.55059e+07
96 2.93831e+07
71 1.56604e+07
61 1.36738e+07
43 9.41094e+06
31 5.67816e+06
40 7.16898e+06
32 5.76142e+06
30 5.2883e+06
65 1.51299e+07
90 2.31191e+07
25 4.34277e+06
95 2.83141e+07
56 1.17358e+07
42 9.34742e+06
41 9.26363e+06
58 1.31304e+07
93 2.57285e+07
57 1.30613e+07
18 4.17085e+06
12 3.1709e+06
28 5.21267e+06
19 4.18542e+06
86 2.30135e+07
60 1.33687e+07
35 5.98295e+06
Thế hệ thứ: 46
29 5.22137e+06
55 1.1685e+07
46 1.0199e+07
18 4.17085e+06
94 2.69181e+07
23 4.32024e+06
16 4.01107e+06
62 1.43572e+07
12 3.1709e+06
26 4.81521e+06
65 1.51299e+07
30 5.2883e+06
30 5.2883e+06
32 5.76142e+06
50 1.03873e+07
45 9.97872e+06
57 1.30613e+07
49 1.03727e+07
76 1.69694e+07
26 4.81521e+06
93 2.57285e+07
27 4.82331e+06
97 3.04962e+07
15 3.32559e+06
85 2.10203e+07
25 4.34277e+06
95 2.83141e+07
58 1.31304e+07
78 2.03562e+07
36 6.86995e+06
44 9.63657e+06
41 9.26363e+06
70 1.55059e+07
39 7.01917e+06
42 9.34742e+06
56 1.17358e+07
96 2.93831e+07
90 2.31191e+07
71 1.56604e+07
28 5.21267e+06
61 1.36738e+07
43 9.41094e+06
31 5.67816e+06
40 7.16898e+06
19 4.18542e+06
86 2.30135e+07
60 1.33687e+07
35 5.98295e+06
Thế hệ thứ: 47
29 5.22137e+06
46 1.0199e+07
16 4.01107e+06
62 1.43572e+07
94 2.69181e+07
23 4.32024e+06
18 4.17085e+06
12 3.1709e+06
26 4.81521e+06
32 5.76142e+06
30 5.2883e+06
30 5.2883e+06
65 1.51299e+07
96 2.93831e+07
50 1.03873e+07
90 2.31191e+07
45 9.97872e+06
57 1.30613e+07
71 1.56604e+07
49 1.03727e+07
28 5.21267e+06
61 1.36738e+07
26 4.81521e+06
76 1.69694e+07
93 2.57285e+07
27 4.82331e+06
97 3.04962e+07
15 3.32559e+06
43 9.41094e+06
85 2.10203e+07
95 2.83141e+07
25 4.34277e+06
31 5.67816e+06
81 2.08295e+07
58 1.31304e+07
36 6.86995e+06
44 9.63657e+06
78 2.03562e+07
41 9.26363e+06
40 7.16898e+06
19 4.18542e+06
86 2.30135e+07
39 7.01917e+06
70 1.55059e+07
42 9.34742e+06
60 1.33687e+07
35 5.98295e+06
56 1.12985e+07
Thế hệ thứ: 48
65 1.51299e+07
30 5.2883e+06
30 5.2883e+06
32 5.76142e+06
29 5.22137e+06
36 6.86995e+06
78 2.03562e+07
46 1.0199e+07
94 2.69181e+07
23 4.32024e+06
16 4.01107e+06
62 1.43572e+07
18 4.17085e+06
12 3.1709e+06
26 4.81521e+06
49 1.03727e+07
41 9.26363e+06
96 2.93831e+07
50 1.03873e+07
40 7.16898e+06
90 2.31191e+07
57 1.30613e+07
71 1.56604e+07
19 4.18542e+06
86 2.30135e+07
28 5.21267e+06
61 1.36738e+07
76 1.69694e+07
26 4.81521e+06
70 1.55059e+07
39 7.01917e+06
93 2.57285e+07
27 4.82331e+06
97 3.04962e+07
42 9.34742e+06
15 3.32559e+06
43 9.41094e+06
85 2.10203e+07
25 4.34277e+06
95 2.83141e+07
31 5.67816e+06
81 2.08295e+07
60 1.33687e+07
58 1.31304e+07
35 5.98295e+06
56 1.12985e+07
45 9.59725e+06
Thế hệ thứ: 49
65 1.51299e+07
30 5.2883e+06
30 5.2883e+06
32 5.76142e+06
15 3.32559e+06
95 2.83141e+07
25 4.34277e+06
46 1.0199e+07
81 2.08295e+07
31 5.67816e+06
29 5.22137e+06
36 6.86995e+06
78 2.03562e+07
60 1.33687e+07
58 1.31304e+07
35 5.98295e+06
23 4.32024e+06
94 2.69181e+07
28 5.1852e+06
62 1.43572e+07
16 4.01107e+06
18 4.17085e+06
12 3.1709e+06
26 4.81521e+06
49 1.03727e+07
41 9.26363e+06
85 2.10203e+07
96 2.93831e+07
50 1.03873e+07
40 7.16898e+06
56 1.12985e+07
90 2.31191e+07
45 9.59725e+06
61 1.36738e+07
57 1.30613e+07
71 1.56604e+07
19 4.18542e+06
86 2.30135e+07
43 9.41094e+06
26 4.81521e+06
76 1.69694e+07
39 7.01917e+06
70 1.55059e+07
93 2.57285e+07
27 4.82331e+06
97 3.04962e+07
64 1.488e+07
42 9.32913e+06
