Thế hệ thứ: 0
113 2.68242e+07
74 1.93854e+07
78 2.06503e+07
84 2.29987e+07
80 2.1231e+07
61 1.83887e+07
69 1.9113e+07
163 4.44678e+07
116 2.72835e+07
64 1.91075e+07
60 1.73508e+07
154 3.27938e+07
119 2.74529e+07
140 3.02177e+07
155 3.29036e+07
121 2.94892e+07
120 2.83271e+07
Thế hệ thứ: 1
120 2.83271e+07
155 3.29036e+07
140 3.02177e+07
74 1.93854e+07
78 2.06503e+07
61 1.83887e+07
116 2.72835e+07
69 1.9113e+07
113 2.68242e+07
119 2.74529e+07
154 3.27938e+07
64 1.91075e+07
60 1.73508e+07
84 2.29987e+07
80 2.1231e+07
148 3.22249e+07
160 3.82686e+07
168 3.91473e+07
129 2.94015e+07
Thế hệ thứ: 2
80 2.1231e+07
69 1.9113e+07
116 2.72835e+07
60 1.73508e+07
120 2.83271e+07
140 3.02177e+07
155 3.29036e+07
168 3.91473e+07
148 3.22249e+07
64 1.91075e+07
74 1.93854e+07
78 2.06503e+07
162 3.77649e+07
61 1.83887e+07
129 2.94015e+07
84 2.29987e+07
113 2.68242e+07
119 2.74529e+07
154 3.27938e+07
132 2.9644e+07
156 3.71765e+07
111 2.65879e+07
Thế hệ thứ: 3
168 3.91473e+07
148 3.22249e+07
69 1.9113e+07
116 2.72835e+07
80 2.1231e+07
111 2.65879e+07
120 2.83271e+07
60 1.73508e+07
140 3.02177e+07
155 3.29036e+07
61 1.83887e+07
162 3.77649e+07
64 1.91075e+07
74 1.93854e+07
78 2.06503e+07
84 2.29987e+07
113 2.68242e+07
119 2.74529e+07
154 3.27938e+07
132 2.9644e+07
160 3.52904e+07
131 2.89429e+07
176 4.04209e+07
Thế hệ thứ: 4
111 2.65879e+07
148 3.22249e+07
80 2.1231e+07
69 1.9113e+07
116 2.72835e+07
132 2.9644e+07
162 3.77649e+07
61 1.83887e+07
154 3.27938e+07
64 1.91075e+07
74 1.93854e+07
78 2.06503e+07
120 2.83271e+07
113 2.68242e+07
176 4.04209e+07
60 1.73508e+07
84 2.29987e+07
140 3.02177e+07
155 3.29036e+07
119 2.74529e+07
160 3.52904e+07
131 2.89429e+07
182 4.29176e+07
103 2.5403e+07
171 3.83625e+07
156 3.51194e+07
135 2.99742e+07
Thế hệ thứ: 5
131 2.89429e+07
61 1.83887e+07
111 2.65879e+07
119 2.74529e+07
160 3.52904e+07
148 3.22249e+07
116 2.72835e+07
69 1.9113e+07
80 2.1231e+07
103 2.5403e+07
132 2.9644e+07
182 4.29176e+07
60 1.73508e+07
176 4.04209e+07
143 3.0647e+07
135 2.99742e+07
154 3.27938e+07
64 1.91075e+07
74 1.93854e+07
78 2.06503e+07
171 3.83625e+07
120 2.83271e+07
156 3.51194e+07
113 2.68242e+07
84 2.29987e+07
140 3.02177e+07
155 3.29036e+07
109 2.60305e+07
145 3.21978e+07
168 3.56021e+07
Thế hệ thứ: 6
61 1.83887e+07
131 2.89429e+07
120 2.83271e+07
154 3.27938e+07
168 3.56021e+07
156 3.51194e+07
111 2.65879e+07
113 2.68242e+07
119 2.74529e+07
160 3.52904e+07
155 3.29036e+07
140 3.02177e+07
148 3.22249e+07
135 2.99742e+07
143 3.0647e+07
109 2.60305e+07
84 2.29987e+07
69 1.9113e+07
116 2.72835e+07
80 2.1231e+07
103 2.5403e+07
132 2.9644e+07
182 4.29176e+07
179 3.77487e+07
60 1.73508e+07
64 1.91075e+07
145 3.21978e+07
74 1.93854e+07
78 2.06503e+07
171 3.67766e+07
88 2.40763e+07
Thế hệ thứ: 7
154 3.27938e+07
168 3.56021e+07
131 2.89429e+07
61 1.83887e+07
109 2.60305e+07
84 2.29987e+07
103 2.5403e+07
80 2.1231e+07
69 1.9113e+07
116 2.72835e+07
132 2.9644e+07
120 2.83271e+07
140 3.02177e+07
155 3.29036e+07
156 3.51194e+07
182 4.29176e+07
179 3.77487e+07
60 1.73508e+07
111 2.65879e+07
113 2.68242e+07
88 2.40763e+07
119 2.74529e+07
160 3.52904e+07
145 3.21978e+07
64 1.91075e+07
148 3.22249e+07
143 3.0647e+07
135 2.99742e+07
74 1.93854e+07
78 2.06503e+07
171 3.6464e+07
122 2.84132e+07
Thế hệ thứ: 8
80 2.1231e+07
119 2.74529e+07
154 3.27938e+07
61 1.83887e+07
74 1.93854e+07
78 2.06503e+07
131 2.89429e+07
122 2.84132e+07
84 2.29987e+07
109 2.60305e+07
103 2.5403e+07
64 1.91075e+07
145 3.21978e+07
143 3.0647e+07
116 2.72835e+07
69 1.9113e+07
120 2.83271e+07
179 3.77487e+07
60 1.73508e+07
171 3.6464e+07
140 3.02177e+07
155 3.29036e+07
148 3.22249e+07
161 3.43367e+07
182 4.29176e+07
111 2.65879e+07
88 2.40763e+07
113 2.68242e+07
168 3.53524e+07
139 2.91507e+07
162 3.51878e+07
Thế hệ thứ: 9
80 2.1231e+07
69 1.9113e+07
60 1.73508e+07
119 2.74529e+07
88 2.40763e+07
154 3.27938e+07
171 3.6464e+07
61 1.83887e+07
74 1.93854e+07
78 2.06503e+07
140 3.02177e+07
155 3.29036e+07
131 2.89429e+07
109 2.60305e+07
84 2.29987e+07
122 2.84132e+07
103 2.5403e+07
148 3.22249e+07
145 3.21978e+07
64 1.91075e+07
143 3.0647e+07
139 2.91507e+07
120 2.83271e+07
168 3.53524e+07
157 3.37161e+07
179 3.67238e+07
189 4.42289e+07
117 2.64006e+07
158 3.41098e+07
188 3.9784e+07
164 3.42951e+07
Thế hệ thứ: 10
140 3.02177e+07
155 3.29036e+07
103 2.5403e+07
179 3.67238e+07
69 1.9113e+07
80 2.1231e+07
84 2.29987e+07
109 2.60305e+07
122 2.84132e+07
164 3.42951e+07
188 3.9784e+07
119 2.74529e+07
60 1.73508e+07
148 3.22249e+07
158 3.41098e+07
117 2.64006e+07
120 2.83271e+07
154 3.27938e+07
171 3.6464e+07
61 1.83887e+07
64 1.91075e+07
145 3.21978e+07
168 3.53524e+07
143 3.0647e+07
74 1.93854e+07
78 2.06503e+07
189 4.42289e+07
131 2.89429e+07
157 3.37161e+07
139 2.91507e+07
90 2.31154e+07
Thế hệ thứ: 11
164 3.42951e+07
188 3.9784e+07
64 1.91075e+07
145 3.21978e+07
155 3.29036e+07
140 3.02177e+07
179 3.67238e+07
69 1.9113e+07
103 2.5403e+07
80 2.1231e+07
122 2.84132e+07
109 2.60305e+07
84 2.29987e+07
90 2.31154e+07
119 2.74529e+07
157 3.37161e+07
168 3.53524e+07
60 1.73508e+07
139 2.91507e+07
143 3.0647e+07
120 2.83271e+07
117 2.64006e+07
74 1.93854e+07
78 2.06503e+07
148 3.22249e+07
131 2.89429e+07
158 3.41098e+07
189 4.42289e+07
154 3.27938e+07
171 3.6464e+07
61 1.83887e+07
116 2.63184e+07
Thế hệ thứ: 12
164 3.42951e+07
188 3.9784e+07
148 3.22249e+07
131 2.89429e+07
64 1.91075e+07
145 3.21978e+07
140 3.02177e+07
155 3.29036e+07
69 1.9113e+07
179 3.67238e+07
103 2.5403e+07
80 2.1231e+07
122 2.84132e+07
84 2.29987e+07
109 2.60305e+07
90 2.31154e+07
119 2.74529e+07
157 3.37161e+07
158 3.41098e+07
61 1.83887e+07
154 3.27938e+07
60 1.73508e+07
189 4.42289e+07
139 2.91507e+07
116 2.63184e+07
143 3.0647e+07
117 2.64006e+07
120 2.83271e+07
74 1.93854e+07
78 2.06503e+07
171 3.53052e+07
181 3.71081e+07
172 3.62991e+07
98 2.35256e+07
Thế hệ thứ: 13
164 3.42951e+07
188 3.9784e+07
60 1.73508e+07
117 2.64006e+07
120 2.83271e+07
64 1.91075e+07
131 2.89429e+07
140 3.02177e+07
155 3.29036e+07
74 1.93854e+07
78 2.06503e+07
179 3.67238e+07
69 1.9113e+07
103 2.5403e+07
80 2.1231e+07
109 2.60305e+07
84 2.29987e+07
122 2.84132e+07
189 4.42289e+07
90 2.31154e+07
119 2.74529e+07
157 3.37161e+07
139 2.91507e+07
116 2.63184e+07
98 2.35256e+07
158 3.41098e+07
171 3.53052e+07
61 1.83887e+07
172 3.62991e+07
154 3.27938e+07
181 3.71081e+07
150 3.21693e+07
145 3.04639e+07
102 2.53744e+07
Thế hệ thứ: 14
131 2.89429e+07
60 1.73508e+07
145 3.04639e+07
139 2.91507e+07
116 2.63184e+07
164 3.42951e+07
188 3.9784e+07
181 3.71081e+07
120 2.83271e+07
117 2.64006e+07
64 1.91075e+07
98 2.35256e+07
122 2.84132e+07
109 2.60305e+07
84 2.29987e+07
140 3.02177e+07
155 3.29036e+07
74 1.93854e+07
78 2.06503e+07
154 3.27938e+07
69 1.9113e+07
179 3.67238e+07
103 2.5403e+07
158 3.41098e+07
80 2.1231e+07
171 3.53052e+07
150 3.21693e+07
172 3.62991e+07
189 4.42289e+07
90 2.31154e+07
119 2.74529e+07
157 3.37161e+07
61 1.83887e+07
102 2.53744e+07
183 3.94164e+07
Thế hệ thứ: 15
131 2.89429e+07
183 3.94164e+07
139 2.91507e+07
145 3.04639e+07
60 1.73508e+07
116 2.63184e+07
164 3.42951e+07
188 3.9784e+07
181 3.71081e+07
117 2.64006e+07
120 2.83271e+07
171 3.53052e+07
154 3.27938e+07
64 1.91075e+07
150 3.21693e+07
98 2.35256e+07
84 2.29987e+07
109 2.60305e+07
122 2.84132e+07
140 3.02177e+07
155 3.29036e+07
74 1.93854e+07
78 2.06503e+07
172 3.62991e+07
61 1.83887e+07
189 4.42289e+07
179 3.67238e+07
69 1.9113e+07
90 2.31154e+07
103 2.5403e+07
119 2.74529e+07
157 3.37161e+07
158 3.41098e+07
102 2.53744e+07
80 2.1231e+07
148 3.16264e+07
Thế hệ thứ: 16
61 1.83887e+07
131 2.89429e+07
145 3.04639e+07
183 3.94164e+07
139 2.91507e+07
172 3.62991e+07
148 3.16264e+07
157 3.37161e+07
158 3.41098e+07
60 1.73508e+07
116 2.63184e+07
188 3.9784e+07
164 3.42951e+07
150 3.21693e+07
189 4.42289e+07
181 3.71081e+07
120 2.83271e+07
117 2.64006e+07
102 2.53744e+07
171 3.53052e+07
154 3.27938e+07
69 1.9113e+07
179 3.67238e+07
64 1.91075e+07
90 2.31154e+07
80 2.1231e+07
103 2.5403e+07
98 2.35256e+07
122 2.84132e+07
109 2.60305e+07
84 2.29987e+07
140 3.02177e+07
155 3.29036e+07
119 2.74529e+07
74 1.93854e+07
78 2.06503e+07
146 3.10521e+07
Thế hệ thứ: 17
157 3.37161e+07
69 1.9113e+07
131 2.89429e+07
61 1.83887e+07
183 3.94164e+07
139 2.91507e+07
145 3.04639e+07
172 3.62991e+07
74 1.93854e+07
78 2.06503e+07
119 2.74529e+07
64 1.91075e+07
148 3.16264e+07
109 2.60305e+07
84 2.29987e+07
122 2.84132e+07
98 2.35256e+07
103 2.5403e+07
90 2.31154e+07
158 3.41098e+07
80 2.1231e+07
60 1.73508e+07
116 2.63184e+07
164 3.42951e+07
188 3.9784e+07
155 3.29036e+07
140 3.02177e+07
150 3.21693e+07
146 3.10521e+07
189 4.42289e+07
117 2.64006e+07
120 2.83271e+07
102 2.53744e+07
171 3.53052e+07
154 3.27938e+07
181 3.64918e+07
182 3.91846e+07
Thế hệ thứ: 18
145 3.04639e+07
164 3.42951e+07
188 3.9784e+07
157 3.37161e+07
182 3.91846e+07
69 1.9113e+07
61 1.83887e+07
131 2.89429e+07
155 3.29036e+07
140 3.02177e+07
139 2.91507e+07
183 3.94164e+07
120 2.83271e+07
117 2.64006e+07
172 3.62991e+07
150 3.21693e+07
149 3.14659e+07
74 1.93854e+07
78 2.06503e+07
119 2.74529e+07
64 1.91075e+07
171 3.53052e+07
122 2.84132e+07
84 2.29987e+07
109 2.60305e+07
181 3.64918e+07
98 2.35256e+07
146 3.10521e+07
103 2.5403e+07
90 2.31154e+07
189 4.42289e+07
158 3.41098e+07
80 2.1231e+07
102 2.53744e+07
154 3.27938e+07
60 1.73508e+07
116 2.63184e+07
Thế hệ thứ: 19
145 3.04639e+07
117 2.64006e+07
120 2.83271e+07
122 2.84132e+07
84 2.29987e+07
109 2.60305e+07
157 3.37161e+07
182 3.91846e+07
164 3.42951e+07
188 3.9784e+07
181 3.64918e+07
60 1.73508e+07
69 1.9113e+07
116 2.63184e+07
98 2.35256e+07
61 1.83887e+07
146 3.10521e+07
131 2.89429e+07
155 3.29036e+07
140 3.02177e+07
183 3.94164e+07
139 2.91507e+07
154 3.27938e+07
103 2.5403e+07
90 2.31154e+07
172 3.62991e+07
189 4.42289e+07
150 3.21693e+07
74 1.93854e+07
78 2.06503e+07
149 3.14659e+07
158 3.41098e+07
64 1.91075e+07
171 3.53052e+07
80 2.1231e+07
102 2.53744e+07
119 2.74291e+07
Thế hệ thứ: 20
117 2.64006e+07
120 2.83271e+07
145 3.04639e+07
157 3.37161e+07
158 3.41098e+07
122 2.84132e+07
84 2.29987e+07
109 2.60305e+07
64 1.91075e+07
189 4.42289e+07
164 3.42951e+07
188 3.9784e+07
150 3.21693e+07
80 2.1231e+07
181 3.64918e+07
60 1.73508e+07
74 1.93854e+07
78 2.06503e+07
149 3.14659e+07
69 1.9113e+07
116 2.63184e+07
98 2.35256e+07
61 1.83887e+07
146 3.10521e+07
131 2.89429e+07
155 3.29036e+07
140 3.02177e+07
139 2.91507e+07
183 3.94164e+07
119 2.74291e+07
154 3.27938e+07
90 2.31154e+07
172 3.62991e+07
171 3.53052e+07
182 3.80855e+07
103 2.50696e+07
176 3.64631e+07
Thế hệ thứ: 21
146 3.10521e+07
145 3.04639e+07
117 2.64006e+07
120 2.83271e+07
157 3.37161e+07
116 2.63184e+07
179 3.62301e+07
98 2.35256e+07
61 1.83887e+07
131 2.89429e+07
158 3.41098e+07
109 2.60305e+07
84 2.29987e+07
122 2.84132e+07
64 1.91075e+07
155 3.29036e+07
140 3.02177e+07
139 2.91507e+07
119 2.74291e+07
164 3.42951e+07
154 3.27938e+07
150 3.21693e+07
80 2.1231e+07
181 3.64918e+07
103 2.50696e+07
182 3.80855e+07
60 1.73508e+07
149 3.14659e+07
74 1.93854e+07
78 2.06503e+07
171 3.53052e+07
69 1.9113e+07
90 2.31154e+07
189 3.89589e+07
Thế hệ thứ: 22
117 2.64006e+07
120 2.83271e+07
145 3.04639e+07
146 3.10521e+07
149 3.14659e+07
78 2.06503e+07
74 1.93854e+07
157 3.37161e+07
116 2.63184e+07
98 2.35256e+07
179 3.62301e+07
171 3.53052e+07
61 1.83887e+07
155 3.29036e+07
140 3.02177e+07
131 2.89429e+07
154 3.27938e+07
150 3.21693e+07
158 3.41098e+07
122 2.84132e+07
84 2.29987e+07
109 2.60305e+07
80 2.1231e+07
64 1.91075e+07
181 3.64918e+07
103 2.50696e+07
90 2.31154e+07
69 1.9113e+07
139 2.91507e+07
182 3.80855e+07
189 3.89589e+07
60 1.73508e+07
119 2.74291e+07
164 3.42951e+07
178 3.59935e+07
Thế hệ thứ: 23
146 3.10521e+07
145 3.04639e+07
117 2.64006e+07
149 3.14659e+07
74 1.93854e+07
78 2.06503e+07
182 3.80855e+07
157 3.37161e+07
140 3.02177e+07
155 3.29036e+07
189 3.89589e+07
116 2.63184e+07
179 3.62301e+07
98 2.35256e+07
171 3.53052e+07
169 3.49983e+07
61 1.83887e+07
60 1.73508e+07
119 2.74291e+07
131 2.89429e+07
109 2.60305e+07
84 2.29987e+07
122 2.84132e+07
154 3.27938e+07
150 3.21693e+07
164 3.42951e+07
178 3.59935e+07
64 1.91075e+07
69 1.9113e+07
90 2.31154e+07
80 2.1231e+07
181 3.64918e+07
103 2.50696e+07
139 2.91507e+07
120 2.77832e+07
158 3.38499e+07
Thế hệ thứ: 24
74 1.93854e+07
78 2.06503e+07
149 3.14659e+07
169 3.49983e+07
61 1.83887e+07
117 2.64006e+07
145 3.04639e+07
146 3.10521e+07
164 3.42951e+07
158 3.38499e+07
178 3.59935e+07
182 3.80855e+07
157 3.37161e+07
64 1.91075e+07
181 3.64918e+07
69 1.9113e+07
90 2.31154e+07
140 3.02177e+07
189 3.89589e+07
116 2.63184e+07
98 2.35256e+07
179 3.62301e+07
171 3.53052e+07
80 2.1231e+07
103 2.50696e+07
60 1.73508e+07
119 2.74291e+07
131 2.89429e+07
122 2.84132e+07
84 2.29987e+07
109 2.60305e+07
120 2.77832e+07
139 2.91507e+07
155 3.21108e+07
Thế hệ thứ: 25
169 3.49983e+07
61 1.83887e+07
78 2.06503e+07
74 1.93854e+07
149 3.14659e+07
98 2.35256e+07
179 3.62301e+07
145 3.04639e+07
117 2.64006e+07
146 3.10521e+07
164 3.42951e+07
181 3.64918e+07
69 1.9113e+07
178 3.59935e+07
90 2.31154e+07
140 3.02177e+07
64 1.91075e+07
139 2.91507e+07
189 3.89589e+07
116 2.63184e+07
171 3.53052e+07
80 2.1231e+07
103 2.50696e+07
60 1.73508e+07
119 2.74291e+07
131 2.89429e+07
109 2.60305e+07
84 2.29987e+07
122 2.84132e+07
120 2.77832e+07
155 3.21108e+07
159 3.33391e+07
183 3.7777e+07
Thế hệ thứ: 26
74 1.93854e+07
78 2.06503e+07
149 3.14659e+07
169 3.49983e+07
61 1.83887e+07
116 2.63184e+07
98 2.35256e+07
179 3.62301e+07
145 3.04639e+07
171 3.53052e+07
117 2.64006e+07
146 3.10521e+07
155 3.21108e+07
164 3.42951e+07
84 2.29987e+07
109 2.60305e+07
122 2.84132e+07
120 2.77832e+07
181 3.64918e+07
183 3.7777e+07
69 1.9113e+07
178 3.59935e+07
80 2.1231e+07
103 2.50696e+07
60 1.73508e+07
90 2.31154e+07
119 2.74291e+07
131 2.89429e+07
140 3.02177e+07
159 3.33391e+07
64 1.91075e+07
139 2.91507e+07
189 3.89589e+07
Thế hệ thứ: 27
169 3.49983e+07
61 1.83887e+07
78 2.06503e+07
74 1.93854e+07
116 2.63184e+07
80 2.1231e+07
103 2.50696e+07
179 3.62301e+07
98 2.35256e+07
145 3.04639e+07
171 3.53052e+07
149 3.13276e+07
60 1.73508e+07
90 2.31154e+07
159 3.33391e+07
117 2.64006e+07
146 3.10521e+07
119 2.74291e+07
155 3.21108e+07
164 3.42951e+07
122 2.84132e+07
109 2.60305e+07
84 2.29987e+07
131 2.89429e+07
189 3.89589e+07
120 2.77832e+07
140 3.02177e+07
181 3.64918e+07
69 1.9113e+07
139 2.91507e+07
64 1.91075e+07
184 3.73454e+07
178 3.59935e+07
Thế hệ thứ: 28
98 2.35256e+07
179 3.62301e+07
64 1.91075e+07
122 2.84132e+07
109 2.60305e+07
84 2.29987e+07
74 1.93854e+07
78 2.06503e+07
169 3.49983e+07
61 1.83887e+07
181 3.64918e+07
116 2.63184e+07
80 2.1231e+07
103 2.50696e+07
131 2.89429e+07
69 1.9113e+07
145 3.04639e+07
171 3.53052e+07
60 1.73508e+07
149 3.13276e+07
90 2.31154e+07
120 2.77832e+07
140 3.02177e+07
159 3.33391e+07
139 2.91507e+07
178 3.59935e+07
184 3.73454e+07
117 2.64006e+07
146 3.10521e+07
119 2.74291e+07
155 3.21108e+07
164 3.42951e+07
192 3.81402e+07
Thế hệ thứ: 29
98 2.35256e+07
179 3.62301e+07
74 1.93854e+07
78 2.06503e+07
122 2.84132e+07
109 2.60305e+07
84 2.29987e+07
64 1.91075e+07
178 3.59935e+07
184 3.73454e+07
120 2.77832e+07
61 1.83887e+07
169 3.49983e+07
171 3.53052e+07
155 3.21108e+07
181 3.64918e+07
117 2.64006e+07
116 2.63184e+07
140 3.02177e+07
80 2.1231e+07
103 2.50696e+07
131 2.89429e+07
146 3.10521e+07
69 1.9113e+07
145 3.04639e+07
192 3.81402e+07
149 3.13276e+07
60 1.73508e+07
90 2.31154e+07
119 2.74291e+07
164 3.42951e+07
159 3.33391e+07
139 2.91507e+07
Thế hệ thứ: 30
98 2.35256e+07
179 3.62301e+07
103 2.50696e+07
122 2.84132e+07
109 2.60305e+07
84 2.29987e+07
78 2.06503e+07
74 1.93854e+07
64 1.91075e+07
131 2.89429e+07
184 3.73454e+07
178 3.59935e+07
146 3.10521e+07
119 2.74291e+07
69 1.9113e+07
120 2.77832e+07
145 3.04639e+07
169 3.49983e+07
61 1.83887e+07
171 3.53052e+07
155 3.21108e+07
181 3.64918e+07
192 3.81402e+07
60 1.73508e+07
149 3.13276e+07
159 3.33391e+07
117 2.64006e+07
90 2.31154e+07
116 2.63184e+07
164 3.42951e+07
140 3.02177e+07
80 2.1231e+07
139 2.91507e+07
156 3.29168e+07
Thế hệ thứ: 31
84 2.29987e+07
122 2.84132e+07
109 2.60305e+07
98 2.35256e+07
179 3.62301e+07
103 2.50696e+07
140 3.02177e+07
149 3.13276e+07
60 1.73508e+07
78 2.06503e+07
74 1.93854e+07
64 1.91075e+07
131 2.89429e+07
178 3.59935e+07
184 3.73454e+07
146 3.10521e+07
159 3.33391e+07
119 2.74291e+07
117 2.64006e+07
69 1.9113e+07
90 2.31154e+07
116 2.63184e+07
156 3.29168e+07
120 2.77832e+07
139 2.91507e+07
145 3.04639e+07
61 1.83887e+07
169 3.49983e+07
171 3.53052e+07
155 3.21108e+07
181 3.64918e+07
80 2.1231e+07
192 3.81402e+07
164 3.42951e+07
Thế hệ thứ: 32
78 2.06503e+07
74 1.93854e+07
84 2.29987e+07
109 2.60305e+07
98 2.35256e+07
179 3.62301e+07
103 2.50696e+07
140 3.02177e+07
60 1.73508e+07
149 3.13276e+07
145 3.04639e+07
169 3.49983e+07
61 1.83887e+07
64 1.91075e+07
131 2.89429e+07
171 3.53052e+07
155 3.21108e+07
184 3.73454e+07
178 3.59935e+07
146 3.10521e+07
192 3.81402e+07
159 3.33391e+07
80 2.1231e+07
119 2.74291e+07
181 3.64918e+07
117 2.64006e+07
69 1.9113e+07
90 2.31154e+07
116 2.63184e+07
156 3.29168e+07
120 2.77832e+07
164 3.42951e+07
139 2.91507e+07
122 2.81756e+07
168 3.47475e+07
Thế hệ thứ: 33
103 2.50696e+07
168 3.47475e+07
119 2.74291e+07
80 2.1231e+07
159 3.33391e+07
109 2.60305e+07
84 2.29987e+07
74 1.93854e+07
78 2.06503e+07
156 3.29168e+07
164 3.42951e+07
179 3.62301e+07
98 2.35256e+07
131 2.89429e+07
181 3.64918e+07
140 3.02177e+07
149 3.13276e+07
60 1.73508e+07
145 3.04639e+07
90 2.31154e+07
61 1.83887e+07
169 3.49983e+07
117 2.64006e+07
64 1.91075e+07
116 2.63184e+07
171 3.53052e+07
155 3.21108e+07
69 1.9113e+07
178 3.59935e+07
184 3.73454e+07
122 2.81756e+07
146 3.10521e+07
192 3.81402e+07
139 2.91507e+07
120 2.77832e+07
176 3.59402e+07
Thế hệ thứ: 34
103 2.50696e+07
159 3.33391e+07
80 2.1231e+07
168 3.47475e+07
119 2.74291e+07
61 1.83887e+07
169 3.49983e+07
192 3.81402e+07
84 2.29987e+07
109 2.60305e+07
146 3.10521e+07
74 1.93854e+07
78 2.06503e+07
156 3.29168e+07
122 2.81756e+07
164 3.42951e+07
117 2.64006e+07
98 2.35256e+07
179 3.62301e+07
64 1.91075e+07
178 3.59935e+07
184 3.73454e+07
131 2.89429e+07
176 3.59402e+07
120 2.77832e+07
181 3.64918e+07
116 2.63184e+07
140 3.02177e+07
139 2.91507e+07
60 1.73508e+07
149 3.13276e+07
145 3.04639e+07
171 3.53052e+07
90 2.31154e+07
155 3.21108e+07
69 1.9113e+07
Thế hệ thứ: 35
103 2.50696e+07
178 3.59935e+07
184 3.73454e+07
119 2.74291e+07
168 3.47475e+07
80 2.1231e+07
159 3.33391e+07
131 2.89429e+07
60 1.73508e+07
149 3.13276e+07
176 3.59402e+07
145 3.04639e+07
169 3.49983e+07
61 1.83887e+07
171 3.53052e+07
192 3.81402e+07
120 2.77832e+07
90 2.31154e+07
109 2.60305e+07
84 2.29987e+07
146 3.10521e+07
181 3.64918e+07
116 2.63184e+07
155 3.21108e+07
74 1.93854e+07
78 2.06503e+07
156 3.29168e+07
122 2.81756e+07
69 1.9113e+07
140 3.02177e+07
164 3.42951e+07
117 2.64006e+07
179 3.62301e+07
98 2.35256e+07
139 2.91507e+07
64 1.91075e+07
118 2.73712e+07
Thế hệ thứ: 36
155 3.21108e+07
103 2.50696e+07
178 3.59935e+07
184 3.73454e+07
80 2.1231e+07
119 2.74291e+07
168 3.47475e+07
140 3.02177e+07
117 2.64006e+07
74 1.93854e+07
78 2.06503e+07
131 2.89429e+07
149 3.13276e+07
60 1.73508e+07
176 3.59402e+07
145 3.04639e+07
179 3.62301e+07
98 2.35256e+07
118 2.73712e+07
156 3.29168e+07
122 2.81756e+07
61 1.83887e+07
169 3.49983e+07
64 1.91075e+07
171 3.53052e+07
139 2.91507e+07
69 1.9113e+07
192 3.81402e+07
120 2.77832e+07
90 2.31154e+07
84 2.29987e+07
109 2.60305e+07
146 3.10521e+07
181 3.64918e+07
116 2.63184e+07
167 3.29193e+07
Thế hệ thứ: 37
103 2.50696e+07
155 3.21108e+07
178 3.59935e+07
184 3.73454e+07
119 2.74291e+07
168 3.47475e+07
80 2.1231e+07
64 1.91075e+07
140 3.02177e+07
171 3.53052e+07
117 2.64006e+07
139 2.91507e+07
98 2.35256e+07
179 3.62301e+07
109 2.60305e+07
84 2.29987e+07
74 1.93854e+07
78 2.06503e+07
69 1.9113e+07
131 2.89429e+07
60 1.73508e+07
149 3.13276e+07
192 3.81402e+07
176 3.59402e+07
145 3.04639e+07
120 2.77832e+07
118 2.73712e+07
146 3.10521e+07
90 2.31154e+07
122 2.81756e+07
181 3.64918e+07
116 2.63184e+07
167 3.29193e+07
169 3.49983e+07
61 1.83887e+07
157 3.25674e+07
Thế hệ thứ: 38
155 3.21108e+07
103 2.50696e+07
178 3.59935e+07
184 3.73454e+07
145 3.04639e+07
80 2.1231e+07
119 2.74291e+07
64 1.91075e+07
120 2.77832e+07
140 3.02177e+07
118 2.73712e+07
109 2.60305e+07
84 2.29987e+07
171 3.53052e+07
146 3.10521e+07
117 2.64006e+07
139 2.91507e+07
179 3.62301e+07
98 2.35256e+07
181 3.64918e+07
116 2.63184e+07
167 3.29193e+07
90 2.31154e+07
157 3.25674e+07
122 2.81756e+07
74 1.93854e+07
78 2.06503e+07
69 1.9113e+07
131 2.89429e+07
149 3.13276e+07
60 1.73508e+07
169 3.49983e+07
61 1.83887e+07
192 3.81402e+07
176 3.59402e+07
168 3.38307e+07
123 2.89088e+07
Thế hệ thứ: 39
179 3.62301e+07
98 2.35256e+07
103 2.50696e+07
155 3.21108e+07
178 3.59935e+07
184 3.73454e+07
145 3.04639e+07
119 2.74291e+07
80 2.1231e+07
149 3.13276e+07
60 1.73508e+07
61 1.83887e+07
169 3.49983e+07
64 1.91075e+07
120 2.77832e+07
140 3.02177e+07
118 2.73712e+07
192 3.81402e+07
84 2.29987e+07
109 2.60305e+07
171 3.53052e+07
176 3.59402e+07
146 3.10521e+07
116 2.63184e+07
117 2.64006e+07
139 2.91507e+07
168 3.38307e+07
181 3.64918e+07
122 2.81756e+07
167 3.29193e+07
90 2.31154e+07
157 3.25674e+07
74 1.93854e+07
78 2.06503e+07
69 1.9113e+07
131 2.89429e+07
125 2.82226e+07
Thế hệ thứ: 40
80 2.1231e+07
179 3.62301e+07
98 2.35256e+07
84 2.29987e+07
109 2.60305e+07
155 3.21108e+07
103 2.50696e+07
184 3.73454e+07
178 3.59935e+07
171 3.53052e+07
145 3.04639e+07
116 2.63184e+07
119 2.74291e+07
131 2.89429e+07
60 1.73508e+07
149 3.13276e+07
169 3.49983e+07
61 1.83887e+07
64 1.91075e+07
146 3.10521e+07
120 2.77832e+07
140 3.02177e+07
118 2.73712e+07
192 3.81402e+07
69 1.9113e+07
176 3.59402e+07
117 2.64006e+07
139 2.91507e+07
168 3.38307e+07
181 3.64918e+07
122 2.81756e+07
167 3.29193e+07
90 2.31154e+07
157 3.25674e+07
74 1.93854e+07
78 2.06503e+07
125 2.82226e+07
Thế hệ thứ: 41
80 2.1231e+07
84 2.29987e+07
109 2.60305e+07
78 2.06503e+07
74 1.93854e+07
179 3.62301e+07
98 2.35256e+07
90 2.31154e+07
168 3.38307e+07
181 3.64918e+07
125 2.82226e+07
155 3.21108e+07
103 2.50696e+07
178 3.59935e+07
184 3.73454e+07
122 2.81756e+07
171 3.53052e+07
145 3.04639e+07
116 2.63184e+07
157 3.25674e+07
119 2.74291e+07
131 2.89429e+07
149 3.13276e+07
60 1.73508e+07
61 1.83887e+07
169 3.49983e+07
64 1.91075e+07
146 3.10521e+07
120 2.77832e+07
140 3.02177e+07
118 2.73712e+07
192 3.81402e+07
69 1.9113e+07
176 3.59402e+07
167 3.29193e+07
117 2.64006e+07
139 2.91507e+07
Thế hệ thứ: 42
80 2.1231e+07
146 3.10521e+07
74 1.93854e+07
78 2.06503e+07
84 2.29987e+07
109 2.60305e+07
118 2.73712e+07
179 3.62301e+07
98 2.35256e+07
120 2.77832e+07
90 2.31154e+07
168 3.38307e+07
140 3.02177e+07
181 3.64918e+07
125 2.82226e+07
167 3.29193e+07
155 3.21108e+07
192 3.81402e+07
103 2.50696e+07
184 3.73454e+07
178 3.59935e+07
139 2.91507e+07
122 2.81756e+07
171 3.53052e+07
117 2.64006e+07
145 3.04639e+07
69 1.9113e+07
116 2.63184e+07
157 3.25674e+07
119 2.74291e+07
131 2.89429e+07
176 3.59402e+07
60 1.73508e+07
149 3.13276e+07
169 3.49983e+07
61 1.83887e+07
64 1.91075e+07
Thế hệ thứ: 43
80 2.1231e+07
60 1.73508e+07
149 3.13276e+07
146 3.10521e+07
109 2.60305e+07
61 1.83887e+07
169 3.49983e+07
78 2.06503e+07
74 1.93854e+07
179 3.62301e+07
98 2.35256e+07
145 3.04639e+07
120 2.77832e+07
69 1.9113e+07
168 3.38307e+07
140 3.02177e+07
181 3.64918e+07
125 2.82226e+07
116 2.63184e+07
157 3.25674e+07
167 3.29193e+07
155 3.21108e+07
192 3.81402e+07
103 2.50696e+07
178 3.59935e+07
184 3.73454e+07
131 2.89429e+07
139 2.91507e+07
122 2.81756e+07
171 3.53052e+07
176 3.59402e+07
64 1.91075e+07
117 2.64006e+07
93 2.29615e+07
119 2.7094e+07
Thế hệ thứ: 44
80 2.1231e+07
152 3.19666e+07
109 2.60305e+07
167 3.29193e+07
146 3.10521e+07
60 1.73508e+07
149 3.13276e+07
176 3.59402e+07
155 3.21108e+07
169 3.49983e+07
61 1.83887e+07
64 1.91075e+07
78 2.06503e+07
74 1.93854e+07
192 3.81402e+07
103 2.50696e+07
184 3.73454e+07
178 3.59935e+07
179 3.62301e+07
98 2.35256e+07
145 3.04639e+07
131 2.89429e+07
69 1.9113e+07
168 3.38307e+07
140 3.02177e+07
181 3.64918e+07
116 2.63184e+07
139 2.91507e+07
93 2.29615e+07
157 3.25674e+07
171 3.53052e+07
117 2.64006e+07
126 2.67689e+07
Thế hệ thứ: 45
69 1.9113e+07
80 2.1231e+07
167 3.29193e+07
152 3.19666e+07
109 2.60305e+07
140 3.02177e+07
168 3.38307e+07
171 3.53052e+07
181 3.64918e+07
149 3.13276e+07
60 1.73508e+07
126 2.67689e+07
176 3.59402e+07
155 3.21108e+07
61 1.83887e+07
169 3.49983e+07
64 1.91075e+07
78 2.06503e+07
74 1.93854e+07
192 3.81402e+07
103 2.50696e+07
116 2.63184e+07
178 3.59935e+07
184 3.73454e+07
139 2.91507e+07
98 2.35256e+07
179 3.62301e+07
93 2.29615e+07
157 3.25674e+07
145 3.04639e+07
117 2.64006e+07
131 2.89429e+07
146 3.06591e+07
Thế hệ thứ: 46
192 3.81402e+07
140 3.02177e+07
80 2.1231e+07
69 1.9113e+07
176 3.59402e+07
155 3.21108e+07
167 3.29193e+07
184 3.73454e+07
178 3.59935e+07
152 3.19666e+07
109 2.60305e+07
74 1.93854e+07
78 2.06503e+07
169 3.49983e+07
61 1.83887e+07
131 2.89429e+07
116 2.63184e+07
168 3.38307e+07
171 3.53052e+07
103 2.50696e+07
181 3.64918e+07
145 3.04639e+07
60 1.73508e+07
149 3.13276e+07
126 2.67689e+07
64 1.91075e+07
117 2.64006e+07
139 2.91507e+07
179 3.62301e+07
98 2.35256e+07
93 2.29615e+07
157 3.25674e+07
146 3.06591e+07
Thế hệ thứ: 47
146 3.06591e+07
140 3.02177e+07
192 3.81402e+07
69 1.9113e+07
80 2.1231e+07
176 3.59402e+07
155 3.21108e+07
167 3.29193e+07
178 3.59935e+07
184 3.73454e+07
152 3.19666e+07
109 2.60305e+07
126 2.67689e+07
74 1.93854e+07
78 2.06503e+07
61 1.83887e+07
169 3.49983e+07
64 1.91075e+07
131 2.89429e+07
116 2.63184e+07
117 2.64006e+07
168 3.38307e+07
139 2.91507e+07
98 2.35256e+07
179 3.62301e+07
171 3.53052e+07
103 2.50696e+07
181 3.64918e+07
93 2.29615e+07
145 3.04639e+07
149 3.13276e+07
60 1.73508e+07
157 3.25674e+07
182 3.73236e+07
Thế hệ thứ: 48
78 2.06503e+07
74 1.93854e+07
192 3.81402e+07
140 3.02177e+07
146 3.06591e+07
179 3.62301e+07
98 2.35256e+07
80 2.1231e+07
69 1.9113e+07
176 3.59402e+07
149 3.13276e+07
60 1.73508e+07
155 3.21108e+07
171 3.53052e+07
167 3.29193e+07
103 2.50696e+07
184 3.73454e+07
178 3.59935e+07
181 3.64918e+07
152 3.19666e+07
109 2.60305e+07
93 2.29615e+07
145 3.04639e+07
61 1.83887e+07
169 3.49983e+07
126 2.67689e+07
182 3.73236e+07
117 2.64006e+07
64 1.91075e+07
131 2.89429e+07
116 2.63184e+07
157 3.25674e+07
168 3.38307e+07
139 2.91507e+07
Thế hệ thứ: 49
61 1.83887e+07
169 3.49983e+07
74 1.93854e+07
78 2.06503e+07
145 3.04639e+07
146 3.06591e+07
140 3.02177e+07
192 3.81402e+07
98 2.35256e+07
179 3.62301e+07
131 2.89429e+07
80 2.1231e+07
69 1.9113e+07
139 2.91507e+07
176 3.59402e+07
126 2.67689e+07
60 1.73508e+07
149 3.13276e+07
182 3.73236e+07
155 3.21108e+07
116 2.63184e+07
171 3.53052e+07
157 3.25674e+07
117 2.64006e+07
167 3.29193e+07
103 2.50696e+07
178 3.59935e+07
184 3.73454e+07
181 3.64918e+07
64 1.91075e+07
152 3.19666e+07
109 2.60305e+07
168 3.38307e+07
93 2.29615e+07
193 4.07397e+07
172 3.55949e+07

