Thế hệ thứ: 0
39 7.30414e+06
27 4.15484e+06
23 3.14145e+06
44 1.00574e+07
45 1.00965e+07
47 1.0402e+07
35 6.68315e+06
31 6.13429e+06
43 9.69738e+06
34 6.65866e+06
48 1.06077e+07
42 8.66113e+06
Thế hệ thứ: 1
23 3.14145e+06
39 7.30414e+06
31 5.53996e+06
33 6.07795e+06
26 3.9038e+06
43 8.42011e+06
46 9.23153e+06
48 1.04651e+07
49 1.18697e+07
30 4.02507e+06
37 6.55353e+06
25 3.52794e+06
34 6.39256e+06
47 9.50782e+06
Thế hệ thứ: 2
23 3.14145e+06
46 9.23153e+06
37 6.55353e+06
43 8.42011e+06
25 3.52794e+06
30 4.02507e+06
48 1.04651e+07
26 3.9038e+06
47 9.50782e+06
33 6.07795e+06
35 6.31383e+06
24 3.48069e+06
19 3.10717e+06
41 7.98867e+06
39 6.97481e+06
49 1.07859e+07
34 6.1591e+06
50 1.32396e+07
31 5.51276e+06
Thế hệ thứ: 3
50 1.32396e+07
49 1.07859e+07
25 3.52794e+06
30 4.02507e+06
31 5.51276e+06
41 7.98867e+06
23 3.14145e+06
39 6.97481e+06
46 9.23153e+06
26 3.9038e+06
48 1.04651e+07
47 9.50782e+06
34 5.92892e+06
19 3.04574e+06
38 6.81113e+06
24 3.38648e+06
45 8.01917e+06
37 6.30804e+06
Thế hệ thứ: 4
19 3.04574e+06
34 5.92892e+06
25 3.52794e+06
30 4.02507e+06
31 5.51276e+06
37 6.30804e+06
38 6.81113e+06
23 3.14145e+06
39 6.97481e+06
46 9.23153e+06
47 9.50782e+06
29 3.7935e+06
24 3.22155e+06
45 7.81675e+06
18 2.80417e+06
50 1.02689e+07
Thế hệ thứ: 5
18 2.80417e+06
45 7.81675e+06
38 6.81113e+06
23 3.14145e+06
34 5.92892e+06
25 3.52794e+06
37 6.30804e+06
29 3.7935e+06
19 3.04574e+06
24 3.22155e+06
35 5.96355e+06
31 4.57812e+06
43 6.85677e+06
30 3.98886e+06
50 8.2171e+06
Thế hệ thứ: 6
18 2.80417e+06
43 6.85677e+06
50 8.2171e+06
23 3.14145e+06
38 6.81113e+06
31 4.57812e+06
45 7.81675e+06
34 5.92892e+06
25 3.52794e+06
29 3.7935e+06
19 3.04574e+06
30 3.98886e+06
24 3.22155e+06
37 5.95492e+06
Thế hệ thứ: 7
18 2.80417e+06
43 6.85677e+06
50 8.2171e+06
23 3.14145e+06
31 4.57812e+06
45 7.81675e+06
37 5.95492e+06
34 5.92892e+06
25 3.52794e+06
29 3.7935e+06
19 3.04574e+06
30 3.98886e+06
24 3.22155e+06
39 6.73044e+06
32 5.69785e+06
Thế hệ thứ: 8
18 2.80417e+06
50 8.2171e+06
31 4.57812e+06
37 5.95492e+06
25 3.52794e+06
29 3.7935e+06
19 3.04574e+06
30 3.98886e+06
34 5.92892e+06
44 6.18915e+06
23 3.14145e+06
24 3.22155e+06
43 5.96499e+06
45 7.77639e+06
32 5.313e+06
28 3.65927e+06
Thế hệ thứ: 9
18 2.80417e+06
50 8.2171e+06
31 4.57812e+06
23 3.14145e+06
44 6.18915e+06
45 7.77639e+06
34 5.92892e+06
37 5.95492e+06
29 3.7935e+06
43 5.96499e+06
19 3.04574e+06
30 3.98886e+06
28 3.65927e+06
24 3.22155e+06
25 3.44009e+06
32 4.80159e+06
Thế hệ thứ: 10
18 2.80417e+06
50 8.2171e+06
32 4.80159e+06
23 3.14145e+06
44 6.18915e+06
43 5.96499e+06
19 3.04574e+06
31 4.57812e+06
30 3.98886e+06
25 3.44009e+06
28 3.65927e+06
29 3.7935e+06
24 3.22155e+06
42 5.01872e+06
47 7.57429e+06
Thế hệ thứ: 11
19 3.04574e+06
18 2.80417e+06
42 5.01872e+06
50 8.2171e+06
47 7.57429e+06
23 3.14145e+06
44 6.18915e+06
32 4.80159e+06
43 5.96499e+06
31 4.57812e+06
30 3.98886e+06
25 3.44009e+06
28 3.65927e+06
29 3.7935e+06
24 3.22155e+06
35 4.85503e+06
Thế hệ thứ: 12
19 3.04574e+06
38 4.55935e+06
18 2.80417e+06
50 8.2171e+06
42 5.01872e+06
47 7.57429e+06
23 3.14145e+06
44 6.18915e+06
43 5.96499e+06
30 3.98886e+06
25 3.44009e+06
28 3.65927e+06
24 3.22155e+06
32 4.44484e+06
29 3.67249e+06
Thế hệ thứ: 13
18 2.80417e+06
38 4.55935e+06
42 5.01872e+06
50 8.2171e+06
47 7.57429e+06
23 3.14145e+06
44 6.18915e+06
25 3.44009e+06
32 4.44484e+06
43 5.96499e+06
30 3.98886e+06
19 3.04574e+06
28 3.65927e+06
29 3.67249e+06
24 3.22155e+06
27 3.6027e+06
31 4.07131e+06
Thế hệ thứ: 14
18 2.80417e+06
38 4.55935e+06
42 5.01872e+06
50 8.2171e+06
47 7.57429e+06
23 3.14145e+06
44 6.18915e+06
25 3.44009e+06
43 5.96499e+06
19 3.04574e+06
33 4.04093e+06
30 3.98886e+06
27 3.6027e+06
29 3.67249e+06
24 3.22155e+06
28 3.65927e+06
Thế hệ thứ: 15
30 3.98886e+06
33 4.04093e+06
18 2.80417e+06
38 4.55935e+06
42 5.01872e+06
50 8.2171e+06
47 7.57429e+06
23 3.14145e+06
44 6.18915e+06
43 5.96499e+06
19 3.04574e+06
25 3.44009e+06
27 3.6027e+06
29 3.67249e+06
24 3.22155e+06
28 3.65927e+06
Thế hệ thứ: 16
30 3.98886e+06
33 4.04093e+06
18 2.80417e+06
38 4.55935e+06
42 5.01872e+06
50 8.2171e+06
47 7.57429e+06
23 3.14145e+06
44 6.18915e+06
43 5.96499e+06
19 3.04574e+06
40 4.93178e+06
25 3.44009e+06
27 3.6027e+06
20 3.04723e+06
29 3.67249e+06
24 3.22155e+06
28 3.65927e+06
Thế hệ thứ: 17
33 4.04093e+06
30 3.98886e+06
18 2.80417e+06
38 4.55935e+06
42 5.01872e+06
50 8.2171e+06
47 7.57429e+06
23 3.14145e+06
44 6.18915e+06
43 5.96499e+06
25 3.44009e+06
40 4.93178e+06
20 3.04723e+06
29 3.67249e+06
27 3.6027e+06
24 3.22155e+06
28 3.65927e+06
48 8.20815e+06
19 3.01651e+06
37 4.55341e+06
41 5.0187e+06
Thế hệ thứ: 18
30 3.98886e+06
33 4.04093e+06
18 2.80417e+06
38 4.55935e+06
42 5.01872e+06
42 5.01872e+06
50 8.2171e+06
47 7.57429e+06
23 3.14145e+06
44 6.18915e+06
43 5.96499e+06
37 4.55341e+06
48 8.20815e+06
25 3.44009e+06
40 4.93178e+06
20 3.04723e+06
29 3.67249e+06
27 3.6027e+06
24 3.22155e+06
19 3.01651e+06
41 5.0187e+06
28 3.65927e+06
45 7.1244e+06
46 7.46424e+06
Thế hệ thứ: 19
30 3.98886e+06
33 4.04093e+06
18 2.80417e+06
38 4.55935e+06
50 8.2171e+06
48 8.20815e+06
45 7.1244e+06
43 5.96499e+06
23 3.14145e+06
44 6.18915e+06
37 4.55341e+06
42 5.01872e+06
42 5.01872e+06
47 7.57429e+06
20 3.04723e+06
29 3.67249e+06
46 7.46424e+06
27 3.6027e+06
24 3.22155e+06
19 3.01651e+06
28 3.65927e+06
41 4.92251e+06
34 4.09171e+06
25 3.42614e+06
Thế hệ thứ: 20
50 8.2171e+06
18 2.80417e+06
38 4.55935e+06
45 7.1244e+06
43 5.96499e+06
20 3.04723e+06
29 3.67249e+06
34 4.09171e+06
23 3.14145e+06
44 6.18915e+06
37 4.55341e+06
41 4.92251e+06
42 5.01872e+06
42 5.01872e+06
47 7.57429e+06
33 4.04093e+06
30 3.98886e+06
25 3.42614e+06
46 7.46424e+06
27 3.6027e+06
24 3.22155e+06
19 3.01651e+06
28 3.65927e+06
49 8.15755e+06
39 4.90829e+06
Thế hệ thứ: 21
50 8.2171e+06
38 4.55935e+06
18 2.80417e+06
43 5.96499e+06
49 8.15755e+06
20 3.04723e+06
29 3.67249e+06
34 4.09171e+06
44 6.18915e+06
23 3.14145e+06
47 7.57429e+06
37 4.55341e+06
42 5.01872e+06
42 5.01872e+06
33 4.04093e+06
25 3.42614e+06
46 7.46424e+06
27 3.6027e+06
24 3.22155e+06
45 7.1244e+06
41 4.92251e+06
19 3.01651e+06
28 3.65927e+06
30 3.98886e+06
39 4.69753e+06
Thế hệ thứ: 22
50 8.2171e+06
38 4.55935e+06
18 2.80417e+06
45 7.1244e+06
24 3.22155e+06
43 5.96499e+06
49 8.15755e+06
20 3.04723e+06
29 3.67249e+06
34 4.09171e+06
23 3.14145e+06
44 6.18915e+06
47 7.57429e+06
37 4.55341e+06
42 5.01872e+06
42 5.01872e+06
30 3.98886e+06
25 3.42614e+06
39 4.69753e+06
41 4.92251e+06
46 7.46424e+06
33 4.04093e+06
27 3.6027e+06
27 3.6027e+06
19 3.01651e+06
28 3.65927e+06
35 4.1179e+06
Thế hệ thứ: 23
42 5.01872e+06
42 5.01872e+06
50 8.2171e+06
38 4.55935e+06
18 2.80417e+06
43 5.96499e+06
49 8.15755e+06
23 3.14145e+06
44 6.18915e+06
30 3.98886e+06
35 4.1179e+06
37 4.55341e+06
39 4.69753e+06
41 4.92251e+06
34 4.09171e+06
20 3.04723e+06
29 3.67249e+06
33 4.04093e+06
19 3.01651e+06
27 3.6027e+06
27 3.6027e+06
28 3.65927e+06
47 6.81426e+06
26 3.19923e+06
Thế hệ thứ: 24
50 8.2171e+06
38 4.55935e+06
18 2.80417e+06
44 6.18915e+06
23 3.14145e+06
49 8.15755e+06
47 6.81426e+06
43 5.96499e+06
26 3.19923e+06
42 5.01872e+06
42 5.01872e+06
30 3.98886e+06
35 4.1179e+06
37 4.55341e+06
39 4.69753e+06
41 4.92251e+06
34 4.09171e+06
20 3.04723e+06
29 3.67249e+06
33 4.04093e+06
19 3.01651e+06
27 3.6027e+06
27 3.6027e+06
28 3.65927e+06
48 7.72272e+06
Thế hệ thứ: 25
50 8.2171e+06
38 4.55935e+06
18 2.80417e+06
44 6.18915e+06
23 3.14145e+06
47 6.81426e+06
26 3.19923e+06
48 7.72272e+06
43 5.96499e+06
42 5.01872e+06
42 5.01872e+06
30 3.98886e+06
35 4.1179e+06
37 4.55341e+06
39 4.69753e+06
49 8.15755e+06
41 4.92251e+06
34 4.09171e+06
20 3.04723e+06
29 3.67249e+06
33 4.04093e+06
19 3.01651e+06
27 3.6027e+06
27 3.6027e+06
28 3.65927e+06
36 4.51506e+06
Thế hệ thứ: 26
50 8.2171e+06
38 4.55935e+06
18 2.80417e+06
44 6.18915e+06
23 3.14145e+06
47 6.81426e+06
26 3.19923e+06
48 7.72272e+06
43 5.96499e+06
42 5.01872e+06
42 5.01872e+06
30 3.98886e+06
39 4.69753e+06
49 8.15755e+06
41 4.92251e+06
34 4.09171e+06
20 3.04723e+06
29 3.67249e+06
33 4.04093e+06
37 4.55341e+06
36 4.51506e+06
35 4.1179e+06
27 3.6027e+06
27 3.6027e+06
28 3.65927e+06
19 3.0005e+06
Thế hệ thứ: 27
50 8.2171e+06
18 2.80417e+06
38 4.55935e+06
44 6.18915e+06
23 3.14145e+06
47 6.81426e+06
26 3.19923e+06
48 7.72272e+06
43 5.96499e+06
42 5.01872e+06
42 5.01872e+06
30 3.98886e+06
39 4.69753e+06
49 8.15755e+06
41 4.92251e+06
34 4.09171e+06
20 3.04723e+06
29 3.67249e+06
33 4.04093e+06
37 4.55341e+06
36 4.51506e+06
35 4.1179e+06
19 3.0005e+06
27 3.6027e+06
27 3.6027e+06
28 3.65927e+06
16 2.7734e+06
40 4.92249e+06
Thế hệ thứ: 28
42 5.01872e+06
42 5.01872e+06
50 8.2171e+06
16 2.7734e+06
44 6.18915e+06
23 3.14145e+06
47 6.81426e+06
48 7.72272e+06
43 5.96499e+06
26 3.19923e+06
30 3.98886e+06
49 8.15755e+06
34 4.09171e+06
20 3.04723e+06
29 3.67249e+06
37 4.55341e+06
40 4.92249e+06
36 4.51506e+06
35 4.1179e+06
33 4.04093e+06
38 4.55935e+06
18 2.80417e+06
39 4.69753e+06
27 3.6027e+06
27 3.6027e+06
19 3.0005e+06
41 4.92251e+06
28 3.65927e+06
Thế hệ thứ: 29
42 5.01872e+06
42 5.01872e+06
50 8.2171e+06
44 6.18915e+06
23 3.14145e+06
47 6.81426e+06
48 7.72272e+06
43 5.96499e+06
26 3.19923e+06
30 3.98886e+06
49 8.15755e+06
34 4.09171e+06
20 3.04723e+06
29 3.67249e+06
37 4.55341e+06
36 4.51506e+06
35 4.1179e+06
33 4.04093e+06
38 4.55935e+06
18 2.80417e+06
39 4.69753e+06
27 3.6027e+06
27 3.6027e+06
19 3.0005e+06
41 4.92251e+06
28 3.65927e+06
40 4.91114e+06
16 2.77338e+06
Thế hệ thứ: 30
42 5.01872e+06
42 5.01872e+06
50 8.2171e+06
23 3.14145e+06
44 6.18915e+06
47 6.81426e+06
39 4.69753e+06
16 2.77338e+06
48 7.72272e+06
43 5.96499e+06
26 3.19923e+06
30 3.98886e+06
49 8.15755e+06
34 4.09171e+06
20 3.04723e+06
29 3.67249e+06
37 4.55341e+06
36 4.51506e+06
35 4.1179e+06
33 4.04093e+06
38 4.55935e+06
18 2.80417e+06
27 3.6027e+06
27 3.6027e+06
19 3.0005e+06
40 4.91114e+06
41 4.92251e+06
41 4.92251e+06
28 3.65927e+06
Thế hệ thứ: 31
42 5.01872e+06
42 5.01872e+06
50 8.2171e+06
44 6.18915e+06
23 3.14145e+06
47 6.81426e+06
39 4.69753e+06
16 2.77338e+06
48 7.72272e+06
43 5.96499e+06
26 3.19923e+06
30 3.98886e+06
49 8.15755e+06
34 4.09171e+06
20 3.04723e+06
29 3.67249e+06
37 4.55341e+06
36 4.51506e+06
35 4.1179e+06
33 4.04093e+06
38 4.55935e+06
18 2.80417e+06
27 3.6027e+06
27 3.6027e+06
19 3.0005e+06
40 4.91114e+06
28 3.65927e+06
28 3.65927e+06
41 4.92251e+06
41 4.92251e+06
Thế hệ thứ: 32
42 5.01872e+06
42 5.01872e+06
50 8.2171e+06
44 6.18915e+06
23 3.14145e+06
47 6.81426e+06
39 4.69753e+06
48 7.72272e+06
43 5.96499e+06
26 3.19923e+06
30 3.98886e+06
49 8.15755e+06
34 4.09171e+06
20 3.04723e+06
29 3.67249e+06
37 4.55341e+06
36 4.51506e+06
35 4.1179e+06
33 4.04093e+06
38 4.55935e+06
18 2.80417e+06
27 3.6027e+06
27 3.6027e+06
19 3.0005e+06
40 4.91114e+06
41 4.92251e+06
41 4.92251e+06
28 3.65927e+06
28 3.65927e+06
16 2.77203e+06
Thế hệ thứ: 33
42 5.01872e+06
42 5.01872e+06
50 8.2171e+06
44 6.18915e+06
23 3.14145e+06
47 6.81426e+06
16 2.77203e+06
48 7.72272e+06
43 5.96499e+06
26 3.19923e+06
30 3.98886e+06
49 8.15755e+06
34 4.09171e+06
20 3.04723e+06
29 3.67249e+06
36 4.51506e+06
35 4.1179e+06
33 4.04093e+06
38 4.55935e+06
18 2.80417e+06
39 4.69753e+06
27 3.6027e+06
27 3.6027e+06
19 3.0005e+06
40 4.91114e+06
28 3.65927e+06
28 3.65927e+06
37 4.5151e+06
41 4.921e+06
Thế hệ thứ: 34
23 3.14145e+06
44 6.18915e+06
47 6.81426e+06
42 5.01872e+06
42 5.01872e+06
50 8.2171e+06
48 7.72272e+06
43 5.96499e+06
26 3.19923e+06
30 3.98886e+06
49 8.15755e+06
34 4.09171e+06
20 3.04723e+06
29 3.67249e+06
35 4.1179e+06
33 4.04093e+06
36 4.51506e+06
38 4.55935e+06
18 2.80417e+06
39 4.69753e+06
27 3.6027e+06
27 3.6027e+06
19 3.0005e+06
40 4.91114e+06
41 4.921e+06
37 4.5151e+06
28 3.65927e+06
28 3.65927e+06
16 2.70115e+06
Thế hệ thứ: 35
50 8.2171e+06
16 2.70115e+06
44 6.18915e+06
23 3.14145e+06
47 6.81426e+06
26 3.19923e+06
48 7.72272e+06
43 5.96499e+06
42 5.01872e+06
42 5.01872e+06
30 3.98886e+06
49 8.15755e+06
34 4.09171e+06
20 3.04723e+06
29 3.67249e+06
38 4.55935e+06
18 2.80417e+06
33 4.04093e+06
35 4.1179e+06
36 4.51506e+06
39 4.69753e+06
19 3.0005e+06
27 3.6027e+06
27 3.6027e+06
40 4.91114e+06
41 4.921e+06
37 4.5151e+06
28 3.65927e+06
28 3.65927e+06
Thế hệ thứ: 36
50 8.2171e+06
16 2.70115e+06
44 6.18915e+06
23 3.14145e+06
47 6.81426e+06
26 3.19923e+06
48 7.72272e+06
43 5.96499e+06
42 5.01872e+06
42 5.01872e+06
30 3.98886e+06
49 8.15755e+06
34 4.09171e+06
20 3.04723e+06
29 3.67249e+06
38 4.55935e+06
18 2.80417e+06
33 4.04093e+06
35 4.1179e+06
39 4.69753e+06
19 3.0005e+06
27 3.6027e+06
27 3.6027e+06
40 4.91114e+06
41 4.921e+06
37 4.5151e+06
28 3.65927e+06
28 3.65927e+06
36 4.51446e+06
Thế hệ thứ: 37
50 8.2171e+06
16 2.70115e+06
44 6.18915e+06
23 3.14145e+06
47 6.81426e+06
26 3.19923e+06
48 7.72272e+06
43 5.96499e+06
42 5.01872e+06
42 5.01872e+06
30 3.98886e+06
49 8.15755e+06
34 4.09171e+06
20 3.04723e+06
29 3.67249e+06
38 4.55935e+06
18 2.80417e+06
33 4.04093e+06
35 4.1179e+06
39 4.69753e+06
19 3.0005e+06
27 3.6027e+06
27 3.6027e+06
40 4.91114e+06
41 4.921e+06
37 4.5151e+06
28 3.65927e+06
28 3.65927e+06
36 4.47657e+06
Thế hệ thứ: 38
50 8.2171e+06
16 2.70115e+06
44 6.18915e+06
23 3.14145e+06
47 6.81426e+06
26 3.19923e+06
48 7.72272e+06
43 5.96499e+06
42 5.01872e+06
42 5.01872e+06
30 3.98886e+06
36 4.47657e+06
49 8.15755e+06
34 4.09171e+06
20 3.04723e+06
29 3.67249e+06
38 4.55935e+06
18 2.80417e+06
33 4.04093e+06
35 4.1179e+06
39 4.69753e+06
19 3.0005e+06
27 3.6027e+06
27 3.6027e+06
40 4.91114e+06
41 4.921e+06
37 4.5151e+06
28 3.65927e+06
28 3.65927e+06
Thế hệ thứ: 39
50 8.2171e+06
16 2.70115e+06
44 6.18915e+06
23 3.14145e+06
47 6.81426e+06
26 3.19923e+06
48 7.72272e+06
43 5.96499e+06
42 5.01872e+06
42 5.01872e+06
30 3.98886e+06
36 4.47657e+06
49 8.15755e+06
34 4.09171e+06
20 3.04723e+06
29 3.67249e+06
38 4.55935e+06
18 2.80417e+06
33 4.04093e+06
35 4.1179e+06
39 4.69753e+06
19 3.0005e+06
27 3.6027e+06
27 3.6027e+06
40 4.91114e+06
41 4.921e+06
37 4.5151e+06
28 3.65927e+06
28 3.65927e+06
Thế hệ thứ: 40
50 8.2171e+06
16 2.70115e+06
44 6.18915e+06
23 3.14145e+06
47 6.81426e+06
26 3.19923e+06
48 7.72272e+06
43 5.96499e+06
42 5.01872e+06
42 5.01872e+06
30 3.98886e+06
36 4.47657e+06
49 8.15755e+06
34 4.09171e+06
20 3.04723e+06
29 3.67249e+06
38 4.55935e+06
18 2.80417e+06
33 4.04093e+06
35 4.1179e+06
19 3.0005e+06
27 3.6027e+06
27 3.6027e+06
40 4.91114e+06
41 4.921e+06
41 4.921e+06
37 4.5151e+06
28 3.65927e+06
28 3.65927e+06
39 4.58284e+06
Thế hệ thứ: 41
50 8.2171e+06
16 2.70115e+06
44 6.18915e+06
23 3.14145e+06
47 6.81426e+06
26 3.19923e+06
48 7.72272e+06
43 5.96499e+06
42 5.01872e+06
42 5.01872e+06
30 3.98886e+06
36 4.47657e+06
49 8.15755e+06
34 4.09171e+06
20 3.04723e+06
29 3.67249e+06
38 4.55935e+06
18 2.80417e+06
33 4.04093e+06
35 4.1179e+06
39 4.58284e+06
40 4.91114e+06
19 3.0005e+06
27 3.6027e+06
27 3.6027e+06
37 4.5151e+06
41 4.921e+06
41 4.921e+06
28 3.65927e+06
28 3.65927e+06
Thế hệ thứ: 42
50 8.2171e+06
16 2.70115e+06
44 6.18915e+06
23 3.14145e+06
47 6.81426e+06
26 3.19923e+06
48 7.72272e+06
43 5.96499e+06
42 5.01872e+06
42 5.01872e+06
30 3.98886e+06
49 8.15755e+06
34 4.09171e+06
20 3.04723e+06
29 3.67249e+06
38 4.55935e+06
18 2.80417e+06
33 4.04093e+06
35 4.1179e+06
39 4.58284e+06
40 4.91114e+06
19 3.0005e+06
27 3.6027e+06
27 3.6027e+06
41 4.921e+06
41 4.921e+06
28 3.65927e+06
28 3.65927e+06
37 4.30599e+06
Thế hệ thứ: 43
50 8.2171e+06
16 2.70115e+06
44 6.18915e+06
23 3.14145e+06
47 6.81426e+06
26 3.19923e+06
48 7.72272e+06
43 5.96499e+06
42 5.01872e+06
42 5.01872e+06
30 3.98886e+06
37 4.30599e+06
49 8.15755e+06
34 4.09171e+06
20 3.04723e+06
29 3.67249e+06
38 4.55935e+06
18 2.80417e+06
33 4.04093e+06
35 4.1179e+06
39 4.58284e+06
40 4.91114e+06
19 3.0005e+06
41 4.921e+06
41 4.921e+06
28 3.65927e+06
28 3.65927e+06
36 4.29768e+06
27 3.36955e+06
Thế hệ thứ: 44
42 5.01872e+06
42 5.01872e+06
50 8.2171e+06
16 2.70115e+06
44 6.18915e+06
23 3.14145e+06
47 6.81426e+06
48 7.72272e+06
43 5.96499e+06
30 3.98886e+06
26 3.19923e+06
49 8.15755e+06
34 4.09171e+06
20 3.04723e+06
29 3.67249e+06
38 4.55935e+06
18 2.80417e+06
27 3.36955e+06
33 4.04093e+06
36 4.29768e+06
39 4.58284e+06
40 4.91114e+06
37 4.30599e+06
19 3.0005e+06
35 4.1179e+06
28 3.65927e+06
28 3.65927e+06
41 4.921e+06
41 4.921e+06
Thế hệ thứ: 45
42 5.01872e+06
42 5.01872e+06
50 8.2171e+06
16 2.70115e+06
44 6.18915e+06
23 3.14145e+06
47 6.81426e+06
48 7.72272e+06
43 5.96499e+06
30 3.98886e+06
26 3.19923e+06
49 8.15755e+06
34 4.09171e+06
20 3.04723e+06
29 3.67249e+06
38 4.55935e+06
18 2.80417e+06
27 3.36955e+06
33 4.04093e+06
36 4.29768e+06
39 4.58284e+06
40 4.91114e+06
37 4.30599e+06
19 3.0005e+06
35 4.1179e+06
28 3.65927e+06
28 3.65927e+06
41 4.921e+06
41 4.921e+06
17 2.79276e+06
Thế hệ thứ: 46
42 5.01872e+06
42 5.01872e+06
50 8.2171e+06
16 2.70115e+06
44 6.18915e+06
23 3.14145e+06
47 6.81426e+06
48 7.72272e+06
43 5.96499e+06
30 3.98886e+06
26 3.19923e+06
49 8.15755e+06
20 3.04723e+06
29 3.67249e+06
27 3.36955e+06
36 4.29768e+06
39 4.58284e+06
40 4.91114e+06
38 4.55935e+06
18 2.80417e+06
37 4.30599e+06
19 3.0005e+06
35 4.1179e+06
28 3.65927e+06
28 3.65927e+06
17 2.79276e+06
41 4.921e+06
41 4.921e+06
34 4.03743e+06
Thế hệ thứ: 47
16 2.70115e+06
30 3.98886e+06
50 8.2171e+06
44 6.18915e+06
23 3.14145e+06
47 6.81426e+06
48 7.72272e+06
43 5.96499e+06
42 5.01872e+06
42 5.01872e+06
17 2.79276e+06
34 4.03743e+06
26 3.19923e+06
49 8.15755e+06
20 3.04723e+06
29 3.67249e+06
27 3.36955e+06
36 4.29768e+06
39 4.58284e+06
40 4.91114e+06
18 2.80417e+06
38 4.55935e+06
37 4.30599e+06
35 4.1179e+06
19 3.0005e+06
28 3.65927e+06
28 3.65927e+06
41 4.921e+06
41 4.921e+06
Thế hệ thứ: 48
16 2.70115e+06
30 3.98886e+06
50 8.2171e+06
44 6.18915e+06
23 3.14145e+06
47 6.81426e+06
48 7.72272e+06
43 5.96499e+06
42 5.01872e+06
42 5.01872e+06
17 2.79276e+06
34 4.03743e+06
26 3.19923e+06
49 8.15755e+06
29 3.67249e+06
27 3.36955e+06
36 4.29768e+06
39 4.58284e+06
40 4.91114e+06
18 2.80417e+06
37 4.30599e+06
35 4.1179e+06
28 3.65927e+06
28 3.65927e+06
41 4.921e+06
41 4.921e+06
20 2.97105e+06
38 4.48663e+06
Thế hệ thứ: 49
16 2.70115e+06
30 3.98886e+06
50 8.2171e+06
44 6.18915e+06
23 3.14145e+06
47 6.81426e+06
48 7.72272e+06
43 5.96499e+06
20 2.97105e+06
42 5.01872e+06
42 5.01872e+06
17 2.79276e+06
34 4.03743e+06
26 3.19923e+06
49 8.15755e+06
27 3.36955e+06
36 4.29768e+06
39 4.58284e+06
18 2.80417e+06
40 4.91114e+06
29 3.67249e+06
38 4.48663e+06
35 4.1179e+06
37 4.30599e+06
28 3.65927e+06
28 3.65927e+06
41 4.921e+06
41 4.921e+06
