Thế hệ thứ: 0
86 2.6199e+07
68 1.7053e+07
60 1.28012e+07
20 2.93883e+06
70 1.89447e+07
23 4.16164e+06
22 3.44319e+06
82 2.59219e+07
25 4.1623e+06
34 7.5827e+06
49 1.13013e+07
80 2.05505e+07
54 1.24532e+07
64 1.34853e+07
81 2.55295e+07
76 1.93991e+07
30 5.09365e+06
37 9.18761e+06
Thế hệ thứ: 1
20 2.93883e+06
60 1.28012e+07
70 1.83045e+07
80 2.05505e+07
49 1.13013e+07
89 2.28792e+07
31 6.9896e+06
64 1.34853e+07
30 5.09365e+06
37 7.54197e+06
76 1.93991e+07
25 4.1623e+06
22 3.44319e+06
23 4.16164e+06
67 1.68054e+07
54 1.16643e+07
35 7.2386e+06
40 9.78154e+06
46 1.01422e+07
65 1.39512e+07
68 1.68108e+07
Thế hệ thứ: 2
22 3.44319e+06
54 1.16643e+07
38 7.94521e+06
20 2.93883e+06
64 1.34853e+07
31 6.9896e+06
89 2.28792e+07
40 8.65001e+06
80 2.05505e+07
60 1.28012e+07
76 1.93991e+07
30 5.09365e+06
37 7.54197e+06
65 1.39512e+07
25 4.1623e+06
35 7.2386e+06
23 4.16164e+06
29 4.89902e+06
81 2.23284e+07
47 9.39192e+06
79 2.04188e+07
71 1.5435e+07
72 1.81455e+07
52 1.1292e+07
Thế hệ thứ: 3
47 9.39192e+06
20 2.93883e+06
38 7.94521e+06
64 1.34853e+07
89 2.28792e+07
76 1.93991e+07
40 8.65001e+06
60 1.28012e+07
29 4.89902e+06
71 1.5435e+07
72 1.81455e+07
81 2.23284e+07
65 1.39512e+07
22 3.44319e+06
30 5.09365e+06
41 8.68155e+06
37 6.04552e+06
42 8.79501e+06
54 1.11706e+07
25 4.11515e+06
80 2.03838e+07
28 4.81521e+06
Thế hệ thứ: 4
47 9.39192e+06
20 2.93883e+06
38 7.94521e+06
89 2.28792e+07
42 8.25511e+06
64 1.34853e+07
60 1.28012e+07
29 4.89902e+06
71 1.5435e+07
28 4.81521e+06
37 6.04552e+06
65 1.39512e+07
30 5.09365e+06
25 4.11515e+06
83 1.9072e+07
22 3.44319e+06
54 1.11204e+07
55 1.22288e+07
73 1.77434e+07
31 5.40401e+06
Thế hệ thứ: 5
54 1.11204e+07
47 9.39192e+06
22 3.44319e+06
83 1.9072e+07
20 2.93883e+06
64 1.34853e+07
89 2.28792e+07
42 8.25511e+06
73 1.77434e+07
29 4.89902e+06
71 1.5435e+07
28 4.81521e+06
31 5.40401e+06
60 1.28012e+07
55 1.22288e+07
25 4.11515e+06
30 5.09365e+06
43 9.26211e+06
37 5.84181e+06
70 1.38927e+07
40 6.50846e+06
84 2.03943e+07
Thế hệ thứ: 6
89 2.28792e+07
42 8.25511e+06
47 9.39192e+06
22 3.44319e+06
83 1.9072e+07
20 2.93883e+06
84 2.03943e+07
73 1.77434e+07
71 1.5435e+07
70 1.38927e+07
40 6.50846e+06
31 5.40401e+06
25 4.11515e+06
30 5.09365e+06
49 1.06503e+07
44 8.73371e+06
37 5.73016e+06
64 1.10817e+07
29 4.72999e+06
Thế hệ thứ: 7
89 2.28792e+07
42 8.25511e+06
22 3.44319e+06
83 1.9072e+07
20 2.93883e+06
64 1.10817e+07
70 1.38927e+07
84 2.03943e+07
73 1.77434e+07
71 1.5435e+07
40 6.50846e+06
25 4.11515e+06
37 5.73016e+06
47 9.39192e+06
44 8.73371e+06
29 4.72999e+06
30 5.09365e+06
32 5.17144e+06
27 4.51451e+06
49 1.00085e+07
43 8.6444e+06
78 1.84385e+07
91 2.4172e+07
Thế hệ thứ: 8
20 2.93883e+06
49 1.00085e+07
84 2.03943e+07
64 1.10817e+07
70 1.38927e+07
89 2.28792e+07
78 1.84385e+07
40 6.50846e+06
22 3.44319e+06
83 1.9072e+07
43 6.84569e+06
25 4.11515e+06
37 5.73016e+06
47 9.39192e+06
32 5.17144e+06
44 8.73371e+06
27 4.51451e+06
29 4.72999e+06
94 2.36061e+07
31 4.82109e+06
76 1.54003e+07
35 5.63534e+06
Thế hệ thứ: 9
64 1.10817e+07
70 1.38927e+07
94 2.36061e+07
20 2.93883e+06
76 1.54003e+07
78 1.84385e+07
84 2.03943e+07
22 3.44319e+06
83 1.9072e+07
37 5.73016e+06
25 4.11515e+06
43 6.84569e+06
40 6.50846e+06
44 8.22061e+06
35 5.63534e+06
32 5.17144e+06
27 4.51451e+06
29 4.72999e+06
31 4.82109e+06
90 2.1867e+07
33 5.27526e+06
55 1.0328e+07
49 8.95038e+06
Thế hệ thứ: 10
64 1.10817e+07
70 1.38927e+07
94 2.36061e+07
55 1.0328e+07
76 1.54003e+07
20 2.93883e+06
90 2.1867e+07
49 8.95038e+06
84 2.03943e+07
35 5.63534e+06
22 3.44319e+06
83 1.9072e+07
37 5.73016e+06
25 4.11515e+06
43 6.84569e+06
40 6.50846e+06
27 4.51451e+06
28 4.65335e+06
33 5.27526e+06
31 4.82109e+06
32 5.17144e+06
52 9.45222e+06
59 1.06068e+07
29 4.66176e+06
45 7.09545e+06
73 1.48883e+07
81 1.79381e+07
Thế hệ thứ: 11
76 1.54003e+07
20 2.93883e+06
64 1.10817e+07
70 1.38927e+07
94 2.36061e+07
26 4.28938e+06
81 1.79381e+07
45 7.09545e+06
90 2.1867e+07
84 1.85871e+07
49 8.95038e+06
22 3.44319e+06
59 1.06068e+07
73 1.48883e+07
55 1.0328e+07
52 9.45222e+06
40 6.50846e+06
43 6.84569e+06
37 5.73016e+06
25 4.11515e+06
35 5.63534e+06
27 4.51451e+06
31 4.82109e+06
29 4.66176e+06
28 4.65335e+06
33 5.13207e+06
91 2.32852e+07
Thế hệ thứ: 12
76 1.54003e+07
20 2.93883e+06
64 1.10817e+07
70 1.38927e+07
94 2.36061e+07
81 1.79381e+07
49 8.95038e+06
84 1.85871e+07
45 7.09545e+06
90 2.1867e+07
59 1.06068e+07
73 1.48883e+07
55 1.0328e+07
52 9.45222e+06
40 6.50846e+06
22 3.44319e+06
25 4.11515e+06
43 6.84569e+06
37 5.73016e+06
33 5.13207e+06
35 5.63534e+06
31 4.82109e+06
38 6.08731e+06
29 4.66176e+06
26 4.28938e+06
27 4.51451e+06
28 4.65335e+06
93 2.29639e+07
Thế hệ thứ: 13
76 1.54003e+07
20 2.93883e+06
64 1.10817e+07
70 1.38927e+07
81 1.79381e+07
84 1.85871e+07
93 2.29639e+07
49 8.95038e+06
45 7.09545e+06
90 2.1867e+07
59 1.06068e+07
73 1.48883e+07
28 4.63547e+06
55 1.0328e+07
52 9.45222e+06
22 3.44319e+06
40 6.50846e+06
37 5.73016e+06
25 4.11515e+06
43 6.84569e+06
33 5.13207e+06
35 5.63534e+06
29 4.66176e+06
31 4.82109e+06
26 4.28938e+06
27 4.51451e+06
38 6.02793e+06
32 5.11136e+06
95 2.35515e+07
91 2.23864e+07
Thế hệ thứ: 14
27 4.51451e+06
25 4.04545e+06
95 2.35515e+07
76 1.54003e+07
20 2.93883e+06
81 1.79381e+07
45 7.09545e+06
90 2.1867e+07
93 2.29639e+07
49 8.95038e+06
84 1.85871e+07
64 1.10817e+07
70 1.38927e+07
59 1.06068e+07
73 1.48883e+07
55 1.0328e+07
28 4.63547e+06
52 9.45222e+06
22 3.44319e+06
40 6.50846e+06
37 5.73016e+06
43 6.84569e+06
91 2.23864e+07
35 5.63534e+06
38 6.02793e+06
33 5.13207e+06
31 4.82109e+06
29 4.66176e+06
26 4.28938e+06
32 5.11136e+06
47 7.74547e+06
Thế hệ thứ: 15
27 4.51451e+06
95 2.35515e+07
25 4.04545e+06
89 1.91821e+07
93 2.04111e+07
76 1.54003e+07
20 2.93883e+06
81 1.79381e+07
45 7.09545e+06
49 8.95038e+06
84 1.85871e+07
64 1.10817e+07
70 1.38927e+07
59 1.06068e+07
73 1.48883e+07
55 1.0328e+07
28 4.63547e+06
52 9.45222e+06
33 5.13207e+06
47 7.74547e+06
22 3.44319e+06
40 6.50846e+06
37 5.73016e+06
35 5.63534e+06
38 6.02793e+06
98 2.65259e+07
31 4.82109e+06
26 4.28938e+06
29 4.66176e+06
97 2.37081e+07
32 5.0367e+06
46 7.09817e+06
44 6.73771e+06
Thế hệ thứ: 16
93 2.04111e+07
76 1.54003e+07
89 1.91821e+07
20 2.93883e+06
81 1.79381e+07
31 4.82109e+06
98 2.65259e+07
46 7.09817e+06
64 1.10817e+07
70 1.38927e+07
27 4.51451e+06
95 2.35515e+07
25 4.04545e+06
97 2.37081e+07
49 8.95038e+06
84 1.85871e+07
59 1.06068e+07
73 1.48883e+07
55 1.0328e+07
28 4.63547e+06
44 6.73771e+06
52 9.45222e+06
33 5.13207e+06
47 7.74547e+06
22 3.44319e+06
32 5.0367e+06
40 6.50846e+06
35 5.63534e+06
38 6.02793e+06
37 5.73016e+06
29 4.66176e+06
26 4.28938e+06
45 7.09545e+06
41 6.63461e+06
36 5.73012e+06
Thế hệ thứ: 17
93 2.04111e+07
76 1.54003e+07
89 1.91821e+07
20 2.93883e+06
81 1.79381e+07
31 4.82109e+06
98 2.65259e+07
64 1.10817e+07
46 7.09817e+06
70 1.38927e+07
27 4.51451e+06
95 2.35515e+07
25 4.04545e+06
97 2.37081e+07
84 1.85871e+07
49 8.95038e+06
59 1.06068e+07
55 1.0328e+07
28 4.63547e+06
44 6.73771e+06
47 7.74547e+06
22 3.44319e+06
38 6.02793e+06
32 5.0367e+06
40 6.50846e+06
35 5.63534e+06
41 6.63461e+06
29 4.66176e+06
26 4.28938e+06
45 7.09545e+06
37 5.73016e+06
36 5.73012e+06
74 1.4346e+07
33 5.11798e+06
53 9.2458e+06
50 9.08395e+06
94 2.34811e+07
30 4.7191e+06
Thế hệ thứ: 18
81 1.79381e+07
31 4.82109e+06
98 2.65259e+07
93 2.04111e+07
76 1.54003e+07
89 1.91821e+07
20 2.93883e+06
46 7.09817e+06
64 1.10817e+07
70 1.38927e+07
97 2.37081e+07
27 4.51451e+06
25 4.04545e+06
95 2.35515e+07
33 5.11798e+06
94 2.34811e+07
49 8.95038e+06
84 1.85871e+07
59 1.06068e+07
74 1.4346e+07
55 1.0328e+07
28 4.63547e+06
44 6.73771e+06
47 7.74547e+06
38 6.02793e+06
53 9.2458e+06
22 3.44319e+06
35 5.63534e+06
32 5.0367e+06
40 6.50846e+06
50 9.08395e+06
41 6.63461e+06
26 4.28938e+06
45 7.09545e+06
37 5.73016e+06
30 4.7191e+06
36 5.73012e+06
29 4.66176e+06
Thế hệ thứ: 19
81 1.79381e+07
31 4.82109e+06
98 2.65259e+07
89 1.91821e+07
93 2.04111e+07
76 1.54003e+07
20 2.93883e+06
46 7.09817e+06
64 1.10817e+07
70 1.38927e+07
97 2.37081e+07
27 4.51451e+06
25 4.04545e+06
33 5.11798e+06
84 1.85871e+07
59 1.06068e+07
74 1.4346e+07
28 4.63547e+06
44 6.73771e+06
47 7.74547e+06
38 6.02793e+06
53 9.2458e+06
22 3.44319e+06
35 5.63534e+06
32 5.0367e+06
40 6.50846e+06
50 9.08395e+06
41 6.63461e+06
26 4.28938e+06
45 7.09545e+06
37 5.73016e+06
30 4.7191e+06
36 5.73012e+06
29 4.66176e+06
95 2.29072e+07
49 8.73531e+06
55 1.02868e+07
39 6.06896e+06
Thế hệ thứ: 20
81 1.79381e+07
31 4.82109e+06
98 2.65259e+07
76 1.54003e+07
93 2.04111e+07
89 1.91821e+07
20 2.93883e+06
46 7.09817e+06
64 1.10817e+07
70 1.38927e+07
97 2.37081e+07
36 5.73012e+06
95 2.29072e+07
84 1.85871e+07
59 1.06068e+07
74 1.4346e+07
38 6.02793e+06
53 9.2458e+06
55 1.02868e+07
22 3.44319e+06
47 7.74547e+06
49 8.73531e+06
27 4.51451e+06
33 5.11798e+06
25 4.04545e+06
50 9.08395e+06
28 4.63547e+06
44 6.73771e+06
35 5.63534e+06
41 6.63461e+06
40 6.50846e+06
32 5.0367e+06
39 6.06896e+06
26 4.28938e+06
45 7.09545e+06
37 5.73016e+06
30 4.7191e+06
29 4.66176e+06
Thế hệ thứ: 21
81 1.79381e+07
31 4.82109e+06
76 1.54003e+07
93 2.04111e+07
89 1.91821e+07
20 2.93883e+06
46 7.09817e+06
64 1.10817e+07
70 1.38927e+07
97 2.37081e+07
36 5.73012e+06
95 2.29072e+07
84 1.85871e+07
59 1.06068e+07
74 1.4346e+07
38 6.02793e+06
53 9.2458e+06
55 1.02868e+07
22 3.44319e+06
47 7.74547e+06
49 8.73531e+06
27 4.51451e+06
33 5.11798e+06
25 4.04545e+06
50 9.08395e+06
28 4.63547e+06
44 6.73771e+06
35 5.63534e+06
35 5.63534e+06
41 6.63461e+06
32 5.0367e+06
98 2.56726e+07
40 6.50846e+06
39 6.06896e+06
26 4.28938e+06
45 7.09545e+06
37 5.73016e+06
30 4.7191e+06
29 4.66176e+06
96 2.36091e+07
Thế hệ thứ: 22
76 1.54003e+07
93 2.04111e+07
89 1.91821e+07
20 2.93883e+06
32 5.0367e+06
98 2.56726e+07
40 6.50846e+06
46 7.09817e+06
64 1.10817e+07
70 1.38927e+07
81 1.79381e+07
36 5.73012e+06
95 2.29072e+07
84 1.85871e+07
59 1.06068e+07
74 1.4346e+07
38 6.02793e+06
53 9.2458e+06
55 1.02868e+07
97 2.37081e+07
22 3.44319e+06
49 8.12518e+06
47 7.74547e+06
27 4.51451e+06
33 5.11798e+06
25 4.04545e+06
50 9.08395e+06
44 6.73771e+06
41 6.63461e+06
96 2.36091e+07
35 5.63534e+06
35 5.63534e+06
65 1.32423e+07
39 6.06896e+06
26 4.28938e+06
45 7.09545e+06
31 4.82109e+06
37 5.73016e+06
30 4.7191e+06
29 4.66176e+06
28 4.63359e+06
Thế hệ thứ: 23
76 1.54003e+07
93 2.04111e+07
89 1.91821e+07
20 2.93883e+06
32 5.0367e+06
98 2.56726e+07
40 6.50846e+06
39 6.06896e+06
81 1.79381e+07
46 7.09817e+06
70 1.38927e+07
64 1.10817e+07
36 5.73012e+06
95 2.29072e+07
84 1.85871e+07
59 1.06068e+07
74 1.4346e+07
38 6.02793e+06
53 9.2458e+06
55 1.02868e+07
97 2.37081e+07
22 3.44319e+06
50 9.08395e+06
49 8.12518e+06
25 4.04545e+06
47 7.11445e+06
27 4.51451e+06
33 5.11798e+06
44 6.73771e+06
41 6.63461e+06
96 2.36091e+07
35 5.63534e+06
35 5.63534e+06
26 4.28938e+06
45 7.09545e+06
31 4.82109e+06
37 5.73016e+06
30 4.7191e+06
28 4.63359e+06
29 4.66176e+06
34 5.5523e+06
69 1.27635e+07
Thế hệ thứ: 24
76 1.54003e+07
93 2.04111e+07
89 1.91821e+07
20 2.93883e+06
32 5.0367e+06
98 2.56726e+07
40 6.50846e+06
81 1.79381e+07
46 7.09817e+06
70 1.38927e+07
64 1.10817e+07
69 1.27635e+07
36 5.73012e+06
95 2.29072e+07
84 1.85871e+07
59 1.06068e+07
74 1.4346e+07
38 6.02793e+06
53 9.2458e+06
55 1.02868e+07
49 8.12518e+06
97 2.37081e+07
22 3.44319e+06
50 9.08395e+06
33 5.11798e+06
25 4.04545e+06
47 7.11445e+06
44 6.73771e+06
41 6.63461e+06
96 2.36091e+07
34 5.5523e+06
39 6.06896e+06
26 4.28938e+06
45 7.09545e+06
31 4.82109e+06
37 5.73016e+06
30 4.7191e+06
29 4.66176e+06
35 5.63534e+06
35 5.63534e+06
28 4.50114e+06
57 1.05894e+07
Thế hệ thứ: 25
93 2.04111e+07
89 1.91821e+07
20 2.93883e+06
32 5.0367e+06
98 2.56726e+07
40 6.50846e+06
57 1.05894e+07
81 1.79381e+07
46 7.09817e+06
70 1.38927e+07
64 1.10817e+07
69 1.27635e+07
36 5.73012e+06
95 2.29072e+07
74 1.4346e+07
49 8.12518e+06
38 6.02793e+06
55 1.02868e+07
53 9.2458e+06
97 2.37081e+07
22 3.44319e+06
59 1.06068e+07
50 9.08395e+06
33 5.11798e+06
25 4.04545e+06
47 7.11445e+06
44 6.73771e+06
41 6.63461e+06
96 2.36091e+07
26 4.28938e+06
28 4.50114e+06
34 5.5523e+06
39 6.06896e+06
45 7.09545e+06
31 4.82109e+06
37 5.73016e+06
29 4.66176e+06
30 4.7191e+06
35 5.63534e+06
35 5.63534e+06
76 1.51506e+07
84 1.81016e+07
Thế hệ thứ: 26
32 5.0367e+06
98 2.56726e+07
40 6.50846e+06
93 2.04111e+07
89 1.91821e+07
20 2.93883e+06
76 1.51506e+07
57 1.05894e+07
81 1.79381e+07
46 7.09817e+06
70 1.38927e+07
64 1.10817e+07
69 1.27635e+07
36 5.73012e+06
95 2.29072e+07
39 6.06896e+06
84 1.81016e+07
74 1.4346e+07
49 8.12518e+06
38 6.02793e+06
38 6.02793e+06
55 1.02868e+07
53 9.2458e+06
97 2.37081e+07
22 3.44319e+06
59 1.06068e+07
50 9.08395e+06
25 4.04545e+06
47 7.11445e+06
33 5.11798e+06
44 6.73771e+06
41 6.63461e+06
96 2.36091e+07
26 4.28938e+06
28 4.50114e+06
45 7.09545e+06
37 5.73016e+06
29 4.66176e+06
35 5.14664e+06
80 1.62565e+07
31 4.70353e+06
Thế hệ thứ: 27
32 5.0367e+06
32 5.0367e+06
98 2.56726e+07
40 6.50846e+06
93 2.04111e+07
89 1.91821e+07
20 2.93883e+06
46 7.09817e+06
64 1.10817e+07
69 1.27635e+07
45 7.09545e+06
80 1.62565e+07
76 1.51506e+07
39 6.06896e+06
84 1.81016e+07
57 1.05894e+07
81 1.79381e+07
74 1.4346e+07
49 8.12518e+06
38 6.02793e+06
38 6.02793e+06
55 1.02868e+07
53 9.2458e+06
31 4.70353e+06
97 2.37081e+07
22 3.44319e+06
59 1.06068e+07
50 9.08395e+06
33 5.11798e+06
25 4.04545e+06
47 7.11445e+06
44 6.73771e+06
35 5.14664e+06
41 6.63461e+06
26 4.28938e+06
28 4.50114e+06
29 4.66176e+06
75 1.48139e+07
36 5.48784e+06
37 5.73016e+06
71 1.33275e+07
96 2.26821e+07
Thế hệ thứ: 28
32 5.0367e+06
32 5.0367e+06
98 2.56726e+07
40 6.50846e+06
93 2.04111e+07
89 1.91821e+07
20 2.93883e+06
46 7.09817e+06
64 1.10817e+07
96 2.26821e+07
69 1.27635e+07
45 7.09545e+06
80 1.62565e+07
39 6.06896e+06
84 1.81016e+07
31 4.70353e+06
97 2.37081e+07
71 1.33275e+07
57 1.05894e+07
81 1.79381e+07
76 1.51506e+07
49 8.12518e+06
55 1.02868e+07
53 9.2458e+06
74 1.4346e+07
22 3.44319e+06
59 1.06068e+07
50 9.08395e+06
33 5.11798e+06
25 4.04545e+06
47 7.11445e+06
44 6.73771e+06
41 6.63461e+06
36 5.48784e+06
37 5.73016e+06
75 1.48139e+07
26 4.28938e+06
28 4.50114e+06
35 5.14664e+06
29 4.66176e+06
54 9.66849e+06
38 5.74217e+06
Thế hệ thứ: 29
32 5.0367e+06
32 5.0367e+06
98 2.56726e+07
40 6.50846e+06
93 2.04111e+07
89 1.91821e+07
20 2.93883e+06
46 7.09817e+06
64 1.10817e+07
96 2.26821e+07
69 1.27635e+07
45 7.09545e+06
80 1.62565e+07
39 6.06896e+06
84 1.81016e+07
31 4.70353e+06
97 2.37081e+07
71 1.33275e+07
57 1.05894e+07
81 1.79381e+07
76 1.51506e+07
49 8.12518e+06
74 1.4346e+07
22 3.44319e+06
59 1.06068e+07
50 9.08395e+06
33 5.11798e+06
25 4.04545e+06
47 7.11445e+06
53 9.2458e+06
55 1.02868e+07
44 6.73771e+06
54 9.66849e+06
41 6.63461e+06
51 9.11837e+06
36 5.48784e+06
37 5.73016e+06
75 1.48139e+07
26 4.28938e+06
28 4.50114e+06
35 5.14664e+06
29 4.66176e+06
38 5.74217e+06
Thế hệ thứ: 30
98 2.56726e+07
93 2.04111e+07
89 1.91821e+07
20 2.93883e+06
46 7.09817e+06
64 1.10817e+07
96 2.26821e+07
69 1.27635e+07
45 7.09545e+06
80 1.62565e+07
39 6.06896e+06
84 1.81016e+07
31 4.70353e+06
97 2.37081e+07
71 1.33275e+07
57 1.05894e+07
81 1.79381e+07
76 1.51506e+07
49 8.12518e+06
74 1.4346e+07
22 3.44319e+06
59 1.06068e+07
25 4.04545e+06
47 7.11445e+06
53 9.2458e+06
55 1.02868e+07
44 6.73771e+06
54 9.66849e+06
50 9.08395e+06
51 9.11837e+06
36 5.48784e+06
37 5.73016e+06
75 1.48139e+07
26 4.28938e+06
28 4.50114e+06
35 5.14664e+06
29 4.66176e+06
38 5.74217e+06
41 6.50125e+06
33 5.01968e+06
Thế hệ thứ: 31
42 5.60118e+06
93 2.04111e+07
89 1.91821e+07
20 2.93883e+06
98 2.56726e+07
46 7.09817e+06
64 1.10817e+07
96 2.26821e+07
69 1.27635e+07
45 7.09545e+06
80 1.62565e+07
31 4.70353e+06
97 2.37081e+07
71 1.33275e+07
57 1.05894e+07
76 1.51506e+07
49 8.12518e+06
74 1.4346e+07
22 3.44319e+06
59 1.06068e+07
25 4.04545e+06
47 7.11445e+06
53 9.2458e+06
55 1.02868e+07
44 6.73771e+06
54 9.66849e+06
33 5.01968e+06
50 9.08395e+06
36 5.48784e+06
75 1.48139e+07
35 5.14664e+06
26 4.28938e+06
28 4.50114e+06
29 4.66176e+06
51 9.11837e+06
34 5.11457e+06
88 1.78839e+07
Thế hệ thứ: 32
98 2.56726e+07
42 5.60118e+06
89 1.91821e+07
93 2.04111e+07
20 2.93883e+06
45 7.09545e+06
27 4.42915e+06
80 1.62565e+07
88 1.78839e+07
46 7.09817e+06
64 1.10817e+07
96 2.26821e+07
69 1.27635e+07
31 4.70353e+06
97 2.37081e+07
71 1.33275e+07
76 1.51506e+07
49 8.12518e+06
74 1.4346e+07
22 3.44319e+06
59 1.06068e+07
36 5.48784e+06
75 1.48139e+07
34 5.11457e+06
25 4.04545e+06
47 7.11445e+06
53 9.2458e+06
55 1.02868e+07
54 9.66849e+06
50 9.08395e+06
57 1.05894e+07
26 4.28938e+06
33 5.01968e+06
28 4.50114e+06
51 9.11837e+06
35 5.14664e+06
44 6.193e+06
67 1.27358e+07
29 4.59736e+06
32 4.91546e+06
Thế hệ thứ: 33
98 2.56726e+07
42 5.60118e+06
93 2.04111e+07
20 2.93883e+06
80 1.62565e+07
27 4.42915e+06
45 7.09545e+06
88 1.78839e+07
96 2.26821e+07
46 7.09817e+06
64 1.10817e+07
31 4.70353e+06
97 2.37081e+07
33 5.01968e+06
67 1.27358e+07
71 1.33275e+07
76 1.51506e+07
49 8.12518e+06
74 1.4346e+07
22 3.44319e+06
59 1.06068e+07
36 5.48784e+06
75 1.48139e+07
44 6.193e+06
34 5.11457e+06
25 4.04545e+06
47 7.11445e+06
53 9.2458e+06
29 4.59736e+06
69 1.27635e+07
50 9.08395e+06
51 9.11837e+06
26 4.28938e+06
35 5.14664e+06
32 4.91546e+06
28 4.50114e+06
83 1.77954e+07
89 1.84478e+07
66 1.2505e+07
58 9.57833e+06
Thế hệ thứ: 34
98 2.56726e+07
42 5.60118e+06
93 2.04111e+07
20 2.93883e+06
80 1.62565e+07
27 4.42915e+06
89 1.84478e+07
96 2.26821e+07
64 1.10817e+07
83 1.77954e+07
31 4.70353e+06
97 2.37081e+07
29 4.59736e+06
59 1.06068e+07
58 9.57833e+06
71 1.33275e+07
76 1.51506e+07
49 8.12518e+06
74 1.4346e+07
22 3.44319e+06
26 4.28938e+06
66 1.2505e+07
29 4.59736e+06
53 9.2458e+06
75 1.48139e+07
36 5.48784e+06
88 1.78839e+07
44 6.193e+06
34 5.11457e+06
25 4.04545e+06
69 1.27635e+07
50 9.08395e+06
33 5.01968e+06
67 1.27358e+07
51 9.11837e+06
35 5.14664e+06
32 4.91546e+06
28 4.50114e+06
47 6.60919e+06
Thế hệ thứ: 35
98 2.56726e+07
93 2.04111e+07
42 5.60118e+06
20 2.93883e+06
80 1.62565e+07
27 4.42915e+06
89 1.84478e+07
96 2.26821e+07
64 1.10817e+07
83 1.77954e+07
31 4.70353e+06
97 2.37081e+07
47 6.60919e+06
49 8.12518e+06
29 4.59736e+06
59 1.06068e+07
58 9.57833e+06
71 1.33275e+07
76 1.51506e+07
74 1.4346e+07
22 3.44319e+06
26 4.28938e+06
66 1.2505e+07
29 4.59736e+06
53 9.2458e+06
72 1.3993e+07
75 1.48139e+07
36 5.48784e+06
44 6.193e+06
88 1.78839e+07
34 5.11457e+06
25 4.04545e+06
69 1.27635e+07
50 9.08395e+06
33 5.01968e+06
67 1.27358e+07
51 9.11837e+06
35 5.14664e+06
32 4.91546e+06
28 4.50114e+06
Thế hệ thứ: 36
93 2.04111e+07
42 5.60118e+06
20 2.93883e+06
80 1.62565e+07
27 4.42915e+06
89 1.84478e+07
96 2.26821e+07
64 1.10817e+07
83 1.77954e+07
31 4.70353e+06
97 2.37081e+07
47 6.60919e+06
49 8.12518e+06
29 4.59736e+06
59 1.06068e+07
58 9.57833e+06
76 1.51506e+07
100 2.54614e+07
22 3.44319e+06
66 1.2505e+07
29 4.59736e+06
53 9.2458e+06
26 4.22497e+06
72 1.3993e+07
75 1.48139e+07
36 5.48784e+06
44 6.193e+06
88 1.78839e+07
71 1.33275e+07
34 5.11457e+06
25 4.04545e+06
69 1.27635e+07
74 1.4346e+07
50 9.08395e+06
33 5.01968e+06
67 1.27358e+07
51 9.11837e+06
35 5.14664e+06
32 4.91546e+06
28 4.50114e+06
98 2.52455e+07
Thế hệ thứ: 37
93 2.04111e+07
42 5.60118e+06
52 9.0871e+06
20 2.93883e+06
22 3.44319e+06
100 2.54614e+07
80 1.62565e+07
27 4.42915e+06
89 1.84478e+07
96 2.26821e+07
64 1.10817e+07
47 6.60919e+06
49 8.12518e+06
29 4.59736e+06
59 1.06068e+07
97 2.37081e+07
58 9.57833e+06
76 1.51506e+07
98 2.52455e+07
66 1.2505e+07
29 4.59736e+06
53 9.2458e+06
26 4.22497e+06
72 1.3993e+07
75 1.48139e+07
36 5.48784e+06
44 6.193e+06
88 1.78839e+07
71 1.33275e+07
34 5.11457e+06
25 4.04545e+06
69 1.27635e+07
74 1.4346e+07
50 9.08395e+06
33 5.01968e+06
67 1.27358e+07
35 5.14664e+06
32 4.91546e+06
28 4.50114e+06
83 1.75288e+07
41 5.57273e+06
31 4.67571e+06
Thế hệ thứ: 38
83 1.75288e+07
93 2.04111e+07
42 5.60118e+06
22 3.44319e+06
100 2.54614e+07
52 9.0871e+06
20 2.93883e+06
89 1.84478e+07
96 2.26821e+07
80 1.62565e+07
27 4.42915e+06
64 1.10817e+07
47 6.60919e+06
49 8.12518e+06
29 4.59736e+06
59 1.06068e+07
97 2.37081e+07
58 9.57833e+06
76 1.51506e+07
88 1.78839e+07
98 2.52455e+07
66 1.2505e+07
44 6.193e+06
29 4.59736e+06
53 9.2458e+06
26 4.22497e+06
72 1.3993e+07
75 1.48139e+07
36 5.48784e+06
71 1.33275e+07
34 5.11457e+06
25 4.04545e+06
50 9.08395e+06
41 5.57273e+06
69 1.27635e+07
74 1.4346e+07
31 4.67571e+06
33 5.01968e+06
35 5.14664e+06
32 4.91546e+06
28 4.50114e+06
67 1.26552e+07
Thế hệ thứ: 39
83 1.75288e+07
93 2.04111e+07
42 5.60118e+06
52 9.0871e+06
20 2.93883e+06
22 3.44319e+06
100 2.54614e+07
89 1.84478e+07
96 2.26821e+07
80 1.62565e+07
27 4.42915e+06
64 1.10817e+07
47 6.60919e+06
49 8.12518e+06
29 4.59736e+06
29 4.59736e+06
50 8.73764e+06
59 1.06068e+07
97 2.37081e+07
58 9.57833e+06
76 1.51506e+07
88 1.78839e+07
66 1.2505e+07
44 6.193e+06
29 4.59736e+06
53 9.2458e+06
26 4.22497e+06
72 1.3993e+07
75 1.48139e+07
36 5.48784e+06
71 1.33275e+07
25 4.04545e+06
34 5.11457e+06
41 5.57273e+06
69 1.27635e+07
74 1.4346e+07
31 4.67571e+06
67 1.26552e+07
35 5.14664e+06
32 4.91546e+06
33 5.01968e+06
28 4.50114e+06
98 2.48142e+07
48 7.8482e+06
Thế hệ thứ: 40
83 1.75288e+07
93 2.04111e+07
42 5.60118e+06
22 3.44319e+06
100 2.54614e+07
52 9.0871e+06
20 2.93883e+06
89 1.84478e+07
96 2.26821e+07
80 1.62565e+07
27 4.42915e+06
64 1.10817e+07
59 1.06068e+07
50 8.73764e+06
58 9.57833e+06
76 1.51506e+07
47 6.60919e+06
97 2.37081e+07
88 1.78839e+07
71 1.33275e+07
66 1.2505e+07
44 6.193e+06
53 9.2458e+06
26 4.22497e+06
72 1.3993e+07
75 1.48139e+07
36 5.48784e+06
25 4.04545e+06
34 5.11457e+06
41 5.57273e+06
69 1.27635e+07
74 1.4346e+07
49 8.12518e+06
31 4.67571e+06
67 1.26552e+07
35 5.14664e+06
32 4.91546e+06
33 5.01968e+06
28 4.50114e+06
48 7.00443e+06
45 6.58488e+06
29 4.59436e+06
98 2.41307e+07
Thế hệ thứ: 41
83 1.75288e+07
42 5.60118e+06
93 2.04111e+07
52 9.0871e+06
20 2.93883e+06
22 3.44319e+06
100 2.54614e+07
89 1.84478e+07
96 2.26821e+07
80 1.62565e+07
64 1.10817e+07
59 1.06068e+07
50 8.73764e+06
58 9.57833e+06
76 1.51506e+07
88 1.78839e+07
98 2.41307e+07
66 1.2505e+07
49 8.12518e+06
53 9.2458e+06
26 4.22497e+06
75 1.48139e+07
36 5.48784e+06
44 6.193e+06
48 7.00443e+06
71 1.33275e+07
97 2.37081e+07
34 5.11457e+06
25 4.04545e+06
41 5.57273e+06
69 1.27635e+07
99 2.50237e+07
74 1.4346e+07
47 6.60919e+06
45 6.58488e+06
31 4.67571e+06
67 1.26552e+07
29 4.59436e+06
35 5.14664e+06
32 4.91546e+06
33 5.01968e+06
72 1.37736e+07
28 4.41784e+06
84 1.76889e+07
43 6.1922e+06
Thế hệ thứ: 42
42 5.60118e+06
93 2.04111e+07
22 3.44319e+06
100 2.54614e+07
20 2.93883e+06
89 1.84478e+07
96 2.26821e+07
80 1.62565e+07
64 1.10817e+07
50 8.73764e+06
58 9.57833e+06
76 1.51506e+07
83 1.75288e+07
66 1.2505e+07
49 8.12518e+06
88 1.78839e+07
75 1.48139e+07
26 4.22497e+06
36 5.48784e+06
44 6.193e+06
48 7.00443e+06
97 2.37081e+07
34 5.11457e+06
25 4.04545e+06
99 2.50237e+07
74 1.4346e+07
98 2.41307e+07
35 5.14664e+06
72 1.37736e+07
71 1.33275e+07
41 5.57273e+06
69 1.27635e+07
84 1.76889e+07
47 6.60919e+06
62 1.05435e+07
45 6.58488e+06
28 4.41784e+06
31 4.67571e+06
43 6.1922e+06
67 1.26552e+07
29 4.59436e+06
32 4.91546e+06
33 5.01968e+06
30 4.6487e+06
54 8.90512e+06
Thế hệ thứ: 43
45 6.58488e+06
62 1.05435e+07
42 5.60118e+06
93 2.04111e+07
36 5.48342e+06
20 2.93883e+06
22 3.44319e+06
89 1.84478e+07
96 2.26821e+07
58 9.57833e+06
80 1.62565e+07
54 8.90512e+06
64 1.10817e+07
30 4.6487e+06
76 1.51506e+07
83 1.75288e+07
66 1.2505e+07
49 8.12518e+06
50 8.73764e+06
88 1.78839e+07
75 1.48139e+07
26 4.22497e+06
44 6.193e+06
48 7.00443e+06
97 2.37081e+07
34 5.11457e+06
25 4.04545e+06
74 1.4346e+07
99 2.50237e+07
28 4.28281e+06
98 2.41307e+07
35 5.14664e+06
72 1.37736e+07
71 1.33275e+07
70 1.31777e+07
41 5.57273e+06
69 1.27635e+07
84 1.76889e+07
47 6.60919e+06
43 6.1922e+06
67 1.26552e+07
32 4.91546e+06
31 4.67571e+06
29 4.59436e+06
33 5.01968e+06
100 2.54063e+07
Thế hệ thứ: 44
45 6.58488e+06
62 1.05435e+07
42 5.60118e+06
93 2.04111e+07
36 5.48342e+06
20 2.93883e+06
89 1.84478e+07
100 2.54063e+07
96 2.26821e+07
58 9.57833e+06
80 1.62565e+07
79 1.62275e+07
54 8.90512e+06
64 1.10817e+07
30 4.6487e+06
76 1.51506e+07
83 1.75288e+07
22 3.44319e+06
66 1.2505e+07
49 8.12518e+06
50 8.73764e+06
88 1.78839e+07
44 6.193e+06
48 7.00443e+06
97 2.37081e+07
25 4.04545e+06
99 2.50237e+07
74 1.4346e+07
98 2.41307e+07
28 4.28281e+06
35 5.14664e+06
72 1.37736e+07
70 1.31777e+07
41 5.57273e+06
84 1.76889e+07
26 4.22497e+06
75 1.48139e+07
69 1.27635e+07
47 6.60919e+06
71 1.33275e+07
43 6.1922e+06
67 1.26552e+07
29 4.59436e+06
31 4.67571e+06
34 4.72396e+06
Thế hệ thứ: 45
45 6.58488e+06
62 1.05435e+07
42 5.60118e+06
93 2.04111e+07
20 2.93883e+06
89 1.84478e+07
96 2.26821e+07
36 5.32426e+06
100 2.54063e+07
58 9.57833e+06
54 8.90512e+06
64 1.10817e+07
83 1.75288e+07
76 1.51506e+07
22 3.44319e+06
80 1.62565e+07
79 1.62275e+07
66 1.2505e+07
49 8.12518e+06
50 8.73764e+06
88 1.78839e+07
44 6.193e+06
48 7.00443e+06
97 2.37081e+07
25 4.04545e+06
99 2.50237e+07
74 1.4346e+07
98 2.41307e+07
28 4.28281e+06
35 5.14664e+06
34 4.72396e+06
72 1.37736e+07
70 1.31777e+07
41 5.57273e+06
84 1.76889e+07
26 4.22497e+06
75 1.48139e+07
69 1.27635e+07
47 6.60919e+06
31 4.67571e+06
71 1.33275e+07
43 6.1922e+06
67 1.26552e+07
29 4.59436e+06
30 4.64625e+06
27 4.27046e+06
Thế hệ thứ: 46
45 6.58488e+06
62 1.05435e+07
42 5.60118e+06
93 2.04111e+07
20 2.93883e+06
89 1.84478e+07
96 2.26821e+07
36 5.32426e+06
100 2.54063e+07
58 9.57833e+06
54 8.90512e+06
64 1.10817e+07
83 1.75288e+07
76 1.51506e+07
22 3.44319e+06
80 1.62565e+07
79 1.62275e+07
66 1.2505e+07
49 8.12518e+06
50 8.73764e+06
88 1.78839e+07
44 6.193e+06
48 7.00443e+06
97 2.37081e+07
70 1.31777e+07
41 5.57273e+06
25 4.04545e+06
99 2.50237e+07
74 1.4346e+07
98 2.41307e+07
28 4.28281e+06
35 5.14664e+06
34 4.72396e+06
72 1.37736e+07
84 1.76889e+07
26 4.22497e+06
75 1.48139e+07
69 1.27635e+07
47 6.60919e+06
31 4.67571e+06
71 1.33275e+07
43 6.1922e+06
67 1.26552e+07
29 4.59436e+06
30 4.64625e+06
27 4.27046e+06
77 1.5408e+07
Thế hệ thứ: 47
28 4.27961e+06
89 1.84478e+07
100 2.54063e+07
96 2.26821e+07
36 5.32426e+06
45 6.58488e+06
62 1.05435e+07
42 5.60118e+06
93 2.04111e+07
20 2.93883e+06
58 9.57833e+06
54 8.90512e+06
64 1.10817e+07
83 1.75288e+07
22 3.44319e+06
80 1.62565e+07
79 1.62275e+07
66 1.2505e+07
49 8.12518e+06
50 8.73764e+06
88 1.78839e+07
44 6.193e+06
48 7.00443e+06
97 2.37081e+07
70 1.31777e+07
41 5.57273e+06
77 1.5408e+07
63 1.06135e+07
31 4.67571e+06
25 4.04545e+06
99 2.50237e+07
74 1.4346e+07
98 2.41307e+07
35 5.14664e+06
34 4.72396e+06
72 1.37736e+07
84 1.76889e+07
75 1.48139e+07
69 1.27635e+07
47 6.60919e+06
71 1.33275e+07
76 1.51506e+07
43 6.1922e+06
67 1.26552e+07
29 4.59436e+06
30 4.64625e+06
27 4.07737e+06
Thế hệ thứ: 48
42 5.60118e+06
93 2.04111e+07
20 2.93883e+06
28 4.27961e+06
89 1.84478e+07
96 2.26821e+07
36 5.32426e+06
58 9.57833e+06
54 8.90512e+06
64 1.10817e+07
83 1.75288e+07
22 3.44319e+06
45 6.58488e+06
62 1.05435e+07
80 1.62565e+07
79 1.62275e+07
66 1.2505e+07
49 8.12518e+06
50 8.73764e+06
88 1.78839e+07
44 6.193e+06
25 4.04545e+06
97 2.37081e+07
70 1.31777e+07
41 5.57273e+06
77 1.5408e+07
63 1.06135e+07
31 4.67571e+06
74 1.4346e+07
98 2.41307e+07
35 5.14664e+06
34 4.72396e+06
72 1.37736e+07
84 1.76889e+07
75 1.48139e+07
69 1.27635e+07
47 6.60919e+06
71 1.33275e+07
76 1.51506e+07
43 6.1922e+06
67 1.26552e+07
27 4.07737e+06
29 4.59436e+06
30 4.64625e+06
48 6.66389e+06
100 2.48472e+07
Thế hệ thứ: 49
42 5.60118e+06
93 2.04111e+07
20 2.93883e+06
89 1.84478e+07
96 2.26821e+07
36 5.32426e+06
71 1.33275e+07
100 2.48472e+07
58 9.57833e+06
54 8.90512e+06
64 1.10817e+07
49 8.12518e+06
83 1.75288e+07
22 3.44319e+06
45 6.58488e+06
62 1.05435e+07
80 1.62565e+07
79 1.62275e+07
66 1.2505e+07
50 8.73764e+06
88 1.78839e+07
48 6.66389e+06
25 4.04545e+06
97 2.37081e+07
98 2.41307e+07
70 1.31777e+07
41 5.57273e+06
77 1.5408e+07
63 1.06135e+07
74 1.4346e+07
35 5.14664e+06
34 4.72396e+06
72 1.37736e+07
84 1.76889e+07
75 1.48139e+07
69 1.27635e+07
76 1.51506e+07
43 6.1922e+06
67 1.26552e+07
44 6.193e+06
47 6.60919e+06
30 4.64625e+06
29 4.05836e+06
32 4.6741e+06
