Thế hệ thứ: 0
61 2.39182e+07
54 2.17167e+07
71 2.89841e+07
59 2.32977e+07
70 2.56188e+07
116 4.32599e+07
51 2.15583e+07
63 2.47105e+07
62 2.42545e+07
58 2.26454e+07
114 3.63699e+07
112 3.61727e+07
119 4.35653e+07
121 4.6325e+07
102 3.34931e+07
103 3.52279e+07
95 3.1221e+07
120 4.36111e+07
123 4.64846e+07
90 2.96225e+07
Thế hệ thứ: 1
51 2.15583e+07
90 2.96225e+07
114 3.63699e+07
112 3.61727e+07
95 3.1221e+07
70 2.56188e+07
102 3.34931e+07
103 3.52279e+07
63 2.47105e+07
54 2.17167e+07
58 2.26454e+07
59 2.32977e+07
61 2.39182e+07
62 2.42545e+07
120 3.91099e+07
117 3.8056e+07
128 4.22811e+07
97 3.23091e+07
73 2.87009e+07
125 4.03982e+07
134 4.48698e+07
Thế hệ thứ: 2
102 3.34931e+07
103 3.52279e+07
128 4.22811e+07
51 2.15583e+07
73 2.87009e+07
90 2.96225e+07
70 2.56188e+07
95 3.1221e+07
120 3.91099e+07
117 3.8056e+07
97 3.23091e+07
112 3.61727e+07
114 3.63699e+07
63 2.47105e+07
54 2.17167e+07
58 2.26454e+07
59 2.32977e+07
61 2.39182e+07
62 2.42545e+07
98 3.29812e+07
127 4.18029e+07
136 4.35759e+07
125 3.96529e+07
119 3.8428e+07
Thế hệ thứ: 3
102 3.34931e+07
51 2.15583e+07
136 4.35759e+07
95 3.1221e+07
73 2.87009e+07
90 2.96225e+07
70 2.56188e+07
119 3.8428e+07
128 4.22811e+07
114 3.63699e+07
63 2.47105e+07
117 3.8056e+07
54 2.17167e+07
58 2.26454e+07
97 3.23091e+07
98 3.29812e+07
59 2.32977e+07
61 2.39182e+07
62 2.42545e+07
105 3.48529e+07
112 3.51911e+07
127 3.9051e+07
Thế hệ thứ: 4
51 2.15583e+07
136 4.35759e+07
95 3.1221e+07
73 2.87009e+07
90 2.96225e+07
70 2.56188e+07
127 3.9051e+07
97 3.23091e+07
105 3.48529e+07
114 3.63699e+07
58 2.26454e+07
112 3.51911e+07
102 3.34931e+07
119 3.8428e+07
63 2.47105e+07
54 2.17167e+07
98 3.29812e+07
59 2.32977e+07
61 2.39182e+07
62 2.42545e+07
130 4.07134e+07
76 2.94045e+07
118 3.77686e+07
131 4.17998e+07
Thế hệ thứ: 5
136 4.35759e+07
51 2.15583e+07
90 2.96225e+07
70 2.56188e+07
95 3.1221e+07
76 2.94045e+07
73 2.87009e+07
127 3.9051e+07
119 3.8428e+07
135 4.30714e+07
131 4.17998e+07
97 3.23091e+07
105 3.48529e+07
114 3.63699e+07
58 2.26454e+07
112 3.51911e+07
130 4.07134e+07
102 3.34931e+07
63 2.47105e+07
118 3.77686e+07
54 2.17167e+07
98 3.29812e+07
59 2.32977e+07
61 2.39182e+07
62 2.42545e+07
116 3.74203e+07
Thế hệ thứ: 6
136 4.35759e+07
51 2.15583e+07
90 2.96225e+07
70 2.56188e+07
95 3.1221e+07
76 2.94045e+07
73 2.87009e+07
127 3.9051e+07
97 3.23091e+07
105 3.48529e+07
58 2.26454e+07
112 3.51911e+07
130 4.07134e+07
102 3.34931e+07
131 4.17998e+07
135 4.30714e+07
119 3.8428e+07
63 2.47105e+07
114 3.63699e+07
54 2.17167e+07
98 3.29812e+07
116 3.74203e+07
59 2.32977e+07
118 3.77686e+07
61 2.39182e+07
62 2.42545e+07
Thế hệ thứ: 7
136 4.35759e+07
51 2.15583e+07
90 2.96225e+07
70 2.56188e+07
95 3.1221e+07
76 2.94045e+07
73 2.87009e+07
127 3.9051e+07
97 3.23091e+07
105 3.48529e+07
58 2.26454e+07
112 3.51911e+07
130 4.07134e+07
102 3.34931e+07
131 4.17998e+07
135 4.30714e+07
119 3.8428e+07
63 2.47105e+07
114 3.63699e+07
54 2.17167e+07
98 3.29812e+07
116 3.74203e+07
59 2.32977e+07
118 3.77686e+07
61 2.39182e+07
62 2.42545e+07
137 4.38897e+07
Thế hệ thứ: 8
127 3.9051e+07
51 2.15583e+07
90 2.96225e+07
70 2.56188e+07
95 3.1221e+07
76 2.94045e+07
73 2.87009e+07
97 3.23091e+07
105 3.48529e+07
58 2.26454e+07
112 3.51911e+07
130 4.07134e+07
102 3.34931e+07
131 4.17998e+07
119 3.8428e+07
63 2.47105e+07
114 3.63699e+07
54 2.17167e+07
98 3.29812e+07
59 2.32977e+07
118 3.77686e+07
61 2.39182e+07
62 2.42545e+07
143 4.50178e+07
138 4.25723e+07
117 3.72793e+07
Thế hệ thứ: 9
143 4.50178e+07
51 2.15583e+07
63 2.47105e+07
138 4.25723e+07
90 2.96225e+07
70 2.56188e+07
76 2.94045e+07
73 2.87009e+07
127 3.9051e+07
95 3.1221e+07
97 3.23091e+07
105 3.48529e+07
58 2.26454e+07
112 3.51911e+07
130 4.07134e+07
102 3.34931e+07
117 3.72793e+07
114 3.63699e+07
54 2.17167e+07
98 3.29812e+07
59 2.32977e+07
61 2.39182e+07
62 2.42545e+07
126 3.75722e+07
133 4.23592e+07
131 4.09525e+07
Thế hệ thứ: 10
51 2.15583e+07
143 4.50178e+07
63 2.47105e+07
138 4.25723e+07
90 2.96225e+07
70 2.56188e+07
95 3.1221e+07
76 2.94045e+07
73 2.87009e+07
126 3.75722e+07
114 3.63699e+07
117 3.72793e+07
97 3.23091e+07
105 3.48529e+07
127 3.9051e+07
58 2.26454e+07
112 3.51911e+07
102 3.34931e+07
133 4.23592e+07
130 4.07134e+07
54 2.17167e+07
131 4.09525e+07
59 2.32977e+07
61 2.39182e+07
62 2.42545e+07
93 3.08831e+07
99 3.27765e+07
Thế hệ thứ: 11
143 4.50178e+07
51 2.15583e+07
70 2.56188e+07
63 2.47105e+07
138 4.25723e+07
90 2.96225e+07
76 2.94045e+07
73 2.87009e+07
126 3.75722e+07
114 3.63699e+07
117 3.72793e+07
97 3.23091e+07
105 3.48529e+07
127 3.9051e+07
58 2.26454e+07
112 3.51911e+07
133 4.23592e+07
130 4.07134e+07
93 3.08831e+07
54 2.17167e+07
95 3.1221e+07
131 4.09525e+07
59 2.32977e+07
61 2.39182e+07
62 2.42545e+07
128 3.94932e+07
103 3.2418e+07
Thế hệ thứ: 12
51 2.15583e+07
143 4.50178e+07
139 4.47217e+07
70 2.56188e+07
63 2.47105e+07
138 4.25723e+07
90 2.96225e+07
76 2.94045e+07
73 2.87009e+07
97 3.23091e+07
105 3.48529e+07
103 3.2418e+07
126 3.75722e+07
114 3.63699e+07
117 3.72793e+07
58 2.26454e+07
112 3.51911e+07
133 4.23592e+07
93 3.08831e+07
54 2.17167e+07
95 3.1221e+07
127 3.9051e+07
130 4.07134e+07
131 4.09525e+07
59 2.32977e+07
61 2.39182e+07
62 2.42545e+07
128 3.92209e+07
Thế hệ thứ: 13
103 3.2418e+07
143 4.50178e+07
51 2.15583e+07
70 2.56188e+07
139 4.47217e+07
90 2.96225e+07
97 3.23091e+07
126 3.75722e+07
114 3.63699e+07
63 2.47105e+07
138 4.25723e+07
58 2.26454e+07
112 3.51911e+07
133 4.23592e+07
93 3.08831e+07
54 2.17167e+07
130 4.07134e+07
95 3.1221e+07
128 3.92209e+07
131 4.09525e+07
127 3.9051e+07
59 2.32977e+07
61 2.39182e+07
62 2.42545e+07
132 4.16516e+07
107 3.4601e+07
147 4.77193e+07
117 3.64216e+07
89 2.828e+07
Thế hệ thứ: 14
103 3.2418e+07
143 4.50178e+07
51 2.15583e+07
147 4.77193e+07
70 2.56188e+07
139 4.47217e+07
89 2.828e+07
126 3.75722e+07
63 2.47105e+07
138 4.25723e+07
117 3.64216e+07
90 2.96225e+07
58 2.26454e+07
112 3.51911e+07
97 3.23091e+07
54 2.17167e+07
93 3.08831e+07
114 3.63699e+07
133 4.23592e+07
130 4.07134e+07
95 3.1221e+07
59 2.32977e+07
132 4.16516e+07
61 2.39182e+07
131 4.09525e+07
62 2.42545e+07
129 3.82869e+07
109 3.3576e+07
124 3.69276e+07
113 3.5262e+07
Thế hệ thứ: 15
103 3.2418e+07
143 4.50178e+07
51 2.15583e+07
147 4.77193e+07
70 2.56188e+07
139 4.47217e+07
126 3.75722e+07
89 2.828e+07
131 4.09525e+07
109 3.3576e+07
113 3.5262e+07
129 3.82869e+07
117 3.64216e+07
63 2.47105e+07
138 4.25723e+07
90 2.96225e+07
114 3.63699e+07
124 3.69276e+07
97 3.23091e+07
130 4.07134e+07
54 2.17167e+07
93 3.08831e+07
112 3.51911e+07
58 2.26454e+07
133 4.23592e+07
95 3.1221e+07
59 2.32977e+07
61 2.39182e+07
62 2.42545e+07
132 4.16053e+07
Thế hệ thứ: 16
103 3.2418e+07
143 4.50178e+07
51 2.15583e+07
147 4.77193e+07
70 2.56188e+07
126 3.75722e+07
89 2.828e+07
109 3.3576e+07
113 3.5262e+07
129 3.82869e+07
117 3.64216e+07
63 2.47105e+07
138 4.25723e+07
90 2.96225e+07
114 3.63699e+07
124 3.69276e+07
97 3.23091e+07
54 2.17167e+07
93 3.08831e+07
112 3.51911e+07
58 2.26454e+07
95 3.1221e+07
59 2.32977e+07
61 2.39182e+07
62 2.42545e+07
135 4.03056e+07
142 4.43913e+07
Thế hệ thứ: 17
147 4.77193e+07
51 2.15583e+07
70 2.56188e+07
126 3.75722e+07
89 2.828e+07
117 3.64216e+07
63 2.47105e+07
138 4.25723e+07
135 4.03056e+07
109 3.3576e+07
129 3.82869e+07
143 4.50178e+07
103 3.2418e+07
142 4.43913e+07
90 2.96225e+07
124 3.69276e+07
97 3.23091e+07
54 2.17167e+07
112 3.51911e+07
58 2.26454e+07
59 2.32977e+07
61 2.39182e+07
62 2.42545e+07
139 4.4229e+07
114 3.51913e+07
95 3.07818e+07
148 4.95266e+07
Thế hệ thứ: 18
51 2.15583e+07
70 2.56188e+07
148 4.95266e+07
89 2.828e+07
126 3.75722e+07
135 4.03056e+07
147 4.77193e+07
109 3.3576e+07
129 3.82869e+07
63 2.47105e+07
117 3.64216e+07
138 4.25723e+07
103 3.2418e+07
95 3.07818e+07
90 2.96225e+07
146 4.39467e+07
97 3.23091e+07
124 3.69276e+07
54 2.17167e+07
58 2.26454e+07
112 3.51911e+07
59 2.32977e+07
114 3.51913e+07
61 2.39182e+07
62 2.42545e+07
Thế hệ thứ: 19
51 2.15583e+07
70 2.56188e+07
126 3.75722e+07
89 2.828e+07
97 3.23091e+07
146 4.39467e+07
63 2.47105e+07
117 3.64216e+07
138 4.25723e+07
135 4.03056e+07
109 3.3576e+07
129 3.82869e+07
103 3.2418e+07
95 3.07818e+07
90 2.96225e+07
124 3.69276e+07
54 2.17167e+07
112 3.51911e+07
148 4.73467e+07
58 2.26454e+07
59 2.32977e+07
114 3.51913e+07
61 2.39182e+07
62 2.42545e+07
152 5.13592e+07
Thế hệ thứ: 20
152 5.13592e+07
51 2.15583e+07
70 2.56188e+07
126 3.75722e+07
89 2.828e+07
58 2.26454e+07
112 3.51911e+07
148 4.73467e+07
97 3.23091e+07
146 4.39467e+07
63 2.47105e+07
117 3.64216e+07
138 4.25723e+07
135 4.03056e+07
109 3.3576e+07
129 3.82869e+07
103 3.2418e+07
95 3.07818e+07
90 2.96225e+07
124 3.69276e+07
54 2.17167e+07
59 2.32977e+07
114 3.51913e+07
61 2.39182e+07
62 2.42545e+07
Thế hệ thứ: 21
51 2.15583e+07
152 5.13592e+07
70 2.56188e+07
126 3.75722e+07
89 2.828e+07
58 2.26454e+07
112 3.51911e+07
148 4.73467e+07
97 3.23091e+07
146 4.39467e+07
63 2.47105e+07
117 3.64216e+07
138 4.25723e+07
135 4.03056e+07
109 3.3576e+07
129 3.82869e+07
103 3.2418e+07
95 3.07818e+07
90 2.96225e+07
124 3.69276e+07
54 2.17167e+07
59 2.32977e+07
114 3.51913e+07
61 2.39182e+07
62 2.42545e+07
Thế hệ thứ: 22
152 5.13592e+07
51 2.15583e+07
70 2.56188e+07
126 3.75722e+07
89 2.828e+07
58 2.26454e+07
112 3.51911e+07
97 3.23091e+07
146 4.39467e+07
63 2.47105e+07
117 3.64216e+07
138 4.25723e+07
135 4.03056e+07
109 3.3576e+07
129 3.82869e+07
103 3.2418e+07
95 3.07818e+07
90 2.96225e+07
124 3.69276e+07
54 2.17167e+07
59 2.32977e+07
114 3.51913e+07
61 2.39182e+07
62 2.42545e+07
148 4.52154e+07
141 4.33254e+07
Thế hệ thứ: 23
51 2.15583e+07
152 5.13592e+07
70 2.56188e+07
93 3.00557e+07
126 3.75722e+07
89 2.828e+07
129 3.82869e+07
148 4.52154e+07
135 4.03056e+07
109 3.3576e+07
103 3.2418e+07
63 2.47105e+07
117 3.64216e+07
138 4.25723e+07
95 3.07818e+07
90 2.96225e+07
146 4.39467e+07
97 3.23091e+07
124 3.69276e+07
54 2.17167e+07
58 2.26454e+07
59 2.32977e+07
61 2.39182e+07
62 2.42545e+07
114 3.47127e+07
142 4.2714e+07
Thế hệ thứ: 24
152 5.13592e+07
51 2.15583e+07
70 2.56188e+07
93 3.00557e+07
126 3.75722e+07
89 2.828e+07
129 3.82869e+07
148 4.52154e+07
135 4.03056e+07
109 3.3576e+07
114 3.47127e+07
138 4.25723e+07
63 2.47105e+07
117 3.64216e+07
103 3.2418e+07
97 3.23091e+07
146 4.39467e+07
124 3.69276e+07
142 4.2714e+07
95 3.07818e+07
54 2.17167e+07
58 2.26454e+07
90 2.96225e+07
59 2.32977e+07
61 2.39182e+07
62 2.42545e+07
141 4.26249e+07
Thế hệ thứ: 25
51 2.15583e+07
152 5.13592e+07
70 2.56188e+07
93 3.00557e+07
126 3.75722e+07
89 2.828e+07
129 3.82869e+07
148 4.52154e+07
135 4.03056e+07
109 3.3576e+07
114 3.47127e+07
63 2.47105e+07
138 4.25723e+07
117 3.64216e+07
103 3.2418e+07
146 4.39467e+07
97 3.23091e+07
124 3.69276e+07
95 3.07818e+07
54 2.17167e+07
58 2.26454e+07
90 2.96225e+07
142 4.2714e+07
59 2.32977e+07
61 2.39182e+07
62 2.42545e+07
141 4.26249e+07
107 3.35022e+07
137 4.18205e+07
Thế hệ thứ: 26
152 5.13592e+07
51 2.15583e+07
70 2.56188e+07
93 3.00557e+07
126 3.75722e+07
89 2.828e+07
129 3.82869e+07
148 4.52154e+07
114 3.47127e+07
135 4.03056e+07
138 4.25723e+07
63 2.47105e+07
117 3.64216e+07
146 4.39467e+07
97 3.23091e+07
103 3.2418e+07
124 3.69276e+07
95 3.07818e+07
109 3.3576e+07
54 2.17167e+07
58 2.26454e+07
90 2.96225e+07
107 3.35022e+07
142 4.2714e+07
59 2.32977e+07
61 2.39182e+07
62 2.42545e+07
141 4.26249e+07
137 4.14468e+07
Thế hệ thứ: 27
51 2.15583e+07
152 5.13592e+07
70 2.56188e+07
93 3.00557e+07
126 3.75722e+07
89 2.828e+07
129 3.82869e+07
148 4.52154e+07
114 3.47127e+07
135 4.03056e+07
138 4.25723e+07
63 2.47105e+07
117 3.64216e+07
97 3.23091e+07
146 4.39467e+07
103 3.2418e+07
124 3.69276e+07
95 3.07818e+07
109 3.3576e+07
54 2.17167e+07
107 3.35022e+07
137 4.14468e+07
58 2.26454e+07
90 2.96225e+07
142 4.2714e+07
59 2.32977e+07
61 2.39182e+07
62 2.42545e+07
141 4.26249e+07
147 4.4449e+07
Thế hệ thứ: 28
152 5.13592e+07
51 2.15583e+07
70 2.56188e+07
93 3.00557e+07
126 3.75722e+07
89 2.828e+07
129 3.82869e+07
148 4.52154e+07
114 3.47127e+07
135 4.03056e+07
138 4.25723e+07
63 2.47105e+07
117 3.64216e+07
103 3.2418e+07
146 4.39467e+07
97 3.23091e+07
124 3.69276e+07
95 3.07818e+07
109 3.3576e+07
54 2.17167e+07
107 3.35022e+07
137 4.14468e+07
58 2.26454e+07
90 2.96225e+07
142 4.2714e+07
59 2.32977e+07
147 4.4449e+07
61 2.39182e+07
62 2.42545e+07
141 4.26249e+07
132 3.99784e+07
130 3.93706e+07
115 3.51786e+07
Thế hệ thứ: 29
103 3.2418e+07
51 2.15583e+07
152 5.13592e+07
70 2.56188e+07
93 3.00557e+07
126 3.75722e+07
89 2.828e+07
148 4.52154e+07
63 2.47105e+07
117 3.64216e+07
146 4.39467e+07
97 3.23091e+07
124 3.69276e+07
95 3.07818e+07
114 3.47127e+07
109 3.3576e+07
54 2.17167e+07
107 3.35022e+07
137 4.14468e+07
58 2.26454e+07
129 3.82869e+07
90 2.96225e+07
130 3.93706e+07
135 4.03056e+07
142 4.2714e+07
115 3.51786e+07
132 3.99784e+07
59 2.32977e+07
147 4.4449e+07
61 2.39182e+07
62 2.42545e+07
141 4.26249e+07
139 4.19147e+07
Thế hệ thứ: 30
103 3.2418e+07
152 5.13592e+07
51 2.15583e+07
70 2.56188e+07
93 3.00557e+07
126 3.75722e+07
89 2.828e+07
63 2.47105e+07
97 3.23091e+07
124 3.69276e+07
95 3.07818e+07
114 3.47127e+07
109 3.3576e+07
54 2.17167e+07
58 2.26454e+07
129 3.82869e+07
130 3.93706e+07
90 2.96225e+07
135 4.03056e+07
137 4.14468e+07
107 3.35022e+07
142 4.2714e+07
115 3.51786e+07
132 3.99784e+07
139 4.19147e+07
59 2.32977e+07
61 2.39182e+07
141 4.26249e+07
62 2.42545e+07
118 3.61433e+07
121 3.69197e+07
150 4.36854e+07
Thế hệ thứ: 31
103 3.2418e+07
51 2.15583e+07
146 4.27431e+07
152 5.13592e+07
61 2.39182e+07
150 4.36854e+07
70 2.56188e+07
93 3.00557e+07
126 3.75722e+07
89 2.828e+07
97 3.23091e+07
63 2.47105e+07
142 4.2714e+07
118 3.61433e+07
95 3.07818e+07
114 3.47127e+07
109 3.3576e+07
54 2.17167e+07
58 2.26454e+07
129 3.82869e+07
130 3.93706e+07
90 2.96225e+07
135 4.03056e+07
137 4.14468e+07
107 3.35022e+07
115 3.51786e+07
121 3.69197e+07
132 3.99784e+07
139 4.19147e+07
59 2.32977e+07
124 3.69276e+07
141 4.26249e+07
62 2.42545e+07
Thế hệ thứ: 32
103 3.2418e+07
152 5.13592e+07
51 2.15583e+07
146 4.27431e+07
70 2.56188e+07
61 2.39182e+07
150 4.36854e+07
93 3.00557e+07
126 3.75722e+07
89 2.828e+07
97 3.23091e+07
63 2.47105e+07
118 3.61433e+07
95 3.07818e+07
114 3.47127e+07
109 3.3576e+07
54 2.17167e+07
58 2.26454e+07
129 3.82869e+07
130 3.93706e+07
90 2.96225e+07
135 4.03056e+07
137 4.14468e+07
107 3.35022e+07
115 3.51786e+07
121 3.69197e+07
132 3.99784e+07
59 2.32977e+07
124 3.69276e+07
141 4.26249e+07
142 4.2714e+07
62 2.42545e+07
116 3.58862e+07
105 3.31685e+07
139 4.16286e+07
Thế hệ thứ: 33
97 2.95718e+07
51 2.15583e+07
146 4.27431e+07
152 5.13592e+07
70 2.56188e+07
61 2.39182e+07
150 4.36854e+07
126 3.75722e+07
89 2.828e+07
63 2.47105e+07
114 3.47127e+07
109 3.3576e+07
103 3.2418e+07
54 2.17167e+07
58 2.26454e+07
129 3.82869e+07
130 3.93706e+07
135 4.03056e+07
121 3.69197e+07
118 3.61433e+07
137 4.14468e+07
132 3.99784e+07
139 4.16286e+07
59 2.32977e+07
124 3.69276e+07
141 4.26249e+07
116 3.58862e+07
115 3.51786e+07
142 4.2714e+07
62 2.42545e+07
107 3.28804e+07
Thế hệ thứ: 34
103 3.2418e+07
51 2.15583e+07
146 4.27431e+07
97 2.95718e+07
152 5.13592e+07
89 2.828e+07
126 3.75722e+07
70 2.56188e+07
61 2.39182e+07
150 4.36854e+07
109 3.3576e+07
63 2.47105e+07
114 3.47127e+07
54 2.17167e+07
58 2.26454e+07
129 3.82869e+07
135 4.03056e+07
107 3.28804e+07
130 3.93706e+07
121 3.69197e+07
137 4.14468e+07
132 3.99784e+07
139 4.16286e+07
59 2.32977e+07
124 3.69276e+07
141 4.26249e+07
116 3.58862e+07
115 3.51786e+07
142 4.2714e+07
62 2.42545e+07
127 3.80478e+07
119 3.59074e+07
Thế hệ thứ: 35
103 3.2418e+07
51 2.15583e+07
146 4.27431e+07
97 2.95718e+07
152 5.13592e+07
126 3.75722e+07
89 2.828e+07
70 2.56188e+07
61 2.39182e+07
153 5.28313e+07
150 4.36854e+07
109 3.3576e+07
63 2.47105e+07
114 3.47127e+07
54 2.17167e+07
58 2.26454e+07
135 4.03056e+07
107 3.28804e+07
130 3.93706e+07
121 3.69197e+07
119 3.59074e+07
137 4.14468e+07
132 3.99784e+07
139 4.16286e+07
129 3.82869e+07
59 2.32977e+07
124 3.69276e+07
141 4.26249e+07
116 3.58862e+07
115 3.51786e+07
62 2.42545e+07
127 3.80478e+07
142 4.2714e+07
Thế hệ thứ: 36
61 2.39182e+07
150 4.36854e+07
153 5.28313e+07
132 3.88748e+07
103 3.2418e+07
51 2.15583e+07
146 4.27431e+07
97 2.95718e+07
152 5.13592e+07
126 3.75722e+07
89 2.828e+07
70 2.56188e+07
109 3.3576e+07
63 2.47105e+07
140 4.26046e+07
114 3.47127e+07
54 2.17167e+07
58 2.26454e+07
135 4.03056e+07
107 3.28804e+07
121 3.69197e+07
119 3.59074e+07
137 4.14468e+07
139 4.16286e+07
129 3.82869e+07
59 2.32977e+07
124 3.69276e+07
141 4.26249e+07
116 3.58862e+07
115 3.51786e+07
142 4.2714e+07
62 2.42545e+07
127 3.80478e+07
120 3.62006e+07
Thế hệ thứ: 37
61 2.39182e+07
150 4.36854e+07
153 5.28313e+07
132 3.88748e+07
103 3.2418e+07
51 2.15583e+07
146 4.27431e+07
97 2.95718e+07
152 5.13592e+07
126 3.75722e+07
89 2.828e+07
70 2.56188e+07
135 4.03056e+07
109 3.3576e+07
63 2.47105e+07
114 3.47127e+07
54 2.17167e+07
58 2.26454e+07
107 3.28804e+07
137 4.14468e+07
129 3.82869e+07
59 2.32977e+07
124 3.69276e+07
139 4.16286e+07
119 3.59074e+07
121 3.69197e+07
115 3.51786e+07
142 4.2714e+07
62 2.42545e+07
127 3.80478e+07
151 4.71947e+07
120 3.62006e+07
141 4.26249e+07
140 4.21653e+07
116 3.5558e+07
Thế hệ thứ: 38
61 2.39182e+07
153 5.28313e+07
150 4.36854e+07
152 5.13592e+07
132 3.88748e+07
103 3.2418e+07
51 2.15583e+07
97 2.95718e+07
126 3.75722e+07
89 2.828e+07
70 2.56188e+07
120 3.62006e+07
151 4.71947e+07
135 4.03056e+07
109 3.3576e+07
63 2.47105e+07
114 3.47127e+07
54 2.17167e+07
58 2.26454e+07
107 3.28804e+07
137 4.14468e+07
129 3.82869e+07
59 2.32977e+07
124 3.69276e+07
116 3.5558e+07
119 3.59074e+07
121 3.69197e+07
139 4.16286e+07
62 2.42545e+07
127 3.80478e+07
115 3.51786e+07
146 4.17633e+07
Thế hệ thứ: 39
61 2.39182e+07
150 4.36854e+07
153 5.28313e+07
132 3.88748e+07
103 3.2418e+07
51 2.15583e+07
97 2.95718e+07
126 3.75722e+07
89 2.828e+07
70 2.56188e+07
120 3.62006e+07
151 4.71947e+07
152 5.13592e+07
146 4.17633e+07
135 4.03056e+07
109 3.3576e+07
63 2.47105e+07
114 3.47127e+07
54 2.17167e+07
58 2.26454e+07
139 4.16286e+07
107 3.28804e+07
137 4.14468e+07
129 3.82869e+07
59 2.32977e+07
124 3.69276e+07
116 3.5558e+07
119 3.59074e+07
121 3.69197e+07
62 2.42545e+07
127 3.80478e+07
115 3.51786e+07
Thế hệ thứ: 40
61 2.39182e+07
150 4.36854e+07
132 3.88748e+07
103 3.2418e+07
51 2.15583e+07
97 2.95718e+07
89 2.828e+07
70 2.56188e+07
120 3.62006e+07
146 4.17633e+07
135 4.03056e+07
109 3.3576e+07
63 2.47105e+07
114 3.47127e+07
54 2.17167e+07
58 2.26454e+07
139 4.16286e+07
130 3.74578e+07
107 3.28804e+07
137 4.14468e+07
59 2.32977e+07
124 3.69276e+07
116 3.5558e+07
119 3.59074e+07
121 3.69197e+07
62 2.42545e+07
115 3.51786e+07
153 4.60715e+07
157 4.74824e+07
Thế hệ thứ: 41
157 4.74824e+07
132 3.88748e+07
103 3.2418e+07
51 2.15583e+07
97 2.95718e+07
89 2.828e+07
70 2.56188e+07
150 4.36854e+07
61 2.39182e+07
153 4.60715e+07
146 4.17633e+07
107 3.28804e+07
130 3.74578e+07
135 4.03056e+07
109 3.3576e+07
63 2.47105e+07
114 3.47127e+07
58 2.26454e+07
54 2.17167e+07
124 3.69276e+07
139 4.16286e+07
137 4.14468e+07
59 2.32977e+07
113 3.42436e+07
116 3.5558e+07
119 3.59074e+07
121 3.69197e+07
120 3.62006e+07
115 3.51786e+07
62 2.42545e+07
Thế hệ thứ: 42
157 4.74824e+07
132 3.88748e+07
103 3.2418e+07
51 2.15583e+07
97 2.95718e+07
89 2.828e+07
70 2.56188e+07
61 2.39182e+07
150 4.36854e+07
153 4.60715e+07
146 4.17633e+07
107 3.28804e+07
130 3.74578e+07
135 4.03056e+07
63 2.47105e+07
109 3.3576e+07
58 2.26454e+07
54 2.17167e+07
124 3.69276e+07
139 4.16286e+07
113 3.42436e+07
116 3.5558e+07
137 4.14468e+07
59 2.32977e+07
119 3.59074e+07
121 3.69197e+07
120 3.62006e+07
114 3.47127e+07
115 3.51786e+07
62 2.42545e+07
Thế hệ thứ: 43
157 4.74824e+07
132 3.88748e+07
103 3.2418e+07
51 2.15583e+07
97 2.95718e+07
89 2.828e+07
70 2.56188e+07
61 2.39182e+07
150 4.36854e+07
153 4.60715e+07
146 4.17633e+07
107 3.28804e+07
130 3.74578e+07
135 4.03056e+07
63 2.47105e+07
109 3.3576e+07
58 2.26454e+07
54 2.17167e+07
124 3.69276e+07
139 4.16286e+07
113 3.42436e+07
116 3.5558e+07
137 4.14468e+07
59 2.32977e+07
119 3.59074e+07
114 3.47127e+07
115 3.51786e+07
62 2.42545e+07
122 3.61573e+07
Thế hệ thứ: 44
157 4.74824e+07
132 3.88748e+07
103 3.2418e+07
51 2.15583e+07
97 2.95718e+07
89 2.828e+07
140 4.14561e+07
70 2.56188e+07
61 2.39182e+07
150 4.36854e+07
153 4.60715e+07
146 4.17633e+07
107 3.28804e+07
130 3.74578e+07
135 4.03056e+07
63 2.47105e+07
124 3.69276e+07
109 3.3576e+07
58 2.26454e+07
54 2.17167e+07
113 3.42436e+07
116 3.5558e+07
137 4.14468e+07
122 3.61573e+07
119 3.59074e+07
59 2.32977e+07
114 3.47127e+07
115 3.51786e+07
62 2.42545e+07
Thế hệ thứ: 45
157 4.74824e+07
132 3.88748e+07
103 3.2418e+07
51 2.15583e+07
97 2.95718e+07
89 2.828e+07
140 4.14561e+07
70 2.56188e+07
61 2.39182e+07
150 4.36854e+07
153 4.60715e+07
146 4.17633e+07
107 3.28804e+07
130 3.74578e+07
135 4.03056e+07
63 2.47105e+07
124 3.69276e+07
109 3.3576e+07
58 2.26454e+07
54 2.17167e+07
137 4.14468e+07
113 3.42436e+07
116 3.5558e+07
122 3.61573e+07
119 3.59074e+07
59 2.32977e+07
114 3.47127e+07
115 3.51786e+07
62 2.42545e+07
147 4.31773e+07
76 2.71104e+07
Thế hệ thứ: 46
157 4.74824e+07
132 3.88748e+07
103 3.2418e+07
51 2.15583e+07
97 2.95718e+07
89 2.828e+07
76 2.71104e+07
70 2.56188e+07
153 4.60715e+07
61 2.39182e+07
150 4.36854e+07
107 3.28804e+07
130 3.74578e+07
135 4.03056e+07
146 4.17633e+07
63 2.47105e+07
124 3.69276e+07
147 4.31773e+07
109 3.3576e+07
58 2.26454e+07
54 2.17167e+07
113 3.42436e+07
116 3.5558e+07
122 3.61573e+07
119 3.59074e+07
59 2.32977e+07
114 3.47127e+07
115 3.51786e+07
62 2.42545e+07
99 3.13527e+07
111 3.41744e+07
141 4.138e+07
Thế hệ thứ: 47
135 4.03056e+07
157 4.74824e+07
51 2.15583e+07
97 2.95718e+07
89 2.828e+07
141 4.138e+07
76 2.71104e+07
70 2.56188e+07
153 4.60715e+07
61 2.39182e+07
150 4.36854e+07
99 3.13527e+07
103 3.2418e+07
132 3.88748e+07
107 3.28804e+07
130 3.74578e+07
63 2.47105e+07
146 4.17633e+07
124 3.69276e+07
147 4.31773e+07
58 2.26454e+07
54 2.17167e+07
109 3.3576e+07
122 3.61573e+07
119 3.59074e+07
59 2.32977e+07
116 3.5558e+07
113 3.42436e+07
111 3.41744e+07
114 3.47127e+07
115 3.51786e+07
62 2.42545e+07
133 3.94513e+07
Thế hệ thứ: 48
157 4.74824e+07
51 2.15583e+07
97 2.95718e+07
89 2.828e+07
61 2.39182e+07
150 4.36854e+07
141 4.138e+07
76 2.71104e+07
70 2.56188e+07
153 4.60715e+07
99 3.13527e+07
107 3.28804e+07
130 3.74578e+07
132 3.88748e+07
103 3.2418e+07
63 2.47105e+07
146 4.17633e+07
137 3.90938e+07
124 3.69276e+07
147 4.31773e+07
58 2.26454e+07
54 2.17167e+07
109 3.3576e+07
122 3.61573e+07
62 2.42545e+07
59 2.32977e+07
114 3.47127e+07
113 3.40089e+07
119 3.51505e+07
Thế hệ thứ: 49
157 4.74824e+07
51 2.15583e+07
97 2.95718e+07
89 2.828e+07
113 3.40089e+07
76 2.71104e+07
141 4.138e+07
70 2.56188e+07
153 4.60715e+07
137 3.90938e+07
124 3.69276e+07
61 2.39182e+07
150 4.36854e+07
99 3.13527e+07
107 3.28804e+07
130 3.74578e+07
132 3.88748e+07
54 2.17167e+07
119 3.51505e+07
63 2.47105e+07
146 4.17633e+07
122 3.61573e+07
147 4.31773e+07
58 2.26454e+07
114 3.47127e+07
109 3.3576e+07
59 2.32977e+07
62 2.42545e+07
103 3.23543e+07
