Thế hệ thứ: 0
77 3.7703e+06
90 5.97779e+06
100 8.55198e+06
78 4.42648e+06
95 6.51081e+06
88 5.69738e+06
85 4.80922e+06
98 8.32273e+06
Thế hệ thứ: 1
77 3.7703e+06
78 4.42648e+06
91 6.18275e+06
88 5.69738e+06
90 5.97779e+06
94 6.18288e+06
100 7.71821e+06
99 7.17879e+06
87 4.59056e+06
95 6.25298e+06
Thế hệ thứ: 2
77 3.7703e+06
100 7.71821e+06
99 7.17879e+06
87 4.59056e+06
78 4.42648e+06
95 6.06011e+06
86 4.5028e+06
48 3.08495e+06
93 4.65328e+06
49 3.12924e+06
97 6.39429e+06
Thế hệ thứ: 3
100 7.71821e+06
77 3.7703e+06
93 4.65328e+06
99 7.17879e+06
97 6.39429e+06
85 3.93089e+06
86 4.23555e+06
95 5.89109e+06
48 2.61697e+06
74 3.38697e+06
43 2.56669e+06
89 4.44454e+06
56 2.81185e+06
35 2.36485e+06
Thế hệ thứ: 4
35 2.36485e+06
56 2.81185e+06
95 5.89109e+06
97 6.39429e+06
93 4.65328e+06
43 2.56669e+06
48 2.61697e+06
89 4.44454e+06
84 3.88544e+06
42 2.55034e+06
100 6.80531e+06
86 3.91237e+06
81 3.127e+06
Thế hệ thứ: 5
81 3.127e+06
35 2.36485e+06
100 6.80531e+06
58 2.96619e+06
72 3.0426e+06
56 2.81185e+06
95 5.89109e+06
97 6.39429e+06
93 4.65328e+06
89 4.44454e+06
84 3.88544e+06
86 3.91237e+06
33 2.26277e+06
49 2.47386e+06
Thế hệ thứ: 6
49 2.47386e+06
81 3.127e+06
95 5.89109e+06
93 4.65328e+06
98 5.91488e+06
56 2.81185e+06
72 3.0426e+06
35 2.36485e+06
89 4.44454e+06
86 3.45031e+06
100 6.70114e+06
50 2.51191e+06
34 2.25163e+06
60 2.93908e+06
Thế hệ thứ: 7
89 4.44454e+06
34 2.25163e+06
93 4.65328e+06
86 3.45031e+06
100 6.70114e+06
72 3.0426e+06
87 3.47484e+06
56 2.81185e+06
98 5.91488e+06
49 2.47386e+06
81 3.127e+06
35 2.36485e+06
95 5.75165e+06
50 2.51191e+06
94 5.55018e+06
68 2.89579e+06
77 3.10585e+06
Thế hệ thứ: 8
89 4.44454e+06
34 2.25163e+06
93 4.65328e+06
100 6.70114e+06
72 3.0426e+06
56 2.81185e+06
87 3.47484e+06
68 2.89579e+06
49 2.47386e+06
50 2.51191e+06
86 3.45031e+06
77 3.10585e+06
98 5.72536e+06
95 5.01961e+06
35 2.26782e+06
83 3.10616e+06
96 5.29699e+06
Thế hệ thứ: 9
89 4.44454e+06
34 2.25163e+06
98 5.72536e+06
56 2.81185e+06
87 3.47484e+06
72 3.0426e+06
68 2.89579e+06
49 2.47386e+06
93 4.65328e+06
77 3.10585e+06
83 3.10616e+06
36 2.2637e+06
96 5.29699e+06
95 5.01961e+06
50 2.51191e+06
86 3.45031e+06
100 6.59039e+06
Thế hệ thứ: 10
98 5.72536e+06
100 6.59039e+06
96 5.29699e+06
36 2.2637e+06
34 2.25163e+06
72 3.0426e+06
87 3.47484e+06
56 2.81185e+06
68 2.89579e+06
49 2.47386e+06
93 4.65328e+06
77 3.10585e+06
83 3.10616e+06
95 5.01961e+06
50 2.51191e+06
86 3.45031e+06
88 3.84098e+06
91 4.2873e+06
38 2.27298e+06
Thế hệ thứ: 11
98 5.72536e+06
100 6.59039e+06
34 2.25163e+06
88 3.84098e+06
56 2.81185e+06
87 3.47484e+06
72 3.0426e+06
91 4.2873e+06
68 2.89579e+06
38 2.27298e+06
93 4.65328e+06
77 3.10585e+06
97 4.90617e+06
83 3.10616e+06
36 2.2637e+06
50 2.51191e+06
86 3.45031e+06
76 3.09336e+06
49 2.44427e+06
38 2.27298e+06
54 2.60308e+06
Thế hệ thứ: 12
98 5.72536e+06
100 6.59039e+06
34 2.25163e+06
91 4.2873e+06
68 2.89579e+06
97 4.90617e+06
77 3.10585e+06
83 3.10616e+06
88 3.84098e+06
56 2.81185e+06
87 3.47484e+06
72 3.0426e+06
49 2.44427e+06
93 4.65328e+06
38 2.27298e+06
54 2.60308e+06
86 3.45031e+06
50 2.51191e+06
76 3.06909e+06
36 2.2637e+06
38 2.27298e+06
Thế hệ thứ: 13
34 2.25163e+06
91 4.2873e+06
68 2.89579e+06
97 4.90617e+06
77 3.10585e+06
83 3.10616e+06
56 2.81185e+06
87 3.47484e+06
72 3.0426e+06
49 2.44427e+06
93 4.65328e+06
38 2.27298e+06
54 2.60308e+06
86 3.45031e+06
50 2.51191e+06
36 2.2637e+06
76 3.06909e+06
38 2.27298e+06
84 3.12996e+06
88 3.8203e+06
100 5.65684e+06
Thế hệ thứ: 14
83 3.10616e+06
97 4.90617e+06
77 3.10585e+06
88 3.8203e+06
100 5.65684e+06
68 2.89579e+06
91 4.2873e+06
34 2.25163e+06
87 3.47484e+06
72 3.0426e+06
93 4.65328e+06
49 2.44427e+06
38 2.27298e+06
54 2.60308e+06
86 3.45031e+06
84 3.12996e+06
50 2.51191e+06
36 2.2637e+06
76 3.06909e+06
38 2.27298e+06
56 2.62e+06
Thế hệ thứ: 15
83 3.10616e+06
97 4.90617e+06
77 3.10585e+06
88 3.8203e+06
91 4.2873e+06
100 5.65684e+06
68 2.89579e+06
34 2.25163e+06
56 2.62e+06
46 2.31666e+06
93 4.65328e+06
49 2.44427e+06
38 2.27298e+06
87 3.47484e+06
72 3.0426e+06
86 3.45031e+06
50 2.51191e+06
55 2.6091e+06
36 2.2637e+06
76 3.06909e+06
38 2.27298e+06
84 3.10928e+06
85 3.11711e+06
54 2.57417e+06
61 2.89083e+06
Thế hệ thứ: 16
34 2.25163e+06
83 3.10616e+06
97 4.90617e+06
77 3.10585e+06
91 4.2873e+06
68 2.89579e+06
100 5.65684e+06
93 4.65328e+06
46 2.31666e+06
38 2.27298e+06
61 2.89083e+06
56 2.62e+06
72 3.0426e+06
86 3.45031e+06
85 3.11711e+06
49 2.44427e+06
50 2.51191e+06
55 2.6091e+06
36 2.2637e+06
76 3.06909e+06
84 3.10928e+06
38 2.27298e+06
88 3.79822e+06
48 2.42279e+06
87 3.45276e+06
54 2.56877e+06
Thế hệ thứ: 17
34 2.25163e+06
100 5.65684e+06
68 2.89579e+06
91 4.2873e+06
83 3.10616e+06
97 4.90617e+06
77 3.10585e+06
46 2.31666e+06
88 3.79822e+06
38 2.27298e+06
61 2.89083e+06
86 3.44912e+06
56 2.62e+06
72 3.0426e+06
38 2.27298e+06
87 3.45276e+06
85 3.11711e+06
50 2.51191e+06
54 2.56877e+06
36 2.2637e+06
76 3.06909e+06
48 2.42279e+06
49 2.44427e+06
84 3.10928e+06
95 4.57756e+06
99 5.65323e+06
55 2.56933e+06
Thế hệ thứ: 18
95 4.57756e+06
34 2.25163e+06
97 4.90617e+06
68 2.89579e+06
100 5.65684e+06
88 3.79822e+06
99 5.65323e+06
38 2.27298e+06
46 2.31666e+06
56 2.62e+06
72 3.0426e+06
38 2.27298e+06
87 3.45276e+06
85 3.11711e+06
50 2.51191e+06
36 2.2637e+06
76 3.06909e+06
54 2.56877e+06
48 2.42279e+06
49 2.44427e+06
55 2.56933e+06
84 3.10928e+06
86 3.44693e+06
60 2.88481e+06
92 3.83229e+06
83 3.09768e+06
61 2.89083e+06
Thế hệ thứ: 19
95 4.57756e+06
34 2.25163e+06
60 2.88481e+06
100 5.65684e+06
68 2.89579e+06
97 4.90617e+06
99 5.65323e+06
92 3.83229e+06
46 2.31666e+06
88 3.79822e+06
36 2.2637e+06
76 3.06909e+06
72 3.0426e+06
56 2.62e+06
38 2.27298e+06
87 3.45276e+06
83 3.09768e+06
85 3.11711e+06
86 3.44693e+06
61 2.89083e+06
50 2.51191e+06
54 2.56877e+06
48 2.42279e+06
49 2.44427e+06
55 2.56933e+06
84 3.10928e+06
38 2.27298e+06
37 2.26828e+06
47 2.36872e+06
Thế hệ thứ: 20
95 4.57756e+06
34 2.25163e+06
68 2.89579e+06
60 2.88481e+06
100 5.65684e+06
97 4.90617e+06
99 5.65323e+06
92 3.83229e+06
88 3.79822e+06
36 2.2637e+06
76 3.06909e+06
72 3.0426e+06
56 2.62e+06
46 2.31666e+06
83 3.09768e+06
85 3.11711e+06
87 3.43939e+06
61 2.89083e+06
50 2.51191e+06
54 2.56877e+06
47 2.36872e+06
49 2.44427e+06
48 2.42279e+06
55 2.56933e+06
84 3.10928e+06
37 2.26828e+06
38 2.27277e+06
Thế hệ thứ: 21
95 4.57756e+06
34 2.25163e+06
60 2.88481e+06
100 5.65684e+06
68 2.89579e+06
97 4.90617e+06
84 3.08779e+06
99 5.65323e+06
92 3.83229e+06
87 3.43939e+06
76 3.06909e+06
36 2.2637e+06
72 3.0426e+06
56 2.62e+06
46 2.31666e+06
38 2.27277e+06
85 3.11711e+06
61 2.89083e+06
50 2.51191e+06
54 2.56877e+06
47 2.36872e+06
49 2.44427e+06
48 2.42279e+06
55 2.56933e+06
37 2.26828e+06
88 3.45548e+06
Thế hệ thứ: 22
36 2.2637e+06
76 3.06909e+06
95 4.57756e+06
34 2.25163e+06
100 5.65684e+06
68 2.89579e+06
97 4.90617e+06
99 5.49868e+06
84 3.08779e+06
92 3.83229e+06
88 3.45548e+06
72 3.0426e+06
56 2.62e+06
46 2.31666e+06
38 2.27277e+06
85 3.11711e+06
87 3.43939e+06
61 2.89083e+06
50 2.51191e+06
54 2.56877e+06
47 2.36872e+06
49 2.44427e+06
60 2.86887e+06
48 2.42279e+06
55 2.56933e+06
37 2.26828e+06
91 3.51005e+06
Thế hệ thứ: 23
36 2.2637e+06
76 3.06909e+06
95 4.57756e+06
34 2.25163e+06
100 5.65684e+06
68 2.89579e+06
97 4.90617e+06
84 3.08779e+06
99 5.49868e+06
92 3.83229e+06
72 3.0426e+06
91 3.51005e+06
46 2.31666e+06
56 2.62e+06
48 2.42279e+06
60 2.86887e+06
38 2.27277e+06
85 3.11711e+06
87 3.43939e+06
61 2.89083e+06
50 2.51191e+06
54 2.56877e+06
88 3.45548e+06
47 2.36872e+06
49 2.44427e+06
55 2.56933e+06
37 2.26828e+06
Thế hệ thứ: 24
36 2.2637e+06
76 3.06909e+06
95 4.57756e+06
34 2.25163e+06
100 5.65684e+06
68 2.89579e+06
97 4.90617e+06
84 3.08779e+06
99 5.49868e+06
72 3.0426e+06
91 3.51005e+06
46 2.31666e+06
56 2.62e+06
60 2.86887e+06
38 2.27277e+06
85 3.11711e+06
87 3.43939e+06
61 2.89083e+06
50 2.51191e+06
54 2.56877e+06
88 3.45548e+06
49 2.44427e+06
55 2.56933e+06
37 2.26828e+06
94 3.81207e+06
48 2.35832e+06
Thế hệ thứ: 25
91 3.51005e+06
95 4.57756e+06
34 2.25163e+06
100 5.65684e+06
68 2.89579e+06
97 4.90617e+06
94 3.81207e+06
84 3.08779e+06
99 5.49868e+06
36 2.2637e+06
76 3.06909e+06
46 2.31666e+06
72 3.0426e+06
48 2.35832e+06
56 2.62e+06
60 2.86887e+06
38 2.27277e+06
85 3.11711e+06
87 3.43939e+06
61 2.89083e+06
50 2.51191e+06
49 2.44427e+06
55 2.56933e+06
37 2.26828e+06
89 3.44596e+06
47 2.35055e+06
54 2.52847e+06
Thế hệ thứ: 26
36 2.2637e+06
76 3.06909e+06
95 4.57756e+06
34 2.25163e+06
100 5.65684e+06
68 2.89579e+06
97 4.90617e+06
94 3.81207e+06
84 3.08779e+06
99 5.49868e+06
91 3.51005e+06
72 3.0426e+06
48 2.35832e+06
56 2.62e+06
46 2.31666e+06
87 3.43939e+06
60 2.86887e+06
38 2.27277e+06
85 3.11711e+06
61 2.89083e+06
50 2.51191e+06
54 2.52847e+06
89 3.44596e+06
49 2.44427e+06
55 2.56933e+06
47 2.35055e+06
37 2.26828e+06
38 2.27277e+06
Thế hệ thứ: 27
95 4.57756e+06
34 2.25163e+06
100 5.65684e+06
68 2.89579e+06
97 4.90617e+06
94 3.81207e+06
84 3.08779e+06
99 5.49868e+06
91 3.51005e+06
48 2.35832e+06
56 2.62e+06
46 2.31666e+06
87 3.43939e+06
60 2.86887e+06
85 3.11711e+06
38 2.27277e+06
61 2.89083e+06
50 2.51191e+06
54 2.52847e+06
89 3.44596e+06
49 2.44427e+06
55 2.56933e+06
47 2.35055e+06
38 2.27277e+06
37 2.25603e+06
86 3.43915e+06
76 2.96141e+06
Thế hệ thứ: 28
76 2.96141e+06
95 4.57756e+06
34 2.25163e+06
100 5.65684e+06
68 2.89579e+06
97 4.90617e+06
94 3.81207e+06
99 5.49868e+06
91 3.51005e+06
48 2.35832e+06
56 2.62e+06
46 2.31666e+06
60 2.86887e+06
38 2.27277e+06
61 2.89083e+06
86 3.43915e+06
50 2.51191e+06
54 2.52847e+06
89 3.44596e+06
49 2.44427e+06
37 2.25603e+06
55 2.56933e+06
87 3.43939e+06
47 2.35055e+06
38 2.27277e+06
85 3.0675e+06
Thế hệ thứ: 29
76 2.96141e+06
95 4.57756e+06
34 2.25163e+06
97 4.90617e+06
94 3.81207e+06
68 2.89579e+06
100 5.65684e+06
60 2.86887e+06
85 3.0675e+06
99 5.49868e+06
91 3.51005e+06
48 2.35832e+06
56 2.62e+06
46 2.31666e+06
86 3.43915e+06
38 2.27277e+06
61 2.89083e+06
50 2.51191e+06
54 2.52847e+06
89 3.44596e+06
49 2.44427e+06
37 2.25603e+06
55 2.56933e+06
87 3.43939e+06
38 2.27277e+06
47 2.34049e+06
Thế hệ thứ: 30
76 2.96141e+06
95 4.57756e+06
34 2.25163e+06
97 4.90617e+06
94 3.81207e+06
68 2.89579e+06
100 5.65684e+06
60 2.86887e+06
85 3.0675e+06
99 5.49868e+06
91 3.51005e+06
48 2.35832e+06
56 2.62e+06
46 2.31666e+06
86 3.43915e+06
38 2.27277e+06
61 2.89083e+06
54 2.52847e+06
89 3.44596e+06
49 2.44427e+06
37 2.25603e+06
55 2.56933e+06
87 3.43939e+06
47 2.34049e+06
38 2.27277e+06
50 2.49581e+06
77 3.00004e+06
Thế hệ thứ: 31
95 4.57756e+06
34 2.25163e+06
100 5.65684e+06
68 2.89579e+06
97 4.90617e+06
94 3.81207e+06
99 5.49868e+06
85 3.0675e+06
91 3.51005e+06
77 3.00004e+06
76 2.96141e+06
48 2.35832e+06
56 2.62e+06
46 2.31666e+06
86 3.43915e+06
50 2.49581e+06
38 2.27277e+06
61 2.89083e+06
54 2.52847e+06
89 3.44596e+06
49 2.44427e+06
37 2.25603e+06
55 2.56933e+06
87 3.43939e+06
47 2.34049e+06
38 2.27277e+06
60 2.86864e+06
Thế hệ thứ: 32
95 4.57756e+06
34 2.25163e+06
100 5.65684e+06
68 2.89579e+06
97 4.90617e+06
94 3.81207e+06
99 5.49868e+06
85 3.0675e+06
77 3.00004e+06
76 2.96141e+06
48 2.35832e+06
56 2.62e+06
46 2.31666e+06
89 3.44596e+06
60 2.86864e+06
86 3.43915e+06
38 2.27277e+06
61 2.89083e+06
50 2.49581e+06
38 2.27277e+06
69 2.90011e+06
54 2.52847e+06
49 2.44427e+06
37 2.25603e+06
55 2.56933e+06
87 3.43939e+06
47 2.34049e+06
53 2.49597e+06
92 3.49232e+06
Thế hệ thứ: 33
95 4.57756e+06
34 2.25163e+06
50 2.49581e+06
38 2.27277e+06
92 3.49232e+06
97 4.90617e+06
94 3.81207e+06
68 2.89579e+06
100 5.65684e+06
99 5.49868e+06
85 3.0675e+06
77 3.00004e+06
48 2.35832e+06
56 2.62e+06
46 2.31666e+06
89 3.44596e+06
60 2.86864e+06
76 2.96141e+06
54 2.52847e+06
69 2.90011e+06
86 3.43915e+06
61 2.89083e+06
49 2.44427e+06
53 2.49597e+06
37 2.25603e+06
55 2.56933e+06
87 3.43939e+06
47 2.34049e+06
38 2.27277e+06
Thế hệ thứ: 34
95 4.57756e+06
34 2.25163e+06
38 2.27277e+06
50 2.49581e+06
92 3.49232e+06
97 4.90617e+06
94 3.81207e+06
68 2.89579e+06
100 5.65684e+06
99 5.49868e+06
85 3.0675e+06
77 3.00004e+06
48 2.35832e+06
56 2.62e+06
46 2.31666e+06
89 3.44596e+06
60 2.86864e+06
76 2.96141e+06
54 2.52847e+06
69 2.90011e+06
86 3.43915e+06
38 2.27277e+06
61 2.89083e+06
49 2.44427e+06
53 2.49597e+06
37 2.25603e+06
55 2.56933e+06
87 3.43939e+06
47 2.34049e+06
Thế hệ thứ: 35
95 4.57756e+06
34 2.25163e+06
38 2.27277e+06
50 2.49581e+06
94 3.81207e+06
68 2.89579e+06
100 5.65684e+06
99 5.49868e+06
85 3.0675e+06
77 3.00004e+06
48 2.35832e+06
56 2.62e+06
46 2.31666e+06
60 2.86864e+06
76 2.96141e+06
69 2.90011e+06
54 2.52847e+06
86 3.43915e+06
38 2.27277e+06
61 2.89083e+06
49 2.44427e+06
53 2.49597e+06
37 2.25603e+06
55 2.56933e+06
87 3.43939e+06
47 2.34049e+06
92 3.44145e+06
97 4.83318e+06
Thế hệ thứ: 36
37 2.25603e+06
92 3.44145e+06
95 4.57756e+06
34 2.25163e+06
94 3.81207e+06
47 2.33341e+06
100 5.65684e+06
97 4.83318e+06
99 5.49868e+06
85 3.0675e+06
77 3.00004e+06
48 2.35832e+06
56 2.62e+06
46 2.31666e+06
60 2.86864e+06
76 2.96141e+06
54 2.52847e+06
69 2.90011e+06
86 3.43915e+06
38 2.27277e+06
87 3.43939e+06
38 2.27277e+06
50 2.49581e+06
49 2.44427e+06
53 2.49597e+06
55 2.56933e+06
68 2.8777e+06
Thế hệ thứ: 37
34 2.25163e+06
94 3.81207e+06
47 2.33341e+06
100 5.65684e+06
99 5.49868e+06
85 3.0675e+06
37 2.25603e+06
92 3.44145e+06
77 3.00004e+06
56 2.62e+06
48 2.35832e+06
46 2.31666e+06
76 2.96141e+06
54 2.52847e+06
69 2.90011e+06
50 2.49581e+06
38 2.27277e+06
49 2.44427e+06
53 2.49597e+06
55 2.56933e+06
38 2.27277e+06
68 2.86834e+06
91 3.42294e+06
89 3.35779e+06
97 4.17523e+06
Thế hệ thứ: 38
34 2.25163e+06
94 3.81207e+06
38 2.27277e+06
50 2.49581e+06
97 4.17523e+06
47 2.33341e+06
100 5.65684e+06
99 5.49868e+06
85 3.0675e+06
56 2.62e+06
48 2.35832e+06
68 2.86834e+06
89 3.35779e+06
77 3.00004e+06
37 2.25603e+06
92 3.44145e+06
46 2.31666e+06
76 2.96141e+06
54 2.52847e+06
69 2.90011e+06
38 2.27277e+06
49 2.44427e+06
53 2.49597e+06
91 3.42294e+06
55 2.56933e+06
86 3.14536e+06
Thế hệ thứ: 39
34 2.25163e+06
94 3.81207e+06
38 2.27277e+06
50 2.49581e+06
97 4.17523e+06
47 2.33341e+06
100 5.65684e+06
99 5.49868e+06
56 2.62e+06
48 2.35832e+06
68 2.86834e+06
85 3.0675e+06
77 3.00004e+06
37 2.25603e+06
92 3.44145e+06
89 3.35779e+06
46 2.31666e+06
76 2.96141e+06
69 2.90011e+06
54 2.52847e+06
86 3.14536e+06
38 2.27277e+06
49 2.44427e+06
53 2.49597e+06
91 3.42294e+06
55 2.56933e+06
88 3.34911e+06
36 2.25424e+06
58 2.71819e+06
Thế hệ thứ: 40
58 2.71819e+06
34 2.25163e+06
94 3.81207e+06
38 2.27277e+06
50 2.49581e+06
97 4.17523e+06
47 2.33341e+06
100 5.65684e+06
99 5.49868e+06
68 2.86834e+06
85 3.0675e+06
77 3.00004e+06
37 2.25603e+06
92 3.44145e+06
46 2.31666e+06
76 2.96141e+06
54 2.52847e+06
69 2.90011e+06
38 2.27277e+06
86 3.14536e+06
88 3.34911e+06
56 2.62e+06
48 2.35832e+06
49 2.44427e+06
36 2.25424e+06
53 2.49597e+06
91 3.42294e+06
89 3.35779e+06
55 2.56933e+06
59 2.84853e+06
Thế hệ thứ: 41
34 2.25163e+06
59 2.84853e+06
94 3.81207e+06
38 2.27277e+06
50 2.49581e+06
97 4.17523e+06
47 2.33341e+06
100 5.65684e+06
85 3.0675e+06
68 2.86834e+06
37 2.25603e+06
92 3.44145e+06
46 2.31666e+06
54 2.52847e+06
69 2.90011e+06
38 2.27277e+06
86 3.14536e+06
58 2.71819e+06
88 3.34911e+06
56 2.62e+06
48 2.35832e+06
49 2.44427e+06
36 2.25424e+06
53 2.49597e+06
91 3.42294e+06
99 5.0481e+06
89 3.35779e+06
55 2.56933e+06
83 2.95979e+06
Thế hệ thứ: 42
34 2.25163e+06
59 2.84853e+06
94 3.81207e+06
38 2.27277e+06
97 4.17523e+06
47 2.33341e+06
100 5.65684e+06
89 3.35779e+06
99 5.0481e+06
83 2.95979e+06
54 2.52847e+06
68 2.86834e+06
37 2.25603e+06
92 3.44145e+06
46 2.31666e+06
38 2.27277e+06
86 3.14536e+06
58 2.71819e+06
88 3.34911e+06
85 3.0675e+06
56 2.62e+06
48 2.35832e+06
36 2.25424e+06
53 2.49597e+06
91 3.42294e+06
55 2.56933e+06
52 2.41575e+06
69 2.88483e+06
Thế hệ thứ: 43
34 2.25163e+06
94 3.81207e+06
38 2.27277e+06
97 4.17523e+06
47 2.33341e+06
100 5.65684e+06
89 3.35779e+06
99 5.0481e+06
83 2.95979e+06
69 2.88483e+06
68 2.86834e+06
37 2.25603e+06
92 3.44145e+06
59 2.74594e+06
46 2.31666e+06
38 2.27277e+06
86 3.14536e+06
52 2.41575e+06
58 2.71819e+06
88 3.34911e+06
85 3.0675e+06
56 2.62e+06
48 2.35832e+06
91 3.42294e+06
36 2.25424e+06
53 2.49597e+06
55 2.56933e+06
54 2.52847e+06
Thế hệ thứ: 44
94 3.81207e+06
38 2.27277e+06
97 4.17523e+06
47 2.33341e+06
100 5.65684e+06
34 2.25163e+06
59 2.74594e+06
46 2.31666e+06
89 3.35779e+06
99 5.0481e+06
83 2.95979e+06
69 2.88483e+06
68 2.86834e+06
37 2.25603e+06
92 3.44145e+06
38 2.27277e+06
86 3.14536e+06
52 2.41575e+06
88 3.34911e+06
85 3.0675e+06
56 2.62e+06
48 2.35832e+06
58 2.71819e+06
91 3.42294e+06
36 2.25424e+06
53 2.49597e+06
55 2.56933e+06
54 2.52847e+06
51 2.40809e+06
Thế hệ thứ: 45
94 3.81207e+06
38 2.27277e+06
97 4.17523e+06
100 4.79491e+06
47 2.33341e+06
34 2.25163e+06
59 2.74594e+06
46 2.31666e+06
89 3.35779e+06
83 2.95979e+06
69 2.88483e+06
68 2.86834e+06
37 2.25603e+06
92 3.44145e+06
38 2.27277e+06
86 3.14536e+06
88 3.34911e+06
85 3.0675e+06
56 2.62e+06
48 2.35832e+06
58 2.71819e+06
51 2.40809e+06
91 3.42294e+06
36 2.25424e+06
55 2.56933e+06
52 2.41575e+06
54 2.52847e+06
53 2.41592e+06
93 3.8011e+06
Thế hệ thứ: 46
94 3.81207e+06
38 2.27277e+06
97 4.17523e+06
100 4.79491e+06
34 2.25163e+06
68 2.86834e+06
59 2.74594e+06
46 2.31666e+06
89 3.35779e+06
83 2.95979e+06
69 2.88483e+06
37 2.25603e+06
92 3.44145e+06
93 3.8011e+06
86 3.14536e+06
38 2.27277e+06
88 3.34911e+06
85 3.0675e+06
56 2.62e+06
48 2.35832e+06
58 2.71819e+06
54 2.52847e+06
51 2.40809e+06
91 3.42294e+06
53 2.41592e+06
55 2.56933e+06
36 2.25424e+06
52 2.41575e+06
47 2.32645e+06
96 3.99063e+06
Thế hệ thứ: 47
34 2.25163e+06
38 2.27277e+06
97 4.17523e+06
100 4.79491e+06
68 2.86834e+06
59 2.74594e+06
46 2.31666e+06
89 3.35779e+06
83 2.95979e+06
69 2.88483e+06
96 3.99063e+06
37 2.25603e+06
92 3.44145e+06
93 3.8011e+06
86 3.14536e+06
38 2.27277e+06
88 3.34911e+06
94 3.81207e+06
85 3.0675e+06
56 2.62e+06
48 2.35832e+06
58 2.71819e+06
54 2.52847e+06
51 2.40809e+06
91 3.42294e+06
53 2.41592e+06
55 2.56933e+06
36 2.25424e+06
47 2.32645e+06
52 2.41575e+06
Thế hệ thứ: 48
34 2.25163e+06
97 4.17523e+06
100 4.79491e+06
68 2.86834e+06
59 2.74594e+06
46 2.31666e+06
89 3.35779e+06
83 2.95979e+06
69 2.88483e+06
96 3.99063e+06
37 2.25603e+06
92 3.44145e+06
93 3.8011e+06
86 3.14536e+06
88 3.34911e+06
94 3.81207e+06
85 3.0675e+06
56 2.62e+06
48 2.35832e+06
58 2.71819e+06
54 2.52847e+06
51 2.40809e+06
91 3.42294e+06
53 2.41592e+06
55 2.56933e+06
36 2.25424e+06
47 2.32645e+06
52 2.41575e+06
38 2.25971e+06
Thế hệ thứ: 49
34 2.25163e+06
97 4.17523e+06
100 4.79491e+06
68 2.86834e+06
59 2.74594e+06
46 2.31666e+06
89 3.35779e+06
83 2.95979e+06
69 2.88483e+06
96 3.99063e+06
37 2.25603e+06
92 3.44145e+06
93 3.8011e+06
38 2.25971e+06
86 3.14536e+06
52 2.40787e+06
88 3.34911e+06
94 3.81207e+06
85 3.0675e+06
56 2.62e+06
48 2.35832e+06
58 2.71819e+06
54 2.52847e+06
91 3.42294e+06
53 2.41592e+06
36 2.25424e+06
47 2.32645e+06
55 2.56624e+06
