Thế hệ thứ: 0
60 1.91498e+07
76 2.24929e+07
71 2.05895e+07
122 3.11539e+07
67 2.02395e+07
72 2.18247e+07
57 1.70354e+07
62 1.94389e+07
86 2.51303e+07
74 2.20314e+07
63 1.95506e+07
84 2.33633e+07
129 3.31626e+07
150 3.99199e+07
117 3.03044e+07
136 3.62885e+07
134 3.463e+07
108 2.80907e+07
Thế hệ thứ: 1
76 2.24929e+07
62 1.94389e+07
74 2.20314e+07
129 3.31626e+07
108 2.80907e+07
122 3.11539e+07
84 2.33633e+07
86 2.51303e+07
60 1.91498e+07
63 1.95506e+07
117 3.03044e+07
67 2.02395e+07
72 2.18247e+07
150 3.99199e+07
57 1.70354e+07
71 2.05895e+07
148 3.86697e+07
152 4.7208e+07
136 3.43066e+07
146 3.65569e+07
130 3.36521e+07
109 2.97496e+07
Thế hệ thứ: 2
76 2.24929e+07
72 2.18247e+07
67 2.02395e+07
74 2.20314e+07
62 1.94389e+07
129 3.31626e+07
130 3.36521e+07
108 2.80907e+07
146 3.65569e+07
122 3.11539e+07
136 3.43066e+07
150 3.99199e+07
84 2.33633e+07
63 1.95506e+07
109 2.97496e+07
57 1.70354e+07
86 2.51303e+07
60 1.91498e+07
71 2.05895e+07
117 3.03044e+07
154 4.5655e+07
143 3.57353e+07
90 2.65544e+07
148 3.76671e+07
Thế hệ thứ: 3
84 2.33633e+07
72 2.18247e+07
76 2.24929e+07
139 3.47054e+07
148 3.76671e+07
67 2.02395e+07
74 2.20314e+07
108 2.80907e+07
130 3.36521e+07
62 1.94389e+07
154 3.79426e+07
129 3.31626e+07
57 1.70354e+07
117 3.03044e+07
71 2.05895e+07
86 2.51303e+07
60 1.91498e+07
109 2.97496e+07
63 1.95506e+07
146 3.65569e+07
122 3.11539e+07
136 3.43066e+07
143 3.57353e+07
90 2.65544e+07
Thế hệ thứ: 4
139 3.47054e+07
71 2.05895e+07
62 1.94389e+07
84 2.33633e+07
76 2.24929e+07
72 2.18247e+07
117 3.03044e+07
63 1.95506e+07
101 2.79772e+07
67 2.02395e+07
148 3.76671e+07
74 2.20314e+07
154 3.79426e+07
129 3.31626e+07
108 2.80907e+07
130 3.36521e+07
57 1.70354e+07
86 2.51303e+07
60 1.91498e+07
146 3.65569e+07
98 2.6825e+07
122 3.11539e+07
136 3.43066e+07
143 3.57353e+07
90 2.65544e+07
147 3.71539e+07
114 2.90282e+07
127 3.30221e+07
Thế hệ thứ: 5
71 2.05895e+07
147 3.71539e+07
139 3.47054e+07
90 2.65544e+07
60 1.91498e+07
62 1.94389e+07
57 1.70354e+07
114 2.90282e+07
146 3.65569e+07
84 2.33633e+07
122 3.11539e+07
98 2.6825e+07
76 2.24929e+07
127 3.30221e+07
72 2.18247e+07
117 3.03044e+07
63 1.95506e+07
148 3.76671e+07
67 2.02395e+07
101 2.79772e+07
74 2.20314e+07
154 3.79426e+07
129 3.31626e+07
130 3.36521e+07
108 2.80907e+07
136 3.43066e+07
143 3.57353e+07
86 2.51303e+07
134 3.41861e+07
158 4.61499e+07
Thế hệ thứ: 6
148 3.76671e+07
67 2.02395e+07
101 2.79772e+07
139 3.47054e+07
147 3.71539e+07
71 2.05895e+07
108 2.80907e+07
60 1.91498e+07
90 2.65544e+07
62 1.94389e+07
114 2.90282e+07
57 1.70354e+07
72 2.18247e+07
127 3.30221e+07
136 3.43066e+07
146 3.65569e+07
74 2.20314e+07
154 3.79426e+07
129 3.31626e+07
84 2.33633e+07
86 2.51303e+07
98 2.6825e+07
122 3.11539e+07
143 3.57353e+07
76 2.24929e+07
134 3.41861e+07
117 3.03044e+07
63 1.95506e+07
163 4.51801e+07
132 3.35309e+07
157 4.28765e+07
166 4.90874e+07
Thế hệ thứ: 7
71 2.05895e+07
139 3.47054e+07
147 3.71539e+07
148 3.76671e+07
67 2.02395e+07
101 2.79772e+07
134 3.41861e+07
84 2.33633e+07
108 2.80907e+07
86 2.51303e+07
117 3.03044e+07
60 1.91498e+07
90 2.65544e+07
122 3.11539e+07
98 2.6825e+07
62 1.94389e+07
57 1.70354e+07
114 2.90282e+07
72 2.18247e+07
132 3.35309e+07
136 3.43066e+07
143 3.57353e+07
146 3.65569e+07
74 2.20314e+07
154 3.79426e+07
129 3.31626e+07
63 1.95506e+07
76 2.24929e+07
169 4.34059e+07
96 2.6607e+07
125 3.17115e+07
128 3.29433e+07
159 4.12065e+07
109 2.88067e+07
Thế hệ thứ: 8
148 3.76671e+07
67 2.02395e+07
101 2.79772e+07
139 3.47054e+07
147 3.71539e+07
71 2.05895e+07
143 3.57353e+07
146 3.65569e+07
134 3.41861e+07
74 2.20314e+07
154 3.79426e+07
129 3.31626e+07
84 2.33633e+07
122 3.11539e+07
98 2.6825e+07
108 2.80907e+07
63 1.95506e+07
86 2.51303e+07
117 3.03044e+07
60 1.91498e+07
169 4.34059e+07
96 2.6607e+07
125 3.17115e+07
90 2.65544e+07
128 3.29433e+07
62 1.94389e+07
114 2.90282e+07
57 1.70354e+07
159 4.12065e+07
72 2.18247e+07
109 2.88067e+07
132 3.35309e+07
136 3.43066e+07
76 2.24929e+07
165 4.26217e+07
Thế hệ thứ: 9
146 3.65569e+07
72 2.18247e+07
169 4.34059e+07
139 3.47054e+07
147 3.71539e+07
148 3.76671e+07
101 2.79772e+07
67 2.02395e+07
71 2.05895e+07
143 3.57353e+07
96 2.6607e+07
125 3.17115e+07
90 2.65544e+07
165 4.26217e+07
134 3.41861e+07
128 3.29433e+07
74 2.20314e+07
154 3.79426e+07
129 3.31626e+07
62 1.94389e+07
57 1.70354e+07
114 2.90282e+07
84 2.33633e+07
98 2.6825e+07
122 3.11539e+07
132 3.35309e+07
108 2.80907e+07
63 1.95506e+07
76 2.24929e+07
136 3.43066e+07
159 4.12065e+07
86 2.51303e+07
109 2.88067e+07
117 3.03044e+07
60 1.91498e+07
173 4.66408e+07
172 4.53059e+07
Thế hệ thứ: 10
139 3.47054e+07
147 3.71539e+07
146 3.65569e+07
108 2.80907e+07
63 1.95506e+07
72 2.18247e+07
67 2.02395e+07
101 2.79772e+07
148 3.76671e+07
76 2.24929e+07
136 3.43066e+07
159 4.12065e+07
86 2.51303e+07
172 4.53059e+07
71 2.05895e+07
143 3.57353e+07
96 2.6607e+07
125 3.17115e+07
90 2.65544e+07
165 4.26217e+07
134 3.41861e+07
129 3.2067e+07
60 1.91498e+07
74 2.20314e+07
154 3.79426e+07
117 3.03044e+07
62 1.94389e+07
114 2.90282e+07
57 1.70354e+07
84 2.33633e+07
109 2.88067e+07
122 3.11539e+07
98 2.6825e+07
132 3.35309e+07
173 4.59928e+07
170 4.32838e+07
Thế hệ thứ: 11
139 3.47054e+07
147 3.71539e+07
90 2.65544e+07
84 2.33633e+07
165 4.26217e+07
134 3.41861e+07
146 3.65569e+07
129 3.2067e+07
109 2.88067e+07
108 2.80907e+07
63 1.95506e+07
60 1.91498e+07
72 2.18247e+07
98 2.6825e+07
122 3.11539e+07
74 2.20314e+07
148 3.76671e+07
101 2.79772e+07
67 2.02395e+07
76 2.24929e+07
136 3.43066e+07
132 3.35309e+07
154 3.79426e+07
159 4.12065e+07
172 4.53059e+07
173 4.59928e+07
86 2.51303e+07
170 4.32838e+07
117 3.03044e+07
71 2.05895e+07
62 1.94389e+07
143 3.57353e+07
57 1.70354e+07
114 2.90282e+07
96 2.6607e+07
125 3.17115e+07
168 4.31834e+07
Thế hệ thứ: 12
139 3.47054e+07
147 3.71539e+07
86 2.51303e+07
90 2.65544e+07
84 2.33633e+07
165 4.26217e+07
134 3.41861e+07
96 2.6607e+07
146 3.65569e+07
168 4.31834e+07
129 3.2067e+07
109 2.88067e+07
67 2.02395e+07
101 2.79772e+07
148 3.76671e+07
170 4.32838e+07
108 2.80907e+07
117 3.03044e+07
63 1.95506e+07
60 1.91498e+07
72 2.18247e+07
122 3.11539e+07
98 2.6825e+07
71 2.05895e+07
74 2.20314e+07
62 1.94389e+07
143 3.57353e+07
76 2.24929e+07
136 3.43066e+07
132 3.35309e+07
114 2.90282e+07
57 1.70354e+07
154 3.79426e+07
159 4.12065e+07
125 3.17115e+07
173 4.59928e+07
172 4.53059e+07
Thế hệ thứ: 13
71 2.05895e+07
139 3.47054e+07
147 3.71539e+07
90 2.65544e+07
86 2.51303e+07
125 3.17115e+07
74 2.20314e+07
84 2.33633e+07
165 4.26217e+07
62 1.94389e+07
134 3.41861e+07
96 2.6607e+07
148 3.76671e+07
67 2.02395e+07
101 2.79772e+07
143 3.57353e+07
76 2.24929e+07
136 3.43066e+07
146 3.65569e+07
132 3.35309e+07
168 4.31834e+07
57 1.70354e+07
114 2.90282e+07
129 3.2067e+07
109 2.88067e+07
154 3.79426e+07
159 4.12065e+07
173 4.59928e+07
108 2.80907e+07
117 3.03044e+07
63 1.95506e+07
60 1.91498e+07
72 2.18247e+07
98 2.6825e+07
122 3.11539e+07
170 4.32824e+07
171 4.42325e+07
172 4.44706e+07
144 3.57848e+07
Thế hệ thứ: 14
139 3.47054e+07
147 3.71539e+07
71 2.05895e+07
154 3.79426e+07
86 2.51303e+07
172 4.44706e+07
90 2.65544e+07
109 2.88067e+07
125 3.17115e+07
74 2.20314e+07
84 2.33633e+07
170 4.32824e+07
165 4.26217e+07
62 1.94389e+07
134 3.41861e+07
171 4.42325e+07
173 4.59928e+07
96 2.6607e+07
144 3.57848e+07
101 2.79772e+07
67 2.02395e+07
148 3.76671e+07
143 3.57353e+07
76 2.24929e+07
108 2.80907e+07
117 3.03044e+07
136 3.43066e+07
63 1.95506e+07
60 1.91498e+07
72 2.18247e+07
146 3.65569e+07
132 3.35309e+07
168 4.31834e+07
114 2.90282e+07
57 1.70354e+07
122 3.11539e+07
98 2.6825e+07
129 3.2067e+07
160 4.06377e+07
116 3.02868e+07
100 2.78654e+07
133 3.37413e+07
Thế hệ thứ: 15
125 3.17115e+07
71 2.05895e+07
139 3.47054e+07
147 3.71539e+07
60 1.91498e+07
63 1.95506e+07
154 3.79426e+07
165 4.26217e+07
116 3.02868e+07
86 2.51303e+07
90 2.65544e+07
172 4.44706e+07
109 2.88067e+07
96 2.6607e+07
74 2.20314e+07
84 2.33633e+07
170 4.32824e+07
62 1.94389e+07
134 3.41861e+07
72 2.18247e+07
100 2.78654e+07
171 4.42325e+07
136 3.43066e+07
133 3.37413e+07
173 4.59928e+07
146 3.65569e+07
132 3.35309e+07
168 4.31834e+07
144 3.57848e+07
57 1.70354e+07
114 2.90282e+07
148 3.76671e+07
67 2.02395e+07
101 2.79772e+07
143 3.57353e+07
76 2.24929e+07
98 2.6825e+07
122 3.11539e+07
129 3.2067e+07
108 2.80907e+07
117 3.03044e+07
160 4.06377e+07
Thế hệ thứ: 16
139 3.47054e+07
147 3.71539e+07
71 2.05895e+07
114 2.90282e+07
57 1.70354e+07
154 3.79426e+07
63 1.95506e+07
60 1.91498e+07
116 3.02868e+07
165 4.26217e+07
101 2.79772e+07
67 2.02395e+07
148 3.76671e+07
62 1.94389e+07
86 2.51303e+07
172 4.44706e+07
90 2.65544e+07
109 2.88067e+07
96 2.6607e+07
143 3.57353e+07
74 2.20314e+07
84 2.33633e+07
170 4.32824e+07
160 4.06377e+07
134 3.41861e+07
76 2.24929e+07
72 2.18247e+07
98 2.6825e+07
122 3.11539e+07
100 2.78654e+07
171 4.42325e+07
133 3.37413e+07
136 3.43066e+07
173 4.59928e+07
129 3.2067e+07
108 2.80907e+07
146 3.65569e+07
132 3.35309e+07
117 3.03044e+07
168 4.31834e+07
144 3.57848e+07
126 3.16594e+07
163 4.16061e+07
Thế hệ thứ: 17
172 4.44706e+07
90 2.65544e+07
133 3.37413e+07
171 4.42325e+07
71 2.05895e+07
139 3.47054e+07
147 3.71539e+07
98 2.6825e+07
122 3.11539e+07
57 1.70354e+07
114 2.90282e+07
154 3.79426e+07
63 1.95506e+07
163 4.16061e+07
60 1.91498e+07
100 2.78654e+07
165 4.26217e+07
116 3.02868e+07
148 3.76671e+07
67 2.02395e+07
101 2.79772e+07
62 1.94389e+07
138 3.40055e+07
129 3.2067e+07
146 3.65569e+07
132 3.35309e+07
117 3.03044e+07
86 2.51303e+07
168 4.31834e+07
109 2.88067e+07
160 4.06377e+07
144 3.57848e+07
96 2.6607e+07
126 3.16594e+07
143 3.57353e+07
74 2.20314e+07
84 2.33633e+07
170 4.32824e+07
108 2.80907e+07
76 2.24929e+07
72 2.18247e+07
173 4.58532e+07
166 4.29361e+07
149 3.76849e+07
Thế hệ thứ: 18
98 2.6825e+07
122 3.11539e+07
172 4.44706e+07
132 3.32035e+07
90 2.65544e+07
72 2.18247e+07
173 4.58532e+07
171 4.42325e+07
144 3.57848e+07
133 3.37413e+07
71 2.05895e+07
147 3.71539e+07
139 3.47054e+07
101 2.79772e+07
67 2.02395e+07
148 3.76671e+07
114 2.90282e+07
57 1.70354e+07
154 3.79426e+07
96 2.6607e+07
166 4.29361e+07
63 1.95506e+07
60 1.91498e+07
163 4.16061e+07
100 2.78654e+07
116 3.02868e+07
165 4.26217e+07
149 3.76849e+07
62 1.94389e+07
138 3.40055e+07
129 3.2067e+07
146 3.65569e+07
126 3.16594e+07
117 3.03044e+07
143 3.57353e+07
74 2.20314e+07
84 2.33633e+07
170 4.32824e+07
86 2.51303e+07
108 2.80907e+07
76 2.24929e+07
168 4.31834e+07
109 2.88067e+07
160 4.06377e+07
Thế hệ thứ: 19
133 3.37413e+07
98 2.6825e+07
122 3.11539e+07
172 4.44706e+07
132 3.32035e+07
86 2.51303e+07
72 2.18247e+07
173 4.58532e+07
171 4.42325e+07
144 3.57848e+07
117 3.03044e+07
143 3.57353e+07
71 2.05895e+07
139 3.47054e+07
147 3.71539e+07
74 2.20314e+07
148 3.76671e+07
67 2.02395e+07
101 2.79772e+07
57 1.70354e+07
114 2.90282e+07
160 4.06377e+07
154 3.79426e+07
109 2.88067e+07
96 2.6607e+07
63 1.95506e+07
163 4.16061e+07
60 1.91498e+07
100 2.78654e+07
165 4.26217e+07
116 3.02868e+07
149 3.76849e+07
62 1.94389e+07
138 3.40055e+07
129 3.2067e+07
84 2.33633e+07
146 3.65569e+07
76 2.24929e+07
170 4.32824e+07
108 2.80907e+07
126 3.16594e+07
95 2.63959e+07
168 4.27865e+07
Thế hệ thứ: 20
148 3.76671e+07
67 2.02395e+07
116 3.02868e+07
133 3.37413e+07
146 3.65569e+07
98 2.6825e+07
122 3.11539e+07
132 3.32035e+07
172 4.44706e+07
86 2.51303e+07
149 3.76849e+07
72 2.18247e+07
62 1.94389e+07
138 3.40055e+07
168 4.27865e+07
84 2.33633e+07
173 4.58532e+07
171 4.42325e+07
144 3.57848e+07
117 3.03044e+07
143 3.57353e+07
71 2.05895e+07
147 3.71539e+07
139 3.47054e+07
95 2.63959e+07
74 2.20314e+07
126 3.16594e+07
114 2.90282e+07
57 1.70354e+07
108 2.80907e+07
154 3.79426e+07
170 4.32824e+07
109 2.88067e+07
76 2.24929e+07
96 2.6607e+07
63 1.95506e+07
60 1.91498e+07
163 4.16061e+07
129 3.2067e+07
165 4.17905e+07
160 3.9323e+07
104 2.70783e+07
Thế hệ thứ: 21
114 2.90282e+07
57 1.70354e+07
76 2.24929e+07
133 3.37413e+07
116 3.02868e+07
104 2.70783e+07
160 3.9323e+07
170 4.32824e+07
67 2.02395e+07
146 3.65569e+07
122 3.11539e+07
98 2.6825e+07
132 3.32035e+07
172 4.44706e+07
109 2.88067e+07
86 2.51303e+07
108 2.80907e+07
154 3.79426e+07
149 3.76849e+07
72 2.18247e+07
168 4.27865e+07
62 1.94389e+07
138 3.40055e+07
84 2.33633e+07
165 4.17905e+07
129 3.2067e+07
173 4.58532e+07
171 4.42325e+07
60 1.91498e+07
163 4.16061e+07
144 3.57848e+07
117 3.03044e+07
143 3.57353e+07
71 2.05895e+07
139 3.47054e+07
63 1.95506e+07
95 2.63959e+07
74 2.20314e+07
96 2.6607e+07
126 3.16594e+07
148 3.70264e+07
Thế hệ thứ: 22
133 3.37413e+07
104 2.70783e+07
160 3.9323e+07
170 4.32824e+07
76 2.24929e+07
114 2.90282e+07
57 1.70354e+07
74 2.20314e+07
60 1.91498e+07
163 4.16061e+07
144 3.57848e+07
116 3.02868e+07
95 2.63959e+07
86 2.51303e+07
63 1.95506e+07
117 3.03044e+07
67 2.02395e+07
98 2.6825e+07
122 3.11539e+07
132 3.32035e+07
172 4.44706e+07
143 3.57353e+07
109 2.88067e+07
71 2.05895e+07
96 2.6607e+07
126 3.16594e+07
108 2.80907e+07
154 3.79426e+07
148 3.70264e+07
149 3.76849e+07
72 2.18247e+07
62 1.94389e+07
138 3.40055e+07
168 4.27865e+07
84 2.33633e+07
165 4.17905e+07
129 3.2067e+07
139 3.47054e+07
173 4.58532e+07
171 4.42325e+07
161 4.15228e+07
92 2.55017e+07
147 3.63802e+07
159 3.80776e+07
Thế hệ thứ: 23
104 2.70783e+07
160 3.9323e+07
170 4.32824e+07
133 3.37413e+07
62 1.94389e+07
138 3.40055e+07
168 4.27865e+07
114 2.90282e+07
57 1.70354e+07
76 2.24929e+07
161 4.15228e+07
74 2.20314e+07
163 4.16061e+07
60 1.91498e+07
144 3.57848e+07
116 3.02868e+07
95 2.63959e+07
86 2.51303e+07
129 3.2067e+07
159 3.80776e+07
63 1.95506e+07
142 3.45586e+07
117 3.03044e+07
67 2.02395e+07
92 2.55017e+07
147 3.63802e+07
122 3.11539e+07
98 2.6825e+07
132 3.32035e+07
143 3.57353e+07
109 2.88067e+07
71 2.05895e+07
165 4.17905e+07
96 2.6607e+07
126 3.16594e+07
84 2.33633e+07
108 2.80907e+07
154 3.79426e+07
148 3.70264e+07
72 2.18247e+07
173 4.41911e+07
151 3.75116e+07
Thế hệ thứ: 24
133 3.37413e+07
104 2.70783e+07
160 3.9323e+07
170 4.32824e+07
122 3.11539e+07
168 4.27865e+07
138 3.40055e+07
62 1.94389e+07
72 2.18247e+07
57 1.70354e+07
114 2.90282e+07
117 3.03044e+07
142 3.45586e+07
151 3.75116e+07
76 2.24929e+07
74 2.20314e+07
161 4.15228e+07
132 3.32035e+07
60 1.91498e+07
163 4.16061e+07
143 3.57353e+07
144 3.57848e+07
173 4.41911e+07
116 3.02868e+07
86 2.51303e+07
109 2.88067e+07
129 3.2067e+07
63 1.95506e+07
159 3.80776e+07
71 2.05895e+07
165 4.17905e+07
126 3.16594e+07
84 2.33633e+07
67 2.02395e+07
108 2.80907e+07
154 3.79426e+07
147 3.63802e+07
92 2.55017e+07
148 3.70264e+07
101 2.63489e+07
Thế hệ thứ: 25
104 2.70783e+07
160 3.9323e+07
170 4.32824e+07
133 3.37413e+07
122 3.11539e+07
138 3.40055e+07
62 1.94389e+07
168 4.27865e+07
92 2.55017e+07
147 3.63802e+07
72 2.18247e+07
114 2.90282e+07
57 1.70354e+07
144 3.57848e+07
151 3.75116e+07
142 3.45586e+07
117 3.03044e+07
76 2.24929e+07
101 2.63489e+07
161 4.15228e+07
74 2.20314e+07
132 3.32035e+07
163 4.16061e+07
60 1.91498e+07
143 3.57353e+07
173 4.41911e+07
148 3.70264e+07
116 3.02868e+07
86 2.51303e+07
109 2.88067e+07
129 3.2067e+07
159 3.80776e+07
63 1.95506e+07
71 2.05895e+07
165 4.17905e+07
126 3.16594e+07
84 2.33633e+07
67 2.02395e+07
108 2.80907e+07
154 3.79426e+07
Thế hệ thứ: 26
92 2.55017e+07
147 3.63802e+07
133 3.37413e+07
104 2.70783e+07
160 3.9323e+07
170 4.32824e+07
129 3.2067e+07
63 1.95506e+07
159 3.80776e+07
122 3.11539e+07
157 3.73631e+07
168 4.27865e+07
138 3.40055e+07
62 1.94389e+07
74 2.20314e+07
161 4.15228e+07
72 2.18247e+07
57 1.70354e+07
114 2.90282e+07
144 3.57848e+07
117 3.03044e+07
142 3.45586e+07
76 2.24929e+07
71 2.05895e+07
101 2.63489e+07
165 4.17905e+07
132 3.32035e+07
60 1.91498e+07
163 4.16061e+07
143 3.57353e+07
173 4.41911e+07
148 3.70264e+07
126 3.16594e+07
108 2.80907e+07
116 3.02868e+07
86 2.51303e+07
84 2.33633e+07
109 2.88067e+07
67 2.02395e+07
Thế hệ thứ: 27
92 2.55017e+07
147 3.63802e+07
145 3.55553e+07
104 2.70783e+07
160 3.9323e+07
170 4.32824e+07
133 3.37413e+07
129 3.2067e+07
60 1.91498e+07
163 4.16061e+07
159 3.80776e+07
63 1.95506e+07
173 4.41911e+07
122 3.11539e+07
138 3.40055e+07
62 1.94389e+07
168 4.27865e+07
157 3.73631e+07
161 4.15228e+07
74 2.20314e+07
72 2.18247e+07
148 3.70264e+07
126 3.16594e+07
84 2.33633e+07
114 2.90282e+07
57 1.70354e+07
142 3.45586e+07
117 3.03044e+07
108 2.80907e+07
76 2.24929e+07
71 2.05895e+07
101 2.63489e+07
109 2.88067e+07
165 4.17905e+07
132 3.32035e+07
116 3.02868e+07
86 2.51303e+07
67 2.02395e+07
Thế hệ thứ: 28
92 2.55017e+07
147 3.63802e+07
145 3.55553e+07
151 3.68713e+07
104 2.70783e+07
160 3.9323e+07
170 4.32824e+07
114 2.90282e+07
57 1.70354e+07
133 3.37413e+07
76 2.24929e+07
129 3.2067e+07
71 2.05895e+07
163 4.16061e+07
60 1.91498e+07
63 1.95506e+07
159 3.80776e+07
117 3.03044e+07
142 3.45586e+07
173 4.41911e+07
67 2.02395e+07
108 2.80907e+07
109 2.88067e+07
122 3.11539e+07
138 3.40055e+07
62 1.94389e+07
157 3.73631e+07
168 4.27865e+07
74 2.20314e+07
161 4.15228e+07
86 2.51303e+07
116 3.02868e+07
72 2.18247e+07
132 3.32035e+07
126 3.16594e+07
84 2.33633e+07
101 2.63489e+07
165 4.17905e+07
Thế hệ thứ: 29
151 3.68713e+07
145 3.55553e+07
104 2.70783e+07
160 3.9323e+07
170 4.32824e+07
133 3.37413e+07
92 2.55017e+07
147 3.63802e+07
138 3.40055e+07
62 1.94389e+07
168 4.27865e+07
157 3.73631e+07
57 1.70354e+07
114 2.90282e+07
142 3.45586e+07
117 3.03044e+07
161 4.15228e+07
74 2.20314e+07
76 2.24929e+07
129 3.2067e+07
71 2.05895e+07
60 1.91498e+07
163 4.16061e+07
159 3.80776e+07
63 1.95506e+07
126 3.16594e+07
86 2.51303e+07
116 3.02868e+07
84 2.33633e+07
173 4.41911e+07
67 2.02395e+07
108 2.80907e+07
109 2.88067e+07
72 2.18247e+07
101 2.63489e+07
132 3.32035e+07
122 3.11539e+07
165 4.17905e+07
118 3.10524e+07
Thế hệ thứ: 30
133 3.37413e+07
145 3.55553e+07
151 3.68713e+07
104 2.70783e+07
160 3.9323e+07
170 4.32824e+07
92 2.55017e+07
147 3.63802e+07
173 4.41911e+07
157 3.73631e+07
168 4.27865e+07
138 3.40055e+07
62 1.94389e+07
67 2.02395e+07
114 2.90282e+07
57 1.70354e+07
108 2.80907e+07
117 3.03044e+07
142 3.45586e+07
74 2.20314e+07
161 4.15228e+07
109 2.88067e+07
72 2.18247e+07
76 2.24929e+07
101 2.63489e+07
129 3.2067e+07
71 2.05895e+07
132 3.32035e+07
163 4.16061e+07
60 1.91498e+07
165 4.17905e+07
63 1.95506e+07
159 3.80776e+07
126 3.16594e+07
118 3.10524e+07
86 2.51303e+07
116 3.02868e+07
84 2.33633e+07
122 3.11539e+07
150 3.64158e+07
Thế hệ thứ: 31
151 3.68713e+07
145 3.55553e+07
104 2.70783e+07
160 3.9323e+07
170 4.32824e+07
133 3.37413e+07
92 2.55017e+07
147 3.63802e+07
118 3.10524e+07
86 2.51303e+07
173 4.41911e+07
138 3.40055e+07
62 1.94389e+07
168 4.27865e+07
157 3.73631e+07
67 2.02395e+07
150 3.64158e+07
116 3.02868e+07
57 1.70354e+07
114 2.90282e+07
108 2.80907e+07
74 2.20314e+07
161 4.15228e+07
84 2.33633e+07
142 3.45586e+07
117 3.03044e+07
122 3.11539e+07
76 2.24929e+07
109 2.88067e+07
72 2.18247e+07
101 2.63489e+07
129 3.2067e+07
71 2.05895e+07
132 3.32035e+07
60 1.91498e+07
163 4.16061e+07
165 4.17905e+07
159 3.80776e+07
63 1.95506e+07
126 3.16594e+07
93 2.61398e+07
Thế hệ thứ: 32
133 3.37413e+07
145 3.55553e+07
151 3.68713e+07
104 2.70783e+07
160 3.9323e+07
170 4.32824e+07
101 2.63489e+07
92 2.55017e+07
147 3.63802e+07
76 2.24929e+07
118 3.10524e+07
86 2.51303e+07
173 4.41911e+07
157 3.73631e+07
168 4.27865e+07
138 3.40055e+07
62 1.94389e+07
67 2.02395e+07
150 3.64158e+07
116 3.02868e+07
129 3.2067e+07
93 2.61398e+07
109 2.88067e+07
114 2.90282e+07
57 1.70354e+07
108 2.80907e+07
126 3.16594e+07
161 4.15228e+07
74 2.20314e+07
159 3.80776e+07
63 1.95506e+07
165 4.17905e+07
84 2.33633e+07
72 2.18247e+07
117 3.03044e+07
142 3.45586e+07
71 2.05895e+07
60 1.91498e+07
163 4.16061e+07
132 3.32035e+07
122 3.11539e+07
162 4.15774e+07
140 3.42641e+07
Thế hệ thứ: 33
151 3.68713e+07
145 3.55553e+07
104 2.70783e+07
160 3.9323e+07
170 4.32824e+07
133 3.37413e+07
101 2.63489e+07
84 2.33633e+07
92 2.55017e+07
147 3.63802e+07
129 3.2067e+07
162 4.15774e+07
72 2.18247e+07
76 2.24929e+07
118 3.10524e+07
86 2.51303e+07
173 4.41911e+07
140 3.42641e+07
138 3.40055e+07
62 1.94389e+07
168 4.27865e+07
157 3.73631e+07
67 2.02395e+07
150 3.64158e+07
116 3.02868e+07
93 2.61398e+07
142 3.45586e+07
117 3.03044e+07
109 2.88067e+07
71 2.05895e+07
163 4.16061e+07
60 1.91498e+07
57 1.70354e+07
114 2.90282e+07
108 2.80907e+07
126 3.16594e+07
132 3.32035e+07
74 2.20314e+07
161 4.15228e+07
63 1.95506e+07
159 3.80776e+07
122 3.11539e+07
165 4.17905e+07
172 4.40393e+07
Thế hệ thứ: 34
133 3.37413e+07
160 3.9323e+07
145 3.55553e+07
151 3.68713e+07
104 2.70783e+07
170 4.32824e+07
159 3.80776e+07
63 1.95506e+07
74 2.20314e+07
161 4.15228e+07
126 3.16594e+07
101 2.63489e+07
84 2.33633e+07
92 2.55017e+07
147 3.63802e+07
173 4.41911e+07
162 4.15774e+07
129 3.2067e+07
72 2.18247e+07
122 3.11539e+07
165 4.17905e+07
76 2.24929e+07
118 3.10524e+07
86 2.51303e+07
172 4.40393e+07
140 3.42641e+07
157 3.73631e+07
168 4.27865e+07
138 3.40055e+07
62 1.94389e+07
67 2.02395e+07
150 3.64158e+07
116 3.02868e+07
93 2.61398e+07
117 3.03044e+07
142 3.45586e+07
109 2.88067e+07
71 2.05895e+07
132 3.32035e+07
60 1.91498e+07
163 4.16061e+07
57 1.70354e+07
114 2.90282e+07
108 2.80907e+07
Thế hệ thứ: 35
160 3.9323e+07
151 3.68713e+07
145 3.55553e+07
104 2.70783e+07
170 4.32824e+07
133 3.37413e+07
150 3.64158e+07
118 3.10524e+07
163 4.16061e+07
60 1.91498e+07
63 1.95506e+07
159 3.80776e+07
86 2.51303e+07
114 2.90282e+07
57 1.70354e+07
172 4.40393e+07
132 3.32035e+07
71 2.05895e+07
161 4.15228e+07
74 2.20314e+07
140 3.42641e+07
109 2.88067e+07
126 3.16594e+07
67 2.02395e+07
101 2.63489e+07
84 2.33633e+07
117 3.03044e+07
142 3.45586e+07
92 2.55017e+07
147 3.63802e+07
138 3.40055e+07
62 1.94389e+07
168 4.27865e+07
157 3.73631e+07
173 4.41911e+07
129 3.2067e+07
162 4.15774e+07
72 2.18247e+07
93 2.61398e+07
122 3.11539e+07
165 4.17905e+07
76 2.24929e+07
116 3.02868e+07
108 2.80907e+07
Thế hệ thứ: 36
133 3.37413e+07
160 3.9323e+07
145 3.55553e+07
151 3.68713e+07
104 2.70783e+07
170 4.32824e+07
173 4.41911e+07
162 4.15774e+07
129 3.2067e+07
108 2.80907e+07
150 3.64158e+07
118 3.10524e+07
60 1.91498e+07
163 4.16061e+07
159 3.80776e+07
63 1.95506e+07
116 3.02868e+07
76 2.24929e+07
86 2.51303e+07
57 1.70354e+07
114 2.90282e+07
172 4.40393e+07
132 3.32035e+07
71 2.05895e+07
122 3.11539e+07
161 4.15228e+07
74 2.20314e+07
140 3.42641e+07
109 2.88067e+07
165 4.17905e+07
126 3.16594e+07
67 2.02395e+07
93 2.61398e+07
101 2.63489e+07
84 2.33633e+07
142 3.45586e+07
117 3.03044e+07
147 3.63802e+07
92 2.55017e+07
72 2.18247e+07
157 3.73631e+07
168 4.27865e+07
138 3.40055e+07
62 1.94389e+07
Thế hệ thứ: 37
160 3.9323e+07
151 3.68713e+07
145 3.55553e+07
104 2.70783e+07
170 4.32824e+07
133 3.37413e+07
173 4.41911e+07
175 4.77504e+07
67 2.02395e+07
129 3.2067e+07
162 4.15774e+07
93 2.61398e+07
108 2.80907e+07
76 2.24929e+07
150 3.64158e+07
168 4.27865e+07
157 3.73631e+07
138 3.40055e+07
62 1.94389e+07
118 3.10524e+07
163 4.16061e+07
60 1.91498e+07
101 2.63489e+07
159 3.80776e+07
63 1.95506e+07
116 3.02868e+07
84 2.33633e+07
117 3.03044e+07
142 3.45586e+07
86 2.51303e+07
114 2.90282e+07
57 1.70354e+07
172 4.40393e+07
71 2.05895e+07
122 3.11539e+07
92 2.55017e+07
147 3.63802e+07
74 2.20314e+07
161 4.15228e+07
72 2.18247e+07
140 3.42641e+07
109 2.88067e+07
165 4.17905e+07
132 3.25426e+07
166 4.27683e+07
128 3.13174e+07
Thế hệ thứ: 38
133 3.37413e+07
160 3.9323e+07
145 3.55553e+07
151 3.68713e+07
104 2.70783e+07
170 4.32824e+07
71 2.05895e+07
128 3.13174e+07
173 4.41911e+07
108 2.80907e+07
166 4.27683e+07
175 4.77504e+07
67 2.02395e+07
62 1.94389e+07
138 3.40055e+07
157 3.73631e+07
168 4.27865e+07
162 4.15774e+07
129 3.2067e+07
93 2.61398e+07
122 3.11539e+07
76 2.24929e+07
150 3.64158e+07
132 3.25426e+07
165 4.17905e+07
147 3.63802e+07
92 2.55017e+07
118 3.10524e+07
60 1.91498e+07
163 4.16061e+07
111 2.86401e+07
101 2.63489e+07
63 1.95506e+07
159 3.80776e+07
140 3.42641e+07
72 2.18247e+07
74 2.20314e+07
161 4.15228e+07
116 3.02868e+07
84 2.33633e+07
142 3.45586e+07
117 3.03044e+07
86 2.51303e+07
57 1.70354e+07
114 2.90282e+07
172 4.40393e+07
139 3.41835e+07
Thế hệ thứ: 39
160 3.9323e+07
151 3.68713e+07
145 3.55553e+07
104 2.70783e+07
170 4.32824e+07
133 3.37413e+07
140 3.42641e+07
71 2.05895e+07
128 3.13174e+07
139 3.41835e+07
72 2.18247e+07
173 4.41911e+07
108 2.80907e+07
175 4.77504e+07
67 2.02395e+07
168 4.27865e+07
157 3.73631e+07
62 1.94389e+07
138 3.40055e+07
162 4.15774e+07
129 3.2067e+07
93 2.61398e+07
161 4.15228e+07
74 2.20314e+07
122 3.11539e+07
116 3.02868e+07
84 2.33633e+07
76 2.24929e+07
150 3.64158e+07
132 3.25426e+07
165 4.17905e+07
117 3.03044e+07
142 3.45586e+07
92 2.55017e+07
147 3.63802e+07
86 2.51303e+07
118 3.10524e+07
163 4.16061e+07
60 1.91498e+07
114 2.90282e+07
57 1.70354e+07
111 2.86401e+07
101 2.63489e+07
159 3.80776e+07
63 1.95506e+07
172 4.40393e+07
166 4.23232e+07
Thế hệ thứ: 40
133 3.37413e+07
160 3.9323e+07
145 3.55553e+07
151 3.68713e+07
104 2.70783e+07
170 4.32824e+07
140 3.42641e+07
71 2.05895e+07
92 2.55017e+07
147 3.63802e+07
128 3.13174e+07
139 3.41835e+07
72 2.18247e+07
173 4.41911e+07
86 2.51303e+07
108 2.80907e+07
175 4.77504e+07
67 2.02395e+07
118 3.10524e+07
62 1.94389e+07
138 3.40055e+07
157 3.73631e+07
168 4.27865e+07
60 1.91498e+07
163 4.16061e+07
129 3.2067e+07
162 4.15774e+07
57 1.70354e+07
114 2.90282e+07
74 2.20314e+07
161 4.15228e+07
111 2.86401e+07
101 2.63489e+07
122 3.11539e+07
116 3.02868e+07
84 2.33633e+07
76 2.24929e+07
150 3.64158e+07
63 1.95506e+07
159 3.80776e+07
132 3.25426e+07
165 4.17905e+07
142 3.45586e+07
117 3.03044e+07
172 4.40393e+07
95 2.59092e+07
167 4.2227e+07
Thế hệ thứ: 41
92 2.55017e+07
147 3.63802e+07
160 3.9323e+07
151 3.68713e+07
145 3.55553e+07
104 2.70783e+07
170 4.32824e+07
133 3.37413e+07
167 4.2227e+07
140 3.42641e+07
71 2.05895e+07
122 3.11539e+07
172 4.40393e+07
108 2.80907e+07
128 3.13174e+07
142 3.45586e+07
117 3.03044e+07
139 3.41835e+07
116 3.02868e+07
159 3.80776e+07
63 1.95506e+07
72 2.18247e+07
165 4.17905e+07
173 4.41911e+07
86 2.51303e+07
132 3.25426e+07
84 2.33633e+07
175 4.77504e+07
67 2.02395e+07
150 3.64158e+07
118 3.10524e+07
168 4.27865e+07
157 3.73631e+07
62 1.94389e+07
138 3.40055e+07
163 4.16061e+07
60 1.91498e+07
162 4.15774e+07
129 3.2067e+07
76 2.24929e+07
114 2.90282e+07
57 1.70354e+07
161 4.15228e+07
74 2.20314e+07
101 2.63489e+07
95 2.59092e+07
113 2.85573e+07
Thế hệ thứ: 42
168 4.27865e+07
157 3.73631e+07
62 1.94389e+07
138 3.40055e+07
92 2.55017e+07
147 3.63802e+07
145 3.55553e+07
151 3.68713e+07
160 3.9323e+07
104 2.70783e+07
170 4.32824e+07
60 1.91498e+07
163 4.16061e+07
133 3.37413e+07
140 3.42641e+07
167 4.2227e+07
71 2.05895e+07
129 3.2067e+07
162 4.15774e+07
122 3.11539e+07
172 4.40393e+07
108 2.80907e+07
128 3.13174e+07
76 2.24929e+07
57 1.70354e+07
114 2.90282e+07
117 3.03044e+07
142 3.45586e+07
139 3.41835e+07
116 3.02868e+07
63 1.95506e+07
159 3.80776e+07
72 2.18247e+07
165 4.17905e+07
74 2.20314e+07
161 4.15228e+07
173 4.41911e+07
86 2.51303e+07
132 3.25426e+07
84 2.33633e+07
175 4.77504e+07
67 2.02395e+07
101 2.63489e+07
150 3.64158e+07
95 2.59092e+07
113 2.85573e+07
118 3.10524e+07
Thế hệ thứ: 43
145 3.55553e+07
151 3.68713e+07
170 4.32824e+07
160 3.9323e+07
104 2.70783e+07
92 2.55017e+07
147 3.63802e+07
168 4.27865e+07
157 3.73631e+07
138 3.40055e+07
62 1.94389e+07
74 2.20314e+07
161 4.15228e+07
118 3.10524e+07
162 4.15774e+07
129 3.2067e+07
163 4.16061e+07
60 1.91498e+07
173 4.41911e+07
133 3.37413e+07
86 2.51303e+07
167 4.2227e+07
140 3.42641e+07
132 3.25426e+07
84 2.33633e+07
71 2.05895e+07
175 4.77504e+07
67 2.02395e+07
122 3.11539e+07
172 4.40393e+07
108 2.80907e+07
128 3.13174e+07
76 2.24929e+07
114 2.90282e+07
57 1.70354e+07
142 3.45586e+07
117 3.03044e+07
101 2.63489e+07
150 3.64158e+07
139 3.41835e+07
116 3.02868e+07
159 3.80776e+07
63 1.95506e+07
95 2.59092e+07
72 2.18247e+07
165 4.17905e+07
113 2.85573e+07
Thế hệ thứ: 44
151 3.68713e+07
145 3.55553e+07
170 4.32824e+07
160 3.9323e+07
104 2.70783e+07
150 3.64158e+07
92 2.55017e+07
147 3.63802e+07
138 3.40055e+07
62 1.94389e+07
157 3.73631e+07
168 4.27865e+07
63 1.95506e+07
159 3.80776e+07
161 4.15228e+07
74 2.20314e+07
118 3.10524e+07
139 3.41835e+07
129 3.2067e+07
162 4.15774e+07
60 1.91498e+07
163 4.16061e+07
113 2.85573e+07
173 4.41911e+07
165 4.17905e+07
72 2.18247e+07
133 3.37413e+07
86 2.51303e+07
140 3.42641e+07
167 4.2227e+07
95 2.59092e+07
132 3.25426e+07
84 2.33633e+07
71 2.05895e+07
175 4.77504e+07
67 2.02395e+07
122 3.11539e+07
172 4.40393e+07
108 2.80907e+07
128 3.13174e+07
76 2.24929e+07
57 1.70354e+07
114 2.90282e+07
117 3.03044e+07
142 3.45586e+07
101 2.63489e+07
116 3.02868e+07
Thế hệ thứ: 45
116 3.02868e+07
145 3.55553e+07
151 3.68713e+07
170 4.32824e+07
160 3.9323e+07
104 2.70783e+07
172 4.40393e+07
150 3.64158e+07
147 3.63802e+07
92 2.55017e+07
168 4.27865e+07
157 3.73631e+07
138 3.40055e+07
62 1.94389e+07
159 3.80776e+07
63 1.95506e+07
74 2.20314e+07
161 4.15228e+07
101 2.63489e+07
118 3.10524e+07
139 3.41835e+07
162 4.15774e+07
129 3.2067e+07
108 2.80907e+07
163 4.16061e+07
60 1.91498e+07
113 2.85573e+07
117 3.03044e+07
142 3.45586e+07
173 4.41911e+07
165 4.17905e+07
72 2.18247e+07
133 3.37413e+07
86 2.51303e+07
167 4.2227e+07
140 3.42641e+07
95 2.59092e+07
57 1.70354e+07
114 2.90282e+07
132 3.25426e+07
76 2.24929e+07
84 2.33633e+07
71 2.05895e+07
128 3.13174e+07
175 4.77504e+07
67 2.02395e+07
122 3.11539e+07
158 3.77413e+07
Thế hệ thứ: 46
151 3.68713e+07
145 3.55553e+07
170 4.32824e+07
160 3.9323e+07
104 2.70783e+07
116 3.02868e+07
172 4.40393e+07
150 3.64158e+07
92 2.55017e+07
147 3.63802e+07
138 3.40055e+07
62 1.94389e+07
157 3.73631e+07
168 4.27865e+07
63 1.95506e+07
159 3.80776e+07
161 4.15228e+07
74 2.20314e+07
101 2.63489e+07
118 3.10524e+07
139 3.41835e+07
140 3.42641e+07
167 4.2227e+07
158 3.77413e+07
122 3.11539e+07
129 3.2067e+07
162 4.15774e+07
108 2.80907e+07
67 2.02395e+07
175 4.77504e+07
132 3.25426e+07
60 1.91498e+07
163 4.16061e+07
113 2.85573e+07
84 2.33633e+07
117 3.03044e+07
142 3.45586e+07
173 4.41911e+07
165 4.17905e+07
72 2.18247e+07
76 2.24929e+07
133 3.37413e+07
86 2.51303e+07
128 3.13174e+07
71 2.05895e+07
95 2.59092e+07
114 2.90282e+07
57 1.70354e+07
174 4.6485e+07
Thế hệ thứ: 47
116 3.02868e+07
133 3.37413e+07
145 3.55553e+07
151 3.68713e+07
170 4.32824e+07
160 3.9323e+07
104 2.70783e+07
172 4.40393e+07
86 2.51303e+07
150 3.64158e+07
147 3.63802e+07
92 2.55017e+07
168 4.27865e+07
157 3.73631e+07
138 3.40055e+07
62 1.94389e+07
128 3.13174e+07
159 3.80776e+07
63 1.95506e+07
74 2.20314e+07
161 4.15228e+07
71 2.05895e+07
101 2.63489e+07
118 3.10524e+07
139 3.41835e+07
158 3.77413e+07
167 4.2227e+07
140 3.42641e+07
95 2.59092e+07
122 3.11539e+07
162 4.15774e+07
129 3.2067e+07
108 2.80907e+07
67 2.02395e+07
175 4.77504e+07
132 3.25426e+07
57 1.70354e+07
114 2.90282e+07
163 4.16061e+07
60 1.91498e+07
113 2.85573e+07
84 2.33633e+07
142 3.45586e+07
117 3.03044e+07
174 4.6485e+07
173 4.41911e+07
165 4.17905e+07
72 2.18247e+07
76 2.24929e+07
Thế hệ thứ: 48
104 2.70783e+07
151 3.68713e+07
145 3.55553e+07
170 4.32824e+07
160 3.9323e+07
133 3.37413e+07
116 3.02868e+07
57 1.70354e+07
114 2.90282e+07
172 4.40393e+07
86 2.51303e+07
60 1.91498e+07
163 4.16061e+07
63 1.95506e+07
159 3.80776e+07
150 3.64158e+07
92 2.55017e+07
147 3.63802e+07
138 3.40055e+07
62 1.94389e+07
157 3.73631e+07
168 4.27865e+07
113 2.85573e+07
84 2.33633e+07
128 3.13174e+07
117 3.03044e+07
142 3.45586e+07
161 4.15228e+07
74 2.20314e+07
71 2.05895e+07
101 2.63489e+07
118 3.10524e+07
139 3.41835e+07
140 3.42641e+07
167 4.2227e+07
158 3.77413e+07
95 2.59092e+07
174 4.6485e+07
122 3.11539e+07
173 4.41911e+07
129 3.2067e+07
162 4.15774e+07
165 4.17905e+07
72 2.18247e+07
108 2.80907e+07
76 2.24929e+07
67 2.02395e+07
175 4.77504e+07
132 3.25426e+07
137 3.37934e+07
Thế hệ thứ: 49
163 4.16061e+07
60 1.91498e+07
116 3.02868e+07
133 3.37413e+07
104 2.70783e+07
145 3.55553e+07
151 3.68713e+07
170 4.32824e+07
160 3.9323e+07
114 2.90282e+07
57 1.70354e+07
172 4.40393e+07
86 2.51303e+07
157 3.73631e+07
138 3.40055e+07
62 1.94389e+07
168 4.27865e+07
159 3.80776e+07
63 1.95506e+07
150 3.64158e+07
165 4.17905e+07
72 2.18247e+07
147 3.63802e+07
92 2.55017e+07
108 2.80907e+07
76 2.24929e+07
113 2.85573e+07
67 2.02395e+07
175 4.77504e+07
84 2.33633e+07
128 3.13174e+07
142 3.45586e+07
117 3.03044e+07
74 2.20314e+07
161 4.15228e+07
71 2.05895e+07
101 2.63489e+07
118 3.10524e+07
139 3.41835e+07
158 3.77413e+07
167 4.2227e+07
140 3.42641e+07
132 3.25426e+07
95 2.59092e+07
174 4.6485e+07
122 3.11539e+07
137 3.37934e+07
173 4.41911e+07
162 4.15774e+07
129 3.2067e+07

