Thế hệ thứ: 0
99 7.6569e+06
96 6.86746e+06
89 4.04844e+06
95 5.99898e+06
94 5.33989e+06
100 8.60688e+06
93 4.75725e+06
Thế hệ thứ: 1
95 5.99898e+06
93 4.75725e+06
89 4.04844e+06
99 7.28996e+06
94 5.31257e+06
71 3.8266e+06
44 2.84587e+06
96 6.86391e+06
100 7.72098e+06
Thế hệ thứ: 2
71 3.8266e+06
94 5.31257e+06
93 4.75725e+06
89 4.04844e+06
44 2.84587e+06
98 5.89637e+06
46 3.20279e+06
47 3.30166e+06
100 7.24631e+06
Thế hệ thứ: 3
100 7.24631e+06
89 4.04844e+06
44 2.84587e+06
58 3.29109e+06
98 5.89637e+06
93 4.75725e+06
66 3.44257e+06
36 2.78538e+06
46 2.86998e+06
49 3.25904e+06
80 3.80133e+06
97 4.87316e+06
99 6.72715e+06
Thế hệ thứ: 4
97 4.87316e+06
36 2.78538e+06
44 2.84587e+06
46 2.86998e+06
89 4.04844e+06
49 3.25904e+06
58 3.29109e+06
66 3.44257e+06
98 5.89637e+06
93 4.75725e+06
80 3.80133e+06
85 3.94795e+06
100 6.23564e+06
61 3.38049e+06
Thế hệ thứ: 5
89 4.04844e+06
46 2.86998e+06
44 2.84587e+06
100 6.23564e+06
36 2.78538e+06
97 4.87316e+06
51 2.94518e+06
85 3.94795e+06
58 3.29109e+06
66 3.44257e+06
98 5.89637e+06
93 4.75725e+06
80 3.80133e+06
61 3.38049e+06
57 3.19402e+06
Thế hệ thứ: 6
90 4.39647e+06
51 2.94518e+06
85 3.94795e+06
46 2.86998e+06
44 2.84587e+06
89 4.04844e+06
36 2.78538e+06
100 6.23564e+06
61 3.38049e+06
97 4.87316e+06
58 3.29109e+06
57 3.19402e+06
66 3.44257e+06
98 5.89637e+06
80 3.80133e+06
81 3.80302e+06
93 4.72013e+06
Thế hệ thứ: 7
90 4.39647e+06
51 2.94518e+06
85 3.94795e+06
61 3.38049e+06
97 4.87316e+06
44 2.84587e+06
46 2.86998e+06
93 4.72013e+06
57 3.19402e+06
89 4.04844e+06
58 3.29109e+06
36 2.78538e+06
100 6.23564e+06
66 3.44257e+06
98 5.89637e+06
81 3.58931e+06
Thế hệ thứ: 8
90 4.39647e+06
85 3.94795e+06
61 3.38049e+06
36 2.78538e+06
97 4.87316e+06
44 2.84587e+06
46 2.86998e+06
93 4.72013e+06
98 5.89637e+06
100 6.23564e+06
81 3.58931e+06
66 3.44257e+06
57 2.92497e+06
89 4.04844e+06
58 3.12968e+06
Thế hệ thứ: 9
81 3.58931e+06
61 3.38049e+06
57 2.92497e+06
93 4.72013e+06
90 4.39647e+06
58 3.12968e+06
85 3.94795e+06
36 2.78538e+06
98 5.89637e+06
89 4.04844e+06
44 2.84587e+06
46 2.86998e+06
66 3.44257e+06
100 6.23564e+06
35 2.76653e+06
97 4.87316e+06
Thế hệ thứ: 10
98 5.89637e+06
97 4.87316e+06
100 6.23564e+06
81 3.58931e+06
57 2.92497e+06
61 3.38049e+06
93 4.72013e+06
85 3.94795e+06
58 3.12968e+06
90 4.39647e+06
36 2.78538e+06
44 2.84587e+06
46 2.86998e+06
35 2.76653e+06
89 4.04844e+06
99 6.18719e+06
67 3.41406e+06
Thế hệ thứ: 11
90 4.39647e+06
85 3.94795e+06
98 5.89637e+06
89 4.04844e+06
67 3.41406e+06
81 3.58931e+06
100 6.23564e+06
57 2.92497e+06
93 4.72013e+06
99 6.18719e+06
66 3.12772e+06
50 2.53145e+06
97 4.86869e+06
91 4.66431e+06
Thế hệ thứ: 12
57 2.92497e+06
50 2.53145e+06
90 4.39647e+06
85 3.94795e+06
66 3.12772e+06
81 3.58931e+06
67 3.41406e+06
89 4.04844e+06
97 4.86869e+06
93 4.4363e+06
100 5.76728e+06
88 3.98739e+06
62 3.07623e+06
Thế hệ thứ: 13
57 2.92497e+06
66 3.12772e+06
50 2.53145e+06
90 4.39647e+06
85 3.94795e+06
100 5.76728e+06
81 3.58931e+06
89 4.04844e+06
67 3.41406e+06
97 4.86869e+06
93 4.4363e+06
88 3.98739e+06
62 3.02507e+06
Thế hệ thứ: 14
57 2.92497e+06
62 3.02507e+06
97 4.86869e+06
88 3.98739e+06
66 3.12772e+06
93 4.4363e+06
67 3.41406e+06
89 4.04844e+06
50 2.53145e+06
81 3.58931e+06
85 3.94795e+06
90 4.39647e+06
100 5.76728e+06
Thế hệ thứ: 15
100 5.76728e+06
90 4.39647e+06
85 3.94795e+06
57 2.92497e+06
88 3.98739e+06
97 4.86869e+06
62 3.02507e+06
67 3.41406e+06
89 4.04844e+06
50 2.53145e+06
81 3.58931e+06
66 3.12772e+06
93 4.4363e+06
70 3.52669e+06
65 3.08176e+06
Thế hệ thứ: 16
62 3.02507e+06
70 3.52669e+06
90 4.39647e+06
85 3.94795e+06
100 5.76728e+06
50 2.53145e+06
65 3.08176e+06
57 2.92497e+06
88 3.98739e+06
66 3.12772e+06
97 4.86869e+06
81 3.58931e+06
93 4.4363e+06
89 4.04844e+06
67 3.41406e+06
52 2.62891e+06
83 3.91644e+06
Thế hệ thứ: 17
81 3.58931e+06
89 4.04844e+06
67 3.41406e+06
97 4.86869e+06
52 2.62891e+06
83 3.91644e+06
62 3.02507e+06
70 3.52669e+06
66 3.12772e+06
85 3.94795e+06
100 5.76728e+06
50 2.53145e+06
93 4.4363e+06
65 3.08176e+06
57 2.92497e+06
88 3.98739e+06
84 3.93487e+06
90 4.3318e+06
96 4.86772e+06
Thế hệ thứ: 18
100 5.76728e+06
81 3.58931e+06
84 3.93487e+06
89 4.04844e+06
67 3.41406e+06
66 3.12772e+06
85 3.94795e+06
90 4.3318e+06
88 3.98739e+06
52 2.62891e+06
50 2.53145e+06
83 3.91644e+06
62 3.02507e+06
65 3.08176e+06
70 3.52669e+06
57 2.92497e+06
49 2.5125e+06
86 3.97973e+06
97 4.40681e+06
Thế hệ thứ: 19
100 5.76728e+06
88 3.98739e+06
62 3.02507e+06
89 4.04844e+06
97 4.40681e+06
84 3.93487e+06
81 3.58931e+06
86 3.97973e+06
57 2.92497e+06
70 3.52669e+06
66 3.12772e+06
50 2.53145e+06
52 2.62891e+06
49 2.5125e+06
65 3.08176e+06
83 3.91644e+06
85 3.94795e+06
90 4.3318e+06
80 3.56971e+06
69 3.35112e+06
75 3.56147e+06
Thế hệ thứ: 20
69 3.35112e+06
81 3.58931e+06
100 5.76728e+06
66 3.12772e+06
62 3.02507e+06
88 3.98739e+06
89 4.04844e+06
50 2.53145e+06
75 3.56147e+06
97 4.40681e+06
84 3.93487e+06
85 3.94795e+06
90 4.3318e+06
86 3.97973e+06
49 2.5125e+06
57 2.92497e+06
80 3.56971e+06
70 3.52669e+06
65 3.08176e+06
83 3.91644e+06
52 2.60261e+06
Thế hệ thứ: 21
81 3.58931e+06
69 3.35112e+06
100 5.76728e+06
85 3.94795e+06
86 3.97973e+06
52 2.60261e+06
66 3.12772e+06
49 2.5125e+06
62 3.02507e+06
97 4.40681e+06
88 3.98739e+06
65 3.08176e+06
89 4.04844e+06
50 2.53145e+06
57 2.92497e+06
75 3.56147e+06
90 4.3318e+06
84 3.93487e+06
70 3.52669e+06
80 3.56971e+06
83 3.91644e+06
Thế hệ thứ: 22
65 3.08176e+06
66 3.12772e+06
52 2.60261e+06
69 3.35112e+06
81 3.58931e+06
85 3.94795e+06
100 5.76728e+06
88 3.98739e+06
84 3.93487e+06
50 2.53145e+06
86 3.97973e+06
89 4.04844e+06
70 3.52669e+06
83 3.91644e+06
49 2.5125e+06
80 3.56971e+06
62 3.02507e+06
97 4.40681e+06
75 3.56147e+06
59 2.88013e+06
90 4.3318e+06
Thế hệ thứ: 23
66 3.12772e+06
52 2.60261e+06
65 3.08176e+06
89 4.04844e+06
90 4.3318e+06
59 2.88013e+06
69 3.35112e+06
81 3.58931e+06
83 3.91644e+06
85 3.94795e+06
86 3.97973e+06
100 5.76728e+06
80 3.56971e+06
88 3.98739e+06
49 2.5125e+06
62 3.02507e+06
84 3.93487e+06
97 4.40681e+06
50 2.53145e+06
74 3.45001e+06
75 3.47851e+06
Thế hệ thứ: 24
65 3.08176e+06
66 3.12772e+06
52 2.60261e+06
86 3.97973e+06
85 3.94795e+06
89 4.04844e+06
90 4.3318e+06
62 3.02507e+06
84 3.93487e+06
100 5.76728e+06
59 2.88013e+06
97 4.40681e+06
81 3.58931e+06
88 3.98739e+06
83 3.91644e+06
49 2.5125e+06
50 2.53145e+06
80 3.24181e+06
Thế hệ thứ: 25
86 3.97973e+06
49 2.5125e+06
66 3.12772e+06
52 2.60261e+06
65 3.08176e+06
62 3.02507e+06
83 3.91644e+06
59 2.88013e+06
85 3.94795e+06
97 4.40681e+06
89 4.04844e+06
90 4.3318e+06
81 3.58931e+06
50 2.53145e+06
80 3.24181e+06
84 3.93487e+06
100 5.76728e+06
88 3.98739e+06
60 2.93139e+06
Thế hệ thứ: 26
65 3.08176e+06
66 3.12772e+06
52 2.60261e+06
49 2.5125e+06
86 3.97973e+06
80 3.24181e+06
84 3.93487e+06
90 4.3318e+06
62 3.02507e+06
83 3.91644e+06
59 2.88013e+06
81 3.58931e+06
85 3.94795e+06
50 2.53145e+06
97 4.40681e+06
60 2.93139e+06
88 3.98739e+06
89 4.04844e+06
82 3.6241e+06
99 5.07264e+06
100 5.52016e+06
Thế hệ thứ: 27
50 2.53145e+06
97 4.40681e+06
49 2.5125e+06
66 3.12772e+06
52 2.60261e+06
65 3.08176e+06
81 3.58931e+06
80 3.24181e+06
99 5.07264e+06
60 2.93139e+06
100 5.52016e+06
90 4.3318e+06
89 4.04844e+06
62 3.02507e+06
82 3.6241e+06
88 3.98739e+06
59 2.88013e+06
86 3.88697e+06
Thế hệ thứ: 28
97 4.40681e+06
50 2.53145e+06
65 3.08176e+06
52 2.60261e+06
49 2.5125e+06
60 2.93139e+06
81 3.58931e+06
100 5.52016e+06
86 3.88697e+06
90 4.3318e+06
82 3.6241e+06
89 4.04844e+06
88 3.98739e+06
80 3.24181e+06
99 5.07264e+06
62 3.02507e+06
59 2.88013e+06
61 3.01046e+06
84 3.67465e+06
54 2.71066e+06
66 3.12405e+06
Thế hệ thứ: 29
50 2.53145e+06
97 4.40681e+06
80 3.24181e+06
49 2.5125e+06
54 2.71066e+06
52 2.60261e+06
66 3.12405e+06
88 3.98739e+06
60 2.93139e+06
59 2.88013e+06
81 3.58931e+06
100 5.52016e+06
99 5.07264e+06
84 3.67465e+06
82 3.6241e+06
89 4.04844e+06
61 3.01046e+06
91 4.26478e+06
51 2.59674e+06
65 3.05976e+06
86 3.69779e+06
85 3.68199e+06
62 3.02507e+06
Thế hệ thứ: 30
97 4.40681e+06
50 2.53145e+06
52 2.60261e+06
54 2.71066e+06
49 2.5125e+06
80 3.24181e+06
51 2.59674e+06
91 4.26478e+06
82 3.6241e+06
84 3.67465e+06
89 4.04844e+06
61 3.01046e+06
65 3.05976e+06
66 3.12405e+06
62 3.02507e+06
88 3.98739e+06
85 3.68199e+06
81 3.58931e+06
60 2.93139e+06
86 3.69779e+06
59 2.88013e+06
100 5.52016e+06
99 5.07264e+06
Thế hệ thứ: 31
50 2.53145e+06
97 4.40681e+06
59 2.88013e+06
100 5.52016e+06
49 2.5125e+06
52 2.60261e+06
54 2.71066e+06
80 3.24181e+06
64 3.01957e+06
51 2.59674e+06
88 3.98739e+06
66 3.12405e+06
85 3.68199e+06
82 3.6241e+06
84 3.67465e+06
89 4.04844e+06
61 3.01046e+06
60 2.93139e+06
65 3.05976e+06
86 3.69779e+06
99 4.72828e+06
67 3.13095e+06
81 3.30675e+06
91 4.26478e+06
Thế hệ thứ: 32
54 2.71066e+06
52 2.60261e+06
97 4.40681e+06
50 2.53145e+06
81 3.30675e+06
85 3.68199e+06
59 2.88013e+06
60 2.93139e+06
82 3.6241e+06
100 5.52016e+06
49 2.5125e+06
86 3.69779e+06
91 4.26478e+06
99 4.72828e+06
84 3.67465e+06
89 4.04844e+06
80 3.24181e+06
64 3.01957e+06
51 2.59674e+06
88 3.98739e+06
61 3.00612e+06
67 3.02812e+06
68 3.07214e+06
Thế hệ thứ: 33
81 3.30675e+06
97 4.40681e+06
99 4.72828e+06
91 4.26478e+06
50 2.53145e+06
100 5.52016e+06
49 2.5125e+06
54 2.71066e+06
52 2.60261e+06
67 3.02812e+06
86 3.69779e+06
59 2.88013e+06
60 2.93139e+06
68 3.07214e+06
82 3.6241e+06
84 3.67465e+06
89 4.04844e+06
80 3.24181e+06
64 3.01957e+06
51 2.59674e+06
88 3.98739e+06
61 3.00612e+06
83 3.6274e+06
85 3.68199e+06
55 2.71184e+06
71 3.11037e+06
Thế hệ thứ: 34
50 2.53145e+06
99 4.72828e+06
91 4.26478e+06
97 4.40681e+06
81 3.30675e+06
80 3.24181e+06
86 3.69779e+06
67 3.02812e+06
100 5.52016e+06
49 2.5125e+06
64 3.01957e+06
52 2.60261e+06
54 2.71066e+06
51 2.59674e+06
88 3.98739e+06
61 3.00612e+06
59 2.88013e+06
83 3.6274e+06
60 2.93139e+06
89 4.04844e+06
68 3.07214e+06
82 3.6241e+06
85 3.68199e+06
55 2.71184e+06
84 3.67465e+06
71 3.11037e+06
72 3.17838e+06
Thế hệ thứ: 35
81 3.30675e+06
89 4.04844e+06
97 4.40681e+06
99 4.72828e+06
91 4.26478e+06
50 2.53145e+06
83 3.6274e+06
60 2.93139e+06
80 3.24181e+06
82 3.6241e+06
68 3.07214e+06
67 3.02812e+06
86 3.69779e+06
72 3.17838e+06
100 5.52016e+06
49 2.5125e+06
84 3.67465e+06
64 3.01957e+06
52 2.60261e+06
71 3.11037e+06
85 3.68199e+06
51 2.59674e+06
88 3.98739e+06
61 3.00612e+06
59 2.88013e+06
56 2.6848e+06
Thế hệ thứ: 36
99 4.72828e+06
91 4.26478e+06
97 4.40681e+06
89 4.04844e+06
81 3.30675e+06
59 2.88013e+06
51 2.59674e+06
52 2.60261e+06
50 2.53145e+06
83 3.6274e+06
88 3.98739e+06
60 2.93139e+06
80 3.24181e+06
61 3.00612e+06
68 3.07214e+06
82 3.6241e+06
71 3.11037e+06
86 3.69779e+06
67 3.02812e+06
72 3.17838e+06
100 5.52016e+06
49 2.5125e+06
56 2.6848e+06
85 3.68199e+06
64 3.01957e+06
84 3.64908e+06
Thế hệ thứ: 37
81 3.30675e+06
89 4.04844e+06
97 4.40681e+06
99 4.72828e+06
91 4.26478e+06
71 3.11037e+06
59 2.88013e+06
67 3.02812e+06
86 3.69779e+06
51 2.59674e+06
100 5.52016e+06
49 2.5125e+06
82 3.6241e+06
55 2.62636e+06
68 3.07214e+06
52 2.60261e+06
50 2.53145e+06
83 3.6274e+06
88 3.98739e+06
60 2.93139e+06
80 3.24181e+06
61 3.00612e+06
56 2.6848e+06
84 3.64908e+06
85 3.68199e+06
64 3.01957e+06
72 3.17838e+06
Thế hệ thứ: 38
99 4.72828e+06
86 3.66755e+06
91 4.26478e+06
97 4.40681e+06
89 4.04844e+06
81 3.30675e+06
49 2.5125e+06
68 3.07214e+06
55 2.62636e+06
82 3.6241e+06
84 3.64908e+06
72 3.17838e+06
71 3.11037e+06
64 3.01957e+06
59 2.88013e+06
52 2.60261e+06
50 2.53145e+06
83 3.6274e+06
67 3.02812e+06
88 3.98739e+06
51 2.59674e+06
60 2.93139e+06
80 3.24181e+06
100 5.52016e+06
56 2.62765e+06
61 3.00241e+06
Thế hệ thứ: 39
81 3.30675e+06
89 4.04844e+06
97 4.40681e+06
99 4.72828e+06
91 4.26478e+06
86 3.66755e+06
50 2.53145e+06
49 2.5125e+06
83 3.6274e+06
100 5.52016e+06
56 2.62765e+06
55 2.62636e+06
82 3.6241e+06
68 3.07214e+06
84 3.64908e+06
72 3.17838e+06
80 3.24181e+06
67 3.02812e+06
88 3.98739e+06
71 3.11037e+06
61 3.00241e+06
64 3.01957e+06
59 2.88013e+06
51 2.59674e+06
60 2.93139e+06
52 2.60261e+06
87 3.87917e+06
90 4.2577e+06
93 4.29601e+06
Thế hệ thứ: 40
50 2.53145e+06
99 4.72828e+06
86 3.66755e+06
91 4.26478e+06
97 4.40681e+06
81 3.30675e+06
60 2.93139e+06
49 2.5125e+06
83 3.6274e+06
87 3.87917e+06
100 5.52016e+06
64 3.01957e+06
68 3.07214e+06
55 2.62636e+06
82 3.6241e+06
56 2.62765e+06
84 3.64908e+06
72 3.17838e+06
80 3.24181e+06
59 2.88013e+06
67 3.02812e+06
93 4.29601e+06
52 2.60261e+06
51 2.59674e+06
71 3.11037e+06
90 4.2577e+06
61 3.00241e+06
89 3.9552e+06
Thế hệ thứ: 41
93 4.29601e+06
97 4.40681e+06
99 4.72828e+06
91 4.26478e+06
86 3.66755e+06
50 2.53145e+06
67 3.02812e+06
55 2.62421e+06
71 3.11037e+06
81 3.30675e+06
60 2.93139e+06
49 2.5125e+06
87 3.87917e+06
51 2.59674e+06
100 5.52016e+06
64 3.01957e+06
61 3.00241e+06
56 2.62765e+06
68 3.07214e+06
89 3.9552e+06
72 3.17838e+06
80 3.24181e+06
59 2.88013e+06
52 2.60261e+06
90 4.2577e+06
58 2.88012e+06
84 3.6082e+06
Thế hệ thứ: 42
50 2.53145e+06
99 4.72828e+06
86 3.66755e+06
91 4.26478e+06
97 4.40681e+06
93 4.29601e+06
68 3.07214e+06
56 2.62765e+06
84 3.6082e+06
67 3.02812e+06
71 3.11037e+06
55 2.62421e+06
59 2.88013e+06
81 3.30675e+06
60 2.93139e+06
89 3.9552e+06
58 2.88012e+06
49 2.5125e+06
90 4.2577e+06
87 3.87917e+06
72 3.17838e+06
51 2.59674e+06
52 2.60261e+06
100 5.52016e+06
64 3.01957e+06
61 3.00241e+06
80 3.24181e+06
83 3.59539e+06
Thế hệ thứ: 43
58 2.88012e+06
68 3.07214e+06
56 2.62765e+06
97 4.40681e+06
99 4.72828e+06
91 4.26478e+06
86 3.66755e+06
50 2.53145e+06
83 3.59539e+06
93 4.29601e+06
61 3.00241e+06
49 2.5125e+06
60 2.93139e+06
80 3.24181e+06
84 3.6082e+06
67 3.02812e+06
90 4.2577e+06
55 2.62421e+06
71 3.11037e+06
87 3.87917e+06
59 2.88013e+06
72 3.17838e+06
100 5.52016e+06
81 3.30675e+06
51 2.59674e+06
64 3.01957e+06
89 3.9552e+06
52 2.60261e+06
66 3.02749e+06
Thế hệ thứ: 44
97 4.40681e+06
99 4.72828e+06
86 3.66755e+06
91 4.26478e+06
100 5.52016e+06
68 3.07214e+06
56 2.62765e+06
90 4.2577e+06
71 3.11037e+06
81 3.30675e+06
66 3.02749e+06
52 2.60261e+06
50 2.53145e+06
89 3.9552e+06
83 3.59539e+06
93 4.29601e+06
61 3.00241e+06
87 3.87917e+06
59 2.88013e+06
49 2.5125e+06
60 2.93139e+06
80 3.24181e+06
51 2.59674e+06
72 3.17838e+06
84 3.6082e+06
67 3.02812e+06
64 3.01957e+06
55 2.6201e+06
58 2.87853e+06
Thế hệ thứ: 45
93 4.29601e+06
99 4.72828e+06
91 4.26478e+06
86 3.66755e+06
97 4.40681e+06
89 3.9552e+06
83 3.59539e+06
100 5.52016e+06
61 3.00241e+06
51 2.59674e+06
87 3.87917e+06
56 2.62765e+06
68 3.07214e+06
59 2.88013e+06
67 3.02812e+06
84 3.6082e+06
72 3.17838e+06
49 2.5125e+06
90 4.2577e+06
58 2.87853e+06
55 2.6201e+06
81 3.30675e+06
66 3.02749e+06
60 2.93139e+06
52 2.60261e+06
50 2.53145e+06
80 3.24181e+06
64 3.01957e+06
71 3.08014e+06
Thế hệ thứ: 46
99 4.72828e+06
86 3.66755e+06
91 4.26478e+06
93 4.29601e+06
97 4.40681e+06
64 3.01957e+06
67 3.02812e+06
72 3.17838e+06
68 3.07214e+06
56 2.62765e+06
89 3.9552e+06
83 3.59539e+06
52 2.60261e+06
80 3.24181e+06
59 2.88013e+06
100 5.52016e+06
61 3.00241e+06
51 2.59674e+06
84 3.6082e+06
87 3.87917e+06
49 2.5125e+06
90 4.2577e+06
58 2.87853e+06
55 2.6201e+06
71 3.08014e+06
81 3.30675e+06
66 3.02749e+06
60 2.93139e+06
50 2.53145e+06
Thế hệ thứ: 47
97 4.40681e+06
93 4.29601e+06
99 4.72828e+06
91 4.26478e+06
86 3.66755e+06
90 4.2577e+06
51 2.59674e+06
64 3.01957e+06
67 3.02812e+06
50 2.53145e+06
72 3.17838e+06
84 3.6082e+06
56 2.62765e+06
68 3.07214e+06
58 2.87853e+06
87 3.87917e+06
89 3.9552e+06
83 3.59539e+06
55 2.6201e+06
81 3.30675e+06
71 3.08014e+06
52 2.60261e+06
49 2.5125e+06
80 3.24181e+06
59 2.88013e+06
66 3.02749e+06
100 5.52016e+06
60 2.93139e+06
61 3.00241e+06
Thế hệ thứ: 48
99 4.72828e+06
91 4.26478e+06
86 3.66755e+06
93 4.29601e+06
97 4.40681e+06
55 2.6201e+06
89 3.9552e+06
59 2.88013e+06
83 3.59539e+06
71 3.08014e+06
81 3.30675e+06
90 4.2577e+06
51 2.59674e+06
66 3.02749e+06
64 3.01957e+06
67 3.02812e+06
52 2.60261e+06
50 2.53145e+06
60 2.93139e+06
72 3.17838e+06
61 3.00241e+06
49 2.5125e+06
84 3.6082e+06
100 5.52016e+06
68 3.07214e+06
56 2.62765e+06
58 2.87853e+06
87 3.87917e+06
80 3.24181e+06
85 3.64188e+06
Thế hệ thứ: 49
97 4.40681e+06
93 4.29601e+06
99 4.72828e+06
86 3.66755e+06
91 4.26478e+06
87 3.87917e+06
72 3.17838e+06
61 3.00241e+06
55 2.6201e+06
80 3.24181e+06
89 3.9552e+06
59 2.88013e+06
83 3.59539e+06
56 2.62765e+06
68 3.07214e+06
81 3.30675e+06
71 3.08014e+06
49 2.5125e+06
51 2.59674e+06
66 3.02749e+06
85 3.64188e+06
64 3.01957e+06
67 3.02812e+06
84 3.6082e+06
52 2.60261e+06
58 2.87853e+06
50 2.53145e+06
100 5.52016e+06
60 2.93139e+06
90 4.23794e+06
