Thế hệ thứ: 0
167 7.20859e+06
168 7.22136e+06
134 6.76411e+06
164 7.18997e+06
200 1.5233e+07
123 4.78031e+06
196 1.06418e+07
178 7.94606e+06
159 6.79372e+06
189 9.06191e+06
199 1.43988e+07
197 1.33285e+07
Thế hệ thứ: 1
123 4.78031e+06
199 8.12217e+06
200 1.46614e+07
100 4.1233e+06
171 6.74575e+06
178 7.57121e+06
158 5.80234e+06
111 4.75592e+06
189 7.72416e+06
Thế hệ thứ: 2
123 4.78031e+06
178 7.57121e+06
199 8.12217e+06
158 5.80234e+06
171 6.74575e+06
189 7.72416e+06
153 5.69285e+06
120 4.08613e+06
200 1.19741e+07
65 4.00237e+06
Thế hệ thứ: 3
158 5.80234e+06
199 8.12217e+06
120 4.08613e+06
123 4.78031e+06
153 5.69285e+06
171 6.74575e+06
178 7.57121e+06
189 7.72416e+06
97 3.9117e+06
200 1.08412e+07
Thế hệ thứ: 4
97 3.9117e+06
200 1.08412e+07
199 8.12217e+06
153 5.69285e+06
120 4.08613e+06
158 5.80234e+06
189 7.72416e+06
98 4.0188e+06
180 7.44592e+06
182 7.52683e+06
127 4.10745e+06
136 5.52982e+06
-1 3.18574e+06
171 6.21414e+06
Thế hệ thứ: 5
136 5.52982e+06
200 1.08412e+07
199 8.12217e+06
171 6.21414e+06
127 4.10745e+06
180 7.44592e+06
189 7.72416e+06
158 5.80234e+06
120 4.08613e+06
153 5.69285e+06
182 7.52683e+06
63 3.11945e+06
101 3.80835e+06
129 5.11473e+06
190 7.88559e+06
172 7.0076e+06
99 3.55509e+06
Thế hệ thứ: 6
99 3.55509e+06
200 1.08412e+07
63 3.11945e+06
199 8.12217e+06
171 6.21414e+06
120 4.08613e+06
101 3.80835e+06
127 4.10745e+06
158 5.80234e+06
153 5.69285e+06
190 7.88559e+06
189 7.72416e+06
164 5.93464e+06
183 6.79282e+06
66 3.32922e+06
149 5.48456e+06
132 4.1612e+06
134 5.22232e+06
Thế hệ thứ: 7
66 3.32922e+06
134 5.22232e+06
99 3.55509e+06
200 1.08412e+07
183 6.79282e+06
63 3.11945e+06
199 8.12217e+06
171 6.21414e+06
120 4.08613e+06
101 3.80835e+06
149 5.48456e+06
132 4.1612e+06
164 5.93464e+06
158 5.80234e+06
153 5.69285e+06
127 4.10745e+06
67 3.33043e+06
110 4.00434e+06
191 7.51928e+06
Thế hệ thứ: 8
200 1.08412e+07
191 7.51928e+06
66 3.32922e+06
99 3.55509e+06
183 6.79282e+06
63 3.11945e+06
199 8.12217e+06
67 3.33043e+06
171 6.21414e+06
149 5.48456e+06
132 4.1612e+06
110 4.00434e+06
164 5.93464e+06
101 3.80835e+06
120 4.08613e+06
158 5.80234e+06
153 5.69285e+06
127 4.10745e+06
50 3.0296e+06
134 5.12323e+06
Thế hệ thứ: 9
191 7.51928e+06
99 3.55509e+06
134 5.12323e+06
183 6.79282e+06
50 3.0296e+06
199 8.12217e+06
67 3.33043e+06
171 6.21414e+06
149 5.48456e+06
132 4.1612e+06
110 4.00434e+06
63 3.11945e+06
164 5.93464e+06
101 3.80835e+06
120 4.08613e+06
158 5.80234e+06
153 5.69285e+06
127 4.10745e+06
200 9.585e+06
182 6.45307e+06
66 3.32109e+06
71 3.44001e+06
Thế hệ thứ: 10
132 4.1612e+06
200 9.585e+06
141 4.68128e+06
183 6.79282e+06
50 3.0296e+06
199 8.12217e+06
99 3.55509e+06
191 7.51928e+06
71 3.44001e+06
66 3.32109e+06
149 5.48456e+06
171 6.21414e+06
110 4.00434e+06
182 6.45307e+06
63 3.11945e+06
164 5.93464e+06
120 4.08613e+06
158 5.80234e+06
153 5.69285e+06
127 4.10745e+06
177 6.3633e+06
193 7.68848e+06
102 3.61748e+06
67 3.32901e+06
Thế hệ thứ: 11
132 4.1612e+06
200 9.585e+06
141 4.68128e+06
50 3.0296e+06
66 3.32109e+06
149 5.48456e+06
199 8.12217e+06
71 3.44001e+06
99 3.55509e+06
191 7.51928e+06
110 4.00434e+06
171 6.21414e+06
63 3.11945e+06
164 5.93464e+06
193 7.68848e+06
102 3.61748e+06
120 4.08613e+06
158 5.80234e+06
177 6.3633e+06
153 5.69285e+06
182 6.45307e+06
127 4.10745e+06
67 3.32901e+06
155 5.72478e+06
186 6.69238e+06
Thế hệ thứ: 12
132 4.1612e+06
200 9.585e+06
141 4.68128e+06
50 3.0296e+06
149 5.48456e+06
199 8.12217e+06
191 7.51928e+06
186 6.69238e+06
99 3.55509e+06
110 4.00434e+06
63 3.11945e+06
193 7.68848e+06
102 3.61748e+06
120 4.08613e+06
182 6.45307e+06
158 5.80234e+06
127 4.10745e+06
153 5.69285e+06
189 6.71284e+06
155 5.72478e+06
135 4.4489e+06
75 3.29828e+06
77 3.53922e+06
181 5.87128e+06
105 3.72858e+06
Thế hệ thứ: 13
200 9.585e+06
132 4.1612e+06
141 4.68128e+06
63 3.11945e+06
50 3.0296e+06
149 5.48456e+06
199 8.12217e+06
181 5.87128e+06
186 6.69238e+06
191 7.51928e+06
155 5.72478e+06
189 6.71284e+06
193 7.68848e+06
135 4.4489e+06
120 4.08613e+06
127 4.10745e+06
153 5.69285e+06
60 3.0614e+06
158 5.72969e+06
113 3.43722e+06
198 7.83754e+06
183 6.02715e+06
80 3.18569e+06
Thế hệ thứ: 14
132 4.1612e+06
50 3.0296e+06
113 3.43722e+06
181 5.87128e+06
80 3.18569e+06
141 4.61579e+06
149 5.48456e+06
199 8.12217e+06
158 5.72969e+06
120 4.08613e+06
186 6.69238e+06
191 7.51928e+06
155 5.72478e+06
189 6.71284e+06
183 6.02715e+06
63 3.11945e+06
135 4.4489e+06
198 7.83754e+06
60 3.0614e+06
193 7.68848e+06
127 4.10745e+06
153 5.69285e+06
118 3.52071e+06
200 9.45464e+06
Thế hệ thứ: 15
50 3.0296e+06
181 5.87128e+06
80 3.18569e+06
113 3.43722e+06
141 4.61579e+06
149 5.48456e+06
158 5.72969e+06
186 6.69238e+06
191 7.51928e+06
155 5.72478e+06
189 6.71284e+06
183 6.02715e+06
63 3.11945e+06
120 4.08613e+06
118 3.52071e+06
135 4.4489e+06
198 7.83754e+06
132 4.1612e+06
60 3.0614e+06
193 7.68848e+06
127 4.10745e+06
153 5.69285e+06
81 3.3439e+06
136 4.46196e+06
157 5.72914e+06
200 7.98388e+06
Thế hệ thứ: 16
50 3.0296e+06
200 7.98388e+06
113 3.43722e+06
81 3.3439e+06
186 6.69238e+06
191 7.51928e+06
181 5.87128e+06
189 6.71284e+06
183 6.02715e+06
120 4.08613e+06
118 3.52071e+06
80 3.18569e+06
63 3.11945e+06
132 4.1612e+06
193 7.68848e+06
198 7.83754e+06
60 3.0614e+06
127 4.10745e+06
135 4.4489e+06
136 4.46196e+06
93 3.42475e+06
156 4.54951e+06
169 5.35575e+06
81 3.3439e+06
Thế hệ thứ: 17
169 5.35575e+06
50 3.0296e+06
93 3.42475e+06
200 7.98388e+06
156 4.54951e+06
186 6.69238e+06
191 7.51928e+06
181 5.87128e+06
189 6.71284e+06
183 6.02715e+06
113 3.43722e+06
120 4.08613e+06
118 3.52071e+06
80 3.18569e+06
136 4.46196e+06
63 3.11945e+06
132 4.1612e+06
193 7.68848e+06
198 7.83754e+06
60 3.0614e+06
81 3.3439e+06
127 4.10745e+06
135 4.4489e+06
81 3.3439e+06
148 4.51175e+06
Thế hệ thứ: 18
169 5.35575e+06
93 3.42475e+06
200 7.98388e+06
156 4.54951e+06
186 6.69238e+06
181 5.87128e+06
189 6.71284e+06
183 6.02715e+06
113 3.43722e+06
120 4.08613e+06
118 3.52071e+06
80 3.18569e+06
63 3.11945e+06
148 4.51175e+06
132 4.1612e+06
198 7.83754e+06
60 3.0614e+06
136 4.46196e+06
81 3.3439e+06
127 4.10745e+06
194 6.77537e+06
135 4.4489e+06
81 3.3439e+06
57 2.98918e+06
82 3.34393e+06
Thế hệ thứ: 19
93 3.42475e+06
200 7.98388e+06
57 2.98918e+06
169 5.35575e+06
156 4.54951e+06
181 5.87128e+06
135 4.4489e+06
194 6.77537e+06
198 7.83754e+06
183 6.02715e+06
113 3.43722e+06
186 6.69238e+06
118 3.52071e+06
80 3.18569e+06
63 3.11945e+06
148 4.51175e+06
132 4.1612e+06
136 4.46196e+06
195 7.78385e+06
82 3.34393e+06
127 4.10745e+06
189 6.71284e+06
60 3.0614e+06
81 3.3439e+06
81 3.3439e+06
124 3.91489e+06
Thế hệ thứ: 20
93 3.42475e+06
200 7.98388e+06
169 5.35575e+06
156 4.54951e+06
181 5.87128e+06
194 6.77537e+06
82 3.34393e+06
195 7.78385e+06
183 6.02715e+06
113 3.43722e+06
63 3.11945e+06
186 6.69238e+06
118 3.52071e+06
80 3.18569e+06
148 4.51175e+06
132 4.1612e+06
127 4.10745e+06
198 7.83754e+06
189 6.71284e+06
60 3.0614e+06
81 3.3439e+06
81 3.3439e+06
57 2.96154e+06
145 4.30965e+06
121 3.89838e+06
117 3.52067e+06
125 3.90694e+06
59 2.9899e+06
Thế hệ thứ: 21
93 3.42475e+06
200 7.98388e+06
181 5.87128e+06
194 6.77537e+06
57 2.96154e+06
169 5.35575e+06
156 4.54951e+06
82 3.34393e+06
195 7.78385e+06
183 6.02715e+06
113 3.43722e+06
145 4.30965e+06
186 6.69238e+06
80 3.18569e+06
132 4.1612e+06
125 3.90694e+06
63 3.11945e+06
121 3.89838e+06
148 4.51175e+06
118 3.52071e+06
127 4.10745e+06
59 2.9899e+06
198 7.83754e+06
189 6.71284e+06
60 3.0614e+06
117 3.52067e+06
81 3.3439e+06
81 3.3439e+06
174 5.56409e+06
66 3.18437e+06
175 5.71608e+06
Thế hệ thứ: 22
93 3.42475e+06
200 7.98388e+06
194 6.77537e+06
156 4.54951e+06
82 3.34393e+06
195 7.78385e+06
183 6.02715e+06
113 3.43722e+06
145 4.30965e+06
186 6.69238e+06
132 4.1612e+06
66 3.18437e+06
80 3.18569e+06
121 3.89838e+06
148 4.51175e+06
181 5.87128e+06
81 3.3439e+06
174 5.56409e+06
175 5.71608e+06
118 3.52071e+06
63 3.11945e+06
125 3.90694e+06
198 7.83754e+06
189 6.71284e+06
60 3.0614e+06
117 3.52067e+06
81 3.3439e+06
59 2.95372e+06
127 3.91495e+06
172 5.27174e+06
Thế hệ thứ: 23
93 3.42475e+06
200 7.98388e+06
59 2.95372e+06
194 6.77537e+06
172 5.27174e+06
156 4.54951e+06
82 3.34393e+06
195 7.78385e+06
132 4.1612e+06
183 6.02715e+06
113 3.43722e+06
145 4.30965e+06
186 6.69238e+06
66 3.18437e+06
80 3.18569e+06
121 3.89838e+06
148 4.51175e+06
181 5.87128e+06
175 5.71608e+06
81 3.3439e+06
174 5.56409e+06
118 3.52071e+06
127 3.91495e+06
198 7.83754e+06
189 6.71284e+06
125 3.90694e+06
63 3.11945e+06
60 3.0614e+06
117 3.52067e+06
81 3.3439e+06
120 3.84327e+06
Thế hệ thứ: 24
93 3.42475e+06
200 7.98388e+06
194 6.77537e+06
59 2.95372e+06
172 5.27174e+06
156 4.54951e+06
82 3.34393e+06
195 7.78385e+06
82 3.34393e+06
132 4.1612e+06
183 6.02715e+06
113 3.43722e+06
145 4.30965e+06
186 6.69238e+06
66 3.18437e+06
80 3.18569e+06
148 4.51175e+06
181 5.87128e+06
175 5.71608e+06
81 3.3439e+06
174 5.56409e+06
127 3.91495e+06
120 3.84327e+06
118 3.52071e+06
198 7.83754e+06
189 6.71284e+06
125 3.90694e+06
63 3.11945e+06
117 3.52067e+06
121 3.89838e+06
81 3.3439e+06
60 3.04467e+06
173 5.27792e+06
Thế hệ thứ: 25
200 7.98388e+06
59 2.95372e+06
194 6.77537e+06
156 4.54951e+06
172 5.27174e+06
93 3.22915e+06
195 7.78385e+06
132 4.1612e+06
183 6.02715e+06
113 3.43722e+06
145 4.30965e+06
186 6.69238e+06
80 3.18569e+06
117 3.52061e+06
148 4.51175e+06
181 5.87128e+06
175 5.71608e+06
174 5.56409e+06
127 3.91495e+06
120 3.84327e+06
60 3.04467e+06
118 3.52071e+06
198 7.83754e+06
189 6.71284e+06
173 5.27792e+06
125 3.90694e+06
63 3.11945e+06
121 3.89838e+06
67 3.12389e+06
Thế hệ thứ: 26
200 7.98388e+06
59 2.95372e+06
194 6.77537e+06
156 4.54951e+06
113 3.43722e+06
93 3.22915e+06
195 7.78385e+06
172 5.27174e+06
132 4.1612e+06
80 3.18569e+06
183 6.02715e+06
120 3.84327e+06
67 3.12389e+06
117 3.52061e+06
148 4.51175e+06
181 5.87128e+06
175 5.71608e+06
174 5.56409e+06
127 3.91495e+06
60 3.04467e+06
118 3.52071e+06
198 7.83754e+06
173 5.27792e+06
125 3.90694e+06
63 3.11945e+06
121 3.89838e+06
193 6.63752e+06
145 4.29038e+06
Thế hệ thứ: 27
200 7.98388e+06
59 2.95372e+06
194 6.77537e+06
156 4.54951e+06
93 3.22915e+06
195 7.78385e+06
172 5.27174e+06
183 6.02715e+06
113 3.43722e+06
193 6.63752e+06
80 3.18569e+06
132 4.1612e+06
145 4.29038e+06
120 3.84327e+06
67 3.12389e+06
117 3.52061e+06
148 4.51175e+06
181 5.87128e+06
175 5.71608e+06
174 5.56409e+06
127 3.91495e+06
60 3.04467e+06
118 3.52071e+06
198 7.83754e+06
173 5.27792e+06
125 3.90694e+06
63 3.11945e+06
121 3.89838e+06
116 3.48686e+06
Thế hệ thứ: 28
200 7.98388e+06
92 3.22491e+06
59 2.95372e+06
194 6.77537e+06
156 4.54951e+06
93 3.22915e+06
195 7.78385e+06
172 5.27174e+06
183 6.02715e+06
193 6.63752e+06
113 3.43722e+06
80 3.18569e+06
132 4.1612e+06
145 4.29038e+06
120 3.84327e+06
67 3.12389e+06
148 4.51175e+06
181 5.87128e+06
174 5.56409e+06
127 3.91495e+06
60 3.04467e+06
118 3.52071e+06
198 7.83754e+06
173 5.27792e+06
63 3.11945e+06
121 3.89838e+06
116 3.48686e+06
117 3.50577e+06
125 3.89937e+06
189 6.17337e+06
60 3.04467e+06
119 3.83327e+06
177 5.61591e+06
Thế hệ thứ: 29
200 7.98388e+06
119 3.83327e+06
92 3.22491e+06
59 2.95372e+06
194 6.77537e+06
156 4.54951e+06
172 5.27174e+06
113 3.43722e+06
93 3.22915e+06
195 7.78385e+06
132 4.1612e+06
80 3.18569e+06
198 7.83754e+06
189 6.17337e+06
145 4.29038e+06
60 3.04467e+06
193 6.63752e+06
117 3.50577e+06
120 3.84327e+06
67 3.12389e+06
148 4.51175e+06
181 5.87128e+06
183 6.02715e+06
177 5.61591e+06
127 3.91495e+06
174 5.56409e+06
60 3.04467e+06
118 3.52071e+06
173 5.27792e+06
63 3.11945e+06
121 3.89838e+06
125 3.89937e+06
116 3.48686e+06
Thế hệ thứ: 30
200 7.98388e+06
92 3.2203e+06
119 3.83327e+06
59 2.95372e+06
194 6.77537e+06
156 4.54951e+06
172 5.27174e+06
113 3.43722e+06
93 3.22915e+06
195 7.78385e+06
132 4.1612e+06
129 4.16015e+06
80 3.18569e+06
198 7.83754e+06
189 6.17337e+06
145 4.29038e+06
60 3.04467e+06
193 6.63752e+06
117 3.50577e+06
120 3.84327e+06
67 3.12389e+06
148 4.51175e+06
181 5.87128e+06
183 6.02715e+06
177 5.61591e+06
127 3.91495e+06
174 5.56409e+06
60 3.04467e+06
118 3.52071e+06
173 5.27792e+06
63 3.11945e+06
125 3.89937e+06
116 3.48686e+06
121 3.88091e+06
Thế hệ thứ: 31
200 7.98388e+06
129 4.16015e+06
80 3.18569e+06
92 3.2203e+06
59 2.95372e+06
194 6.77537e+06
156 4.54951e+06
172 5.27174e+06
113 3.43722e+06
93 3.22915e+06
195 7.78385e+06
198 7.83754e+06
189 6.17337e+06
145 4.29038e+06
60 3.04467e+06
193 6.63752e+06
132 4.1612e+06
117 3.50577e+06
120 3.84327e+06
67 3.12389e+06
148 4.51175e+06
181 5.87128e+06
183 6.02715e+06
177 5.61591e+06
174 5.56409e+06
127 3.91495e+06
60 3.04467e+06
118 3.52071e+06
173 5.27792e+06
63 3.11945e+06
125 3.89937e+06
121 3.88091e+06
116 3.48686e+06
119 3.52886e+06
Thế hệ thứ: 32
200 7.98388e+06
80 3.18569e+06
92 3.2203e+06
59 2.95372e+06
194 6.77537e+06
156 4.54951e+06
172 5.27174e+06
113 3.43722e+06
93 3.22915e+06
195 7.78385e+06
198 7.83754e+06
189 6.17337e+06
145 4.29038e+06
60 3.04467e+06
193 6.63752e+06
132 4.1612e+06
67 3.12389e+06
117 3.50577e+06
120 3.84327e+06
148 4.51175e+06
181 5.87128e+06
183 6.02715e+06
177 5.61591e+06
174 5.56409e+06
127 3.91495e+06
119 3.52886e+06
173 5.27792e+06
63 3.11945e+06
125 3.89937e+06
121 3.88091e+06
116 3.48686e+06
118 3.52071e+06
60 3.04467e+06
130 4.02037e+06
Thế hệ thứ: 33
80 3.18569e+06
92 3.2203e+06
59 2.95372e+06
194 6.77537e+06
200 7.98388e+06
156 4.54951e+06
172 5.27174e+06
113 3.43722e+06
195 7.78385e+06
198 7.83754e+06
189 6.17337e+06
145 4.29038e+06
132 4.1612e+06
60 3.04467e+06
193 6.63752e+06
117 3.50577e+06
67 3.12389e+06
148 4.51175e+06
120 3.53654e+06
181 5.87128e+06
183 6.02715e+06
177 5.61591e+06
174 5.56409e+06
130 4.02037e+06
119 3.52886e+06
173 5.27792e+06
63 3.11945e+06
127 3.91495e+06
125 3.89937e+06
121 3.88091e+06
116 3.48686e+06
118 3.52071e+06
60 3.04467e+06
93 3.22861e+06
Thế hệ thứ: 34
59 2.95372e+06
200 7.98388e+06
119 3.52159e+06
156 4.54951e+06
172 5.27174e+06
121 3.68236e+06
113 3.43722e+06
195 7.78385e+06
198 7.83754e+06
189 6.17337e+06
194 6.64163e+06
93 3.22861e+06
145 4.29038e+06
132 4.1612e+06
60 3.04467e+06
193 6.63752e+06
117 3.50577e+06
67 3.12389e+06
148 4.51175e+06
120 3.53654e+06
181 5.87128e+06
183 6.02715e+06
177 5.61591e+06
174 5.56409e+06
130 4.02037e+06
92 3.16717e+06
173 5.27792e+06
63 3.11945e+06
127 3.91495e+06
125 3.89937e+06
116 3.48686e+06
118 3.52071e+06
60 3.04467e+06
129 4.01538e+06
Thế hệ thứ: 35
59 2.95372e+06
200 7.98388e+06
117 3.50577e+06
67 3.12389e+06
156 4.54951e+06
119 3.52159e+06
121 3.68236e+06
113 3.43722e+06
195 7.78385e+06
172 5.27174e+06
93 3.22861e+06
194 6.64163e+06
173 5.27792e+06
92 3.16717e+06
198 7.83754e+06
189 6.17337e+06
145 4.29038e+06
132 4.1612e+06
148 4.51175e+06
60 3.04467e+06
193 6.63752e+06
120 3.53654e+06
181 5.87128e+06
183 6.02715e+06
177 5.61591e+06
174 5.56409e+06
125 3.89937e+06
63 3.11945e+06
127 3.91495e+06
116 3.48686e+06
118 3.52071e+06
60 3.04467e+06
131 4.01198e+06
94 3.24033e+06
Thế hệ thứ: 36
200 7.98388e+06
59 2.95372e+06
117 3.50577e+06
67 3.12389e+06
156 4.54951e+06
119 3.52159e+06
173 5.27792e+06
92 3.16717e+06
195 7.78385e+06
172 5.27174e+06
93 3.22861e+06
194 6.64163e+06
121 3.68236e+06
113 3.43722e+06
198 7.83754e+06
189 6.17337e+06
132 4.1612e+06
94 3.24033e+06
145 4.29038e+06
148 4.51175e+06
60 3.04467e+06
193 6.63752e+06
120 3.53654e+06
181 5.87128e+06
183 6.02715e+06
177 5.61591e+06
174 5.56409e+06
131 4.01198e+06
63 3.11945e+06
116 3.48686e+06
118 3.52071e+06
60 3.04467e+06
129 3.88853e+06
158 5.18747e+06
Thế hệ thứ: 37
200 7.98388e+06
59 2.95372e+06
173 5.27792e+06
92 3.16717e+06
195 7.78385e+06
158 5.18747e+06
93 3.22861e+06
156 4.54951e+06
119 3.52159e+06
117 3.50577e+06
67 3.12389e+06
121 3.68236e+06
113 3.43722e+06
198 7.83754e+06
189 6.17337e+06
94 3.24033e+06
145 4.29038e+06
129 3.88853e+06
148 4.51175e+06
60 3.04467e+06
120 3.53654e+06
181 5.87128e+06
183 6.02715e+06
177 5.61591e+06
174 5.56409e+06
131 4.01198e+06
63 3.11945e+06
116 3.48686e+06
194 6.56981e+06
118 3.52071e+06
60 3.04467e+06
172 5.25645e+06
132 4.07974e+06
Thế hệ thứ: 38
118 3.52071e+06
194 6.56981e+06
200 7.98388e+06
59 2.95372e+06
173 5.27792e+06
92 3.16717e+06
195 7.78385e+06
158 5.18747e+06
156 4.54951e+06
119 3.52159e+06
117 3.50577e+06
67 3.12389e+06
121 3.68236e+06
113 3.43722e+06
145 4.29038e+06
198 7.83754e+06
132 4.07974e+06
189 6.17337e+06
129 3.88853e+06
148 4.51175e+06
172 5.25645e+06
120 3.53654e+06
181 5.87128e+06
183 6.02715e+06
177 5.61591e+06
174 5.56409e+06
63 3.11945e+06
131 4.01198e+06
116 3.48686e+06
94 3.19456e+06
62 3.04272e+06
130 3.93677e+06
Thế hệ thứ: 39
118 3.52071e+06
194 6.56981e+06
200 7.98388e+06
59 2.95372e+06
173 5.27792e+06
92 3.16717e+06
121 3.68236e+06
113 3.43722e+06
195 7.78385e+06
158 5.18747e+06
117 3.50577e+06
67 3.12389e+06
156 4.54951e+06
119 3.52159e+06
145 4.29038e+06
198 7.83754e+06
132 4.07974e+06
189 6.17337e+06
172 5.25645e+06
120 3.53654e+06
181 5.87128e+06
183 6.02715e+06
129 3.88853e+06
177 5.61591e+06
174 5.56409e+06
62 3.04272e+06
63 3.11945e+06
131 4.01198e+06
116 3.48686e+06
130 3.93677e+06
149 4.38735e+06
94 3.18558e+06
135 4.21986e+06
Thế hệ thứ: 40
118 3.52071e+06
194 6.56981e+06
200 7.98388e+06
59 2.95372e+06
121 3.68236e+06
113 3.43722e+06
195 7.78385e+06
158 5.18747e+06
117 3.50577e+06
67 3.12389e+06
156 4.54951e+06
119 3.52159e+06
173 5.27792e+06
92 3.16717e+06
94 3.18558e+06
132 4.07974e+06
198 7.83754e+06
189 6.17337e+06
135 4.21986e+06
145 4.29038e+06
177 5.61591e+06
149 4.38735e+06
172 5.25645e+06
120 3.53654e+06
181 5.87128e+06
183 6.02715e+06
129 3.88853e+06
174 5.56409e+06
62 3.04272e+06
63 3.11945e+06
131 4.01198e+06
116 3.48686e+06
130 3.93677e+06
95 3.20289e+06
Thế hệ thứ: 41
118 3.52071e+06
194 6.56981e+06
200 7.98388e+06
59 2.95372e+06
121 3.68236e+06
113 3.43722e+06
195 7.78385e+06
158 5.18747e+06
67 3.12389e+06
117 3.50577e+06
156 4.54951e+06
119 3.52159e+06
173 5.27792e+06
92 3.16717e+06
132 4.07974e+06
198 7.83754e+06
189 6.17337e+06
95 3.20289e+06
135 4.21986e+06
145 4.29038e+06
177 5.61591e+06
149 4.38735e+06
172 5.25645e+06
120 3.53654e+06
181 5.87128e+06
183 6.02715e+06
129 3.88853e+06
188 6.14835e+06
174 5.56409e+06
62 3.04272e+06
63 3.11945e+06
131 4.01198e+06
116 3.48686e+06
130 3.93677e+06
94 3.18558e+06
Thế hệ thứ: 42
118 3.52071e+06
194 6.56981e+06
200 7.98388e+06
59 2.95372e+06
95 3.20286e+06
121 3.68236e+06
113 3.43722e+06
195 7.78385e+06
158 5.18747e+06
117 3.50577e+06
67 3.12389e+06
156 4.54951e+06
119 3.52159e+06
173 5.27792e+06
92 3.16717e+06
135 4.21986e+06
145 4.29038e+06
177 5.61591e+06
149 4.38735e+06
132 4.07974e+06
198 7.83754e+06
189 6.17337e+06
172 5.25645e+06
120 3.53654e+06
181 5.87128e+06
129 3.88853e+06
188 6.14835e+06
183 6.02715e+06
174 5.56409e+06
62 3.04272e+06
63 3.11945e+06
131 4.01198e+06
116 3.48686e+06
130 3.93677e+06
94 3.18558e+06
125 3.7469e+06
Thế hệ thứ: 43
118 3.52071e+06
194 6.56981e+06
200 7.98388e+06
59 2.95372e+06
121 3.68236e+06
95 3.20286e+06
113 3.43722e+06
158 5.18747e+06
117 3.50577e+06
67 3.12389e+06
156 4.54951e+06
119 3.52159e+06
173 5.27792e+06
92 3.16717e+06
135 4.21986e+06
145 4.29038e+06
177 5.61591e+06
149 4.38735e+06
132 4.07974e+06
189 6.17337e+06
172 5.25645e+06
120 3.53654e+06
181 5.87128e+06
183 6.02715e+06
125 3.7469e+06
174 5.56409e+06
129 3.88853e+06
188 6.14835e+06
62 3.04272e+06
63 3.11945e+06
131 4.01198e+06
116 3.48686e+06
130 3.93677e+06
94 3.18558e+06
96 3.20951e+06
199 7.60405e+06
93 3.17931e+06
Thế hệ thứ: 44
118 3.52071e+06
194 6.56981e+06
200 7.98388e+06
59 2.95372e+06
199 7.60405e+06
134 4.20688e+06
158 5.18747e+06
67 3.12389e+06
156 4.54951e+06
119 3.52159e+06
95 3.20286e+06
121 3.68236e+06
113 3.43722e+06
173 5.27792e+06
92 3.16717e+06
135 4.21986e+06
145 4.29038e+06
177 5.61591e+06
149 4.38735e+06
132 4.07974e+06
189 6.17337e+06
172 5.25645e+06
120 3.53654e+06
181 5.87128e+06
183 6.02715e+06
125 3.7469e+06
174 5.56409e+06
129 3.88853e+06
188 6.14835e+06
62 3.04272e+06
63 3.11945e+06
131 4.01198e+06
130 3.93677e+06
94 3.18558e+06
93 3.17931e+06
96 3.20925e+06
117 3.4476e+06
126 3.80739e+06
179 5.6872e+06
Thế hệ thứ: 45
194 6.56981e+06
118 3.52071e+06
200 7.98388e+06
199 7.60405e+06
134 4.20688e+06
67 3.12389e+06
156 4.54951e+06
119 3.52159e+06
95 3.20286e+06
121 3.68236e+06
113 3.43722e+06
173 5.27792e+06
92 3.16717e+06
96 3.20925e+06
145 4.29038e+06
177 5.61591e+06
132 4.07974e+06
189 6.17337e+06
172 5.25645e+06
183 6.02715e+06
120 3.53654e+06
181 5.87128e+06
174 5.56409e+06
135 4.21986e+06
179 5.6872e+06
133 4.19474e+06
188 6.14835e+06
129 3.88853e+06
62 3.04272e+06
125 3.7469e+06
93 3.17931e+06
126 3.80739e+06
117 3.4476e+06
63 3.11945e+06
131 4.01198e+06
130 3.93677e+06
94 3.18558e+06
59 2.91366e+06
150 4.38462e+06
127 3.8074e+06
162 5.03307e+06
Thế hệ thứ: 46
162 5.03307e+06
59 2.91366e+06
194 6.56981e+06
200 7.98388e+06
199 7.60405e+06
156 4.54951e+06
119 3.52159e+06
67 3.12389e+06
95 3.20286e+06
121 3.68236e+06
113 3.43722e+06
173 5.27792e+06
92 3.16717e+06
96 3.20925e+06
145 4.29038e+06
117 3.4476e+06
172 5.25645e+06
189 6.17337e+06
183 6.02715e+06
120 3.53654e+06
174 5.56409e+06
179 5.6872e+06
188 6.14835e+06
129 3.88853e+06
62 3.04272e+06
125 3.7469e+06
177 5.61591e+06
63 3.11945e+06
131 4.01198e+06
130 3.93677e+06
127 3.8074e+06
93 3.17931e+06
126 3.80739e+06
94 3.18558e+06
181 5.70067e+06
118 3.51347e+06
137 4.24208e+06
136 4.02568e+06
151 4.37136e+06
Thế hệ thứ: 47
162 5.03307e+06
59 2.91366e+06
194 6.56981e+06
200 7.98388e+06
199 7.60405e+06
156 4.54951e+06
119 3.52159e+06
67 3.12389e+06
95 3.20286e+06
121 3.68236e+06
113 3.43722e+06
173 5.27792e+06
92 3.16717e+06
96 3.20925e+06
183 6.02715e+06
151 4.37136e+06
172 5.25645e+06
189 6.17337e+06
145 4.29038e+06
181 5.70067e+06
174 5.56409e+06
136 4.02568e+06
188 6.14835e+06
62 3.04272e+06
125 3.7469e+06
131 4.01198e+06
177 5.61591e+06
63 3.11945e+06
117 3.4476e+06
120 3.53654e+06
179 5.6872e+06
130 3.93677e+06
118 3.51347e+06
93 3.17931e+06
94 3.18558e+06
97 3.22175e+06
138 4.24049e+06
129 3.76339e+06
180 5.69883e+06
Thế hệ thứ: 48
162 5.03307e+06
59 2.91366e+06
194 6.56981e+06
200 7.98388e+06
199 7.60405e+06
156 4.54951e+06
119 3.52159e+06
67 3.12389e+06
173 5.27792e+06
92 3.16717e+06
95 3.20286e+06
121 3.68236e+06
113 3.43722e+06
97 3.22175e+06
183 6.02715e+06
151 4.37136e+06
172 5.25645e+06
189 6.17337e+06
145 4.29038e+06
177 5.61591e+06
138 4.24049e+06
129 3.76339e+06
136 4.02568e+06
181 5.70067e+06
125 3.7469e+06
188 6.14835e+06
130 3.93677e+06
131 4.01198e+06
63 3.11945e+06
117 3.4476e+06
163 5.13813e+06
120 3.53654e+06
179 5.6872e+06
118 3.51347e+06
94 3.18558e+06
96 3.20925e+06
93 3.17931e+06
180 5.69883e+06
98 3.23062e+06
153 4.38874e+06
62 2.93525e+06
174 5.49706e+06
Thế hệ thứ: 49
59 2.91366e+06
194 6.56981e+06
199 7.60405e+06
156 4.54951e+06
119 3.52159e+06
67 3.12389e+06
95 3.20286e+06
121 3.68236e+06
113 3.43722e+06
173 5.27792e+06
92 3.16717e+06
62 2.93525e+06
162 5.03307e+06
98 3.23062e+06
183 6.02715e+06
189 6.17337e+06
145 4.29038e+06
177 5.61591e+06
138 4.24049e+06
120 3.53654e+06
163 5.13813e+06
172 5.25645e+06
174 5.49706e+06
136 4.02568e+06
181 5.70067e+06
151 4.37136e+06
129 3.76339e+06
125 3.7469e+06
63 3.11945e+06
188 6.14835e+06
153 4.38874e+06
130 3.93677e+06
131 4.01198e+06
117 3.4476e+06
179 5.6872e+06
118 3.51347e+06
94 3.18558e+06
97 3.22175e+06
96 3.20925e+06
93 3.17931e+06
180 5.69883e+06
200 7.91426e+06
61 2.935e+06
