Thế hệ thứ: 0
76 8.14384e+06
88 1.46171e+07
90 1.4671e+07
87 1.19641e+07
44 4.09753e+06
67 5.62649e+06
84 1.07352e+07
86 1.12964e+07
99 1.50952e+07
82 9.72653e+06
Thế hệ thứ: 1
99 1.50952e+07
44 4.09753e+06
67 5.62649e+06
76 8.14384e+06
84 1.07352e+07
58 4.63076e+06
83 9.54286e+06
87 1.12312e+07
98 1.24921e+07
68 7.12748e+06
Thế hệ thứ: 2
99 1.50952e+07
58 4.63076e+06
44 4.09753e+06
98 1.24921e+07
76 8.14384e+06
87 1.12312e+07
67 5.62649e+06
68 7.12748e+06
83 9.54286e+06
84 1.07352e+07
69 7.67273e+06
37 3.78777e+06
61 5.09916e+06
93 1.18117e+07
41 3.97242e+06
Thế hệ thứ: 3
99 1.50952e+07
76 8.14384e+06
98 1.24921e+07
44 4.09753e+06
58 4.63076e+06
67 5.62649e+06
83 9.54286e+06
61 5.09916e+06
69 7.67273e+06
84 1.07352e+07
68 7.12748e+06
41 3.97242e+06
38 3.75409e+06
77 8.41705e+06
94 1.11647e+07
61 5.09916e+06
Thế hệ thứ: 4
99 1.50952e+07
98 1.24921e+07
44 4.09753e+06
58 4.63076e+06
85 8.00497e+06
61 5.09916e+06
41 3.97242e+06
61 5.09916e+06
100 1.63349e+07
76 6.94088e+06
40 3.70767e+06
95 1.06828e+07
67 5.58128e+06
Thế hệ thứ: 5
40 3.70767e+06
58 4.63076e+06
100 1.63349e+07
95 1.06828e+07
85 8.00497e+06
76 6.94088e+06
98 1.24921e+07
67 5.58128e+06
44 4.09753e+06
61 5.09916e+06
41 3.97242e+06
61 5.09916e+06
39 3.70724e+06
69 5.73176e+06
47 4.19144e+06
33 3.13508e+06
89 8.3791e+06
99 1.38346e+07
Thế hệ thứ: 6
100 1.63349e+07
33 3.13508e+06
85 8.00497e+06
99 1.38346e+07
61 5.09916e+06
47 4.19144e+06
89 8.3791e+06
95 1.06828e+07
76 6.94088e+06
98 1.24921e+07
58 4.63076e+06
69 5.73176e+06
67 5.58128e+06
61 5.09916e+06
44 4.09753e+06
41 3.97242e+06
40 3.70767e+06
70 6.52505e+06
49 4.40019e+06
86 8.09808e+06
35 3.17531e+06
39 3.64709e+06
48 4.20585e+06
Thế hệ thứ: 7
100 1.63349e+07
33 3.13508e+06
85 8.00497e+06
99 1.38346e+07
61 5.09916e+06
89 8.3791e+06
95 1.06828e+07
76 6.94088e+06
98 1.24921e+07
58 4.63076e+06
70 6.52505e+06
49 4.40019e+06
67 5.58128e+06
35 3.17531e+06
47 4.11536e+06
61 5.09916e+06
69 5.73176e+06
39 3.64709e+06
44 4.09753e+06
86 8.09808e+06
40 3.70767e+06
48 4.20585e+06
60 5.08787e+06
43 3.92959e+06
Thế hệ thứ: 8
85 8.00497e+06
99 1.38346e+07
61 5.09916e+06
89 8.3791e+06
95 1.06828e+07
76 6.94088e+06
98 1.24921e+07
58 4.63076e+06
36 3.09732e+06
70 6.52505e+06
49 4.40019e+06
67 5.58128e+06
61 5.09916e+06
69 5.73176e+06
39 3.64709e+06
43 3.92959e+06
86 8.09808e+06
40 3.70767e+06
60 5.08787e+06
48 4.20585e+06
47 3.93316e+06
100 1.40027e+07
79 7.61507e+06
Thế hệ thứ: 9
98 1.24921e+07
100 1.40027e+07
36 3.09732e+06
61 5.09916e+06
89 8.3791e+06
95 1.06828e+07
79 7.61507e+06
58 4.63076e+06
49 4.40019e+06
67 5.58128e+06
99 1.38346e+07
85 8.00497e+06
61 5.09916e+06
69 5.73176e+06
43 3.92959e+06
39 3.64709e+06
47 3.93316e+06
86 8.09808e+06
40 3.70767e+06
48 4.20585e+06
60 5.05246e+06
38 3.48167e+06
80 7.9312e+06
96 1.18009e+07
76 6.0527e+06
Thế hệ thứ: 10
98 1.24921e+07
100 1.40027e+07
36 3.09732e+06
76 6.0527e+06
61 5.09916e+06
89 8.3791e+06
95 1.06828e+07
79 7.61507e+06
58 4.63076e+06
96 1.18009e+07
69 5.73176e+06
67 5.58128e+06
99 1.38346e+07
61 5.09916e+06
43 3.92959e+06
80 7.9312e+06
85 8.00497e+06
47 3.93316e+06
38 3.48167e+06
86 8.09808e+06
60 5.05246e+06
40 3.70767e+06
39 3.64709e+06
48 4.20585e+06
51 4.23125e+06
57 4.44645e+06
Thế hệ thứ: 11
98 1.24921e+07
48 4.17766e+06
100 1.40027e+07
36 3.09732e+06
76 6.0527e+06
61 5.09916e+06
89 8.3791e+06
95 1.06828e+07
79 7.61507e+06
96 1.18009e+07
69 5.73176e+06
67 5.58128e+06
99 1.38346e+07
51 4.23125e+06
85 8.00497e+06
57 4.44645e+06
61 5.09916e+06
43 3.92959e+06
80 7.9312e+06
47 3.93316e+06
58 4.63076e+06
86 8.09808e+06
60 5.05246e+06
39 3.4786e+06
41 3.6235e+06
53 4.27146e+06
91 1.04381e+07
78 6.44494e+06
29 2.98992e+06
59 4.80197e+06
Thế hệ thứ: 12
98 1.24921e+07
100 1.40027e+07
48 4.17766e+06
45 3.74074e+06
96 1.18009e+07
79 7.46784e+06
78 6.44494e+06
29 2.98992e+06
91 1.04381e+07
40 3.48235e+06
95 1.06828e+07
61 5.09916e+06
89 8.3791e+06
36 3.09732e+06
67 5.58128e+06
69 5.73176e+06
99 1.38346e+07
61 5.09916e+06
80 7.9312e+06
39 3.4786e+06
53 4.27146e+06
85 8.00497e+06
76 6.03451e+06
57 4.44645e+06
41 3.6235e+06
47 3.93316e+06
86 8.09808e+06
51 4.23125e+06
59 4.80197e+06
58 4.63076e+06
60 5.05246e+06
42 3.63446e+06
90 1.02579e+07
35 3.0933e+06
Thế hệ thứ: 13
100 1.40027e+07
48 4.17766e+06
30 3.00088e+06
45 3.74074e+06
96 1.18009e+07
79 7.46784e+06
78 6.44494e+06
29 2.98992e+06
76 6.03451e+06
85 8.00497e+06
57 4.44645e+06
95 1.06828e+07
90 1.02579e+07
61 5.09916e+06
89 8.3791e+06
67 5.58128e+06
69 5.73176e+06
98 1.19293e+07
99 1.38346e+07
80 7.9312e+06
61 5.09916e+06
91 1.04381e+07
35 3.0933e+06
53 4.27146e+06
39 3.4786e+06
86 8.09808e+06
47 3.93316e+06
51 4.23125e+06
42 3.63446e+06
59 4.80197e+06
60 5.05246e+06
41 3.6235e+06
40 3.48235e+06
58 4.47457e+06
37 3.09505e+06
45 3.74074e+06
Thế hệ thứ: 14
48 4.17766e+06
79 7.46784e+06
78 6.44494e+06
29 2.98992e+06
85 8.00497e+06
95 1.06828e+07
90 1.02579e+07
99 1.38346e+07
98 1.19293e+07
61 5.09916e+06
89 8.3791e+06
67 5.58128e+06
30 3.00088e+06
45 3.74074e+06
96 1.18009e+07
80 7.9312e+06
91 1.04381e+07
53 4.27146e+06
86 8.09808e+06
47 3.93316e+06
59 4.80197e+06
51 4.23125e+06
42 3.63446e+06
58 4.47457e+06
60 5.05246e+06
45 3.74074e+06
40 3.48235e+06
61 5.09916e+06
100 1.39561e+07
41 3.48312e+06
39 3.01208e+06
76 5.60452e+06
57 4.41069e+06
Thế hệ thứ: 15
79 7.46784e+06
78 6.44494e+06
29 2.98992e+06
76 5.60452e+06
100 1.39561e+07
67 5.58128e+06
99 1.38346e+07
98 1.19293e+07
41 3.48312e+06
90 1.02579e+07
61 5.09916e+06
89 8.3791e+06
60 4.6509e+06
39 3.01208e+06
30 3.00088e+06
45 3.74074e+06
96 1.18009e+07
80 7.9312e+06
61 5.09916e+06
53 4.27146e+06
85 8.00497e+06
86 8.09808e+06
57 4.41069e+06
48 4.17766e+06
47 3.93316e+06
42 3.63446e+06
51 4.23125e+06
40 3.48235e+06
45 3.74074e+06
58 4.43709e+06
95 1.04006e+07
Thế hệ thứ: 16
54 4.27251e+06
78 6.44494e+06
29 2.98992e+06
76 5.60452e+06
100 1.39561e+07
60 4.6509e+06
95 1.04006e+07
98 1.19293e+07
99 1.38346e+07
61 5.09916e+06
89 8.3791e+06
41 3.48312e+06
90 1.02579e+07
67 5.58128e+06
39 3.01208e+06
96 1.18009e+07
30 3.00088e+06
45 3.74074e+06
61 5.09916e+06
53 4.27146e+06
85 8.00497e+06
86 8.09808e+06
57 4.41069e+06
48 4.17766e+06
47 3.93316e+06
42 3.63446e+06
51 4.23125e+06
58 4.43709e+06
45 3.74074e+06
79 6.52863e+06
82 7.53466e+06
40 3.46174e+06
Thế hệ thứ: 17
100 1.39561e+07
54 4.27251e+06
29 2.98992e+06
76 5.60452e+06
60 4.6509e+06
95 1.04006e+07
98 1.19293e+07
99 1.38346e+07
89 8.3791e+06
41 3.48312e+06
90 1.02579e+07
67 5.58128e+06
82 7.53466e+06
78 6.08228e+06
39 3.01208e+06
45 3.74074e+06
96 1.18009e+07
85 8.00497e+06
86 8.09808e+06
48 4.17766e+06
47 3.93316e+06
51 4.23125e+06
57 4.41069e+06
45 3.74074e+06
58 4.43709e+06
53 4.27146e+06
62 5.05641e+06
42 3.5197e+06
32 3.00003e+06
80 6.08326e+06
40 3.1615e+06
81 6.51945e+06
Thế hệ thứ: 18
100 1.39561e+07
54 4.27251e+06
76 5.60452e+06
99 1.38346e+07
98 1.19293e+07
60 4.6509e+06
95 1.04006e+07
89 8.3791e+06
90 1.02579e+07
82 7.53466e+06
45 3.74074e+06
96 1.18009e+07
81 6.51945e+06
32 3.00003e+06
78 6.08228e+06
39 3.01208e+06
85 8.00497e+06
42 3.2407e+06
86 8.09808e+06
29 2.98586e+06
80 6.08326e+06
47 3.93316e+06
51 4.23125e+06
58 4.43709e+06
53 4.27146e+06
45 3.74074e+06
69 5.39762e+06
48 4.13203e+06
62 4.94239e+06
57 4.33192e+06
41 3.0582e+06
Thế hệ thứ: 19
100 1.39561e+07
29 2.98586e+06
80 6.08326e+06
99 1.38346e+07
98 1.19293e+07
60 4.6509e+06
95 1.04006e+07
89 8.3791e+06
90 1.02579e+07
78 6.08228e+06
39 3.01208e+06
62 4.94239e+06
54 4.27251e+06
76 5.60452e+06
96 1.18009e+07
81 6.51945e+06
48 4.13203e+06
32 3.00003e+06
85 8.00497e+06
57 4.33192e+06
42 3.2407e+06
86 8.09808e+06
51 4.23125e+06
47 3.93316e+06
58 4.43709e+06
41 3.0582e+06
53 4.27146e+06
84 7.14333e+06
69 5.18706e+06
46 3.65979e+06
43 3.62295e+06
Thế hệ thứ: 20
100 1.39561e+07
29 2.98586e+06
80 6.08326e+06
99 1.38346e+07
60 4.6509e+06
95 1.04006e+07
89 8.3791e+06
90 1.02579e+07
69 5.18706e+06
76 5.60452e+06
84 7.14333e+06
78 6.08228e+06
39 3.01208e+06
62 4.94239e+06
81 6.51945e+06
32 3.00003e+06
85 8.00497e+06
57 4.33192e+06
86 8.09808e+06
43 3.62295e+06
46 3.65979e+06
51 4.23125e+06
58 4.43709e+06
41 3.0582e+06
65 5.10277e+06
98 1.05213e+07
56 4.26322e+06
49 3.84813e+06
42 3.06683e+06
Thế hệ thứ: 21
100 1.39561e+07
61 4.82933e+06
80 6.08326e+06
76 5.60452e+06
98 1.05213e+07
49 3.84813e+06
89 8.3791e+06
90 1.02579e+07
99 1.38346e+07
69 5.18706e+06
84 7.14333e+06
81 6.51945e+06
32 3.00003e+06
60 4.6509e+06
51 4.23125e+06
78 6.08228e+06
39 3.01208e+06
85 8.00497e+06
57 4.33192e+06
86 8.09808e+06
46 3.65979e+06
56 4.26322e+06
41 3.0582e+06
42 3.06683e+06
58 4.43709e+06
96 1.03652e+07
44 3.38279e+06
31 2.97204e+06
62 4.91012e+06
66 5.01335e+06
Thế hệ thứ: 22
76 5.60452e+06
49 3.84813e+06
31 2.97204e+06
89 8.3791e+06
69 5.18706e+06
84 7.14333e+06
81 6.51945e+06
51 4.23125e+06
78 6.08228e+06
39 3.01208e+06
66 5.01335e+06
32 3.00003e+06
85 8.00497e+06
57 4.33192e+06
44 3.38279e+06
56 4.26322e+06
86 8.09808e+06
80 6.08326e+06
61 4.82933e+06
60 4.6509e+06
41 3.0582e+06
42 3.06683e+06
58 4.43709e+06
65 4.83528e+06
100 1.01754e+07
67 5.01458e+06
46 3.46654e+06
50 3.85532e+06
Thế hệ thứ: 23
99 1.01586e+07
69 5.18706e+06
100 1.01754e+07
81 6.51945e+06
76 5.60452e+06
31 2.97204e+06
85 8.00497e+06
57 4.33192e+06
89 8.3791e+06
84 7.14333e+06
51 4.23125e+06
78 6.08228e+06
39 3.01208e+06
46 3.46654e+06
32 3.00003e+06
44 3.38279e+06
86 8.09808e+06
80 6.08326e+06
61 4.82933e+06
56 4.26322e+06
67 5.01458e+06
65 4.83528e+06
60 4.6509e+06
41 3.0582e+06
42 3.06683e+06
58 4.43709e+06
66 5.01335e+06
92 8.53611e+06
50 3.76605e+06
73 5.34221e+06
Thế hệ thứ: 24
69 5.18706e+06
99 1.01586e+07
100 1.01754e+07
76 5.60452e+06
50 3.76605e+06
81 6.51945e+06
92 8.53611e+06
31 2.97204e+06
84 7.14333e+06
57 4.33192e+06
85 8.00497e+06
73 5.34221e+06
51 4.23125e+06
89 8.3791e+06
46 3.46654e+06
39 3.01208e+06
32 3.00003e+06
44 3.38279e+06
86 8.09808e+06
80 6.08326e+06
61 4.82933e+06
56 4.26322e+06
67 5.01458e+06
65 4.83528e+06
60 4.6509e+06
41 3.0582e+06
42 3.06683e+06
58 4.43709e+06
66 5.01335e+06
95 9.31436e+06
59 4.49915e+06
79 6.07378e+06
Thế hệ thứ: 25
69 5.18706e+06
99 1.01586e+07
100 1.01754e+07
76 5.60452e+06
81 6.51945e+06
92 8.53611e+06
95 9.31436e+06
84 7.14333e+06
50 3.76605e+06
57 4.33192e+06
85 8.00497e+06
73 5.34221e+06
51 4.23125e+06
89 8.3791e+06
46 3.46654e+06
39 3.01208e+06
32 3.00003e+06
79 6.07378e+06
44 3.38279e+06
86 8.09808e+06
56 4.26322e+06
80 6.08326e+06
67 5.01458e+06
65 4.83528e+06
41 3.0582e+06
42 3.06683e+06
66 5.01335e+06
62 4.35873e+06
45 3.40251e+06
31 2.95429e+06
Thế hệ thứ: 26
69 5.18706e+06
99 1.01586e+07
31 2.95429e+06
95 9.31436e+06
76 5.60452e+06
81 6.51945e+06
92 8.53611e+06
77 5.77318e+06
62 4.35873e+06
50 3.76605e+06
73 5.34221e+06
51 4.23125e+06
67 5.01458e+06
65 4.83528e+06
89 8.3791e+06
39 3.01208e+06
32 3.00003e+06
79 6.07378e+06
46 3.46654e+06
86 8.09808e+06
56 4.26322e+06
80 6.08326e+06
44 3.38279e+06
85 6.53071e+06
41 3.0582e+06
42 3.06683e+06
66 5.01335e+06
45 3.40251e+06
57 4.30195e+06
100 1.01754e+07
87 8.28932e+06
Thế hệ thứ: 27
87 8.28932e+06
31 2.95429e+06
100 1.01754e+07
95 9.31436e+06
41 3.0582e+06
42 3.06683e+06
85 6.53071e+06
86 8.09808e+06
92 8.53611e+06
77 5.77318e+06
62 4.35873e+06
69 5.08285e+06
50 3.76605e+06
73 5.34221e+06
67 5.01458e+06
65 4.83528e+06
39 3.01208e+06
81 6.51945e+06
79 6.07378e+06
32 3.00003e+06
46 3.46654e+06
76 5.60452e+06
89 8.3791e+06
57 4.30195e+06
80 6.08326e+06
44 3.38279e+06
66 5.01335e+06
45 3.40251e+06
99 9.8634e+06
56 4.20361e+06
Thế hệ thứ: 28
87 8.28932e+06
31 2.95429e+06
99 9.8634e+06
100 1.01754e+07
41 3.0582e+06
42 3.06683e+06
85 6.53071e+06
95 9.31436e+06
86 8.09808e+06
92 8.53611e+06
69 5.08285e+06
50 3.76605e+06
77 5.77318e+06
62 4.35873e+06
56 4.20361e+06
73 5.34221e+06
67 5.01458e+06
65 4.83528e+06
39 3.01208e+06
81 6.51945e+06
79 6.07378e+06
32 3.00003e+06
46 3.46654e+06
76 5.60452e+06
57 4.30195e+06
89 8.3791e+06
80 6.08326e+06
44 3.38279e+06
66 5.01335e+06
45 3.40251e+06
50 3.76605e+06
Thế hệ thứ: 29
99 9.8634e+06
100 1.01754e+07
87 8.28932e+06
31 2.95429e+06
41 3.0582e+06
42 3.06683e+06
85 6.53071e+06
95 9.31436e+06
86 8.09808e+06
92 8.53611e+06
77 5.77318e+06
62 4.35873e+06
56 4.20361e+06
73 5.34221e+06
67 5.01458e+06
65 4.83528e+06
50 3.76605e+06
39 3.01208e+06
81 6.51945e+06
50 3.76605e+06
69 5.08285e+06
79 6.07378e+06
46 3.46654e+06
76 5.60452e+06
57 4.30195e+06
89 8.3791e+06
80 6.08326e+06
44 3.38279e+06
66 5.01335e+06
45 3.40251e+06
63 4.35952e+06
32 2.99263e+06
Thế hệ thứ: 30
99 9.8634e+06
100 1.01754e+07
87 8.28932e+06
31 2.95429e+06
32 2.99263e+06
56 4.20361e+06
41 3.0582e+06
42 3.06683e+06
85 6.53071e+06
95 9.31436e+06
86 8.09808e+06
92 8.53611e+06
73 5.34221e+06
69 5.08285e+06
50 3.76605e+06
39 3.01208e+06
81 6.51945e+06
67 5.01458e+06
65 4.83528e+06
46 3.46654e+06
76 5.60452e+06
63 4.35952e+06
62 4.35873e+06
77 5.77318e+06
57 4.30195e+06
89 8.3791e+06
50 3.76605e+06
80 6.08326e+06
44 3.38279e+06
66 5.01335e+06
45 3.40251e+06
79 5.92445e+06
Thế hệ thứ: 31
99 9.8634e+06
100 1.01754e+07
87 8.28932e+06
31 2.95429e+06
32 2.99263e+06
56 4.20361e+06
41 3.0582e+06
42 3.06683e+06
85 6.53071e+06
95 9.31436e+06
86 8.09808e+06
92 8.53611e+06
73 5.34221e+06
50 3.76605e+06
39 3.01208e+06
81 6.51945e+06
67 5.01458e+06
65 4.83528e+06
69 5.08285e+06
50 3.76605e+06
46 3.46654e+06
76 5.60452e+06
80 6.08326e+06
63 4.35952e+06
57 4.30195e+06
89 8.3791e+06
77 5.77318e+06
62 4.35873e+06
44 3.38279e+06
79 5.92445e+06
66 5.01335e+06
45 3.40251e+06
51 3.94001e+06
Thế hệ thứ: 32
87 8.28932e+06
31 2.95429e+06
99 9.8634e+06
100 1.01754e+07
41 3.0582e+06
42 3.06683e+06
85 6.53071e+06
73 5.34221e+06
95 9.31436e+06
86 8.09808e+06
92 8.53611e+06
79 5.92445e+06
51 3.94001e+06
39 3.01208e+06
32 2.99263e+06
56 4.20361e+06
81 6.51945e+06
67 5.01458e+06
65 4.83528e+06
50 3.76605e+06
69 5.08285e+06
46 3.46654e+06
76 5.60452e+06
80 6.08326e+06
63 4.35952e+06
57 4.30195e+06
89 8.3791e+06
77 5.77318e+06
62 4.35873e+06
53 4.03071e+06
44 3.38279e+06
66 5.01335e+06
45 3.40251e+06
50 3.76605e+06
52 3.95379e+06
Thế hệ thứ: 33
87 8.28932e+06
31 2.95429e+06
99 9.8634e+06
100 1.01754e+07
42 3.06683e+06
85 6.53071e+06
73 5.34221e+06
95 9.31436e+06
78 5.89109e+06
86 8.09808e+06
81 6.51945e+06
67 5.01458e+06
65 4.83528e+06
50 3.76605e+06
56 4.20361e+06
32 2.99263e+06
52 3.95379e+06
46 3.46654e+06
76 5.60452e+06
80 6.08326e+06
63 4.35952e+06
57 4.30195e+06
89 8.3791e+06
62 4.35873e+06
77 5.77318e+06
44 3.38279e+06
53 4.03071e+06
51 3.94001e+06
79 5.92445e+06
66 5.01335e+06
45 3.40251e+06
50 3.76605e+06
72 5.07683e+06
41 2.99994e+06
94 8.49313e+06
Thế hệ thứ: 34
41 2.99994e+06
87 8.28932e+06
31 2.95429e+06
99 9.8634e+06
100 1.01754e+07
42 3.06683e+06
85 6.53071e+06
78 5.89109e+06
86 8.09808e+06
95 9.31436e+06
81 6.51945e+06
94 8.49313e+06
56 4.20361e+06
32 2.99263e+06
67 5.01458e+06
65 4.83528e+06
72 5.07683e+06
73 5.34221e+06
89 8.3791e+06
52 3.95379e+06
46 3.46654e+06
76 5.60452e+06
80 6.08326e+06
63 4.35952e+06
57 4.30195e+06
50 3.76605e+06
77 5.77318e+06
62 4.35873e+06
44 3.38279e+06
53 4.03071e+06
51 3.94001e+06
79 5.92445e+06
66 5.01335e+06
45 3.40251e+06
50 3.76605e+06
Thế hệ thứ: 35
41 2.99994e+06
87 8.28932e+06
31 2.95429e+06
99 9.8634e+06
100 1.01754e+07
42 3.06683e+06
85 6.53071e+06
78 5.89109e+06
86 8.09808e+06
33 2.99478e+06
95 9.31436e+06
94 8.49313e+06
56 4.20361e+06
32 2.99263e+06
67 5.01458e+06
65 4.83528e+06
72 5.07683e+06
73 5.34221e+06
89 8.3791e+06
52 3.95379e+06
46 3.46654e+06
76 5.60452e+06
63 4.35952e+06
57 4.30195e+06
50 3.76605e+06
77 5.77318e+06
62 4.35873e+06
44 3.38279e+06
53 4.03071e+06
51 3.94001e+06
66 5.01335e+06
45 3.40251e+06
50 3.76605e+06
81 5.89566e+06
Thế hệ thứ: 36
87 8.28932e+06
31 2.95429e+06
99 9.8634e+06
100 1.01754e+07
42 3.06683e+06
85 6.53071e+06
78 5.89109e+06
86 8.09808e+06
95 9.31436e+06
33 2.99478e+06
81 5.89566e+06
94 8.49313e+06
41 2.99994e+06
67 5.01458e+06
65 4.83528e+06
72 5.07683e+06
73 5.34221e+06
52 3.95379e+06
46 3.46654e+06
76 5.60452e+06
63 4.35952e+06
57 4.30195e+06
50 3.76605e+06
32 2.99263e+06
56 4.20361e+06
77 5.77318e+06
62 4.35873e+06
44 3.38279e+06
53 4.03071e+06
51 3.94001e+06
66 5.01335e+06
45 3.40251e+06
50 3.76605e+06
89 8.34017e+06
Thế hệ thứ: 37
31 2.95429e+06
99 9.8634e+06
100 1.01754e+07
42 3.06683e+06
85 6.53071e+06
78 5.89109e+06
86 8.09808e+06
95 9.31436e+06
33 2.99478e+06
81 5.89566e+06
87 8.28481e+06
94 8.49313e+06
41 2.99994e+06
67 5.01458e+06
89 8.34017e+06
72 5.07683e+06
73 5.34221e+06
52 3.95379e+06
46 3.46654e+06
76 5.60452e+06
63 4.35952e+06
57 4.30195e+06
50 3.76605e+06
32 2.99263e+06
56 4.20361e+06
77 5.77318e+06
62 4.35873e+06
44 3.38279e+06
53 4.03071e+06
51 3.94001e+06
66 5.01335e+06
45 3.40251e+06
50 3.76605e+06
65 4.83528e+06
71 5.07659e+06
68 5.05208e+06
Thế hệ thứ: 38
31 2.95429e+06
99 9.8634e+06
100 1.01754e+07
42 3.06683e+06
85 6.53071e+06
78 5.89109e+06
86 8.09808e+06
95 9.31436e+06
33 2.99478e+06
81 5.89566e+06
67 4.83288e+06
87 8.28481e+06
94 8.49313e+06
41 2.99994e+06
73 5.34221e+06
89 8.34017e+06
52 3.95379e+06
46 3.46654e+06
76 5.60452e+06
63 4.35952e+06
57 4.30195e+06
50 3.76605e+06
32 2.99263e+06
56 4.20361e+06
77 5.77318e+06
62 4.35873e+06
44 3.38279e+06
53 4.03071e+06
68 5.05208e+06
72 5.07683e+06
71 5.07659e+06
51 3.94001e+06
45 3.40251e+06
50 3.76605e+06
47 3.53545e+06
Thế hệ thứ: 39
75 5.38673e+06
31 2.95429e+06
99 9.8634e+06
100 1.01754e+07
42 3.06683e+06
78 5.89109e+06
86 8.09808e+06
95 9.31436e+06
33 2.99478e+06
81 5.89566e+06
67 4.83288e+06
87 8.28481e+06
94 8.49313e+06
41 2.99994e+06
63 4.35952e+06
73 5.34221e+06
89 8.34017e+06
76 5.60452e+06
57 4.30195e+06
32 2.99263e+06
56 4.20361e+06
77 5.77318e+06
62 4.35873e+06
44 3.38279e+06
53 4.03071e+06
68 5.05208e+06
50 3.76605e+06
72 5.07683e+06
71 5.07659e+06
51 3.94001e+06
52 3.95379e+06
46 3.46654e+06
45 3.40251e+06
50 3.76605e+06
47 3.5216e+06
85 6.47145e+06
Thế hệ thứ: 40
75 5.38673e+06
31 2.95429e+06
99 9.8634e+06
100 1.01754e+07
85 6.47145e+06
78 5.89109e+06
86 8.09808e+06
95 9.31436e+06
33 2.99478e+06
81 5.89566e+06
87 8.28481e+06
94 8.49313e+06
41 2.99994e+06
63 4.35952e+06
89 8.34017e+06
57 4.30195e+06
47 3.5216e+06
42 3.06683e+06
56 4.20361e+06
62 4.35873e+06
77 5.77318e+06
44 3.38279e+06
53 4.03071e+06
68 5.05208e+06
73 5.34221e+06
76 5.60452e+06
50 3.76605e+06
72 5.07683e+06
71 5.07659e+06
51 3.94001e+06
52 3.95379e+06
46 3.46654e+06
45 3.40251e+06
50 3.76605e+06
67 4.66687e+06
32 2.98618e+06
Thế hệ thứ: 41
75 5.38673e+06
31 2.95429e+06
99 9.8634e+06
100 1.01754e+07
85 6.47145e+06
78 5.89109e+06
95 9.31436e+06
81 5.89566e+06
87 8.28481e+06
94 8.49313e+06
67 4.66687e+06
41 2.99994e+06
89 8.34017e+06
63 4.35952e+06
68 5.05208e+06
57 4.30195e+06
47 3.5216e+06
42 3.06683e+06
56 4.20361e+06
77 5.77318e+06
62 4.35873e+06
44 3.38279e+06
53 4.03071e+06
73 5.34221e+06
76 5.60452e+06
50 3.76605e+06
72 5.07683e+06
71 5.07659e+06
51 3.94001e+06
52 3.95379e+06
46 3.46654e+06
45 3.40251e+06
50 3.76605e+06
32 2.98618e+06
33 2.99188e+06
86 6.90247e+06
Thế hệ thứ: 42
75 5.38673e+06
31 2.95429e+06
99 9.8634e+06
100 1.01754e+07
85 6.47145e+06
33 2.99188e+06
86 6.90247e+06
95 9.31436e+06
81 5.89566e+06
67 4.66687e+06
41 2.99994e+06
63 4.35952e+06
68 5.05208e+06
57 4.30195e+06
47 3.5216e+06
42 3.06683e+06
56 4.20361e+06
77 5.77318e+06
62 4.35873e+06
44 3.38279e+06
53 4.03071e+06
73 5.34221e+06
76 5.60452e+06
50 3.76605e+06
78 5.89109e+06
72 5.07683e+06
71 5.07659e+06
51 3.94001e+06
52 3.95379e+06
46 3.46654e+06
45 3.40251e+06
50 3.76605e+06
32 2.98618e+06
94 8.28247e+06
Thế hệ thứ: 43
75 5.38673e+06
31 2.95429e+06
99 9.8634e+06
100 1.01754e+07
85 6.47145e+06
33 2.99188e+06
86 6.90247e+06
94 8.28247e+06
95 9.31436e+06
81 5.89566e+06
67 4.66687e+06
41 2.99994e+06
63 4.35952e+06
68 5.05208e+06
47 3.5216e+06
42 3.06683e+06
56 4.20361e+06
62 4.35873e+06
44 3.38279e+06
53 4.03071e+06
73 5.34221e+06
76 5.60452e+06
50 3.76605e+06
78 5.89109e+06
72 5.07683e+06
71 5.07659e+06
51 3.94001e+06
66 4.65997e+06
52 3.95379e+06
46 3.46654e+06
45 3.40251e+06
50 3.76605e+06
32 2.98618e+06
57 4.2221e+06
77 5.68513e+06
Thế hệ thứ: 44
75 5.38673e+06
31 2.95429e+06
99 9.8634e+06
100 1.01754e+07
57 4.2221e+06
85 6.47145e+06
86 6.90247e+06
94 8.28247e+06
95 9.31436e+06
81 5.89566e+06
41 2.99994e+06
68 5.05208e+06
62 4.35873e+06
52 3.95379e+06
46 3.46654e+06
66 4.65997e+06
63 4.35952e+06
47 3.5216e+06
42 3.06683e+06
44 3.38279e+06
53 4.03071e+06
78 5.89109e+06
73 5.34221e+06
56 4.20361e+06
67 4.66687e+06
50 3.76605e+06
72 5.07683e+06
71 5.07659e+06
51 3.94001e+06
45 3.40251e+06
50 3.76605e+06
32 2.98618e+06
33 2.98936e+06
77 5.54967e+06
84 6.23558e+06
Thế hệ thứ: 45
41 2.99994e+06
75 5.38673e+06
31 2.95429e+06
99 9.8634e+06
100 1.01754e+07
86 6.90247e+06
94 8.28247e+06
73 5.34221e+06
84 6.23558e+06
95 9.31436e+06
81 5.89566e+06
33 2.98936e+06
57 4.2221e+06
85 6.47145e+06
68 5.05208e+06
77 5.54967e+06
62 4.35873e+06
78 5.89109e+06
52 3.95379e+06
46 3.46654e+06
66 4.65997e+06
63 4.35952e+06
47 3.5216e+06
42 3.06683e+06
44 3.38279e+06
56 4.20361e+06
67 4.66687e+06
50 3.76605e+06
72 5.07683e+06
71 5.07659e+06
51 3.94001e+06
45 3.40251e+06
50 3.76605e+06
32 2.98618e+06
54 3.96994e+06
Thế hệ thứ: 46
41 2.99994e+06
75 5.38673e+06
31 2.95429e+06
99 9.8634e+06
100 1.01754e+07
86 6.90247e+06
86 6.90247e+06
94 8.28247e+06
84 6.23558e+06
95 9.31436e+06
81 5.89566e+06
57 4.2221e+06
85 6.47145e+06
68 5.05208e+06
77 5.54967e+06
62 4.35873e+06
78 5.89109e+06
46 3.46654e+06
52 3.95379e+06
66 4.65997e+06
63 4.35952e+06
47 3.5216e+06
42 3.06683e+06
54 3.96994e+06
44 3.38279e+06
67 4.66687e+06
56 4.20361e+06
50 3.76605e+06
72 5.07683e+06
71 5.07659e+06
51 3.94001e+06
45 3.40251e+06
50 3.76605e+06
73 5.19919e+06
48 3.54074e+06
33 2.96771e+06
Thế hệ thứ: 47
41 2.99994e+06
75 5.38673e+06
99 9.8634e+06
100 1.01754e+07
31 2.87956e+06
86 6.90247e+06
86 6.90247e+06
94 8.28247e+06
95 9.31436e+06
50 3.76605e+06
33 2.96771e+06
84 6.23558e+06
81 5.89566e+06
85 6.47145e+06
57 4.2221e+06
68 5.05208e+06
77 5.54967e+06
62 4.35873e+06
78 5.89109e+06
46 3.46654e+06
52 3.95379e+06
66 4.65997e+06
63 4.35952e+06
42 3.06683e+06
54 3.96994e+06
44 3.38279e+06
73 5.19919e+06
67 4.66687e+06
56 4.20361e+06
48 3.54074e+06
71 5.07659e+06
51 3.94001e+06
72 5.07683e+06
45 3.40251e+06
47 3.5216e+06
50 3.76605e+06
88 8.10018e+06
Thế hệ thứ: 48
99 9.8634e+06
31 2.87956e+06
100 1.01754e+07
88 8.10018e+06
95 9.31436e+06
86 6.90247e+06
86 6.90247e+06
94 8.28247e+06
50 3.76605e+06
33 2.96771e+06
41 2.99994e+06
84 6.23558e+06
81 5.89566e+06
57 4.2221e+06
85 6.47145e+06
68 5.05208e+06
77 5.54967e+06
75 5.38673e+06
62 4.35873e+06
78 5.89109e+06
46 3.46654e+06
52 3.95379e+06
66 4.65997e+06
63 4.35952e+06
42 3.06683e+06
54 3.96994e+06
44 3.38279e+06
73 5.19919e+06
67 4.66687e+06
56 4.20361e+06
48 3.54074e+06
71 5.07659e+06
51 3.94001e+06
72 5.07683e+06
45 3.40251e+06
47 3.5216e+06
50 3.76605e+06
Thế hệ thứ: 49
99 9.8634e+06
100 1.01754e+07
31 2.87956e+06
88 8.10018e+06
95 9.31436e+06
86 6.90247e+06
86 6.90247e+06
94 8.28247e+06
50 3.76605e+06
41 2.99994e+06
84 6.23558e+06
81 5.89566e+06
57 4.2221e+06
85 6.47145e+06
68 5.05208e+06
77 5.54967e+06
75 5.38673e+06
62 4.35873e+06
78 5.89109e+06
46 3.46654e+06
52 3.95379e+06
66 4.65997e+06
63 4.35952e+06
42 3.06683e+06
54 3.96994e+06
44 3.38279e+06
73 5.19919e+06
67 4.66687e+06
56 4.20361e+06
48 3.54074e+06
71 5.07659e+06
50 3.76605e+06
51 3.94001e+06
72 5.07683e+06
45 3.40251e+06
47 3.5216e+06
33 2.88792e+06
49 3.54234e+06
