Thế hệ thứ: 0
57 6.04673e+06
64 6.55744e+06
88 1.17248e+07
59 6.42891e+06
94 1.1741e+07
69 6.75366e+06
36 3.83081e+06
76 9.09654e+06
74 7.69528e+06
65 6.66337e+06
98 1.31243e+07
72 7.18643e+06
Thế hệ thứ: 1
94 1.1741e+07
59 6.42891e+06
69 6.75366e+06
98 1.31243e+07
65 6.66337e+06
57 6.04673e+06
74 7.69528e+06
88 1.11325e+07
36 3.83081e+06
72 7.18643e+06
64 6.55744e+06
83 8.95298e+06
49 5.61835e+06
47 4.41446e+06
41 3.91937e+06
99 1.6367e+07
76 7.93076e+06
85 1.06928e+07
55 5.72631e+06
43 4.31326e+06
Thế hệ thứ: 2
69 6.75366e+06
55 5.72631e+06
98 1.31243e+07
59 6.42891e+06
65 6.66337e+06
47 4.41446e+06
45 4.06916e+06
41 3.91937e+06
74 7.69528e+06
83 8.95298e+06
36 3.83081e+06
72 7.18643e+06
76 7.93076e+06
64 6.55744e+06
99 1.53505e+07
85 9.68772e+06
52 4.51731e+06
35 3.70857e+06
95 1.01196e+07
58 5.99485e+06
Thế hệ thứ: 3
55 5.72631e+06
98 1.31243e+07
69 6.75366e+06
74 7.69528e+06
52 4.51731e+06
99 1.53505e+07
72 7.18643e+06
35 3.70857e+06
95 1.01196e+07
31 3.47687e+06
73 7.30267e+06
54 5.24496e+06
78 7.85814e+06
47 4.04355e+06
51 4.31292e+06
88 8.40984e+06
68 5.87458e+06
45 3.72123e+06
Thế hệ thứ: 4
78 7.85814e+06
98 1.31243e+07
35 3.70857e+06
95 1.01196e+07
99 1.53505e+07
72 7.18643e+06
73 7.30267e+06
45 3.72123e+06
74 7.69528e+06
52 4.51731e+06
51 4.31292e+06
88 8.40984e+06
68 5.87458e+06
59 5.03529e+06
32 3.38134e+06
47 4.03591e+06
69 6.16188e+06
96 1.15831e+07
Thế hệ thứ: 5
96 1.15831e+07
98 1.31243e+07
78 7.85814e+06
45 3.72123e+06
95 1.01196e+07
47 4.03591e+06
51 4.31292e+06
61 4.99754e+06
88 8.40984e+06
52 4.51731e+06
68 5.87458e+06
69 6.16188e+06
32 3.38134e+06
38 3.61283e+06
75 6.73867e+06
92 9.9071e+06
99 1.43299e+07
Thế hệ thứ: 6
78 7.85814e+06
98 1.31243e+07
47 4.03591e+06
32 3.38134e+06
96 1.15831e+07
51 4.31292e+06
75 6.73867e+06
38 3.61283e+06
46 4.0231e+06
88 8.40984e+06
61 4.99754e+06
45 3.72123e+06
99 1.43299e+07
95 1.01196e+07
92 9.9071e+06
28 2.9091e+06
57 4.44389e+06
69 5.86184e+06
Thế hệ thứ: 7
95 1.01196e+07
61 4.99754e+06
88 8.40984e+06
47 4.03591e+06
98 1.31243e+07
57 4.44389e+06
96 1.15831e+07
51 4.31292e+06
28 2.9091e+06
75 6.73867e+06
69 5.86184e+06
45 3.72123e+06
38 3.61283e+06
99 1.43299e+07
92 9.9071e+06
32 3.35774e+06
72 6.67771e+06
46 3.80997e+06
81 7.56557e+06
59 4.66041e+06
Thế hệ thứ: 8
46 3.80997e+06
61 4.99754e+06
88 8.40984e+06
95 1.01196e+07
69 5.86184e+06
57 4.44389e+06
98 1.31243e+07
47 4.03591e+06
72 6.67771e+06
59 4.66041e+06
81 7.56557e+06
28 2.9091e+06
96 1.15831e+07
45 3.72123e+06
38 3.61283e+06
99 1.43299e+07
32 3.35774e+06
92 9.9071e+06
51 4.31292e+06
75 6.73867e+06
64 5.68772e+06
62 5.05079e+06
36 3.39848e+06
27 2.8978e+06
Thế hệ thứ: 9
95 1.01196e+07
61 4.99754e+06
88 8.40984e+06
46 3.80997e+06
38 3.61283e+06
81 7.56557e+06
28 2.9091e+06
45 3.72123e+06
96 1.15831e+07
69 5.86184e+06
75 6.73867e+06
57 4.44389e+06
36 3.39848e+06
98 1.31243e+07
72 6.67771e+06
59 4.66041e+06
99 1.43299e+07
32 3.35774e+06
92 9.9071e+06
64 5.68772e+06
62 5.05079e+06
27 2.8978e+06
29 3.12307e+06
48 3.99307e+06
53 4.1652e+06
86 7.83799e+06
Thế hệ thứ: 10
99 1.43299e+07
46 3.80997e+06
61 4.99754e+06
88 8.40984e+06
95 1.01196e+07
38 3.61283e+06
29 3.12307e+06
28 2.9091e+06
81 7.56557e+06
92 9.9071e+06
45 3.72123e+06
48 3.99307e+06
53 4.1652e+06
96 1.15831e+07
69 5.86184e+06
86 7.83799e+06
64 5.68772e+06
57 4.44389e+06
98 1.31243e+07
36 3.39848e+06
62 5.05079e+06
27 2.8978e+06
59 4.66041e+06
75 5.90319e+06
60 4.6729e+06
33 3.27014e+06
Thế hệ thứ: 11
29 3.12307e+06
95 1.01196e+07
61 4.99754e+06
88 8.40984e+06
46 3.80997e+06
60 4.6729e+06
86 7.83799e+06
75 5.90319e+06
38 3.61283e+06
57 4.44389e+06
64 5.49105e+06
69 5.86184e+06
81 7.56557e+06
28 2.9091e+06
33 3.27014e+06
36 3.39848e+06
98 1.31243e+07
92 9.9071e+06
45 3.72123e+06
62 5.05079e+06
48 3.99307e+06
96 1.15831e+07
42 3.63601e+06
53 4.1652e+06
27 2.8978e+06
59 4.66041e+06
51 4.1154e+06
99 1.42303e+07
Thế hệ thứ: 12
29 3.12307e+06
46 3.80997e+06
60 4.6729e+06
61 4.99754e+06
88 8.40984e+06
95 1.01196e+07
45 3.72123e+06
92 9.9071e+06
62 5.05079e+06
51 4.07437e+06
48 3.99307e+06
42 3.63601e+06
53 4.1652e+06
96 1.15831e+07
86 7.83799e+06
28 2.9091e+06
75 5.90319e+06
27 2.8978e+06
59 4.66041e+06
38 3.61283e+06
81 6.49437e+06
57 4.44389e+06
64 5.49105e+06
69 5.86184e+06
33 3.27014e+06
98 1.31243e+07
36 3.39848e+06
100 1.40925e+07
Thế hệ thứ: 13
29 3.12307e+06
64 5.49105e+06
81 6.49437e+06
57 4.44389e+06
95 1.01196e+07
61 4.99754e+06
88 8.40984e+06
75 5.90319e+06
46 3.80997e+06
60 4.6729e+06
27 2.8978e+06
59 4.66041e+06
36 3.39848e+06
45 3.72123e+06
86 7.83799e+06
92 9.9071e+06
62 5.05079e+06
51 4.07437e+06
69 5.86184e+06
38 3.61283e+06
96 1.15831e+07
42 3.63601e+06
53 4.1652e+06
100 1.40925e+07
33 3.27014e+06
28 2.9091e+06
48 3.9777e+06
98 1.26682e+07
Thế hệ thứ: 14
29 3.12307e+06
57 4.44389e+06
81 6.49437e+06
98 1.26682e+07
53 4.1652e+06
96 1.15831e+07
88 8.40984e+06
95 1.01196e+07
75 5.90319e+06
69 5.86184e+06
86 7.83799e+06
60 4.6729e+06
46 3.80997e+06
27 2.8978e+06
59 4.66041e+06
36 3.39848e+06
33 3.27014e+06
48 3.9777e+06
28 2.9091e+06
92 9.9071e+06
62 5.05079e+06
51 4.07437e+06
68 5.32337e+06
76 5.96701e+06
41 3.58714e+06
45 3.6019e+06
61 4.98475e+06
100 1.39898e+07
56 4.42553e+06
Thế hệ thứ: 15
29 3.12307e+06
33 3.27014e+06
81 6.49437e+06
57 4.44389e+06
53 4.1652e+06
96 1.15831e+07
98 1.26682e+07
48 3.9777e+06
88 8.40984e+06
51 4.07437e+06
95 1.01196e+07
59 4.66041e+06
75 5.90319e+06
76 5.96701e+06
45 3.6019e+06
69 5.86184e+06
68 5.32337e+06
86 7.83799e+06
46 3.80997e+06
60 4.6729e+06
92 9.9071e+06
41 3.58714e+06
100 1.39898e+07
36 3.39848e+06
56 4.42553e+06
62 4.84785e+06
63 5.26209e+06
28 2.88623e+06
Thế hệ thứ: 16
53 4.1652e+06
96 1.15831e+07
75 5.90319e+06
86 7.83799e+06
29 3.12307e+06
100 1.39898e+07
57 4.44389e+06
81 6.49437e+06
92 9.9071e+06
60 4.6729e+06
76 5.96701e+06
98 1.26682e+07
48 3.9777e+06
41 3.58714e+06
88 8.40984e+06
69 5.86184e+06
45 3.6019e+06
95 1.01196e+07
68 5.32337e+06
59 4.66041e+06
56 4.42553e+06
62 4.84785e+06
63 5.26209e+06
28 2.88623e+06
36 3.24976e+06
46 3.80089e+06
51 4.04698e+06
Thế hệ thứ: 17
53 4.1652e+06
96 1.15831e+07
45 3.6019e+06
69 5.86184e+06
68 5.32337e+06
41 3.58714e+06
86 7.83799e+06
88 8.40984e+06
75 5.90319e+06
29 3.12307e+06
100 1.39898e+07
57 4.44389e+06
81 6.49437e+06
95 1.01196e+07
46 3.80089e+06
36 3.24976e+06
59 4.66041e+06
92 9.9071e+06
56 4.42553e+06
62 4.84785e+06
60 4.6729e+06
48 3.9777e+06
51 4.04698e+06
76 5.96701e+06
98 1.26682e+07
49 4.01622e+06
50 4.04621e+06
44 3.59339e+06
63 4.98736e+06
28 2.87512e+06
Thế hệ thứ: 18
98 1.26682e+07
96 1.15831e+07
53 4.1652e+06
68 5.32337e+06
45 3.6019e+06
69 5.86184e+06
60 4.6729e+06
41 3.58714e+06
48 3.9777e+06
44 3.59339e+06
86 7.83799e+06
88 8.40984e+06
59 4.66041e+06
75 5.90319e+06
50 4.04621e+06
57 4.44389e+06
81 6.49437e+06
95 1.01196e+07
51 4.04698e+06
46 3.80089e+06
36 3.24976e+06
49 4.01622e+06
28 2.87512e+06
63 4.98736e+06
92 9.9071e+06
56 4.42553e+06
62 4.84785e+06
76 5.96701e+06
100 1.3792e+07
58 4.60191e+06
38 3.55802e+06
29 2.88685e+06
55 4.37152e+06
78 6.08147e+06
Thế hệ thứ: 19
96 1.15831e+07
53 4.1652e+06
98 1.26682e+07
46 3.80089e+06
36 3.24976e+06
45 3.6019e+06
68 5.32337e+06
49 4.01622e+06
60 4.6729e+06
41 3.58714e+06
28 2.87512e+06
48 3.9777e+06
44 3.59339e+06
63 4.98736e+06
86 7.83799e+06
92 9.9071e+06
56 4.42553e+06
55 4.37152e+06
88 8.40984e+06
62 4.84785e+06
78 6.08147e+06
59 4.66041e+06
75 5.90319e+06
76 5.96701e+06
100 1.3792e+07
50 4.04621e+06
58 4.60191e+06
57 4.44389e+06
81 6.49437e+06
95 1.01196e+07
51 4.04698e+06
38 3.55802e+06
29 2.88685e+06
64 5.07481e+06
54 4.16597e+06
69 5.33815e+06
37 3.51132e+06
40 3.55855e+06
47 3.80157e+06
Thế hệ thứ: 20
98 1.26682e+07
36 3.24004e+06
96 1.15831e+07
53 4.1652e+06
69 5.33815e+06
45 3.6019e+06
58 4.60191e+06
46 3.80089e+06
57 4.44389e+06
81 6.49437e+06
100 1.27858e+07
68 5.32337e+06
49 4.01622e+06
92 9.9071e+06
95 1.01196e+07
60 4.6729e+06
40 3.55855e+06
28 2.87512e+06
48 3.9777e+06
63 4.98736e+06
47 3.80157e+06
86 7.83799e+06
51 4.04698e+06
56 4.42553e+06
88 8.40984e+06
55 4.37152e+06
62 4.84785e+06
78 6.08147e+06
38 3.55802e+06
59 4.66041e+06
29 2.88685e+06
75 5.90319e+06
64 5.07481e+06
54 4.16597e+06
76 5.96701e+06
50 4.04621e+06
37 3.25558e+06
44 3.57286e+06
32 3.15478e+06
27 2.8205e+06
Thế hệ thứ: 21
27 2.8205e+06
36 3.24004e+06
96 1.15831e+07
53 4.1652e+06
37 3.25558e+06
98 1.26682e+07
54 4.16597e+06
56 4.42553e+06
64 5.07481e+06
45 3.6019e+06
69 5.33815e+06
58 4.60191e+06
55 4.37152e+06
88 8.40984e+06
46 3.80089e+06
62 4.84785e+06
78 6.08147e+06
57 4.44389e+06
81 6.49437e+06
100 1.27858e+07
68 5.32337e+06
49 4.01622e+06
92 9.9071e+06
95 1.01196e+07
32 3.15478e+06
60 4.6729e+06
75 5.90319e+06
28 2.87512e+06
48 3.9777e+06
48 3.9777e+06
44 3.57286e+06
59 4.66041e+06
50 4.04621e+06
63 4.98736e+06
47 3.80157e+06
86 7.83799e+06
76 5.96701e+06
29 2.88685e+06
51 4.04698e+06
35 3.16332e+06
40 3.55481e+06
Thế hệ thứ: 22
37 3.25558e+06
98 1.26682e+07
27 2.8205e+06
36 3.24004e+06
96 1.15831e+07
53 4.1652e+06
54 4.16597e+06
40 3.55481e+06
56 4.42553e+06
64 5.07481e+06
48 3.9777e+06
48 3.9777e+06
35 3.16332e+06
69 5.33815e+06
45 3.6019e+06
58 4.60191e+06
88 8.40984e+06
55 4.37152e+06
76 5.96701e+06
44 3.57286e+06
59 4.66041e+06
46 3.80089e+06
51 4.04698e+06
62 4.84785e+06
47 3.80157e+06
78 6.08147e+06
50 4.04621e+06
57 4.44389e+06
81 6.49437e+06
100 1.27858e+07
68 5.32337e+06
49 4.01622e+06
92 9.9071e+06
95 1.01196e+07
63 4.98736e+06
32 3.15478e+06
60 4.6729e+06
75 5.90319e+06
86 7.83799e+06
29 2.88685e+06
28 2.87512e+06
41 3.56214e+06
Thế hệ thứ: 23
27 2.8205e+06
36 3.24004e+06
96 1.15831e+07
53 4.1652e+06
37 3.25558e+06
98 1.26682e+07
28 2.87512e+06
54 4.16597e+06
40 3.55481e+06
56 4.42553e+06
64 5.07481e+06
48 3.9777e+06
48 3.9777e+06
68 5.32337e+06
100 1.27858e+07
35 3.16332e+06
29 2.88685e+06
86 7.83799e+06
45 3.6019e+06
69 5.33815e+06
58 4.60191e+06
55 4.37152e+06
88 8.40984e+06
75 5.90319e+06
76 5.96701e+06
44 3.57286e+06
59 4.66041e+06
49 4.01622e+06
60 4.6729e+06
92 9.9071e+06
46 3.80089e+06
51 4.04698e+06
62 4.84785e+06
47 3.80157e+06
78 6.08147e+06
63 4.98736e+06
95 1.01196e+07
50 4.04621e+06
32 3.15478e+06
57 4.44389e+06
81 6.49437e+06
41 3.56214e+06
Thế hệ thứ: 24
37 3.25558e+06
98 1.26682e+07
36 3.24004e+06
27 2.8205e+06
96 1.15831e+07
53 4.1652e+06
47 3.80157e+06
28 2.87512e+06
32 3.15478e+06
54 4.16597e+06
29 2.88685e+06
40 3.55481e+06
56 4.42553e+06
64 5.07481e+06
57 4.44389e+06
81 6.49437e+06
48 3.9777e+06
48 3.9777e+06
68 5.32337e+06
100 1.27858e+07
35 3.16332e+06
41 3.56214e+06
86 7.83799e+06
69 5.33815e+06
45 3.6019e+06
88 8.40984e+06
55 4.37152e+06
75 5.90319e+06
76 5.96701e+06
44 3.57286e+06
59 4.66041e+06
49 4.01622e+06
60 4.6729e+06
92 9.9071e+06
63 4.98736e+06
95 1.01196e+07
50 4.04621e+06
78 6.01363e+06
46 3.80089e+06
51 4.04698e+06
62 4.84785e+06
58 4.47468e+06
82 7.30464e+06
Thế hệ thứ: 25
48 3.9777e+06
48 3.9777e+06
53 4.1652e+06
36 3.24004e+06
27 2.8205e+06
98 1.26682e+07
37 3.25558e+06
49 4.01622e+06
82 7.30464e+06
47 3.80157e+06
28 2.87512e+06
32 3.15478e+06
95 1.01196e+07
58 4.47468e+06
29 2.88685e+06
40 3.55481e+06
56 4.42553e+06
62 4.84785e+06
60 4.6729e+06
64 5.07481e+06
51 4.04698e+06
57 4.44389e+06
81 6.49437e+06
78 6.01363e+06
68 5.32337e+06
100 1.27858e+07
63 4.98736e+06
35 3.16332e+06
41 3.56214e+06
86 7.83799e+06
45 3.6019e+06
69 5.33815e+06
92 9.9071e+06
55 4.37152e+06
88 8.40984e+06
50 4.04621e+06
75 5.90319e+06
76 5.96701e+06
44 3.57286e+06
59 4.66041e+06
54 4.16597e+06
46 3.76078e+06
96 1.15803e+07
Thế hệ thứ: 26
48 3.9777e+06
48 3.9777e+06
44 3.57286e+06
98 1.26682e+07
37 3.25558e+06
53 4.1652e+06
36 3.24004e+06
27 2.8205e+06
86 7.83799e+06
69 5.33815e+06
45 3.6019e+06
49 4.01622e+06
49 4.01622e+06
82 7.30464e+06
47 3.80157e+06
28 2.87512e+06
32 3.15478e+06
59 4.66041e+06
54 4.16597e+06
95 1.01196e+07
58 4.47468e+06
29 2.88685e+06
40 3.55481e+06
76 5.96701e+06
56 4.42553e+06
62 4.84785e+06
75 5.90319e+06
60 4.6729e+06
96 1.15803e+07
64 5.07481e+06
51 4.04698e+06
50 4.04621e+06
57 4.44389e+06
81 6.49437e+06
78 6.01363e+06
38 3.5266e+06
55 4.37152e+06
88 8.40984e+06
68 5.32337e+06
100 1.27858e+07
63 4.98736e+06
46 3.60417e+06
35 3.16332e+06
41 3.56214e+06
67 5.26813e+06
92 8.47028e+06
Thế hệ thứ: 27
35 3.16332e+06
46 3.60417e+06
63 4.98736e+06
44 3.57286e+06
98 1.26682e+07
37 3.25558e+06
75 5.90319e+06
27 2.8205e+06
36 3.24004e+06
53 4.1652e+06
86 7.83799e+06
45 3.6019e+06
100 1.27858e+07
82 7.30464e+06
60 4.6729e+06
47 3.80157e+06
28 2.87512e+06
32 3.15478e+06
88 8.40984e+06
71 5.21144e+06
38 3.5266e+06
55 4.37152e+06
59 4.66041e+06
96 1.15803e+07
95 1.01196e+07
54 4.16597e+06
58 4.47468e+06
29 2.88685e+06
57 4.44389e+06
81 6.49437e+06
64 5.07481e+06
78 6.01363e+06
40 3.55481e+06
76 5.96701e+06
56 4.42553e+06
62 4.84785e+06
41 3.56214e+06
92 8.47028e+06
34 3.1557e+06
52 3.93295e+06
Thế hệ thứ: 28
92 8.47028e+06
46 3.60417e+06
35 3.16332e+06
29 2.88685e+06
81 6.49437e+06
57 4.44389e+06
44 3.57286e+06
37 3.25558e+06
98 1.26682e+07
75 5.90319e+06
64 5.07481e+06
53 4.1652e+06
36 3.24004e+06
27 2.8205e+06
52 3.93295e+06
86 7.83799e+06
78 6.01363e+06
45 3.6019e+06
34 3.1557e+06
76 5.96701e+06
100 1.27858e+07
56 4.42553e+06
82 7.30464e+06
60 4.6729e+06
47 3.80157e+06
28 2.87512e+06
32 3.15478e+06
62 4.84785e+06
55 4.37152e+06
38 3.5266e+06
88 8.40984e+06
71 5.21144e+06
59 4.66041e+06
96 1.15803e+07
54 4.16597e+06
95 1.01196e+07
40 3.54265e+06
58 4.47468e+06
41 3.56214e+06
63 4.87461e+06
74 5.60714e+06
Thế hệ thứ: 29
86 7.83799e+06
52 3.93295e+06
29 2.88685e+06
46 3.60417e+06
35 3.16332e+06
28 2.87512e+06
92 8.47028e+06
32 3.15478e+06
40 3.54265e+06
81 6.49437e+06
44 3.57286e+06
62 4.84785e+06
98 1.26682e+07
37 3.25558e+06
75 5.90319e+06
64 5.07481e+06
88 8.40984e+06
71 5.21144e+06
38 3.5266e+06
55 4.37152e+06
27 2.8205e+06
53 4.1652e+06
78 6.01363e+06
45 3.6019e+06
34 3.1557e+06
59 4.66041e+06
76 5.96701e+06
100 1.27858e+07
56 4.42553e+06
82 7.30464e+06
54 4.16597e+06
95 1.01196e+07
60 4.6729e+06
47 3.80157e+06
63 4.87461e+06
74 5.60714e+06
41 3.55202e+06
58 4.43789e+06
96 1.12904e+07
36 3.16684e+06
Thế hệ thứ: 30
86 7.83799e+06
52 3.93295e+06
58 4.43789e+06
41 3.55202e+06
75 5.90319e+06
45 3.6019e+06
34 3.1557e+06
35 3.16332e+06
46 3.60417e+06
36 3.16684e+06
29 2.88685e+06
28 2.87512e+06
92 8.47028e+06
59 4.66041e+06
76 5.96701e+06
32 3.15478e+06
40 3.54265e+06
74 5.60714e+06
100 1.27858e+07
81 6.49437e+06
54 4.16597e+06
95 1.01196e+07
44 3.57286e+06
62 4.84785e+06
37 3.25558e+06
98 1.26682e+07
63 4.87461e+06
63 4.87461e+06
64 5.07481e+06
82 7.30464e+06
96 1.12904e+07
55 4.37152e+06
38 3.5266e+06
88 8.40984e+06
71 5.21144e+06
47 3.80157e+06
53 4.1652e+06
27 2.8205e+06
56 4.42553e+06
78 6.01363e+06
60 4.6729e+06
50 3.88578e+06
Thế hệ thứ: 31
35 3.16332e+06
46 3.60417e+06
60 4.6729e+06
75 5.90319e+06
72 5.36986e+06
41 3.55202e+06
58 4.43789e+06
86 7.83799e+06
52 3.93295e+06
82 7.30464e+06
96 1.12904e+07
50 3.88578e+06
62 4.84785e+06
45 3.6019e+06
34 3.1557e+06
100 1.27858e+07
29 2.88685e+06
36 3.16684e+06
28 2.87512e+06
88 8.40984e+06
71 5.21144e+06
38 3.5266e+06
55 4.37152e+06
92 8.47028e+06
59 4.66041e+06
76 5.96701e+06
40 3.54265e+06
74 5.60714e+06
47 3.80157e+06
81 6.49437e+06
27 2.8205e+06
53 4.1652e+06
95 1.01196e+07
54 4.16597e+06
44 3.57286e+06
78 6.01363e+06
98 1.26682e+07
37 3.25558e+06
63 4.87461e+06
63 4.87461e+06
64 5.07481e+06
57 4.37454e+06
33 3.14711e+06
Thế hệ thứ: 32
64 5.07481e+06
35 3.16332e+06
46 3.60417e+06
58 4.43789e+06
41 3.55202e+06
72 5.36986e+06
75 5.90319e+06
60 4.6729e+06
81 6.49437e+06
52 3.93295e+06
86 7.83799e+06
82 7.30464e+06
96 1.12904e+07
36 3.16684e+06
29 2.88685e+06
50 3.88578e+06
62 4.84785e+06
53 4.1652e+06
27 2.8205e+06
45 3.6019e+06
34 3.1557e+06
100 1.27858e+07
54 4.16597e+06
95 1.01196e+07
57 4.37454e+06
33 3.14711e+06
28 2.87512e+06
55 4.37152e+06
38 3.5266e+06
88 8.40984e+06
71 5.21144e+06
44 3.57286e+06
92 8.47028e+06
78 6.01363e+06
37 3.25558e+06
98 1.26682e+07
59 4.66041e+06
76 5.96701e+06
63 4.87461e+06
63 4.87461e+06
40 3.54265e+06
74 5.60714e+06
73 5.49678e+06
47 3.73941e+06
Thế hệ thứ: 33
35 3.16332e+06
46 3.60417e+06
75 5.90319e+06
58 4.43789e+06
72 5.36986e+06
55 4.37152e+06
88 8.40984e+06
44 3.57286e+06
60 4.6729e+06
51 3.8696e+06
92 8.47028e+06
73 5.49678e+06
81 6.49437e+06
78 6.01363e+06
86 7.83799e+06
52 3.93295e+06
82 7.30464e+06
96 1.12904e+07
98 1.26682e+07
37 3.25558e+06
29 2.88685e+06
36 3.16684e+06
27 2.8205e+06
53 4.1652e+06
59 4.66041e+06
45 3.6019e+06
76 5.96701e+06
34 3.1557e+06
100 1.27858e+07
57 4.37454e+06
95 1.01196e+07
54 4.16597e+06
33 3.14711e+06
74 5.60714e+06
28 2.87512e+06
71 5.18134e+06
47 3.73941e+06
64 4.7951e+06
43 3.34372e+06
Thế hệ thứ: 34
35 3.16332e+06
46 3.60417e+06
45 3.6019e+06
58 4.43789e+06
72 5.36986e+06
75 5.90319e+06
74 5.60714e+06
76 5.96701e+06
88 8.40984e+06
55 4.37152e+06
28 2.87512e+06
44 3.57286e+06
60 4.6729e+06
51 3.8696e+06
71 5.18134e+06
47 3.73941e+06
92 8.47028e+06
81 6.49437e+06
73 5.49678e+06
78 6.01363e+06
64 4.7951e+06
52 3.93295e+06
86 7.83799e+06
43 3.34372e+06
82 7.30464e+06
96 1.12904e+07
37 3.25558e+06
98 1.26682e+07
100 1.27858e+07
36 3.16684e+06
29 2.88685e+06
54 4.16597e+06
95 1.01196e+07
57 4.37454e+06
53 4.1652e+06
27 2.8205e+06
59 4.66041e+06
34 3.11468e+06
Thế hệ thứ: 35
35 3.16332e+06
46 3.60417e+06
45 3.6019e+06
34 3.11468e+06
58 4.43789e+06
72 5.36986e+06
52 3.93295e+06
86 7.83799e+06
75 5.90319e+06
74 5.60714e+06
76 5.96701e+06
88 8.40984e+06
55 4.37152e+06
100 1.27858e+07
43 3.34372e+06
59 4.66041e+06
28 2.87512e+06
44 3.57286e+06
53 4.1652e+06
27 2.8205e+06
60 4.6729e+06
51 3.8696e+06
82 7.30464e+06
96 1.12904e+07
98 1.26682e+07
37 3.25558e+06
47 3.73941e+06
71 5.18134e+06
92 8.47028e+06
54 4.16597e+06
95 1.01196e+07
57 4.37454e+06
81 6.49437e+06
73 5.49678e+06
78 6.01363e+06
36 3.16684e+06
29 2.88685e+06
64 4.7951e+06
Thế hệ thứ: 36
36 3.16684e+06
29 2.88685e+06
35 3.16332e+06
46 3.60417e+06
45 3.6019e+06
34 3.11468e+06
58 4.43789e+06
72 5.36986e+06
98 1.26682e+07
37 3.25558e+06
71 5.18134e+06
47 3.73941e+06
86 7.83799e+06
52 3.93295e+06
75 5.90319e+06
74 5.60714e+06
57 4.37454e+06
95 1.01196e+07
54 4.16597e+06
76 5.96701e+06
88 8.40984e+06
55 4.37152e+06
92 8.47028e+06
100 1.27858e+07
43 3.34372e+06
64 4.7951e+06
78 6.01363e+06
28 2.87512e+06
44 3.57286e+06
81 6.49437e+06
73 5.49678e+06
53 4.1652e+06
27 2.8205e+06
51 3.8696e+06
96 1.12904e+07
82 7.30464e+06
60 4.48473e+06
80 6.45449e+06
61 4.50685e+06
Thế hệ thứ: 37
35 3.16332e+06
46 3.60417e+06
36 3.16684e+06
29 2.88685e+06
82 7.30464e+06
96 1.12904e+07
45 3.6019e+06
34 3.11468e+06
58 4.43789e+06
72 5.36986e+06
81 6.49437e+06
73 5.49678e+06
37 3.25558e+06
98 1.26682e+07
47 3.73941e+06
71 5.18134e+06
53 4.1652e+06
27 2.8205e+06
60 4.48473e+06
52 3.93295e+06
86 7.83799e+06
75 5.90319e+06
74 5.60714e+06
54 4.16597e+06
95 1.01196e+07
57 4.37454e+06
76 5.96701e+06
51 3.8696e+06
80 6.45449e+06
88 8.40984e+06
55 4.37152e+06
44 3.57286e+06
61 4.50685e+06
92 8.47028e+06
100 1.27858e+07
43 3.34372e+06
64 4.7951e+06
78 6.01363e+06
28 2.87512e+06
99 1.26988e+07
66 4.99468e+06
Thế hệ thứ: 38
53 4.1652e+06
27 2.8205e+06
36 3.16684e+06
29 2.88685e+06
35 3.16332e+06
46 3.60417e+06
82 7.30464e+06
96 1.12904e+07
51 3.8696e+06
80 6.45449e+06
66 4.99468e+06
45 3.6019e+06
34 3.11468e+06
58 4.43789e+06
72 5.36986e+06
92 8.47028e+06
99 1.26988e+07
73 5.49678e+06
81 6.49437e+06
28 2.87512e+06
98 1.26682e+07
37 3.25558e+06
47 3.73941e+06
71 5.18134e+06
88 8.40984e+06
55 4.37152e+06
44 3.57286e+06
61 4.50685e+06
78 6.01363e+06
100 1.27858e+07
60 4.48473e+06
86 7.83799e+06
52 3.93295e+06
64 4.7951e+06
75 5.90319e+06
74 5.60714e+06
57 4.37454e+06
95 1.01196e+07
54 4.16597e+06
76 5.96701e+06
43 3.34372e+06
Thế hệ thứ: 39
53 4.1652e+06
27 2.8205e+06
88 8.40984e+06
52 3.93295e+06
86 7.83799e+06
46 3.60417e+06
35 3.16332e+06
36 3.16684e+06
29 2.88685e+06
61 4.50685e+06
44 3.57286e+06
96 1.12904e+07
43 3.34372e+06
80 6.45449e+06
51 3.8696e+06
76 5.96701e+06
66 4.99468e+06
95 1.01196e+07
54 4.16597e+06
45 3.6019e+06
34 3.11468e+06
72 5.36986e+06
92 8.47028e+06
74 5.60714e+06
78 6.01363e+06
99 1.26988e+07
81 6.49437e+06
73 5.49678e+06
28 2.87512e+06
37 3.25558e+06
98 1.26682e+07
47 3.73941e+06
71 5.18134e+06
100 1.27858e+07
60 4.48473e+06
75 5.87079e+06
58 4.3193e+06
64 4.59925e+06
82 6.84232e+06
Thế hệ thứ: 40
88 8.40984e+06
52 3.93295e+06
86 7.83799e+06
100 1.2457e+07
60 4.48473e+06
53 4.1652e+06
27 2.8205e+06
58 4.3193e+06
78 6.01363e+06
82 6.84232e+06
51 3.8696e+06
35 3.16332e+06
46 3.60417e+06
29 2.88685e+06
36 3.16684e+06
80 6.41776e+06
44 3.57286e+06
61 4.50685e+06
96 1.12904e+07
76 5.96701e+06
43 3.34372e+06
73 5.49678e+06
81 6.49437e+06
66 4.99468e+06
75 5.87079e+06
28 2.87512e+06
95 1.01196e+07
54 4.16597e+06
45 3.6019e+06
34 3.11468e+06
37 3.25558e+06
72 5.36986e+06
71 5.18134e+06
47 3.73941e+06
92 8.47028e+06
74 5.60714e+06
65 4.60289e+06
64 4.57781e+06
Thế hệ thứ: 41
60 4.48473e+06
100 1.2457e+07
53 4.1652e+06
27 2.8205e+06
52 3.93295e+06
86 7.83799e+06
95 1.01196e+07
54 4.16597e+06
88 8.40984e+06
64 4.57781e+06
73 5.49678e+06
81 6.49437e+06
37 3.25558e+06
66 4.99468e+06
71 5.18134e+06
47 3.73941e+06
58 4.3193e+06
34 3.11468e+06
78 6.01363e+06
65 4.60289e+06
82 6.84232e+06
45 3.6019e+06
51 3.8696e+06
74 5.60714e+06
46 3.60417e+06
35 3.16332e+06
92 8.47028e+06
36 3.16684e+06
29 2.88685e+06
44 3.57286e+06
61 4.50685e+06
80 6.41776e+06
28 2.87512e+06
96 1.12904e+07
72 5.36986e+06
76 5.96701e+06
43 3.34372e+06
98 1.17385e+07
75 5.809e+06
Thế hệ thứ: 42
54 4.16597e+06
95 1.01196e+07
61 4.50618e+06
27 2.8205e+06
60 4.48473e+06
100 1.2457e+07
46 3.60417e+06
35 3.16332e+06
92 8.47028e+06
86 7.83799e+06
52 3.93295e+06
75 5.809e+06
96 1.12904e+07
29 2.88685e+06
36 3.16684e+06
88 8.40984e+06
64 4.57781e+06
98 1.17385e+07
81 6.49437e+06
37 3.25558e+06
43 3.34372e+06
80 6.41776e+06
44 3.57286e+06
76 5.96701e+06
72 5.36986e+06
28 2.87512e+06
66 4.99468e+06
47 3.73941e+06
71 5.18134e+06
34 3.11468e+06
78 6.01363e+06
65 4.60289e+06
82 6.84232e+06
45 3.6019e+06
51 3.8696e+06
53 3.93396e+06
74 5.46972e+06
58 4.3193e+06
42 3.33202e+06
Thế hệ thứ: 43
51 3.8696e+06
95 1.01196e+07
61 4.50618e+06
27 2.8205e+06
42 3.33202e+06
34 3.11468e+06
43 3.34372e+06
44 3.57286e+06
80 6.41776e+06
100 1.2457e+07
60 4.48473e+06
66 4.99468e+06
45 3.6019e+06
35 3.16332e+06
46 3.60417e+06
92 8.47028e+06
52 3.93295e+06
86 7.83799e+06
82 6.84232e+06
75 5.809e+06
65 4.60289e+06
96 1.12904e+07
54 3.93413e+06
36 3.16684e+06
29 2.88685e+06
88 8.40984e+06
64 4.57781e+06
72 5.36986e+06
28 2.87512e+06
98 1.17385e+07
81 6.49437e+06
71 5.18134e+06
47 3.73941e+06
79 5.96484e+06
37 3.25558e+06
53 3.93396e+06
74 5.46972e+06
58 4.3193e+06
Thế hệ thứ: 44
58 4.3193e+06
80 6.41776e+06
44 3.57286e+06
95 1.01196e+07
88 8.40984e+06
64 4.57781e+06
61 4.50618e+06
27 2.8205e+06
34 3.11468e+06
42 3.33202e+06
74 5.46972e+06
43 3.34372e+06
28 2.87512e+06
86 7.83799e+06
60 4.48473e+06
100 1.2457e+07
45 3.6019e+06
46 3.60417e+06
35 3.16332e+06
92 8.47028e+06
71 5.18134e+06
72 5.36986e+06
82 6.84232e+06
75 5.809e+06
54 3.93413e+06
96 1.12904e+07
29 2.88685e+06
36 3.16684e+06
79 5.96484e+06
37 3.25558e+06
81 6.49437e+06
53 3.72268e+06
65 4.60056e+06
99 1.16352e+07
70 4.97995e+06
Thế hệ thứ: 45
80 6.41776e+06
44 3.57286e+06
58 4.3193e+06
74 5.46972e+06
53 3.72268e+06
92 8.47028e+06
46 3.60417e+06
70 4.97995e+06
35 3.16332e+06
95 1.01196e+07
71 5.18134e+06
88 8.40984e+06
64 4.57781e+06
65 4.60056e+06
72 5.36986e+06
100 1.2457e+07
60 4.48473e+06
27 2.8205e+06
61 4.50618e+06
42 3.33202e+06
34 3.11468e+06
82 6.84232e+06
43 3.34372e+06
28 2.87512e+06
75 5.809e+06
86 7.83799e+06
45 3.6019e+06
99 1.16352e+07
96 1.12904e+07
54 3.93413e+06
36 3.16684e+06
29 2.88685e+06
37 3.25558e+06
79 5.96484e+06
81 6.49437e+06
76 5.87402e+06
Thế hệ thứ: 46
43 3.34372e+06
58 4.3193e+06
80 6.41776e+06
80 6.41776e+06
44 3.57286e+06
76 5.87402e+06
92 8.47028e+06
28 2.87512e+06
74 5.46972e+06
53 3.72268e+06
70 4.97995e+06
46 3.60417e+06
75 5.809e+06
36 3.16684e+06
29 2.88685e+06
95 1.01196e+07
96 1.12904e+07
54 3.93413e+06
71 5.18134e+06
88 8.40984e+06
64 4.57781e+06
37 3.25558e+06
79 5.96484e+06
86 7.83799e+06
99 1.16352e+07
45 3.6019e+06
65 4.60056e+06
72 5.36986e+06
60 4.48473e+06
100 1.2457e+07
61 4.50618e+06
27 2.8205e+06
34 3.11468e+06
42 3.33202e+06
82 6.84232e+06
81 6.49437e+06
35 3.14675e+06
Thế hệ thứ: 47
43 3.34372e+06
44 3.57286e+06
80 6.41776e+06
80 6.41776e+06
58 4.3193e+06
99 1.16352e+07
45 3.6019e+06
76 5.87402e+06
92 8.47028e+06
28 2.87512e+06
53 3.72268e+06
74 5.46972e+06
42 3.33202e+06
34 3.11468e+06
46 3.60417e+06
70 4.97995e+06
75 5.809e+06
65 4.60056e+06
29 2.88685e+06
36 3.16684e+06
61 4.50618e+06
27 2.8205e+06
95 1.01196e+07
35 3.14675e+06
54 3.93413e+06
96 1.12904e+07
72 5.36986e+06
71 5.18134e+06
100 1.2457e+07
60 4.48473e+06
82 6.84232e+06
88 8.40984e+06
64 4.57781e+06
79 5.96484e+06
37 3.25558e+06
86 7.83799e+06
81 6.49437e+06
55 4.31348e+06
63 4.50969e+06
Thế hệ thứ: 48
43 3.34372e+06
58 4.3193e+06
44 3.57286e+06
80 6.41776e+06
80 6.41776e+06
71 5.18134e+06
60 4.48473e+06
100 1.2457e+07
45 3.6019e+06
99 1.16352e+07
92 8.47028e+06
76 5.87402e+06
28 2.87512e+06
65 4.60056e+06
74 5.46972e+06
53 3.72268e+06
34 3.11468e+06
42 3.33202e+06
82 6.84232e+06
70 4.97995e+06
46 3.60417e+06
37 3.25558e+06
79 5.96484e+06
75 5.809e+06
63 4.50969e+06
55 4.31348e+06
36 3.16684e+06
29 2.88685e+06
81 6.49437e+06
27 2.8205e+06
61 4.50618e+06
86 7.83799e+06
88 8.40984e+06
64 4.57781e+06
95 1.01196e+07
96 1.12904e+07
54 3.93413e+06
35 3.14675e+06
72 5.36986e+06
67 4.60415e+06
Thế hệ thứ: 49
43 3.34372e+06
44 3.57286e+06
80 6.41776e+06
80 6.41776e+06
58 4.3193e+06
36 3.16684e+06
29 2.88685e+06
71 5.18134e+06
100 1.2457e+07
81 6.49437e+06
99 1.16352e+07
45 3.6019e+06
42 3.33202e+06
34 3.11468e+06
35 3.14675e+06
96 1.12904e+07
54 3.93413e+06
27 2.8205e+06
92 8.47028e+06
76 5.87402e+06
28 2.87512e+06
65 4.60056e+06
86 7.83799e+06
74 5.46972e+06
53 3.72268e+06
72 5.36986e+06
67 4.60415e+06
82 6.84232e+06
64 4.57781e+06
88 8.40984e+06
95 1.01196e+07
46 3.60417e+06
70 4.97995e+06
79 5.96484e+06
37 3.25558e+06
75 5.809e+06
63 4.50969e+06
55 4.31348e+06
98 1.14856e+07
61 4.39941e+06
