Thế hệ thứ: 0
11 2.38617e+06
15 2.64311e+06
19 3.72261e+06
8 2.24073e+06
13 2.40547e+06
16 2.71863e+06
14 2.50098e+06
12 2.39556e+06
9 2.27488e+06
20 4.31921e+06
18 3.14279e+06
Thế hệ thứ: 1
13 2.40547e+06
15 2.64311e+06
20 3.75448e+06
12 2.1056e+06
18 2.70192e+06
14 2.50098e+06
10 2.04509e+06
19 3.25371e+06
16 2.65503e+06
Thế hệ thứ: 2
13 2.40547e+06
18 2.70192e+06
20 3.75448e+06
12 2.1056e+06
19 3.25371e+06
10 2.04509e+06
17 2.48958e+06
Thế hệ thứ: 3
17 2.48958e+06
9 1.98351e+06
18 2.70192e+06
20 3.75448e+06
19 3.25371e+06
10 2.04509e+06
12 2.06756e+06
15 2.21878e+06
Thế hệ thứ: 4
9 1.98351e+06
17 2.48958e+06
10 2.04509e+06
20 3.75448e+06
18 2.70192e+06
15 2.21878e+06
12 2.06756e+06
19 3.25371e+06
16 2.27986e+06
Thế hệ thứ: 5
20 3.75448e+06
15 2.21878e+06
16 2.27986e+06
17 2.48958e+06
9 1.98351e+06
12 2.06756e+06
10 2.04509e+06
19 3.25371e+06
18 2.70192e+06
Thế hệ thứ: 6
12 2.06756e+06
15 2.21878e+06
20 3.75448e+06
16 2.27986e+06
9 1.98351e+06
17 2.48958e+06
10 2.04509e+06
18 2.70192e+06
19 2.99838e+06
Thế hệ thứ: 7
12 2.06756e+06
20 3.75448e+06
16 2.27986e+06
19 2.99838e+06
10 2.04509e+06
17 2.48958e+06
9 1.98351e+06
18 2.70192e+06
15 2.13119e+06
Thế hệ thứ: 8
20 3.70495e+06
12 2.06756e+06
15 2.13119e+06
16 2.27986e+06
10 2.04509e+06
9 1.98351e+06
17 2.48958e+06
18 2.70192e+06
19 2.89971e+06
Thế hệ thứ: 9
20 3.70495e+06
12 2.06756e+06
16 2.27986e+06
15 2.13119e+06
10 2.04509e+06
17 2.48958e+06
9 1.98351e+06
18 2.70192e+06
11 2.05221e+06
19 2.75142e+06
Thế hệ thứ: 10
17 2.48958e+06
9 1.98351e+06
11 2.05221e+06
20 3.70495e+06
12 2.06756e+06
18 2.70192e+06
15 2.13119e+06
16 2.27986e+06
19 2.75142e+06
10 2.04509e+06
Thế hệ thứ: 11
11 2.05221e+06
17 2.48958e+06
15 2.13119e+06
16 2.27986e+06
20 3.70495e+06
12 2.06756e+06
18 2.70192e+06
19 2.75142e+06
10 2.04509e+06
9 1.96431e+06
14 2.12903e+06
Thế hệ thứ: 12
14 2.12903e+06
11 2.05221e+06
17 2.48958e+06
16 2.27986e+06
15 2.13119e+06
9 1.96431e+06
20 3.70495e+06
12 2.06756e+06
18 2.70192e+06
19 2.75142e+06
10 2.04509e+06
Thế hệ thứ: 13
9 1.96431e+06
11 2.05221e+06
14 2.12903e+06
17 2.48958e+06
19 2.75142e+06
15 2.13119e+06
16 2.27986e+06
12 2.06756e+06
20 3.70495e+06
18 2.70192e+06
10 1.98395e+06
Thế hệ thứ: 14
9 1.96431e+06
16 2.27986e+06
15 2.13119e+06
14 2.12903e+06
11 2.05221e+06
12 2.06756e+06
20 3.70495e+06
17 2.48958e+06
10 1.98395e+06
18 2.70192e+06
19 2.75142e+06
Thế hệ thứ: 15
19 2.75142e+06
16 2.27986e+06
15 2.13119e+06
9 1.96431e+06
11 2.05221e+06
12 2.06756e+06
20 3.70495e+06
10 1.98395e+06
17 2.48958e+06
14 2.12903e+06
18 2.70192e+06
Thế hệ thứ: 16
12 2.06756e+06
20 3.70495e+06
10 1.98395e+06
15 2.13119e+06
19 2.75142e+06
9 1.96431e+06
11 2.05221e+06
17 2.48958e+06
14 2.12903e+06
18 2.70192e+06
16 2.27585e+06
Thế hệ thứ: 17
10 1.98395e+06
12 2.06756e+06
20 3.70495e+06
15 2.13119e+06
16 2.27585e+06
14 2.12903e+06
11 2.05221e+06
17 2.48958e+06
19 2.75142e+06
9 1.96431e+06
18 2.70192e+06
Thế hệ thứ: 18
12 2.06756e+06
10 1.98395e+06
16 2.27585e+06
15 2.13119e+06
11 2.05221e+06
14 2.12903e+06
17 2.48958e+06
19 2.75142e+06
9 1.96431e+06
20 3.15087e+06
18 2.60071e+06
Thế hệ thứ: 19
10 1.98395e+06
12 2.06756e+06
15 2.13119e+06
16 2.27585e+06
14 2.12903e+06
11 2.05221e+06
18 2.60071e+06
17 2.48958e+06
19 2.75142e+06
9 1.96431e+06
20 3.15087e+06
20 3.15087e+06
Thế hệ thứ: 20
15 2.13119e+06
16 2.27585e+06
12 2.06756e+06
10 1.98395e+06
18 2.60071e+06
9 1.96431e+06
17 2.48958e+06
19 2.75142e+06
11 2.05221e+06
20 2.99903e+06
14 2.07288e+06
Thế hệ thứ: 21
19 2.75142e+06
16 2.27585e+06
15 2.13119e+06
9 1.96431e+06
12 2.06756e+06
14 2.07288e+06
17 2.48958e+06
11 2.05221e+06
10 1.98395e+06
18 2.60071e+06
20 2.99903e+06
20 2.99903e+06
Thế hệ thứ: 22
15 2.13119e+06
16 2.27585e+06
19 2.75142e+06
9 1.96431e+06
12 2.06756e+06
14 2.07288e+06
17 2.48958e+06
11 2.05221e+06
10 1.98395e+06
18 2.60071e+06
20 2.99903e+06
20 2.99903e+06
Thế hệ thứ: 23
19 2.75142e+06
16 2.27585e+06
15 2.13119e+06
9 1.96431e+06
12 2.06756e+06
14 2.07288e+06
17 2.48958e+06
20 2.99903e+06
20 2.99903e+06
11 2.05221e+06
10 1.98395e+06
18 2.60071e+06
Thế hệ thứ: 24
15 2.13119e+06
16 2.27585e+06
19 2.75142e+06
9 1.96431e+06
12 2.06756e+06
14 2.07288e+06
17 2.48958e+06
20 2.99903e+06
20 2.99903e+06
11 2.05221e+06
10 1.98395e+06
18 2.60071e+06
Thế hệ thứ: 25
18 2.60071e+06
19 2.75142e+06
16 2.27585e+06
15 2.13119e+06
9 1.96431e+06
12 2.06756e+06
10 1.98395e+06
14 2.07288e+06
17 2.48958e+06
11 2.05221e+06
20 2.99903e+06
20 2.99903e+06
Thế hệ thứ: 26
14 2.07288e+06
18 2.60071e+06
15 2.13119e+06
16 2.27585e+06
19 2.75142e+06
9 1.96431e+06
10 1.98395e+06
12 2.06756e+06
17 2.48958e+06
11 2.05221e+06
20 2.99903e+06
20 2.99903e+06
Thế hệ thứ: 27
19 2.75142e+06
15 2.13119e+06
16 2.27585e+06
14 2.07288e+06
18 2.60071e+06
17 2.48958e+06
9 1.96431e+06
10 1.98395e+06
12 2.06756e+06
11 2.05221e+06
20 2.99903e+06
20 2.99903e+06
Thế hệ thứ: 28
16 2.27585e+06
15 2.13119e+06
19 2.75142e+06
14 2.07288e+06
18 2.60071e+06
17 2.48958e+06
9 1.96431e+06
10 1.98395e+06
12 2.06756e+06
11 2.05221e+06
20 2.99903e+06
20 2.99903e+06
Thế hệ thứ: 29
19 2.75142e+06
16 2.26633e+06
15 2.13119e+06
18 2.60071e+06
20 2.99903e+06
20 2.99903e+06
11 2.05221e+06
14 2.07288e+06
12 2.06756e+06
17 2.48958e+06
9 1.96431e+06
10 1.98395e+06
