Thế hệ thứ: 0
52 5.25914e+06
40 4.50534e+06
68 6.45491e+06
88 8.08774e+06
95 8.81125e+06
49 4.97497e+06
59 5.55615e+06
73 6.54406e+06
56 5.49287e+06
63 6.35173e+06
65 6.40599e+06
50 5.22713e+06
103 1.13792e+07
100 9.2616e+06
79 7.03865e+06
82 7.76719e+06
60 5.9777e+06
Thế hệ thứ: 1
40 4.50534e+06
68 6.45491e+06
100 9.2616e+06
88 8.08774e+06
95 8.81125e+06
82 7.76719e+06
50 5.22713e+06
79 7.03865e+06
49 4.97497e+06
59 5.55615e+06
73 6.54406e+06
56 5.49287e+06
60 5.9777e+06
52 5.25914e+06
83 7.95811e+06
66 6.34915e+06
111 9.80491e+06
Thế hệ thứ: 2
93 8.79259e+06
40 4.50534e+06
68 6.45491e+06
111 9.80491e+06
59 5.55615e+06
73 6.54406e+06
56 5.49287e+06
88 8.08774e+06
50 5.22713e+06
79 7.03865e+06
49 4.97497e+06
60 5.9777e+06
82 7.76719e+06
66 6.34915e+06
83 7.95811e+06
52 5.25914e+06
100 8.8027e+06
78 6.76316e+06
112 1.09461e+07
89 8.09425e+06
Thế hệ thứ: 3
40 4.50534e+06
68 6.45491e+06
112 1.09461e+07
111 9.80491e+06
100 8.8027e+06
49 4.97497e+06
60 5.9777e+06
50 5.22713e+06
79 7.03865e+06
82 7.76719e+06
59 5.55615e+06
73 6.54406e+06
56 5.49287e+06
66 6.34915e+06
89 8.09425e+06
78 6.76316e+06
83 7.95811e+06
52 5.25914e+06
88 8.08774e+06
99 8.77988e+06
81 7.73293e+06
108 9.56266e+06
92 8.53471e+06
101 9.51439e+06
Thế hệ thứ: 4
92 8.53471e+06
40 4.50534e+06
68 6.45491e+06
111 9.80491e+06
49 4.97497e+06
50 5.22713e+06
79 7.03865e+06
59 5.55615e+06
73 6.54406e+06
56 5.49287e+06
66 6.34915e+06
108 9.56266e+06
78 6.76316e+06
99 8.77988e+06
100 8.8027e+06
83 7.95811e+06
89 8.09425e+06
52 5.25914e+06
88 8.08774e+06
82 7.38171e+06
110 9.73788e+06
94 8.66237e+06
112 1.09394e+07
80 7.36431e+06
63 5.71642e+06
101 9.34475e+06
Thế hệ thứ: 5
101 9.34475e+06
40 4.50534e+06
68 6.45491e+06
111 9.80491e+06
112 1.09394e+07
49 4.97497e+06
63 5.71642e+06
59 5.55615e+06
73 6.54406e+06
56 5.49287e+06
108 9.56266e+06
66 6.34915e+06
78 6.76316e+06
92 8.53471e+06
94 8.66237e+06
82 7.38171e+06
52 5.25914e+06
50 5.22713e+06
79 7.03865e+06
100 8.8027e+06
99 8.77988e+06
110 9.73788e+06
105 9.49673e+06
90 7.79897e+06
81 7.27546e+06
Thế hệ thứ: 6
40 4.50534e+06
68 6.45491e+06
111 9.80491e+06
112 1.09394e+07
49 4.97497e+06
63 5.71642e+06
82 7.38171e+06
59 5.55615e+06
73 6.54406e+06
56 5.49287e+06
66 6.34915e+06
78 6.76316e+06
105 9.49673e+06
94 8.585e+06
52 5.25914e+06
50 5.22713e+06
79 7.03865e+06
100 8.8027e+06
108 9.56266e+06
99 8.77988e+06
81 7.27546e+06
110 9.73788e+06
90 7.68132e+06
84 7.56792e+06
92 8.25432e+06
86 7.61015e+06
102 9.20233e+06
Thế hệ thứ: 7
111 9.80491e+06
112 1.09394e+07
40 4.50534e+06
68 6.45491e+06
49 4.97497e+06
66 6.34915e+06
63 5.71642e+06
92 8.25432e+06
59 5.55615e+06
73 6.54406e+06
56 5.49287e+06
90 7.68132e+06
52 5.25914e+06
110 9.73788e+06
86 7.61015e+06
78 6.76316e+06
50 5.22713e+06
79 7.03865e+06
99 8.77988e+06
100 8.8027e+06
108 9.56266e+06
81 7.27546e+06
84 7.56792e+06
82 7.38171e+06
102 9.0686e+06
97 8.47157e+06
105 9.36674e+06
Thế hệ thứ: 8
111 9.80491e+06
112 1.09394e+07
40 4.50534e+06
68 6.45491e+06
49 4.97497e+06
66 6.34915e+06
63 5.71642e+06
59 5.55615e+06
73 6.54406e+06
56 5.49287e+06
78 6.76316e+06
105 9.36674e+06
102 9.0686e+06
108 9.56266e+06
52 5.25914e+06
50 5.22713e+06
79 7.03865e+06
81 7.27546e+06
82 7.38171e+06
110 9.73788e+06
100 8.67594e+06
97 7.56234e+06
Thế hệ thứ: 9
111 9.80491e+06
112 1.09394e+07
40 4.50534e+06
68 6.45491e+06
63 5.71642e+06
78 6.76316e+06
97 7.56234e+06
82 7.38171e+06
100 8.67594e+06
49 4.97497e+06
59 5.55615e+06
73 6.54406e+06
56 5.49287e+06
66 6.34915e+06
102 9.0686e+06
105 9.36674e+06
108 9.56266e+06
52 5.25914e+06
50 5.22713e+06
79 7.03865e+06
81 7.27546e+06
110 9.73788e+06
99 8.31006e+06
Thế hệ thứ: 10
111 9.80491e+06
40 4.50534e+06
68 6.45491e+06
63 5.71642e+06
78 6.76316e+06
97 7.56234e+06
82 7.38171e+06
99 8.31006e+06
49 4.97497e+06
59 5.55615e+06
73 6.54406e+06
56 5.49287e+06
66 6.34915e+06
102 9.0686e+06
105 9.36674e+06
100 8.67594e+06
52 5.25914e+06
50 5.22713e+06
79 7.03865e+06
81 7.27546e+06
110 9.73788e+06
113 1.02227e+07
115 1.07028e+07
109 9.4592e+06
Thế hệ thứ: 11
40 4.50534e+06
68 6.45491e+06
99 8.31006e+06
49 4.97497e+06
63 5.71642e+06
97 7.56234e+06
78 6.76316e+06
82 7.38171e+06
66 6.34915e+06
59 5.55615e+06
73 6.54406e+06
56 5.49287e+06
102 9.0686e+06
52 5.25914e+06
50 5.22713e+06
79 7.03865e+06
81 7.27546e+06
101 8.56556e+06
110 9.07399e+06
117 9.60157e+06
Thế hệ thứ: 12
40 4.50534e+06
68 6.45491e+06
82 7.38171e+06
117 9.60157e+06
63 5.71642e+06
110 9.07399e+06
97 7.56234e+06
78 6.76316e+06
99 8.31006e+06
49 4.97497e+06
66 6.34915e+06
59 5.55615e+06
73 6.54406e+06
56 5.49287e+06
101 8.56556e+06
50 5.22713e+06
79 7.03865e+06
52 5.25914e+06
81 7.27546e+06
98 7.98368e+06
88 7.44115e+06
111 9.07773e+06
106 9.00403e+06
Thế hệ thứ: 13
117 9.60157e+06
40 4.50534e+06
68 6.45491e+06
49 4.97497e+06
97 7.56234e+06
78 6.76316e+06
63 5.71642e+06
88 7.44115e+06
106 9.00403e+06
101 8.56556e+06
66 6.34915e+06
111 9.07773e+06
59 5.55615e+06
73 6.54406e+06
56 5.49287e+06
98 7.98368e+06
99 8.31006e+06
50 5.22713e+06
79 7.03865e+06
52 5.25914e+06
82 7.38171e+06
81 7.27546e+06
110 9.07399e+06
105 8.98639e+06
Thế hệ thứ: 14
117 9.60157e+06
40 4.50534e+06
68 6.45491e+06
49 4.97497e+06
66 6.34915e+06
97 7.56234e+06
78 6.76316e+06
63 5.71642e+06
106 9.00403e+06
88 7.44115e+06
101 8.56556e+06
111 9.07773e+06
59 5.55615e+06
73 6.54406e+06
56 5.49287e+06
98 7.98368e+06
99 8.31006e+06
105 8.98639e+06
50 5.22713e+06
79 7.03865e+06
52 5.25914e+06
82 7.38171e+06
81 7.27546e+06
110 9.07399e+06
118 1.0847e+07
100 8.34498e+06
Thế hệ thứ: 15
40 4.50534e+06
68 6.45491e+06
118 1.0847e+07
117 9.60157e+06
49 4.97497e+06
88 7.44115e+06
66 6.34915e+06
97 7.56234e+06
78 6.76316e+06
63 5.71642e+06
59 5.55615e+06
73 6.54406e+06
56 5.49287e+06
111 9.07773e+06
101 8.56556e+06
98 7.98368e+06
50 5.22713e+06
79 7.03865e+06
52 5.25914e+06
100 8.34498e+06
82 7.38171e+06
81 7.27546e+06
99 8.31006e+06
110 9.07399e+06
74 6.70823e+06
114 9.43526e+06
104 8.94371e+06
107 8.96144e+06
Thế hệ thứ: 16
40 4.50534e+06
68 6.45491e+06
118 1.0847e+07
117 9.60157e+06
49 4.97497e+06
66 6.34915e+06
78 6.76316e+06
97 7.56234e+06
63 5.71642e+06
56 5.49287e+06
73 6.54406e+06
59 5.55615e+06
114 9.43526e+06
104 8.94371e+06
50 5.22713e+06
79 7.03865e+06
107 8.96144e+06
52 5.25914e+06
100 8.34498e+06
111 9.07773e+06
74 6.70823e+06
99 8.31006e+06
110 9.07399e+06
92 7.0409e+06
101 8.54185e+06
98 7.9377e+06
Thế hệ thứ: 17
40 4.50534e+06
68 6.45491e+06
118 1.0847e+07
92 7.0409e+06
50 5.22713e+06
79 7.03865e+06
117 9.60157e+06
49 4.97497e+06
63 5.71642e+06
78 6.76316e+06
97 7.56234e+06
66 6.34915e+06
56 5.49287e+06
73 6.54406e+06
59 5.55615e+06
110 9.07399e+06
101 8.54185e+06
98 7.9377e+06
104 8.94371e+06
107 8.96144e+06
52 5.25914e+06
111 9.07773e+06
74 6.70823e+06
99 8.31006e+06
100 8.34498e+06
115 9.43501e+06
Thế hệ thứ: 18
40 4.50534e+06
68 6.45491e+06
92 7.0409e+06
50 5.22713e+06
79 7.03865e+06
117 9.60157e+06
49 4.97497e+06
63 5.71642e+06
78 6.76316e+06
115 9.43501e+06
97 7.56234e+06
66 6.34915e+06
110 9.07399e+06
101 8.54185e+06
98 7.9377e+06
104 8.94371e+06
56 5.49287e+06
73 6.54406e+06
59 5.55615e+06
111 9.07773e+06
107 8.96144e+06
52 5.25914e+06
74 6.70823e+06
99 8.31006e+06
100 8.34498e+06
103 8.93874e+06
120 1.02864e+07
Thế hệ thứ: 19
40 4.50534e+06
49 4.97497e+06
120 1.02864e+07
92 7.0409e+06
63 5.71642e+06
78 6.76316e+06
115 9.43501e+06
97 7.56234e+06
117 9.60157e+06
50 5.22713e+06
79 7.03865e+06
98 7.9377e+06
110 9.07399e+06
101 8.54185e+06
56 5.49287e+06
73 6.54406e+06
59 5.55615e+06
111 9.07773e+06
107 8.96144e+06
52 5.25914e+06
103 8.93874e+06
74 6.70823e+06
100 8.34498e+06
104 8.94371e+06
68 6.07083e+06
99 8.04218e+06
Thế hệ thứ: 20
40 4.50534e+06
49 4.97497e+06
120 1.02864e+07
92 7.0409e+06
68 6.07083e+06
78 6.76316e+06
115 9.43501e+06
97 7.56234e+06
117 9.60157e+06
50 5.22713e+06
79 7.03865e+06
63 5.71642e+06
59 5.55615e+06
73 6.54406e+06
56 5.49287e+06
110 9.07399e+06
101 8.54185e+06
111 9.07773e+06
107 8.96144e+06
52 5.25914e+06
100 8.34498e+06
98 7.9377e+06
103 8.93874e+06
74 6.70823e+06
99 8.04218e+06
104 8.94371e+06
Thế hệ thứ: 21
40 4.50534e+06
49 4.97497e+06
120 1.02864e+07
92 7.0409e+06
68 6.07083e+06
78 6.76316e+06
115 9.43501e+06
97 7.56234e+06
117 9.60157e+06
50 5.22713e+06
79 7.03865e+06
63 5.71642e+06
59 5.55615e+06
73 6.54406e+06
56 5.49287e+06
110 9.07399e+06
101 8.54185e+06
111 9.07773e+06
107 8.96144e+06
52 5.25914e+06
100 8.34498e+06
98 7.9377e+06
103 8.93874e+06
74 6.70823e+06
99 8.04218e+06
104 8.94371e+06
102 8.87708e+06
Thế hệ thứ: 22
40 4.50534e+06
49 4.97497e+06
120 1.02864e+07
92 7.0409e+06
68 6.07083e+06
78 6.76316e+06
115 9.43501e+06
97 7.56234e+06
117 9.60157e+06
50 5.22713e+06
79 7.03865e+06
63 5.71642e+06
59 5.55615e+06
73 6.54406e+06
56 5.49287e+06
111 9.07773e+06
107 8.96144e+06
52 5.25914e+06
110 9.07399e+06
101 8.54185e+06
100 8.34498e+06
98 7.9377e+06
74 6.70823e+06
99 8.04218e+06
104 8.94371e+06
102 8.87708e+06
103 8.93874e+06
Thế hệ thứ: 23
40 4.50534e+06
49 4.97497e+06
120 1.02864e+07
92 7.0409e+06
68 6.07083e+06
78 6.76316e+06
115 9.43501e+06
97 7.56234e+06
117 9.60157e+06
50 5.22713e+06
79 7.03865e+06
63 5.71642e+06
59 5.55615e+06
100 7.91505e+06
73 6.54406e+06
56 5.49287e+06
111 9.07773e+06
107 8.96144e+06
52 5.25914e+06
110 9.07399e+06
101 8.54185e+06
74 6.70823e+06
104 8.94371e+06
102 8.87708e+06
103 8.93874e+06
Thế hệ thứ: 24
40 4.50534e+06
49 4.97497e+06
120 1.02864e+07
92 7.0409e+06
59 5.55615e+06
100 7.91505e+06
56 5.49287e+06
68 6.07083e+06
78 6.76316e+06
115 9.43501e+06
97 7.56234e+06
50 5.22713e+06
79 7.03865e+06
117 9.60157e+06
63 5.71642e+06
110 9.07399e+06
101 8.54185e+06
111 9.07773e+06
107 8.96144e+06
52 5.25914e+06
74 6.70823e+06
104 8.94371e+06
102 8.87708e+06
103 8.93874e+06
73 6.32773e+06
116 9.59744e+06
69 6.12017e+06
Thế hệ thứ: 25
40 4.50534e+06
49 4.97497e+06
120 1.02864e+07
92 7.0409e+06
63 5.71642e+06
78 6.76316e+06
115 9.43501e+06
97 7.56234e+06
50 5.22713e+06
79 7.03865e+06
100 7.91505e+06
56 5.49287e+06
59 5.55615e+06
110 9.07399e+06
101 8.54185e+06
116 9.59744e+06
117 9.60157e+06
73 6.32773e+06
68 6.07083e+06
74 6.70823e+06
111 9.07773e+06
107 8.96144e+06
52 5.25914e+06
69 6.12017e+06
104 8.94371e+06
103 8.93874e+06
102 8.60287e+06
Thế hệ thứ: 26
40 4.50534e+06
49 4.97497e+06
120 1.02864e+07
92 7.0409e+06
63 5.71642e+06
78 6.76316e+06
115 9.43501e+06
97 7.56234e+06
50 5.22713e+06
79 7.03865e+06
100 7.91505e+06
56 5.49287e+06
59 5.55615e+06
116 9.59744e+06
117 9.60157e+06
73 6.32773e+06
68 6.07083e+06
110 9.07399e+06
101 8.54185e+06
74 6.70823e+06
111 9.07773e+06
107 8.96144e+06
52 5.25914e+06
69 6.12017e+06
102 8.60287e+06
103 8.93874e+06
104 8.94371e+06
105 8.94417e+06
Thế hệ thứ: 27
40 4.50534e+06
49 4.97497e+06
120 1.02864e+07
92 7.0409e+06
63 5.71642e+06
78 6.76316e+06
97 7.56234e+06
50 5.22713e+06
79 7.03865e+06
100 7.91505e+06
56 5.49287e+06
59 5.55615e+06
116 9.59744e+06
117 9.60157e+06
73 6.32773e+06
68 6.07083e+06
110 9.07399e+06
74 6.70823e+06
111 9.07773e+06
107 8.96144e+06
52 5.25914e+06
69 6.12017e+06
102 8.60287e+06
103 8.93874e+06
105 8.94417e+06
104 8.94371e+06
106 8.9454e+06
101 8.26615e+06
115 9.43186e+06
Thế hệ thứ: 28
40 4.50534e+06
49 4.97497e+06
120 1.02864e+07
92 7.0409e+06
63 5.71642e+06
78 6.76316e+06
97 7.56234e+06
50 5.22713e+06
79 7.03865e+06
100 7.91505e+06
56 5.49287e+06
59 5.55615e+06
116 9.59744e+06
117 9.60157e+06
73 6.32773e+06
115 9.43186e+06
68 6.07083e+06
101 8.26615e+06
102 8.60287e+06
74 6.70823e+06
111 9.07773e+06
107 8.96144e+06
52 5.25914e+06
69 6.12017e+06
103 8.93874e+06
110 9.07399e+06
106 8.9454e+06
104 8.94371e+06
105 8.94417e+06
Thế hệ thứ: 29
40 4.50534e+06
49 4.97497e+06
120 1.02864e+07
92 7.0409e+06
63 5.71642e+06
78 6.76316e+06
97 7.56234e+06
50 5.22713e+06
79 7.03865e+06
100 7.91505e+06
56 5.49287e+06
59 5.55615e+06
116 9.59744e+06
117 9.60157e+06
73 6.32773e+06
115 9.43186e+06
68 6.07083e+06
101 8.26615e+06
102 8.60287e+06
74 6.70823e+06
111 9.07773e+06
107 8.96144e+06
52 5.25914e+06
69 6.12017e+06
103 8.93874e+06
110 9.07399e+06
106 8.9454e+06
104 8.94371e+06
105 8.94417e+06
Thế hệ thứ: 30
40 4.50534e+06
49 4.97497e+06
120 1.02864e+07
92 7.0409e+06
63 5.71642e+06
78 6.76316e+06
97 7.56234e+06
50 5.22713e+06
79 7.03865e+06
100 7.91505e+06
56 5.49287e+06
59 5.55615e+06
116 9.59744e+06
117 9.60157e+06
73 6.32773e+06
115 9.43186e+06
68 6.07083e+06
101 8.26615e+06
102 8.60287e+06
74 6.70823e+06
111 9.07773e+06
107 8.96144e+06
52 5.25914e+06
69 6.12017e+06
103 8.93874e+06
110 9.07399e+06
106 8.9454e+06
104 8.94371e+06
105 8.94417e+06
Thế hệ thứ: 31
40 4.50534e+06
49 4.97497e+06
120 1.02864e+07
92 7.0409e+06
63 5.71642e+06
78 6.76316e+06
97 7.56234e+06
50 5.22713e+06
79 7.03865e+06
100 7.91505e+06
56 5.49287e+06
59 5.55615e+06
116 9.59744e+06
117 9.60157e+06
73 6.32773e+06
115 9.43186e+06
68 6.07083e+06
101 8.26615e+06
102 8.60287e+06
74 6.70823e+06
111 9.07773e+06
107 8.96144e+06
52 5.25914e+06
69 6.12017e+06
103 8.93874e+06
110 9.07399e+06
106 8.9454e+06
104 8.94371e+06
105 8.94417e+06
Thế hệ thứ: 32
40 4.50534e+06
49 4.97497e+06
120 1.02864e+07
92 7.0409e+06
63 5.71642e+06
97 7.56234e+06
78 6.76316e+06
50 5.22713e+06
79 7.03865e+06
100 7.91505e+06
56 5.49287e+06
59 5.55615e+06
116 9.59744e+06
117 9.60157e+06
73 6.32773e+06
115 9.43186e+06
68 6.07083e+06
101 8.26615e+06
102 8.60287e+06
74 6.70823e+06
111 9.07773e+06
107 8.96144e+06
52 5.25914e+06
69 6.12017e+06
103 8.93874e+06
110 9.07399e+06
106 8.9454e+06
104 8.94371e+06
104 8.94371e+06
105 8.94417e+06
Thế hệ thứ: 33
40 4.50534e+06
49 4.97497e+06
120 1.02864e+07
92 7.0409e+06
63 5.71642e+06
78 6.76316e+06
97 7.56234e+06
50 5.22713e+06
79 7.03865e+06
100 7.91505e+06
56 5.49287e+06
59 5.55615e+06
116 9.59744e+06
117 9.60157e+06
73 6.32773e+06
115 9.43186e+06
68 6.07083e+06
101 8.26615e+06
102 8.60287e+06
74 6.70823e+06
111 9.07773e+06
107 8.96144e+06
52 5.25914e+06
69 6.12017e+06
103 8.93874e+06
110 9.07399e+06
106 8.9454e+06
105 8.94417e+06
104 8.94371e+06
104 8.94371e+06
Thế hệ thứ: 34
40 4.50534e+06
49 4.97497e+06
120 1.02864e+07
92 7.0409e+06
63 5.71642e+06
78 6.76316e+06
97 7.56234e+06
50 5.22713e+06
100 7.91505e+06
56 5.49287e+06
59 5.55615e+06
116 9.59744e+06
117 9.60157e+06
73 6.32773e+06
115 9.43186e+06
68 6.07083e+06
101 8.26615e+06
102 8.60287e+06
74 6.70823e+06
111 9.07773e+06
107 8.96144e+06
52 5.25914e+06
112 9.11418e+06
69 6.12017e+06
103 8.93874e+06
110 9.07399e+06
106 8.9454e+06
105 8.94417e+06
104 8.94371e+06
104 8.94371e+06
91 7.03207e+06
Thế hệ thứ: 35
40 4.50534e+06
49 4.97497e+06
120 1.02864e+07
63 5.71642e+06
78 6.76316e+06
97 7.56234e+06
101 8.26615e+06
91 7.03207e+06
100 7.91505e+06
56 5.49287e+06
59 5.55615e+06
116 9.59744e+06
117 9.60157e+06
92 7.0409e+06
73 6.32773e+06
68 6.07083e+06
102 8.60287e+06
74 6.70823e+06
115 9.43186e+06
107 8.96144e+06
52 5.25914e+06
69 6.12017e+06
112 9.11418e+06
50 5.22713e+06
103 8.93874e+06
110 9.07399e+06
111 9.07773e+06
106 8.9454e+06
105 8.94417e+06
104 8.94371e+06
104 8.94371e+06
Thế hệ thứ: 36
40 4.50534e+06
49 4.97497e+06
120 1.02864e+07
63 5.71642e+06
78 6.76316e+06
97 7.56234e+06
101 8.26615e+06
91 7.03207e+06
100 7.91505e+06
56 5.49287e+06
59 5.55615e+06
116 9.59744e+06
117 9.60157e+06
92 7.0409e+06
73 6.32773e+06
68 6.07083e+06
102 8.60287e+06
74 6.70823e+06
115 9.43186e+06
107 8.96144e+06
52 5.25914e+06
69 6.12017e+06
112 9.11418e+06
50 5.22713e+06
103 8.93874e+06
110 9.07399e+06
111 9.07773e+06
106 8.9454e+06
105 8.94417e+06
104 8.94371e+06
104 8.94371e+06
Thế hệ thứ: 37
40 4.50534e+06
49 4.97497e+06
120 1.02864e+07
63 5.71642e+06
78 6.76316e+06
97 7.56234e+06
101 8.26615e+06
91 7.03207e+06
100 7.91505e+06
56 5.49287e+06
59 5.55615e+06
116 9.59744e+06
117 9.60157e+06
92 7.0409e+06
73 6.32773e+06
68 6.07083e+06
102 8.60287e+06
74 6.70823e+06
115 9.43186e+06
107 8.96144e+06
52 5.25914e+06
69 6.12017e+06
112 9.11418e+06
50 5.22713e+06
103 8.93874e+06
110 9.07399e+06
111 9.07773e+06
106 8.9454e+06
105 8.94417e+06
104 8.94371e+06
104 8.94371e+06
Thế hệ thứ: 38
40 4.50534e+06
49 4.97497e+06
120 1.02864e+07
63 5.71642e+06
78 6.76316e+06
97 7.56234e+06
101 8.26615e+06
91 7.03207e+06
100 7.91505e+06
56 5.49287e+06
59 5.55615e+06
116 9.59744e+06
117 9.60157e+06
92 7.0409e+06
73 6.32773e+06
68 6.07083e+06
102 8.60287e+06
74 6.70823e+06
115 9.43186e+06
107 8.96144e+06
52 5.25914e+06
69 6.12017e+06
112 9.11418e+06
50 5.22713e+06
103 8.93874e+06
110 9.07399e+06
111 9.07773e+06
106 8.9454e+06
105 8.94417e+06
104 8.94371e+06
104 8.94371e+06
Thế hệ thứ: 39
40 4.50534e+06
49 4.97497e+06
120 1.02864e+07
103 8.88386e+06
63 5.71642e+06
78 6.76316e+06
97 7.56234e+06
101 8.26615e+06
91 7.03207e+06
100 7.91505e+06
56 5.49287e+06
59 5.55615e+06
116 9.59744e+06
117 9.60157e+06
92 7.0409e+06
73 6.32773e+06
68 6.07083e+06
113 9.15316e+06
102 8.60287e+06
74 6.70823e+06
115 9.43186e+06
107 8.96144e+06
52 5.25914e+06
69 6.12017e+06
112 9.11418e+06
50 5.22713e+06
110 9.07399e+06
111 9.07773e+06
106 8.9454e+06
105 8.94417e+06
104 8.94371e+06
104 8.94371e+06
Thế hệ thứ: 40
40 4.50534e+06
49 4.97497e+06
120 1.02864e+07
63 5.71642e+06
103 8.88386e+06
78 6.76316e+06
97 7.56234e+06
101 8.26615e+06
91 7.03207e+06
100 7.91505e+06
56 5.49287e+06
59 5.55615e+06
116 9.59744e+06
117 9.60157e+06
92 7.0409e+06
73 6.32773e+06
68 6.07083e+06
74 6.70823e+06
113 9.15316e+06
102 8.60287e+06
107 8.96144e+06
52 5.25914e+06
115 9.43186e+06
112 9.11418e+06
69 6.12017e+06
50 5.22713e+06
110 9.07399e+06
111 9.07773e+06
106 8.9454e+06
105 8.94417e+06
104 8.94371e+06
104 8.94371e+06
Thế hệ thứ: 41
49 4.97497e+06
120 1.02864e+07
40 4.50534e+06
63 5.71642e+06
103 8.88386e+06
78 6.76316e+06
97 7.56234e+06
101 8.26615e+06
91 7.03207e+06
100 7.91505e+06
56 5.49287e+06
59 5.55615e+06
116 9.59744e+06
117 9.60157e+06
92 7.0409e+06
73 6.32773e+06
68 6.07083e+06
74 6.70823e+06
113 9.15316e+06
102 8.60287e+06
107 8.96144e+06
52 5.25914e+06
115 9.43186e+06
112 9.11418e+06
69 6.12017e+06
50 5.22713e+06
110 9.07399e+06
111 9.07773e+06
106 8.9454e+06
105 8.94417e+06
104 8.94371e+06
104 8.94371e+06
99 7.83498e+06
Thế hệ thứ: 42
49 4.97497e+06
120 1.02864e+07
40 4.50534e+06
103 8.88386e+06
63 5.71642e+06
78 6.76316e+06
97 7.56234e+06
101 8.26615e+06
91 7.03207e+06
116 9.59744e+06
117 9.60157e+06
92 7.0409e+06
73 6.32773e+06
68 6.07083e+06
56 5.49287e+06
100 7.91505e+06
59 5.55615e+06
74 6.70823e+06
113 9.15316e+06
102 8.60287e+06
107 8.96144e+06
52 5.25914e+06
115 9.43186e+06
69 6.12017e+06
112 9.11418e+06
99 7.83498e+06
50 5.22713e+06
110 9.07399e+06
111 9.07773e+06
106 8.9454e+06
105 8.94417e+06
104 8.94371e+06
104 8.94371e+06
Thế hệ thứ: 43
49 4.97497e+06
77 6.70044e+06
120 1.02864e+07
40 4.50534e+06
103 8.88386e+06
63 5.71642e+06
78 6.76316e+06
97 7.56234e+06
101 8.26615e+06
91 7.03207e+06
116 9.59744e+06
117 9.60157e+06
92 7.0409e+06
73 6.32773e+06
68 6.07083e+06
56 5.49287e+06
100 7.91505e+06
59 5.55615e+06
113 9.15316e+06
102 8.60287e+06
107 8.96144e+06
52 5.25914e+06
115 9.43186e+06
112 9.11418e+06
69 6.12017e+06
99 7.83498e+06
50 5.22713e+06
110 9.07399e+06
111 9.07773e+06
106 8.9454e+06
105 8.94417e+06
104 8.94371e+06
104 8.94371e+06
114 9.17586e+06
Thế hệ thứ: 44
49 4.97497e+06
77 6.70044e+06
120 1.02864e+07
40 4.50534e+06
103 8.88386e+06
63 5.71642e+06
78 6.76316e+06
97 7.56234e+06
101 8.26615e+06
73 6.32773e+06
116 9.59744e+06
117 9.60157e+06
93 6.97473e+06
68 6.07083e+06
56 5.49287e+06
100 7.91505e+06
59 5.55615e+06
113 9.15316e+06
102 8.60287e+06
107 8.96144e+06
52 5.25914e+06
112 9.11418e+06
69 6.12017e+06
99 7.83498e+06
115 9.43186e+06
50 5.22713e+06
114 9.17586e+06
110 9.07399e+06
111 9.07773e+06
106 8.9454e+06
105 8.94417e+06
104 8.94371e+06
104 8.94371e+06
Thế hệ thứ: 45
49 4.97497e+06
77 6.70044e+06
40 4.50534e+06
73 6.32773e+06
93 6.97473e+06
103 8.88386e+06
63 5.71642e+06
78 6.76316e+06
97 7.56234e+06
116 9.59744e+06
117 9.60157e+06
68 6.07083e+06
101 8.26615e+06
56 5.49287e+06
100 7.91505e+06
59 5.55615e+06
113 9.15316e+06
102 8.60287e+06
107 8.96144e+06
52 5.25914e+06
112 9.11418e+06
69 6.12017e+06
99 7.83498e+06
115 9.43186e+06
50 5.22713e+06
114 9.17586e+06
110 9.07399e+06
111 9.07773e+06
106 8.9454e+06
105 8.94417e+06
104 8.94371e+06
104 8.94371e+06
120 1.02314e+07
Thế hệ thứ: 46
40 4.50534e+06
105 8.94417e+06
120 1.02314e+07
73 6.32773e+06
93 6.97473e+06
49 4.97497e+06
77 6.70044e+06
103 8.88386e+06
63 5.71642e+06
97 7.56234e+06
78 6.76316e+06
116 9.59744e+06
117 9.60157e+06
68 6.07083e+06
56 5.49287e+06
100 7.91505e+06
59 5.55615e+06
113 9.15316e+06
107 8.96144e+06
52 5.25914e+06
112 9.11418e+06
69 6.12017e+06
99 7.83498e+06
115 9.43186e+06
50 5.22713e+06
114 9.17586e+06
110 9.07399e+06
111 9.07773e+06
106 8.9454e+06
104 8.94371e+06
104 8.94371e+06
102 8.20747e+06
Thế hệ thứ: 47
40 4.50534e+06
105 8.94417e+06
120 1.02314e+07
112 9.11418e+06
69 6.12017e+06
102 8.20747e+06
93 6.97473e+06
49 4.97497e+06
77 6.70044e+06
103 8.88386e+06
63 5.71642e+06
97 7.56234e+06
78 6.76316e+06
73 6.32773e+06
116 9.59744e+06
117 9.60157e+06
68 6.07083e+06
56 5.49287e+06
100 7.91505e+06
59 5.55615e+06
107 8.96144e+06
52 5.25914e+06
99 7.83498e+06
115 9.43186e+06
50 5.22713e+06
114 9.17586e+06
110 9.07399e+06
113 9.15316e+06
111 9.07773e+06
106 8.9454e+06
104 8.94371e+06
104 8.94371e+06
Thế hệ thứ: 48
40 4.50534e+06
105 8.94417e+06
120 1.02314e+07
112 9.11418e+06
69 6.12017e+06
102 8.20747e+06
93 6.97473e+06
49 4.97497e+06
77 6.70044e+06
103 8.88386e+06
63 5.71642e+06
97 7.56234e+06
78 6.76316e+06
73 6.32773e+06
116 9.59744e+06
117 9.60157e+06
68 6.07083e+06
56 5.49287e+06
100 7.91505e+06
59 5.55615e+06
107 8.96144e+06
52 5.25914e+06
99 7.83498e+06
115 9.43186e+06
50 5.22713e+06
114 9.17586e+06
110 9.07399e+06
113 9.15316e+06
111 9.07773e+06
106 8.9454e+06
104 8.94371e+06
104 8.94371e+06
Thế hệ thứ: 49
40 4.50534e+06
105 8.94417e+06
120 1.02314e+07
69 6.12017e+06
112 9.11418e+06
102 8.20747e+06
93 6.97473e+06
49 4.97497e+06
77 6.70044e+06
103 8.88386e+06
63 5.71642e+06
97 7.56234e+06
78 6.76316e+06
73 6.32773e+06
116 9.59744e+06
117 9.60157e+06
68 6.07083e+06
56 5.49287e+06
100 7.91505e+06
59 5.55615e+06
107 8.96144e+06
52 5.25914e+06
99 7.83498e+06
115 9.43186e+06
50 5.22713e+06
114 9.17586e+06
110 9.07399e+06
113 9.15316e+06
111 9.07773e+06
106 8.9454e+06
104 8.94371e+06
104 8.94371e+06
Thế hệ thứ: 50
40 4.50534e+06
120 1.02314e+07
93 6.97473e+06
49 4.97497e+06
78 6.76316e+06
97 7.56234e+06
102 8.20747e+06
63 5.71642e+06
73 6.32773e+06
117 9.60157e+06
103 8.88386e+06
68 6.07083e+06
56 5.49287e+06
77 6.70044e+06
59 5.55615e+06
52 5.25914e+06
69 6.12017e+06
100 7.91505e+06
99 7.83498e+06
115 9.43186e+06
50 5.22713e+06
114 9.17586e+06
107 8.96144e+06
110 9.07399e+06
116 9.59744e+06
112 9.11418e+06
113 9.15316e+06
111 9.07773e+06
106 8.9454e+06
105 8.94417e+06
104 8.94371e+06
104 8.94371e+06
