Thế hệ thứ: 0
99 1.3071e+07
62 5.24434e+06
100 1.57785e+07
88 9.19251e+06
52 4.51523e+06
91 1.27196e+07
83 9.10408e+06
79 7.77833e+06
66 6.87955e+06
55 4.85876e+06
75 7.25662e+06
93 1.30545e+07
90 1.11702e+07
Thế hệ thứ: 1
62 5.24434e+06
100 1.57785e+07
77 7.66085e+06
94 9.86627e+06
66 6.87955e+06
79 7.77833e+06
99 1.3071e+07
75 7.25662e+06
88 9.19251e+06
83 9.10408e+06
55 4.85876e+06
53 4.19651e+06
74 7.06205e+06
61 5.2007e+06
68 6.91881e+06
Thế hệ thứ: 2
53 4.19651e+06
99 1.3071e+07
88 9.19251e+06
94 9.86627e+06
77 7.66085e+06
79 7.77833e+06
62 5.24434e+06
75 7.25662e+06
68 6.91881e+06
61 5.2007e+06
74 7.06205e+06
97 1.27439e+07
100 1.41749e+07
32 3.14118e+06
85 7.92379e+06
95 9.9217e+06
67 5.97296e+06
56 4.42654e+06
Thế hệ thứ: 3
32 3.14118e+06
85 7.92379e+06
88 9.19251e+06
53 4.19651e+06
97 1.27439e+07
67 5.97296e+06
95 9.9217e+06
56 4.42654e+06
75 7.25662e+06
99 1.3071e+07
94 9.86627e+06
62 5.24434e+06
83 7.63243e+06
100 1.34608e+07
74 6.05494e+06
47 3.90747e+06
61 4.94458e+06
45 3.81414e+06
49 4.02042e+06
33 3.19642e+06
Thế hệ thứ: 4
32 3.14118e+06
33 3.19642e+06
100 1.31276e+07
83 7.63243e+06
97 1.27439e+07
95 9.9217e+06
88 9.19251e+06
67 5.97296e+06
74 6.05494e+06
85 7.92379e+06
56 4.42654e+06
62 5.24434e+06
94 9.86627e+06
61 4.94458e+06
53 4.19651e+06
49 4.02042e+06
99 1.3071e+07
47 3.67936e+06
78 6.29844e+06
52 4.13269e+06
51 4.06618e+06
64 5.45875e+06
Thế hệ thứ: 5
32 3.14118e+06
33 3.19642e+06
83 7.63243e+06
100 1.31276e+07
97 1.27439e+07
95 9.9217e+06
78 6.29844e+06
88 9.19251e+06
47 3.67936e+06
85 7.92379e+06
67 5.97296e+06
74 6.05494e+06
56 4.42654e+06
94 9.86627e+06
61 4.94458e+06
64 5.45875e+06
62 5.24434e+06
99 1.3071e+07
53 4.01595e+06
48 3.74484e+06
55 4.17422e+06
57 4.52301e+06
Thế hệ thứ: 6
32 3.14118e+06
33 3.19642e+06
83 7.63243e+06
100 1.31276e+07
53 4.01595e+06
97 1.27439e+07
95 9.9217e+06
78 6.29844e+06
47 3.67936e+06
85 7.92379e+06
94 9.86627e+06
57 4.52301e+06
48 3.74484e+06
55 4.17422e+06
99 1.3071e+07
56 4.42654e+06
63 4.66358e+06
80 7.2584e+06
74 5.35961e+06
90 8.09685e+06
Thế hệ thứ: 7
32 3.14118e+06
33 3.19642e+06
83 7.63243e+06
74 5.35961e+06
63 4.66358e+06
43 3.62209e+06
95 9.9217e+06
90 8.09685e+06
47 3.67936e+06
94 9.86627e+06
85 7.92379e+06
57 4.52301e+06
48 3.74484e+06
55 4.17422e+06
56 4.42654e+06
53 3.94065e+06
42 3.23651e+06
100 1.12919e+07
80 6.10089e+06
Thế hệ thứ: 8
32 3.14118e+06
80 6.10089e+06
100 1.12919e+07
74 5.35961e+06
90 8.09685e+06
63 4.66358e+06
33 3.19642e+06
83 7.63243e+06
43 3.62209e+06
42 3.23651e+06
85 7.92379e+06
53 3.94065e+06
57 4.52301e+06
87 7.99479e+06
55 4.17422e+06
47 3.67936e+06
56 4.42654e+06
42 3.23651e+06
48 3.72621e+06
96 9.63518e+06
68 5.13087e+06
Thế hệ thứ: 9
80 6.10089e+06
96 9.63518e+06
100 1.12919e+07
68 5.13087e+06
90 8.09685e+06
33 3.19642e+06
83 7.63243e+06
74 5.35961e+06
63 4.66358e+06
53 3.94065e+06
42 3.23651e+06
57 4.52301e+06
32 3.11867e+06
43 3.62209e+06
48 3.72621e+06
55 4.17422e+06
85 7.92379e+06
87 7.99479e+06
47 3.67936e+06
56 4.42654e+06
42 3.23651e+06
64 4.92262e+06
95 8.64241e+06
44 3.63313e+06
Thế hệ thứ: 10
96 9.63518e+06
100 1.12919e+07
43 3.62209e+06
32 3.11867e+06
80 6.10089e+06
83 7.63243e+06
95 8.64241e+06
74 5.35961e+06
68 5.13087e+06
90 8.09685e+06
53 3.94065e+06
63 4.66358e+06
63 4.66358e+06
42 3.23651e+06
57 4.52301e+06
44 3.63313e+06
64 4.92262e+06
48 3.72621e+06
55 4.17422e+06
85 7.92379e+06
87 7.99479e+06
56 4.42654e+06
47 3.67936e+06
42 3.23651e+06
82 7.41206e+06
36 3.16301e+06
Thế hệ thứ: 11
96 9.63518e+06
100 1.12919e+07
43 3.62209e+06
32 3.11867e+06
80 6.10089e+06
95 8.64241e+06
74 5.35961e+06
82 7.41206e+06
68 5.13087e+06
90 8.09685e+06
36 3.16301e+06
53 3.94065e+06
57 4.52301e+06
44 3.63313e+06
64 4.92262e+06
48 3.72621e+06
83 7.63243e+06
63 4.66358e+06
63 4.66358e+06
55 4.17422e+06
42 3.23651e+06
56 4.42654e+06
47 3.67936e+06
42 3.23651e+06
41 3.2333e+06
88 7.74807e+06
Thế hệ thứ: 12
96 9.63518e+06
100 1.12919e+07
43 3.62209e+06
32 3.11867e+06
80 6.10089e+06
95 8.64241e+06
74 5.35961e+06
82 7.41206e+06
90 8.09685e+06
68 5.13087e+06
88 7.74807e+06
53 3.94065e+06
36 3.16301e+06
57 4.52301e+06
44 3.63313e+06
64 4.92262e+06
83 7.63243e+06
48 3.72621e+06
63 4.66358e+06
63 4.66358e+06
55 4.17422e+06
56 4.42654e+06
47 3.67936e+06
42 3.23651e+06
42 3.23651e+06
78 6.06383e+06
41 3.22512e+06
Thế hệ thứ: 13
43 3.62209e+06
32 3.11867e+06
96 9.63518e+06
100 1.12919e+07
74 5.35961e+06
95 8.64241e+06
82 6.23253e+06
80 6.10089e+06
90 8.09685e+06
68 5.13087e+06
78 6.06383e+06
88 7.74807e+06
53 3.94065e+06
36 3.16301e+06
57 4.52301e+06
44 3.63313e+06
37 3.21375e+06
64 4.92262e+06
83 7.63243e+06
48 3.72621e+06
63 4.66358e+06
63 4.66358e+06
55 4.17422e+06
41 3.22512e+06
56 4.42654e+06
47 3.67936e+06
42 3.23651e+06
42 3.23651e+06
52 3.82636e+06
54 4.15203e+06
91 8.32065e+06
86 7.64309e+06
Thế hệ thứ: 14
43 3.62209e+06
32 3.11867e+06
96 9.63518e+06
100 1.12919e+07
95 8.64241e+06
74 5.35961e+06
82 6.23253e+06
80 6.10089e+06
83 7.63243e+06
68 5.13087e+06
78 6.06383e+06
91 8.32065e+06
47 3.67936e+06
57 4.52301e+06
37 3.21375e+06
44 3.63313e+06
64 4.92262e+06
88 7.74807e+06
90 8.09685e+06
63 4.66358e+06
63 4.66358e+06
86 7.64309e+06
52 3.82636e+06
48 3.72621e+06
41 3.22512e+06
56 4.42654e+06
53 3.94065e+06
55 4.17422e+06
42 3.23651e+06
42 3.23651e+06
36 3.13569e+06
54 4.10221e+06
Thế hệ thứ: 15
43 3.62209e+06
32 3.11867e+06
96 9.63518e+06
100 1.12919e+07
95 8.64241e+06
74 5.35961e+06
82 6.23253e+06
83 7.63243e+06
68 5.13087e+06
91 8.32065e+06
47 3.67936e+06
57 4.52301e+06
37 3.21375e+06
44 3.63313e+06
64 4.92262e+06
88 7.74807e+06
90 8.09685e+06
63 4.66358e+06
63 4.66358e+06
52 3.82636e+06
86 7.64309e+06
48 3.72621e+06
36 3.13569e+06
41 3.22512e+06
56 4.42654e+06
55 4.17422e+06
53 3.94065e+06
42 3.23651e+06
54 4.10221e+06
42 3.23651e+06
80 5.78889e+06
78 5.74756e+06
Thế hệ thứ: 16
43 3.62209e+06
32 3.11867e+06
96 9.63518e+06
100 1.12919e+07
82 6.23253e+06
74 5.35961e+06
95 8.64241e+06
83 7.63243e+06
68 5.13087e+06
78 5.74756e+06
91 8.32065e+06
47 3.67936e+06
57 4.52301e+06
37 3.21375e+06
44 3.63313e+06
64 4.92262e+06
75 5.56335e+06
80 5.78889e+06
88 7.74807e+06
90 8.09685e+06
63 4.66358e+06
63 4.66358e+06
86 7.64309e+06
52 3.82636e+06
48 3.72621e+06
36 3.13569e+06
41 3.22512e+06
56 4.42654e+06
55 4.17422e+06
53 3.94065e+06
42 3.23651e+06
54 4.10221e+06
42 3.23651e+06
58 4.63876e+06
51 3.78824e+06
Thế hệ thứ: 17
43 3.62209e+06
32 3.11867e+06
96 9.63518e+06
95 8.64241e+06
83 7.63243e+06
68 5.13087e+06
91 8.32065e+06
47 3.67936e+06
44 3.63313e+06
64 4.92262e+06
80 5.78889e+06
88 7.74807e+06
58 4.63876e+06
90 8.09685e+06
78 5.74756e+06
52 3.82636e+06
86 7.64309e+06
63 4.66358e+06
63 4.66358e+06
41 3.22512e+06
48 3.72621e+06
57 4.51098e+06
51 3.78824e+06
55 4.17422e+06
76 5.57472e+06
53 3.94065e+06
42 3.23651e+06
54 4.10221e+06
100 1.10646e+07
42 3.23651e+06
82 6.16044e+06
97 1.10388e+07
56 4.22683e+06
75 5.34841e+06
37 3.13291e+06
Thế hệ thứ: 18
43 3.62209e+06
32 3.11867e+06
68 5.13087e+06
100 1.10646e+07
96 9.63518e+06
95 8.64241e+06
78 5.74756e+06
82 6.16044e+06
55 4.17422e+06
97 1.10388e+07
83 7.63243e+06
75 5.34841e+06
37 3.13291e+06
91 8.32065e+06
47 3.67936e+06
44 3.63313e+06
64 4.92262e+06
58 4.63876e+06
90 8.09685e+06
88 7.74807e+06
80 5.78889e+06
53 3.94065e+06
76 5.57472e+06
52 3.82636e+06
86 7.64309e+06
51 3.78824e+06
57 4.51098e+06
63 4.66358e+06
63 4.66358e+06
48 3.72621e+06
56 4.22683e+06
56 4.22683e+06
54 4.10221e+06
81 5.83472e+06
42 3.23225e+06
41 3.2151e+06
Thế hệ thứ: 19
43 3.62209e+06
32 3.11867e+06
66 4.778e+06
68 5.13087e+06
96 9.63518e+06
95 8.64241e+06
82 6.16044e+06
55 4.17422e+06
83 7.63243e+06
75 5.34841e+06
37 3.13291e+06
91 8.32065e+06
47 3.67936e+06
44 3.63313e+06
58 4.63876e+06
78 5.73436e+06
90 8.09685e+06
88 7.74807e+06
76 5.57472e+06
52 3.82636e+06
86 7.64309e+06
41 3.2151e+06
51 3.78824e+06
57 4.51098e+06
42 3.23225e+06
63 4.66358e+06
63 4.66358e+06
81 5.83472e+06
48 3.72621e+06
54 4.10221e+06
80 5.78889e+06
56 4.22683e+06
56 4.22683e+06
100 1.00442e+07
53 3.83903e+06
Thế hệ thứ: 20
43 3.62209e+06
100 1.00442e+07
75 5.34841e+06
95 8.64241e+06
53 3.83903e+06
82 6.16044e+06
96 9.63518e+06
66 4.778e+06
68 5.13087e+06
91 8.32065e+06
47 3.67936e+06
37 3.13291e+06
90 8.09685e+06
78 5.73436e+06
88 7.74807e+06
76 5.57472e+06
52 3.82636e+06
86 7.64309e+06
51 3.78824e+06
42 3.23225e+06
41 3.2151e+06
81 5.83472e+06
54 4.10221e+06
63 4.66358e+06
63 4.66358e+06
48 3.72621e+06
44 3.63313e+06
80 5.78889e+06
56 4.22683e+06
56 4.22683e+06
55 4.17422e+06
60 4.4917e+06
84 6.57284e+06
36 3.11551e+06
98 9.78921e+06
Thế hệ thứ: 21
100 1.00442e+07
36 3.11551e+06
84 6.57284e+06
75 5.34841e+06
95 8.64241e+06
52 3.82636e+06
86 7.64309e+06
66 4.778e+06
68 5.13087e+06
96 9.63518e+06
60 4.4917e+06
47 3.67936e+06
91 8.32065e+06
53 3.83903e+06
90 8.09685e+06
78 5.73436e+06
88 7.74807e+06
98 9.78921e+06
76 5.57472e+06
56 4.22683e+06
56 4.22683e+06
37 3.13291e+06
41 3.2151e+06
42 3.23225e+06
43 3.62209e+06
81 5.83472e+06
48 3.72621e+06
51 3.78824e+06
63 4.66358e+06
63 4.66358e+06
44 3.63313e+06
80 5.78889e+06
82 5.84677e+06
69 5.23403e+06
55 4.00316e+06
57 4.40834e+06
Thế hệ thứ: 22
100 1.00442e+07
36 3.11551e+06
84 6.57284e+06
86 6.98781e+06
75 5.34841e+06
95 8.64241e+06
52 3.82636e+06
47 3.67936e+06
91 8.32065e+06
96 9.63518e+06
82 5.84677e+06
68 5.13087e+06
66 4.778e+06
51 3.78824e+06
69 5.23403e+06
60 4.4917e+06
90 8.09685e+06
78 5.73436e+06
88 7.74807e+06
98 9.78921e+06
55 4.00316e+06
76 5.57472e+06
57 4.40834e+06
37 3.13291e+06
41 3.2151e+06
42 3.23225e+06
43 3.62209e+06
48 3.72621e+06
53 3.83903e+06
63 4.66358e+06
63 4.66358e+06
44 3.63313e+06
80 5.78889e+06
56 4.22683e+06
56 4.22683e+06
81 5.83472e+06
Thế hệ thứ: 23
36 3.11551e+06
86 6.98781e+06
75 5.34841e+06
95 8.64241e+06
84 6.57284e+06
96 9.63518e+06
88 7.74807e+06
47 3.67936e+06
82 5.84677e+06
66 4.778e+06
51 3.78824e+06
60 4.4917e+06
90 8.09685e+06
78 5.73436e+06
55 4.00316e+06
76 5.57472e+06
57 4.40834e+06
37 3.13291e+06
41 3.2151e+06
42 3.23225e+06
43 3.62209e+06
48 3.72621e+06
53 3.83903e+06
63 4.66358e+06
63 4.66358e+06
44 3.63313e+06
80 5.78889e+06
56 4.22683e+06
56 4.22683e+06
81 5.83472e+06
52 3.82636e+06
59 4.46764e+06
100 9.69105e+06
69 5.10412e+06
94 8.22178e+06
Thế hệ thứ: 24
36 3.11551e+06
69 5.10412e+06
41 3.2151e+06
100 9.69105e+06
88 7.74807e+06
96 9.63518e+06
75 5.34841e+06
86 6.98781e+06
95 8.64241e+06
59 4.46764e+06
84 6.57284e+06
78 5.73436e+06
78 5.73436e+06
94 8.22178e+06
66 4.778e+06
82 5.84677e+06
55 4.00316e+06
37 3.13291e+06
42 3.23225e+06
60 4.4917e+06
57 4.40834e+06
48 3.72621e+06
51 3.78824e+06
47 3.67936e+06
53 3.83903e+06
63 4.66358e+06
63 4.66358e+06
80 5.78889e+06
56 4.22683e+06
56 4.22683e+06
81 5.83472e+06
81 5.83472e+06
52 3.82636e+06
77 5.4444e+06
91 7.89154e+06
44 3.59891e+06
Thế hệ thứ: 25
36 3.11551e+06
100 9.69105e+06
88 7.74807e+06
69 5.10412e+06
41 3.2151e+06
96 9.63518e+06
75 5.34841e+06
86 6.98781e+06
95 8.64241e+06
59 4.46764e+06
84 6.57284e+06
94 8.22178e+06
55 4.00316e+06
91 7.89154e+06
66 4.778e+06
82 5.84677e+06
44 3.59891e+06
77 5.4444e+06
42 3.23225e+06
37 3.13291e+06
60 4.4917e+06
57 4.40834e+06
47 3.67936e+06
48 3.72621e+06
51 3.78824e+06
53 3.83903e+06
63 4.66358e+06
63 4.66358e+06
80 5.78889e+06
78 5.73436e+06
78 5.73436e+06
56 4.22683e+06
56 4.22683e+06
52 3.82636e+06
81 5.83472e+06
81 5.83472e+06
Thế hệ thứ: 26
36 3.11551e+06
100 9.69105e+06
88 7.74807e+06
41 3.2151e+06
69 5.10412e+06
96 9.63518e+06
75 5.34841e+06
86 6.98781e+06
95 8.64241e+06
59 4.46764e+06
84 6.57284e+06
94 8.22178e+06
55 4.00316e+06
91 7.89154e+06
66 4.778e+06
82 5.84677e+06
44 3.59891e+06
77 5.4444e+06
42 3.23225e+06
37 3.13291e+06
60 4.4917e+06
57 4.40834e+06
47 3.67936e+06
48 3.72621e+06
51 3.78824e+06
53 3.83903e+06
63 4.66358e+06
63 4.66358e+06
80 5.78889e+06
78 5.73436e+06
78 5.73436e+06
56 4.22683e+06
56 4.22683e+06
52 3.82636e+06
81 5.83472e+06
81 5.83472e+06
79 5.75276e+06
Thế hệ thứ: 27
36 3.11551e+06
100 9.69105e+06
88 7.74807e+06
41 3.2151e+06
69 5.10412e+06
96 9.63518e+06
75 5.34841e+06
86 6.98781e+06
95 8.64241e+06
59 4.46764e+06
84 6.57284e+06
94 8.22178e+06
70 5.29155e+06
55 4.00316e+06
91 7.89154e+06
66 4.778e+06
82 5.84677e+06
44 3.59891e+06
77 5.4444e+06
42 3.23225e+06
37 3.13291e+06
60 4.4917e+06
83 6.22106e+06
57 4.40834e+06
47 3.67936e+06
48 3.72621e+06
51 3.78824e+06
53 3.83903e+06
63 4.66358e+06
63 4.66358e+06
78 5.73436e+06
78 5.73436e+06
56 4.22683e+06
56 4.22683e+06
80 5.78889e+06
79 5.75276e+06
52 3.82636e+06
81 5.83472e+06
81 5.83472e+06
54 3.98024e+06
Thế hệ thứ: 28
94 8.22178e+06
36 3.11551e+06
100 9.69105e+06
88 7.74807e+06
96 9.63518e+06
75 5.34841e+06
86 6.98781e+06
95 8.64241e+06
55 4.00316e+06
70 5.29155e+06
91 7.89154e+06
59 4.46764e+06
84 6.57284e+06
66 4.778e+06
44 3.59891e+06
57 4.40834e+06
83 6.22106e+06
41 3.2151e+06
69 5.10412e+06
77 5.4444e+06
42 3.23225e+06
37 3.13291e+06
60 4.4917e+06
82 5.84677e+06
47 3.67936e+06
48 3.72621e+06
51 3.78824e+06
63 4.66358e+06
63 4.66358e+06
78 5.73436e+06
78 5.73436e+06
81 5.83472e+06
81 5.83472e+06
54 3.98024e+06
53 3.83903e+06
56 4.22683e+06
56 4.22683e+06
80 5.78889e+06
79 5.75276e+06
52 3.82636e+06
61 4.50904e+06
71 5.2937e+06
Thế hệ thứ: 29
94 8.22178e+06
36 3.11551e+06
100 9.69105e+06
88 7.74807e+06
71 5.2937e+06
75 5.34841e+06
86 6.98781e+06
95 8.64241e+06
70 5.29155e+06
55 4.00316e+06
91 7.89154e+06
59 4.46764e+06
84 6.57284e+06
66 4.778e+06
44 3.59891e+06
57 4.40834e+06
83 6.22106e+06
41 3.2151e+06
69 5.10412e+06
77 5.4444e+06
42 3.23225e+06
37 3.13291e+06
82 5.84677e+06
47 3.67936e+06
48 3.72621e+06
51 3.78824e+06
61 4.50904e+06
63 4.66358e+06
63 4.66358e+06
78 5.73436e+06
78 5.73436e+06
81 5.83472e+06
81 5.83472e+06
54 3.98024e+06
53 3.83903e+06
56 4.22683e+06
56 4.22683e+06
80 5.78889e+06
79 5.75276e+06
52 3.82636e+06
60 4.4917e+06
97 9.58466e+06
Thế hệ thứ: 30
94 8.22178e+06
97 9.58466e+06
36 3.11551e+06
100 9.69105e+06
88 7.74807e+06
52 3.76422e+06
75 5.34841e+06
86 6.98781e+06
95 8.64241e+06
55 4.00316e+06
91 7.89154e+06
84 6.57284e+06
66 4.778e+06
57 4.40834e+06
83 6.22106e+06
41 3.2151e+06
69 5.10412e+06
77 5.4444e+06
42 3.23225e+06
37 3.13291e+06
82 5.84677e+06
71 5.2937e+06
47 3.67936e+06
48 3.72621e+06
63 4.66358e+06
63 4.66358e+06
78 5.73436e+06
78 5.73436e+06
81 5.83472e+06
81 5.83472e+06
54 3.98024e+06
53 3.83903e+06
56 4.22683e+06
56 4.22683e+06
80 5.78889e+06
76 5.38561e+06
79 5.75276e+06
45 3.59519e+06
70 5.26614e+06
61 4.46453e+06
Thế hệ thứ: 31
94 8.22178e+06
97 9.58466e+06
36 3.11551e+06
100 9.69105e+06
88 7.74807e+06
70 5.26614e+06
70 5.26614e+06
52 3.76422e+06
75 5.34841e+06
86 6.98781e+06
95 8.64241e+06
55 4.00316e+06
91 7.89154e+06
84 6.57284e+06
66 4.778e+06
63 4.66358e+06
63 4.66358e+06
45 3.59519e+06
57 4.40834e+06
83 6.22106e+06
41 3.2151e+06
69 5.10412e+06
61 4.46453e+06
42 3.23225e+06
37 3.13291e+06
48 3.72621e+06
71 5.2937e+06
82 5.84677e+06
77 5.4444e+06
47 3.67936e+06
53 3.83903e+06
78 5.73436e+06
78 5.73436e+06
81 5.83472e+06
81 5.83472e+06
54 3.98024e+06
56 4.22683e+06
56 4.22683e+06
79 5.75276e+06
76 5.38561e+06
80 5.78889e+06
61 4.46453e+06
Thế hệ thứ: 32
94 8.22178e+06
97 9.58466e+06
100 9.69105e+06
88 7.74807e+06
70 5.26614e+06
70 5.26614e+06
52 3.76422e+06
75 5.34841e+06
86 6.98781e+06
95 8.64241e+06
55 4.00316e+06
91 7.89154e+06
66 4.778e+06
44 3.54297e+06
63 4.66358e+06
63 4.66358e+06
45 3.59519e+06
57 4.40834e+06
41 3.2151e+06
69 5.10412e+06
42 3.23225e+06
37 3.13291e+06
48 3.72621e+06
71 5.2937e+06
82 5.84677e+06
77 5.4444e+06
61 4.46453e+06
47 3.67936e+06
53 3.83903e+06
61 4.46453e+06
78 5.73436e+06
78 5.73436e+06
81 5.83472e+06
81 5.83472e+06
54 3.98024e+06
56 4.22683e+06
56 4.22683e+06
79 5.75276e+06
76 5.38561e+06
80 5.78889e+06
85 6.03123e+06
73 5.31576e+06
36 3.05486e+06
Thế hệ thứ: 33
36 3.05486e+06
88 7.74807e+06
100 9.69105e+06
95 8.64241e+06
52 3.76422e+06
75 5.34841e+06
86 6.98781e+06
94 8.22178e+06
97 9.58466e+06
85 6.03123e+06
55 4.00316e+06
91 7.89154e+06
66 4.778e+06
41 3.2151e+06
57 4.40834e+06
37 3.13291e+06
63 4.66358e+06
63 4.66358e+06
45 3.59519e+06
44 3.54297e+06
42 3.23225e+06
82 5.84677e+06
48 3.72621e+06
77 5.4444e+06
61 4.46453e+06
80 5.78889e+06
73 5.31576e+06
47 3.67936e+06
53 3.83903e+06
61 4.46453e+06
78 5.73436e+06
78 5.73436e+06
81 5.83472e+06
81 5.83472e+06
54 3.98024e+06
71 5.2937e+06
56 4.22683e+06
56 4.22683e+06
76 5.38561e+06
79 5.75276e+06
70 4.87615e+06
Thế hệ thứ: 34
36 3.05486e+06
100 9.69105e+06
88 7.74807e+06
95 8.64241e+06
52 3.76422e+06
75 5.34841e+06
86 6.98781e+06
94 8.22178e+06
97 9.58466e+06
85 6.03123e+06
55 4.00316e+06
70 4.87615e+06
66 4.778e+06
57 4.40834e+06
71 5.2937e+06
37 3.13291e+06
63 4.66358e+06
63 4.66358e+06
45 3.59519e+06
44 3.54297e+06
42 3.23225e+06
41 3.2151e+06
82 5.84677e+06
48 3.72621e+06
77 5.4444e+06
61 4.46453e+06
80 5.78889e+06
73 5.31576e+06
47 3.67936e+06
53 3.83903e+06
61 4.46453e+06
78 5.73436e+06
78 5.73436e+06
81 5.83472e+06
81 5.83472e+06
54 3.98024e+06
56 4.22683e+06
56 4.22683e+06
91 7.89154e+06
79 5.75276e+06
76 5.38561e+06
Thế hệ thứ: 35
36 3.05486e+06
88 7.74807e+06
100 9.69105e+06
95 8.64241e+06
52 3.76422e+06
75 5.34841e+06
86 6.98781e+06
94 8.22178e+06
97 9.58466e+06
85 6.03123e+06
91 7.89154e+06
79 5.75276e+06
76 5.38561e+06
70 4.87615e+06
66 4.778e+06
57 4.40834e+06
37 3.13291e+06
63 4.66358e+06
63 4.66358e+06
45 3.59519e+06
44 3.54297e+06
42 3.23225e+06
41 3.2151e+06
82 5.84677e+06
48 3.72621e+06
77 5.4444e+06
61 4.46453e+06
80 5.78889e+06
73 5.31576e+06
55 4.00316e+06
47 3.67936e+06
53 3.83903e+06
61 4.46453e+06
78 5.73436e+06
78 5.73436e+06
81 5.83472e+06
81 5.83472e+06
54 3.98024e+06
56 4.22683e+06
56 4.22683e+06
71 5.16014e+06
Thế hệ thứ: 36
36 3.05486e+06
100 9.69105e+06
88 7.74807e+06
95 8.64241e+06
52 3.76422e+06
75 5.34841e+06
86 6.98781e+06
94 8.22178e+06
97 9.58466e+06
85 6.03123e+06
91 7.89154e+06
79 5.75276e+06
76 5.38561e+06
66 4.778e+06
70 4.87615e+06
57 4.40834e+06
71 5.16014e+06
37 3.13291e+06
44 3.54297e+06
63 4.66358e+06
63 4.66358e+06
45 3.59519e+06
42 3.23225e+06
41 3.2151e+06
82 5.84677e+06
48 3.72621e+06
80 5.78889e+06
73 5.31576e+06
77 5.4444e+06
61 4.46453e+06
55 4.00316e+06
47 3.67936e+06
53 3.83903e+06
61 4.46453e+06
78 5.73436e+06
78 5.73436e+06
81 5.83472e+06
81 5.83472e+06
54 3.98024e+06
56 4.22683e+06
56 4.22683e+06
74 5.33607e+06
Thế hệ thứ: 37
36 3.05486e+06
100 9.69105e+06
88 7.74807e+06
95 8.64241e+06
52 3.76422e+06
75 5.34841e+06
86 6.98781e+06
94 8.22178e+06
97 9.58466e+06
85 6.03123e+06
91 7.89154e+06
79 5.75276e+06
76 5.38561e+06
66 4.778e+06
70 4.87615e+06
71 5.16014e+06
37 3.13291e+06
62 4.59984e+06
63 4.66358e+06
63 4.66358e+06
45 3.59519e+06
44 3.54297e+06
42 3.23225e+06
41 3.2151e+06
82 5.84677e+06
48 3.72621e+06
80 5.78889e+06
73 5.31576e+06
61 4.46453e+06
55 4.00316e+06
47 3.67936e+06
53 3.83903e+06
61 4.46453e+06
78 5.73436e+06
78 5.73436e+06
81 5.83472e+06
81 5.83472e+06
54 3.98024e+06
74 5.33607e+06
60 4.206e+06
77 5.42349e+06
87 7.33334e+06
Thế hệ thứ: 38
36 3.05486e+06
88 7.74807e+06
100 9.69105e+06
52 3.76422e+06
75 5.34841e+06
86 6.98781e+06
95 8.64241e+06
94 8.22178e+06
87 7.33334e+06
97 9.58466e+06
91 7.89154e+06
79 5.75276e+06
85 6.03123e+06
60 4.206e+06
66 4.778e+06
70 4.87615e+06
71 5.16014e+06
37 3.13291e+06
63 4.66358e+06
62 4.59984e+06
63 4.66358e+06
45 3.59519e+06
44 3.54297e+06
42 3.23225e+06
41 3.2151e+06
82 5.84677e+06
48 3.72621e+06
77 5.42349e+06
80 5.78889e+06
73 5.31576e+06
47 3.67936e+06
53 3.83903e+06
78 5.73436e+06
78 5.73436e+06
81 5.83472e+06
81 5.83472e+06
54 3.98024e+06
61 4.46453e+06
74 5.33607e+06
61 4.46453e+06
55 3.98048e+06
76 5.36219e+06
Thế hệ thứ: 39
60 4.206e+06
36 3.05486e+06
88 7.74807e+06
100 9.69105e+06
52 3.76422e+06
75 5.34841e+06
95 8.64241e+06
94 8.22178e+06
97 9.58466e+06
85 6.03123e+06
91 7.89154e+06
79 5.75276e+06
66 4.778e+06
70 4.87615e+06
55 3.98048e+06
71 5.16014e+06
37 3.13291e+06
63 4.66358e+06
62 4.59984e+06
63 4.66358e+06
45 3.59519e+06
44 3.54297e+06
42 3.23225e+06
41 3.2151e+06
82 5.84677e+06
48 3.72621e+06
77 5.42349e+06
80 5.78889e+06
73 5.31576e+06
47 3.67936e+06
53 3.83903e+06
78 5.73436e+06
78 5.73436e+06
61 4.46453e+06
81 5.83472e+06
81 5.83472e+06
54 3.98024e+06
76 5.36219e+06
74 5.33607e+06
61 4.46453e+06
87 6.41173e+06
72 5.175e+06
Thế hệ thứ: 40
60 4.206e+06
36 3.05486e+06
100 9.69105e+06
88 7.74807e+06
87 6.41173e+06
95 8.64241e+06
94 8.22178e+06
97 9.58466e+06
91 7.89154e+06
79 5.75276e+06
85 6.03123e+06
66 4.778e+06
70 4.87615e+06
55 3.98048e+06
37 3.13291e+06
63 4.66358e+06
62 4.59984e+06
63 4.66358e+06
45 3.59519e+06
44 3.54297e+06
42 3.23225e+06
52 3.76422e+06
75 5.34841e+06
41 3.2151e+06
82 5.84677e+06
48 3.72621e+06
77 5.42349e+06
71 5.16014e+06
47 3.67936e+06
53 3.83903e+06
78 5.73436e+06
78 5.73436e+06
80 5.78889e+06
73 5.31576e+06
72 5.175e+06
61 4.46453e+06
81 5.83472e+06
81 5.83472e+06
54 3.98024e+06
76 5.36219e+06
74 5.33607e+06
61 4.46453e+06
Thế hệ thứ: 41
60 4.206e+06
36 3.05486e+06
100 9.69105e+06
88 7.74807e+06
87 6.41173e+06
95 8.64241e+06
94 8.22178e+06
97 9.58466e+06
91 7.89154e+06
79 5.75276e+06
86 6.32305e+06
85 6.03123e+06
66 4.778e+06
70 4.87615e+06
55 3.98048e+06
37 3.13291e+06
63 4.66358e+06
62 4.59984e+06
63 4.66358e+06
44 3.54297e+06
42 3.23225e+06
52 3.76422e+06
75 5.34841e+06
41 3.2151e+06
82 5.84677e+06
48 3.72621e+06
77 5.42349e+06
71 5.16014e+06
47 3.67936e+06
53 3.83903e+06
78 5.73436e+06
78 5.73436e+06
80 5.78889e+06
73 5.31576e+06
72 5.175e+06
61 4.46453e+06
81 5.83472e+06
81 5.83472e+06
54 3.98024e+06
76 5.36219e+06
74 5.33607e+06
61 4.46453e+06
45 3.54701e+06
Thế hệ thứ: 42
60 4.206e+06
36 3.05486e+06
100 9.69105e+06
82 5.83969e+06
88 7.74807e+06
95 8.64241e+06
87 6.41173e+06
94 8.22178e+06
97 9.58466e+06
91 7.89154e+06
79 5.75276e+06
66 4.778e+06
70 4.87615e+06
85 6.03123e+06
86 6.32305e+06
55 3.98048e+06
37 3.13291e+06
42 3.23225e+06
52 3.76422e+06
75 5.34841e+06
63 4.66358e+06
62 4.59984e+06
63 4.66358e+06
44 3.54297e+06
41 3.2151e+06
48 3.72621e+06
77 5.42349e+06
71 5.16014e+06
47 3.67936e+06
61 4.46453e+06
45 3.54701e+06
53 3.83903e+06
78 5.73436e+06
78 5.73436e+06
80 5.78889e+06
73 5.31576e+06
72 5.175e+06
81 5.83472e+06
81 5.83472e+06
54 3.98024e+06
76 5.36219e+06
74 5.33607e+06
61 4.46453e+06
Thế hệ thứ: 43
60 4.206e+06
36 3.05486e+06
100 9.69105e+06
82 5.83969e+06
88 7.74807e+06
95 8.64241e+06
87 6.41173e+06
94 8.22178e+06
97 9.58466e+06
91 7.89154e+06
79 5.75276e+06
66 4.778e+06
70 4.87615e+06
85 6.03123e+06
86 6.32305e+06
55 3.98048e+06
37 3.13291e+06
42 3.23225e+06
52 3.76422e+06
75 5.34841e+06
63 4.66358e+06
62 4.59984e+06
63 4.66358e+06
44 3.54297e+06
41 3.2151e+06
48 3.72621e+06
77 5.42349e+06
71 5.16014e+06
47 3.67936e+06
61 4.46453e+06
45 3.54701e+06
53 3.83903e+06
78 5.73436e+06
78 5.73436e+06
80 5.78889e+06
73 5.31576e+06
72 5.175e+06
81 5.83472e+06
81 5.83472e+06
54 3.98024e+06
76 5.36219e+06
74 5.33607e+06
61 4.46453e+06
Thế hệ thứ: 44
60 4.206e+06
36 3.05486e+06
88 7.74807e+06
100 9.69105e+06
82 5.83969e+06
95 8.64241e+06
87 6.41173e+06
94 8.22178e+06
97 9.58466e+06
91 7.89154e+06
79 5.75276e+06
66 4.778e+06
70 4.87615e+06
85 6.03123e+06
86 6.32305e+06
55 3.98048e+06
37 3.13291e+06
42 3.23225e+06
52 3.76422e+06
75 5.34841e+06
63 4.66358e+06
62 4.59984e+06
63 4.66358e+06
44 3.54297e+06
41 3.2151e+06
48 3.72621e+06
77 5.42349e+06
71 5.16014e+06
47 3.67936e+06
61 4.46453e+06
45 3.54701e+06
53 3.83903e+06
78 5.73436e+06
78 5.73436e+06
80 5.78889e+06
73 5.31576e+06
72 5.175e+06
81 5.83472e+06
81 5.83472e+06
54 3.98024e+06
76 5.36219e+06
74 5.33607e+06
61 4.46453e+06
71 5.16014e+06
Thế hệ thứ: 45
100 9.69105e+06
82 5.83969e+06
88 7.74807e+06
60 4.206e+06
36 3.05486e+06
95 8.64241e+06
87 6.41173e+06
94 8.22178e+06
97 9.58466e+06
91 7.89154e+06
79 5.75276e+06
66 4.778e+06
70 4.87615e+06
85 6.03123e+06
86 6.32305e+06
55 3.98048e+06
37 3.13291e+06
42 3.23225e+06
52 3.76422e+06
63 4.66358e+06
62 4.59984e+06
63 4.66358e+06
44 3.54297e+06
41 3.2151e+06
48 3.72621e+06
77 5.42349e+06
61 4.46453e+06
45 3.54701e+06
47 3.6514e+06
53 3.83903e+06
78 5.73436e+06
78 5.73436e+06
71 5.16014e+06
80 5.78889e+06
73 5.31576e+06
72 5.175e+06
81 5.83472e+06
81 5.83472e+06
54 3.98024e+06
76 5.36219e+06
74 5.33607e+06
61 4.46453e+06
71 5.16014e+06
75 5.34152e+06
Thế hệ thứ: 46
100 9.69105e+06
82 5.83969e+06
88 7.74807e+06
60 4.206e+06
36 3.05486e+06
95 8.64241e+06
94 8.22178e+06
97 9.58466e+06
91 7.89154e+06
79 5.75276e+06
66 4.778e+06
70 4.87615e+06
85 6.03123e+06
86 6.32305e+06
55 3.98048e+06
37 3.13291e+06
42 3.23225e+06
48 3.72621e+06
52 3.76422e+06
63 4.66358e+06
62 4.59984e+06
63 4.66358e+06
44 3.54297e+06
41 3.2151e+06
77 5.42349e+06
53 3.83903e+06
47 3.6514e+06
61 4.46453e+06
45 3.54701e+06
78 5.73436e+06
78 5.73436e+06
71 5.16014e+06
80 5.78889e+06
73 5.31576e+06
72 5.175e+06
81 5.83472e+06
81 5.83472e+06
54 3.98024e+06
76 5.36219e+06
61 4.46453e+06
75 5.34152e+06
74 5.33607e+06
71 5.16014e+06
87 6.41173e+06
Thế hệ thứ: 47
100 9.69105e+06
82 5.83969e+06
88 7.74807e+06
60 4.206e+06
87 6.41173e+06
36 3.05486e+06
95 8.64241e+06
94 8.22178e+06
97 9.58466e+06
91 7.89154e+06
79 5.75276e+06
66 4.778e+06
70 4.87615e+06
85 6.03123e+06
86 6.32305e+06
55 3.98048e+06
37 3.13291e+06
42 3.23225e+06
52 3.76422e+06
63 4.66358e+06
62 4.59984e+06
63 4.66358e+06
44 3.54297e+06
49 3.72616e+06
41 3.2151e+06
77 5.42349e+06
53 3.83903e+06
47 3.6514e+06
61 4.46453e+06
45 3.54701e+06
78 5.73436e+06
78 5.73436e+06
71 5.16014e+06
80 5.78889e+06
73 5.31576e+06
72 5.175e+06
81 5.83472e+06
81 5.83472e+06
54 3.98024e+06
76 5.36219e+06
61 4.46453e+06
75 5.34152e+06
74 5.33607e+06
71 5.16014e+06
Thế hệ thứ: 48
100 9.69105e+06
82 5.83969e+06
88 7.74807e+06
60 4.206e+06
87 6.41173e+06
36 3.05486e+06
95 8.64241e+06
94 8.22178e+06
97 9.58466e+06
91 7.89154e+06
79 5.75276e+06
66 4.778e+06
70 4.87615e+06
85 6.03123e+06
86 6.32305e+06
55 3.98048e+06
37 3.13291e+06
42 3.23225e+06
41 3.2151e+06
49 3.72616e+06
63 4.66358e+06
62 4.59984e+06
63 4.66358e+06
53 3.83903e+06
47 3.6514e+06
77 5.42349e+06
52 3.76422e+06
61 4.46453e+06
45 3.54701e+06
78 5.73436e+06
78 5.73436e+06
71 5.16014e+06
73 5.31576e+06
72 5.175e+06
61 4.46453e+06
54 3.98024e+06
76 5.36219e+06
75 5.34152e+06
74 5.33607e+06
71 5.16014e+06
81 5.7809e+06
44 3.52169e+06
Thế hệ thứ: 49
100 9.69105e+06
82 5.83969e+06
60 4.206e+06
87 6.41173e+06
36 3.05486e+06
95 8.64241e+06
94 8.22178e+06
97 9.58466e+06
91 7.89154e+06
79 5.75276e+06
66 4.778e+06
70 4.87615e+06
55 3.80084e+06
85 6.03123e+06
86 6.32305e+06
37 3.13291e+06
41 3.2151e+06
44 3.52169e+06
49 3.72616e+06
42 3.23225e+06
47 3.6514e+06
77 5.42349e+06
52 3.76422e+06
45 3.54701e+06
63 4.66358e+06
62 4.59984e+06
63 4.66358e+06
78 5.73436e+06
78 5.73436e+06
71 5.16014e+06
81 5.7809e+06
71 5.16014e+06
73 5.31576e+06
72 5.175e+06
76 5.36219e+06
75 5.34152e+06
74 5.33607e+06
61 4.28489e+06
89 6.87899e+06
