Thế hệ thứ: 0
19 2.37404e+06
20 3.82061e+06
15 2.05188e+06
18 2.11896e+06
Thế hệ thứ: 1
15 2.05188e+06
19 2.37404e+06
18 2.11896e+06
20 2.8635e+06
Thế hệ thứ: 2
15 2.05188e+06
19 2.37404e+06
20 2.8635e+06
18 2.11896e+06
Thế hệ thứ: 3
19 2.37404e+06
15 2.05188e+06
18 2.11896e+06
20 2.67745e+06
Thế hệ thứ: 4
18 2.11896e+06
20 2.67745e+06
15 2.05188e+06
19 2.30084e+06
Thế hệ thứ: 5
18 2.11896e+06
15 2.05188e+06
19 2.30084e+06
17 2.11234e+06
20 2.37583e+06
Thế hệ thứ: 6
15 2.05188e+06
20 2.37583e+06
19 2.30084e+06
18 2.11896e+06
17 2.11234e+06
Thế hệ thứ: 7
20 2.37583e+06
15 2.05188e+06
19 2.30084e+06
18 2.11896e+06
17 2.11234e+06
Thế hệ thứ: 8
15 2.05188e+06
20 2.37583e+06
19 2.30084e+06
18 2.11896e+06
17 2.11234e+06
16 2.05891e+06
Thế hệ thứ: 9
20 2.37583e+06
15 2.05188e+06
19 2.30084e+06
16 2.05891e+06
18 2.11896e+06
17 2.11234e+06
Thế hệ thứ: 10
15 2.05188e+06
20 2.37583e+06
19 2.30084e+06
16 2.05891e+06
18 2.11896e+06
17 2.11234e+06
Thế hệ thứ: 11
20 2.37583e+06
15 2.05188e+06
19 2.30084e+06
16 2.05891e+06
18 2.11896e+06
17 2.11234e+06
Thế hệ thứ: 12
15 2.05188e+06
20 2.37583e+06
19 2.30084e+06
16 2.05891e+06
18 2.11896e+06
17 2.11234e+06
Thế hệ thứ: 13
20 2.37583e+06
15 2.05188e+06
19 2.30084e+06
16 2.05891e+06
18 2.11896e+06
17 2.11234e+06
Thế hệ thứ: 14
15 2.05188e+06
20 2.37583e+06
19 2.30084e+06
16 2.05891e+06
18 2.11896e+06
17 2.11234e+06
Thế hệ thứ: 15
20 2.37583e+06
15 2.05188e+06
19 2.30084e+06
16 2.05891e+06
18 2.11896e+06
17 2.11234e+06
Thế hệ thứ: 16
20 2.37583e+06
19 2.30084e+06
15 1.97885e+06
16 2.05891e+06
18 2.11896e+06
17 2.11234e+06
Thế hệ thứ: 17
15 1.97885e+06
16 2.05891e+06
18 2.11896e+06
17 2.11234e+06
20 2.37018e+06
19 2.28484e+06
Thế hệ thứ: 18
15 1.97885e+06
16 2.05891e+06
18 2.11896e+06
20 2.37018e+06
19 2.28484e+06
17 2.11234e+06
Thế hệ thứ: 19
15 1.97885e+06
16 2.05891e+06
18 2.11896e+06
20 2.37018e+06
19 2.28484e+06
17 2.11234e+06
Thế hệ thứ: 20
15 1.97885e+06
16 2.05891e+06
18 2.11896e+06
20 2.37018e+06
19 2.28484e+06
17 2.10925e+06
Thế hệ thứ: 21
15 1.97885e+06
16 2.05891e+06
18 2.11896e+06
20 2.37018e+06
19 2.28484e+06
17 2.10925e+06
Thế hệ thứ: 22
15 1.97885e+06
16 2.05891e+06
18 2.11896e+06
20 2.37018e+06
19 2.28484e+06
17 2.10925e+06
Thế hệ thứ: 23
15 1.97885e+06
16 2.05891e+06
18 2.11896e+06
20 2.37018e+06
19 2.28484e+06
17 2.10925e+06
Thế hệ thứ: 24
15 1.97885e+06
16 2.05891e+06
18 2.11896e+06
20 2.37018e+06
19 2.28484e+06
17 2.10925e+06
Thế hệ thứ: 25
15 1.97885e+06
16 2.05891e+06
18 2.11896e+06
20 2.37018e+06
19 2.28484e+06
17 2.10925e+06
Thế hệ thứ: 26
15 1.97885e+06
16 2.05891e+06
18 2.11896e+06
20 2.37018e+06
17 2.10925e+06
19 2.27659e+06
Thế hệ thứ: 27
15 1.97885e+06
16 2.05891e+06
18 2.11896e+06
20 2.37018e+06
17 2.10925e+06
19 2.27659e+06
Thế hệ thứ: 28
15 1.97885e+06
16 2.05891e+06
18 2.11896e+06
20 2.37018e+06
19 2.27659e+06
17 2.10217e+06
Thế hệ thứ: 29
15 1.97885e+06
16 2.05891e+06
18 2.11896e+06
17 2.10217e+06
20 2.37018e+06
19 2.27659e+06
