Thế hệ thứ: 0
61 2.04486e+07
69 2.11118e+07
63 2.08337e+07
79 2.43887e+07
51 1.86559e+07
58 2.03834e+07
70 2.23786e+07
72 2.29586e+07
138 4.16709e+07
49 1.8639e+07
56 2.00184e+07
55 1.88267e+07
129 3.62654e+07
118 3.19051e+07
140 4.55181e+07
117 3.06392e+07
101 2.83216e+07
124 3.3952e+07
100 2.78764e+07
116 2.98286e+07
Thế hệ thứ: 1
129 3.37065e+07
49 1.8639e+07
100 2.78764e+07
79 2.43887e+07
138 4.16709e+07
101 2.83216e+07
116 2.98286e+07
118 3.19051e+07
72 2.29586e+07
70 2.23786e+07
61 2.04486e+07
69 2.11118e+07
63 2.08337e+07
55 1.88267e+07
117 3.06392e+07
56 2.00184e+07
51 1.86559e+07
58 2.03834e+07
127 3.25999e+07
133 4.02959e+07
139 4.18835e+07
140 4.44112e+07
142 4.66603e+07
147 4.72121e+07
Thế hệ thứ: 2
49 1.8639e+07
129 3.37065e+07
100 2.78764e+07
79 2.43887e+07
116 2.98286e+07
101 2.83216e+07
72 2.29586e+07
70 2.23786e+07
127 3.25999e+07
118 3.19051e+07
61 2.04486e+07
69 2.11118e+07
63 2.08337e+07
55 1.88267e+07
117 3.06392e+07
56 2.00184e+07
51 1.86559e+07
58 2.03834e+07
141 4.24778e+07
149 4.52e+07
133 3.562e+07
142 4.35956e+07
139 3.95465e+07
137 3.85831e+07
Thế hệ thứ: 3
137 3.85831e+07
100 2.78764e+07
79 2.43887e+07
149 4.52e+07
129 3.37065e+07
49 1.8639e+07
133 3.562e+07
116 2.98286e+07
101 2.83216e+07
145 4.35614e+07
141 4.24778e+07
118 3.19051e+07
72 2.29586e+07
70 2.23786e+07
61 2.04486e+07
69 2.11118e+07
63 2.08337e+07
55 1.88267e+07
117 3.06392e+07
56 2.00184e+07
51 1.86559e+07
58 2.03834e+07
150 4.68977e+07
127 3.24668e+07
148 4.49674e+07
92 2.72109e+07
139 3.86096e+07
Thế hệ thứ: 4
150 4.68977e+07
129 3.37065e+07
49 1.8639e+07
79 2.43887e+07
92 2.72109e+07
133 3.562e+07
139 3.86096e+07
116 2.98286e+07
101 2.83216e+07
127 3.24668e+07
137 3.85831e+07
118 3.19051e+07
72 2.29586e+07
70 2.23786e+07
100 2.78764e+07
61 2.04486e+07
69 2.11118e+07
63 2.08337e+07
55 1.88267e+07
148 3.98042e+07
117 3.06392e+07
149 4.52e+07
56 2.00184e+07
135 3.65589e+07
51 1.86559e+07
58 2.03834e+07
157 4.81215e+07
Thế hệ thứ: 5
129 3.37065e+07
49 1.8639e+07
72 2.29586e+07
70 2.23786e+07
157 4.81215e+07
79 2.43887e+07
148 3.98042e+07
117 3.06392e+07
92 2.72109e+07
116 2.98286e+07
139 3.86096e+07
101 2.83216e+07
127 3.24668e+07
118 3.19051e+07
133 3.562e+07
51 1.86559e+07
135 3.65589e+07
100 2.78764e+07
61 2.04486e+07
69 2.11118e+07
137 3.85831e+07
63 2.08337e+07
55 1.88267e+07
56 2.00184e+07
58 2.03834e+07
149 4.42048e+07
152 4.50981e+07
131 3.41762e+07
146 3.93748e+07
Thế hệ thứ: 6
72 2.29586e+07
70 2.23786e+07
157 4.81215e+07
49 1.8639e+07
129 3.37065e+07
79 2.43887e+07
92 2.72109e+07
152 4.50981e+07
116 2.98286e+07
146 3.93748e+07
131 3.41762e+07
101 2.83216e+07
148 3.98042e+07
117 3.06392e+07
127 3.24668e+07
118 3.19051e+07
51 1.86559e+07
135 3.65589e+07
100 2.78764e+07
133 3.562e+07
61 2.04486e+07
69 2.11118e+07
63 2.08337e+07
141 3.74177e+07
55 1.88267e+07
56 2.00184e+07
58 2.03834e+07
150 4.29466e+07
149 4.24678e+07
Thế hệ thứ: 7
129 3.37065e+07
49 1.8639e+07
72 2.29586e+07
70 2.23786e+07
79 2.43887e+07
92 2.72109e+07
116 2.98286e+07
146 3.93748e+07
131 3.41762e+07
101 2.83216e+07
152 4.50981e+07
55 1.88267e+07
127 3.24668e+07
118 3.19051e+07
51 1.86559e+07
135 3.65589e+07
117 3.06392e+07
100 2.78764e+07
133 3.562e+07
61 2.04486e+07
69 2.11118e+07
150 4.29466e+07
63 2.08337e+07
56 2.00184e+07
58 2.03834e+07
163 4.56681e+07
149 3.97902e+07
143 3.69226e+07
168 4.73624e+07
Thế hệ thứ: 8
129 3.37065e+07
49 1.8639e+07
168 4.73624e+07
150 4.29466e+07
79 2.43887e+07
163 4.56681e+07
92 2.72109e+07
146 3.93748e+07
131 3.41762e+07
101 2.83216e+07
116 2.98286e+07
143 3.69226e+07
127 3.24668e+07
118 3.19051e+07
72 2.29586e+07
70 2.23786e+07
51 1.86559e+07
135 3.65589e+07
133 3.562e+07
100 2.78764e+07
61 2.04486e+07
69 2.11118e+07
63 2.08337e+07
55 1.88267e+07
117 3.06392e+07
56 2.00184e+07
58 2.03834e+07
154 4.39135e+07
149 3.96883e+07
Thế hệ thứ: 9
129 3.37065e+07
49 1.8639e+07
168 4.73624e+07
79 2.43887e+07
163 4.56681e+07
92 2.72109e+07
146 3.93748e+07
131 3.41762e+07
116 2.98286e+07
101 2.83216e+07
154 4.39135e+07
143 3.69226e+07
51 1.86559e+07
149 3.96883e+07
127 3.24668e+07
118 3.19051e+07
72 2.29586e+07
70 2.23786e+07
133 3.562e+07
100 2.78764e+07
61 2.04486e+07
69 2.11118e+07
63 2.08337e+07
55 1.88267e+07
117 3.06392e+07
56 2.00184e+07
58 2.03834e+07
137 3.56848e+07
150 4.11084e+07
107 2.94176e+07
Thế hệ thứ: 10
143 3.69226e+07
129 3.37065e+07
49 1.8639e+07
168 4.73624e+07
79 2.43887e+07
150 4.06908e+07
163 4.56681e+07
92 2.72109e+07
154 4.39135e+07
107 2.94176e+07
127 3.24668e+07
118 3.19051e+07
146 3.93748e+07
131 3.41762e+07
101 2.83216e+07
116 2.98286e+07
72 2.29586e+07
70 2.23786e+07
100 2.78764e+07
61 2.04486e+07
69 2.11118e+07
51 1.86559e+07
149 3.96883e+07
63 2.08337e+07
55 1.88267e+07
117 3.06392e+07
56 2.00184e+07
58 2.03834e+07
103 2.91227e+07
157 4.54456e+07
153 4.21043e+07
141 3.49018e+07
121 3.19258e+07
Thế hệ thứ: 11
143 3.69226e+07
129 3.37065e+07
49 1.8639e+07
168 4.73624e+07
79 2.43887e+07
163 4.56681e+07
92 2.72109e+07
141 3.49018e+07
101 2.83216e+07
116 2.98286e+07
131 3.41762e+07
72 2.29586e+07
70 2.23786e+07
107 2.94176e+07
127 3.24668e+07
100 2.78764e+07
61 2.04486e+07
69 2.11118e+07
121 3.19258e+07
63 2.08337e+07
55 1.88267e+07
117 3.06392e+07
103 2.91227e+07
51 1.86559e+07
56 2.00184e+07
118 3.19051e+07
58 2.03834e+07
162 4.35831e+07
150 3.92247e+07
158 4.00352e+07
148 3.91158e+07
Thế hệ thứ: 12
143 3.69226e+07
129 3.37065e+07
49 1.8639e+07
79 2.43887e+07
92 2.72109e+07
158 4.00352e+07
162 4.35831e+07
141 3.49018e+07
72 2.29586e+07
70 2.23786e+07
131 3.41762e+07
101 2.83216e+07
116 2.98286e+07
148 3.91158e+07
107 2.94176e+07
127 3.24668e+07
150 3.92247e+07
100 2.78764e+07
61 2.04486e+07
69 2.11118e+07
121 3.19258e+07
63 2.08337e+07
55 1.88267e+07
117 3.06392e+07
103 2.91227e+07
56 2.00184e+07
118 3.19051e+07
58 2.03834e+07
51 1.86559e+07
169 4.51908e+07
105 2.93492e+07
Thế hệ thứ: 13
129 3.37065e+07
49 1.8639e+07
92 2.72109e+07
144 3.46554e+07
161 4.03609e+07
169 4.51908e+07
79 2.43887e+07
158 4.00352e+07
72 2.29586e+07
70 2.23786e+07
131 3.41762e+07
101 2.83216e+07
116 2.98286e+07
127 3.24668e+07
150 3.92247e+07
100 2.78764e+07
61 2.04486e+07
69 2.11118e+07
107 2.94176e+07
121 3.19258e+07
117 3.06392e+07
55 1.88267e+07
105 2.93492e+07
63 2.08337e+07
56 2.00184e+07
118 3.19051e+07
103 2.91227e+07
58 2.03834e+07
51 1.86559e+07
149 3.88428e+07
166 4.23358e+07
146 3.8053e+07
162 4.11696e+07
151 3.97437e+07
Thế hệ thứ: 14
129 3.37065e+07
162 4.11696e+07
49 1.8639e+07
169 4.51908e+07
144 3.46554e+07
92 2.72109e+07
79 2.43887e+07
166 4.23358e+07
101 2.83216e+07
116 2.98286e+07
131 3.41762e+07
72 2.29586e+07
70 2.23786e+07
127 3.24668e+07
100 2.78764e+07
61 2.04486e+07
69 2.11118e+07
107 2.94176e+07
121 3.19258e+07
117 3.06392e+07
55 1.88267e+07
105 2.93492e+07
63 2.08337e+07
56 2.00184e+07
118 3.19051e+07
103 2.91227e+07
58 2.03834e+07
51 1.86559e+07
151 3.76106e+07
161 3.96192e+07
Thế hệ thứ: 15
129 3.37065e+07
49 1.8639e+07
169 4.51908e+07
144 3.46554e+07
92 2.72109e+07
166 4.23358e+07
151 3.76106e+07
79 2.43887e+07
161 3.96192e+07
101 2.83216e+07
116 2.98286e+07
131 3.41762e+07
133 3.45439e+07
72 2.29586e+07
70 2.23786e+07
127 3.24668e+07
100 2.78764e+07
61 2.04486e+07
69 2.11118e+07
107 2.94176e+07
121 3.19258e+07
117 3.06392e+07
55 1.88267e+07
105 2.93492e+07
63 2.08337e+07
56 2.00184e+07
118 3.19051e+07
103 2.91227e+07
58 2.03834e+07
51 1.86559e+07
162 4.09136e+07
Thế hệ thứ: 16
129 3.37065e+07
49 1.8639e+07
169 4.51908e+07
144 3.46554e+07
92 2.72109e+07
166 4.23358e+07
151 3.76106e+07
79 2.43887e+07
161 3.96192e+07
72 2.29586e+07
70 2.23786e+07
133 3.45439e+07
162 4.09136e+07
127 3.24668e+07
131 3.41762e+07
101 2.83216e+07
116 2.98286e+07
100 2.78764e+07
61 2.04486e+07
69 2.11118e+07
107 2.94176e+07
117 3.06392e+07
55 1.88267e+07
105 2.93492e+07
63 2.08337e+07
56 2.00184e+07
103 2.91227e+07
58 2.03834e+07
51 1.86559e+07
121 3.18853e+07
157 3.89528e+07
Thế hệ thứ: 17
49 1.8639e+07
144 3.46554e+07
92 2.72109e+07
79 2.43887e+07
166 4.23358e+07
151 3.76106e+07
157 3.89528e+07
121 3.18853e+07
72 2.29586e+07
70 2.23786e+07
162 4.09136e+07
127 3.24668e+07
101 2.83216e+07
116 2.98286e+07
117 3.06392e+07
100 2.78764e+07
61 2.04486e+07
69 2.11118e+07
161 3.96192e+07
107 2.94176e+07
55 1.88267e+07
63 2.08337e+07
56 2.00184e+07
58 2.03834e+07
51 1.86559e+07
150 3.73441e+07
135 3.31367e+07
90 2.59394e+07
105 2.89225e+07
169 4.42865e+07
152 3.89347e+07
Thế hệ thứ: 18
49 1.8639e+07
169 4.42865e+07
90 2.59394e+07
135 3.31367e+07
144 3.46554e+07
79 2.43887e+07
150 3.73441e+07
166 4.23358e+07
127 3.24668e+07
92 2.72109e+07
72 2.29586e+07
70 2.23786e+07
101 2.83216e+07
116 2.98286e+07
107 2.94176e+07
117 3.06392e+07
61 2.04486e+07
69 2.11118e+07
147 3.5976e+07
100 2.78764e+07
161 3.96192e+07
152 3.89347e+07
125 3.16586e+07
157 3.89528e+07
55 1.88267e+07
105 2.89225e+07
63 2.08337e+07
56 2.00184e+07
151 3.76106e+07
58 2.03834e+07
51 1.86559e+07
130 3.29359e+07
162 4.06019e+07
Thế hệ thứ: 19
49 1.8639e+07
169 4.42865e+07
79 2.43887e+07
92 2.72109e+07
135 3.31367e+07
144 3.46554e+07
90 2.59394e+07
166 4.23358e+07
147 3.5976e+07
100 2.78764e+07
125 3.16586e+07
72 2.29586e+07
70 2.23786e+07
162 4.06019e+07
117 3.06392e+07
101 2.83216e+07
116 2.98286e+07
107 2.94176e+07
61 2.04486e+07
69 2.11118e+07
161 3.96192e+07
150 3.73441e+07
55 1.88267e+07
130 3.29359e+07
105 2.89225e+07
63 2.08337e+07
127 3.24668e+07
56 2.00184e+07
151 3.76106e+07
58 2.03834e+07
51 1.86559e+07
158 3.84745e+07
Thế hệ thứ: 20
49 1.8639e+07
169 4.42865e+07
79 2.43887e+07
158 3.84745e+07
135 3.31367e+07
144 3.46554e+07
90 2.59394e+07
166 4.23358e+07
92 2.72109e+07
147 3.5976e+07
125 3.16586e+07
72 2.29586e+07
70 2.23786e+07
162 4.06019e+07
117 3.06392e+07
101 2.83216e+07
116 2.98286e+07
107 2.94176e+07
61 2.04486e+07
69 2.11118e+07
161 3.96192e+07
151 3.76106e+07
150 3.73441e+07
55 1.88267e+07
130 3.29359e+07
105 2.89225e+07
63 2.08337e+07
127 3.24668e+07
56 2.00184e+07
58 2.03834e+07
51 1.86559e+07
152 3.78678e+07
100 2.77741e+07
Thế hệ thứ: 21
49 1.8639e+07
169 4.42865e+07
113 2.94867e+07
79 2.43887e+07
92 2.72109e+07
135 3.31367e+07
144 3.46554e+07
90 2.59394e+07
166 4.23358e+07
72 2.29586e+07
70 2.23786e+07
162 4.06019e+07
117 3.06392e+07
158 3.84745e+07
116 2.98286e+07
107 2.94176e+07
61 2.04486e+07
69 2.11118e+07
151 3.76106e+07
100 2.77741e+07
161 3.96192e+07
150 3.73441e+07
55 1.88267e+07
130 3.29359e+07
105 2.89225e+07
63 2.08337e+07
152 3.78678e+07
127 3.24668e+07
56 2.00184e+07
58 2.03834e+07
51 1.86559e+07
149 3.71598e+07
147 3.57556e+07
102 2.82346e+07
125 3.16406e+07
Thế hệ thứ: 22
49 1.8639e+07
169 4.42865e+07
113 2.94867e+07
79 2.43887e+07
92 2.72109e+07
135 3.31367e+07
144 3.46554e+07
90 2.59394e+07
166 4.23358e+07
125 3.16406e+07
72 2.29586e+07
70 2.23786e+07
162 4.06019e+07
117 3.06392e+07
158 3.84745e+07
147 3.57556e+07
151 3.76106e+07
102 2.82346e+07
100 2.77741e+07
61 2.04486e+07
69 2.11118e+07
161 3.96192e+07
55 1.88267e+07
130 3.29359e+07
63 2.08337e+07
127 3.24668e+07
152 3.78678e+07
107 2.94176e+07
105 2.89225e+07
149 3.71598e+07
56 2.00184e+07
116 2.98286e+07
58 2.03834e+07
51 1.86559e+07
150 3.73441e+07
Thế hệ thứ: 23
49 1.8639e+07
169 4.42865e+07
113 2.94867e+07
79 2.43887e+07
92 2.72109e+07
135 3.31367e+07
144 3.46554e+07
90 2.59394e+07
166 4.23358e+07
125 3.16406e+07
72 2.29586e+07
70 2.23786e+07
162 4.06019e+07
158 3.84745e+07
147 3.57556e+07
151 3.76106e+07
102 2.82346e+07
100 2.77741e+07
61 2.04486e+07
69 2.11118e+07
161 3.96192e+07
55 1.88267e+07
130 3.29359e+07
63 2.08337e+07
127 3.24668e+07
152 3.78678e+07
105 2.89225e+07
149 3.71598e+07
56 2.00184e+07
116 2.98286e+07
58 2.03834e+07
51 1.86559e+07
150 3.73441e+07
107 2.92626e+07
119 2.9888e+07
Thế hệ thứ: 24
49 1.8639e+07
169 4.42865e+07
125 3.16406e+07
113 2.94867e+07
79 2.43887e+07
135 3.31367e+07
144 3.46554e+07
90 2.59394e+07
166 4.23358e+07
92 2.72109e+07
72 2.29586e+07
70 2.23786e+07
162 4.06019e+07
119 2.9888e+07
158 3.84745e+07
147 3.57556e+07
151 3.76106e+07
102 2.82346e+07
100 2.77741e+07
61 2.04486e+07
69 2.11118e+07
161 3.96192e+07
55 1.88267e+07
130 3.29359e+07
63 2.08337e+07
127 3.24668e+07
152 3.78678e+07
51 1.86559e+07
107 2.92626e+07
149 3.71598e+07
121 3.06776e+07
56 2.00184e+07
105 2.89225e+07
116 2.98286e+07
58 2.03834e+07
150 3.73441e+07
Thế hệ thứ: 25
49 1.8639e+07
169 4.42865e+07
113 2.94867e+07
79 2.43887e+07
92 2.72109e+07
135 3.31367e+07
144 3.46554e+07
90 2.59394e+07
166 4.23358e+07
72 2.29586e+07
70 2.23786e+07
158 3.84745e+07
147 3.57556e+07
151 3.76106e+07
102 2.82346e+07
100 2.77741e+07
125 3.16406e+07
61 2.04486e+07
69 2.11118e+07
56 2.00184e+07
121 3.06776e+07
55 1.88267e+07
130 3.29359e+07
63 2.08337e+07
127 3.24668e+07
51 1.86559e+07
107 2.92626e+07
149 3.71598e+07
105 2.89225e+07
119 2.9888e+07
116 2.98286e+07
58 2.03834e+07
150 3.73441e+07
85 2.51698e+07
153 3.78607e+07
164 3.94929e+07
161 3.88402e+07
Thế hệ thứ: 26
49 1.8639e+07
136 3.44521e+07
169 4.42865e+07
166 4.23358e+07
92 2.72109e+07
90 2.59394e+07
164 3.94929e+07
135 3.31367e+07
144 3.46554e+07
113 2.94867e+07
79 2.43887e+07
72 2.29586e+07
70 2.23786e+07
85 2.51698e+07
147 3.57556e+07
151 3.76106e+07
102 2.82346e+07
100 2.77741e+07
125 3.16406e+07
61 2.04486e+07
69 2.11118e+07
56 2.00184e+07
121 3.06776e+07
158 3.84745e+07
55 1.88267e+07
130 3.29359e+07
63 2.08337e+07
153 3.78607e+07
161 3.88402e+07
51 1.86559e+07
107 2.92626e+07
149 3.71598e+07
105 2.89225e+07
119 2.9888e+07
116 2.98286e+07
58 2.03834e+07
150 3.73441e+07
127 3.18435e+07
Thế hệ thứ: 27
72 2.29586e+07
70 2.23786e+07
49 1.8639e+07
85 2.51698e+07
136 3.44521e+07
169 4.42865e+07
166 4.23358e+07
113 2.94867e+07
79 2.43887e+07
92 2.72109e+07
164 3.94929e+07
90 2.59394e+07
144 3.46554e+07
147 3.57556e+07
151 3.76106e+07
102 2.82346e+07
100 2.77741e+07
61 2.04486e+07
69 2.11118e+07
56 2.00184e+07
121 3.06776e+07
127 3.18435e+07
130 3.29359e+07
135 3.31367e+07
158 3.84745e+07
125 3.16406e+07
55 1.88267e+07
63 2.08337e+07
153 3.78607e+07
161 3.88402e+07
51 1.86559e+07
107 2.92626e+07
149 3.71598e+07
105 2.89225e+07
119 2.9888e+07
116 2.98286e+07
58 2.03834e+07
176 4.67658e+07
148 3.71326e+07
150 3.73423e+07
Thế hệ thứ: 28
72 2.29586e+07
70 2.23786e+07
49 1.8639e+07
176 4.67658e+07
136 3.44521e+07
169 4.42865e+07
166 4.23358e+07
113 2.94867e+07
79 2.43887e+07
92 2.72109e+07
90 2.59394e+07
164 3.94929e+07
85 2.51698e+07
144 3.46554e+07
148 3.71326e+07
147 3.57556e+07
151 3.76106e+07
102 2.82346e+07
100 2.77741e+07
61 2.04486e+07
69 2.11118e+07
56 2.00184e+07
121 3.06776e+07
127 3.18435e+07
130 3.29359e+07
135 3.31367e+07
158 3.84745e+07
125 3.16406e+07
55 1.88267e+07
63 2.08337e+07
153 3.78607e+07
161 3.88402e+07
51 1.86559e+07
107 2.92626e+07
105 2.89225e+07
119 2.9888e+07
116 2.98286e+07
58 2.03834e+07
150 3.73423e+07
149 3.71598e+07
Thế hệ thứ: 29
72 2.29586e+07
70 2.23786e+07
49 1.8639e+07
176 4.67658e+07
136 3.44521e+07
169 4.42865e+07
166 4.23358e+07
113 2.94867e+07
79 2.43887e+07
92 2.72109e+07
90 2.59394e+07
164 3.94929e+07
85 2.51698e+07
148 3.71326e+07
144 3.46554e+07
147 3.57556e+07
151 3.76106e+07
102 2.82346e+07
100 2.77741e+07
61 2.04486e+07
69 2.11118e+07
56 2.00184e+07
121 3.06776e+07
127 3.18435e+07
130 3.29359e+07
135 3.31367e+07
158 3.84745e+07
125 3.16406e+07
55 1.88267e+07
63 2.08337e+07
153 3.78607e+07
161 3.88402e+07
51 1.86559e+07
107 2.92626e+07
105 2.89225e+07
119 2.9888e+07
116 2.98286e+07
58 2.03834e+07
150 3.73423e+07
149 3.71598e+07
Thế hệ thứ: 30
72 2.29586e+07
70 2.23786e+07
49 1.8639e+07
176 4.67658e+07
136 3.44521e+07
169 4.42865e+07
166 4.23358e+07
113 2.94867e+07
79 2.43887e+07
92 2.72109e+07
90 2.59394e+07
164 3.94929e+07
85 2.51698e+07
148 3.71326e+07
144 3.46554e+07
147 3.57556e+07
151 3.76106e+07
102 2.82346e+07
100 2.77741e+07
61 2.04486e+07
69 2.11118e+07
56 2.00184e+07
121 3.06776e+07
127 3.18435e+07
130 3.29359e+07
135 3.31367e+07
158 3.84745e+07
125 3.16406e+07
55 1.88267e+07
63 2.08337e+07
153 3.78607e+07
161 3.88402e+07
51 1.86559e+07
107 2.92626e+07
105 2.89225e+07
119 2.9888e+07
116 2.98286e+07
58 2.03834e+07
150 3.73423e+07
149 3.71598e+07
167 4.34965e+07
Thế hệ thứ: 31
72 2.29586e+07
70 2.23786e+07
49 1.8639e+07
176 4.67658e+07
136 3.44521e+07
169 4.42865e+07
113 2.94867e+07
79 2.43887e+07
166 4.23358e+07
92 2.72109e+07
90 2.59394e+07
164 3.94929e+07
85 2.51698e+07
144 3.46554e+07
147 3.57556e+07
102 2.82346e+07
100 2.77741e+07
61 2.04486e+07
69 2.11118e+07
56 2.00184e+07
121 3.06776e+07
127 3.18435e+07
130 3.29359e+07
135 3.31367e+07
158 3.84745e+07
167 4.34965e+07
125 3.16406e+07
55 1.88267e+07
63 2.08337e+07
161 3.88402e+07
51 1.86559e+07
107 2.92626e+07
105 2.89225e+07
119 2.9888e+07
116 2.98286e+07
58 2.03834e+07
153 3.66617e+07
Thế hệ thứ: 32
49 1.8639e+07
136 3.44521e+07
153 3.66617e+07
79 2.43887e+07
166 4.23358e+07
92 2.72109e+07
90 2.59394e+07
164 3.94929e+07
72 2.29586e+07
70 2.23786e+07
147 3.57556e+07
85 2.51698e+07
158 3.84745e+07
144 3.46554e+07
102 2.82346e+07
100 2.77741e+07
61 2.04486e+07
69 2.11118e+07
56 2.00184e+07
121 3.06776e+07
127 3.18435e+07
125 3.16406e+07
55 1.88267e+07
63 2.08337e+07
161 3.88402e+07
51 1.86559e+07
105 2.89225e+07
119 2.9888e+07
58 2.03834e+07
117 2.9207e+07
135 3.21133e+07
176 4.31529e+07
Thế hệ thứ: 33
63 2.08337e+07
135 3.21133e+07
117 2.9207e+07
49 1.8639e+07
166 4.23358e+07
161 3.88402e+07
176 4.31529e+07
153 3.66617e+07
79 2.43887e+07
90 2.59394e+07
164 3.94929e+07
136 3.44521e+07
92 2.72109e+07
72 2.29586e+07
70 2.23786e+07
147 3.57556e+07
158 3.84745e+07
85 2.51698e+07
144 3.46554e+07
102 2.82346e+07
100 2.77741e+07
56 2.00184e+07
121 3.06776e+07
61 2.04486e+07
69 2.11118e+07
127 3.18435e+07
55 1.88267e+07
125 3.16406e+07
119 2.9888e+07
58 2.03834e+07
51 1.86559e+07
165 4.09665e+07
112 2.89133e+07
Thế hệ thứ: 34
63 2.08337e+07
135 3.21133e+07
117 2.9207e+07
49 1.8639e+07
166 4.23358e+07
161 3.88402e+07
176 4.31529e+07
153 3.66617e+07
79 2.43887e+07
112 2.89133e+07
92 2.72109e+07
72 2.29586e+07
70 2.23786e+07
147 3.57556e+07
158 3.84745e+07
85 2.51698e+07
100 2.77741e+07
102 2.82346e+07
144 3.46554e+07
164 3.94929e+07
90 2.59394e+07
165 4.09665e+07
56 2.00184e+07
121 3.06776e+07
61 2.04486e+07
69 2.11118e+07
127 3.18435e+07
55 1.88267e+07
125 3.16406e+07
119 2.9888e+07
58 2.03834e+07
51 1.86559e+07
178 4.85019e+07
143 3.39441e+07
Thế hệ thứ: 35
63 2.08337e+07
135 3.21133e+07
117 2.9207e+07
49 1.8639e+07
166 4.23358e+07
161 3.88402e+07
176 4.31529e+07
178 4.85019e+07
153 3.66617e+07
79 2.43887e+07
143 3.39441e+07
112 2.89133e+07
92 2.72109e+07
85 2.51698e+07
72 2.29586e+07
70 2.23786e+07
147 3.57556e+07
158 3.84745e+07
100 2.77741e+07
102 2.82346e+07
164 3.94929e+07
90 2.59394e+07
165 4.09665e+07
61 2.04486e+07
69 2.11118e+07
56 2.00184e+07
121 3.06776e+07
127 3.18435e+07
144 3.46554e+07
125 3.16406e+07
55 1.88267e+07
119 2.9888e+07
58 2.03834e+07
51 1.86559e+07
Thế hệ thứ: 36
166 4.23358e+07
161 3.88402e+07
176 4.31529e+07
178 4.85019e+07
63 2.08337e+07
135 3.21133e+07
117 2.9207e+07
49 1.8639e+07
153 3.66617e+07
79 2.43887e+07
143 3.39441e+07
112 2.89133e+07
92 2.72109e+07
85 2.51698e+07
72 2.29586e+07
70 2.23786e+07
147 3.57556e+07
158 3.84745e+07
100 2.77741e+07
102 2.82346e+07
164 3.94929e+07
90 2.59394e+07
165 4.09665e+07
61 2.04486e+07
69 2.11118e+07
56 2.00184e+07
121 3.06776e+07
127 3.18435e+07
144 3.46554e+07
125 3.16406e+07
55 1.88267e+07
119 2.9888e+07
58 2.03834e+07
51 1.86559e+07
142 3.34071e+07
Thế hệ thứ: 37
166 4.23358e+07
161 3.88402e+07
176 4.31529e+07
178 4.85019e+07
63 2.08337e+07
135 3.21133e+07
117 2.9207e+07
49 1.8639e+07
153 3.66617e+07
79 2.43887e+07
112 2.89133e+07
92 2.72109e+07
85 2.51698e+07
105 2.72221e+07
72 2.29586e+07
70 2.23786e+07
147 3.57556e+07
158 3.84745e+07
142 3.34071e+07
164 3.94929e+07
90 2.59394e+07
165 4.09665e+07
61 2.04486e+07
69 2.11118e+07
56 2.00184e+07
121 3.06776e+07
127 3.18435e+07
144 3.46554e+07
125 3.16406e+07
55 1.88267e+07
119 2.9888e+07
143 3.39441e+07
58 2.03834e+07
51 1.86559e+07
148 3.65985e+07
Thế hệ thứ: 38
63 2.08337e+07
135 3.21133e+07
117 2.9207e+07
72 2.29586e+07
70 2.23786e+07
105 2.72221e+07
49 1.8639e+07
161 3.88402e+07
176 4.31529e+07
178 4.85019e+07
79 2.43887e+07
112 2.89133e+07
92 2.72109e+07
166 4.23358e+07
153 3.66617e+07
85 2.51698e+07
158 3.84745e+07
142 3.34071e+07
164 3.94929e+07
90 2.59394e+07
165 4.09665e+07
61 2.04486e+07
69 2.11118e+07
56 2.00184e+07
121 3.06776e+07
147 3.57556e+07
127 3.18435e+07
144 3.46554e+07
125 3.16406e+07
55 1.88267e+07
119 2.9888e+07
148 3.65985e+07
143 3.39441e+07
58 2.03834e+07
51 1.86559e+07
145 3.53204e+07
Thế hệ thứ: 39
161 3.88402e+07
176 4.31529e+07
178 4.85019e+07
63 2.08337e+07
135 3.21133e+07
117 2.9207e+07
72 2.29586e+07
70 2.23786e+07
105 2.72221e+07
49 1.8639e+07
79 2.43887e+07
112 2.89133e+07
92 2.72109e+07
166 4.23358e+07
153 3.66617e+07
85 2.51698e+07
158 3.84745e+07
142 3.34071e+07
164 3.94929e+07
90 2.59394e+07
165 4.09665e+07
61 2.04486e+07
69 2.11118e+07
56 2.00184e+07
121 3.06776e+07
127 3.18435e+07
125 3.16406e+07
55 1.88267e+07
119 2.9888e+07
148 3.65985e+07
147 3.57556e+07
144 3.46554e+07
51 1.86559e+07
145 3.53204e+07
143 3.39441e+07
58 2.03834e+07
163 3.92318e+07
Thế hệ thứ: 40
176 4.31529e+07
161 3.88402e+07
178 4.85019e+07
63 2.08337e+07
135 3.21133e+07
117 2.9207e+07
72 2.29586e+07
70 2.23786e+07
105 2.72221e+07
49 1.8639e+07
79 2.43887e+07
112 2.89133e+07
92 2.72109e+07
166 4.23358e+07
153 3.66617e+07
85 2.51698e+07
158 3.84745e+07
142 3.34071e+07
164 3.94929e+07
90 2.59394e+07
165 4.09665e+07
61 2.04486e+07
69 2.11118e+07
56 2.00184e+07
121 3.06776e+07
127 3.18435e+07
125 3.16406e+07
55 1.88267e+07
119 2.9888e+07
148 3.65985e+07
147 3.57556e+07
144 3.46554e+07
51 1.86559e+07
145 3.53204e+07
143 3.39441e+07
58 2.03834e+07
163 3.92318e+07
170 4.31263e+07
Thế hệ thứ: 41
161 3.88402e+07
176 4.31529e+07
178 4.85019e+07
63 2.08337e+07
135 3.21133e+07
117 2.9207e+07
72 2.29586e+07
70 2.23786e+07
105 2.72221e+07
49 1.8639e+07
79 2.43887e+07
112 2.89133e+07
92 2.72109e+07
153 3.66617e+07
85 2.51698e+07
158 3.84745e+07
142 3.34071e+07
164 3.94929e+07
90 2.59394e+07
165 4.09665e+07
61 2.04486e+07
69 2.11118e+07
56 2.00184e+07
121 3.06776e+07
170 4.31263e+07
127 3.18435e+07
125 3.16406e+07
55 1.88267e+07
119 2.9888e+07
148 3.65985e+07
147 3.57556e+07
144 3.46554e+07
51 1.86559e+07
145 3.53204e+07
143 3.39441e+07
58 2.03834e+07
163 3.92318e+07
168 4.12384e+07
Thế hệ thứ: 42
63 2.08337e+07
119 2.9645e+07
135 3.21133e+07
117 2.9207e+07
72 2.29586e+07
70 2.23786e+07
105 2.72221e+07
49 1.8639e+07
161 3.88402e+07
176 4.31529e+07
178 4.85019e+07
79 2.43887e+07
112 2.89133e+07
92 2.72109e+07
153 3.66617e+07
85 2.51698e+07
169 4.05115e+07
158 3.84745e+07
170 4.31263e+07
142 3.34071e+07
164 3.94929e+07
90 2.59394e+07
61 2.04486e+07
69 2.11118e+07
121 3.06776e+07
56 2.00184e+07
127 3.18435e+07
125 3.16406e+07
55 1.88267e+07
148 3.65985e+07
147 3.57556e+07
144 3.46554e+07
51 1.86559e+07
145 3.53204e+07
143 3.39441e+07
58 2.03834e+07
163 3.92318e+07
162 3.91224e+07
Thế hệ thứ: 43
135 3.21133e+07
117 2.9207e+07
63 2.08337e+07
119 2.9645e+07
72 2.29586e+07
70 2.23786e+07
105 2.72221e+07
49 1.8639e+07
161 3.88402e+07
176 4.31529e+07
178 4.85019e+07
79 2.43887e+07
158 3.84745e+07
169 4.05115e+07
112 2.89133e+07
92 2.72109e+07
153 3.66617e+07
85 2.51698e+07
142 3.34071e+07
164 3.94929e+07
90 2.59394e+07
56 2.00184e+07
121 3.06776e+07
61 2.04486e+07
69 2.11118e+07
127 3.18435e+07
125 3.16406e+07
55 1.88267e+07
148 3.65985e+07
147 3.57556e+07
144 3.46554e+07
51 1.86559e+07
145 3.53204e+07
143 3.39441e+07
58 2.03834e+07
162 3.91224e+07
163 3.92318e+07
173 4.22034e+07
Thế hệ thứ: 44
135 3.21133e+07
117 2.9207e+07
63 2.08337e+07
119 2.9645e+07
72 2.29586e+07
70 2.23786e+07
173 4.22034e+07
105 2.72221e+07
49 1.8639e+07
161 3.88402e+07
176 4.31529e+07
178 4.85019e+07
79 2.43887e+07
158 3.84745e+07
169 4.05115e+07
112 2.89133e+07
153 3.66617e+07
85 2.51698e+07
142 3.34071e+07
164 3.94929e+07
56 2.00184e+07
121 3.06776e+07
69 2.11118e+07
61 2.04486e+07
127 3.18435e+07
125 3.16406e+07
55 1.88267e+07
148 3.65985e+07
147 3.57556e+07
144 3.46554e+07
51 1.86559e+07
145 3.53204e+07
143 3.39441e+07
58 2.03834e+07
162 3.91224e+07
163 3.92318e+07
95 2.56793e+07
Thế hệ thứ: 45
161 3.88402e+07
176 4.31529e+07
178 4.85019e+07
135 3.21133e+07
117 2.9207e+07
63 2.08337e+07
119 2.9645e+07
72 2.29586e+07
70 2.23786e+07
173 4.22034e+07
105 2.72221e+07
49 1.8639e+07
79 2.43887e+07
95 2.56793e+07
85 2.51698e+07
158 3.84745e+07
169 4.05115e+07
112 2.89133e+07
153 3.66617e+07
142 3.34071e+07
56 2.00184e+07
121 3.06776e+07
61 2.04486e+07
69 2.11118e+07
127 3.18435e+07
164 3.94929e+07
125 3.16406e+07
55 1.88267e+07
148 3.65985e+07
147 3.57556e+07
144 3.46554e+07
51 1.86559e+07
145 3.53204e+07
143 3.39441e+07
58 2.03834e+07
162 3.91224e+07
163 3.92318e+07
172 4.09857e+07
Thế hệ thứ: 46
161 3.88402e+07
176 4.31529e+07
135 3.21133e+07
117 2.9207e+07
63 2.08337e+07
119 2.9645e+07
72 2.29586e+07
70 2.23786e+07
173 4.22034e+07
105 2.72221e+07
49 1.8639e+07
79 2.43887e+07
95 2.56793e+07
85 2.51698e+07
112 2.89133e+07
153 3.66617e+07
169 4.05115e+07
158 3.84745e+07
142 3.34071e+07
56 2.00184e+07
121 3.06776e+07
69 2.11118e+07
61 2.04486e+07
127 3.18435e+07
164 3.94929e+07
172 4.09857e+07
125 3.16406e+07
55 1.88267e+07
148 3.65985e+07
147 3.57556e+07
144 3.46554e+07
51 1.86559e+07
143 3.39441e+07
58 2.03834e+07
162 3.91224e+07
163 3.92318e+07
178 4.3919e+07
145 3.48864e+07
Thế hệ thứ: 47
135 3.21133e+07
117 2.9207e+07
119 2.9645e+07
63 2.08337e+07
72 2.29586e+07
70 2.23786e+07
173 4.22034e+07
105 2.72221e+07
49 1.8639e+07
178 4.3919e+07
79 2.43887e+07
95 2.56793e+07
85 2.51698e+07
153 3.66617e+07
169 4.05115e+07
158 3.84745e+07
142 3.34071e+07
56 2.00184e+07
121 3.06776e+07
113 2.88405e+07
61 2.04486e+07
69 2.11118e+07
161 3.88402e+07
176 4.31529e+07
172 4.09857e+07
164 3.94929e+07
127 3.18435e+07
55 1.88267e+07
125 3.16406e+07
147 3.57556e+07
148 3.65985e+07
143 3.39441e+07
58 2.03834e+07
51 1.86559e+07
162 3.91224e+07
163 3.92318e+07
167 3.98866e+07
146 3.43977e+07
Thế hệ thứ: 48
61 2.04486e+07
69 2.11118e+07
113 2.88405e+07
135 3.21133e+07
117 2.9207e+07
119 2.9645e+07
63 2.08337e+07
72 2.29586e+07
70 2.23786e+07
173 4.22034e+07
105 2.72221e+07
49 1.8639e+07
178 4.3919e+07
79 2.43887e+07
95 2.56793e+07
85 2.51698e+07
153 3.66617e+07
169 4.05115e+07
158 3.84745e+07
142 3.34071e+07
56 2.00184e+07
121 3.06776e+07
161 3.88402e+07
176 4.31529e+07
146 3.43977e+07
172 4.09857e+07
127 3.18435e+07
55 1.88267e+07
125 3.16406e+07
148 3.65985e+07
167 3.98866e+07
143 3.39441e+07
164 3.94929e+07
58 2.03834e+07
51 1.86559e+07
162 3.91224e+07
163 3.92318e+07
147 3.53029e+07
Thế hệ thứ: 49
61 2.04486e+07
69 2.11118e+07
113 2.88405e+07
135 3.21133e+07
117 2.9207e+07
119 2.9645e+07
63 2.08337e+07
72 2.29586e+07
70 2.23786e+07
173 4.22034e+07
105 2.72221e+07
49 1.8639e+07
178 4.3919e+07
79 2.43887e+07
95 2.56793e+07
85 2.51698e+07
153 3.66617e+07
169 4.05115e+07
158 3.84745e+07
142 3.34071e+07
56 2.00184e+07
121 3.06776e+07
161 3.88402e+07
176 4.31529e+07
147 3.53029e+07
148 3.65985e+07
172 4.09857e+07
127 3.18435e+07
55 1.88267e+07
125 3.16406e+07
146 3.43977e+07
167 3.98866e+07
143 3.39441e+07
164 3.94929e+07
58 2.03834e+07
51 1.86559e+07
162 3.91224e+07
163 3.92318e+07

