Thế hệ thứ: 0
138 1.12367e+07
120 9.90497e+06
125 1.02011e+07
117 9.54606e+06
112 7.95414e+06
128 1.05906e+07
114 9.40407e+06
164 2.05582e+07
188 2.64736e+07
143 1.4497e+07
193 2.73919e+07
175 2.38551e+07
161 1.8555e+07
80 7.49225e+06
Thế hệ thứ: 1
112 7.95414e+06
80 7.49225e+06
125 1.02011e+07
188 2.64736e+07
117 9.54606e+06
164 2.05582e+07
128 1.05906e+07
161 1.8555e+07
120 9.90497e+06
138 1.12367e+07
175 2.38551e+07
193 2.73919e+07
114 9.40407e+06
143 1.4497e+07
-1 3.69643e+06
68 6.35842e+06
60 5.4615e+06
156 1.71385e+07
45 4.99882e+06
65 5.95871e+06
Thế hệ thứ: 2
65 5.95871e+06
68 6.35842e+06
196 3.2223e+07
125 1.02011e+07
112 7.95414e+06
45 4.99882e+06
37 4.18088e+06
161 1.8555e+07
188 2.64736e+07
117 9.54606e+06
138 1.12367e+07
164 2.05582e+07
128 1.05906e+07
175 2.38551e+07
193 2.73919e+07
114 9.40407e+06
143 1.4497e+07
-1 3.69643e+06
60 5.4615e+06
158 1.59142e+07
120 9.64337e+06
42 4.88878e+06
87 6.94971e+06
Thế hệ thứ: 3
112 7.95414e+06
125 1.02011e+07
196 3.2223e+07
87 6.94971e+06
68 6.35842e+06
37 4.18088e+06
120 9.64337e+06
117 9.54606e+06
45 4.99882e+06
138 1.12367e+07
188 2.64736e+07
34 3.56578e+06
128 1.05906e+07
175 2.38551e+07
193 2.73919e+07
114 9.40407e+06
143 1.4497e+07
158 1.59142e+07
139 1.29858e+07
65 5.04687e+06
166 1.82854e+07
178 2.50177e+07
43 4.45693e+06
28 3.44828e+06
113 9.26157e+06
39 4.3565e+06
Thế hệ thứ: 4
125 1.02011e+07
112 7.95414e+06
196 3.2223e+07
178 2.50177e+07
175 2.38551e+07
193 2.73919e+07
128 1.05906e+07
114 9.40407e+06
143 1.4497e+07
158 1.59142e+07
65 5.04687e+06
166 1.82854e+07
120 9.64337e+06
117 9.54606e+06
28 3.44828e+06
43 4.45693e+06
45 4.99882e+06
138 1.12367e+07
67 5.66974e+06
188 2.64736e+07
34 3.56578e+06
113 9.26157e+06
139 1.29858e+07
39 4.3565e+06
113 9.26157e+06
36 4.02288e+06
38 4.12231e+06
163 1.70619e+07
73 5.88385e+06
173 2.34217e+07
100 6.72104e+06
108 7.65695e+06
Thế hệ thứ: 5
196 3.2223e+07
178 2.50177e+07
112 7.95414e+06
108 7.65695e+06
125 1.02011e+07
117 9.54606e+06
28 3.44828e+06
100 6.72104e+06
73 5.88385e+06
39 4.3565e+06
173 2.34217e+07
113 9.26157e+06
175 2.38551e+07
43 4.45693e+06
193 2.73919e+07
163 1.70619e+07
139 1.29858e+07
38 4.12231e+06
114 9.40407e+06
45 4.99882e+06
138 1.12367e+07
143 1.4497e+07
113 9.26157e+06
158 1.59142e+07
188 2.64736e+07
34 3.56578e+06
67 5.66974e+06
65 5.04687e+06
166 1.82854e+07
36 4.02288e+06
120 9.64337e+06
132 1.03099e+07
26 3.41146e+06
Thế hệ thứ: 6
125 1.02011e+07
108 7.65695e+06
112 7.95414e+06
196 3.2223e+07
132 1.03099e+07
178 2.50177e+07
114 9.40407e+06
138 1.12367e+07
26 3.41146e+06
117 9.54606e+06
28 3.44828e+06
100 6.72104e+06
73 5.88385e+06
173 2.34217e+07
39 4.3565e+06
48 4.75586e+06
65 5.04687e+06
113 9.26157e+06
143 1.4497e+07
175 2.38551e+07
113 9.26157e+06
166 1.82854e+07
43 4.45693e+06
158 1.59142e+07
120 9.64337e+06
67 5.66974e+06
188 2.64736e+07
34 3.56578e+06
44 4.75424e+06
163 1.70619e+07
139 1.29858e+07
38 4.12231e+06
193 2.69529e+07
37 3.83192e+06
66 5.28295e+06
Thế hệ thứ: 7
196 3.2223e+07
178 2.50177e+07
132 1.03099e+07
112 7.95414e+06
108 7.65695e+06
125 1.02011e+07
166 1.82854e+07
34 3.56578e+06
188 2.64736e+07
67 5.66974e+06
163 1.70619e+07
44 4.75424e+06
114 9.40407e+06
48 4.75586e+06
65 5.04687e+06
138 1.12367e+07
43 4.45693e+06
158 1.59142e+07
26 3.41146e+06
117 9.54606e+06
28 3.44828e+06
100 6.72104e+06
73 5.88385e+06
39 4.3565e+06
173 2.34217e+07
113 9.26157e+06
66 5.28295e+06
37 3.83192e+06
193 2.69529e+07
143 1.4497e+07
120 9.64337e+06
175 2.38551e+07
113 9.26157e+06
141 1.25584e+07
84 6.17995e+06
170 2.24814e+07
38 3.83192e+06
Thế hệ thứ: 8
108 7.65695e+06
112 7.95414e+06
196 3.2223e+07
178 2.50177e+07
132 1.03099e+07
39 4.3565e+06
173 2.34217e+07
175 2.38551e+07
125 1.02011e+07
166 1.82854e+07
66 5.28295e+06
34 3.56578e+06
188 2.64736e+07
163 1.70619e+07
84 6.17995e+06
37 3.83192e+06
193 2.69529e+07
51 4.94931e+06
65 5.04687e+06
48 4.75586e+06
170 2.24814e+07
150 1.53796e+07
158 1.59142e+07
26 3.41146e+06
28 3.44828e+06
100 6.72104e+06
38 3.83192e+06
73 5.88385e+06
70 5.59532e+06
141 1.09996e+07
120 9.19285e+06
45 4.43274e+06
144 1.39051e+07
Thế hệ thứ: 9
196 3.2223e+07
132 1.03099e+07
112 7.95414e+06
52 4.92845e+06
108 7.65695e+06
100 6.72104e+06
48 4.75586e+06
65 5.04687e+06
173 2.34217e+07
175 2.38551e+07
34 3.56578e+06
166 1.82854e+07
38 3.83192e+06
73 5.88385e+06
66 5.28295e+06
70 5.59532e+06
170 2.24814e+07
158 1.59142e+07
150 1.53796e+07
141 1.09996e+07
120 9.19285e+06
163 1.70619e+07
37 3.83192e+06
84 6.17995e+06
26 3.41146e+06
144 1.39051e+07
28 3.44828e+06
184 2.4064e+07
128 1.00334e+07
168 2.04632e+07
47 4.72375e+06
46 4.43248e+06
159 1.60922e+07
41 4.05467e+06
195 2.58998e+07
Thế hệ thứ: 10
108 7.65695e+06
52 4.92845e+06
112 7.95414e+06
196 3.2223e+07
132 1.03099e+07
34 3.56578e+06
175 2.38551e+07
73 5.88385e+06
100 6.72104e+06
67 5.20493e+06
65 5.04687e+06
48 4.75586e+06
173 2.34217e+07
166 1.82854e+07
38 3.83192e+06
128 1.00334e+07
168 2.04632e+07
70 5.59532e+06
184 2.4064e+07
170 2.24814e+07
150 1.53796e+07
158 1.59142e+07
141 1.09996e+07
120 9.19285e+06
163 1.70619e+07
84 6.17995e+06
26 3.41146e+06
144 1.39051e+07
159 1.60922e+07
28 3.44828e+06
47 4.72375e+06
195 2.58998e+07
46 4.43248e+06
41 4.05467e+06
42 4.2976e+06
131 1.03005e+07
48 4.75586e+06
142 1.34299e+07
37 3.81304e+06
197 3.39992e+07
Thế hệ thứ: 11
142 1.34299e+07
196 3.2223e+07
132 1.03099e+07
112 7.95414e+06
52 4.92845e+06
108 7.65695e+06
34 3.56578e+06
80 6.07414e+06
84 6.17995e+06
163 1.70619e+07
37 3.81304e+06
26 3.41146e+06
175 2.38551e+07
159 1.60922e+07
144 1.39051e+07
73 5.88385e+06
166 1.82854e+07
67 5.20493e+06
100 6.72104e+06
197 3.39992e+07
48 4.75586e+06
65 5.04687e+06
28 3.44828e+06
173 2.34217e+07
195 2.58998e+07
41 4.05467e+06
38 3.83192e+06
131 1.03005e+07
168 2.04632e+07
128 1.00334e+07
70 5.59532e+06
184 2.4064e+07
158 1.59142e+07
150 1.53796e+07
48 4.75586e+06
141 1.09996e+07
120 9.19285e+06
118 8.30533e+06
47 4.43555e+06
79 5.8972e+06
43 4.05755e+06
172 2.13124e+07
46 4.42456e+06
Thế hệ thứ: 12
108 7.65695e+06
52 4.92845e+06
112 7.95414e+06
142 1.34299e+07
196 3.2223e+07
132 1.03099e+07
168 2.04632e+07
128 1.00334e+07
70 5.59532e+06
34 3.56578e+06
184 2.4064e+07
84 6.17995e+06
80 6.07414e+06
100 6.72104e+06
67 5.20493e+06
37 3.81304e+06
163 1.70619e+07
172 2.13124e+07
26 3.41146e+06
175 2.38551e+07
144 1.39051e+07
159 1.60922e+07
150 1.53796e+07
158 1.59142e+07
73 5.88385e+06
166 1.82854e+07
197 3.39992e+07
65 5.04687e+06
28 3.44828e+06
141 1.09996e+07
173 2.34217e+07
120 9.19285e+06
118 8.30533e+06
47 4.43555e+06
195 2.58998e+07
41 4.05467e+06
38 3.83192e+06
79 5.8972e+06
131 1.03005e+07
43 4.05755e+06
48 4.53981e+06
46 4.3934e+06
68 5.57823e+06
Thế hệ thứ: 13
142 1.34299e+07
196 3.2223e+07
132 1.03099e+07
112 7.95414e+06
52 4.92845e+06
108 7.65695e+06
118 8.30533e+06
128 1.00334e+07
168 2.04632e+07
46 4.3934e+06
70 5.59532e+06
34 3.56578e+06
41 4.05467e+06
38 3.83192e+06
173 2.34217e+07
184 2.4064e+07
48 4.53981e+06
80 6.07414e+06
84 6.17995e+06
67 5.20493e+06
100 6.72104e+06
163 1.70619e+07
37 3.81304e+06
172 2.13124e+07
43 4.05755e+06
26 3.41146e+06
175 2.38551e+07
120 9.19285e+06
131 1.03005e+07
159 1.60922e+07
144 1.39051e+07
158 1.59142e+07
150 1.53796e+07
73 5.88385e+06
68 5.23082e+06
79 5.8972e+06
166 1.82854e+07
197 3.39992e+07
47 4.43555e+06
65 5.04687e+06
195 2.58998e+07
28 3.44828e+06
141 1.09996e+07
51 4.59668e+06
Thế hệ thứ: 14
128 1.00334e+07
168 2.04632e+07
108 7.65695e+06
112 7.95414e+06
142 1.34299e+07
196 3.2223e+07
132 1.03099e+07
47 4.43555e+06
118 8.30533e+06
195 2.58998e+07
197 3.39992e+07
68 5.23082e+06
79 5.8972e+06
46 4.3934e+06
70 5.59532e+06
34 3.56578e+06
28 3.44828e+06
141 1.09996e+07
51 4.59668e+06
41 4.05467e+06
38 3.83192e+06
173 2.34217e+07
184 2.4064e+07
48 4.53981e+06
166 1.82854e+07
84 6.17995e+06
80 6.07414e+06
100 6.72104e+06
67 5.20493e+06
37 3.81304e+06
163 1.70619e+07
172 2.13124e+07
43 4.05755e+06
26 3.41146e+06
175 2.38551e+07
120 9.19285e+06
73 5.88385e+06
131 1.03005e+07
144 1.39051e+07
159 1.60922e+07
150 1.53796e+07
158 1.59142e+07
65 5.04687e+06
102 7.55712e+06
182 2.39452e+07
54 4.64098e+06
Thế hệ thứ: 15
158 1.59142e+07
128 1.00334e+07
168 2.04632e+07
142 1.34299e+07
132 1.03099e+07
112 7.95414e+06
108 7.65695e+06
47 4.43555e+06
118 8.30533e+06
65 5.04687e+06
37 3.78761e+06
195 2.58998e+07
159 1.60922e+07
68 5.23082e+06
79 5.8972e+06
46 4.3934e+06
54 4.64098e+06
70 5.59532e+06
184 2.4064e+07
102 7.55712e+06
34 3.56578e+06
166 1.82854e+07
182 2.39452e+07
28 3.44828e+06
141 1.09996e+07
131 1.03005e+07
41 4.05467e+06
38 3.83192e+06
48 4.53981e+06
80 6.07414e+06
84 6.17995e+06
67 5.20493e+06
100 6.72104e+06
163 1.70619e+07
172 2.13124e+07
43 4.05755e+06
26 3.41146e+06
120 9.19285e+06
73 5.88385e+06
51 4.55001e+06
71 5.78305e+06
199 2.82587e+07
175 2.32258e+07
150 1.37393e+07
Thế hệ thứ: 16
128 1.00334e+07
168 2.04632e+07
158 1.59142e+07
120 9.19285e+06
112 7.95414e+06
142 1.34299e+07
132 1.03099e+07
100 6.72104e+06
67 5.20493e+06
108 7.65695e+06
51 4.55001e+06
47 4.43555e+06
68 5.23082e+06
118 8.30533e+06
65 5.04687e+06
37 3.78761e+06
195 2.58998e+07
172 2.13124e+07
199 2.82587e+07
175 2.32258e+07
159 1.60922e+07
150 1.37393e+07
80 6.07414e+06
84 6.17995e+06
46 4.3934e+06
70 5.59532e+06
54 4.64098e+06
102 7.55712e+06
184 2.4064e+07
141 1.09996e+07
34 3.56578e+06
182 2.39452e+07
166 1.82854e+07
28 3.44828e+06
131 1.03005e+07
41 4.05467e+06
163 1.70619e+07
38 3.83192e+06
48 4.53981e+06
43 4.05755e+06
26 3.41146e+06
79 5.72423e+06
Thế hệ thứ: 17
79 5.72423e+06
158 1.59142e+07
128 1.00334e+07
168 2.04632e+07
112 7.95414e+06
54 4.64098e+06
70 5.59532e+06
102 7.55712e+06
184 2.4064e+07
120 9.19285e+06
141 1.09996e+07
26 3.41146e+06
132 1.03099e+07
142 1.34299e+07
118 8.30533e+06
67 5.20493e+06
100 6.72104e+06
108 7.65695e+06
34 3.56578e+06
51 4.55001e+06
47 4.43555e+06
166 1.82854e+07
182 2.39452e+07
68 5.23082e+06
28 3.44828e+06
131 1.03005e+07
65 5.04687e+06
37 3.78761e+06
41 4.05467e+06
195 2.58998e+07
172 2.13124e+07
163 1.70619e+07
42 4.05672e+06
199 2.82587e+07
38 3.83192e+06
175 2.32258e+07
159 1.60922e+07
48 4.53981e+06
150 1.37393e+07
84 6.17995e+06
80 6.07414e+06
46 4.3934e+06
43 4.05755e+06
Thế hệ thứ: 18
102 7.55712e+06
128 1.00334e+07
168 2.04632e+07
79 5.72423e+06
158 1.59142e+07
54 4.64098e+06
70 5.59532e+06
112 7.95414e+06
172 2.13124e+07
163 1.70619e+07
43 4.05755e+06
108 7.65695e+06
120 9.19285e+06
199 2.82587e+07
42 4.05672e+06
141 1.09996e+07
26 3.41146e+06
38 3.83192e+06
142 1.34299e+07
132 1.03099e+07
118 8.30533e+06
100 6.72104e+06
67 5.20493e+06
159 1.60922e+07
48 4.53981e+06
34 3.56578e+06
150 1.37393e+07
80 6.07414e+06
84 6.17995e+06
51 4.55001e+06
47 4.43555e+06
166 1.82854e+07
68 5.23082e+06
46 4.3934e+06
28 3.44828e+06
131 1.03005e+07
65 5.04687e+06
37 3.78761e+06
41 4.05467e+06
195 2.58998e+07
86 6.48435e+06
186 2.18359e+07
Thế hệ thứ: 19
102 7.55712e+06
195 2.58998e+07
166 1.82854e+07
79 5.72423e+06
158 1.59142e+07
128 1.00334e+07
168 2.04632e+07
54 4.64098e+06
70 5.59532e+06
150 1.37393e+07
186 2.18359e+07
112 7.95414e+06
172 2.13124e+07
163 1.70619e+07
41 4.05467e+06
43 4.05755e+06
108 7.65695e+06
120 9.19285e+06
42 4.05672e+06
199 2.82587e+07
37 3.78761e+06
65 5.04687e+06
131 1.03005e+07
141 1.09996e+07
26 3.41146e+06
38 3.83192e+06
84 6.17995e+06
80 6.07414e+06
132 1.03099e+07
142 1.34299e+07
28 3.44828e+06
118 8.30533e+06
67 5.20493e+06
100 6.72104e+06
51 4.55001e+06
159 1.60922e+07
47 4.43555e+06
48 4.53981e+06
34 3.56578e+06
46 4.3934e+06
68 5.23082e+06
86 6.48435e+06
110 7.87649e+06
156 1.57749e+07
177 2.1654e+07
Thế hệ thứ: 20
54 4.64098e+06
70 5.59532e+06
102 7.55712e+06
28 3.44828e+06
166 1.82854e+07
195 2.58998e+07
156 1.57749e+07
79 5.72423e+06
158 1.59142e+07
43 4.05755e+06
86 6.48435e+06
100 6.72104e+06
67 5.20493e+06
150 1.37393e+07
112 7.95414e+06
186 2.18359e+07
51 4.55001e+06
163 1.70619e+07
41 4.05467e+06
159 1.60922e+07
47 4.43555e+06
108 7.65695e+06
199 2.82587e+07
48 4.53981e+06
37 3.78761e+06
65 5.04687e+06
131 1.03005e+07
141 1.09996e+07
26 3.41146e+06
38 3.83192e+06
118 8.30533e+06
34 3.56578e+06
46 4.3934e+06
84 6.17995e+06
68 5.23082e+06
142 1.34299e+07
132 1.03099e+07
110 7.87649e+06
179 1.9532e+07
153 1.4576e+07
128 9.22186e+06
42 4.05506e+06
123 8.87076e+06
81 6.00354e+06
Thế hệ thứ: 21
131 1.03005e+07
150 1.37393e+07
54 4.64098e+06
70 5.59532e+06
102 7.55712e+06
65 5.04687e+06
28 3.44828e+06
68 5.23082e+06
42 4.05506e+06
166 1.82854e+07
141 1.09996e+07
195 2.58998e+07
34 3.56578e+06
158 1.59142e+07
79 5.72423e+06
26 3.41146e+06
123 8.87076e+06
43 4.05755e+06
86 6.48435e+06
153 1.4576e+07
67 5.20493e+06
100 6.72104e+06
163 1.70619e+07
38 3.83192e+06
186 2.18359e+07
112 7.95414e+06
128 9.22186e+06
51 4.55001e+06
84 6.17995e+06
118 8.30533e+06
156 1.5762e+07
41 4.05467e+06
159 1.60922e+07
47 4.43555e+06
108 7.65695e+06
46 4.3934e+06
199 2.82587e+07
48 4.53981e+06
110 7.87649e+06
132 1.03099e+07
142 1.34299e+07
179 1.9532e+07
83 5.77738e+06
37 3.77816e+06
55 4.64314e+06
Thế hệ thứ: 22
68 5.23082e+06
150 1.37393e+07
131 1.03005e+07
156 1.5762e+07
41 4.05467e+06
159 1.60922e+07
54 4.64098e+06
70 5.59532e+06
102 7.55712e+06
65 5.04687e+06
47 4.43555e+06
28 3.44828e+06
108 7.65695e+06
55 4.64314e+06
158 1.59142e+07
79 5.72423e+06
46 4.3934e+06
42 4.05506e+06
199 2.82587e+07
48 4.53981e+06
166 1.82854e+07
132 1.03099e+07
110 7.87649e+06
141 1.09996e+07
195 2.58998e+07
34 3.56578e+06
26 3.41146e+06
179 1.9532e+07
123 8.87076e+06
43 4.05755e+06
86 6.48435e+06
100 6.72104e+06
67 5.20493e+06
153 1.4576e+07
83 5.77738e+06
163 1.70619e+07
38 3.83192e+06
112 7.95414e+06
186 2.18359e+07
51 4.55001e+06
128 9.22186e+06
37 3.77816e+06
84 6.17995e+06
118 8.30533e+06
144 1.25818e+07
Thế hệ thứ: 23
68 5.23082e+06
131 1.03005e+07
150 1.37393e+07
163 1.70619e+07
156 1.5762e+07
38 3.83192e+06
112 7.95414e+06
186 2.18359e+07
159 1.60922e+07
70 5.59532e+06
54 4.64098e+06
102 7.55712e+06
65 5.04687e+06
47 4.43555e+06
28 3.44828e+06
108 7.65695e+06
79 5.72423e+06
158 1.59142e+07
55 4.64314e+06
46 4.3934e+06
128 9.22186e+06
51 4.55001e+06
199 2.82587e+07
48 4.53981e+06
166 1.82854e+07
37 3.77816e+06
110 7.87649e+06
132 1.03099e+07
141 1.09996e+07
195 2.58998e+07
34 3.56578e+06
26 3.41146e+06
179 1.9532e+07
123 8.87076e+06
43 4.05755e+06
86 6.48435e+06
153 1.4576e+07
67 5.20493e+06
100 6.72104e+06
83 5.77738e+06
118 8.30533e+06
144 1.25818e+07
42 4.00019e+06
84 6.17995e+06
Thế hệ thứ: 24
68 5.23082e+06
34 3.56578e+06
150 1.37393e+07
131 1.03005e+07
179 1.9532e+07
42 4.00019e+06
84 6.17995e+06
163 1.70619e+07
156 1.5762e+07
123 8.87076e+06
38 3.83192e+06
186 2.18359e+07
112 7.95414e+06
43 4.05755e+06
159 1.60922e+07
54 4.64098e+06
70 5.59532e+06
102 7.55712e+06
86 6.48435e+06
65 5.04687e+06
100 6.72104e+06
67 5.20493e+06
153 1.4576e+07
108 7.65695e+06
55 4.64314e+06
158 1.59142e+07
79 5.72423e+06
83 5.77738e+06
46 4.3934e+06
118 8.30533e+06
144 1.25818e+07
51 4.55001e+06
128 9.22186e+06
199 2.82587e+07
32 3.395e+06
48 4.53981e+06
166 1.82854e+07
37 3.77816e+06
132 1.03099e+07
110 7.87649e+06
141 1.09996e+07
195 2.58998e+07
143 1.22849e+07
47 4.42789e+06
Thế hệ thứ: 25
143 1.22849e+07
42 4.00019e+06
68 5.23082e+06
118 8.30533e+06
34 3.56578e+06
144 1.25818e+07
132 1.03099e+07
110 7.87649e+06
37 3.77816e+06
166 1.82854e+07
150 1.37393e+07
131 1.03005e+07
179 1.9532e+07
48 4.53981e+06
32 3.395e+06
128 9.22186e+06
51 4.55001e+06
84 6.17995e+06
163 1.70619e+07
156 1.5762e+07
79 5.72423e+06
158 1.59142e+07
55 4.64314e+06
199 2.82587e+07
123 8.87076e+06
38 3.83192e+06
112 7.95414e+06
186 2.18359e+07
43 4.05755e+06
159 1.60922e+07
54 4.64098e+06
102 7.55712e+06
86 6.48435e+06
65 5.04687e+06
83 5.77738e+06
153 1.4576e+07
67 5.20493e+06
100 6.72104e+06
46 4.3934e+06
141 1.09996e+07
195 2.58998e+07
47 4.42789e+06
108 7.63801e+06
181 2.16782e+07
89 6.64486e+06
72 5.55781e+06
69 5.5558e+06
Thế hệ thứ: 26
181 2.16782e+07
143 1.22849e+07
108 7.63801e+06
68 5.23082e+06
118 8.30533e+06
144 1.25818e+07
34 3.56578e+06
110 7.87649e+06
132 1.03099e+07
47 4.42789e+06
37 3.77816e+06
84 6.17995e+06
166 1.82854e+07
150 1.37393e+07
65 5.04687e+06
131 1.03005e+07
179 1.9532e+07
195 2.58998e+07
48 4.53981e+06
32 3.395e+06
51 4.55001e+06
128 9.22186e+06
141 1.09996e+07
46 4.3934e+06
163 1.70619e+07
54 4.64098e+06
158 1.42531e+07
55 4.64314e+06
79 5.72423e+06
199 2.82587e+07
102 7.55712e+06
67 5.20493e+06
100 6.72104e+06
123 8.87076e+06
103 7.57396e+06
72 5.55781e+06
112 7.95414e+06
186 2.18359e+07
89 6.64486e+06
86 6.48435e+06
43 4.05755e+06
83 5.77738e+06
159 1.60922e+07
69 5.5558e+06
41 3.81439e+06
40 3.7912e+06
190 2.38519e+07
42 3.93149e+06
Thế hệ thứ: 27
143 1.22849e+07
181 2.16782e+07
186 2.18359e+07
112 7.95414e+06
68 5.23082e+06
108 7.63801e+06
118 8.30533e+06
34 3.56578e+06
144 1.25818e+07
132 1.03099e+07
110 7.87649e+06
37 3.77816e+06
84 6.17995e+06
166 1.82854e+07
83 5.77738e+06
150 1.37393e+07
65 5.04687e+06
100 6.72104e+06
67 5.20493e+06
131 1.03005e+07
41 3.81439e+06
179 1.9532e+07
195 2.58998e+07
86 6.48435e+06
89 6.64486e+06
48 4.53981e+06
32 3.395e+06
128 9.22186e+06
51 4.55001e+06
141 1.09996e+07
163 1.70619e+07
123 8.87076e+06
54 4.64098e+06
103 7.57396e+06
72 5.55781e+06
79 5.72423e+06
55 4.64314e+06
158 1.42531e+07
199 2.82587e+07
102 7.55712e+06
159 1.60922e+07
47 4.21431e+06
69 5.5558e+06
40 3.7912e+06
190 2.38519e+07
44 3.81477e+06
58 5.03485e+06
57 5.01574e+06
53 4.64096e+06
75 5.67224e+06
Thế hệ thứ: 28
181 2.16782e+07
75 5.67224e+06
143 1.22849e+07
159 1.60922e+07
186 2.18359e+07
112 7.95414e+06
108 7.63801e+06
68 5.23082e+06
55 4.64314e+06
158 1.42531e+07
79 5.72423e+06
118 8.30533e+06
34 3.56578e+06
144 1.25818e+07
72 5.55781e+06
103 7.57396e+06
163 1.70619e+07
123 8.87076e+06
37 3.77816e+06
84 6.17995e+06
102 7.55712e+06
166 1.82854e+07
83 5.77738e+06
199 2.82587e+07
150 1.37393e+07
65 5.04687e+06
67 5.20493e+06
100 6.72104e+06
179 1.9532e+07
41 3.81439e+06
195 2.58998e+07
89 6.64486e+06
86 6.48435e+06
32 3.395e+06
47 4.21431e+06
69 5.5558e+06
51 4.55001e+06
128 9.22186e+06
141 1.09996e+07
54 4.64098e+06
40 3.7912e+06
190 2.38519e+07
44 3.81477e+06
58 5.03485e+06
57 5.01574e+06
53 4.64096e+06
132 9.45055e+06
49 4.23848e+06
85 6.27239e+06
171 1.86198e+07
110 7.87649e+06
Thế hệ thứ: 29
75 5.67224e+06
143 1.22849e+07
181 2.16782e+07
159 1.60922e+07
186 2.18359e+07
112 7.95414e+06
68 5.23082e+06
108 7.63801e+06
79 5.72423e+06
158 1.42531e+07
118 8.30533e+06
102 7.55712e+06
34 3.56578e+06
144 1.25818e+07
49 4.23848e+06
132 9.45055e+06
72 5.55781e+06
103 7.57396e+06
163 1.70619e+07
123 8.87076e+06
37 3.77816e+06
150 1.37393e+07
110 7.87649e+06
166 1.82854e+07
83 5.77738e+06
199 2.82587e+07
65 5.04687e+06
100 6.72104e+06
67 5.20493e+06
171 1.86198e+07
41 3.81439e+06
179 1.9532e+07
195 2.58998e+07
128 9.22186e+06
89 6.64486e+06
40 3.7912e+06
32 3.395e+06
141 1.09996e+07
69 5.5558e+06
47 4.21431e+06
44 3.81477e+06
58 5.03485e+06
86 6.2517e+06
190 2.24765e+07
73 5.59415e+06
187 2.21879e+07
57 4.51014e+06
84 5.79231e+06
Thế hệ thứ: 30
181 2.16782e+07
75 5.67224e+06
143 1.22849e+07
159 1.60922e+07
186 2.18359e+07
112 7.95414e+06
108 7.63801e+06
158 1.42531e+07
79 5.72423e+06
118 8.30533e+06
34 3.56578e+06
144 1.25818e+07
49 4.23848e+06
132 9.45055e+06
86 6.2517e+06
190 2.24765e+07
72 5.55781e+06
103 7.57396e+06
163 1.70619e+07
84 5.79231e+06
187 2.21879e+07
102 7.51563e+06
123 8.87076e+06
37 3.77816e+06
73 5.59415e+06
150 1.37393e+07
110 7.87649e+06
47 4.21431e+06
57 4.51014e+06
141 1.09996e+07
166 1.82854e+07
85 6.19014e+06
83 5.77738e+06
199 2.82587e+07
90 6.44082e+06
65 5.04687e+06
67 5.20493e+06
100 6.72104e+06
171 1.86198e+07
179 1.9532e+07
41 3.81439e+06
195 2.58998e+07
128 9.22186e+06
40 3.7912e+06
32 3.395e+06
44 3.81477e+06
52 4.32551e+06
71 5.20707e+06
46 3.83894e+06
48 4.2321e+06
62 4.9159e+06
Thế hệ thứ: 31
62 4.9159e+06
75 5.67224e+06
143 1.22849e+07
181 2.16782e+07
67 5.20493e+06
100 6.72104e+06
159 1.60922e+07
186 2.18359e+07
112 7.95414e+06
108 7.63801e+06
171 1.86198e+07
41 3.81439e+06
179 1.9532e+07
79 5.72423e+06
158 1.42531e+07
118 8.30533e+06
195 2.58998e+07
128 9.22186e+06
40 3.7912e+06
34 3.56578e+06
144 1.25818e+07
132 9.45055e+06
49 4.23848e+06
44 3.81477e+06
190 2.24765e+07
52 4.32551e+06
72 5.55781e+06
103 7.57396e+06
163 1.70619e+07
102 7.51563e+06
123 8.87076e+06
187 2.21879e+07
84 5.79231e+06
37 3.77816e+06
73 5.59415e+06
150 1.37393e+07
48 4.2321e+06
110 7.87649e+06
47 4.21431e+06
57 4.51014e+06
71 5.20707e+06
141 1.09996e+07
46 3.83894e+06
166 1.82854e+07
85 6.19014e+06
83 5.77738e+06
199 2.82587e+07
90 6.44082e+06
32 3.395e+06
105 7.58248e+06
45 3.81575e+06
86 6.19122e+06
46 3.83894e+06
Thế hệ thứ: 32
45 3.81575e+06
181 2.16782e+07
62 4.9159e+06
75 5.67224e+06
143 1.22849e+07
46 3.83894e+06
166 1.82854e+07
67 5.20493e+06
100 6.72104e+06
159 1.60922e+07
112 7.95414e+06
186 2.18359e+07
108 7.63801e+06
171 1.86198e+07
83 5.77738e+06
85 6.19014e+06
179 1.9532e+07
41 3.81439e+06
158 1.42531e+07
79 5.72423e+06
118 8.30533e+06
128 9.22186e+06
40 3.7912e+06
34 3.56578e+06
90 6.44082e+06
144 1.25818e+07
49 4.23848e+06
132 9.45055e+06
44 3.81477e+06
45 3.81575e+06
32 3.395e+06
105 7.58248e+06
190 2.24765e+07
52 4.32551e+06
72 5.55781e+06
103 7.57396e+06
163 1.70619e+07
84 5.79231e+06
187 2.21879e+07
102 7.51563e+06
123 8.87076e+06
37 3.77816e+06
150 1.37393e+07
110 7.87649e+06
48 4.2321e+06
86 6.19122e+06
46 3.83894e+06
47 4.21431e+06
57 4.51014e+06
197 2.58661e+07
49 4.23848e+06
194 2.5825e+07
73 5.58376e+06
48 4.2321e+06
Thế hệ thứ: 33
62 4.9159e+06
75 5.67224e+06
143 1.22849e+07
181 2.16782e+07
45 3.81575e+06
46 3.83894e+06
166 1.82854e+07
100 6.72104e+06
67 5.20493e+06
159 1.60922e+07
186 2.18359e+07
112 7.95414e+06
118 8.30533e+06
108 7.63801e+06
86 6.19122e+06
171 1.86198e+07
110 7.87649e+06
85 6.19014e+06
83 5.77738e+06
187 2.21879e+07
84 5.79231e+06
102 7.51563e+06
123 8.87076e+06
179 1.9532e+07
79 5.72423e+06
158 1.42531e+07
128 9.22186e+06
34 3.56578e+06
90 6.44082e+06
144 1.25818e+07
132 9.45055e+06
49 4.23848e+06
49 4.23848e+06
150 1.37393e+07
44 3.81477e+06
32 3.395e+06
45 3.81575e+06
105 7.58248e+06
190 2.24765e+07
72 5.55781e+06
103 7.57396e+06
163 1.70619e+07
46 3.83894e+06
47 4.21431e+06
57 4.51014e+06
197 2.58661e+07
43 3.76544e+06
53 4.32036e+06
48 4.21529e+06
Thế hệ thứ: 34
67 5.20493e+06
100 6.72104e+06
163 1.70619e+07
132 9.45055e+06
49 4.23848e+06
49 4.23848e+06
45 3.81575e+06
181 2.16782e+07
143 1.22849e+07
75 5.67224e+06
62 4.9159e+06
46 3.83894e+06
166 1.82854e+07
103 7.57396e+06
72 5.55781e+06
197 2.58661e+07
159 1.60922e+07
112 7.95414e+06
186 2.18359e+07
118 8.30533e+06
108 7.63801e+06
190 2.24765e+07
86 6.19122e+06
171 1.86198e+07
110 7.87649e+06
43 3.76544e+06
150 1.37393e+07
83 5.77738e+06
85 6.19014e+06
102 7.51563e+06
123 8.87076e+06
84 5.79231e+06
187 2.21879e+07
32 3.395e+06
45 3.81575e+06
179 1.9532e+07
158 1.42531e+07
79 5.72423e+06
128 9.22186e+06
34 3.56578e+06
44 3.81477e+06
105 7.58248e+06
144 1.25818e+07
96 6.4085e+06
46 3.83894e+06
47 4.21431e+06
57 4.51014e+06
53 4.32036e+06
48 4.21529e+06
54 4.40452e+06
70 5.2063e+06
125 9.12214e+06
Thế hệ thứ: 35
67 5.20493e+06
100 6.72104e+06
163 1.70619e+07
46 3.83894e+06
96 6.4085e+06
132 9.45055e+06
49 4.23848e+06
49 4.23848e+06
45 3.81575e+06
181 2.16782e+07
62 4.9159e+06
75 5.67224e+06
143 1.22849e+07
112 7.95414e+06
186 2.18359e+07
47 4.21431e+06
46 3.83894e+06
57 4.51014e+06
166 1.82854e+07
72 5.55781e+06
197 2.58661e+07
159 1.60922e+07
53 4.32036e+06
48 4.21529e+06
118 8.30533e+06
108 7.63801e+06
190 2.24765e+07
86 6.19122e+06
54 4.40452e+06
171 1.86198e+07
110 7.87649e+06
70 5.2063e+06
150 1.37393e+07
43 3.76544e+06
85 6.19014e+06
83 5.77738e+06
187 2.21879e+07
84 5.79231e+06
123 8.87076e+06
125 9.12214e+06
45 3.81575e+06
32 3.395e+06
179 1.9532e+07
79 5.72423e+06
158 1.42531e+07
128 9.22186e+06
34 3.56578e+06
55 4.41149e+06
44 3.81477e+06
104 7.3481e+06
Thế hệ thứ: 36
128 9.22186e+06
45 3.81575e+06
181 2.16782e+07
67 5.20493e+06
100 6.72104e+06
96 6.4085e+06
46 3.83894e+06
163 1.70619e+07
158 1.42531e+07
79 5.72423e+06
49 4.23848e+06
49 4.23848e+06
47 4.20945e+06
132 9.45055e+06
125 9.12214e+06
75 5.67224e+06
62 4.9159e+06
186 2.18359e+07
112 7.95414e+06
179 1.9532e+07
46 3.83894e+06
166 1.82854e+07
84 5.79231e+06
187 2.21879e+07
123 8.87076e+06
72 5.55781e+06
197 2.58661e+07
159 1.60922e+07
53 4.32036e+06
48 4.21529e+06
118 8.30533e+06
108 7.63801e+06
190 2.24765e+07
86 6.19122e+06
54 4.40452e+06
171 1.86198e+07
110 7.87649e+06
70 5.2063e+06
45 3.81575e+06
32 3.395e+06
43 3.76544e+06
150 1.37393e+07
83 5.77738e+06
85 6.19014e+06
34 3.56578e+06
55 4.41149e+06
44 3.81477e+06
104 7.3481e+06
143 1.21798e+07
63 4.92031e+06
58 4.41896e+06
Thế hệ thứ: 37
181 2.16782e+07
45 3.81575e+06
128 9.22186e+06
83 5.77738e+06
85 6.19014e+06
67 5.20493e+06
100 6.72104e+06
46 3.83894e+06
96 6.4085e+06
79 5.72423e+06
158 1.42531e+07
179 1.9532e+07
47 4.20945e+06
132 9.45055e+06
49 4.23848e+06
49 4.23848e+06
125 9.12214e+06
34 3.56578e+06
55 4.41149e+06
44 3.81477e+06
62 4.9159e+06
75 5.67224e+06
112 7.95414e+06
186 2.18359e+07
104 7.3481e+06
46 3.83894e+06
143 1.21798e+07
166 1.82854e+07
123 8.87076e+06
187 2.21879e+07
84 5.79231e+06
72 5.55781e+06
197 2.58661e+07
53 4.32036e+06
48 4.21529e+06
118 8.30533e+06
108 7.63801e+06
190 2.24765e+07
86 6.19122e+06
54 4.40452e+06
171 1.86198e+07
63 4.92031e+06
110 7.87649e+06
32 3.395e+06
45 3.81575e+06
58 4.41896e+06
70 5.2063e+06
43 3.76544e+06
146 1.27567e+07
164 1.57521e+07
Thế hệ thứ: 38
55 4.41149e+06
128 9.22186e+06
45 3.81575e+06
181 2.16782e+07
83 5.77738e+06
85 6.19014e+06
67 5.20493e+06
100 6.72104e+06
190 2.24765e+07
96 6.4085e+06
46 3.83894e+06
86 6.19122e+06
63 4.92031e+06
158 1.42531e+07
79 5.72423e+06
54 4.40452e+06
44 3.80992e+06
179 1.9532e+07
49 4.23848e+06
49 4.23848e+06
132 9.45055e+06
125 9.12214e+06
34 3.56578e+06
146 1.27567e+07
58 4.41896e+06
45 3.81575e+06
32 3.395e+06
75 5.67224e+06
62 4.9159e+06
186 2.18359e+07
112 7.95414e+06
104 7.3481e+06
46 3.83894e+06
143 1.21798e+07
166 1.82854e+07
36 3.63005e+06
84 5.79231e+06
187 2.21879e+07
123 8.87076e+06
122 8.72161e+06
110 7.87649e+06
197 2.58661e+07
171 1.86198e+07
53 4.32036e+06
48 4.21529e+06
118 8.30533e+06
108 7.63801e+06
70 5.2063e+06
43 3.76544e+06
164 1.57521e+07
72 5.44309e+06
47 3.99404e+06
Thế hệ thứ: 39
118 8.30533e+06
67 5.20493e+06
100 6.72104e+06
53 4.32036e+06
55 4.41149e+06
181 2.16782e+07
45 3.81575e+06
128 9.22186e+06
48 4.21529e+06
108 7.63801e+06
85 6.19014e+06
83 5.77738e+06
132 9.45055e+06
49 4.23848e+06
49 4.23848e+06
190 2.24765e+07
46 3.83894e+06
96 6.4085e+06
86 6.19122e+06
63 4.92031e+06
79 5.72423e+06
158 1.42531e+07
70 5.2063e+06
54 4.40452e+06
44 3.80992e+06
179 1.9532e+07
43 3.76544e+06
164 1.57521e+07
125 9.12214e+06
34 3.56578e+06
32 3.395e+06
45 3.81575e+06
58 4.41896e+06
146 1.27567e+07
62 4.9159e+06
75 5.67224e+06
112 7.95414e+06
186 2.18359e+07
104 7.3481e+06
46 3.83894e+06
143 1.21798e+07
36 3.63005e+06
166 1.82854e+07
72 5.44309e+06
123 8.87076e+06
187 2.21879e+07
84 5.79231e+06
47 3.99404e+06
110 7.87649e+06
122 8.72161e+06
49 4.23848e+06
105 7.53998e+06
150 1.3945e+07
61 4.90259e+06
Thế hệ thứ: 40
100 6.72104e+06
118 8.30533e+06
72 5.44309e+06
53 4.32036e+06
55 4.41149e+06
84 5.79231e+06
187 2.21879e+07
123 8.87076e+06
181 2.16782e+07
128 9.22186e+06
48 4.21529e+06
108 7.63801e+06
83 5.77738e+06
85 6.19014e+06
49 4.23848e+06
49 4.23848e+06
132 9.45055e+06
122 8.72161e+06
110 7.87649e+06
61 4.90259e+06
190 2.24765e+07
96 6.4085e+06
46 3.83894e+06
86 6.19122e+06
63 4.92031e+06
125 9.12214e+06
49 4.23848e+06
158 1.42531e+07
79 5.72423e+06
54 4.40452e+06
136 1.07135e+07
179 1.9532e+07
105 7.53998e+06
43 3.76544e+06
164 1.57521e+07
150 1.3945e+07
34 3.56578e+06
146 1.27567e+07
58 4.41896e+06
32 3.395e+06
45 3.81305e+06
75 5.67224e+06
62 4.9159e+06
186 2.18359e+07
112 7.95414e+06
104 7.3481e+06
47 3.98946e+06
44 3.80312e+06
142 1.11337e+07
70 5.01419e+06
Thế hệ thứ: 41
118 8.30533e+06
100 6.72104e+06
101 6.94856e+06
179 1.9532e+07
136 1.07135e+07
45 3.81305e+06
75 5.67224e+06
62 4.9159e+06
72 5.44309e+06
53 4.32036e+06
55 4.41149e+06
123 8.87076e+06
187 2.21879e+07
84 5.79231e+06
181 2.16782e+07
164 1.57521e+07
128 9.22186e+06
43 3.76544e+06
108 7.63801e+06
85 6.19014e+06
83 5.77738e+06
146 1.27567e+07
58 4.41896e+06
32 3.395e+06
132 9.45055e+06
49 4.23848e+06
49 4.23848e+06
110 7.87649e+06
122 8.72161e+06
70 5.01419e+06
70 5.01419e+06
190 2.24765e+07
61 4.90259e+06
46 3.83894e+06
96 6.4085e+06
86 6.19122e+06
34 3.56578e+06
63 4.92031e+06
125 9.12214e+06
49 4.23848e+06
79 5.72423e+06
158 1.42531e+07
105 7.53998e+06
150 1.3945e+07
54 4.40452e+06
112 7.95414e+06
186 2.18359e+07
104 7.3481e+06
47 3.98946e+06
44 3.80312e+06
142 1.11337e+07
48 3.99549e+06
Thế hệ thứ: 42
179 1.9532e+07
101 6.94856e+06
136 1.07135e+07
46 3.81765e+06
100 6.72104e+06
118 8.30533e+06
45 3.81305e+06
75 5.67224e+06
62 4.9159e+06
72 5.44309e+06
150 1.3945e+07
53 4.32036e+06
55 4.41149e+06
187 2.21879e+07
123 8.87076e+06
84 5.79231e+06
181 2.16782e+07
49 4.21719e+06
164 1.57521e+07
128 9.22186e+06
142 1.11337e+07
85 5.80523e+06
48 3.99549e+06
105 7.53998e+06
43 3.76544e+06
108 7.63801e+06
83 5.77738e+06
125 9.12214e+06
146 1.27567e+07
32 3.395e+06
58 4.41896e+06
79 5.72423e+06
158 1.42531e+07
132 9.45055e+06
122 8.72161e+06
110 7.87649e+06
61 4.90259e+06
190 2.24765e+07
70 5.01419e+06
70 5.01419e+06
96 6.4085e+06
86 6.19122e+06
34 3.56578e+06
63 4.92031e+06
54 4.40452e+06
186 2.18359e+07
112 7.95414e+06
104 7.3481e+06
59 4.79083e+06
Thế hệ thứ: 43
118 8.30533e+06
46 3.81765e+06
100 6.72104e+06
101 6.94856e+06
179 1.9532e+07
136 1.07135e+07
62 4.9159e+06
45 3.81305e+06
75 5.67224e+06
190 2.24765e+07
61 4.90259e+06
70 5.01419e+06
70 5.01419e+06
72 5.44309e+06
150 1.3945e+07
53 4.32036e+06
55 4.41149e+06
84 5.79231e+06
84 5.79231e+06
123 8.87076e+06
187 2.21879e+07
96 6.4085e+06
181 2.16782e+07
49 4.21719e+06
164 1.57521e+07
128 9.22186e+06
86 6.19122e+06
142 1.11337e+07
48 3.99549e+06
85 5.80523e+06
105 7.53998e+06
108 7.63801e+06
83 5.77738e+06
44 3.52749e+06
125 9.12214e+06
63 4.92031e+06
58 4.41896e+06
32 3.395e+06
146 1.27567e+07
54 4.40452e+06
112 7.95414e+06
186 2.18359e+07
158 1.42531e+07
79 5.72423e+06
104 7.3481e+06
132 9.45055e+06
59 4.79083e+06
110 7.87649e+06
122 8.72161e+06
22 3.29984e+06
Thế hệ thứ: 44
179 1.9532e+07
101 6.94856e+06
136 1.07135e+07
46 3.81765e+06
100 6.72104e+06
118 8.30533e+06
75 5.67224e+06
62 4.9159e+06
45 3.81305e+06
70 5.01419e+06
70 5.01419e+06
22 2.9932e+06
61 4.90259e+06
190 2.24765e+07
72 5.44309e+06
150 1.3945e+07
53 4.32036e+06
55 4.41149e+06
187 2.21879e+07
123 8.87076e+06
84 5.79231e+06
84 5.79231e+06
96 6.4085e+06
181 2.16782e+07
49 4.21719e+06
164 1.57521e+07
128 9.22186e+06
86 6.19122e+06
158 1.42531e+07
79 5.72423e+06
142 1.11337e+07
104 7.3481e+06
85 5.80523e+06
48 3.99549e+06
105 7.53998e+06
132 9.45055e+06
108 7.63801e+06
83 5.77738e+06
59 4.79083e+06
125 9.12214e+06
44 3.52749e+06
122 8.72161e+06
110 7.87649e+06
63 4.92031e+06
146 1.27567e+07
32 3.395e+06
58 4.41896e+06
54 4.40452e+06
186 2.18359e+07
112 7.95414e+06
23 3.30682e+06
109 7.86075e+06
Thế hệ thứ: 45
190 2.24765e+07
22 2.9932e+06
61 4.90259e+06
70 5.01419e+06
70 5.01419e+06
118 8.30533e+06
46 3.81765e+06
100 6.72104e+06
101 6.94856e+06
179 1.9532e+07
136 1.07135e+07
63 4.92031e+06
45 3.81305e+06
62 4.9159e+06
75 5.67224e+06
84 5.79231e+06
84 5.79231e+06
123 8.87076e+06
187 2.21879e+07
72 5.44309e+06
58 4.41896e+06
32 3.395e+06
146 1.27567e+07
150 1.3945e+07
53 4.32036e+06
55 4.41149e+06
54 4.40452e+06
112 7.95414e+06
186 2.18359e+07
96 6.4085e+06
181 2.16782e+07
49 4.21719e+06
164 1.57521e+07
128 9.22186e+06
86 6.19122e+06
79 5.72423e+06
158 1.42531e+07
142 1.11337e+07
104 7.3481e+06
48 3.99549e+06
85 5.80523e+06
23 3.30682e+06
105 7.53998e+06
109 7.86075e+06
132 9.45055e+06
108 7.63801e+06
83 5.77738e+06
59 4.79083e+06
44 3.52749e+06
125 9.12214e+06
78 5.69296e+06
52 4.2377e+06
24 3.31272e+06
Thế hệ thứ: 46
60 4.81782e+06
190 2.24765e+07
61 4.90259e+06
22 2.9932e+06
70 5.01419e+06
70 5.01419e+06
46 3.81765e+06
100 6.72104e+06
118 8.30533e+06
136 1.07135e+07
101 6.94856e+06
179 1.9532e+07
59 4.79083e+06
63 4.92031e+06
62 4.9159e+06
45 3.81305e+06
187 2.21879e+07
123 8.87076e+06
84 5.79231e+06
84 5.79231e+06
129 9.40218e+06
72 5.44309e+06
146 1.27567e+07
32 3.395e+06
58 4.41896e+06
150 1.3945e+07
125 9.12214e+06
44 3.52749e+06
53 4.32036e+06
55 4.41149e+06
54 4.40452e+06
186 2.18359e+07
112 7.95414e+06
78 5.69296e+06
96 6.4085e+06
181 2.16782e+07
52 4.2377e+06
49 4.21719e+06
164 1.57521e+07
128 9.22186e+06
86 6.19122e+06
158 1.42531e+07
79 5.72423e+06
142 1.11337e+07
104 7.3481e+06
85 5.80523e+06
48 3.99549e+06
105 7.53998e+06
109 7.86075e+06
130 1.01887e+07
77 5.51237e+06
24 3.00236e+06
Thế hệ thứ: 47
190 2.24765e+07
60 4.81782e+06
22 2.9932e+06
61 4.90259e+06
70 5.01419e+06
70 5.01419e+06
46 3.81765e+06
100 6.72104e+06
86 6.19122e+06
79 5.72423e+06
158 1.42531e+07
118 8.30533e+06
101 6.94856e+06
179 1.9532e+07
136 1.07135e+07
24 3.00236e+06
142 1.11337e+07
59 4.79083e+06
63 4.92031e+06
104 7.3481e+06
45 3.81305e+06
62 4.9159e+06
77 5.51237e+06
84 5.79231e+06
84 5.79231e+06
123 8.87076e+06
187 2.21879e+07
48 3.99549e+06
85 5.80523e+06
129 9.40218e+06
58 4.41896e+06
32 3.395e+06
146 1.27567e+07
150 1.3945e+07
44 3.52749e+06
125 9.12214e+06
53 4.32036e+06
130 1.01887e+07
55 4.41149e+06
54 4.40452e+06
112 7.95414e+06
186 2.18359e+07
105 7.53998e+06
109 7.86075e+06
78 5.69296e+06
96 6.4085e+06
181 2.16782e+07
52 4.2377e+06
49 4.21719e+06
72 5.41272e+06
121 8.82785e+06
71 5.23391e+06
167 1.86097e+07
88 6.23314e+06
Thế hệ thứ: 48
61 4.90259e+06
22 2.9932e+06
60 4.81782e+06
190 2.24765e+07
70 5.01419e+06
70 5.01419e+06
112 7.95414e+06
186 2.18359e+07
100 6.72104e+06
46 3.81765e+06
96 6.4085e+06
86 6.19122e+06
158 1.42531e+07
79 5.72423e+06
118 8.30533e+06
136 1.07135e+07
101 6.94856e+06
179 1.9532e+07
142 1.11337e+07
24 3.00236e+06
59 4.79083e+06
63 4.92031e+06
104 7.3481e+06
62 4.9159e+06
45 3.81305e+06
187 2.21879e+07
123 8.87076e+06
84 5.79231e+06
84 5.79231e+06
77 5.51237e+06
85 5.80523e+06
48 3.99549e+06
129 9.40218e+06
88 6.23314e+06
146 1.27567e+07
32 3.395e+06
58 4.41896e+06
150 1.3945e+07
125 9.12214e+06
44 3.52749e+06
78 5.69296e+06
53 4.32036e+06
55 4.41149e+06
130 1.01887e+07
109 7.86075e+06
105 7.53998e+06
54 4.40452e+06
181 2.16782e+07
52 4.2377e+06
49 4.21719e+06
56 4.41807e+06
132 1.05835e+07
Thế hệ thứ: 49
186 2.18359e+07
112 7.95414e+06
22 2.9932e+06
61 4.90259e+06
190 2.24765e+07
70 5.01419e+06
70 5.01419e+06
105 7.53998e+06
78 5.69296e+06
46 3.81765e+06
100 6.72104e+06
96 6.4085e+06
86 6.19122e+06
109 7.86075e+06
79 5.72423e+06
158 1.42531e+07
118 8.30533e+06
101 6.94856e+06
179 1.9532e+07
136 1.07135e+07
24 3.00236e+06
142 1.11337e+07
132 1.05835e+07
130 1.01887e+07
159 1.68386e+07
199 2.99224e+07
59 4.79083e+06
63 4.92031e+06
104 7.3481e+06
45 3.81305e+06
62 4.9159e+06
77 5.51237e+06
84 5.79231e+06
84 5.79231e+06
123 8.87076e+06
192 2.79001e+07
187 2.21879e+07
53 4.32036e+06
48 3.99549e+06
85 5.80523e+06
129 9.40218e+06
88 6.23314e+06
58 4.41896e+06
32 3.395e+06
146 1.27567e+07
150 1.3945e+07
44 3.52749e+06
125 9.12214e+06
181 2.16782e+07
52 4.2377e+06
60 4.81779e+06
55 4.36874e+06
