Thế hệ thứ: 0
140 1.65613e+07
97 7.53346e+06
119 1.27233e+07
146 1.81138e+07
189 2.72607e+07
152 1.91281e+07
175 2.49786e+07
131 1.55409e+07
160 2.35755e+07
158 2.22157e+07
113 9.47007e+06
121 1.52142e+07
183 2.70461e+07
Thế hệ thứ: 1
97 7.53346e+06
189 2.72607e+07
113 9.47007e+06
135 1.44485e+07
119 1.27233e+07
140 1.65613e+07
152 1.91281e+07
183 2.70461e+07
146 1.81138e+07
99 8.09856e+06
171 2.09231e+07
76 6.63058e+06
142 1.73921e+07
176 2.39248e+07
Thế hệ thứ: 2
189 2.72607e+07
176 2.39248e+07
171 2.09231e+07
76 6.63058e+06
119 1.27233e+07
135 1.44485e+07
113 9.47007e+06
140 1.65613e+07
152 1.91281e+07
183 2.70461e+07
97 7.53346e+06
99 8.09856e+06
128 1.31015e+07
146 1.81138e+07
142 1.73921e+07
153 1.99736e+07
114 1.04562e+07
194 3.22451e+07
145 1.79945e+07
117 1.25664e+07
150 1.82397e+07
Thế hệ thứ: 3
171 2.09231e+07
76 6.63058e+06
97 7.53346e+06
70 5.52395e+06
176 2.39248e+07
189 2.72607e+07
194 3.22451e+07
119 1.27233e+07
135 1.44485e+07
153 1.99736e+07
113 9.47007e+06
99 8.09856e+06
146 1.81138e+07
128 1.31015e+07
140 1.65613e+07
152 1.91281e+07
114 1.04562e+07
117 1.25664e+07
142 1.73921e+07
150 1.82397e+07
145 1.79945e+07
185 2.69435e+07
49 5.06781e+06
141 1.67325e+07
84 7.31106e+06
Thế hệ thứ: 4
119 1.27233e+07
135 1.44485e+07
49 5.06781e+06
176 2.39248e+07
189 2.72607e+07
70 5.52395e+06
194 3.22451e+07
185 2.69435e+07
171 2.09231e+07
76 6.63058e+06
113 9.47007e+06
99 8.09856e+06
84 7.31106e+06
114 1.04562e+07
97 7.53346e+06
140 1.65613e+07
117 1.25664e+07
128 1.27517e+07
141 1.67325e+07
190 2.94281e+07
161 1.68104e+07
Thế hệ thứ: 5
189 2.72607e+07
176 2.39248e+07
70 5.52395e+06
135 1.44485e+07
190 2.94281e+07
161 1.68104e+07
171 2.09231e+07
185 2.69435e+07
113 9.47007e+06
99 8.09856e+06
84 7.31106e+06
128 1.27517e+07
141 1.67325e+07
114 1.04562e+07
97 7.53346e+06
140 1.65613e+07
117 1.25664e+07
50 5.06305e+06
42 4.894e+06
81 6.10642e+06
198 3.09674e+07
54 5.50289e+06
120 1.26192e+07
Thế hệ thứ: 6
198 3.09674e+07
135 1.44485e+07
42 4.894e+06
190 2.94281e+07
185 2.69435e+07
161 1.68104e+07
171 2.09231e+07
189 2.72607e+07
70 5.52395e+06
176 2.39248e+07
113 9.47007e+06
128 1.27517e+07
141 1.67325e+07
81 6.10642e+06
84 7.31106e+06
54 5.50289e+06
114 1.04562e+07
140 1.65613e+07
50 5.06305e+06
39 4.8177e+06
124 1.16846e+07
43 4.89428e+06
25 3.63357e+06
99 7.37747e+06
173 2.38476e+07
107 8.48253e+06
Thế hệ thứ: 7
198 3.09674e+07
25 3.63357e+06
190 2.94281e+07
173 2.38476e+07
107 8.48253e+06
185 2.69435e+07
161 1.68104e+07
171 2.09231e+07
135 1.44485e+07
189 2.72607e+07
70 5.52395e+06
176 2.39248e+07
99 7.37747e+06
124 1.16846e+07
128 1.27517e+07
141 1.67325e+07
84 7.31106e+06
55 5.46346e+06
46 4.97035e+06
81 6.10642e+06
114 1.04562e+07
140 1.65613e+07
113 9.47007e+06
50 5.06305e+06
39 4.49023e+06
45 4.89437e+06
109 8.64818e+06
44 4.87156e+06
Thế hệ thứ: 8
198 3.09674e+07
25 3.63357e+06
190 2.94281e+07
107 8.48253e+06
173 2.38476e+07
185 2.69435e+07
161 1.68104e+07
171 2.09231e+07
135 1.44485e+07
189 2.72607e+07
70 5.52395e+06
176 2.39248e+07
99 7.37747e+06
124 1.16846e+07
128 1.27517e+07
141 1.67325e+07
39 4.49023e+06
84 7.31106e+06
55 5.46346e+06
81 6.10642e+06
46 4.97035e+06
114 1.04562e+07
140 1.65613e+07
113 9.47007e+06
109 8.64818e+06
50 5.06305e+06
44 4.87156e+06
45 4.89437e+06
179 2.60485e+07
Thế hệ thứ: 9
198 3.09674e+07
25 3.63357e+06
99 7.37747e+06
190 2.94281e+07
161 1.68104e+07
171 2.09231e+07
135 1.44485e+07
176 2.39248e+07
189 2.72607e+07
70 5.52395e+06
124 1.16846e+07
128 1.27517e+07
141 1.67325e+07
179 2.60485e+07
39 4.49023e+06
84 7.31106e+06
55 5.46346e+06
81 6.10642e+06
46 4.97035e+06
114 1.04562e+07
185 2.69435e+07
107 8.48253e+06
173 2.38476e+07
140 1.65613e+07
113 9.47007e+06
109 8.64818e+06
50 5.06305e+06
44 4.87156e+06
45 4.89437e+06
177 2.48607e+07
105 8.17447e+06
43 4.82901e+06
48 4.98518e+06
Thế hệ thứ: 10
25 3.63357e+06
190 2.94281e+07
161 1.68104e+07
171 2.09231e+07
189 2.72607e+07
40 4.50123e+06
176 2.39248e+07
70 5.52395e+06
124 1.16846e+07
128 1.27517e+07
141 1.67325e+07
99 7.37747e+06
84 7.31106e+06
39 4.49023e+06
81 6.10642e+06
46 4.97035e+06
55 5.46346e+06
114 1.04562e+07
107 8.48253e+06
185 2.69435e+07
173 2.38476e+07
117 1.09969e+07
179 2.60485e+07
140 1.65613e+07
113 9.47007e+06
177 2.48607e+07
105 8.17447e+06
109 8.64818e+06
50 5.06305e+06
43 4.82901e+06
48 4.98518e+06
45 4.89437e+06
44 4.87156e+06
138 1.38119e+07
200 2.95914e+07
178 2.51767e+07
Thế hệ thứ: 11
200 2.95914e+07
25 3.63357e+06
99 7.37747e+06
161 1.68104e+07
171 2.09231e+07
189 2.72607e+07
40 4.50123e+06
70 5.52395e+06
138 1.38119e+07
128 1.27517e+07
141 1.67325e+07
190 2.94281e+07
81 6.10642e+06
46 4.97035e+06
55 5.46346e+06
52 5.18233e+06
107 8.48253e+06
185 2.69435e+07
124 1.16846e+07
140 1.65613e+07
39 4.49023e+06
117 1.09969e+07
179 2.60485e+07
105 8.17447e+06
114 1.04562e+07
109 8.64818e+06
50 5.06305e+06
178 2.51767e+07
43 4.82901e+06
48 4.98518e+06
113 9.44673e+06
49 4.9866e+06
177 2.16247e+07
33 4.02574e+06
89 6.45132e+06
36 4.4161e+06
45 4.84827e+06
Thế hệ thứ: 12
177 2.16247e+07
200 2.95914e+07
25 3.63357e+06
36 4.4161e+06
171 2.09231e+07
161 1.68104e+07
189 2.72607e+07
40 4.50123e+06
70 5.52395e+06
45 4.84827e+06
138 1.38119e+07
178 2.51767e+07
128 1.27517e+07
141 1.67325e+07
99 7.37747e+06
190 2.94281e+07
89 6.45132e+06
131 1.36908e+07
81 6.10642e+06
46 4.97035e+06
55 5.46346e+06
124 1.16846e+07
140 1.65613e+07
117 1.09969e+07
179 2.60485e+07
35 4.13263e+06
107 8.48253e+06
52 5.18233e+06
185 2.69435e+07
113 9.44673e+06
33 4.02574e+06
105 8.17447e+06
114 1.04562e+07
109 8.64818e+06
39 4.49023e+06
50 5.06305e+06
48 4.98518e+06
49 4.9866e+06
102 7.98715e+06
44 4.8262e+06
183 2.61794e+07
Thế hệ thứ: 13
177 2.16247e+07
200 2.95914e+07
25 3.63357e+06
36 4.4161e+06
171 2.09231e+07
161 1.68104e+07
178 2.51767e+07
45 4.84827e+06
138 1.38119e+07
189 2.72607e+07
40 4.50123e+06
70 5.52395e+06
190 2.94281e+07
89 6.45132e+06
55 5.46346e+06
131 1.36908e+07
81 6.10642e+06
46 4.97035e+06
99 7.37747e+06
124 1.16846e+07
140 1.65613e+07
141 1.67325e+07
128 1.27517e+07
117 1.09969e+07
113 9.44673e+06
114 1.04562e+07
33 4.02574e+06
35 4.13263e+06
107 8.48253e+06
52 5.18233e+06
109 8.64818e+06
102 7.98715e+06
105 8.17447e+06
44 4.8262e+06
39 4.49023e+06
50 5.06305e+06
48 4.98518e+06
49 4.9866e+06
168 1.94101e+07
186 2.55791e+07
Thế hệ thứ: 14
177 2.16247e+07
200 2.95914e+07
168 1.94101e+07
25 3.63357e+06
161 1.68104e+07
53 5.38619e+06
178 2.51767e+07
189 2.72607e+07
40 4.50123e+06
70 5.52395e+06
45 4.84827e+06
138 1.38119e+07
190 2.94281e+07
89 6.45132e+06
131 1.36908e+07
81 6.10642e+06
46 4.97035e+06
55 5.46346e+06
186 2.55791e+07
36 4.4161e+06
171 2.09231e+07
99 7.37747e+06
124 1.16846e+07
140 1.65613e+07
141 1.67325e+07
128 1.27517e+07
117 1.09969e+07
113 9.44673e+06
114 1.04562e+07
33 4.02574e+06
109 8.64818e+06
102 7.98715e+06
105 8.17447e+06
35 4.13263e+06
107 8.48253e+06
52 5.18233e+06
44 4.8262e+06
39 4.49023e+06
50 5.06305e+06
48 4.98518e+06
49 4.9866e+06
Thế hệ thứ: 15
177 2.16247e+07
200 2.95914e+07
168 1.94101e+07
25 3.63357e+06
161 1.68104e+07
188 2.49503e+07
189 2.72607e+07
40 4.50123e+06
70 5.52395e+06
45 4.84827e+06
138 1.38119e+07
89 6.45132e+06
131 1.36908e+07
81 6.10642e+06
36 4.4161e+06
171 2.09231e+07
99 7.37747e+06
124 1.16846e+07
140 1.65613e+07
141 1.67325e+07
128 1.27517e+07
117 1.09969e+07
113 9.44673e+06
114 1.04562e+07
33 4.02574e+06
109 8.64818e+06
102 7.98715e+06
105 8.17447e+06
44 4.8262e+06
35 4.13263e+06
107 8.48253e+06
39 4.49023e+06
197 2.76822e+07
54 4.92474e+06
63 5.13808e+06
57 4.96877e+06
Thế hệ thứ: 16
168 1.94101e+07
177 2.16247e+07
25 3.63357e+06
40 4.50123e+06
70 5.52395e+06
188 2.49503e+07
45 4.84827e+06
138 1.38119e+07
161 1.68104e+07
197 2.76822e+07
89 6.45132e+06
131 1.36908e+07
81 6.10642e+06
171 2.09231e+07
36 4.4161e+06
99 7.37747e+06
54 4.92474e+06
124 1.16846e+07
140 1.65613e+07
141 1.67325e+07
128 1.27517e+07
117 1.09969e+07
113 9.44673e+06
63 5.13808e+06
114 1.04562e+07
33 4.02574e+06
192 2.60395e+07
109 8.64818e+06
102 7.98715e+06
57 4.96877e+06
105 8.17447e+06
44 4.8262e+06
35 4.13263e+06
107 8.48253e+06
39 4.49023e+06
200 2.80406e+07
92 7.1149e+06
Thế hệ thứ: 17
25 3.63357e+06
161 1.68104e+07
200 2.80406e+07
45 4.84827e+06
138 1.38119e+07
92 7.1149e+06
70 5.52395e+06
188 2.49503e+07
168 1.94101e+07
177 2.16247e+07
192 2.60395e+07
131 1.36908e+07
81 6.10642e+06
36 4.4161e+06
171 2.09231e+07
140 1.65613e+07
54 4.92474e+06
124 1.16846e+07
141 1.67325e+07
128 1.27517e+07
197 2.76822e+07
117 1.09969e+07
89 6.45132e+06
63 5.13808e+06
99 7.37747e+06
33 4.02574e+06
102 7.98715e+06
57 4.96877e+06
105 8.17447e+06
44 4.8262e+06
35 4.13263e+06
107 8.48253e+06
71 5.81108e+06
114 8.54942e+06
41 4.45137e+06
Thế hệ thứ: 18
25 3.63357e+06
161 1.68104e+07
200 2.80406e+07
45 4.84827e+06
138 1.38119e+07
70 5.52395e+06
92 7.1149e+06
188 2.49503e+07
117 1.09969e+07
168 1.94101e+07
177 2.16247e+07
192 2.60395e+07
114 8.54942e+06
36 4.4161e+06
171 2.09231e+07
140 1.65613e+07
54 4.92474e+06
124 1.16846e+07
141 1.67325e+07
128 1.27517e+07
131 1.36908e+07
81 6.10642e+06
197 2.76822e+07
89 6.45132e+06
63 5.13808e+06
99 7.37747e+06
71 5.81108e+06
33 4.02574e+06
102 7.98715e+06
35 4.13263e+06
107 8.48253e+06
41 4.45137e+06
57 4.96877e+06
105 8.17447e+06
44 4.8262e+06
47 4.90372e+06
194 2.76253e+07
Thế hệ thứ: 19
25 3.63357e+06
161 1.68104e+07
200 2.80406e+07
45 4.84827e+06
138 1.38119e+07
70 5.52395e+06
92 7.1149e+06
188 2.49503e+07
117 1.09969e+07
168 1.94101e+07
177 2.16247e+07
114 8.54942e+06
192 2.60395e+07
36 4.4161e+06
171 2.09231e+07
54 4.92474e+06
124 1.16846e+07
128 1.27517e+07
131 1.36908e+07
81 6.10642e+06
89 6.45132e+06
63 5.13808e+06
41 4.45137e+06
194 2.76253e+07
99 7.37747e+06
71 5.81108e+06
33 4.02574e+06
35 4.13263e+06
107 8.48253e+06
57 4.96877e+06
47 4.90372e+06
197 2.76822e+07
44 4.8262e+06
105 7.78097e+06
42 4.7922e+06
149 1.58464e+07
Thế hệ thứ: 20
25 3.63357e+06
161 1.68104e+07
200 2.80406e+07
138 1.38119e+07
70 5.52395e+06
92 7.1149e+06
188 2.49503e+07
168 1.94101e+07
177 2.16247e+07
54 4.92474e+06
124 1.16846e+07
149 1.58464e+07
117 1.09969e+07
114 8.54942e+06
192 2.60395e+07
171 2.09231e+07
131 1.36908e+07
81 6.10642e+06
128 1.27517e+07
99 7.37747e+06
63 5.13808e+06
41 4.45137e+06
194 2.76253e+07
105 7.78097e+06
71 5.81108e+06
35 4.13263e+06
107 8.48253e+06
33 4.02574e+06
57 4.96877e+06
47 4.90372e+06
197 2.76822e+07
42 4.7922e+06
36 4.25038e+06
91 7.02748e+06
44 4.80646e+06
90 6.3699e+06
42 4.7922e+06
46 4.80828e+06
40 4.44957e+06
Thế hệ thứ: 21
25 3.63357e+06
161 1.68104e+07
42 4.7922e+06
200 2.80406e+07
138 1.38119e+07
92 7.1149e+06
70 5.52395e+06
188 2.49503e+07
168 1.94101e+07
177 2.16247e+07
54 4.92474e+06
124 1.16846e+07
149 1.58464e+07
117 1.09969e+07
114 8.54942e+06
192 2.60395e+07
36 4.25038e+06
171 2.09231e+07
131 1.36908e+07
81 6.10642e+06
128 1.27517e+07
99 7.37747e+06
63 5.13808e+06
41 4.45137e+06
194 2.76253e+07
90 6.3699e+06
105 7.78097e+06
71 5.81108e+06
35 4.13263e+06
107 8.48253e+06
33 4.02574e+06
57 4.96877e+06
197 2.76822e+07
47 4.90372e+06
91 7.02748e+06
40 4.44957e+06
44 4.80646e+06
46 4.80828e+06
42 4.7922e+06
141 1.55002e+07
Thế hệ thứ: 22
25 3.63357e+06
161 1.68104e+07
42 4.7922e+06
200 2.80406e+07
92 7.1149e+06
70 5.52395e+06
188 2.49503e+07
117 1.09969e+07
168 1.94101e+07
177 2.16247e+07
54 4.92474e+06
124 1.16846e+07
149 1.58464e+07
114 8.54942e+06
141 1.55002e+07
192 2.60395e+07
171 2.09231e+07
36 4.25038e+06
81 6.10642e+06
138 1.38119e+07
128 1.27517e+07
99 7.37747e+06
63 5.13808e+06
41 4.45137e+06
90 6.3699e+06
105 7.78097e+06
107 8.48253e+06
57 4.96877e+06
197 2.76822e+07
35 3.83558e+06
47 4.90372e+06
91 7.02748e+06
40 4.44957e+06
44 4.80646e+06
46 4.80828e+06
42 4.7922e+06
73 5.57532e+06
196 2.73971e+07
134 1.3494e+07
45 4.8075e+06
Thế hệ thứ: 23
25 3.63357e+06
161 1.68104e+07
42 4.7922e+06
200 2.80406e+07
92 7.1149e+06
70 5.52395e+06
188 2.49503e+07
168 1.94101e+07
177 2.16247e+07
45 4.8075e+06
54 4.92474e+06
124 1.16846e+07
149 1.58464e+07
114 8.54942e+06
141 1.55002e+07
192 2.60395e+07
36 4.25038e+06
171 2.09231e+07
128 1.27517e+07
81 6.10642e+06
138 1.38119e+07
99 7.37747e+06
134 1.3494e+07
63 5.13808e+06
196 2.73971e+07
90 6.3699e+06
105 7.78097e+06
47 4.90372e+06
35 3.83558e+06
73 5.57532e+06
107 8.48253e+06
57 4.96877e+06
197 2.76822e+07
40 4.40482e+06
91 7.02748e+06
41 4.45137e+06
42 4.7922e+06
44 4.80646e+06
46 4.80828e+06
123 1.094e+07
Thế hệ thứ: 24
25 3.63357e+06
161 1.68104e+07
42 4.7922e+06
200 2.80406e+07
92 7.1149e+06
70 5.52395e+06
188 2.49503e+07
168 1.94101e+07
177 2.16247e+07
123 1.094e+07
114 8.54942e+06
45 4.8075e+06
54 4.92474e+06
124 1.16846e+07
149 1.58464e+07
141 1.55002e+07
192 2.60395e+07
171 2.09231e+07
128 1.27517e+07
81 6.10642e+06
138 1.38119e+07
99 7.37747e+06
134 1.3494e+07
63 5.13808e+06
196 2.73971e+07
90 6.3699e+06
105 7.78097e+06
47 4.90372e+06
35 3.83558e+06
73 5.57532e+06
107 8.48253e+06
57 4.96877e+06
197 2.76822e+07
91 7.02748e+06
40 4.40482e+06
41 4.45137e+06
44 4.80646e+06
46 4.80828e+06
42 4.7922e+06
68 5.1974e+06
37 4.21961e+06
102 7.63402e+06
Thế hệ thứ: 25
25 3.63357e+06
161 1.68104e+07
42 4.7922e+06
200 2.80406e+07
70 5.52395e+06
92 7.1149e+06
188 2.49503e+07
168 1.94101e+07
177 2.16247e+07
123 1.094e+07
114 8.54942e+06
45 4.8075e+06
54 4.92474e+06
124 1.16846e+07
149 1.58464e+07
141 1.55002e+07
192 2.60395e+07
171 2.09231e+07
128 1.27517e+07
37 4.21961e+06
81 6.10642e+06
138 1.38119e+07
134 1.3494e+07
102 7.63402e+06
196 2.73971e+07
90 6.3699e+06
47 4.90372e+06
68 5.1974e+06
35 3.83558e+06
73 5.57532e+06
107 8.48253e+06
99 7.37747e+06
63 5.13808e+06
105 7.78097e+06
57 4.96877e+06
197 2.76822e+07
41 4.45137e+06
44 4.80646e+06
46 4.80828e+06
42 4.7922e+06
91 6.63064e+06
153 1.63757e+07
163 1.70526e+07
40 4.38597e+06
36 4.11596e+06
Thế hệ thứ: 26
163 1.70526e+07
25 3.63357e+06
200 2.80406e+07
92 7.1149e+06
188 2.49503e+07
168 1.94101e+07
177 2.16247e+07
123 1.094e+07
114 8.54942e+06
141 1.55002e+07
192 2.60395e+07
171 2.09231e+07
128 1.27517e+07
37 4.21961e+06
138 1.38119e+07
153 1.63757e+07
54 4.92474e+06
124 1.16846e+07
149 1.58464e+07
134 1.3494e+07
102 7.63402e+06
196 2.73971e+07
73 5.57532e+06
161 1.68104e+07
107 8.48253e+06
68 5.1974e+06
35 3.83558e+06
90 6.3699e+06
99 7.37747e+06
63 5.13808e+06
105 7.78097e+06
57 4.96877e+06
197 2.76822e+07
36 4.08934e+06
91 6.63064e+06
49 4.36626e+06
183 2.34256e+07
70 5.51851e+06
83 5.90041e+06
Thế hệ thứ: 27
25 3.63357e+06
177 2.16247e+07
168 1.94101e+07
183 2.34256e+07
123 1.094e+07
114 8.54942e+06
92 7.1149e+06
163 1.70526e+07
141 1.55002e+07
192 2.60395e+07
171 2.09231e+07
128 1.27517e+07
83 5.90041e+06
49 4.36626e+06
138 1.38119e+07
153 1.63757e+07
54 4.92474e+06
124 1.16846e+07
149 1.58464e+07
134 1.3494e+07
197 2.75912e+07
102 7.63402e+06
196 2.73971e+07
73 5.57532e+06
37 4.21961e+06
161 1.68104e+07
107 8.48253e+06
68 5.1974e+06
35 3.83558e+06
99 7.37747e+06
90 6.3699e+06
63 5.13808e+06
105 7.78097e+06
57 4.96877e+06
70 5.51851e+06
36 4.08934e+06
91 6.63064e+06
200 2.79328e+07
83 5.90041e+06
188 2.4116e+07
Thế hệ thứ: 28
200 2.79328e+07
25 3.63357e+06
177 2.16247e+07
168 1.94101e+07
123 1.094e+07
183 2.34256e+07
114 8.54942e+06
192 2.60395e+07
188 2.4116e+07
163 1.70526e+07
141 1.55002e+07
171 2.09231e+07
128 1.27517e+07
49 4.36626e+06
138 1.38119e+07
153 1.63757e+07
54 4.92474e+06
124 1.16846e+07
149 1.58464e+07
134 1.3494e+07
102 7.63402e+06
73 5.57532e+06
161 1.68104e+07
107 8.48253e+06
68 5.1974e+06
35 3.83558e+06
99 7.37747e+06
92 7.1149e+06
90 6.3699e+06
83 5.90041e+06
63 5.13808e+06
105 7.78097e+06
57 4.96877e+06
83 5.90041e+06
37 4.09676e+06
70 5.51851e+06
91 6.63064e+06
73 5.57532e+06
199 2.68389e+07
36 3.95652e+06
Thế hệ thứ: 29
25 3.63357e+06
200 2.79328e+07
177 2.16247e+07
168 1.94101e+07
123 1.094e+07
183 2.34256e+07
114 8.54942e+06
192 2.60395e+07
188 2.4116e+07
163 1.70526e+07
141 1.55002e+07
171 2.09231e+07
128 1.27517e+07
49 4.36626e+06
73 5.57532e+06
199 2.68389e+07
138 1.38119e+07
153 1.63757e+07
149 1.58464e+07
54 4.92474e+06
39 4.26161e+06
124 1.16846e+07
134 1.3494e+07
70 5.51851e+06
161 1.68104e+07
107 8.48253e+06
99 7.37747e+06
92 7.1149e+06
68 5.1974e+06
35 3.83558e+06
90 6.3699e+06
83 5.90041e+06
63 5.13808e+06
83 5.90041e+06
73 5.57532e+06
105 7.78097e+06
57 4.96877e+06
102 7.63402e+06
91 6.63064e+06
36 3.95652e+06
53 4.65553e+06
40 4.26753e+06
37 4.0042e+06
Thế hệ thứ: 30
200 2.79328e+07
25 3.63357e+06
177 2.16247e+07
168 1.94101e+07
123 1.094e+07
183 2.34256e+07
114 8.54942e+06
192 2.60395e+07
188 2.4116e+07
163 1.70526e+07
141 1.55002e+07
171 2.09231e+07
128 1.27517e+07
73 5.57532e+06
199 2.68389e+07
138 1.38119e+07
153 1.63757e+07
124 1.16846e+07
39 4.26161e+06
54 4.92474e+06
149 1.58464e+07
134 1.3494e+07
49 4.36626e+06
161 1.68104e+07
107 8.48253e+06
99 7.37747e+06
92 7.1149e+06
68 5.1974e+06
35 3.83558e+06
90 6.3699e+06
83 5.90041e+06
63 5.13808e+06
83 5.90041e+06
105 7.78097e+06
40 4.26753e+06
57 4.96877e+06
53 4.65553e+06
102 7.63402e+06
70 5.51851e+06
91 6.63064e+06
37 4.0042e+06
73 5.57532e+06
36 3.95652e+06
41 4.27724e+06
Thế hệ thứ: 31
25 3.63357e+06
200 2.79328e+07
177 2.16247e+07
168 1.94101e+07
123 1.094e+07
183 2.34256e+07
114 8.54942e+06
192 2.60395e+07
188 2.4116e+07
163 1.70526e+07
141 1.55002e+07
171 2.09231e+07
128 1.27517e+07
73 5.57532e+06
199 2.68389e+07
138 1.38119e+07
153 1.63757e+07
85 6.28305e+06
124 1.16846e+07
39 4.26161e+06
149 1.58464e+07
54 4.84726e+06
134 1.3494e+07
161 1.68104e+07
49 4.36626e+06
107 8.48253e+06
99 7.37747e+06
92 7.1149e+06
68 5.1974e+06
35 3.83558e+06
90 6.3699e+06
83 5.90041e+06
63 5.13808e+06
73 5.57532e+06
105 7.78097e+06
57 4.96877e+06
83 5.90041e+06
53 4.65553e+06
41 4.27724e+06
102 7.63402e+06
52 4.54728e+06
70 5.51851e+06
91 6.63064e+06
37 4.0042e+06
36 3.95652e+06
40 4.26753e+06
94 7.11567e+06
69 5.19762e+06
Thế hệ thứ: 32
200 2.79328e+07
25 3.63357e+06
177 2.16247e+07
168 1.94101e+07
123 1.094e+07
183 2.34256e+07
114 8.54942e+06
192 2.60395e+07
188 2.4116e+07
163 1.70526e+07
141 1.55002e+07
171 2.09231e+07
128 1.27517e+07
73 5.57532e+06
199 2.68389e+07
138 1.38119e+07
153 1.63757e+07
124 1.16846e+07
39 4.26161e+06
85 6.28305e+06
149 1.58464e+07
134 1.3494e+07
161 1.68104e+07
107 8.48253e+06
68 5.1974e+06
35 3.83558e+06
49 4.36626e+06
83 5.90041e+06
63 5.13808e+06
73 5.57532e+06
69 5.19762e+06
83 5.90041e+06
99 7.37747e+06
105 7.78097e+06
57 4.96877e+06
53 4.65553e+06
41 4.27724e+06
102 7.63402e+06
91 6.63064e+06
94 7.11567e+06
90 6.3699e+06
70 5.51851e+06
52 4.54728e+06
92 7.1149e+06
37 4.0042e+06
36 3.95652e+06
40 4.26753e+06
56 4.83873e+06
Thế hệ thứ: 33
25 3.63357e+06
200 2.79328e+07
56 4.83873e+06
177 2.16247e+07
168 1.94101e+07
123 1.094e+07
183 2.34256e+07
114 8.54942e+06
192 2.60395e+07
188 2.4116e+07
163 1.70526e+07
141 1.55002e+07
171 2.09231e+07
128 1.27517e+07
73 5.57532e+06
138 1.38119e+07
153 1.63757e+07
124 1.16846e+07
39 4.26161e+06
85 6.28305e+06
149 1.58464e+07
134 1.3494e+07
161 1.68104e+07
107 8.48253e+06
68 5.1974e+06
35 3.83558e+06
49 4.36626e+06
83 5.90041e+06
63 5.13808e+06
73 5.57532e+06
99 7.37747e+06
105 7.78097e+06
53 4.65553e+06
41 4.27724e+06
57 4.96877e+06
102 7.63402e+06
91 6.63064e+06
94 7.11567e+06
90 6.3699e+06
52 4.54728e+06
92 7.1149e+06
37 4.0042e+06
69 5.19762e+06
83 5.90041e+06
36 3.95652e+06
40 4.26753e+06
116 9.03691e+06
70 5.47913e+06
199 2.67371e+07
Thế hệ thứ: 34
200 2.79328e+07
25 3.63357e+06
56 4.83873e+06
177 2.16247e+07
168 1.94101e+07
183 2.34256e+07
123 1.094e+07
188 2.4116e+07
116 9.03691e+06
163 1.70526e+07
141 1.55002e+07
171 2.09231e+07
128 1.27517e+07
199 2.67371e+07
138 1.38119e+07
153 1.63757e+07
124 1.16846e+07
39 4.26161e+06
85 6.28305e+06
149 1.58464e+07
134 1.3494e+07
161 1.68104e+07
107 8.48253e+06
68 5.1974e+06
35 3.83558e+06
114 8.54942e+06
49 4.36626e+06
83 5.90041e+06
63 5.13808e+06
69 5.19762e+06
83 5.90041e+06
73 5.57532e+06
99 7.37747e+06
105 7.78097e+06
53 4.65553e+06
41 4.27724e+06
57 4.96877e+06
102 7.63402e+06
91 6.63064e+06
94 7.11567e+06
90 6.3699e+06
70 5.47913e+06
92 7.1149e+06
52 4.54728e+06
37 4.0042e+06
73 5.57532e+06
36 3.95652e+06
40 4.26753e+06
193 2.59492e+07
87 6.3677e+06
Thế hệ thứ: 35
87 6.3677e+06
25 3.63357e+06
200 2.79328e+07
193 2.59492e+07
56 4.83873e+06
177 2.16247e+07
168 1.94101e+07
183 2.34256e+07
123 1.094e+07
188 2.4116e+07
116 9.03691e+06
163 1.70526e+07
141 1.55002e+07
171 2.09231e+07
128 1.27517e+07
138 1.38119e+07
199 2.67371e+07
153 1.63757e+07
124 1.16846e+07
39 4.26161e+06
85 6.28305e+06
149 1.58464e+07
134 1.3494e+07
161 1.68104e+07
107 8.48253e+06
68 5.1974e+06
35 3.83558e+06
114 8.54942e+06
49 4.36626e+06
83 5.90041e+06
63 5.13808e+06
69 5.19762e+06
83 5.90041e+06
73 5.57532e+06
99 7.37747e+06
105 7.78097e+06
53 4.65553e+06
41 4.27724e+06
57 4.96877e+06
102 7.63402e+06
91 6.63064e+06
94 7.11567e+06
70 5.47913e+06
92 7.1149e+06
52 4.54728e+06
90 6.3699e+06
37 4.0042e+06
73 5.57532e+06
36 3.95652e+06
40 4.26753e+06
Thế hệ thứ: 36
87 6.3677e+06
25 3.63357e+06
200 2.79328e+07
193 2.59492e+07
56 4.83873e+06
177 2.16247e+07
168 1.94101e+07
183 2.34256e+07
123 1.094e+07
188 2.4116e+07
116 9.03691e+06
163 1.70526e+07
141 1.55002e+07
171 2.09231e+07
128 1.27517e+07
138 1.38119e+07
199 2.67371e+07
153 1.63757e+07
124 1.16846e+07
39 4.26161e+06
85 6.28305e+06
149 1.58464e+07
134 1.3494e+07
161 1.68104e+07
107 8.48253e+06
35 3.83558e+06
114 8.54942e+06
49 4.36626e+06
83 5.90041e+06
63 5.13808e+06
73 5.57532e+06
83 5.90041e+06
99 7.37747e+06
105 7.78097e+06
53 4.65553e+06
41 4.27724e+06
57 4.96877e+06
102 7.63402e+06
91 6.63064e+06
94 7.11567e+06
92 7.1149e+06
52 4.54728e+06
90 6.3699e+06
37 4.0042e+06
73 5.57532e+06
36 3.95652e+06
40 4.26753e+06
71 5.19036e+06
Thế hệ thứ: 37
200 2.79328e+07
87 6.3677e+06
25 3.63357e+06
193 2.59492e+07
56 4.83873e+06
86 6.28733e+06
177 2.16247e+07
168 1.94101e+07
183 2.34256e+07
123 1.094e+07
188 2.4116e+07
116 9.03691e+06
163 1.70526e+07
141 1.55002e+07
171 2.09231e+07
128 1.27517e+07
138 1.38119e+07
199 2.67371e+07
153 1.63757e+07
124 1.16846e+07
39 4.26161e+06
85 6.28305e+06
149 1.58464e+07
134 1.3494e+07
83 5.90041e+06
63 5.13808e+06
161 1.68104e+07
107 8.48253e+06
35 3.83558e+06
71 5.19036e+06
114 8.54942e+06
49 4.36626e+06
73 5.57532e+06
83 5.90041e+06
99 7.37747e+06
105 7.78097e+06
53 4.65553e+06
41 4.27724e+06
57 4.96877e+06
102 7.63402e+06
91 6.63064e+06
94 7.11567e+06
92 7.1149e+06
52 4.54728e+06
90 6.3699e+06
37 4.0042e+06
73 5.57532e+06
36 3.95652e+06
40 4.26753e+06
126 1.27271e+07
Thế hệ thứ: 38
87 6.3677e+06
25 3.63357e+06
200 2.79328e+07
193 2.59492e+07
56 4.83873e+06
86 6.28733e+06
177 2.16247e+07
168 1.94101e+07
183 2.34256e+07
123 1.094e+07
188 2.4116e+07
116 9.03691e+06
163 1.70526e+07
141 1.55002e+07
171 2.09231e+07
138 1.38119e+07
199 2.67371e+07
153 1.63757e+07
85 6.28305e+06
124 1.16846e+07
39 4.26161e+06
149 1.58464e+07
134 1.3494e+07
83 5.90041e+06
63 5.13808e+06
161 1.68104e+07
107 8.48253e+06
128 1.27517e+07
35 3.83558e+06
71 5.19036e+06
114 8.54942e+06
49 4.36626e+06
73 5.57532e+06
83 5.90041e+06
99 7.37747e+06
126 1.27271e+07
105 7.78097e+06
53 4.65553e+06
41 4.27724e+06
102 7.63402e+06
91 6.63064e+06
94 7.11567e+06
52 4.54728e+06
90 6.3699e+06
37 4.0042e+06
73 5.57532e+06
36 3.95652e+06
40 4.26753e+06
59 4.86119e+06
92 7.0285e+06
74 5.59029e+06
Thế hệ thứ: 39
200 2.79328e+07
87 6.3677e+06
25 3.63357e+06
199 2.67019e+07
193 2.59492e+07
56 4.83873e+06
86 6.28733e+06
177 2.16247e+07
168 1.94101e+07
183 2.34256e+07
123 1.094e+07
188 2.4116e+07
116 9.03691e+06
163 1.70526e+07
141 1.55002e+07
171 2.09231e+07
153 1.63757e+07
124 1.16846e+07
39 4.26161e+06
85 6.28305e+06
149 1.58464e+07
161 1.68104e+07
107 8.48253e+06
83 5.90041e+06
63 5.13808e+06
128 1.27517e+07
35 3.83558e+06
71 5.19036e+06
114 8.54942e+06
49 4.36626e+06
74 5.59029e+06
99 7.37747e+06
126 1.27271e+07
105 7.78097e+06
53 4.65553e+06
41 4.27724e+06
91 6.63064e+06
94 7.11567e+06
59 4.86119e+06
102 7.63402e+06
92 7.0285e+06
52 4.54728e+06
90 6.3699e+06
37 4.0042e+06
73 5.57532e+06
83 5.90041e+06
36 3.95652e+06
40 4.26753e+06
173 2.13852e+07
103 7.64588e+06
139 1.32918e+07
Thế hệ thứ: 40
87 6.3677e+06
25 3.63357e+06
200 2.79328e+07
199 2.67019e+07
193 2.59492e+07
168 1.94101e+07
188 2.4116e+07
139 1.32918e+07
123 1.094e+07
183 2.34256e+07
141 1.55002e+07
116 9.03691e+06
163 1.70526e+07
56 4.83873e+06
86 6.28733e+06
177 2.16247e+07
171 2.09231e+07
153 1.63757e+07
124 1.16846e+07
39 4.26161e+06
85 6.28305e+06
149 1.58464e+07
128 1.27517e+07
161 1.68104e+07
83 5.90041e+06
103 7.64588e+06
63 5.13808e+06
35 3.83558e+06
71 5.19036e+06
114 8.54942e+06
49 4.36626e+06
74 5.59029e+06
99 7.37747e+06
126 1.27271e+07
83 5.90041e+06
173 2.13852e+07
105 7.78097e+06
53 4.65553e+06
41 4.27724e+06
91 6.63064e+06
94 7.11567e+06
59 4.86119e+06
92 7.0285e+06
52 4.54728e+06
102 7.63402e+06
90 6.3699e+06
73 5.57532e+06
37 4.0042e+06
36 3.95652e+06
107 7.85332e+06
58 4.84927e+06
Thế hệ thứ: 41
200 2.79328e+07
87 6.3677e+06
25 3.63357e+06
199 2.67019e+07
193 2.59492e+07
168 1.94101e+07
188 2.4116e+07
139 1.32918e+07
123 1.094e+07
183 2.34256e+07
141 1.55002e+07
116 9.03691e+06
163 1.70526e+07
86 6.28733e+06
177 2.16247e+07
171 2.09231e+07
153 1.63757e+07
85 6.28305e+06
124 1.16846e+07
39 4.26161e+06
149 1.58464e+07
114 8.54942e+06
161 1.68104e+07
107 7.85332e+06
63 5.13808e+06
103 7.64588e+06
83 5.90041e+06
35 3.83558e+06
71 5.19036e+06
49 4.36626e+06
74 5.59029e+06
99 7.37747e+06
173 2.13852e+07
53 4.65553e+06
41 4.27724e+06
91 6.63064e+06
94 7.11567e+06
59 4.86119e+06
92 7.0285e+06
52 4.54728e+06
56 4.81289e+06
90 6.3699e+06
73 5.57532e+06
105 7.78097e+06
37 4.0042e+06
83 5.90041e+06
36 3.95652e+06
58 4.84927e+06
118 1.0458e+07
179 2.32656e+07
102 7.47077e+06
95 7.16932e+06
129 1.26255e+07
Thế hệ thứ: 42
87 6.3677e+06
25 3.63357e+06
200 2.79328e+07
199 2.67019e+07
193 2.59492e+07
129 1.26255e+07
102 7.47077e+06
168 1.94101e+07
114 8.16602e+06
188 2.4116e+07
139 1.32918e+07
141 1.55002e+07
163 1.70526e+07
118 1.0458e+07
177 2.16247e+07
171 2.09231e+07
179 2.32656e+07
153 1.63757e+07
85 6.28305e+06
124 1.16846e+07
39 4.26161e+06
149 1.58464e+07
116 9.03691e+06
183 2.34256e+07
123 1.094e+07
161 1.68104e+07
107 7.85332e+06
63 5.13808e+06
103 7.64588e+06
83 5.90041e+06
35 3.83558e+06
71 5.19036e+06
49 4.36626e+06
74 5.59029e+06
173 2.13852e+07
53 4.65553e+06
41 4.27724e+06
99 7.37747e+06
59 4.86119e+06
95 7.16932e+06
94 7.11567e+06
91 6.63064e+06
92 7.0285e+06
56 4.81289e+06
52 4.54728e+06
90 6.3699e+06
73 5.57532e+06
105 7.78097e+06
37 4.0042e+06
83 5.90041e+06
102 7.47077e+06
Thế hệ thứ: 43
200 2.79328e+07
87 6.3677e+06
25 3.63357e+06
199 2.67019e+07
193 2.59492e+07
129 1.26255e+07
168 1.94101e+07
114 8.16602e+06
188 2.4116e+07
139 1.32918e+07
141 1.55002e+07
163 1.70526e+07
118 1.0458e+07
116 9.03691e+06
177 2.16247e+07
171 2.09231e+07
179 2.32656e+07
153 1.63757e+07
124 1.16846e+07
39 4.26161e+06
85 6.28305e+06
149 1.58464e+07
123 1.094e+07
183 2.34256e+07
161 1.68104e+07
35 3.83558e+06
83 5.90041e+06
63 5.13808e+06
103 7.64588e+06
71 5.19036e+06
49 4.36626e+06
74 5.59029e+06
107 7.85332e+06
83 5.90041e+06
173 2.13852e+07
53 4.65553e+06
41 4.27724e+06
59 4.86119e+06
99 7.37747e+06
56 4.81289e+06
37 4.0042e+06
95 7.16932e+06
94 7.11567e+06
91 6.63064e+06
92 7.0285e+06
52 4.54728e+06
90 6.3699e+06
73 5.57532e+06
105 7.78097e+06
102 7.47077e+06
73 5.57532e+06
142 1.56573e+07
121 1.05869e+07
Thế hệ thứ: 44
163 1.70526e+07
87 6.3677e+06
25 3.63357e+06
200 2.79328e+07
199 2.67019e+07
193 2.59492e+07
129 1.26255e+07
168 1.94101e+07
114 8.16602e+06
188 2.4116e+07
139 1.32918e+07
116 9.03691e+06
141 1.55002e+07
177 2.16247e+07
171 2.09231e+07
179 2.32656e+07
153 1.63757e+07
124 1.16846e+07
39 4.26161e+06
85 6.28305e+06
149 1.58464e+07
118 1.0458e+07
123 1.094e+07
183 2.34256e+07
161 1.68104e+07
35 3.83558e+06
63 5.13808e+06
103 7.64588e+06
71 5.19036e+06
49 4.36626e+06
74 5.59029e+06
107 7.85332e+06
173 2.13852e+07
53 4.65553e+06
41 4.27724e+06
142 1.56573e+07
59 4.86119e+06
99 7.37747e+06
121 1.05869e+07
56 4.81289e+06
37 4.0042e+06
95 7.16932e+06
91 6.63064e+06
92 7.0285e+06
52 4.54728e+06
102 7.47077e+06
90 6.3699e+06
105 7.78097e+06
73 5.57532e+06
50 4.4721e+06
83 5.86729e+06
Thế hệ thứ: 45
163 1.70526e+07
200 2.79328e+07
87 6.3677e+06
25 3.63357e+06
199 2.67019e+07
193 2.59492e+07
129 1.26255e+07
168 1.94101e+07
114 8.16602e+06
188 2.4116e+07
139 1.32918e+07
116 9.03691e+06
141 1.55002e+07
177 2.16247e+07
171 2.09231e+07
179 2.32656e+07
153 1.63757e+07
124 1.16846e+07
39 4.26161e+06
85 6.28305e+06
149 1.58464e+07
118 1.0458e+07
107 7.85332e+06
83 5.86729e+06
123 1.094e+07
183 2.34256e+07
161 1.68104e+07
35 3.83558e+06
63 5.13808e+06
103 7.64588e+06
71 5.19036e+06
74 5.59029e+06
173 2.13852e+07
53 4.65553e+06
41 4.27724e+06
142 1.56573e+07
49 4.36626e+06
95 7.16932e+06
59 4.86119e+06
99 7.37747e+06
121 1.05869e+07
92 7.0285e+06
56 4.81289e+06
37 4.0042e+06
91 6.63064e+06
102 7.47077e+06
73 5.57532e+06
105 7.78097e+06
52 4.54728e+06
90 6.36966e+06
Thế hệ thứ: 46
163 1.70526e+07
87 6.3677e+06
25 3.63357e+06
200 2.79328e+07
199 2.67019e+07
193 2.59492e+07
129 1.26255e+07
168 1.94101e+07
114 8.16602e+06
188 2.4116e+07
139 1.32918e+07
116 9.03691e+06
141 1.55002e+07
177 2.16247e+07
171 2.09231e+07
179 2.32656e+07
153 1.63757e+07
124 1.16846e+07
85 6.28305e+06
149 1.58464e+07
118 1.0458e+07
107 7.85332e+06
83 5.86729e+06
123 1.094e+07
183 2.34256e+07
161 1.68104e+07
90 6.36966e+06
35 3.83558e+06
103 7.64588e+06
71 5.19036e+06
49 4.36626e+06
74 5.59029e+06
173 2.13852e+07
53 4.65553e+06
41 4.27724e+06
142 1.56573e+07
95 7.16932e+06
59 4.86119e+06
99 7.37747e+06
121 1.05869e+07
92 7.0285e+06
56 4.81289e+06
37 4.0042e+06
91 6.63064e+06
52 4.54728e+06
102 7.47077e+06
73 5.57532e+06
105 7.78097e+06
70 5.09784e+06
40 4.08551e+06
Thế hệ thứ: 47
163 1.70526e+07
200 2.79328e+07
87 6.3677e+06
25 3.63357e+06
199 2.67019e+07
193 2.59492e+07
129 1.26255e+07
168 1.94101e+07
114 8.16602e+06
188 2.4116e+07
139 1.32918e+07
116 9.03691e+06
141 1.55002e+07
177 2.16247e+07
171 2.09231e+07
179 2.32656e+07
153 1.63757e+07
85 6.28305e+06
149 1.58464e+07
124 1.16846e+07
118 1.0458e+07
59 4.86119e+06
107 7.85332e+06
83 5.86729e+06
123 1.094e+07
183 2.34256e+07
161 1.68104e+07
90 6.36966e+06
35 3.83558e+06
70 5.09784e+06
49 4.36626e+06
74 5.59029e+06
173 2.13852e+07
53 4.65553e+06
41 4.27724e+06
142 1.56573e+07
95 7.16932e+06
99 7.37747e+06
121 1.05869e+07
92 7.0285e+06
56 4.81289e+06
37 4.0042e+06
91 6.63064e+06
71 5.19036e+06
52 4.54728e+06
40 4.08551e+06
102 7.47077e+06
73 5.57532e+06
105 7.78097e+06
103 7.64588e+06
36 4.00381e+06
Thế hệ thứ: 48
163 1.70526e+07
200 2.79328e+07
87 6.3677e+06
25 3.63357e+06
199 2.67019e+07
193 2.59492e+07
129 1.26255e+07
168 1.94101e+07
114 8.16602e+06
188 2.4116e+07
139 1.32918e+07
116 9.03691e+06
141 1.55002e+07
177 2.16247e+07
171 2.09231e+07
179 2.32656e+07
153 1.63757e+07
85 6.28305e+06
149 1.58464e+07
124 1.16846e+07
118 1.0458e+07
115 8.65182e+06
59 4.86119e+06
83 5.86729e+06
107 7.85332e+06
123 1.094e+07
183 2.34256e+07
161 1.68104e+07
70 5.09784e+06
90 6.36966e+06
35 3.83558e+06
49 4.36626e+06
74 5.59029e+06
173 2.13852e+07
53 4.65553e+06
41 4.27724e+06
142 1.56573e+07
95 7.16932e+06
99 7.37747e+06
121 1.05869e+07
92 7.0285e+06
56 4.81289e+06
91 6.63064e+06
71 5.19036e+06
52 4.54728e+06
40 4.08551e+06
102 7.47077e+06
73 5.57532e+06
105 7.78097e+06
103 7.64588e+06
37 4.0042e+06
122 1.06712e+07
Thế hệ thứ: 49
163 1.70526e+07
87 6.3677e+06
25 3.63357e+06
200 2.79328e+07
199 2.67019e+07
193 2.59492e+07
129 1.26255e+07
168 1.94101e+07
114 8.16602e+06
188 2.4116e+07
139 1.32918e+07
141 1.55002e+07
177 2.16247e+07
171 2.09231e+07
179 2.32656e+07
153 1.63757e+07
149 1.58464e+07
124 1.16846e+07
118 1.0458e+07
115 8.65182e+06
59 4.86119e+06
116 9.03691e+06
107 7.85332e+06
83 5.86729e+06
123 1.094e+07
183 2.34256e+07
161 1.68104e+07
90 6.36966e+06
35 3.83558e+06
70 5.09784e+06
49 4.36626e+06
74 5.59029e+06
173 2.13852e+07
53 4.65553e+06
41 4.27724e+06
142 1.56573e+07
99 7.37747e+06
56 4.81289e+06
37 4.0042e+06
91 6.63064e+06
71 5.19036e+06
52 4.54728e+06
102 7.47077e+06
73 5.57532e+06
121 1.05869e+07
105 7.78097e+06
85 6.211e+06
95 6.90014e+06
94 6.8069e+06
40 4.06693e+06

