Thế hệ thứ: 0
48 6.35087e+06
44 4.64881e+06
40 3.70052e+06
49 6.9872e+06
41 4.17253e+06
50 7.42614e+06
46 5.67946e+06
45 5.54566e+06
Thế hệ thứ: 1
46 5.67946e+06
44 4.64881e+06
40 3.70052e+06
45 5.54566e+06
41 4.17253e+06
49 5.91154e+06
50 6.81905e+06
47 5.80915e+06
Thế hệ thứ: 2
45 4.25002e+06
38 3.49717e+06
40 3.70052e+06
49 5.91154e+06
41 3.79321e+06
50 6.14829e+06
47 5.52469e+06
Thế hệ thứ: 3
40 3.70052e+06
38 3.49717e+06
50 6.14829e+06
45 4.25002e+06
47 5.52469e+06
49 5.91154e+06
41 3.79321e+06
48 5.74496e+06
27 3.10507e+06
24 2.63762e+06
Thế hệ thứ: 4
38 3.49717e+06
40 3.70052e+06
50 6.14829e+06
45 4.25002e+06
41 3.79321e+06
24 2.63762e+06
49 5.40911e+06
33 3.0776e+06
Thế hệ thứ: 5
40 3.70052e+06
50 6.14829e+06
49 5.40911e+06
45 4.25002e+06
41 3.79321e+06
33 3.0776e+06
24 2.63762e+06
26 2.87496e+06
34 3.35139e+06
38 3.43574e+06
Thế hệ thứ: 6
40 3.70052e+06
49 5.40911e+06
41 3.79321e+06
33 3.0776e+06
26 2.87496e+06
45 4.25002e+06
38 3.43574e+06
25 2.58819e+06
34 3.10819e+06
35 3.42578e+06
50 5.9381e+06
Thế hệ thứ: 7
26 2.87496e+06
41 3.79321e+06
38 3.43574e+06
40 3.70052e+06
25 2.58819e+06
45 4.25002e+06
49 4.75621e+06
48 4.74059e+06
35 3.0392e+06
50 5.51336e+06
Thế hệ thứ: 8
41 3.79321e+06
26 2.87496e+06
38 3.43574e+06
35 3.0392e+06
40 3.70052e+06
25 2.58819e+06
50 5.51336e+06
45 4.25002e+06
34 3.03155e+06
49 4.43166e+06
Thế hệ thứ: 9
45 4.25002e+06
38 3.43574e+06
41 3.79321e+06
34 3.03155e+06
49 4.43166e+06
25 2.58819e+06
40 3.70052e+06
35 3.0392e+06
50 5.51336e+06
27 2.85498e+06
Thế hệ thứ: 10
25 2.58819e+06
27 2.85498e+06
45 4.25002e+06
40 3.70052e+06
41 3.79321e+06
38 3.43574e+06
34 3.03155e+06
35 3.0392e+06
49 4.43166e+06
50 5.51336e+06
43 4.04932e+06
26 2.76138e+06
Thế hệ thứ: 11
38 3.43574e+06
41 3.79321e+06
25 2.58819e+06
45 4.25002e+06
40 3.70052e+06
26 2.76138e+06
34 3.03155e+06
35 3.0392e+06
49 4.43166e+06
50 5.51336e+06
43 4.04932e+06
42 3.93283e+06
27 2.7703e+06
Thế hệ thứ: 12
42 3.93283e+06
45 4.25002e+06
41 3.79321e+06
38 3.43574e+06
25 2.58819e+06
40 3.70052e+06
26 2.76138e+06
34 3.03155e+06
35 3.0392e+06
49 4.43166e+06
50 5.51336e+06
43 4.04932e+06
43 4.04932e+06
27 2.7703e+06
48 4.42076e+06
Thế hệ thứ: 13
45 4.25002e+06
42 3.82618e+06
38 3.43574e+06
41 3.79321e+06
25 2.58819e+06
40 3.70052e+06
43 3.96354e+06
26 2.76138e+06
34 3.03155e+06
35 3.0392e+06
49 4.43166e+06
50 5.51336e+06
48 4.42076e+06
27 2.7703e+06
Thế hệ thứ: 14
27 2.7703e+06
45 4.25002e+06
41 3.79321e+06
42 3.82618e+06
25 2.58819e+06
40 3.70052e+06
26 2.76138e+06
34 3.03155e+06
35 3.0392e+06
49 4.43166e+06
50 5.51336e+06
43 3.92226e+06
48 4.41943e+06
38 3.38304e+06
Thế hệ thứ: 15
27 2.7703e+06
45 4.25002e+06
38 3.38304e+06
42 3.82618e+06
41 3.79321e+06
25 2.58819e+06
40 3.70052e+06
26 2.76138e+06
34 3.03155e+06
35 3.0392e+06
48 4.41943e+06
49 4.43166e+06
50 5.51336e+06
43 3.92226e+06
44 3.96584e+06
37 3.3723e+06
Thế hệ thứ: 16
27 2.7703e+06
48 4.41943e+06
40 3.70052e+06
43 3.92226e+06
45 4.25002e+06
26 2.76138e+06
38 3.38304e+06
49 4.43166e+06
34 3.03155e+06
35 3.0392e+06
42 3.82618e+06
37 3.3723e+06
41 3.79321e+06
25 2.58819e+06
44 3.96584e+06
31 2.94943e+06
50 5.42973e+06
Thế hệ thứ: 17
27 2.7703e+06
34 3.03155e+06
49 4.43166e+06
48 4.41943e+06
35 3.0392e+06
42 3.82618e+06
37 3.3723e+06
43 3.92226e+06
25 2.58819e+06
45 4.25002e+06
26 2.76138e+06
44 3.96584e+06
50 5.42973e+06
31 2.94943e+06
38 3.38304e+06
41 3.57621e+06
Thế hệ thứ: 18
26 2.76138e+06
35 3.0392e+06
50 5.42973e+06
27 2.7703e+06
44 3.96584e+06
49 4.43166e+06
34 3.03155e+06
37 3.3723e+06
41 3.57621e+06
43 3.92226e+06
48 4.41943e+06
38 3.38304e+06
45 4.25002e+06
42 3.82618e+06
31 2.94943e+06
25 2.58819e+06
Thế hệ thứ: 19
35 3.0392e+06
26 2.76138e+06
41 3.57621e+06
48 4.41943e+06
31 2.94943e+06
43 3.92226e+06
25 2.58819e+06
50 5.42973e+06
38 3.38304e+06
27 2.7703e+06
44 3.96584e+06
45 4.25002e+06
34 3.03155e+06
42 3.82618e+06
37 3.3723e+06
49 4.43113e+06
46 4.29066e+06
Thế hệ thứ: 20
26 2.76138e+06
35 3.0392e+06
25 2.58819e+06
43 3.92226e+06
48 4.41943e+06
31 2.94943e+06
41 3.57621e+06
50 5.42973e+06
46 4.29066e+06
42 3.6513e+06
38 3.38304e+06
27 2.7703e+06
44 3.96584e+06
49 4.43113e+06
45 4.25002e+06
34 3.03155e+06
37 3.3723e+06
24 2.54867e+06
33 3.02824e+06
Thế hệ thứ: 21
44 3.96584e+06
35 3.0392e+06
26 2.76138e+06
42 3.6513e+06
43 3.92226e+06
25 2.58819e+06
27 2.7703e+06
33 3.02824e+06
49 4.43113e+06
48 4.41943e+06
31 2.94943e+06
45 4.25002e+06
41 3.57621e+06
34 3.03155e+06
50 5.42973e+06
24 2.54867e+06
46 4.29066e+06
37 3.09321e+06
38 3.38049e+06
Thế hệ thứ: 22
34 3.03155e+06
44 3.96584e+06
26 2.76138e+06
38 3.38049e+06
33 3.02824e+06
35 3.0392e+06
49 4.43113e+06
24 2.54867e+06
50 5.42973e+06
42 3.6513e+06
42 3.6513e+06
48 4.41943e+06
46 4.29066e+06
43 3.92226e+06
31 2.94943e+06
25 2.58819e+06
37 3.09321e+06
27 2.7703e+06
45 4.25002e+06
41 3.57621e+06
Thế hệ thứ: 23
44 3.96584e+06
34 3.03155e+06
35 3.0392e+06
33 3.02824e+06
26 2.76138e+06
38 3.28327e+06
43 3.92226e+06
31 2.94943e+06
49 4.43113e+06
41 3.57621e+06
50 5.42973e+06
25 2.58819e+06
37 3.09321e+06
27 2.7703e+06
42 3.6513e+06
42 3.6513e+06
46 4.16891e+06
39 3.53506e+06
45 4.12688e+06
48 4.36565e+06
24 2.54185e+06
Thế hệ thứ: 24
34 3.03155e+06
44 3.96584e+06
33 3.02824e+06
35 3.0392e+06
25 2.58819e+06
45 3.98793e+06
24 2.54185e+06
49 4.43113e+06
37 3.09321e+06
27 2.7703e+06
26 2.76138e+06
41 3.57462e+06
48 4.36565e+06
38 3.28327e+06
39 3.53506e+06
42 3.6513e+06
42 3.6513e+06
43 3.92226e+06
50 5.42973e+06
46 4.16891e+06
31 2.94943e+06
Thế hệ thứ: 25
44 3.96584e+06
34 3.03155e+06
41 3.57462e+06
39 3.53506e+06
35 3.0392e+06
33 3.02824e+06
50 5.42973e+06
48 4.36565e+06
45 3.98793e+06
24 2.54185e+06
25 2.58819e+06
49 4.43113e+06
37 3.09321e+06
42 3.6513e+06
42 3.6513e+06
27 2.7703e+06
26 2.76138e+06
38 3.28327e+06
31 2.94943e+06
46 4.1264e+06
43 3.72801e+06
40 3.55579e+06
Thế hệ thứ: 26
34 3.03155e+06
44 3.96584e+06
41 3.57462e+06
39 3.53506e+06
42 3.6513e+06
42 3.6513e+06
27 2.7703e+06
35 3.0392e+06
33 3.02824e+06
50 5.42973e+06
48 4.36565e+06
43 3.72801e+06
25 2.58819e+06
45 3.98793e+06
24 2.54185e+06
49 4.43113e+06
46 4.1264e+06
37 3.09321e+06
38 3.28327e+06
26 2.76138e+06
40 3.55579e+06
31 2.94943e+06
Thế hệ thứ: 27
34 3.03155e+06
25 2.58819e+06
24 2.54185e+06
45 3.98793e+06
49 4.43113e+06
41 3.57462e+06
39 3.53506e+06
42 3.6513e+06
42 3.6513e+06
46 4.1264e+06
37 3.09321e+06
38 3.28327e+06
27 2.7703e+06
26 2.76138e+06
35 3.0392e+06
31 2.94943e+06
40 3.55579e+06
33 3.02824e+06
50 5.42973e+06
48 4.36565e+06
43 3.72801e+06
44 3.90232e+06
Thế hệ thứ: 28
37 3.09321e+06
34 3.03155e+06
25 2.58819e+06
45 3.98793e+06
24 2.54185e+06
49 4.43113e+06
38 3.28327e+06
27 2.7703e+06
50 5.42973e+06
26 2.76138e+06
43 3.72801e+06
33 2.85501e+06
35 3.0392e+06
44 3.90232e+06
46 4.1264e+06
48 4.30705e+06
47 4.20718e+06
42 3.37385e+06
Thế hệ thứ: 29
37 3.09321e+06
24 2.54185e+06
25 2.58819e+06
47 4.20718e+06
35 3.0392e+06
33 2.85501e+06
44 3.90232e+06
42 3.37385e+06
48 4.30705e+06
38 3.28327e+06
43 3.72801e+06
27 2.7703e+06
50 5.42973e+06
26 2.76138e+06
46 3.92977e+06
34 3.02862e+06
49 4.41861e+06
Thế hệ thứ: 30
49 4.41861e+06
37 3.09321e+06
48 4.30705e+06
26 2.76138e+06
42 3.37385e+06
47 4.20718e+06
24 2.54185e+06
33 2.85501e+06
35 3.0392e+06
34 3.02862e+06
27 2.7703e+06
38 3.28327e+06
44 3.90232e+06
43 3.72801e+06
46 3.92977e+06
50 5.42973e+06
25 2.56875e+06
Thế hệ thứ: 31
37 3.09321e+06
49 4.41861e+06
26 2.76138e+06
48 4.30705e+06
42 3.37385e+06
50 5.42973e+06
27 2.7703e+06
38 3.28327e+06
44 3.90232e+06
47 4.20718e+06
24 2.54185e+06
46 3.92977e+06
43 3.72801e+06
35 3.0392e+06
33 2.85501e+06
25 2.56875e+06
34 3.02862e+06
Thế hệ thứ: 32
49 4.41861e+06
49 4.41861e+06
37 3.09321e+06
48 4.30705e+06
26 2.76138e+06
35 3.0392e+06
33 2.85501e+06
50 5.42973e+06
42 3.37385e+06
27 2.7703e+06
38 3.28327e+06
25 2.56875e+06
44 3.90232e+06
46 3.92977e+06
34 3.02862e+06
43 3.72801e+06
47 4.20718e+06
24 2.54185e+06
28 2.82154e+06
Thế hệ thứ: 33
37 3.09321e+06
49 4.41861e+06
49 4.41861e+06
33 2.85501e+06
35 3.0392e+06
26 2.76138e+06
48 4.30705e+06
34 3.02862e+06
43 3.72801e+06
50 5.42973e+06
42 3.37385e+06
27 2.7703e+06
38 3.28327e+06
25 2.56875e+06
46 3.92977e+06
47 4.20718e+06
24 2.54185e+06
28 2.82154e+06
44 3.78191e+06
Thế hệ thứ: 34
49 4.41861e+06
49 4.41861e+06
37 3.09321e+06
33 2.85501e+06
35 3.0392e+06
28 2.82154e+06
24 2.54185e+06
27 2.7703e+06
26 2.76138e+06
48 4.30705e+06
34 3.02862e+06
43 3.72801e+06
50 5.42973e+06
42 3.37385e+06
44 3.78191e+06
25 2.56875e+06
38 3.25298e+06
47 4.20718e+06
46 3.92977e+06
41 3.34474e+06
Thế hệ thứ: 35
37 3.09321e+06
49 4.41861e+06
49 4.41861e+06
28 2.82154e+06
33 2.85501e+06
35 3.0392e+06
42 3.37385e+06
44 3.55697e+06
46 3.92977e+06
24 2.54185e+06
25 2.56875e+06
38 3.25298e+06
27 2.7703e+06
47 4.20718e+06
26 2.76138e+06
48 4.30705e+06
34 3.02862e+06
41 3.34474e+06
50 5.42973e+06
Thế hệ thứ: 36
46 3.92977e+06
44 3.55697e+06
49 4.41861e+06
49 4.41861e+06
37 3.09321e+06
38 3.25298e+06
25 2.56875e+06
47 4.20718e+06
35 3.0392e+06
33 2.85501e+06
28 2.82154e+06
42 3.37385e+06
27 2.7703e+06
24 2.54185e+06
26 2.76138e+06
48 4.30705e+06
34 3.02862e+06
41 3.34474e+06
50 5.42973e+06
Thế hệ thứ: 37
33 2.85501e+06
35 3.0392e+06
46 3.92977e+06
44 3.55697e+06
37 3.09321e+06
49 4.41861e+06
49 4.41861e+06
25 2.56875e+06
38 3.25298e+06
41 3.34474e+06
50 5.42973e+06
47 4.20718e+06
34 3.02862e+06
26 2.76138e+06
28 2.82154e+06
42 3.37385e+06
27 2.7703e+06
48 4.30705e+06
24 2.54185e+06
Thế hệ thứ: 38
33 2.85501e+06
35 3.0392e+06
46 3.92977e+06
44 3.55697e+06
49 4.41861e+06
49 4.41861e+06
37 3.09321e+06
25 2.56875e+06
41 3.34474e+06
26 2.76138e+06
50 5.42973e+06
28 2.82154e+06
42 3.37385e+06
47 4.20718e+06
27 2.7703e+06
48 4.30705e+06
24 2.54185e+06
38 3.23669e+06
34 2.99737e+06
40 3.31307e+06
Thế hệ thứ: 39
49 4.41861e+06
49 4.41861e+06
33 2.85501e+06
35 3.0392e+06
46 3.92977e+06
44 3.55697e+06
42 3.37385e+06
38 3.23669e+06
34 2.99737e+06
37 3.09321e+06
25 2.56875e+06
48 4.30705e+06
47 4.20718e+06
41 3.34474e+06
40 3.31307e+06
27 2.7703e+06
26 2.76138e+06
50 5.42973e+06
28 2.82154e+06
36 3.04816e+06
24 2.50928e+06
Thế hệ thứ: 40
49 4.41861e+06
49 4.41861e+06
33 2.85501e+06
47 4.20718e+06
44 3.55697e+06
42 3.37385e+06
38 3.23669e+06
41 3.34474e+06
27 2.7703e+06
40 3.31307e+06
34 2.99737e+06
37 3.09321e+06
25 2.56875e+06
28 2.82154e+06
24 2.50928e+06
26 2.76138e+06
48 4.30705e+06
50 5.42973e+06
36 3.04816e+06
46 3.92659e+06
35 3.03014e+06
Thế hệ thứ: 41
49 4.41861e+06
49 4.41861e+06
48 4.30705e+06
33 2.85501e+06
50 5.42973e+06
47 4.20718e+06
36 3.04816e+06
44 3.55697e+06
42 3.37385e+06
38 3.23669e+06
41 3.34474e+06
26 2.76138e+06
24 2.50928e+06
40 3.31307e+06
27 2.7703e+06
35 3.03014e+06
46 3.92659e+06
34 2.99737e+06
37 3.09321e+06
25 2.56875e+06
29 2.80171e+06
Thế hệ thứ: 42
40 3.31307e+06
49 4.41861e+06
49 4.41861e+06
33 2.85501e+06
48 4.30705e+06
24 2.50928e+06
29 2.80171e+06
35 3.03014e+06
50 5.42973e+06
46 3.92659e+06
36 3.04816e+06
34 2.99737e+06
42 3.37385e+06
37 3.09321e+06
38 3.23669e+06
41 3.34474e+06
25 2.56875e+06
27 2.68267e+06
47 4.1664e+06
44 3.5523e+06
Thế hệ thứ: 43
40 3.31307e+06
50 5.42973e+06
44 3.5523e+06
49 4.41861e+06
49 4.41861e+06
25 2.56875e+06
48 4.30705e+06
33 2.85501e+06
34 2.99737e+06
24 2.50928e+06
35 3.03014e+06
29 2.80171e+06
42 3.36801e+06
27 2.68267e+06
46 3.92659e+06
41 3.34474e+06
37 3.09321e+06
36 3.04816e+06
38 3.23669e+06
47 4.1664e+06
45 3.90981e+06
Thế hệ thứ: 44
37 3.09321e+06
49 4.41861e+06
49 4.41861e+06
35 3.03014e+06
29 2.80171e+06
46 3.92659e+06
50 5.42973e+06
40 3.31307e+06
41 3.34474e+06
36 3.04816e+06
44 3.5523e+06
24 2.50928e+06
27 2.68267e+06
42 3.36801e+06
25 2.56875e+06
38 3.23669e+06
48 4.30705e+06
33 2.85501e+06
45 3.90981e+06
47 4.1664e+06
34 2.99737e+06
Thế hệ thứ: 45
49 4.41861e+06
49 4.41861e+06
37 3.09321e+06
46 3.92659e+06
35 3.03014e+06
29 2.80171e+06
38 3.23669e+06
48 4.30705e+06
47 4.1664e+06
42 3.36801e+06
27 2.68267e+06
40 3.31307e+06
41 3.34474e+06
36 3.04816e+06
25 2.56875e+06
34 2.99737e+06
33 2.85501e+06
44 3.5523e+06
24 2.50928e+06
45 3.90981e+06
50 5.40458e+06
43 3.54604e+06
Thế hệ thứ: 46
37 3.09321e+06
49 4.41861e+06
49 4.41861e+06
25 2.56875e+06
35 3.03014e+06
46 3.92659e+06
45 3.90981e+06
50 5.40458e+06
38 3.23669e+06
34 2.99737e+06
44 3.5523e+06
43 3.54604e+06
42 3.36801e+06
33 2.85501e+06
24 2.50928e+06
40 3.31307e+06
41 3.34474e+06
36 3.04816e+06
32 2.64347e+06
48 4.03223e+06
47 3.94954e+06
Thế hệ thứ: 47
49 4.41861e+06
49 4.41861e+06
49 4.41861e+06
37 3.09321e+06
36 3.04816e+06
25 2.56875e+06
32 2.64347e+06
44 3.5523e+06
35 3.03014e+06
42 3.36801e+06
46 3.92659e+06
50 5.40458e+06
45 3.90981e+06
43 3.54604e+06
38 3.23669e+06
33 2.85501e+06
24 2.50928e+06
40 3.31307e+06
34 2.99737e+06
41 3.34474e+06
47 3.94954e+06
48 4.03223e+06
Thế hệ thứ: 48
37 3.09321e+06
25 2.56875e+06
36 3.04816e+06
38 3.23669e+06
33 2.85501e+06
32 2.64347e+06
24 2.50928e+06
44 3.5523e+06
43 3.54604e+06
40 3.31307e+06
35 3.03014e+06
34 2.99737e+06
41 3.34474e+06
47 3.94954e+06
42 3.36801e+06
48 4.03223e+06
46 3.92659e+06
45 3.90981e+06
50 5.40458e+06
49 4.11861e+06
Thế hệ thứ: 49
37 3.09321e+06
42 3.36801e+06
40 3.31307e+06
35 3.03014e+06
50 5.40458e+06
36 3.04816e+06
25 2.56875e+06
38 3.23669e+06
48 4.03223e+06
34 2.99737e+06
33 2.85501e+06
32 2.64347e+06
41 3.34474e+06
47 3.94954e+06
49 4.11861e+06
24 2.50928e+06
46 3.92659e+06
44 3.5523e+06
43 3.54604e+06
45 3.78949e+06
