Thế hệ thứ: 0
12 2.233e+06
14 2.32904e+06
19 3.88925e+06
15 2.35968e+06
17 2.73121e+06
18 2.74995e+06
16 2.55455e+06
20 4.11083e+06
Thế hệ thứ: 1
12 2.233e+06
20 4.11083e+06
19 3.88925e+06
15 2.35968e+06
14 2.32904e+06
16 2.43184e+06
18 2.54118e+06
Thế hệ thứ: 2
15 2.35968e+06
12 2.233e+06
16 2.43184e+06
14 2.32904e+06
18 2.54118e+06
20 3.84241e+06
19 2.83033e+06
Thế hệ thứ: 3
20 3.84241e+06
18 2.54118e+06
19 2.57781e+06
16 2.20028e+06
Thế hệ thứ: 4
16 2.20028e+06
20 2.84798e+06
18 2.39686e+06
19 2.57781e+06
Thế hệ thứ: 5
16 2.20028e+06
20 2.84798e+06
20 2.84798e+06
19 2.57781e+06
18 2.39686e+06
17 2.36422e+06
Thế hệ thứ: 6
16 2.20028e+06
20 2.84798e+06
20 2.84798e+06
19 2.57781e+06
17 2.36422e+06
18 2.39686e+06
Thế hệ thứ: 7
16 2.20028e+06
20 2.84798e+06
20 2.84798e+06
19 2.57781e+06
18 2.39686e+06
14 2.17148e+06
17 2.34726e+06
Thế hệ thứ: 8
16 2.20028e+06
20 2.84798e+06
20 2.84798e+06
19 2.57781e+06
18 2.39686e+06
14 2.17148e+06
17 2.34726e+06
Thế hệ thứ: 9
16 2.20028e+06
20 2.84798e+06
20 2.84798e+06
19 2.57781e+06
18 2.39686e+06
14 2.17148e+06
17 2.34726e+06
Thế hệ thứ: 10
16 2.20028e+06
20 2.84798e+06
20 2.84798e+06
19 2.57781e+06
18 2.39686e+06
17 2.34726e+06
14 2.05697e+06
Thế hệ thứ: 11
14 2.05697e+06
16 2.20028e+06
17 2.33281e+06
20 2.84798e+06
20 2.84798e+06
19 2.57781e+06
18 2.39686e+06
Thế hệ thứ: 12
20 2.84798e+06
17 2.33281e+06
20 2.84798e+06
16 2.20028e+06
14 2.05697e+06
19 2.57781e+06
18 2.35801e+06
Thế hệ thứ: 13
14 2.05697e+06
16 2.20028e+06
19 2.57781e+06
18 2.35801e+06
17 2.30178e+06
20 2.81906e+06
Thế hệ thứ: 14
18 2.35801e+06
17 2.30178e+06
20 2.81906e+06
16 2.20028e+06
14 2.05697e+06
19 2.57781e+06
Thế hệ thứ: 15
14 2.05697e+06
20 2.81906e+06
16 2.20028e+06
18 2.35801e+06
17 2.30178e+06
19 2.57781e+06
13 2.0514e+06
Thế hệ thứ: 16
20 2.81906e+06
14 2.05697e+06
13 2.0514e+06
18 2.35801e+06
19 2.56021e+06
17 2.17127e+06
Thế hệ thứ: 17
13 2.0514e+06
18 2.35801e+06
14 2.05697e+06
20 2.81906e+06
17 2.17127e+06
19 2.56021e+06
Thế hệ thứ: 18
20 2.81906e+06
14 2.05697e+06
18 2.35801e+06
13 2.0514e+06
17 2.17127e+06
19 2.56021e+06
Thế hệ thứ: 19
14 2.05697e+06
20 2.81906e+06
18 2.35801e+06
17 2.17127e+06
19 2.56021e+06
13 2.02385e+06
Thế hệ thứ: 20
18 2.35801e+06
19 2.56021e+06
13 2.02385e+06
20 2.81906e+06
14 2.05697e+06
17 2.17127e+06
Thế hệ thứ: 21
18 2.35801e+06
13 2.02385e+06
19 2.56021e+06
14 2.05697e+06
20 2.81906e+06
17 2.17127e+06
Thế hệ thứ: 22
18 2.35801e+06
19 2.56021e+06
13 2.02385e+06
20 2.81906e+06
14 2.05697e+06
16 2.15428e+06
17 2.17127e+06
Thế hệ thứ: 23
14 2.05697e+06
20 2.81906e+06
20 2.81906e+06
18 2.35801e+06
13 2.02385e+06
19 2.56021e+06
17 2.17127e+06
16 2.1541e+06
Thế hệ thứ: 24
17 2.17127e+06
20 2.81906e+06
20 2.81906e+06
14 2.05697e+06
18 2.35801e+06
19 2.56021e+06
13 2.02385e+06
16 2.1541e+06
Thế hệ thứ: 25
18 2.35801e+06
17 2.17127e+06
14 2.05697e+06
20 2.81906e+06
20 2.81906e+06
13 2.02385e+06
19 2.56021e+06
16 2.1541e+06
Thế hệ thứ: 26
18 2.35801e+06
17 2.17127e+06
20 2.81906e+06
20 2.81906e+06
14 2.05697e+06
19 2.56021e+06
13 2.02385e+06
16 2.1541e+06
Thế hệ thứ: 27
18 2.35801e+06
17 2.17127e+06
14 2.05697e+06
20 2.81906e+06
20 2.81906e+06
13 2.02385e+06
19 2.56021e+06
16 2.1541e+06
15 2.13099e+06
Thế hệ thứ: 28
18 2.35801e+06
17 2.17127e+06
20 2.81906e+06
20 2.81906e+06
14 2.04327e+06
19 2.56021e+06
13 2.02385e+06
16 2.1541e+06
15 2.13099e+06
Thế hệ thứ: 29
18 2.35801e+06
16 2.1541e+06
15 2.13099e+06
17 2.17127e+06
14 2.04327e+06
20 2.81906e+06
20 2.81906e+06
13 2.02385e+06
19 2.56021e+06
