Thế hệ thứ: 0
46 2.06438e+07
48 2.11397e+07
56 2.22e+07
54 2.14597e+07
49 2.13099e+07
40 2.03178e+07
65 2.53361e+07
63 2.3623e+07
115 4.10814e+07
64 2.51107e+07
39 2.01084e+07
114 4.00371e+07
113 3.58153e+07
99 3.05341e+07
124 4.20396e+07
107 3.23067e+07
103 3.15305e+07
112 3.44324e+07
Thế hệ thứ: 1
124 4.20396e+07
39 2.01084e+07
99 3.05341e+07
65 2.53361e+07
49 2.13099e+07
103 3.15305e+07
112 3.44324e+07
63 2.3623e+07
56 2.22e+07
46 2.06438e+07
54 2.14597e+07
40 2.03178e+07
64 2.51107e+07
48 2.11397e+07
113 3.55754e+07
109 3.20273e+07
118 3.71094e+07
87 2.89812e+07
92 3.00732e+07
120 3.84443e+07
Thế hệ thứ: 2
39 2.01084e+07
109 3.20273e+07
87 2.89812e+07
65 2.53361e+07
118 3.71094e+07
63 2.3623e+07
120 3.84443e+07
92 3.00732e+07
112 3.44324e+07
56 2.22e+07
99 3.05341e+07
113 3.55754e+07
103 3.15305e+07
46 2.06438e+07
54 2.14597e+07
40 2.03178e+07
64 2.51107e+07
49 2.13099e+07
48 2.11397e+07
134 4.24737e+07
78 2.88707e+07
126 3.8506e+07
Thế hệ thứ: 3
39 2.01084e+07
109 3.20273e+07
134 4.24737e+07
78 2.88707e+07
126 3.8506e+07
65 2.53361e+07
118 3.71094e+07
63 2.3623e+07
87 2.89812e+07
112 3.44324e+07
56 2.22e+07
103 3.15305e+07
46 2.06438e+07
54 2.14597e+07
64 2.51107e+07
40 2.03178e+07
49 2.13099e+07
48 2.11397e+07
102 3.0111e+07
124 3.78828e+07
129 4.07664e+07
96 3.00679e+07
117 3.46953e+07
Thế hệ thứ: 4
39 2.01084e+07
109 3.20273e+07
87 2.89812e+07
134 4.24737e+07
78 2.88707e+07
65 2.53361e+07
129 4.07664e+07
63 2.3623e+07
96 3.00679e+07
112 3.44324e+07
137 4.68343e+07
56 2.22e+07
117 3.46953e+07
126 3.8506e+07
103 3.15305e+07
124 3.78828e+07
102 3.0111e+07
46 2.06438e+07
74 2.6889e+07
54 2.14597e+07
64 2.51107e+07
40 2.03178e+07
49 2.13099e+07
48 2.11397e+07
136 4.66951e+07
118 3.53873e+07
128 4.06106e+07
139 5.03545e+07
Thế hệ thứ: 5
139 5.03545e+07
39 2.01084e+07
109 3.20273e+07
87 2.89812e+07
134 4.24737e+07
74 2.6889e+07
54 2.14597e+07
78 2.88707e+07
124 3.78828e+07
63 2.3623e+07
132 4.22873e+07
118 3.53873e+07
136 4.66951e+07
112 3.44324e+07
56 2.22e+07
137 4.68343e+07
65 2.53361e+07
103 3.15305e+07
126 3.8506e+07
129 4.07664e+07
102 3.0111e+07
46 2.06438e+07
128 4.06106e+07
117 3.46953e+07
40 2.03178e+07
64 2.51107e+07
49 2.13099e+07
48 2.11397e+07
138 4.72513e+07
141 5.08818e+07
98 2.94022e+07
Thế hệ thứ: 6
141 5.08818e+07
39 2.01084e+07
98 2.94022e+07
74 2.6889e+07
54 2.14597e+07
134 4.24737e+07
109 3.20273e+07
87 2.89812e+07
78 2.88707e+07
124 3.78828e+07
63 2.3623e+07
132 4.22873e+07
118 3.53873e+07
112 3.44324e+07
56 2.22e+07
65 2.53361e+07
139 5.03545e+07
103 3.15305e+07
126 3.8506e+07
102 3.0111e+07
46 2.06438e+07
128 4.06106e+07
129 4.07664e+07
117 3.46953e+07
40 2.03178e+07
64 2.51107e+07
49 2.13099e+07
48 2.11397e+07
122 3.76264e+07
138 4.45223e+07
Thế hệ thứ: 7
141 5.08818e+07
39 2.01084e+07
78 2.88707e+07
138 4.45223e+07
98 2.94022e+07
74 2.6889e+07
54 2.14597e+07
139 5.03545e+07
87 2.89812e+07
109 3.20273e+07
63 2.3623e+07
112 3.44324e+07
56 2.22e+07
65 2.53361e+07
132 4.22873e+07
118 3.53873e+07
129 4.07664e+07
122 3.76264e+07
134 4.24737e+07
126 3.8506e+07
46 2.06438e+07
128 4.06106e+07
117 3.46953e+07
40 2.03178e+07
64 2.51107e+07
49 2.13099e+07
124 3.78828e+07
48 2.11397e+07
104 2.99472e+07
137 4.40632e+07
130 4.22097e+07
Thế hệ thứ: 8
39 2.01084e+07
98 2.94022e+07
74 2.6889e+07
54 2.14597e+07
87 2.89812e+07
109 3.20273e+07
138 4.45223e+07
78 2.88707e+07
64 2.51107e+07
104 2.99472e+07
63 2.3623e+07
56 2.22e+07
65 2.53361e+07
122 3.76264e+07
126 3.8506e+07
134 4.24737e+07
46 2.06438e+07
117 3.46953e+07
40 2.03178e+07
49 2.13099e+07
124 3.78828e+07
48 2.11397e+07
142 4.59082e+07
119 3.4766e+07
132 3.96592e+07
137 4.36939e+07
112 3.41624e+07
Thế hệ thứ: 9
39 2.01084e+07
74 2.6889e+07
54 2.14597e+07
142 4.59082e+07
87 2.89812e+07
132 3.96592e+07
64 2.51107e+07
104 2.99472e+07
134 4.24737e+07
98 2.94022e+07
63 2.3623e+07
124 3.78828e+07
56 2.22e+07
122 3.76264e+07
65 2.53361e+07
115 3.1775e+07
119 3.4766e+07
126 3.8506e+07
138 4.45223e+07
83 2.79788e+07
137 4.36939e+07
46 2.06438e+07
117 3.46953e+07
40 2.03178e+07
49 2.13099e+07
48 2.11397e+07
121 3.5244e+07
Thế hệ thứ: 10
83 2.79788e+07
137 4.36939e+07
39 2.01084e+07
74 2.6889e+07
54 2.14597e+07
142 4.59082e+07
119 3.4766e+07
115 3.1775e+07
64 2.51107e+07
104 2.99472e+07
134 4.24737e+07
141 4.45086e+07
132 3.96592e+07
98 2.94022e+07
87 2.89812e+07
63 2.3623e+07
56 2.22e+07
65 2.53361e+07
117 3.46953e+07
126 3.8506e+07
121 3.5244e+07
122 3.76264e+07
46 2.06438e+07
40 2.03178e+07
124 3.78828e+07
49 2.13099e+07
48 2.11397e+07
Thế hệ thứ: 11
83 2.79788e+07
39 2.01084e+07
74 2.6889e+07
54 2.14597e+07
142 4.59082e+07
119 3.4766e+07
115 3.1775e+07
64 2.51107e+07
104 2.99472e+07
141 4.45086e+07
132 3.96592e+07
98 2.94022e+07
87 2.89812e+07
63 2.3623e+07
56 2.22e+07
65 2.53361e+07
117 3.46953e+07
126 3.8506e+07
121 3.5244e+07
122 3.76264e+07
46 2.06438e+07
40 2.03178e+07
124 3.78828e+07
49 2.13099e+07
48 2.11397e+07
133 4.14957e+07
140 4.18724e+07
Thế hệ thứ: 12
83 2.79788e+07
39 2.01084e+07
74 2.6889e+07
54 2.14597e+07
142 4.59082e+07
119 3.4766e+07
115 3.1775e+07
64 2.51107e+07
104 2.99472e+07
87 2.89812e+07
140 4.18724e+07
63 2.3623e+07
141 4.45086e+07
132 3.96592e+07
56 2.22e+07
65 2.53361e+07
117 3.46953e+07
121 3.5244e+07
46 2.06438e+07
40 2.03178e+07
49 2.13099e+07
48 2.11397e+07
125 3.6509e+07
137 3.98283e+07
127 3.68522e+07
101 2.92778e+07
Thế hệ thứ: 13
39 2.01084e+07
74 2.6889e+07
54 2.14597e+07
127 3.68522e+07
142 4.59082e+07
119 3.4766e+07
115 3.1775e+07
64 2.51107e+07
104 2.99472e+07
141 4.45086e+07
132 3.96592e+07
140 4.18724e+07
87 2.89812e+07
83 2.79788e+07
101 2.92778e+07
63 2.3623e+07
56 2.22e+07
65 2.53361e+07
137 3.98283e+07
117 3.46953e+07
121 3.5244e+07
125 3.6509e+07
48 2.11397e+07
46 2.06438e+07
40 2.03178e+07
49 2.13099e+07
147 4.72392e+07
Thế hệ thứ: 14
39 2.01084e+07
137 3.98283e+07
147 4.72392e+07
119 3.4766e+07
115 3.1775e+07
74 2.6889e+07
54 2.14597e+07
127 3.68522e+07
64 2.51107e+07
104 2.99472e+07
132 3.96592e+07
140 4.18724e+07
87 2.89812e+07
83 2.79788e+07
101 2.92778e+07
63 2.3623e+07
56 2.22e+07
65 2.53361e+07
117 3.46953e+07
121 3.5244e+07
125 3.6509e+07
48 2.11397e+07
46 2.06438e+07
40 2.03178e+07
49 2.13099e+07
145 4.38041e+07
70 2.60495e+07
Thế hệ thứ: 15
39 2.01084e+07
137 3.98283e+07
147 4.72392e+07
115 3.1775e+07
119 3.4766e+07
132 3.85255e+07
145 4.38041e+07
64 2.51107e+07
104 2.99472e+07
87 2.89812e+07
140 4.18724e+07
83 2.79788e+07
101 2.92778e+07
74 2.6889e+07
54 2.14597e+07
127 3.68522e+07
63 2.3623e+07
56 2.22e+07
117 3.46953e+07
70 2.60495e+07
121 3.5244e+07
125 3.6509e+07
48 2.11397e+07
46 2.06438e+07
65 2.53361e+07
40 2.03178e+07
49 2.13099e+07
149 4.78299e+07
Thế hệ thứ: 16
39 2.01084e+07
149 4.78299e+07
119 3.4766e+07
115 3.1775e+07
145 4.38041e+07
132 3.85255e+07
64 2.51107e+07
104 2.99472e+07
87 2.89812e+07
140 4.18724e+07
83 2.79788e+07
137 3.98283e+07
147 4.72392e+07
101 2.92778e+07
54 2.14597e+07
127 3.68522e+07
63 2.3623e+07
56 2.22e+07
78 2.56053e+07
117 3.46953e+07
121 3.5244e+07
125 3.6509e+07
48 2.11397e+07
46 2.06438e+07
65 2.53361e+07
40 2.03178e+07
49 2.13099e+07
Thế hệ thứ: 17
39 2.01084e+07
149 4.78299e+07
119 3.4766e+07
115 3.1775e+07
117 3.46953e+07
78 2.56053e+07
132 3.85255e+07
64 2.51107e+07
104 2.99472e+07
87 2.89812e+07
140 4.18724e+07
83 2.79788e+07
137 3.98283e+07
147 4.72392e+07
101 2.92778e+07
63 2.3623e+07
56 2.22e+07
65 2.53361e+07
54 2.14597e+07
127 3.68522e+07
121 3.5244e+07
125 3.6509e+07
48 2.11397e+07
46 2.06438e+07
40 2.03178e+07
49 2.13099e+07
145 4.27213e+07
138 4.16143e+07
134 3.98073e+07
Thế hệ thứ: 18
39 2.01084e+07
149 4.78299e+07
119 3.4766e+07
115 3.1775e+07
137 3.98283e+07
147 4.72392e+07
145 4.27213e+07
117 3.46953e+07
78 2.56053e+07
64 2.51107e+07
104 2.99472e+07
87 2.89812e+07
83 2.79788e+07
101 2.92778e+07
63 2.3623e+07
132 3.85255e+07
56 2.22e+07
65 2.53361e+07
54 2.14597e+07
127 3.68522e+07
125 3.6509e+07
48 2.11397e+07
140 4.18724e+07
134 3.98073e+07
46 2.06438e+07
138 4.16143e+07
40 2.03178e+07
49 2.13099e+07
123 3.48907e+07
128 3.77769e+07
146 4.64085e+07
Thế hệ thứ: 19
83 2.79788e+07
39 2.01084e+07
119 3.4766e+07
115 3.1775e+07
145 4.27213e+07
117 3.46953e+07
78 2.56053e+07
104 2.99472e+07
64 2.51107e+07
87 2.89812e+07
101 2.92778e+07
146 4.64085e+07
63 2.3623e+07
56 2.22e+07
65 2.53361e+07
132 3.85255e+07
123 3.48907e+07
125 3.6509e+07
48 2.11397e+07
128 3.77769e+07
140 4.18724e+07
134 3.98073e+07
46 2.06438e+07
147 4.72392e+07
137 3.98283e+07
138 4.16143e+07
127 3.68522e+07
54 2.14597e+07
40 2.03178e+07
49 2.13099e+07
149 4.77031e+07
Thế hệ thứ: 20
83 2.79788e+07
39 2.01084e+07
119 3.4766e+07
115 3.1775e+07
149 4.77031e+07
145 4.27213e+07
117 3.46953e+07
78 2.56053e+07
64 2.51107e+07
104 2.99472e+07
87 2.89812e+07
101 2.92778e+07
146 4.64085e+07
63 2.3623e+07
56 2.22e+07
65 2.53361e+07
132 3.85255e+07
123 3.48907e+07
125 3.6509e+07
48 2.11397e+07
128 3.77769e+07
134 3.98073e+07
46 2.06438e+07
137 3.98283e+07
147 4.72392e+07
54 2.14597e+07
127 3.68522e+07
40 2.03178e+07
49 2.13099e+07
141 4.24465e+07
140 4.00903e+07
142 4.27134e+07
Thế hệ thứ: 21
83 2.79788e+07
39 2.01084e+07
119 3.4766e+07
115 3.1775e+07
149 4.77031e+07
78 2.56053e+07
64 2.51107e+07
104 2.99472e+07
87 2.89812e+07
101 2.92778e+07
63 2.3623e+07
145 4.27213e+07
56 2.22e+07
65 2.53361e+07
140 4.00903e+07
132 3.85255e+07
123 3.48907e+07
125 3.6509e+07
48 2.11397e+07
128 3.77769e+07
134 3.98073e+07
46 2.06438e+07
54 2.14597e+07
127 3.68522e+07
40 2.03178e+07
147 4.72392e+07
118 3.32149e+07
137 3.98283e+07
49 2.13099e+07
146 4.38219e+07
131 3.7883e+07
142 4.08068e+07
130 3.78274e+07
Thế hệ thứ: 22
119 3.4766e+07
115 3.1775e+07
149 4.77031e+07
83 2.79788e+07
39 2.01084e+07
78 2.56053e+07
64 2.51107e+07
104 2.99472e+07
87 2.89812e+07
101 2.92778e+07
131 3.7883e+07
63 2.3623e+07
137 3.98283e+07
118 3.32149e+07
56 2.22e+07
65 2.53361e+07
142 4.08068e+07
123 3.48907e+07
125 3.6509e+07
48 2.11397e+07
46 2.06438e+07
134 3.98073e+07
132 3.85255e+07
127 3.68522e+07
54 2.14597e+07
40 2.03178e+07
140 4.00903e+07
49 2.13099e+07
128 3.77769e+07
130 3.78274e+07
147 4.1049e+07
Thế hệ thứ: 23
115 3.1775e+07
149 4.77031e+07
83 2.79788e+07
39 2.01084e+07
147 4.1049e+07
78 2.56053e+07
64 2.51107e+07
104 2.99472e+07
87 2.89812e+07
101 2.92778e+07
63 2.3623e+07
56 2.22e+07
65 2.53361e+07
118 3.32149e+07
123 3.48907e+07
125 3.6509e+07
48 2.11397e+07
46 2.06438e+07
142 4.08068e+07
132 3.85255e+07
54 2.14597e+07
127 3.68522e+07
40 2.03178e+07
140 4.00903e+07
49 2.13099e+07
131 3.7883e+07
130 3.78274e+07
139 3.95716e+07
128 3.73441e+07
119 3.47654e+07
Thế hệ thứ: 24
115 3.1775e+07
83 2.79788e+07
39 2.01084e+07
147 4.1049e+07
78 2.56053e+07
64 2.51107e+07
104 2.99472e+07
139 3.95716e+07
87 2.89812e+07
101 2.92778e+07
63 2.3623e+07
56 2.22e+07
132 3.69988e+07
65 2.53361e+07
118 3.32149e+07
123 3.48907e+07
125 3.6509e+07
48 2.11397e+07
119 3.47654e+07
46 2.06438e+07
142 4.08068e+07
54 2.14597e+07
127 3.68522e+07
40 2.03178e+07
140 4.00903e+07
49 2.13099e+07
151 4.33765e+07
Thế hệ thứ: 25
89 2.88691e+07
83 2.79788e+07
39 2.01084e+07
78 2.56053e+07
115 3.1775e+07
64 2.51107e+07
104 2.99472e+07
132 3.69988e+07
65 2.53361e+07
63 2.3623e+07
120 3.43878e+07
101 2.92778e+07
147 4.1049e+07
56 2.22e+07
118 3.32149e+07
123 3.48907e+07
125 3.6509e+07
48 2.11397e+07
46 2.06438e+07
142 4.08068e+07
54 2.14597e+07
127 3.68522e+07
40 2.03178e+07
140 4.00903e+07
49 2.13099e+07
106 3.02916e+07
153 4.32265e+07
139 3.95716e+07
Thế hệ thứ: 26
89 2.88691e+07
39 2.01084e+07
140 4.00903e+07
139 3.95716e+07
153 4.32265e+07
78 2.56053e+07
115 3.1775e+07
132 3.69988e+07
65 2.53361e+07
147 4.1049e+07
63 2.3623e+07
101 2.92778e+07
120 3.43878e+07
106 3.02916e+07
56 2.22e+07
118 3.32149e+07
123 3.48907e+07
125 3.6509e+07
48 2.11397e+07
46 2.06438e+07
142 4.08068e+07
54 2.14597e+07
127 3.68522e+07
104 2.99472e+07
64 2.51107e+07
40 2.03178e+07
49 2.13099e+07
86 2.70056e+07
Thế hệ thứ: 27
89 2.88691e+07
39 2.01084e+07
153 4.32265e+07
86 2.70056e+07
78 2.56053e+07
115 3.1775e+07
132 3.69988e+07
65 2.53361e+07
147 4.1049e+07
63 2.3623e+07
101 2.92778e+07
120 3.43878e+07
106 3.02916e+07
56 2.22e+07
118 3.32149e+07
123 3.48907e+07
125 3.6509e+07
48 2.11397e+07
46 2.06438e+07
54 2.14597e+07
127 3.68522e+07
104 2.99472e+07
64 2.51107e+07
40 2.03178e+07
49 2.13099e+07
142 3.95462e+07
Thế hệ thứ: 28
39 2.01084e+07
153 4.32265e+07
86 2.70056e+07
78 2.56053e+07
132 3.69988e+07
65 2.53361e+07
115 3.1775e+07
89 2.88691e+07
63 2.3623e+07
101 2.92778e+07
120 3.43878e+07
106 3.02916e+07
56 2.22e+07
118 3.32149e+07
123 3.48907e+07
48 2.11397e+07
46 2.06438e+07
54 2.14597e+07
127 3.68522e+07
104 2.99472e+07
64 2.51107e+07
40 2.03178e+07
49 2.13099e+07
125 3.57296e+07
135 3.70355e+07
148 3.92458e+07
138 3.77701e+07
126 3.59978e+07
Thế hệ thứ: 29
89 2.88691e+07
39 2.01084e+07
153 4.32265e+07
148 3.92458e+07
86 2.70056e+07
78 2.56053e+07
115 3.1775e+07
138 3.77701e+07
63 2.3623e+07
101 2.92778e+07
120 3.43878e+07
106 3.02916e+07
56 2.22e+07
135 3.70355e+07
118 3.32149e+07
65 2.53361e+07
46 2.06438e+07
54 2.14597e+07
104 2.99472e+07
64 2.51107e+07
40 2.03178e+07
49 2.13099e+07
48 2.11397e+07
132 3.51026e+07
126 3.48379e+07
113 3.09859e+07
Thế hệ thứ: 30
89 2.88691e+07
39 2.01084e+07
153 4.32265e+07
148 3.92458e+07
86 2.70056e+07
78 2.56053e+07
138 3.77701e+07
63 2.3623e+07
101 2.92778e+07
120 3.43878e+07
132 3.51026e+07
56 2.22e+07
118 3.32149e+07
135 3.70355e+07
65 2.53361e+07
113 3.09859e+07
115 3.1775e+07
126 3.48379e+07
106 3.02916e+07
46 2.06438e+07
54 2.14597e+07
104 2.99472e+07
64 2.51107e+07
40 2.03178e+07
49 2.13099e+07
48 2.11397e+07
149 4.23837e+07
Thế hệ thứ: 31
89 2.88691e+07
39 2.01084e+07
56 2.22e+07
149 4.23837e+07
153 4.32265e+07
148 3.92458e+07
86 2.70056e+07
78 2.56053e+07
138 3.77701e+07
63 2.3623e+07
101 2.92778e+07
132 3.51026e+07
118 3.32149e+07
135 3.70355e+07
65 2.53361e+07
113 3.09859e+07
115 3.1775e+07
126 3.48379e+07
106 3.02916e+07
46 2.06438e+07
54 2.14597e+07
104 2.99472e+07
64 2.51107e+07
40 2.03178e+07
49 2.13099e+07
48 2.11397e+07
95 2.90185e+07
121 3.41918e+07
150 4.26747e+07
119 3.34612e+07
Thế hệ thứ: 32
153 4.32265e+07
39 2.01084e+07
148 3.92458e+07
86 2.70056e+07
78 2.56053e+07
138 3.77701e+07
63 2.3623e+07
121 3.41918e+07
132 3.51026e+07
149 4.23837e+07
56 2.22e+07
118 3.32149e+07
135 3.70355e+07
89 2.88691e+07
65 2.53361e+07
113 3.09859e+07
115 3.1775e+07
126 3.48379e+07
122 3.47985e+07
106 3.02916e+07
95 2.90185e+07
101 2.92778e+07
46 2.06438e+07
54 2.14597e+07
104 2.99472e+07
64 2.51107e+07
40 2.03178e+07
150 4.26747e+07
119 3.34612e+07
49 2.13099e+07
48 2.11397e+07
117 3.30782e+07
133 3.58633e+07
Thế hệ thứ: 33
149 4.23837e+07
56 2.22e+07
153 4.32265e+07
39 2.01084e+07
148 3.92458e+07
86 2.70056e+07
78 2.56053e+07
138 3.77701e+07
63 2.3623e+07
89 2.88691e+07
65 2.53361e+07
113 3.09859e+07
135 3.70355e+07
115 3.1775e+07
106 3.02916e+07
95 2.90185e+07
101 2.92778e+07
133 3.58633e+07
121 3.41918e+07
132 3.51026e+07
46 2.06438e+07
126 3.48379e+07
122 3.47985e+07
54 2.14597e+07
104 2.99472e+07
64 2.51107e+07
40 2.03178e+07
150 4.26747e+07
49 2.13099e+07
48 2.11397e+07
119 3.24592e+07
Thế hệ thứ: 34
149 4.23837e+07
56 2.22e+07
153 4.32265e+07
39 2.01084e+07
148 3.92458e+07
86 2.70056e+07
78 2.56053e+07
138 3.77701e+07
63 2.3623e+07
89 2.88691e+07
119 3.24592e+07
65 2.53361e+07
113 3.09859e+07
132 3.51026e+07
135 3.70355e+07
106 3.02916e+07
95 2.90185e+07
101 2.92778e+07
115 3.1775e+07
133 3.58633e+07
46 2.06438e+07
126 3.48379e+07
122 3.47985e+07
54 2.14597e+07
104 2.99472e+07
64 2.51107e+07
40 2.03178e+07
150 4.26747e+07
49 2.13099e+07
48 2.11397e+07
121 3.31779e+07
Thế hệ thứ: 35
39 2.01084e+07
56 2.22e+07
153 4.32265e+07
148 3.92458e+07
86 2.70056e+07
78 2.56053e+07
138 3.77701e+07
63 2.3623e+07
89 2.88691e+07
65 2.53361e+07
113 3.09859e+07
135 3.70355e+07
106 3.02916e+07
95 2.90185e+07
101 2.92778e+07
115 3.1775e+07
126 3.48379e+07
133 3.58633e+07
132 3.51026e+07
46 2.06438e+07
54 2.14597e+07
104 2.99472e+07
64 2.51107e+07
40 2.03178e+07
150 4.26747e+07
49 2.13099e+07
48 2.11397e+07
122 3.21027e+07
149 4.17595e+07
Thế hệ thứ: 36
39 2.01084e+07
153 4.32265e+07
126 3.48379e+07
148 3.92458e+07
122 3.21027e+07
86 2.70056e+07
78 2.56053e+07
138 3.77701e+07
63 2.3623e+07
56 2.22e+07
89 2.88691e+07
149 4.17595e+07
65 2.53361e+07
113 3.09859e+07
115 3.1775e+07
135 3.70355e+07
106 3.02916e+07
95 2.90185e+07
101 2.92778e+07
133 3.58633e+07
132 3.51026e+07
46 2.06438e+07
54 2.14597e+07
150 4.26747e+07
104 2.99472e+07
64 2.51107e+07
40 2.03178e+07
49 2.13099e+07
48 2.11397e+07
Thế hệ thứ: 37
39 2.01084e+07
126 3.48379e+07
148 3.92458e+07
122 3.21027e+07
86 2.70056e+07
78 2.56053e+07
138 3.77701e+07
63 2.3623e+07
56 2.22e+07
89 2.88691e+07
65 2.53361e+07
113 3.09859e+07
115 3.1775e+07
135 3.70355e+07
106 3.02916e+07
95 2.90185e+07
101 2.92778e+07
133 3.58633e+07
132 3.51026e+07
46 2.06438e+07
54 2.14597e+07
104 2.99472e+07
64 2.51107e+07
40 2.03178e+07
49 2.13099e+07
48 2.11397e+07
149 3.99911e+07
139 3.83686e+07
155 5.05937e+07
153 4.25046e+07
141 3.89369e+07
Thế hệ thứ: 38
39 2.01084e+07
155 5.05937e+07
122 3.21027e+07
86 2.70056e+07
153 4.25046e+07
78 2.56053e+07
126 3.48379e+07
63 2.3623e+07
149 3.99911e+07
56 2.22e+07
89 2.88691e+07
65 2.53361e+07
113 3.09859e+07
95 2.90185e+07
115 3.1775e+07
106 3.02916e+07
101 2.92778e+07
141 3.89369e+07
135 3.70355e+07
148 3.92458e+07
46 2.06438e+07
132 3.51026e+07
54 2.14597e+07
133 3.58633e+07
138 3.77701e+07
40 2.03178e+07
64 2.51107e+07
104 2.99472e+07
139 3.83686e+07
49 2.13099e+07
48 2.11397e+07
88 2.84825e+07
Thế hệ thứ: 39
39 2.01084e+07
155 5.05937e+07
86 2.70056e+07
122 3.21027e+07
153 4.25046e+07
78 2.56053e+07
126 3.48379e+07
63 2.3623e+07
149 3.99911e+07
56 2.22e+07
65 2.53361e+07
113 3.09859e+07
95 2.90185e+07
115 3.1775e+07
106 3.02916e+07
101 2.92778e+07
141 3.89369e+07
135 3.70355e+07
148 3.92458e+07
46 2.06438e+07
132 3.51026e+07
54 2.14597e+07
133 3.58633e+07
49 2.13099e+07
88 2.84825e+07
138 3.77701e+07
89 2.88691e+07
40 2.03178e+07
64 2.51107e+07
104 2.99472e+07
48 2.11397e+07
139 3.77711e+07
Thế hệ thứ: 40
39 2.01084e+07
155 5.05937e+07
86 2.70056e+07
122 3.21027e+07
78 2.56053e+07
126 3.48379e+07
63 2.3623e+07
149 3.99911e+07
56 2.22e+07
65 2.53361e+07
113 3.09859e+07
141 3.89369e+07
139 3.77711e+07
95 2.90185e+07
115 3.1775e+07
106 3.02916e+07
101 2.92778e+07
135 3.70355e+07
148 3.92458e+07
46 2.06438e+07
132 3.51026e+07
54 2.14597e+07
133 3.58633e+07
49 2.13099e+07
88 2.84825e+07
89 2.88691e+07
40 2.03178e+07
64 2.51107e+07
104 2.99472e+07
138 3.77701e+07
48 2.11397e+07
153 4.23994e+07
Thế hệ thứ: 41
39 2.01084e+07
155 5.05937e+07
153 4.23994e+07
86 2.70056e+07
122 3.21027e+07
78 2.56053e+07
126 3.48379e+07
63 2.3623e+07
56 2.22e+07
149 3.99911e+07
65 2.53361e+07
113 3.09859e+07
141 3.89369e+07
139 3.77711e+07
95 2.90185e+07
115 3.1775e+07
106 3.02916e+07
101 2.92778e+07
135 3.70355e+07
148 3.92458e+07
46 2.06438e+07
132 3.51026e+07
54 2.14597e+07
133 3.58633e+07
49 2.13099e+07
88 2.84825e+07
89 2.88691e+07
40 2.03178e+07
64 2.51107e+07
104 2.99472e+07
138 3.77701e+07
48 2.11397e+07
Thế hệ thứ: 42
39 2.01084e+07
155 5.05937e+07
153 4.23994e+07
86 2.70056e+07
122 3.21027e+07
78 2.56053e+07
126 3.48379e+07
63 2.3623e+07
56 2.22e+07
149 3.99911e+07
65 2.53361e+07
113 3.09859e+07
141 3.89369e+07
139 3.77711e+07
95 2.90185e+07
115 3.1775e+07
106 3.02916e+07
101 2.92778e+07
135 3.70355e+07
148 3.92458e+07
46 2.06438e+07
132 3.51026e+07
54 2.14597e+07
133 3.58633e+07
49 2.13099e+07
88 2.84825e+07
89 2.88691e+07
40 2.03178e+07
64 2.51107e+07
104 2.99472e+07
138 3.77701e+07
48 2.11397e+07
Thế hệ thứ: 43
39 2.01084e+07
155 5.05937e+07
153 4.23994e+07
86 2.70056e+07
122 3.21027e+07
78 2.56053e+07
126 3.48379e+07
63 2.3623e+07
56 2.22e+07
149 3.99911e+07
65 2.53361e+07
113 3.09859e+07
141 3.89369e+07
139 3.77711e+07
95 2.90185e+07
115 3.1775e+07
106 3.02916e+07
101 2.92778e+07
135 3.70355e+07
148 3.92458e+07
46 2.06438e+07
132 3.51026e+07
54 2.14597e+07
133 3.58633e+07
49 2.13099e+07
88 2.84825e+07
89 2.88691e+07
40 2.03178e+07
64 2.51107e+07
104 2.99472e+07
138 3.77701e+07
48 2.11397e+07
Thế hệ thứ: 44
39 2.01084e+07
155 5.05937e+07
153 4.23994e+07
86 2.70056e+07
122 3.21027e+07
78 2.56053e+07
126 3.48379e+07
63 2.3623e+07
56 2.22e+07
149 3.99911e+07
65 2.53361e+07
113 3.09859e+07
139 3.77711e+07
95 2.90185e+07
115 3.1775e+07
101 2.92778e+07
151 4.1828e+07
135 3.70355e+07
148 3.92458e+07
46 2.06438e+07
132 3.51026e+07
54 2.14597e+07
133 3.58633e+07
49 2.13099e+07
88 2.84825e+07
89 2.88691e+07
40 2.03178e+07
64 2.51107e+07
104 2.99472e+07
138 3.77701e+07
48 2.11397e+07
108 3.02565e+07
141 3.86265e+07
Thế hệ thứ: 45
39 2.01084e+07
155 5.05937e+07
153 4.23994e+07
108 3.02565e+07
86 2.70056e+07
122 3.21027e+07
78 2.56053e+07
126 3.48379e+07
63 2.3623e+07
56 2.22e+07
65 2.53361e+07
115 3.1775e+07
141 3.86265e+07
139 3.77711e+07
95 2.90185e+07
148 3.92458e+07
135 3.70355e+07
149 3.99911e+07
113 3.09859e+07
101 2.92778e+07
46 2.06438e+07
132 3.51026e+07
64 2.51107e+07
104 2.99472e+07
54 2.14597e+07
133 3.58633e+07
49 2.13099e+07
88 2.84825e+07
89 2.88691e+07
40 2.03178e+07
138 3.77701e+07
48 2.11397e+07
142 3.91425e+07
152 4.04945e+07
Thế hệ thứ: 46
39 2.01084e+07
155 5.05937e+07
153 4.23994e+07
108 3.02565e+07
86 2.70056e+07
122 3.21027e+07
78 2.56053e+07
126 3.48379e+07
63 2.3623e+07
56 2.22e+07
65 2.53361e+07
139 3.77711e+07
95 2.90185e+07
141 3.86265e+07
115 3.1775e+07
152 4.04945e+07
113 3.09859e+07
101 2.92778e+07
135 3.70355e+07
46 2.06438e+07
132 3.51026e+07
64 2.51107e+07
104 2.99472e+07
54 2.14597e+07
133 3.58633e+07
49 2.13099e+07
88 2.84825e+07
89 2.88691e+07
40 2.03178e+07
138 3.77701e+07
48 2.11397e+07
149 3.9242e+07
143 3.89e+07
142 3.86604e+07
Thế hệ thứ: 47
39 2.01084e+07
108 3.02565e+07
86 2.70056e+07
122 3.21027e+07
78 2.56053e+07
126 3.48379e+07
63 2.3623e+07
56 2.22e+07
65 2.53361e+07
149 3.9242e+07
139 3.77711e+07
95 2.90185e+07
115 3.1775e+07
141 3.86265e+07
113 3.09859e+07
101 2.92778e+07
135 3.70355e+07
46 2.06438e+07
132 3.51026e+07
64 2.51107e+07
104 2.99472e+07
54 2.14597e+07
133 3.58633e+07
49 2.13099e+07
88 2.84825e+07
143 3.89e+07
89 2.88691e+07
40 2.03178e+07
138 3.77701e+07
48 2.11397e+07
142 3.86604e+07
157 4.01786e+07
Thế hệ thứ: 48
39 2.01084e+07
64 2.51107e+07
104 2.99472e+07
157 4.01786e+07
108 3.02565e+07
86 2.70056e+07
122 3.21027e+07
78 2.56053e+07
126 3.48379e+07
63 2.3623e+07
56 2.22e+07
149 3.9242e+07
65 2.53361e+07
135 3.70355e+07
113 3.09859e+07
115 3.1775e+07
101 2.92778e+07
139 3.77711e+07
95 2.90185e+07
133 3.58633e+07
49 2.13099e+07
88 2.84825e+07
132 3.51026e+07
46 2.06438e+07
54 2.14597e+07
143 3.89e+07
89 2.88691e+07
40 2.03178e+07
138 3.77701e+07
48 2.11397e+07
142 3.82668e+07
Thế hệ thứ: 49
39 2.01084e+07
64 2.51107e+07
104 2.99472e+07
157 4.01786e+07
108 3.02565e+07
86 2.70056e+07
122 3.21027e+07
78 2.56053e+07
126 3.48379e+07
63 2.3623e+07
56 2.22e+07
146 3.77113e+07
149 3.9242e+07
65 2.53361e+07
135 3.70355e+07
113 3.09859e+07
115 3.1775e+07
101 2.92778e+07
95 2.90185e+07
133 3.58633e+07
49 2.13099e+07
88 2.84825e+07
132 3.51026e+07
46 2.06438e+07
54 2.14597e+07
89 2.88691e+07
40 2.03178e+07
48 2.11397e+07
160 4.29551e+07

