Thế hệ thứ: 0
96 9.24805e+06
64 6.43606e+06
56 5.19217e+06
82 7.76651e+06
44 4.71738e+06
75 7.2246e+06
63 5.80932e+06
68 6.48042e+06
57 5.50575e+06
100 9.60907e+06
92 8.09801e+06
108 1.12754e+07
77 7.36003e+06
73 6.62285e+06
79 7.58271e+06
Thế hệ thứ: 1
64 6.43606e+06
56 5.19217e+06
108 1.12754e+07
44 4.71738e+06
100 9.60907e+06
92 8.09801e+06
96 9.24805e+06
82 7.76651e+06
63 5.80932e+06
57 5.50575e+06
75 7.2246e+06
80 7.52683e+06
95 8.76301e+06
74 6.45612e+06
107 1.11406e+07
85 7.86738e+06
78 7.24784e+06
Thế hệ thứ: 2
56 5.19217e+06
64 6.43606e+06
107 1.11406e+07
44 4.71738e+06
108 1.12754e+07
74 6.45612e+06
92 8.09801e+06
63 5.80932e+06
95 8.76301e+06
85 7.86738e+06
57 5.50575e+06
75 7.2246e+06
82 7.76651e+06
81 7.50461e+06
86 7.98609e+06
78 7.23621e+06
106 1.0932e+07
79 7.26816e+06
104 9.00599e+06
Thế hệ thứ: 3
56 5.19217e+06
44 4.71738e+06
57 5.50575e+06
104 9.00599e+06
95 8.76301e+06
74 6.45612e+06
92 8.09801e+06
63 5.80932e+06
86 7.98609e+06
81 7.50461e+06
85 7.86738e+06
79 7.26816e+06
76 7.09701e+06
78 7.23621e+06
111 9.05131e+06
82 7.68608e+06
113 1.09577e+07
66 6.00717e+06
Thế hệ thứ: 4
111 9.05131e+06
56 5.19217e+06
44 4.71738e+06
74 6.45612e+06
57 5.50575e+06
104 9.00599e+06
66 6.00717e+06
63 5.80932e+06
76 7.09701e+06
84 7.46715e+06
94 7.79101e+06
96 8.60815e+06
90 7.51543e+06
80 7.22084e+06
114 9.97719e+06
Thế hệ thứ: 5
56 5.19217e+06
44 4.71738e+06
114 9.97719e+06
111 9.05131e+06
74 6.45612e+06
57 5.50575e+06
104 9.00599e+06
94 7.79101e+06
66 6.00717e+06
76 7.09701e+06
63 5.80932e+06
90 7.51543e+06
80 7.22084e+06
86 7.41123e+06
97 8.34287e+06
99 8.75393e+06
Thế hệ thứ: 6
99 8.75393e+06
56 5.19217e+06
44 4.71738e+06
97 8.34287e+06
74 6.45612e+06
111 9.05131e+06
94 7.79101e+06
66 6.00717e+06
76 7.09701e+06
57 5.50575e+06
104 9.00599e+06
63 5.80932e+06
80 7.22084e+06
86 7.41123e+06
90 7.51543e+06
115 9.2182e+06
67 6.38061e+06
83 7.32733e+06
75 6.95773e+06
Thế hệ thứ: 7
74 6.45612e+06
115 9.2182e+06
56 5.19217e+06
99 8.75393e+06
44 4.71738e+06
63 5.80932e+06
97 8.34287e+06
94 7.79101e+06
57 5.50575e+06
67 6.38061e+06
111 9.05131e+06
75 6.95773e+06
90 7.51543e+06
66 6.00717e+06
80 7.22084e+06
86 7.41123e+06
76 7.09701e+06
100 8.76233e+06
84 7.27293e+06
104 8.92066e+06
Thế hệ thứ: 8
74 6.45612e+06
115 9.2182e+06
99 8.75393e+06
56 5.19217e+06
44 4.71738e+06
63 5.80932e+06
97 8.34287e+06
94 7.79101e+06
57 5.50575e+06
111 9.05131e+06
104 8.92066e+06
67 6.38061e+06
75 6.95773e+06
90 7.51543e+06
66 6.00717e+06
80 7.22084e+06
86 7.41123e+06
76 7.09701e+06
84 7.27293e+06
100 8.76233e+06
96 8.02423e+06
Thế hệ thứ: 9
56 5.19217e+06
44 4.71738e+06
74 6.45612e+06
115 9.2182e+06
63 5.80932e+06
57 5.50575e+06
111 9.05131e+06
104 8.92066e+06
67 6.38061e+06
97 8.34287e+06
94 7.79101e+06
75 6.95773e+06
90 7.51543e+06
66 6.00717e+06
99 8.72042e+06
80 7.22084e+06
86 7.41123e+06
76 7.09701e+06
84 7.27293e+06
100 8.76233e+06
117 9.76066e+06
96 8.02423e+06
81 7.2345e+06
Thế hệ thứ: 10
56 5.19217e+06
44 4.71738e+06
117 9.76066e+06
115 9.2182e+06
74 6.45612e+06
96 8.02423e+06
63 5.80932e+06
57 5.50575e+06
111 9.05131e+06
104 8.92066e+06
67 6.38061e+06
75 6.95773e+06
90 7.51543e+06
94 7.79101e+06
97 8.34287e+06
66 6.00717e+06
86 7.41123e+06
80 7.22084e+06
76 7.09701e+06
100 8.76233e+06
81 7.2345e+06
84 7.27293e+06
82 7.25156e+06
99 8.53021e+06
Thế hệ thứ: 11
56 5.19217e+06
44 4.71738e+06
117 9.76066e+06
115 9.2182e+06
74 6.45612e+06
96 8.02423e+06
63 5.80932e+06
57 5.50575e+06
111 9.05131e+06
104 8.92066e+06
67 6.38061e+06
75 6.95773e+06
90 7.51543e+06
94 7.79101e+06
66 6.00717e+06
97 8.34287e+06
86 7.41123e+06
76 7.09701e+06
80 7.22084e+06
81 7.2345e+06
84 7.27293e+06
82 7.25156e+06
91 7.6412e+06
102 8.4896e+06
Thế hệ thứ: 12
56 5.19217e+06
44 4.71738e+06
104 8.92066e+06
117 9.76066e+06
115 9.2182e+06
74 6.45612e+06
96 8.02423e+06
63 5.80932e+06
57 5.50575e+06
102 8.4896e+06
111 9.05131e+06
67 6.38061e+06
97 8.34287e+06
66 6.00717e+06
90 7.51543e+06
75 6.95773e+06
94 7.79101e+06
86 7.41123e+06
76 7.09701e+06
91 7.6412e+06
80 7.22084e+06
81 7.2345e+06
84 7.27293e+06
82 7.25156e+06
Thế hệ thứ: 13
56 5.19217e+06
44 4.71738e+06
104 8.92066e+06
117 9.76066e+06
115 9.2182e+06
74 6.45612e+06
96 8.02423e+06
63 5.80932e+06
57 5.50575e+06
102 8.4896e+06
111 9.05131e+06
67 6.38061e+06
97 8.34287e+06
66 6.00717e+06
90 7.51543e+06
75 6.95773e+06
94 7.79101e+06
86 7.41123e+06
76 7.09701e+06
91 7.6412e+06
80 7.22084e+06
81 7.2345e+06
84 7.27293e+06
82 7.25156e+06
Thế hệ thứ: 14
56 5.19217e+06
44 4.71738e+06
104 8.92066e+06
117 9.76066e+06
115 9.2182e+06
74 6.45612e+06
96 8.02423e+06
63 5.80932e+06
57 5.50575e+06
102 8.4896e+06
111 9.05131e+06
67 6.38061e+06
97 8.34287e+06
66 6.00717e+06
90 7.51543e+06
75 6.95773e+06
94 7.79101e+06
91 7.6412e+06
82 7.15456e+06
86 7.22601e+06
76 7.01592e+06
Thế hệ thứ: 15
104 8.92066e+06
117 9.76066e+06
56 5.19217e+06
44 4.71738e+06
115 9.2182e+06
74 6.45612e+06
96 8.02423e+06
63 5.80932e+06
57 5.50575e+06
102 8.4896e+06
111 9.05131e+06
67 6.38061e+06
86 7.22601e+06
82 7.15456e+06
97 8.34287e+06
66 6.00717e+06
75 6.95773e+06
90 7.51543e+06
94 7.79101e+06
76 7.01592e+06
91 7.6412e+06
79 7.04602e+06
Thế hệ thứ: 16
117 9.76066e+06
56 5.19217e+06
44 4.71738e+06
115 9.2182e+06
74 6.45612e+06
63 5.80932e+06
96 8.02423e+06
57 5.50575e+06
102 8.4896e+06
111 9.05131e+06
67 6.38061e+06
86 7.22601e+06
97 8.34287e+06
66 6.00717e+06
90 7.51543e+06
94 7.79101e+06
82 7.15456e+06
79 7.04602e+06
91 7.6412e+06
109 8.7275e+06
77 6.59992e+06
Thế hệ thứ: 17
117 9.76066e+06
56 5.19217e+06
44 4.71738e+06
63 5.80932e+06
102 8.4896e+06
109 8.7275e+06
115 9.2182e+06
57 5.50575e+06
77 6.59992e+06
67 6.38061e+06
74 6.45612e+06
111 9.05131e+06
66 6.00717e+06
90 7.51543e+06
94 7.79101e+06
91 7.6412e+06
80 6.90915e+06
97 7.92497e+06
87 7.04384e+06
Thế hệ thứ: 18
117 9.76066e+06
97 7.92497e+06
56 5.19217e+06
44 4.71738e+06
102 8.4896e+06
87 7.04384e+06
109 8.7275e+06
80 6.90915e+06
115 9.2182e+06
63 5.80932e+06
57 5.50575e+06
77 6.59992e+06
67 6.38061e+06
74 6.45612e+06
111 9.05131e+06
90 7.51543e+06
66 6.00717e+06
94 7.79101e+06
91 7.6412e+06
112 9.2074e+06
88 7.27372e+06
Thế hệ thứ: 19
117 9.76066e+06
97 7.92497e+06
56 5.19217e+06
44 4.71738e+06
63 5.80932e+06
102 8.4896e+06
109 8.7275e+06
80 6.90915e+06
57 5.50575e+06
77 6.59992e+06
67 6.38061e+06
74 6.45612e+06
115 9.2182e+06
66 6.00717e+06
94 7.79101e+06
111 9.05131e+06
112 9.2074e+06
91 6.96144e+06
Thế hệ thứ: 20
117 9.76066e+06
97 7.92497e+06
56 5.19217e+06
44 4.71738e+06
91 6.96144e+06
102 8.4896e+06
94 7.79101e+06
80 6.90915e+06
109 8.7275e+06
63 5.80932e+06
57 5.50575e+06
77 6.59992e+06
67 6.38061e+06
74 6.45612e+06
115 9.2182e+06
66 6.00717e+06
111 9.05131e+06
112 9.2074e+06
114 9.21391e+06
Thế hệ thứ: 21
117 9.76066e+06
97 7.92497e+06
56 5.19217e+06
44 4.71738e+06
91 6.96144e+06
102 8.4896e+06
94 7.79101e+06
109 8.7275e+06
63 5.80932e+06
57 5.50575e+06
77 6.59992e+06
67 6.38061e+06
74 6.45612e+06
66 6.00717e+06
115 9.2182e+06
111 9.05131e+06
112 9.2074e+06
114 9.21391e+06
82 6.83065e+06
Thế hệ thứ: 22
117 9.76066e+06
97 7.92497e+06
56 5.19217e+06
44 4.71738e+06
91 6.96144e+06
102 8.4896e+06
94 7.79101e+06
82 6.83065e+06
109 8.7275e+06
63 5.80932e+06
57 5.50575e+06
77 6.59992e+06
67 6.38061e+06
74 6.45612e+06
66 6.00717e+06
115 9.2182e+06
111 9.05131e+06
112 9.2074e+06
114 9.21391e+06
93 7.62411e+06
Thế hệ thứ: 23
117 9.76066e+06
97 7.92497e+06
56 5.19217e+06
93 7.62411e+06
44 4.71738e+06
102 8.4896e+06
91 6.96144e+06
82 6.83065e+06
109 8.7275e+06
63 5.80932e+06
57 5.50575e+06
77 6.59992e+06
67 6.38061e+06
74 6.45612e+06
66 6.00717e+06
115 9.2182e+06
111 9.05131e+06
94 7.79101e+06
112 9.2074e+06
114 9.21391e+06
Thế hệ thứ: 24
117 9.76066e+06
97 7.92497e+06
56 5.19217e+06
93 7.62411e+06
44 4.71738e+06
102 8.4896e+06
91 6.96144e+06
82 6.83065e+06
109 8.7275e+06
63 5.80932e+06
57 5.50575e+06
77 6.59992e+06
74 6.45612e+06
66 6.00717e+06
115 9.2182e+06
111 9.05131e+06
112 9.2074e+06
114 9.21391e+06
95 7.67845e+06
67 6.30289e+06
Thế hệ thứ: 25
97 7.92497e+06
56 5.19217e+06
93 7.62411e+06
44 4.71738e+06
117 9.76066e+06
102 8.4896e+06
91 6.96144e+06
82 6.83065e+06
109 8.7275e+06
63 5.80932e+06
57 5.50575e+06
67 6.30289e+06
74 6.45612e+06
77 6.59992e+06
66 6.00717e+06
115 9.2182e+06
111 9.05131e+06
95 7.67845e+06
112 9.2074e+06
114 9.21391e+06
116 9.47602e+06
Thế hệ thứ: 26
97 7.92497e+06
56 5.19217e+06
93 7.62411e+06
44 4.71738e+06
117 9.76066e+06
102 8.4896e+06
91 6.96144e+06
82 6.83065e+06
109 8.7275e+06
63 5.80932e+06
57 5.50575e+06
67 6.30289e+06
74 6.45612e+06
77 6.59992e+06
66 6.00717e+06
111 9.05131e+06
116 9.47602e+06
95 7.67845e+06
115 9.2182e+06
112 9.2074e+06
114 9.21391e+06
Thế hệ thứ: 27
97 7.92497e+06
56 5.19217e+06
93 7.62411e+06
44 4.71738e+06
117 9.76066e+06
102 8.4896e+06
98 8.11959e+06
91 6.96144e+06
82 6.83065e+06
109 8.7275e+06
63 5.80932e+06
57 5.50575e+06
67 6.30289e+06
74 6.45612e+06
77 6.59992e+06
66 6.00717e+06
111 9.05131e+06
116 9.47602e+06
95 7.67845e+06
115 9.2182e+06
112 9.2074e+06
114 9.21391e+06
92 7.26423e+06
Thế hệ thứ: 28
56 5.19217e+06
93 7.62411e+06
44 4.71738e+06
117 9.76066e+06
63 5.80932e+06
102 8.4896e+06
82 6.83065e+06
109 8.7275e+06
98 8.11959e+06
91 6.96144e+06
57 5.50575e+06
67 6.30289e+06
74 6.45612e+06
77 6.59992e+06
92 7.26423e+06
66 6.00717e+06
111 9.05131e+06
116 9.47602e+06
97 7.92497e+06
95 7.67845e+06
115 9.2182e+06
112 9.2074e+06
114 9.21391e+06
Thế hệ thứ: 29
56 5.19217e+06
93 7.62411e+06
44 4.71738e+06
117 9.76066e+06
63 5.80932e+06
102 8.4896e+06
82 6.83065e+06
109 8.7275e+06
98 8.11959e+06
91 6.96144e+06
57 5.50575e+06
67 6.30289e+06
74 6.45612e+06
77 6.59992e+06
92 7.26423e+06
66 6.00717e+06
111 9.05131e+06
116 9.47602e+06
97 7.92497e+06
95 7.67845e+06
115 9.2182e+06
112 9.2074e+06
114 9.21391e+06
Thế hệ thứ: 30
56 5.19217e+06
93 7.62411e+06
44 4.71738e+06
117 9.76066e+06
63 5.80932e+06
102 8.4896e+06
82 6.83065e+06
109 8.7275e+06
91 6.96144e+06
57 5.50575e+06
67 6.30289e+06
74 6.45612e+06
77 6.59992e+06
92 7.26423e+06
66 6.00717e+06
111 9.05131e+06
116 9.47602e+06
95 7.67845e+06
115 9.2182e+06
112 9.2074e+06
114 9.21391e+06
98 7.91758e+06
Thế hệ thứ: 31
56 5.19217e+06
93 7.62411e+06
84 6.54889e+06
44 4.71738e+06
117 9.76066e+06
102 8.4896e+06
98 7.91758e+06
109 8.7275e+06
91 6.96144e+06
63 5.80932e+06
57 5.50575e+06
67 6.30289e+06
74 6.45612e+06
92 7.26423e+06
66 6.00717e+06
111 9.05131e+06
116 9.47602e+06
95 7.67845e+06
115 9.2182e+06
112 9.2074e+06
114 9.21391e+06
Thế hệ thứ: 32
84 6.54889e+06
93 7.62411e+06
44 4.71738e+06
56 5.19217e+06
117 9.76066e+06
102 8.4896e+06
74 6.45612e+06
98 7.91758e+06
91 6.96144e+06
109 8.7275e+06
63 5.80932e+06
57 5.50575e+06
67 6.30289e+06
92 7.26423e+06
66 6.00717e+06
111 9.05131e+06
116 9.47602e+06
100 8.33293e+06
95 7.67845e+06
115 9.2182e+06
112 9.2074e+06
114 9.21391e+06
Thế hệ thứ: 33
84 6.54889e+06
93 7.62411e+06
44 4.71738e+06
56 5.19217e+06
117 9.76066e+06
74 6.45612e+06
91 6.96144e+06
109 8.7275e+06
63 5.80932e+06
57 5.50575e+06
102 8.4896e+06
67 6.30289e+06
98 7.91758e+06
100 8.33293e+06
95 7.67845e+06
92 7.26423e+06
66 6.00717e+06
111 9.05131e+06
116 9.47602e+06
115 9.2182e+06
112 9.2074e+06
114 9.21391e+06
Thế hệ thứ: 34
84 6.54889e+06
93 7.62411e+06
44 4.71738e+06
56 5.19217e+06
117 9.76066e+06
74 6.45612e+06
91 6.96144e+06
109 8.7275e+06
63 5.80932e+06
57 5.50575e+06
102 8.4896e+06
67 6.30289e+06
98 7.91758e+06
95 7.67845e+06
100 8.33293e+06
92 7.26423e+06
66 6.00717e+06
111 9.05131e+06
116 9.47602e+06
116 9.47602e+06
115 9.2182e+06
112 9.2074e+06
114 9.21391e+06
94 7.62598e+06
Thế hệ thứ: 35
117 9.76066e+06
84 6.54889e+06
93 7.62411e+06
44 4.71738e+06
56 5.19217e+06
74 6.45612e+06
91 6.96144e+06
109 8.7275e+06
63 5.80932e+06
57 5.50575e+06
102 8.4896e+06
67 6.30289e+06
98 7.91758e+06
95 7.67845e+06
100 8.33293e+06
92 7.26423e+06
66 6.00717e+06
111 9.05131e+06
115 9.2182e+06
112 9.2074e+06
116 9.47602e+06
116 9.47602e+06
114 9.21391e+06
94 7.62598e+06
76 6.5419e+06
96 7.87476e+06
Thế hệ thứ: 36
117 9.76066e+06
84 6.54889e+06
93 7.62411e+06
44 4.71738e+06
56 5.19217e+06
91 6.96144e+06
76 6.5419e+06
109 8.7275e+06
63 5.80932e+06
57 5.50575e+06
102 8.4896e+06
67 6.30289e+06
74 6.45612e+06
95 7.67845e+06
100 8.33293e+06
92 7.26423e+06
66 6.00717e+06
98 7.91758e+06
111 9.05131e+06
96 7.87476e+06
115 9.2182e+06
112 9.2074e+06
116 9.47602e+06
116 9.47602e+06
114 9.21391e+06
94 7.62598e+06
Thế hệ thứ: 37
117 9.76066e+06
84 6.54889e+06
93 7.62411e+06
44 4.71738e+06
56 5.19217e+06
91 6.96144e+06
76 6.5419e+06
109 8.7275e+06
63 5.80932e+06
57 5.50575e+06
102 8.4896e+06
67 6.30289e+06
74 6.45612e+06
95 7.67845e+06
92 7.26423e+06
66 6.00717e+06
98 7.91758e+06
111 9.05131e+06
96 7.87476e+06
115 9.2182e+06
112 9.2074e+06
116 9.47602e+06
116 9.47602e+06
114 9.21391e+06
94 7.62598e+06
85 6.82086e+06
100 8.24879e+06
Thế hệ thứ: 38
117 9.76066e+06
56 5.19217e+06
84 6.54889e+06
93 7.62411e+06
44 4.71738e+06
76 6.5419e+06
109 8.7275e+06
102 8.4896e+06
63 5.80932e+06
57 5.50575e+06
91 6.96144e+06
85 6.82086e+06
74 6.45612e+06
100 8.24879e+06
92 7.26423e+06
66 6.00717e+06
111 9.05131e+06
98 7.91758e+06
96 7.87476e+06
115 9.2182e+06
95 7.67845e+06
112 9.2074e+06
116 9.47602e+06
116 9.47602e+06
114 9.21391e+06
94 7.62598e+06
68 6.29318e+06
Thế hệ thứ: 39
117 9.76066e+06
56 5.19217e+06
84 6.54889e+06
93 7.62411e+06
44 4.71738e+06
76 6.5419e+06
109 8.7275e+06
102 8.4896e+06
63 5.80932e+06
57 5.50575e+06
68 6.29318e+06
91 6.96144e+06
85 6.82086e+06
100 8.24879e+06
66 6.00717e+06
74 6.45612e+06
92 7.26423e+06
111 9.05131e+06
98 7.91758e+06
96 7.87476e+06
115 9.2182e+06
112 9.2074e+06
116 9.47602e+06
116 9.47602e+06
114 9.21391e+06
94 7.62598e+06
95 7.65116e+06
73 6.43465e+06
Thế hệ thứ: 40
117 9.76066e+06
56 5.19217e+06
84 6.54889e+06
93 7.62411e+06
44 4.71738e+06
76 6.5419e+06
109 8.7275e+06
102 8.4896e+06
63 5.80932e+06
57 5.50575e+06
91 6.96144e+06
68 6.29318e+06
85 6.82086e+06
100 8.24879e+06
66 6.00717e+06
92 7.26423e+06
111 9.05131e+06
98 7.91758e+06
73 6.43465e+06
115 9.2182e+06
95 7.65116e+06
112 9.2074e+06
116 9.47602e+06
116 9.47602e+06
74 6.45612e+06
114 9.21391e+06
94 7.62598e+06
96 7.81567e+06
Thế hệ thứ: 41
117 9.76066e+06
56 5.19217e+06
84 6.54889e+06
93 7.62411e+06
44 4.71738e+06
76 6.5419e+06
109 8.7275e+06
102 8.4896e+06
63 5.80932e+06
57 5.50575e+06
91 6.96144e+06
68 6.29318e+06
85 6.82086e+06
100 8.24879e+06
66 6.00717e+06
92 7.26423e+06
98 7.91758e+06
111 9.05131e+06
73 6.43465e+06
96 7.81567e+06
115 9.2182e+06
112 9.2074e+06
116 9.47602e+06
116 9.47602e+06
95 7.65116e+06
74 6.45612e+06
114 9.21391e+06
94 7.62598e+06
Thế hệ thứ: 42
117 9.76066e+06
56 5.19217e+06
84 6.54889e+06
93 7.62411e+06
44 4.71738e+06
76 6.5419e+06
109 8.7275e+06
102 8.4896e+06
63 5.80932e+06
57 5.50575e+06
91 6.96144e+06
68 6.29318e+06
100 8.24879e+06
66 6.00717e+06
92 7.26423e+06
98 7.91758e+06
111 9.05131e+06
73 6.43465e+06
96 7.81567e+06
115 9.2182e+06
112 9.2074e+06
116 9.47602e+06
116 9.47602e+06
95 7.65116e+06
74 6.45612e+06
114 9.21391e+06
94 7.62598e+06
87 6.74122e+06
Thế hệ thứ: 43
117 9.76066e+06
84 6.54889e+06
93 7.62411e+06
44 4.71738e+06
56 5.19217e+06
76 6.5419e+06
109 8.7275e+06
102 8.4896e+06
63 5.80932e+06
57 5.50575e+06
68 6.29318e+06
87 6.74122e+06
91 6.96144e+06
100 8.24879e+06
66 6.00717e+06
92 7.26423e+06
98 7.91758e+06
111 9.05131e+06
73 6.43465e+06
115 9.2182e+06
112 9.2074e+06
116 9.47602e+06
116 9.47602e+06
95 7.65116e+06
74 6.45612e+06
114 9.21391e+06
94 7.62598e+06
96 7.77907e+06
Thế hệ thứ: 44
117 9.76066e+06
84 6.54889e+06
93 7.62411e+06
44 4.71738e+06
56 5.19217e+06
76 6.5419e+06
109 8.7275e+06
102 8.4896e+06
63 5.80932e+06
57 5.50575e+06
68 6.29318e+06
87 6.74122e+06
91 6.96144e+06
100 8.24879e+06
96 7.77907e+06
66 6.00717e+06
92 7.26423e+06
98 7.91758e+06
111 9.05131e+06
73 6.43465e+06
115 9.2182e+06
112 9.2074e+06
116 9.47602e+06
116 9.47602e+06
74 6.45612e+06
95 7.65116e+06
114 9.21391e+06
94 7.62598e+06
Thế hệ thứ: 45
84 6.54889e+06
93 7.62411e+06
44 4.71738e+06
56 5.19217e+06
117 9.76066e+06
76 6.5419e+06
109 8.7275e+06
102 8.4896e+06
63 5.80932e+06
57 5.50575e+06
68 6.29318e+06
87 6.74122e+06
91 6.96144e+06
100 8.24879e+06
96 7.77907e+06
66 6.00717e+06
92 7.26423e+06
98 7.91758e+06
111 9.05131e+06
73 6.43465e+06
115 9.2182e+06
116 9.47602e+06
116 9.47602e+06
74 6.45612e+06
95 7.65116e+06
94 7.62598e+06
114 9.19903e+06
Thế hệ thứ: 46
84 6.54889e+06
93 7.62411e+06
44 4.71738e+06
56 5.19217e+06
117 9.76066e+06
76 6.5419e+06
109 8.7275e+06
102 8.4896e+06
63 5.80932e+06
57 5.50575e+06
68 6.29318e+06
87 6.74122e+06
91 6.96144e+06
100 8.24879e+06
96 7.77907e+06
66 6.00717e+06
111 9.05131e+06
92 7.26423e+06
98 7.91758e+06
73 6.43465e+06
114 9.19903e+06
115 9.2182e+06
116 9.47602e+06
116 9.47602e+06
74 6.45612e+06
95 7.65116e+06
94 7.62598e+06
Thế hệ thứ: 47
84 6.54889e+06
44 4.71738e+06
56 5.19217e+06
117 9.76066e+06
76 6.5419e+06
109 8.7275e+06
102 8.4896e+06
63 5.80932e+06
57 5.50575e+06
68 6.29318e+06
87 6.74122e+06
91 6.96144e+06
96 7.77907e+06
100 8.24879e+06
66 6.00717e+06
111 9.05131e+06
92 7.26423e+06
98 7.91758e+06
73 6.43465e+06
114 9.19903e+06
115 9.2182e+06
116 9.47602e+06
116 9.47602e+06
74 6.45612e+06
95 7.65116e+06
94 7.62598e+06
93 7.48247e+06
Thế hệ thứ: 48
84 6.54889e+06
44 4.71738e+06
56 5.19217e+06
117 9.76066e+06
76 6.5419e+06
109 8.7275e+06
102 8.4896e+06
63 5.80932e+06
57 5.50575e+06
68 6.29318e+06
87 6.74122e+06
91 6.96144e+06
96 7.77907e+06
100 8.24879e+06
66 6.00717e+06
111 9.05131e+06
98 7.91758e+06
92 7.26423e+06
73 6.43465e+06
93 7.48247e+06
114 9.19903e+06
115 9.2182e+06
116 9.47602e+06
116 9.47602e+06
74 6.45612e+06
94 7.62598e+06
95 7.65116e+06
Thế hệ thứ: 49
84 6.54889e+06
44 4.71738e+06
56 5.19217e+06
117 9.76066e+06
109 8.7275e+06
102 8.4896e+06
63 5.80932e+06
57 5.50575e+06
68 6.29318e+06
87 6.74122e+06
91 6.96144e+06
96 7.77907e+06
100 8.24879e+06
66 6.00717e+06
111 9.05131e+06
98 7.91758e+06
92 7.26423e+06
73 6.43465e+06
93 7.48247e+06
114 9.19903e+06
115 9.2182e+06
116 9.47602e+06
116 9.47602e+06
74 6.45612e+06
94 7.62598e+06
95 7.65116e+06
103 8.60748e+06
83 6.52865e+06
90 6.95371e+06
