Thế hệ thứ: 0
45 2.95862e+06
42 2.7102e+06
48 4.00329e+06
47 3.29551e+06
50 4.30382e+06
Thế hệ thứ: 1
42 2.7102e+06
50 4.30382e+06
49 2.95509e+06
43 2.83292e+06
41 2.64968e+06
Thế hệ thứ: 2
49 2.95509e+06
49 2.95509e+06
43 2.83292e+06
42 2.7102e+06
41 2.64968e+06
50 3.44217e+06
35 2.49234e+06
47 2.90608e+06
40 2.60805e+06
Thế hệ thứ: 3
49 2.95509e+06
49 2.95509e+06
44 2.61391e+06
43 2.40252e+06
46 2.71545e+06
47 2.81022e+06
50 3.29822e+06
45 2.62295e+06
Thế hệ thứ: 4
43 2.40252e+06
49 2.95509e+06
49 2.95509e+06
47 2.81022e+06
47 2.81022e+06
45 2.53521e+06
50 3.29822e+06
46 2.60337e+06
32 2.06061e+06
40 2.22697e+06
27 2.03577e+06
Thế hệ thứ: 5
45 2.53521e+06
50 3.29822e+06
50 3.29822e+06
49 2.95509e+06
49 2.95509e+06
43 2.40252e+06
47 2.81022e+06
47 2.81022e+06
27 2.03577e+06
32 2.06061e+06
46 2.60337e+06
41 2.11166e+06
48 2.85124e+06
35 2.06611e+06
34 2.06433e+06
Thế hệ thứ: 6
47 2.81022e+06
47 2.81022e+06
46 2.60337e+06
45 2.53521e+06
50 3.29822e+06
50 3.29822e+06
27 2.03577e+06
49 2.95509e+06
49 2.95509e+06
34 2.06433e+06
43 2.40252e+06
35 2.06611e+06
32 2.06061e+06
48 2.85124e+06
42 2.11766e+06
41 2.10451e+06
Thế hệ thứ: 7
47 2.81022e+06
47 2.81022e+06
35 2.06611e+06
50 3.29822e+06
50 3.29822e+06
45 2.53521e+06
41 2.10451e+06
49 2.95509e+06
49 2.95509e+06
43 2.40252e+06
48 2.85124e+06
42 2.11766e+06
46 2.57825e+06
27 1.98897e+06
34 2.01373e+06
Thế hệ thứ: 8
42 2.11766e+06
47 2.81022e+06
47 2.81022e+06
35 2.06611e+06
45 2.53521e+06
49 2.95509e+06
49 2.95509e+06
27 1.98897e+06
34 2.01373e+06
46 2.57825e+06
43 2.40252e+06
48 2.85124e+06
41 2.10387e+06
50 3.18629e+06
Thế hệ thứ: 9
35 2.06611e+06
46 2.57825e+06
41 2.10387e+06
42 2.11766e+06
43 2.40252e+06
47 2.81022e+06
47 2.81022e+06
48 2.85124e+06
50 3.18629e+06
50 3.18629e+06
27 1.98897e+06
34 2.01373e+06
45 2.51271e+06
49 2.90533e+06
Thế hệ thứ: 10
41 2.10387e+06
49 2.90533e+06
27 1.98897e+06
42 2.11766e+06
43 2.40252e+06
48 2.85124e+06
34 2.01373e+06
50 3.18629e+06
50 3.18629e+06
45 2.51271e+06
47 2.78904e+06
46 2.54476e+06
44 2.42755e+06
35 2.02556e+06
Thế hệ thứ: 11
43 2.40252e+06
46 2.54476e+06
49 2.90533e+06
44 2.42755e+06
41 2.10387e+06
42 2.11766e+06
27 1.98897e+06
35 2.02556e+06
48 2.85124e+06
34 2.01373e+06
47 2.78904e+06
45 2.51271e+06
50 2.99569e+06
36 2.03082e+06
Thế hệ thứ: 12
45 2.51271e+06
43 2.40252e+06
44 2.42755e+06
41 2.10387e+06
49 2.90533e+06
36 2.03082e+06
46 2.54476e+06
27 1.98897e+06
35 2.02556e+06
48 2.85124e+06
50 2.99569e+06
34 2.01373e+06
47 2.78904e+06
42 2.11307e+06
Thế hệ thứ: 13
44 2.42755e+06
41 2.10387e+06
49 2.90533e+06
36 2.03082e+06
35 2.02556e+06
48 2.85124e+06
50 2.99569e+06
43 2.40252e+06
45 2.51271e+06
42 2.11307e+06
46 2.54476e+06
47 2.78904e+06
27 1.98897e+06
34 2.00894e+06
Thế hệ thứ: 14
43 2.40252e+06
45 2.51271e+06
50 2.99569e+06
36 2.03082e+06
44 2.42755e+06
41 2.10387e+06
34 2.00894e+06
42 2.11307e+06
35 2.02556e+06
27 1.98897e+06
48 2.85124e+06
47 2.78904e+06
49 2.87995e+06
46 2.52439e+06
Thế hệ thứ: 15
27 1.98897e+06
34 2.00894e+06
46 2.52439e+06
48 2.85124e+06
50 2.99569e+06
45 2.51271e+06
47 2.78904e+06
43 2.40252e+06
49 2.87995e+06
36 2.03082e+06
41 2.10387e+06
44 2.42755e+06
42 2.11307e+06
35 2.02556e+06
Thế hệ thứ: 16
35 2.02556e+06
27 1.98897e+06
48 2.85124e+06
34 2.00894e+06
46 2.52439e+06
47 2.78904e+06
45 2.51271e+06
50 2.99569e+06
41 2.10387e+06
44 2.42755e+06
43 2.40252e+06
49 2.87995e+06
28 1.99818e+06
36 2.03082e+06
42 2.11307e+06
Thế hệ thứ: 17
35 2.02556e+06
34 2.00894e+06
46 2.52439e+06
48 2.85124e+06
47 2.78904e+06
28 1.99818e+06
36 2.03082e+06
42 2.11307e+06
45 2.51271e+06
50 2.99569e+06
44 2.42755e+06
41 2.10387e+06
43 2.40252e+06
49 2.87995e+06
27 1.98861e+06
Thế hệ thứ: 18
35 2.02556e+06
44 2.42755e+06
41 2.10387e+06
48 2.85124e+06
34 2.00894e+06
46 2.52439e+06
43 2.40252e+06
47 2.78904e+06
49 2.87995e+06
36 2.03082e+06
28 1.99818e+06
42 2.11307e+06
45 2.51271e+06
50 2.99569e+06
27 1.98861e+06
Thế hệ thứ: 19
45 2.51271e+06
47 2.78904e+06
35 2.02556e+06
44 2.42755e+06
41 2.10387e+06
27 1.96156e+06
36 2.03082e+06
28 1.99818e+06
48 2.85124e+06
42 2.11307e+06
46 2.52439e+06
34 2.00894e+06
50 2.99569e+06
43 2.40252e+06
49 2.87995e+06
37 2.093e+06
Thế hệ thứ: 20
28 1.99818e+06
36 2.03082e+06
27 1.96156e+06
49 2.87995e+06
47 2.78904e+06
45 2.51271e+06
35 2.02556e+06
34 2.00894e+06
46 2.52439e+06
48 2.85124e+06
42 2.11307e+06
50 2.99569e+06
44 2.17995e+06
37 2.093e+06
41 2.09813e+06
Thế hệ thứ: 21
28 1.99818e+06
36 2.03082e+06
27 1.96156e+06
37 2.093e+06
44 2.17995e+06
45 2.51271e+06
41 2.09813e+06
35 2.02556e+06
46 2.52439e+06
34 2.00894e+06
49 2.87995e+06
47 2.78904e+06
48 2.85124e+06
42 2.11307e+06
50 2.99569e+06
Thế hệ thứ: 22
35 2.02556e+06
46 2.52439e+06
34 2.00894e+06
37 2.093e+06
44 2.17995e+06
28 1.99818e+06
36 2.03082e+06
27 1.96156e+06
45 2.51271e+06
49 2.87995e+06
41 2.09813e+06
50 2.99569e+06
47 2.78904e+06
48 2.85124e+06
42 2.11107e+06
Thế hệ thứ: 23
35 2.02556e+06
46 2.52439e+06
34 2.00894e+06
36 2.03082e+06
28 1.99818e+06
27 1.96156e+06
37 2.093e+06
44 2.17995e+06
45 2.51271e+06
42 2.11107e+06
49 2.87995e+06
41 2.09813e+06
50 2.99569e+06
47 2.78904e+06
48 2.85124e+06
Thế hệ thứ: 24
27 1.96156e+06
36 2.03082e+06
28 1.99818e+06
41 2.09813e+06
35 2.02556e+06
49 2.87995e+06
46 2.52439e+06
34 2.00894e+06
50 2.99569e+06
44 2.17995e+06
37 2.093e+06
45 2.51271e+06
42 2.11107e+06
48 2.85124e+06
47 2.78443e+06
Thế hệ thứ: 25
34 2.00894e+06
46 2.52439e+06
42 2.11107e+06
27 1.96156e+06
36 2.03082e+06
28 1.99818e+06
41 2.09813e+06
35 2.02556e+06
47 2.78443e+06
50 2.99569e+06
48 2.85124e+06
45 2.51271e+06
37 2.093e+06
44 2.17995e+06
49 2.87995e+06
Thế hệ thứ: 26
27 1.96156e+06
36 2.03082e+06
28 1.99818e+06
44 2.17995e+06
37 2.093e+06
42 2.11107e+06
34 2.00894e+06
46 2.52439e+06
41 2.09813e+06
47 2.78443e+06
50 2.99569e+06
48 2.85124e+06
45 2.51271e+06
49 2.87995e+06
35 2.02339e+06
Thế hệ thứ: 27
44 2.17995e+06
37 2.093e+06
36 2.03082e+06
27 1.96156e+06
28 1.99818e+06
45 2.51271e+06
41 2.09813e+06
42 2.11107e+06
46 2.52439e+06
34 2.00894e+06
47 2.78443e+06
50 2.99569e+06
35 2.02339e+06
48 2.85124e+06
49 2.87995e+06
Thế hệ thứ: 28
41 2.09813e+06
49 2.87995e+06
28 1.99818e+06
27 1.96156e+06
36 2.03082e+06
44 2.17995e+06
37 2.093e+06
46 2.52439e+06
34 2.00894e+06
47 2.78443e+06
45 2.51271e+06
50 2.99569e+06
48 2.85124e+06
35 2.02339e+06
42 2.11107e+06
Thế hệ thứ: 29
36 2.03082e+06
27 1.96156e+06
28 1.99818e+06
37 2.093e+06
44 2.17995e+06
41 2.09813e+06
42 2.11107e+06
34 2.00894e+06
46 2.52439e+06
48 2.85124e+06
35 2.02339e+06
49 2.87995e+06
47 2.78443e+06
45 2.51271e+06
50 2.99569e+06
Thế hệ thứ: 30
49 2.87995e+06
50 2.99569e+06
35 2.02339e+06
48 2.85124e+06
34 2.00894e+06
46 2.52439e+06
36 2.03082e+06
27 1.96156e+06
28 1.99818e+06
44 2.17995e+06
37 2.093e+06
47 2.78443e+06
45 2.51271e+06
41 2.09813e+06
42 2.11107e+06
Thế hệ thứ: 31
37 2.093e+06
44 2.17995e+06
28 1.99818e+06
36 2.03082e+06
27 1.96156e+06
49 2.87995e+06
50 2.99569e+06
34 2.00894e+06
46 2.52439e+06
35 2.02339e+06
48 2.85124e+06
47 2.78443e+06
45 2.51271e+06
41 2.09813e+06
42 2.11107e+06
Thế hệ thứ: 32
37 2.093e+06
44 2.17995e+06
50 2.99569e+06
35 2.02339e+06
34 2.00894e+06
46 2.52439e+06
27 1.96156e+06
36 2.03082e+06
28 1.99818e+06
41 2.09813e+06
42 2.11107e+06
45 2.49091e+06
49 2.66755e+06
Thế hệ thứ: 33
35 2.02339e+06
42 2.11107e+06
36 2.03082e+06
27 1.96156e+06
37 2.093e+06
44 2.17995e+06
45 2.49091e+06
50 2.99569e+06
41 2.09813e+06
46 2.52439e+06
34 2.00894e+06
49 2.66755e+06
28 1.96717e+06
Thế hệ thứ: 34
42 2.11107e+06
35 2.02339e+06
34 2.00894e+06
46 2.52439e+06
27 1.96156e+06
36 2.03082e+06
37 2.093e+06
44 2.17995e+06
49 2.66755e+06
45 2.49091e+06
28 1.96717e+06
50 2.99569e+06
41 2.09813e+06
Thế hệ thứ: 35
34 2.00894e+06
35 2.02339e+06
42 2.11107e+06
37 2.093e+06
44 2.17995e+06
50 2.99569e+06
49 2.66755e+06
41 2.09813e+06
36 2.03082e+06
27 1.96156e+06
28 1.96717e+06
47 2.48933e+06
Thế hệ thứ: 36
37 2.093e+06
44 2.17995e+06
42 2.11107e+06
35 2.02339e+06
34 2.00894e+06
47 2.48933e+06
50 2.99569e+06
27 1.96156e+06
36 2.03082e+06
28 1.96717e+06
49 2.66368e+06
41 2.09613e+06
Thế hệ thứ: 37
37 2.093e+06
44 2.17995e+06
27 1.96156e+06
36 2.03082e+06
41 2.09613e+06
28 1.96717e+06
49 2.66368e+06
42 2.11107e+06
35 2.02339e+06
50 2.99569e+06
34 2.00894e+06
48 2.30765e+06
Thế hệ thứ: 38
36 2.03082e+06
37 2.093e+06
44 2.17995e+06
48 2.30765e+06
41 2.09613e+06
28 1.96717e+06
49 2.66368e+06
42 2.11107e+06
35 2.02339e+06
50 2.99569e+06
34 2.00894e+06
27 1.95661e+06
47 2.2985e+06
Thế hệ thứ: 39
41 2.09613e+06
37 2.093e+06
44 2.17995e+06
36 2.03082e+06
27 1.95661e+06
48 2.30765e+06
28 1.96717e+06
49 2.66368e+06
42 2.11107e+06
35 2.02339e+06
34 2.00894e+06
47 2.2985e+06
50 2.6896e+06
Thế hệ thứ: 40
48 2.30765e+06
41 2.09613e+06
37 2.093e+06
44 2.17995e+06
28 1.96717e+06
47 2.2985e+06
42 2.11107e+06
49 2.66368e+06
36 2.03082e+06
27 1.95661e+06
34 2.00894e+06
50 2.67783e+06
35 2.01936e+06
Thế hệ thứ: 41
49 2.66368e+06
48 2.30765e+06
41 2.09613e+06
37 2.093e+06
44 2.17995e+06
47 2.2985e+06
28 1.96717e+06
35 2.01936e+06
42 2.11107e+06
36 2.03082e+06
50 2.67783e+06
27 1.95661e+06
34 2.00894e+06
Thế hệ thứ: 42
49 2.66368e+06
27 1.95661e+06
48 2.30765e+06
37 2.093e+06
44 2.17995e+06
36 2.03082e+06
41 2.09613e+06
47 2.2985e+06
34 2.00894e+06
28 1.96717e+06
35 2.01936e+06
42 2.11107e+06
50 2.67783e+06
Thế hệ thứ: 43
49 2.66368e+06
48 2.30765e+06
27 1.95661e+06
41 2.09613e+06
28 1.96717e+06
47 2.2985e+06
37 2.093e+06
44 2.17995e+06
50 2.67783e+06
50 2.67783e+06
34 2.00894e+06
36 2.03082e+06
42 2.11107e+06
35 2.01936e+06
Thế hệ thứ: 44
49 2.66368e+06
27 1.95661e+06
48 2.30765e+06
41 2.09613e+06
47 2.2985e+06
28 1.96717e+06
37 2.093e+06
44 2.17995e+06
50 2.67783e+06
50 2.67783e+06
34 2.00894e+06
36 2.03082e+06
42 2.11107e+06
35 2.01936e+06
Thế hệ thứ: 45
36 2.03082e+06
50 2.67783e+06
50 2.67783e+06
34 2.00894e+06
49 2.66368e+06
48 2.30765e+06
27 1.95661e+06
35 2.01936e+06
41 2.09613e+06
47 2.2985e+06
28 1.96717e+06
44 2.17995e+06
37 2.093e+06
42 2.11107e+06
Thế hệ thứ: 46
50 2.67783e+06
50 2.67783e+06
27 1.95661e+06
41 2.09613e+06
47 2.2985e+06
28 1.96717e+06
37 2.093e+06
44 2.17995e+06
42 2.11107e+06
36 1.98876e+06
49 2.65572e+06
48 2.29911e+06
Thế hệ thứ: 47
37 2.093e+06
44 2.17995e+06
50 2.67783e+06
50 2.67783e+06
42 2.11107e+06
36 1.98876e+06
41 2.09613e+06
48 2.29911e+06
47 2.2985e+06
49 2.65572e+06
28 1.96717e+06
27 1.92219e+06
Thế hệ thứ: 48
50 2.67783e+06
50 2.67783e+06
37 2.093e+06
44 2.17995e+06
42 2.11107e+06
41 2.09613e+06
36 1.98876e+06
48 2.29911e+06
28 1.96717e+06
47 2.2985e+06
27 1.92219e+06
49 2.63592e+06
Thế hệ thứ: 49
37 2.093e+06
44 2.17995e+06
50 2.67783e+06
50 2.67783e+06
42 2.11107e+06
41 2.09613e+06
27 1.92219e+06
36 1.98876e+06
28 1.96717e+06
48 2.29109e+06
49 2.61092e+06
