Thế hệ thứ: 0
66 6.70379e+06
68 7.49445e+06
62 6.28133e+06
88 8.63627e+06
64 6.31301e+06
69 8.3357e+06
48 5.99371e+06
91 1.09806e+07
100 1.27854e+07
89 1.01404e+07
93 1.22294e+07
Thế hệ thứ: 1
100 1.27854e+07
42 4.01047e+06
89 1.01404e+07
88 8.63627e+06
93 1.08571e+07
92 1.06378e+07
69 5.85719e+06
61 5.76796e+06
97 1.14346e+07
77 8.04775e+06
Thế hệ thứ: 2
42 4.01047e+06
69 5.85719e+06
61 5.76796e+06
88 8.63627e+06
100 1.27854e+07
97 1.14346e+07
89 1.01404e+07
92 1.04887e+07
84 7.3386e+06
98 1.22822e+07
95 1.07021e+07
53 5.6953e+06
77 6.75074e+06
Thế hệ thứ: 3
97 1.14346e+07
69 5.85719e+06
43 3.68602e+06
92 1.04887e+07
89 1.01404e+07
61 5.76796e+06
88 8.63627e+06
95 1.07021e+07
84 7.3386e+06
52 4.43558e+06
76 6.1704e+06
78 6.5302e+06
100 1.15386e+07
51 3.88417e+06
56 5.66546e+06
96 1.08084e+07
Thế hệ thứ: 4
96 1.08084e+07
88 8.63627e+06
52 4.43558e+06
78 6.5302e+06
97 1.14346e+07
43 3.68602e+06
92 1.04887e+07
89 1.01404e+07
84 7.3386e+06
76 6.1704e+06
100 1.15386e+07
95 1.07021e+07
51 3.88417e+06
72 5.61972e+06
36 3.36153e+06
Thế hệ thứ: 5
88 8.63627e+06
96 1.08084e+07
78 6.5302e+06
97 1.14346e+07
43 3.68602e+06
92 1.04887e+07
84 7.3386e+06
76 6.1704e+06
100 1.15386e+07
95 1.07021e+07
51 3.88417e+06
72 5.61972e+06
36 3.36153e+06
91 9.78292e+06
54 4.41128e+06
Thế hệ thứ: 6
43 3.68602e+06
100 1.15386e+07
76 6.1704e+06
96 1.08084e+07
88 8.63627e+06
51 3.88417e+06
95 1.07021e+07
97 1.14346e+07
72 5.61972e+06
36 3.36153e+06
84 7.3386e+06
58 4.681e+06
71 5.61667e+06
54 4.2328e+06
92 8.77582e+06
83 6.34019e+06
42 3.4977e+06
Thế hệ thứ: 7
43 3.68602e+06
76 6.1704e+06
100 1.15386e+07
97 1.14346e+07
36 3.36153e+06
72 5.61972e+06
42 3.4977e+06
96 1.08084e+07
68 5.38452e+06
71 5.61667e+06
54 4.2328e+06
88 8.63627e+06
58 4.681e+06
51 3.88417e+06
84 7.3386e+06
95 1.07021e+07
59 4.82219e+06
83 6.34019e+06
92 8.77582e+06
65 5.09297e+06
57 4.63469e+06
Thế hệ thứ: 8
100 1.15386e+07
76 6.1704e+06
54 4.2328e+06
43 3.68602e+06
71 5.61667e+06
68 5.38452e+06
36 3.36153e+06
72 5.61972e+06
42 3.4977e+06
58 4.681e+06
51 3.88417e+06
84 7.3386e+06
95 1.07021e+07
83 6.34019e+06
92 8.77582e+06
65 5.09297e+06
57 4.63469e+06
63 4.7345e+06
89 8.01131e+06
97 1.07965e+07
34 3.2011e+06
Thế hệ thứ: 9
51 3.88417e+06
84 7.3386e+06
58 4.681e+06
57 4.63469e+06
34 3.2011e+06
54 4.2328e+06
89 8.01131e+06
76 6.1704e+06
95 1.07021e+07
43 3.68602e+06
83 6.34019e+06
92 8.77582e+06
97 1.07965e+07
68 5.38452e+06
71 5.61667e+06
36 3.36153e+06
72 5.61972e+06
65 5.09297e+06
63 4.7345e+06
42 3.4977e+06
55 4.54712e+06
52 4.20803e+06
100 1.08605e+07
Thế hệ thứ: 10
84 7.3386e+06
51 3.88417e+06
92 8.77582e+06
58 4.681e+06
55 4.54712e+06
68 5.38452e+06
71 5.61667e+06
57 4.63469e+06
34 3.2011e+06
54 4.2328e+06
97 1.07965e+07
76 6.1704e+06
89 8.01131e+06
72 5.61972e+06
36 3.36153e+06
63 4.7345e+06
95 1.07021e+07
65 5.09297e+06
83 6.34019e+06
52 4.20803e+06
52 4.20803e+06
100 1.08605e+07
66 5.16395e+06
50 3.46577e+06
Thế hệ thứ: 11
92 8.77582e+06
63 4.7345e+06
36 3.36153e+06
51 3.88417e+06
99 1.07211e+07
84 7.3386e+06
58 4.681e+06
54 4.2328e+06
55 4.54712e+06
57 4.63469e+06
89 8.01131e+06
76 6.1704e+06
34 3.2011e+06
95 1.07021e+07
83 6.34019e+06
52 4.20803e+06
52 4.20803e+06
100 1.08605e+07
50 3.46577e+06
74 5.02857e+06
Thế hệ thứ: 12
63 4.7345e+06
92 8.77582e+06
54 4.2328e+06
55 4.54712e+06
36 3.36153e+06
84 7.3386e+06
51 3.88417e+06
57 4.63469e+06
34 3.2011e+06
76 6.1704e+06
89 8.01131e+06
74 5.02857e+06
58 4.681e+06
83 6.34019e+06
50 3.46577e+06
52 4.20803e+06
52 4.20803e+06
59 4.68101e+06
61 4.73379e+06
100 1.03374e+07
33 3.15278e+06
Thế hệ thứ: 13
92 8.77582e+06
63 4.7345e+06
54 4.2328e+06
76 6.1704e+06
89 8.01131e+06
74 5.02857e+06
58 4.681e+06
59 4.68101e+06
55 4.54712e+06
36 3.36153e+06
61 4.73379e+06
83 6.34019e+06
33 3.15278e+06
84 7.3386e+06
50 3.46577e+06
51 3.88417e+06
100 1.03374e+07
57 4.63469e+06
34 3.2011e+06
52 4.20803e+06
52 4.20803e+06
49 3.46561e+06
Thế hệ thứ: 14
63 4.7345e+06
92 8.77582e+06
84 7.3386e+06
33 3.15278e+06
61 4.73379e+06
76 6.1704e+06
89 8.01131e+06
74 5.02857e+06
54 4.2328e+06
59 4.68101e+06
83 6.34019e+06
50 3.46577e+06
51 3.88417e+06
100 1.03374e+07
41 3.28727e+06
34 3.2011e+06
49 3.46561e+06
58 4.35726e+06
53 4.20111e+06
Thế hệ thứ: 15
92 8.77582e+06
100 1.03374e+07
84 7.3386e+06
33 3.15278e+06
53 4.20111e+06
74 5.02857e+06
89 8.01131e+06
54 4.2328e+06
41 3.28727e+06
50 3.46577e+06
34 3.2011e+06
51 3.88417e+06
49 3.46561e+06
83 6.34019e+06
60 4.33564e+06
64 4.62019e+06
76 5.97814e+06
Thế hệ thứ: 16
92 8.77582e+06
60 4.33564e+06
76 5.97814e+06
100 1.03374e+07
33 3.15278e+06
84 7.3386e+06
64 4.62019e+06
51 3.88417e+06
50 3.46577e+06
34 3.2011e+06
53 4.20111e+06
83 6.34019e+06
89 8.01131e+06
74 5.02857e+06
49 3.46561e+06
54 4.2328e+06
41 3.28727e+06
Thế hệ thứ: 17
92 8.77582e+06
60 4.33564e+06
34 3.2011e+06
49 3.46561e+06
89 8.01131e+06
74 5.02857e+06
50 3.46577e+06
76 5.97814e+06
100 1.03374e+07
84 7.3386e+06
33 3.15278e+06
54 4.2328e+06
64 4.62019e+06
53 4.20111e+06
83 6.34019e+06
41 3.28727e+06
51 3.88417e+06
86 7.44195e+06
Thế hệ thứ: 18
92 8.77582e+06
60 4.33564e+06
33 3.15278e+06
87 7.05489e+06
89 8.01131e+06
74 5.02857e+06
49 3.46561e+06
34 3.2011e+06
50 3.46577e+06
41 3.28727e+06
51 3.88417e+06
54 4.2328e+06
53 4.20111e+06
64 4.62019e+06
76 5.97814e+06
100 1.03374e+07
83 6.34019e+06
Thế hệ thứ: 19
76 5.97814e+06
92 8.77582e+06
60 4.33564e+06
33 3.15278e+06
51 3.88417e+06
53 4.20111e+06
87 7.05489e+06
74 5.02857e+06
54 4.2328e+06
49 3.46561e+06
34 3.2011e+06
64 4.62019e+06
50 3.46577e+06
41 3.28727e+06
100 1.03374e+07
83 6.34019e+06
50 3.46577e+06
48 3.45669e+06
94 9.83489e+06
89 7.48805e+06
Thế hệ thứ: 20
64 4.62019e+06
89 7.48805e+06
94 9.83489e+06
34 3.2011e+06
92 8.77582e+06
60 4.33564e+06
48 3.45669e+06
50 3.46577e+06
33 3.15278e+06
50 3.46577e+06
41 3.28727e+06
74 5.02857e+06
100 1.03374e+07
83 6.34019e+06
49 3.46561e+06
55 3.8611e+06
87 6.63734e+06
77 5.65018e+06
32 3.03439e+06
Thế hệ thứ: 21
50 3.46577e+06
64 4.62019e+06
74 5.02857e+06
49 3.46561e+06
32 3.03439e+06
87 6.63734e+06
100 1.03374e+07
89 7.48805e+06
83 6.34019e+06
34 3.2011e+06
50 3.46577e+06
82 5.9693e+06
60 4.33564e+06
48 3.45669e+06
55 3.8611e+06
41 3.28727e+06
76 5.21007e+06
88 7.00691e+06
78 5.67597e+06
77 5.64677e+06
95 8.77266e+06
33 3.14003e+06
51 3.78989e+06
Thế hệ thứ: 22
34 3.2011e+06
49 3.46561e+06
48 3.45669e+06
33 3.14003e+06
95 8.77266e+06
50 3.46577e+06
64 4.62019e+06
78 5.67597e+06
77 5.64677e+06
55 3.8611e+06
74 5.02857e+06
88 7.00691e+06
41 3.28727e+06
76 5.21007e+06
32 3.03439e+06
50 3.46577e+06
87 6.63734e+06
60 4.33564e+06
82 5.9693e+06
100 1.03374e+07
51 3.78989e+06
89 7.48805e+06
83 6.34019e+06
63 4.61935e+06
68 4.73039e+06
Thế hệ thứ: 23
48 3.45669e+06
55 3.8611e+06
49 3.46561e+06
63 4.61935e+06
77 5.64677e+06
74 5.02857e+06
88 7.00691e+06
50 3.46577e+06
64 4.62019e+06
78 5.67597e+06
95 8.77266e+06
41 3.28727e+06
76 5.21007e+06
50 3.46577e+06
87 6.63734e+06
82 5.9693e+06
60 4.33564e+06
100 1.03374e+07
51 3.78989e+06
89 7.48805e+06
83 6.34019e+06
68 4.73039e+06
33 3.0089e+06
79 5.84757e+06
34 3.14273e+06
42 3.42942e+06
Thế hệ thứ: 24
48 3.45669e+06
63 4.61935e+06
49 3.46561e+06
55 3.8611e+06
51 3.78989e+06
95 8.77266e+06
41 3.28727e+06
76 5.21007e+06
89 7.48805e+06
74 5.02857e+06
33 3.0089e+06
83 6.34019e+06
68 4.73039e+06
50 3.46577e+06
87 6.63734e+06
88 7.00691e+06
60 4.33564e+06
82 5.9693e+06
50 3.46577e+06
42 3.42942e+06
64 4.62019e+06
79 5.84757e+06
100 1.03374e+07
78 5.60068e+06
35 3.07589e+06
Thế hệ thứ: 25
48 3.45669e+06
35 3.07589e+06
36 3.15055e+06
50 3.46577e+06
49 3.46561e+06
63 4.61935e+06
83 6.34019e+06
42 3.42942e+06
68 4.73039e+06
55 3.8611e+06
50 3.46577e+06
51 3.78989e+06
100 1.03374e+07
87 6.63734e+06
95 8.77266e+06
41 3.28727e+06
64 4.62019e+06
76 5.21007e+06
78 5.60068e+06
89 7.48805e+06
88 7.00691e+06
82 5.9693e+06
60 4.33564e+06
74 5.02857e+06
33 3.0089e+06
79 5.84757e+06
Thế hệ thứ: 26
48 3.45669e+06
60 4.33564e+06
82 5.9693e+06
36 3.15055e+06
50 3.46577e+06
41 3.28727e+06
49 3.46561e+06
64 4.62019e+06
63 4.61935e+06
83 6.34019e+06
42 3.42942e+06
76 5.21007e+06
33 3.0089e+06
68 4.73039e+06
55 3.8611e+06
78 5.60068e+06
79 5.6049e+06
50 3.46577e+06
89 7.48805e+06
51 3.78989e+06
100 1.03374e+07
88 7.00691e+06
87 6.63734e+06
74 5.02857e+06
35 3.02841e+06
96 8.50456e+06
Thế hệ thứ: 27
48 3.45669e+06
60 4.33564e+06
82 5.9693e+06
68 4.73039e+06
55 3.8611e+06
36 3.15055e+06
50 3.46577e+06
78 5.60068e+06
50 3.46577e+06
79 5.6049e+06
88 7.00691e+06
41 3.28727e+06
49 3.46561e+06
89 7.48805e+06
89 7.48805e+06
64 4.62019e+06
87 6.63734e+06
51 3.78989e+06
63 4.61935e+06
83 6.34019e+06
100 1.03374e+07
42 3.42942e+06
35 3.02841e+06
76 5.21007e+06
96 8.50456e+06
74 5.02857e+06
33 3.0089e+06
54 3.86099e+06
94 8.44913e+06
52 3.83799e+06
Thế hệ thứ: 28
35 3.02841e+06
48 3.45669e+06
76 5.21007e+06
60 4.33564e+06
82 5.9693e+06
68 4.73039e+06
42 3.42942e+06
52 3.83799e+06
50 3.46577e+06
36 3.15055e+06
78 5.60068e+06
87 6.63734e+06
79 5.6049e+06
50 3.46577e+06
74 5.02857e+06
88 7.00691e+06
41 3.28727e+06
49 3.46561e+06
89 7.48805e+06
89 7.48805e+06
64 4.62019e+06
33 3.0089e+06
94 8.44913e+06
51 3.78989e+06
63 4.61935e+06
100 1.03374e+07
96 8.48043e+06
84 6.25615e+06
55 3.84672e+06
Thế hệ thứ: 29
48 3.45669e+06
35 3.02841e+06
63 4.61935e+06
60 4.33564e+06
82 5.9693e+06
76 5.21007e+06
88 7.00691e+06
68 4.73039e+06
42 3.42942e+06
41 3.28727e+06
49 3.46561e+06
51 3.78989e+06
52 3.83799e+06
100 1.03374e+07
36 3.15055e+06
50 3.46577e+06
89 7.48805e+06
89 7.48805e+06
87 6.63734e+06
84 6.25615e+06
64 4.62019e+06
50 3.46577e+06
33 3.0089e+06
96 8.48043e+06
94 8.44913e+06
74 5.02857e+06
55 3.84672e+06
79 5.41349e+06
Thế hệ thứ: 30
76 5.21007e+06
36 3.15055e+06
50 3.46577e+06
89 7.48805e+06
89 7.48805e+06
35 3.02841e+06
48 3.45669e+06
94 8.44913e+06
74 5.02857e+06
63 4.61935e+06
82 5.9693e+06
60 4.33564e+06
55 3.84672e+06
87 6.63734e+06
64 4.62019e+06
84 6.25615e+06
50 3.46577e+06
33 3.0089e+06
88 7.00691e+06
68 4.73039e+06
42 3.42942e+06
41 3.28727e+06
49 3.46561e+06
96 8.48043e+06
51 3.78989e+06
79 5.41349e+06
52 3.83799e+06
100 1.03374e+07
59 4.32294e+06
91 8.11323e+06
Thế hệ thứ: 31
76 5.21007e+06
100 1.03374e+07
36 3.15055e+06
50 3.46577e+06
88 7.00691e+06
68 4.73039e+06
89 7.48805e+06
89 7.48805e+06
42 3.42942e+06
35 3.02841e+06
48 3.45669e+06
94 8.44913e+06
64 4.62019e+06
84 6.25615e+06
74 5.02857e+06
41 3.28727e+06
91 8.11323e+06
49 3.46561e+06
63 4.61935e+06
60 4.33564e+06
82 5.9693e+06
55 3.84672e+06
96 8.48043e+06
87 6.63734e+06
51 3.78989e+06
79 5.41349e+06
59 4.32294e+06
50 3.46577e+06
33 3.0089e+06
52 3.83799e+06
Thế hệ thứ: 32
88 7.00691e+06
100 1.03374e+07
91 8.11323e+06
50 3.46577e+06
76 5.21007e+06
63 4.61935e+06
49 3.46561e+06
33 3.0089e+06
50 3.46577e+06
36 3.15055e+06
82 5.9693e+06
60 4.33564e+06
84 6.25615e+06
64 4.62019e+06
68 4.73039e+06
55 3.84672e+06
89 7.48805e+06
89 7.48805e+06
52 3.83799e+06
42 3.42942e+06
96 8.48043e+06
35 3.02841e+06
48 3.45669e+06
94 8.44913e+06
87 6.63734e+06
51 3.78989e+06
79 5.41349e+06
74 5.02857e+06
41 3.28727e+06
59 4.32294e+06
34 3.01627e+06
86 6.37508e+06
Thế hệ thứ: 33
84 6.25615e+06
64 4.62019e+06
52 3.83799e+06
88 7.00691e+06
91 8.11323e+06
100 1.03374e+07
79 5.41349e+06
48 3.45669e+06
74 5.02857e+06
42 3.42942e+06
50 3.46577e+06
76 5.21007e+06
41 3.28727e+06
96 8.48043e+06
35 3.02841e+06
94 8.44913e+06
63 4.61935e+06
49 3.46561e+06
33 3.0089e+06
36 3.15055e+06
50 3.46577e+06
60 4.33564e+06
82 5.9693e+06
34 3.01627e+06
68 4.73039e+06
55 3.84672e+06
89 7.48805e+06
89 7.48805e+06
51 3.78989e+06
59 4.32294e+06
87 6.33577e+06
Thế hệ thứ: 34
52 3.83799e+06
76 5.21007e+06
84 6.25615e+06
88 7.00691e+06
50 3.46577e+06
36 3.15055e+06
96 8.48043e+06
87 6.33577e+06
55 3.84672e+06
91 8.11323e+06
100 1.03374e+07
79 5.41349e+06
94 8.44913e+06
48 3.45669e+06
89 7.48805e+06
89 7.48805e+06
83 5.90455e+06
49 3.46561e+06
74 5.02857e+06
33 3.0089e+06
42 3.42942e+06
60 4.33564e+06
50 3.46577e+06
34 3.01627e+06
35 3.02841e+06
68 4.73039e+06
51 3.78989e+06
41 3.28727e+06
59 4.32294e+06
65 4.5289e+06
Thế hệ thứ: 35
94 8.44913e+06
76 5.21007e+06
55 3.84672e+06
52 3.83799e+06
89 7.48805e+06
89 7.48805e+06
87 6.33577e+06
59 4.32294e+06
84 6.25615e+06
91 8.11323e+06
88 7.00691e+06
36 3.15055e+06
50 3.46577e+06
100 1.03374e+07
79 5.41349e+06
96 8.48043e+06
48 3.45669e+06
50 3.46577e+06
83 5.90455e+06
49 3.46561e+06
74 5.02857e+06
33 3.0089e+06
35 3.02841e+06
41 3.28727e+06
42 3.42942e+06
51 3.78989e+06
60 4.33564e+06
34 3.01627e+06
68 4.73039e+06
65 4.5289e+06
Thế hệ thứ: 36
94 8.44913e+06
52 3.83799e+06
55 3.84672e+06
76 5.21007e+06
89 7.48805e+06
89 7.48805e+06
34 3.01627e+06
79 5.41349e+06
51 3.78989e+06
35 3.02841e+06
96 8.48043e+06
42 3.42942e+06
87 6.33577e+06
48 3.45669e+06
41 3.28727e+06
50 3.46577e+06
83 5.90455e+06
49 3.46561e+06
84 6.25615e+06
91 8.11323e+06
74 5.02857e+06
33 3.0089e+06
88 7.00691e+06
65 4.5289e+06
50 3.46577e+06
36 3.15055e+06
100 1.03374e+07
68 4.73039e+06
62 4.50703e+06
60 4.2845e+06
Thế hệ thứ: 37
94 8.44913e+06
76 5.21007e+06
55 3.84672e+06
52 3.83799e+06
34 3.01627e+06
89 7.48805e+06
89 7.48805e+06
83 5.90455e+06
49 3.46561e+06
79 5.41349e+06
50 3.46577e+06
36 3.15055e+06
51 3.78989e+06
35 3.02841e+06
84 6.25615e+06
60 4.2845e+06
96 8.48043e+06
91 8.11323e+06
100 1.03374e+07
42 3.42942e+06
74 5.02857e+06
87 6.33577e+06
33 3.0089e+06
48 3.45669e+06
41 3.28727e+06
68 4.73039e+06
62 4.50703e+06
88 7.00691e+06
65 4.5289e+06
50 3.46577e+06
Thế hệ thứ: 38
94 8.44913e+06
52 3.83799e+06
55 3.84672e+06
76 5.21007e+06
70 5.00048e+06
42 3.42942e+06
74 5.02857e+06
89 7.48805e+06
89 7.48805e+06
34 3.01627e+06
68 4.73039e+06
83 5.90455e+06
49 3.46561e+06
79 5.41349e+06
87 6.33577e+06
36 3.15055e+06
50 3.46577e+06
51 3.78989e+06
84 6.25615e+06
60 4.2845e+06
62 4.50703e+06
33 3.0089e+06
96 8.48043e+06
88 7.00691e+06
48 3.45669e+06
50 3.46577e+06
91 8.11323e+06
100 1.03374e+07
41 3.28727e+06
65 4.5289e+06
56 4.14189e+06
35 3.01671e+06
Thế hệ thứ: 39
89 7.48805e+06
89 7.48805e+06
94 8.44913e+06
76 5.21007e+06
55 3.84672e+06
50 3.46577e+06
52 3.83799e+06
42 3.42942e+06
91 8.11323e+06
74 5.02857e+06
100 1.03374e+07
88 7.00691e+06
34 3.01627e+06
68 4.73039e+06
83 5.90455e+06
49 3.46561e+06
79 5.41349e+06
56 4.14189e+06
87 6.33577e+06
50 3.46577e+06
36 3.15055e+06
35 3.01671e+06
51 3.78989e+06
48 3.45669e+06
84 6.25615e+06
60 4.2845e+06
62 4.50703e+06
33 3.0089e+06
41 3.28727e+06
65 4.5289e+06
96 8.48043e+06
70 4.83745e+06
75 5.20585e+06
Thế hệ thứ: 40
89 7.48805e+06
89 7.48805e+06
96 8.48043e+06
94 8.44913e+06
55 3.84672e+06
76 5.21007e+06
51 3.78989e+06
35 3.01671e+06
50 3.46577e+06
52 3.83799e+06
70 4.83745e+06
42 3.42942e+06
83 5.90455e+06
49 3.46561e+06
91 8.11323e+06
74 5.02857e+06
48 3.45669e+06
100 1.03374e+07
84 6.25615e+06
41 3.28727e+06
75 5.20585e+06
60 4.2845e+06
88 7.00691e+06
34 3.01627e+06
68 4.73039e+06
62 4.50703e+06
79 5.41349e+06
33 3.0089e+06
56 4.14189e+06
87 6.33577e+06
36 3.15055e+06
50 3.46577e+06
65 4.5289e+06
64 4.52843e+06
Thế hệ thứ: 41
87 6.33577e+06
89 7.48805e+06
89 7.48805e+06
96 8.48043e+06
94 8.44913e+06
33 3.0089e+06
76 5.21007e+06
55 3.84672e+06
60 4.2845e+06
88 7.00691e+06
51 3.78989e+06
65 4.5289e+06
35 3.01671e+06
50 3.46577e+06
50 3.46577e+06
36 3.15055e+06
34 3.01627e+06
52 3.83799e+06
70 4.83745e+06
68 4.73039e+06
62 4.50703e+06
79 5.41349e+06
42 3.42942e+06
83 5.90455e+06
49 3.46561e+06
56 4.14189e+06
91 8.11323e+06
74 5.02857e+06
64 4.52843e+06
48 3.45669e+06
100 1.03374e+07
84 6.25615e+06
41 3.28727e+06
75 5.20585e+06
Thế hệ thứ: 42
34 3.00944e+06
96 8.48043e+06
50 3.46577e+06
36 3.15055e+06
87 6.33577e+06
79 5.41349e+06
94 8.44913e+06
64 4.52843e+06
33 3.0089e+06
76 5.21007e+06
48 3.45669e+06
55 3.84672e+06
100 1.03374e+07
60 4.2845e+06
74 5.02857e+06
42 3.42942e+06
88 7.00691e+06
83 5.90455e+06
49 3.46561e+06
51 3.78989e+06
65 4.5289e+06
35 3.01671e+06
50 3.46577e+06
75 5.20585e+06
41 3.28727e+06
84 6.25615e+06
56 4.14189e+06
52 3.83799e+06
70 4.83745e+06
68 4.73039e+06
80 5.52388e+06
89 7.24029e+06
62 4.50679e+06
92 8.0863e+06
63 4.52774e+06
Thế hệ thứ: 43
50 3.46577e+06
36 3.15055e+06
34 3.00944e+06
92 8.0863e+06
96 8.48043e+06
35 3.01671e+06
51 3.78989e+06
65 4.5289e+06
50 3.46577e+06
62 4.50679e+06
80 5.52388e+06
87 6.33577e+06
79 5.41349e+06
75 5.20585e+06
94 8.44913e+06
68 4.73039e+06
89 7.24029e+06
64 4.52843e+06
33 3.0089e+06
76 5.21007e+06
48 3.45669e+06
41 3.28727e+06
55 3.84672e+06
100 1.03374e+07
84 6.25615e+06
56 4.14189e+06
60 4.2845e+06
74 5.02857e+06
63 4.52774e+06
52 3.83799e+06
42 3.42942e+06
70 4.83745e+06
88 7.00691e+06
83 5.90455e+06
49 3.46561e+06
Thế hệ thứ: 44
34 3.00944e+06
92 8.0863e+06
96 8.48043e+06
50 3.46577e+06
36 3.15055e+06
100 1.03374e+07
83 5.90455e+06
49 3.46561e+06
35 3.01671e+06
51 3.78989e+06
65 4.5289e+06
50 3.46577e+06
84 6.25615e+06
33 3.0089e+06
80 5.52388e+06
87 6.33577e+06
79 5.41349e+06
42 3.42942e+06
75 5.20585e+06
94 8.44913e+06
89 7.24029e+06
68 4.73039e+06
64 4.52843e+06
60 4.2845e+06
76 5.21007e+06
74 5.02857e+06
63 4.52774e+06
48 3.45669e+06
70 4.83745e+06
41 3.28727e+06
52 3.83799e+06
88 7.00691e+06
55 3.84672e+06
97 8.80391e+06
62 4.50381e+06
56 4.01819e+06
Thế hệ thứ: 45
50 3.46577e+06
36 3.15055e+06
34 3.00944e+06
92 8.0863e+06
96 8.48043e+06
76 5.21007e+06
100 1.03374e+07
74 5.02857e+06
83 5.90455e+06
49 3.46561e+06
35 3.01671e+06
51 3.78989e+06
65 4.5289e+06
50 3.46577e+06
84 6.25615e+06
33 3.0089e+06
41 3.28727e+06
80 5.52388e+06
52 3.83799e+06
48 3.45669e+06
87 6.33577e+06
79 5.41349e+06
97 8.80391e+06
42 3.42942e+06
70 4.83745e+06
75 5.20585e+06
94 8.44913e+06
55 3.84672e+06
68 4.73039e+06
89 7.24029e+06
56 4.01819e+06
64 4.52843e+06
88 7.00691e+06
60 4.2845e+06
63 4.50143e+06
Thế hệ thứ: 46
74 5.02857e+06
34 3.00944e+06
63 4.50143e+06
92 8.0863e+06
96 8.48043e+06
56 4.01819e+06
50 3.46577e+06
36 3.15055e+06
97 8.80391e+06
76 5.21007e+06
100 1.03374e+07
42 3.42942e+06
64 4.52843e+06
33 3.0089e+06
88 7.00691e+06
83 5.90455e+06
49 3.46561e+06
70 4.83745e+06
35 3.01671e+06
51 3.78989e+06
65 4.5289e+06
60 4.2845e+06
50 3.46577e+06
75 5.20585e+06
84 6.25615e+06
94 8.44913e+06
41 3.28727e+06
80 5.52388e+06
52 3.83799e+06
55 3.84672e+06
89 7.24029e+06
68 4.73039e+06
48 3.45669e+06
87 6.33577e+06
79 5.41349e+06
Thế hệ thứ: 47
74 5.02857e+06
34 3.00944e+06
63 4.50143e+06
92 8.0863e+06
96 8.48043e+06
75 5.20585e+06
84 6.25615e+06
94 8.44913e+06
56 4.01819e+06
41 3.28727e+06
36 3.15055e+06
50 3.46577e+06
97 8.80391e+06
80 5.52388e+06
76 5.21007e+06
87 6.33577e+06
100 1.03374e+07
52 3.83799e+06
55 3.84672e+06
68 4.73039e+06
89 7.24029e+06
42 3.42942e+06
64 4.52843e+06
33 3.0089e+06
88 7.00691e+06
83 5.90455e+06
49 3.46561e+06
70 4.83745e+06
35 3.01671e+06
51 3.78989e+06
79 5.41349e+06
65 4.5289e+06
48 3.45669e+06
60 4.2845e+06
50 3.46577e+06
Thế hệ thứ: 48
74 5.02857e+06
64 4.52843e+06
92 8.0863e+06
34 3.00944e+06
63 4.50143e+06
96 8.48043e+06
33 3.0089e+06
75 5.20585e+06
84 6.25615e+06
88 7.00691e+06
94 8.44913e+06
83 5.90455e+06
49 3.46561e+06
56 4.01819e+06
41 3.28727e+06
78 5.39861e+06
70 4.83745e+06
35 3.01671e+06
51 3.78989e+06
50 3.46577e+06
97 8.80391e+06
80 5.52388e+06
79 5.41349e+06
65 4.5289e+06
76 5.21007e+06
87 6.33577e+06
100 1.03374e+07
48 3.45669e+06
52 3.83799e+06
55 3.84672e+06
89 7.24029e+06
68 4.73039e+06
50 3.46577e+06
60 4.2845e+06
42 3.42942e+06
57 4.19668e+06
36 3.07504e+06
Thế hệ thứ: 49
74 5.02857e+06
64 4.52843e+06
34 3.00944e+06
96 8.48043e+06
92 8.0863e+06
63 4.50143e+06
89 7.24029e+06
68 4.73039e+06
65 4.5289e+06
80 5.52388e+06
50 3.46577e+06
33 3.0089e+06
60 4.2845e+06
76 5.21007e+06
75 5.20585e+06
84 6.25615e+06
87 6.33577e+06
88 7.00691e+06
100 1.03374e+07
94 8.44913e+06
83 5.90455e+06
49 3.46561e+06
56 4.01819e+06
42 3.42942e+06
41 3.28727e+06
57 4.19668e+06
36 3.07504e+06
78 5.39861e+06
70 4.83745e+06
35 3.01671e+06
51 3.78989e+06
48 3.45669e+06
52 3.83799e+06
50 3.46577e+06
55 3.84672e+06
97 8.80391e+06
80 5.52388e+06
79 5.41349e+06
