Thế hệ thứ: 0
89 2.90732e+07
39 8.75954e+06
78 1.83529e+07
37 6.56392e+06
38 7.79581e+06
34 6.39049e+06
33 5.35839e+06
84 2.51318e+07
49 9.55033e+06
66 1.49002e+07
72 1.66088e+07
82 2.21935e+07
90 2.92358e+07
51 1.15545e+07
61 1.24197e+07
43 9.29578e+06
80 1.96114e+07
85 2.53739e+07
Thế hệ thứ: 1
90 2.92358e+07
33 5.35839e+06
61 1.24197e+07
78 1.83529e+07
66 1.49002e+07
72 1.66088e+07
43 9.29578e+06
82 2.21935e+07
64 1.39594e+07
89 2.90732e+07
49 9.55033e+06
80 1.96114e+07
40 8.07434e+06
53 1.14517e+07
56 1.18087e+07
87 2.27652e+07
38 6.0279e+06
51 9.85412e+06
47 9.41781e+06
Thế hệ thứ: 2
90 2.92358e+07
33 5.35839e+06
87 2.27652e+07
72 1.66088e+07
61 1.24197e+07
78 1.83529e+07
82 2.21935e+07
66 1.49002e+07
38 6.0279e+06
80 1.96114e+07
64 1.39594e+07
56 1.18087e+07
53 1.14517e+07
51 9.85412e+06
47 9.41781e+06
49 9.55033e+06
46 7.83387e+06
89 2.34717e+07
Thế hệ thứ: 3
33 5.35839e+06
89 2.34717e+07
38 6.0279e+06
72 1.66088e+07
46 7.83387e+06
61 1.24197e+07
78 1.83529e+07
82 2.21935e+07
66 1.49002e+07
80 1.96114e+07
64 1.39594e+07
56 1.18087e+07
87 2.27652e+07
51 9.85412e+06
47 9.41781e+06
49 9.55033e+06
81 2.18751e+07
91 2.4055e+07
25 5.28495e+06
52 1.1206e+07
54 1.13666e+07
Thế hệ thứ: 4
91 2.4055e+07
25 5.28495e+06
66 1.49002e+07
38 6.0279e+06
72 1.66088e+07
46 7.83387e+06
61 1.24197e+07
78 1.83529e+07
89 2.34717e+07
33 5.35839e+06
80 1.96114e+07
64 1.39594e+07
87 2.27652e+07
52 1.1206e+07
81 2.18751e+07
82 2.21935e+07
47 9.41781e+06
51 9.85412e+06
93 2.45235e+07
54 1.13666e+07
49 9.55033e+06
63 1.38917e+07
59 1.16983e+07
73 1.81459e+07
83 2.26304e+07
45 7.82075e+06
62 1.2988e+07
34 5.85276e+06
Thế hệ thứ: 5
66 1.49002e+07
54 1.13666e+07
93 2.45235e+07
38 6.0279e+06
72 1.66088e+07
80 1.96114e+07
45 7.82075e+06
61 1.24197e+07
78 1.83529e+07
49 9.55033e+06
63 1.38917e+07
73 1.81459e+07
52 1.1206e+07
81 2.18751e+07
89 2.34717e+07
33 5.35839e+06
59 1.16983e+07
84 2.21945e+07
47 9.41781e+06
87 2.27652e+07
51 9.85412e+06
91 2.4055e+07
46 7.83387e+06
34 5.85276e+06
62 1.2988e+07
64 1.39594e+07
82 2.21935e+07
42 6.34542e+06
30 5.35669e+06
29 5.30032e+06
56 1.15945e+07
25 4.89148e+06
Thế hệ thứ: 6
54 1.13666e+07
93 2.45235e+07
49 9.55033e+06
63 1.38917e+07
73 1.81459e+07
33 5.35839e+06
89 2.34717e+07
72 1.66088e+07
42 6.34542e+06
56 1.15945e+07
66 1.49002e+07
80 1.96114e+07
61 1.24197e+07
78 1.83529e+07
52 1.1206e+07
81 2.18751e+07
38 6.0279e+06
87 2.27652e+07
45 7.82075e+06
84 2.21945e+07
47 9.41781e+06
51 9.85412e+06
59 1.16983e+07
91 2.4055e+07
46 7.83387e+06
34 5.85276e+06
62 1.2988e+07
29 5.30032e+06
64 1.39594e+07
82 2.21935e+07
30 5.30347e+06
19 4.08043e+06
21 4.45383e+06
27 4.55957e+06
Thế hệ thứ: 7
54 1.13666e+07
93 2.45235e+07
19 4.08043e+06
23 4.36638e+06
72 1.66088e+07
42 6.34542e+06
56 1.15945e+07
66 1.49002e+07
80 1.96114e+07
49 9.55033e+06
73 1.81459e+07
61 1.24197e+07
78 1.83529e+07
89 2.20496e+07
52 1.1206e+07
81 2.18751e+07
27 4.55957e+06
38 6.0279e+06
45 7.82075e+06
47 9.41781e+06
51 9.85412e+06
59 1.16983e+07
91 2.4055e+07
46 7.83387e+06
64 1.39594e+07
34 4.84288e+06
20 4.08745e+06
63 1.26329e+07
32 4.7628e+06
Thế hệ thứ: 8
54 1.13666e+07
23 4.36638e+06
72 1.66088e+07
52 1.1206e+07
89 2.20496e+07
42 6.34542e+06
66 1.49002e+07
56 1.15945e+07
38 6.0279e+06
20 4.08745e+06
61 1.24197e+07
64 1.39594e+07
34 4.84288e+06
27 4.55957e+06
45 7.82075e+06
51 9.85412e+06
32 4.7628e+06
63 1.26329e+07
59 1.16983e+07
46 7.83387e+06
32 4.7628e+06
80 1.74406e+07
19 4.07772e+06
74 1.70359e+07
48 8.40015e+06
50 9.00256e+06
81 2.13163e+07
94 2.3595e+07
Thế hệ thứ: 9
61 1.24197e+07
19 4.07772e+06
34 4.84288e+06
94 2.3595e+07
52 1.1206e+07
89 2.20496e+07
80 1.74406e+07
50 9.00256e+06
42 6.34542e+06
56 1.15945e+07
66 1.49002e+07
85 2.1055e+07
72 1.66088e+07
38 6.0279e+06
74 1.70359e+07
27 4.55957e+06
51 9.85412e+06
32 4.7628e+06
63 1.26329e+07
23 4.36638e+06
48 8.40015e+06
59 1.16983e+07
54 1.13666e+07
65 1.36262e+07
20 4.08745e+06
32 4.7628e+06
46 7.49972e+06
Thế hệ thứ: 10
61 1.24197e+07
34 4.84288e+06
94 2.3595e+07
85 2.1055e+07
72 1.66088e+07
89 2.20496e+07
80 1.74406e+07
56 1.15945e+07
66 1.49002e+07
46 7.49972e+06
38 6.0279e+06
50 9.00256e+06
42 6.34542e+06
45 6.75568e+06
20 4.08745e+06
65 1.36262e+07
74 1.70359e+07
27 4.55957e+06
51 9.85412e+06
48 8.40015e+06
23 4.36638e+06
32 4.7628e+06
63 1.26329e+07
59 1.16983e+07
54 1.13666e+07
32 4.7628e+06
53 1.09453e+07
31 4.75765e+06
77 1.70498e+07
19 4.0477e+06
Thế hệ thứ: 11
34 4.84288e+06
94 2.3595e+07
19 4.0477e+06
38 6.0279e+06
85 2.1055e+07
72 1.66088e+07
89 2.20496e+07
80 1.74406e+07
46 7.49972e+06
66 1.49002e+07
45 6.75568e+06
20 4.08745e+06
51 9.85412e+06
50 9.00256e+06
42 6.34542e+06
48 8.40015e+06
53 1.09453e+07
32 4.7628e+06
63 1.26329e+07
59 1.16983e+07
61 1.24197e+07
77 1.70498e+07
74 1.70359e+07
31 4.75765e+06
54 1.13666e+07
32 4.7628e+06
32 4.7628e+06
18 4.04293e+06
83 2.08166e+07
57 1.14158e+07
65 1.34378e+07
27 4.25937e+06
Thế hệ thứ: 12
34 4.84288e+06
94 2.3595e+07
31 4.75765e+06
18 4.04293e+06
89 2.20496e+07
80 1.74406e+07
46 7.49972e+06
83 2.08166e+07
38 6.0279e+06
85 2.1055e+07
72 1.66088e+07
27 4.25937e+06
65 1.34378e+07
51 9.85412e+06
48 8.40015e+06
50 9.00256e+06
42 6.34542e+06
53 1.09453e+07
69 1.41417e+07
45 6.75568e+06
32 4.7628e+06
63 1.26329e+07
59 1.16983e+07
61 1.24197e+07
77 1.70498e+07
74 1.70359e+07
57 1.14158e+07
54 1.13666e+07
32 4.7628e+06
32 4.7628e+06
19 4.0477e+06
20 4.06973e+06
82 2.01185e+07
86 2.17348e+07
Thế hệ thứ: 13
69 1.41417e+07
45 6.75568e+06
34 4.84288e+06
94 2.3595e+07
31 4.75765e+06
18 4.04293e+06
89 2.20496e+07
80 1.74406e+07
38 6.0279e+06
85 2.1055e+07
72 1.66088e+07
46 7.49972e+06
82 2.01185e+07
27 4.25937e+06
65 1.34378e+07
48 8.40015e+06
37 5.75406e+06
42 6.34542e+06
20 4.06973e+06
32 4.7628e+06
63 1.26329e+07
59 1.16983e+07
86 2.17348e+07
61 1.24197e+07
77 1.70498e+07
74 1.70359e+07
83 2.08166e+07
57 1.14158e+07
19 4.0477e+06
32 4.7628e+06
32 4.7628e+06
26 4.19937e+06
17 3.88863e+06
55 1.00388e+07
21 4.08137e+06
53 8.72267e+06
Thế hệ thứ: 14
55 1.00388e+07
69 1.41417e+07
45 6.75568e+06
34 4.84288e+06
94 2.3595e+07
17 3.88863e+06
26 4.19937e+06
89 2.20496e+07
80 1.74406e+07
21 4.08137e+06
85 2.1055e+07
72 1.66088e+07
82 2.01185e+07
53 8.72267e+06
65 1.34378e+07
57 1.14158e+07
37 5.75406e+06
42 6.34542e+06
32 4.7628e+06
63 1.26329e+07
59 1.16983e+07
86 2.17348e+07
61 1.24197e+07
77 1.70498e+07
38 6.0279e+06
27 4.25937e+06
18 4.04293e+06
31 4.75765e+06
74 1.70359e+07
83 2.08166e+07
20 4.06973e+06
19 4.0477e+06
32 4.7628e+06
32 4.7628e+06
95 2.6566e+07
46 7.03633e+06
52 7.94273e+06
Thế hệ thứ: 15
89 2.20496e+07
80 1.74406e+07
95 2.6566e+07
26 4.19937e+06
45 6.75568e+06
69 1.41417e+07
34 4.84288e+06
94 2.3595e+07
85 2.1055e+07
21 4.08137e+06
72 1.66088e+07
82 2.01185e+07
55 1.00388e+07
83 2.08166e+07
52 7.94273e+06
65 1.34378e+07
46 7.03633e+06
53 8.72267e+06
57 1.14158e+07
37 5.75406e+06
42 6.34542e+06
32 4.7628e+06
63 1.26329e+07
59 1.16983e+07
86 2.17348e+07
77 1.70498e+07
61 1.24197e+07
38 6.0279e+06
27 4.25937e+06
31 4.75765e+06
19 3.71905e+06
74 1.70359e+07
32 4.7628e+06
32 4.7628e+06
20 4.06973e+06
30 4.74606e+06
90 2.24575e+07
39 6.30456e+06
Thế hệ thứ: 16
80 1.74406e+07
95 2.6566e+07
74 1.70359e+07
19 3.71905e+06
55 1.00388e+07
45 6.75568e+06
69 1.41417e+07
34 4.84288e+06
94 2.3595e+07
85 2.1055e+07
21 4.08137e+06
72 1.66088e+07
82 2.01185e+07
83 2.08166e+07
52 7.94273e+06
65 1.34378e+07
46 7.03633e+06
90 2.24575e+07
53 8.72267e+06
57 1.14158e+07
42 6.34542e+06
37 5.75406e+06
32 4.7628e+06
63 1.26329e+07
77 1.70498e+07
59 1.16983e+07
86 2.17348e+07
61 1.24197e+07
26 4.19937e+06
89 2.20496e+07
27 4.25937e+06
30 4.74606e+06
39 6.30456e+06
38 6.0279e+06
20 4.06973e+06
32 4.7628e+06
32 4.7628e+06
31 4.75765e+06
47 7.21819e+06
88 2.20009e+07
Thế hệ thứ: 17
80 1.74406e+07
95 2.6566e+07
74 1.70359e+07
19 3.71905e+06
55 1.00388e+07
45 6.75568e+06
69 1.4105e+07
34 4.84288e+06
94 2.3595e+07
88 2.20009e+07
85 2.1055e+07
21 4.08137e+06
72 1.66088e+07
82 2.01185e+07
65 1.34378e+07
83 2.08166e+07
52 7.94273e+06
90 2.24575e+07
53 8.72267e+06
47 7.21819e+06
42 6.34542e+06
37 5.75406e+06
32 4.7628e+06
63 1.26329e+07
77 1.70498e+07
59 1.16983e+07
61 1.24197e+07
26 4.19937e+06
86 2.17348e+07
27 4.25937e+06
30 4.74606e+06
39 6.30456e+06
38 6.0279e+06
46 7.03633e+06
89 2.20496e+07
32 4.7628e+06
32 4.7628e+06
31 4.75765e+06
20 4.06415e+06
84 2.1037e+07
58 1.11085e+07
Thế hệ thứ: 18
80 1.74406e+07
95 2.6566e+07
74 1.70359e+07
19 3.71905e+06
55 1.00388e+07
34 4.84288e+06
94 2.3595e+07
69 1.4105e+07
88 2.20009e+07
85 2.1055e+07
21 4.08137e+06
72 1.66088e+07
82 2.01185e+07
83 2.08166e+07
52 7.94273e+06
65 1.34378e+07
90 2.24575e+07
53 8.72267e+06
58 1.11085e+07
47 7.21819e+06
42 6.34542e+06
37 5.75406e+06
32 4.7628e+06
63 1.26329e+07
59 1.16983e+07
77 1.70498e+07
61 1.24197e+07
26 4.19937e+06
45 6.75568e+06
86 2.17348e+07
27 4.25937e+06
30 4.74606e+06
39 6.30456e+06
38 6.0279e+06
46 7.03633e+06
89 2.20496e+07
20 4.06415e+06
32 4.7628e+06
32 4.7628e+06
84 2.1037e+07
31 4.75765e+06
92 2.31562e+07
Thế hệ thứ: 19
80 1.74406e+07
95 2.6566e+07
74 1.70359e+07
19 3.71905e+06
73 1.68208e+07
55 1.00388e+07
34 4.84288e+06
69 1.4105e+07
94 2.3595e+07
88 2.20009e+07
72 1.66088e+07
52 7.94273e+06
65 1.34378e+07
53 8.72267e+06
58 1.11085e+07
47 7.21819e+06
86 1.98512e+07
42 6.34542e+06
37 5.75406e+06
92 2.31562e+07
32 4.7628e+06
63 1.26329e+07
59 1.16983e+07
77 1.70498e+07
61 1.24197e+07
90 2.24575e+07
45 6.75568e+06
27 4.25937e+06
30 4.74606e+06
39 6.30456e+06
26 4.06647e+06
38 6.0279e+06
46 7.03633e+06
89 2.20496e+07
20 4.06415e+06
32 4.7628e+06
32 4.7628e+06
31 4.75765e+06
Thế hệ thứ: 20
80 1.74406e+07
95 2.6566e+07
19 3.71905e+06
42 6.34542e+06
37 5.75406e+06
86 1.98512e+07
55 1.00388e+07
34 4.84288e+06
69 1.4105e+07
94 2.3595e+07
88 2.20009e+07
72 1.66088e+07
52 7.94273e+06
65 1.34378e+07
53 8.72267e+06
58 1.11085e+07
47 7.21819e+06
20 4.06415e+06
92 2.31562e+07
38 6.0279e+06
26 4.06647e+06
32 4.7628e+06
63 1.26329e+07
59 1.16983e+07
61 1.24197e+07
90 2.24575e+07
45 6.75568e+06
27 4.25937e+06
30 4.74606e+06
39 6.30456e+06
46 7.03633e+06
89 2.20496e+07
32 4.7628e+06
32 4.7628e+06
31 4.75765e+06
77 1.67485e+07
Thế hệ thứ: 21
80 1.74406e+07
95 2.6566e+07
19 3.71905e+06
42 6.34542e+06
37 5.75406e+06
86 1.98512e+07
55 1.00388e+07
34 4.84288e+06
69 1.4105e+07
94 2.3595e+07
88 2.20009e+07
72 1.66088e+07
52 7.94273e+06
52 7.94273e+06
65 1.34378e+07
45 6.75568e+06
77 1.67485e+07
58 1.11085e+07
47 7.21819e+06
20 4.06415e+06
92 2.31562e+07
38 6.0279e+06
26 4.06647e+06
32 4.7628e+06
63 1.26329e+07
59 1.16983e+07
61 1.24197e+07
90 2.24575e+07
39 6.30456e+06
46 7.03633e+06
89 2.20496e+07
32 4.7628e+06
32 4.7628e+06
70 1.60868e+07
53 8.33321e+06
31 4.25298e+06
29 4.17641e+06
Thế hệ thứ: 22
80 1.74406e+07
95 2.6566e+07
19 3.71905e+06
42 6.34542e+06
37 5.75406e+06
86 1.98512e+07
34 4.84288e+06
94 2.3595e+07
69 1.4105e+07
55 1.00388e+07
70 1.60868e+07
65 1.34378e+07
45 6.75568e+06
77 1.67485e+07
72 1.66088e+07
88 2.20009e+07
53 8.33321e+06
58 1.11085e+07
38 6.0279e+06
26 4.06647e+06
47 7.21819e+06
20 4.06415e+06
92 2.31562e+07
52 7.94273e+06
52 7.94273e+06
32 4.7628e+06
63 1.26329e+07
59 1.16983e+07
61 1.24197e+07
90 2.24575e+07
29 4.17641e+06
39 6.30456e+06
31 4.25298e+06
46 7.03633e+06
89 2.20496e+07
32 4.7628e+06
32 4.7628e+06
Thế hệ thứ: 23
80 1.74406e+07
95 2.6566e+07
19 3.71905e+06
42 6.34542e+06
37 5.75406e+06
86 1.98512e+07
34 4.84288e+06
94 2.3595e+07
69 1.4105e+07
55 1.00388e+07
70 1.60868e+07
65 1.34378e+07
45 6.75568e+06
77 1.67485e+07
88 2.20009e+07
53 8.33321e+06
73 1.63511e+07
58 1.11085e+07
38 6.0279e+06
26 4.06647e+06
47 7.21819e+06
20 4.06415e+06
92 2.31562e+07
52 7.94273e+06
52 7.94273e+06
52 7.94273e+06
32 4.7628e+06
63 1.26329e+07
59 1.16983e+07
61 1.24197e+07
90 2.24575e+07
29 4.17641e+06
39 6.30456e+06
31 4.25298e+06
46 7.03633e+06
89 2.20496e+07
32 4.7628e+06
32 4.7628e+06
54 9.81636e+06
Thế hệ thứ: 24
80 1.74406e+07
95 2.6566e+07
19 3.71905e+06
42 6.34542e+06
37 5.75406e+06
86 1.98512e+07
34 4.84288e+06
69 1.4105e+07
70 1.60868e+07
45 6.75568e+06
77 1.67485e+07
88 2.20009e+07
58 1.11085e+07
73 1.63511e+07
38 6.0279e+06
26 4.06647e+06
47 7.21819e+06
55 1.00388e+07
53 8.33321e+06
20 4.06415e+06
32 4.7628e+06
65 1.31065e+07
63 1.26329e+07
54 9.81636e+06
52 7.94273e+06
52 7.94273e+06
52 7.94273e+06
59 1.16983e+07
61 1.24197e+07
29 4.17641e+06
39 6.30456e+06
31 4.25298e+06
46 7.03633e+06
89 2.20496e+07
32 4.7628e+06
32 4.7628e+06
94 2.23909e+07
Thế hệ thứ: 25
32 4.7628e+06
65 1.31065e+07
63 1.26329e+07
54 9.81636e+06
80 1.74406e+07
95 2.6566e+07
19 3.71905e+06
94 2.23909e+07
42 6.34542e+06
37 5.75406e+06
86 1.98512e+07
34 4.84288e+06
69 1.4105e+07
70 1.60868e+07
45 6.75568e+06
77 1.67485e+07
88 2.20009e+07
58 1.11085e+07
73 1.63511e+07
38 6.0279e+06
26 4.06647e+06
47 7.21819e+06
55 1.00388e+07
53 8.33321e+06
20 4.06415e+06
52 7.94273e+06
52 7.94273e+06
52 7.94273e+06
52 7.94273e+06
89 2.20496e+07
29 4.17641e+06
39 6.30456e+06
31 4.25298e+06
46 7.03633e+06
32 4.7628e+06
32 4.7628e+06
62 1.1344e+07
Thế hệ thứ: 26
80 1.74406e+07
95 2.6566e+07
19 3.71905e+06
94 2.23909e+07
42 6.34542e+06
37 5.75406e+06
86 1.98512e+07
34 4.84288e+06
69 1.4105e+07
58 1.11085e+07
73 1.63511e+07
70 1.60868e+07
32 4.7628e+06
54 9.81636e+06
65 1.31065e+07
63 1.26329e+07
45 6.75568e+06
77 1.67485e+07
88 2.20009e+07
52 7.94273e+06
52 7.94273e+06
52 7.94273e+06
52 7.94273e+06
62 1.1344e+07
38 6.0279e+06
26 4.06647e+06
47 7.21819e+06
55 1.00388e+07
53 8.33321e+06
20 4.06415e+06
89 2.20496e+07
29 4.17641e+06
39 6.30456e+06
31 4.25298e+06
46 7.03633e+06
32 4.7628e+06
32 4.7628e+06
78 1.73845e+07
Thế hệ thứ: 27
80 1.74406e+07
95 2.6566e+07
19 3.71905e+06
94 2.23909e+07
42 6.34542e+06
86 1.98512e+07
34 4.84288e+06
69 1.4105e+07
58 1.11085e+07
73 1.63511e+07
70 1.60868e+07
32 4.7628e+06
54 9.81636e+06
65 1.31065e+07
63 1.26329e+07
88 2.20009e+07
52 7.94273e+06
52 7.94273e+06
52 7.94273e+06
52 7.94273e+06
62 1.1344e+07
38 6.0279e+06
26 4.06647e+06
47 7.21819e+06
45 6.75568e+06
77 1.67485e+07
55 1.00388e+07
53 8.33321e+06
20 4.06415e+06
89 2.20496e+07
29 4.17641e+06
78 1.73845e+07
39 6.30456e+06
31 4.25298e+06
46 7.03633e+06
32 4.7628e+06
32 4.7628e+06
33 4.78409e+06
37 5.31908e+06
Thế hệ thứ: 28
20 3.97068e+06
80 1.74406e+07
95 2.6566e+07
19 3.71905e+06
94 2.23909e+07
42 6.34542e+06
86 1.98512e+07
34 4.84288e+06
69 1.4105e+07
58 1.11085e+07
73 1.63511e+07
70 1.60868e+07
32 4.7628e+06
54 9.81636e+06
65 1.31065e+07
63 1.26329e+07
88 2.20009e+07
52 7.94273e+06
52 7.94273e+06
52 7.94273e+06
52 7.94273e+06
62 1.1344e+07
26 4.06647e+06
47 7.21819e+06
45 6.75568e+06
77 1.67485e+07
55 1.00388e+07
53 8.33321e+06
37 5.31908e+06
89 2.20496e+07
29 4.17641e+06
78 1.73845e+07
31 4.25298e+06
46 7.03633e+06
32 4.7628e+06
32 4.7628e+06
33 4.78409e+06
41 5.57408e+06
Thế hệ thứ: 29
20 3.97068e+06
80 1.74406e+07
95 2.6566e+07
19 3.71905e+06
94 2.23909e+07
86 1.98512e+07
42 6.34542e+06
34 4.84288e+06
69 1.4105e+07
58 1.11085e+07
73 1.63511e+07
70 1.60868e+07
32 4.7628e+06
54 9.81636e+06
65 1.31065e+07
63 1.26329e+07
88 2.20009e+07
52 7.94273e+06
52 7.94273e+06
52 7.94273e+06
52 7.94273e+06
62 1.1344e+07
26 4.06647e+06
37 5.31908e+06
47 7.21819e+06
45 6.75568e+06
77 1.67485e+07
41 5.57408e+06
55 1.00388e+07
53 8.33321e+06
89 2.20496e+07
29 4.17641e+06
78 1.73845e+07
31 4.25298e+06
46 7.03633e+06
33 4.78409e+06
32 4.7628e+06
32 4.7628e+06
35 4.84646e+06
Thế hệ thứ: 30
20 3.97068e+06
80 1.74406e+07
95 2.6566e+07
19 3.71905e+06
94 2.23909e+07
42 6.34542e+06
86 1.98512e+07
34 4.84288e+06
69 1.4105e+07
58 1.11085e+07
73 1.63511e+07
70 1.60868e+07
32 4.7628e+06
54 9.81636e+06
65 1.31065e+07
63 1.26329e+07
88 2.20009e+07
52 7.94273e+06
52 7.94273e+06
52 7.94273e+06
52 7.94273e+06
62 1.1344e+07
26 4.06647e+06
47 7.21819e+06
45 6.75568e+06
77 1.67485e+07
37 5.31908e+06
41 5.57408e+06
55 1.00388e+07
53 8.33321e+06
89 2.20496e+07
29 4.17641e+06
78 1.73845e+07
31 4.25298e+06
35 4.84646e+06
46 7.03633e+06
33 4.78409e+06
32 4.7628e+06
32 4.7628e+06
49 7.80114e+06
Thế hệ thứ: 31
20 3.97068e+06
80 1.74406e+07
95 2.6566e+07
19 3.71905e+06
94 2.23909e+07
42 6.34542e+06
86 1.98512e+07
34 4.84288e+06
69 1.4105e+07
58 1.11085e+07
73 1.63511e+07
70 1.60868e+07
32 4.7628e+06
54 9.81636e+06
65 1.31065e+07
63 1.26329e+07
52 7.94273e+06
52 7.94273e+06
52 7.94273e+06
52 7.94273e+06
62 1.1344e+07
45 6.75568e+06
77 1.67485e+07
37 5.31908e+06
41 5.57408e+06
55 1.00388e+07
53 8.33321e+06
53 8.33321e+06
31 4.25298e+06
49 7.80114e+06
92 2.17153e+07
29 4.17641e+06
47 7.21819e+06
78 1.73845e+07
35 4.84646e+06
46 7.03633e+06
32 4.7628e+06
32 4.7628e+06
33 4.78409e+06
44 6.35055e+06
51 7.86744e+06
28 4.06452e+06
Thế hệ thứ: 32
20 3.97068e+06
80 1.74406e+07
95 2.6566e+07
19 3.71905e+06
94 2.23909e+07
86 1.98512e+07
92 2.17153e+07
29 4.17641e+06
34 4.84288e+06
69 1.4105e+07
70 1.60868e+07
58 1.11085e+07
73 1.63511e+07
32 4.7628e+06
54 9.81636e+06
65 1.31065e+07
63 1.26329e+07
52 7.94273e+06
52 7.94273e+06
52 7.94273e+06
52 7.94273e+06
62 1.1344e+07
28 4.06452e+06
45 6.75568e+06
77 1.67485e+07
37 5.31908e+06
41 5.57408e+06
55 1.00388e+07
31 4.25298e+06
49 7.80114e+06
53 8.33321e+06
53 8.33321e+06
47 7.21819e+06
47 7.21819e+06
78 1.73845e+07
35 4.84646e+06
46 7.03633e+06
51 7.86744e+06
32 4.7628e+06
32 4.7628e+06
33 4.78409e+06
66 1.39799e+07
44 6.14612e+06
Thế hệ thứ: 33
20 3.97068e+06
80 1.74406e+07
95 2.6566e+07
19 3.71905e+06
94 2.23909e+07
86 1.98512e+07
92 2.17153e+07
29 4.17641e+06
58 1.11085e+07
73 1.63511e+07
70 1.60868e+07
34 4.84288e+06
69 1.4105e+07
52 7.94273e+06
52 7.94273e+06
52 7.94273e+06
52 7.94273e+06
52 7.94273e+06
62 1.1344e+07
41 5.57408e+06
28 4.06452e+06
63 1.26329e+07
65 1.31065e+07
32 4.7628e+06
54 9.81636e+06
45 6.75568e+06
77 1.67485e+07
37 5.31908e+06
55 1.00388e+07
31 4.25298e+06
49 7.80114e+06
44 6.14612e+06
47 7.21819e+06
47 7.21819e+06
66 1.39799e+07
53 8.33321e+06
53 8.33321e+06
78 1.73845e+07
35 4.84646e+06
46 7.03633e+06
51 7.86744e+06
33 4.78409e+06
32 4.7628e+06
32 4.7628e+06
82 1.86797e+07
Thế hệ thứ: 34
19 3.71905e+06
94 2.23909e+07
86 1.98512e+07
82 1.86797e+07
92 2.17153e+07
29 4.17641e+06
58 1.11085e+07
73 1.63511e+07
70 1.60868e+07
34 4.84288e+06
69 1.4105e+07
80 1.74406e+07
20 3.97068e+06
52 7.94273e+06
52 7.94273e+06
52 7.94273e+06
52 7.94273e+06
52 7.94273e+06
62 1.1344e+07
41 5.57408e+06
28 4.06452e+06
32 4.7628e+06
54 9.81636e+06
45 6.75568e+06
77 1.67485e+07
37 5.31908e+06
55 1.00388e+07
31 4.25298e+06
49 7.80114e+06
44 6.14612e+06
47 7.21819e+06
47 7.21819e+06
66 1.39799e+07
53 8.33321e+06
53 8.33321e+06
78 1.73845e+07
35 4.84646e+06
46 7.03633e+06
65 1.17732e+07
51 7.86744e+06
32 4.7628e+06
32 4.7628e+06
33 4.78409e+06
99 2.6179e+07
Thế hệ thứ: 35
19 3.71905e+06
47 7.21819e+06
47 7.21819e+06
66 1.39799e+07
99 2.6179e+07
86 1.98512e+07
94 2.23909e+07
82 1.86797e+07
92 2.17153e+07
29 4.17641e+06
51 7.86744e+06
65 1.17732e+07
70 1.60868e+07
58 1.11085e+07
73 1.63511e+07
34 4.84288e+06
69 1.4105e+07
80 1.74406e+07
20 3.97068e+06
41 5.57408e+06
28 4.06452e+06
62 1.1344e+07
52 7.94273e+06
52 7.94273e+06
52 7.94273e+06
52 7.94273e+06
52 7.94273e+06
45 6.75568e+06
77 1.67485e+07
55 1.00388e+07
37 5.31908e+06
31 4.25298e+06
49 7.80114e+06
44 6.14612e+06
32 4.7628e+06
53 8.33321e+06
53 8.33321e+06
78 1.73845e+07
35 4.84646e+06
46 7.03633e+06
32 4.7628e+06
32 4.7628e+06
33 4.78409e+06
47 7.21819e+06
48 7.43077e+06
54 8.41449e+06
Thế hệ thứ: 36
19 3.71905e+06
99 2.6179e+07
86 1.98512e+07
94 2.23909e+07
82 1.86797e+07
92 2.17153e+07
29 4.17641e+06
54 8.41449e+06
51 7.86744e+06
65 1.17732e+07
47 7.21819e+06
47 7.21819e+06
66 1.39799e+07
70 1.60868e+07
58 1.11085e+07
73 1.63511e+07
34 4.84288e+06
69 1.4105e+07
80 1.74406e+07
20 3.97068e+06
41 5.57408e+06
28 4.06452e+06
47 7.21819e+06
52 7.94273e+06
52 7.94273e+06
52 7.94273e+06
52 7.94273e+06
52 7.94273e+06
62 1.1344e+07
45 6.75568e+06
77 1.67485e+07
37 5.31908e+06
49 7.80114e+06
31 4.25298e+06
44 6.14612e+06
78 1.73845e+07
35 4.84646e+06
48 7.43077e+06
46 7.03633e+06
32 4.7628e+06
32 4.7628e+06
53 8.33321e+06
53 8.33321e+06
33 4.78409e+06
32 4.7628e+06
55 9.87755e+06
98 2.51092e+07
Thế hệ thứ: 37
19 3.71905e+06
99 2.6179e+07
55 9.87755e+06
94 2.23909e+07
86 1.98512e+07
98 2.51092e+07
82 1.86797e+07
92 2.17153e+07
29 4.17641e+06
54 8.41449e+06
51 7.86744e+06
65 1.17732e+07
47 7.21819e+06
47 7.21819e+06
66 1.39799e+07
58 1.11085e+07
73 1.63511e+07
34 4.84288e+06
69 1.4105e+07
80 1.74406e+07
20 3.97068e+06
41 5.57408e+06
47 7.21819e+06
28 4.06452e+06
52 7.94273e+06
52 7.94273e+06
52 7.94273e+06
52 7.94273e+06
52 7.94273e+06
62 1.1344e+07
45 6.75568e+06
77 1.67485e+07
37 5.31908e+06
49 7.80114e+06
31 4.25298e+06
44 6.14612e+06
78 1.73845e+07
35 4.84646e+06
48 7.43077e+06
46 7.03633e+06
53 8.33321e+06
53 8.33321e+06
33 4.53843e+06
71 1.57357e+07
Thế hệ thứ: 38
19 3.71905e+06
99 2.6179e+07
55 9.87755e+06
94 2.23909e+07
86 1.98512e+07
98 2.51092e+07
82 1.86797e+07
92 2.17153e+07
29 4.17641e+06
54 8.41449e+06
51 7.86744e+06
65 1.17732e+07
47 7.21819e+06
47 7.21819e+06
66 1.39799e+07
58 1.11085e+07
73 1.63511e+07
71 1.57357e+07
69 1.4105e+07
20 3.97068e+06
80 1.74406e+07
41 5.57408e+06
47 7.21819e+06
28 4.06452e+06
52 7.94273e+06
52 7.94273e+06
52 7.94273e+06
52 7.94273e+06
52 7.94273e+06
52 7.94273e+06
62 1.1344e+07
45 6.75568e+06
77 1.67485e+07
37 5.31908e+06
49 7.80114e+06
31 4.25298e+06
44 6.14612e+06
78 1.73845e+07
33 4.53843e+06
48 7.43077e+06
46 7.03633e+06
53 8.33321e+06
53 8.33321e+06
36 4.65143e+06
Thế hệ thứ: 39
19 3.71905e+06
99 2.6179e+07
55 9.87755e+06
94 2.23909e+07
86 1.98512e+07
98 2.51092e+07
82 1.86797e+07
92 2.17153e+07
54 8.41449e+06
51 7.86744e+06
65 1.17732e+07
47 7.21819e+06
47 7.21819e+06
66 1.39799e+07
58 1.11085e+07
73 1.63511e+07
71 1.57357e+07
69 1.4105e+07
80 1.74406e+07
20 3.97068e+06
41 5.57408e+06
47 7.21819e+06
28 4.06452e+06
52 7.94273e+06
52 7.94273e+06
52 7.94273e+06
52 7.94273e+06
52 7.94273e+06
52 7.94273e+06
52 7.94273e+06
62 1.1344e+07
45 6.75568e+06
77 1.67485e+07
37 5.31908e+06
49 7.80114e+06
31 4.25298e+06
44 6.14612e+06
36 4.65143e+06
33 4.53843e+06
78 1.73845e+07
48 7.43077e+06
46 7.03633e+06
53 8.33321e+06
53 8.33321e+06
29 4.0724e+06
50 7.84049e+06
Thế hệ thứ: 40
19 3.71905e+06
99 2.6179e+07
55 9.87755e+06
94 2.23909e+07
86 1.98512e+07
98 2.51092e+07
82 1.86797e+07
54 8.41449e+06
92 2.17153e+07
51 7.86744e+06
65 1.17732e+07
47 7.21819e+06
47 7.21819e+06
66 1.39799e+07
58 1.11085e+07
73 1.63511e+07
71 1.57357e+07
69 1.4105e+07
80 1.74406e+07
41 5.57408e+06
52 7.94273e+06
52 7.94273e+06
52 7.94273e+06
52 7.94273e+06
52 7.94273e+06
52 7.94273e+06
52 7.94273e+06
62 1.1344e+07
47 7.21819e+06
28 4.06452e+06
45 6.75568e+06
77 1.67485e+07
37 5.31908e+06
31 4.25298e+06
44 6.14612e+06
36 4.65143e+06
33 4.53843e+06
78 1.73845e+07
48 7.43077e+06
29 4.0724e+06
46 7.03633e+06
53 8.33321e+06
53 8.33321e+06
50 7.76897e+06
22 3.79696e+06
Thế hệ thứ: 41
19 3.71905e+06
99 2.6179e+07
55 9.87755e+06
94 2.23909e+07
86 1.98512e+07
98 2.51092e+07
82 1.86797e+07
54 8.41449e+06
54 8.41449e+06
92 2.17153e+07
51 7.86744e+06
65 1.17732e+07
47 7.21819e+06
47 7.21819e+06
66 1.39799e+07
58 1.11085e+07
73 1.63511e+07
71 1.57357e+07
69 1.4105e+07
22 3.79696e+06
41 5.57408e+06
52 7.94273e+06
52 7.94273e+06
52 7.94273e+06
52 7.94273e+06
52 7.94273e+06
52 7.94273e+06
52 7.94273e+06
62 1.1344e+07
77 1.67485e+07
38 5.04295e+06
45 6.75568e+06
80 1.74406e+07
31 4.25298e+06
44 6.14612e+06
47 7.21819e+06
28 4.06452e+06
36 4.65143e+06
33 4.53843e+06
78 1.73845e+07
48 7.43077e+06
50 7.76897e+06
29 4.0724e+06
46 7.03633e+06
46 7.03633e+06
53 8.33321e+06
53 8.33321e+06
75 1.64475e+07
23 3.81055e+06
Thế hệ thứ: 42
19 3.71905e+06
99 2.6179e+07
55 9.87755e+06
94 2.23909e+07
86 1.98512e+07
98 2.51092e+07
82 1.86797e+07
54 8.41449e+06
54 8.41449e+06
92 2.17153e+07
51 7.86744e+06
65 1.17732e+07
47 7.21819e+06
47 7.21819e+06
66 1.39799e+07
58 1.11085e+07
71 1.57357e+07
69 1.4105e+07
41 5.57408e+06
52 7.94273e+06
52 7.94273e+06
52 7.94273e+06
52 7.94273e+06
52 7.94273e+06
52 7.94273e+06
52 7.94273e+06
62 1.1344e+07
80 1.74406e+07
45 6.75568e+06
38 5.04295e+06
77 1.67485e+07
31 4.25298e+06
44 6.14612e+06
23 3.81055e+06
47 7.21819e+06
28 4.06452e+06
36 4.65143e+06
33 4.53843e+06
78 1.73845e+07
48 7.43077e+06
75 1.5912e+07
50 7.76897e+06
22 3.79696e+06
29 4.0724e+06
53 8.33321e+06
53 8.33321e+06
46 7.03633e+06
46 7.03633e+06
29 4.0724e+06
Thế hệ thứ: 43
19 3.71905e+06
99 2.6179e+07
55 9.87755e+06
94 2.23909e+07
86 1.98512e+07
98 2.51092e+07
82 1.86797e+07
54 8.41449e+06
54 8.41449e+06
92 2.17153e+07
51 7.86744e+06
65 1.17732e+07
71 1.57357e+07
47 7.21819e+06
47 7.21819e+06
66 1.39799e+07
58 1.11085e+07
69 1.4105e+07
41 5.57408e+06
50 7.76897e+06
75 1.5912e+07
52 7.94273e+06
52 7.94273e+06
52 7.94273e+06
52 7.94273e+06
52 7.94273e+06
52 7.94273e+06
52 7.94273e+06
62 1.1344e+07
80 1.74406e+07
45 6.75568e+06
38 5.04295e+06
77 1.67485e+07
31 4.25298e+06
44 6.14612e+06
23 3.81055e+06
47 7.21819e+06
28 4.06452e+06
36 4.65143e+06
78 1.73845e+07
48 7.43077e+06
22 3.79696e+06
29 4.0724e+06
53 8.33321e+06
53 8.33321e+06
46 7.03633e+06
46 7.03633e+06
29 4.0724e+06
33 4.49124e+06
Thế hệ thứ: 44
19 3.71905e+06
99 2.6179e+07
33 4.49124e+06
55 9.87755e+06
94 2.23909e+07
86 1.98512e+07
98 2.51092e+07
82 1.86797e+07
54 8.41449e+06
54 8.41449e+06
92 2.17153e+07
51 7.86744e+06
65 1.17732e+07
71 1.57357e+07
47 7.21819e+06
47 7.21819e+06
58 1.11085e+07
69 1.4105e+07
41 5.57408e+06
50 7.76897e+06
75 1.5912e+07
52 7.94273e+06
52 7.94273e+06
52 7.94273e+06
52 7.94273e+06
52 7.94273e+06
52 7.94273e+06
52 7.94273e+06
62 1.1344e+07
80 1.74406e+07
45 6.75568e+06
38 5.04295e+06
38 5.04295e+06
77 1.67485e+07
31 4.25298e+06
44 6.14612e+06
36 4.65143e+06
23 3.81055e+06
47 7.21819e+06
28 4.06452e+06
78 1.73845e+07
48 7.43077e+06
22 3.79696e+06
29 4.0724e+06
53 8.33321e+06
53 8.33321e+06
46 7.03633e+06
46 7.03633e+06
66 1.35626e+07
29 4.0724e+06
70 1.51602e+07
Thế hệ thứ: 45
19 3.71905e+06
99 2.6179e+07
33 4.49124e+06
55 9.87755e+06
94 2.23909e+07
86 1.98512e+07
98 2.51092e+07
82 1.86797e+07
54 8.41449e+06
54 8.41449e+06
92 2.17153e+07
66 1.35626e+07
46 7.03633e+06
46 7.03633e+06
58 1.11085e+07
51 7.86744e+06
65 1.17732e+07
41 5.57408e+06
69 1.4105e+07
50 7.76897e+06
75 1.5912e+07
52 7.94273e+06
52 7.94273e+06
52 7.94273e+06
52 7.94273e+06
52 7.94273e+06
52 7.94273e+06
62 1.1344e+07
80 1.74406e+07
77 1.67485e+07
38 5.04295e+06
38 5.04295e+06
45 6.75568e+06
31 4.25298e+06
44 6.14612e+06
36 4.65143e+06
70 1.51602e+07
71 1.57357e+07
23 3.81055e+06
47 7.21819e+06
28 4.06452e+06
78 1.73845e+07
48 7.43077e+06
22 3.79696e+06
29 4.0724e+06
53 8.33321e+06
53 8.33321e+06
47 7.21819e+06
47 7.21819e+06
29 4.0724e+06
49 7.75704e+06
76 1.60133e+07
Thế hệ thứ: 46
19 3.71905e+06
99 2.6179e+07
33 4.49124e+06
55 9.87755e+06
94 2.23909e+07
86 1.98512e+07
98 2.51092e+07
82 1.86797e+07
54 8.41449e+06
54 8.41449e+06
42 5.94391e+06
92 2.17153e+07
66 1.35626e+07
46 7.03633e+06
46 7.03633e+06
58 1.11085e+07
51 7.86744e+06
65 1.17732e+07
41 5.57408e+06
69 1.4105e+07
52 7.94273e+06
52 7.94273e+06
52 7.94273e+06
52 7.94273e+06
52 7.94273e+06
62 1.1344e+07
80 1.74406e+07
31 4.25298e+06
44 6.14612e+06
36 4.65143e+06
70 1.51602e+07
71 1.57357e+07
23 3.81055e+06
47 7.21819e+06
28 4.06452e+06
45 6.75568e+06
77 1.67485e+07
38 5.04295e+06
38 5.04295e+06
50 7.76897e+06
75 1.5912e+07
78 1.73845e+07
48 7.43077e+06
76 1.60133e+07
22 3.79696e+06
49 7.75704e+06
29 4.0724e+06
47 7.21819e+06
29 4.0724e+06
53 8.32238e+06
Thế hệ thứ: 47
19 3.71905e+06
99 2.6179e+07
33 4.49124e+06
55 9.87755e+06
94 2.23909e+07
86 1.98512e+07
98 2.51092e+07
82 1.86797e+07
54 8.41449e+06
42 5.94391e+06
54 8.41449e+06
53 8.32238e+06
92 2.17153e+07
66 1.35626e+07
46 7.03633e+06
46 7.03633e+06
58 1.11085e+07
51 7.86744e+06
65 1.17732e+07
69 1.4105e+07
52 7.94273e+06
52 7.94273e+06
52 7.94273e+06
52 7.94273e+06
52 7.94273e+06
62 1.1344e+07
80 1.74406e+07
36 4.65143e+06
70 1.51602e+07
71 1.57357e+07
41 5.57408e+06
23 3.81055e+06
47 7.21819e+06
28 4.06452e+06
77 1.67485e+07
38 5.04295e+06
38 5.04295e+06
45 6.75568e+06
50 7.76897e+06
75 1.5912e+07
44 6.14612e+06
31 4.25298e+06
78 1.73845e+07
48 7.43077e+06
76 1.60133e+07
22 3.79696e+06
49 7.75704e+06
29 4.0724e+06
47 7.21819e+06
29 4.0724e+06
Thế hệ thứ: 48
19 3.71905e+06
99 2.6179e+07
33 4.49124e+06
55 9.87755e+06
94 2.23909e+07
86 1.98512e+07
98 2.51092e+07
82 1.86797e+07
54 8.41449e+06
42 5.94391e+06
54 8.41449e+06
53 8.32238e+06
92 2.17153e+07
66 1.35626e+07
46 7.03633e+06
46 7.03633e+06
58 1.11085e+07
51 7.86744e+06
65 1.17732e+07
69 1.4105e+07
52 7.94273e+06
52 7.94273e+06
52 7.94273e+06
52 7.94273e+06
52 7.94273e+06
62 1.1344e+07
24 3.88457e+06
80 1.74406e+07
36 4.65143e+06
70 1.51602e+07
71 1.57357e+07
41 5.57408e+06
23 3.81055e+06
47 7.21819e+06
28 4.06452e+06
77 1.67485e+07
38 5.04295e+06
38 5.04295e+06
45 6.75568e+06
50 7.76897e+06
75 1.5912e+07
31 4.25298e+06
44 6.14612e+06
78 1.73845e+07
48 7.43077e+06
76 1.60133e+07
22 3.79696e+06
49 7.75704e+06
29 4.0724e+06
47 7.21819e+06
29 4.0724e+06
Thế hệ thứ: 49
19 3.71905e+06
99 2.6179e+07
33 4.49124e+06
55 9.87755e+06
94 2.23909e+07
86 1.98512e+07
98 2.51092e+07
82 1.86797e+07
54 8.41449e+06
42 5.94391e+06
54 8.41449e+06
53 8.32238e+06
92 2.17153e+07
66 1.35626e+07
46 7.03633e+06
46 7.03633e+06
58 1.11085e+07
51 7.86744e+06
65 1.17732e+07
69 1.4105e+07
52 7.94273e+06
52 7.94273e+06
52 7.94273e+06
52 7.94273e+06
62 1.1344e+07
80 1.74406e+07
24 3.88457e+06
36 4.65143e+06
70 1.51602e+07
71 1.57357e+07
41 5.57408e+06
77 1.67485e+07
38 5.04295e+06
38 5.04295e+06
45 6.75568e+06
50 7.76897e+06
75 1.5912e+07
31 4.25298e+06
44 6.14612e+06
47 7.21819e+06
28 4.06452e+06
78 1.73845e+07
48 7.43077e+06
76 1.60133e+07
22 3.79696e+06
49 7.75704e+06
29 4.0724e+06
23 3.81055e+06
47 7.21819e+06
29 4.0724e+06
81 1.7451e+07

