Thế hệ thứ: 0
46 2.23407e+07
60 2.66698e+07
99 3.85645e+07
41 2.18643e+07
36 1.96881e+07
51 2.33808e+07
59 2.55637e+07
39 2.10225e+07
32 1.96776e+07
38 2.09041e+07
57 2.37437e+07
87 3.29693e+07
50 2.32536e+07
109 4.32737e+07
92 3.58432e+07
100 4.13359e+07
88 3.34971e+07
115 4.60371e+07
110 4.43118e+07
90 3.5727e+07
86 3.28293e+07
Thế hệ thứ: 1
32 1.96776e+07
115 4.60371e+07
60 2.66698e+07
109 4.32737e+07
99 3.85645e+07
51 2.33808e+07
59 2.55637e+07
86 3.28293e+07
57 2.37437e+07
38 2.09041e+07
110 4.43118e+07
46 2.23407e+07
88 3.34971e+07
41 2.18643e+07
36 1.96881e+07
50 2.32536e+07
87 3.29693e+07
105 3.99925e+07
39 2.10225e+07
108 4.14162e+07
72 3.06225e+07
100 3.9103e+07
121 4.73244e+07
98 3.50168e+07
Thế hệ thứ: 2
88 3.34971e+07
32 1.96776e+07
121 4.73244e+07
120 4.69812e+07
60 2.66698e+07
72 3.06225e+07
102 3.89567e+07
109 4.00626e+07
98 3.50168e+07
115 4.36933e+07
51 2.33808e+07
59 2.55637e+07
86 3.28293e+07
39 2.10225e+07
105 3.99925e+07
57 2.37437e+07
38 2.09041e+07
46 2.23407e+07
41 2.18643e+07
36 1.96881e+07
50 2.32536e+07
87 3.29693e+07
112 4.33735e+07
100 3.6636e+07
Thế hệ thứ: 3
32 1.96776e+07
121 4.73244e+07
120 4.69812e+07
60 2.66698e+07
72 3.06225e+07
51 2.33808e+07
59 2.55637e+07
86 3.28293e+07
115 4.36933e+07
98 3.50168e+07
109 4.00626e+07
88 3.34971e+07
100 3.6636e+07
102 3.89567e+07
57 2.37437e+07
113 4.25559e+07
46 2.23407e+07
41 2.18643e+07
39 2.10225e+07
36 1.96881e+07
50 2.32536e+07
87 3.29693e+07
38 2.09041e+07
92 3.39984e+07
106 3.92462e+07
84 3.15093e+07
Thế hệ thứ: 4
32 1.96776e+07
121 4.73244e+07
60 2.66698e+07
72 3.06225e+07
86 3.28293e+07
51 2.33808e+07
59 2.55637e+07
115 4.36933e+07
84 3.15093e+07
46 2.23407e+07
113 4.25559e+07
98 3.50168e+07
109 4.00626e+07
57 2.37437e+07
111 4.17446e+07
92 3.39984e+07
102 3.89567e+07
41 2.18643e+07
106 3.92462e+07
36 1.96881e+07
50 2.32536e+07
87 3.29693e+07
88 3.34971e+07
38 2.09041e+07
39 2.10225e+07
120 4.54847e+07
101 3.52045e+07
Thế hệ thứ: 5
32 1.96776e+07
60 2.66698e+07
122 4.35936e+07
72 3.06225e+07
101 3.52045e+07
84 3.15093e+07
86 3.28293e+07
51 2.33808e+07
59 2.55637e+07
111 3.95198e+07
57 2.37437e+07
92 3.39984e+07
46 2.23407e+07
102 3.76021e+07
98 3.50168e+07
41 2.18643e+07
36 1.96881e+07
50 2.32536e+07
87 3.29693e+07
88 3.34971e+07
38 2.09041e+07
39 2.10225e+07
118 4.06219e+07
108 3.83118e+07
126 4.98909e+07
Thế hệ thứ: 6
111 3.95198e+07
57 2.37437e+07
32 1.96776e+07
126 4.98909e+07
60 2.66698e+07
72 3.06225e+07
122 4.35936e+07
118 4.06219e+07
84 3.15093e+07
108 3.83118e+07
46 2.23407e+07
86 3.28293e+07
51 2.33808e+07
59 2.55637e+07
41 2.18643e+07
36 1.96881e+07
50 2.32536e+07
87 3.29693e+07
88 3.34971e+07
38 2.09041e+07
39 2.10225e+07
102 3.364e+07
120 4.10552e+07
Thế hệ thứ: 7
32 1.96776e+07
126 4.98909e+07
60 2.66698e+07
72 3.06225e+07
102 3.364e+07
108 3.83118e+07
84 3.15093e+07
57 2.37437e+07
118 4.06219e+07
46 2.23407e+07
92 3.30492e+07
86 3.28293e+07
51 2.33808e+07
59 2.55637e+07
41 2.18643e+07
36 1.96881e+07
50 2.32536e+07
87 3.29693e+07
38 2.09041e+07
39 2.10225e+07
111 3.88353e+07
123 4.0713e+07
112 4.01515e+07
80 3.09836e+07
113 4.02539e+07
109 3.86515e+07
Thế hệ thứ: 8
123 4.0713e+07
114 3.84698e+07
32 1.96776e+07
92 3.30492e+07
126 4.98909e+07
60 2.66698e+07
72 3.06225e+07
102 3.364e+07
108 3.83118e+07
57 2.37437e+07
80 3.09836e+07
46 2.23407e+07
86 3.28293e+07
51 2.33808e+07
59 2.55637e+07
84 3.15093e+07
118 4.06219e+07
41 2.18643e+07
36 1.96881e+07
50 2.32536e+07
87 3.29693e+07
38 2.09041e+07
39 2.10225e+07
103 3.67325e+07
90 3.30122e+07
115 3.94082e+07
Thế hệ thứ: 9
90 3.30122e+07
123 4.0713e+07
114 3.84698e+07
32 1.96776e+07
60 2.66698e+07
72 3.06225e+07
102 3.364e+07
108 3.83118e+07
57 2.37437e+07
80 3.09836e+07
92 3.30492e+07
46 2.23407e+07
86 3.28293e+07
51 2.33808e+07
59 2.55637e+07
84 3.15093e+07
115 3.94082e+07
41 2.18643e+07
36 1.96881e+07
50 2.32536e+07
87 3.29693e+07
38 2.09041e+07
103 3.65976e+07
39 2.10225e+07
94 3.31517e+07
128 4.61778e+07
118 4.02032e+07
Thế hệ thứ: 10
103 3.65976e+07
94 3.31517e+07
39 2.10225e+07
123 4.0713e+07
114 3.84698e+07
32 1.96776e+07
128 4.61778e+07
60 2.66698e+07
72 3.06225e+07
102 3.364e+07
108 3.83118e+07
57 2.37437e+07
80 3.09836e+07
46 2.23407e+07
86 3.28293e+07
51 2.33808e+07
59 2.55637e+07
118 4.02032e+07
84 3.15093e+07
41 2.18643e+07
36 1.96881e+07
50 2.32536e+07
87 3.29693e+07
38 2.09041e+07
90 3.30122e+07
92 3.30492e+07
116 3.87923e+07
106 3.76265e+07
Thế hệ thứ: 11
57 2.37437e+07
103 3.65976e+07
94 3.31517e+07
39 2.10225e+07
123 4.0713e+07
114 3.84698e+07
32 1.96776e+07
60 2.66698e+07
72 3.06225e+07
102 3.364e+07
80 3.09836e+07
46 2.23407e+07
118 4.02032e+07
86 3.28293e+07
51 2.33808e+07
59 2.55637e+07
84 3.15093e+07
41 2.18643e+07
106 3.76265e+07
108 3.83118e+07
36 1.96881e+07
116 3.87923e+07
50 2.32536e+07
87 3.29693e+07
38 2.09041e+07
90 3.30122e+07
92 3.30492e+07
104 3.751e+07
117 3.96272e+07
130 4.59166e+07
Thế hệ thứ: 12
57 2.37437e+07
103 3.65976e+07
94 3.31517e+07
39 2.10225e+07
123 4.0713e+07
114 3.84698e+07
32 1.96776e+07
130 4.59166e+07
60 2.66698e+07
72 3.06225e+07
102 3.364e+07
80 3.09836e+07
46 2.23407e+07
86 3.28293e+07
51 2.33808e+07
59 2.55637e+07
84 3.15093e+07
41 2.18643e+07
108 3.83118e+07
36 1.96881e+07
118 4.02032e+07
50 2.32536e+07
87 3.29693e+07
38 2.09041e+07
116 3.87923e+07
117 3.96272e+07
106 3.76265e+07
104 3.751e+07
90 3.30122e+07
92 3.30492e+07
127 4.44164e+07
124 4.2659e+07
Thế hệ thứ: 13
130 4.59166e+07
103 3.65976e+07
94 3.31517e+07
39 2.10225e+07
127 4.44164e+07
114 3.84698e+07
32 1.96776e+07
60 2.66698e+07
72 3.06225e+07
102 3.364e+07
124 4.2659e+07
57 2.37437e+07
80 3.09836e+07
123 4.0713e+07
46 2.23407e+07
86 3.28293e+07
51 2.33808e+07
59 2.55637e+07
84 3.15093e+07
41 2.18643e+07
108 3.83118e+07
36 1.96881e+07
50 2.32536e+07
87 3.29693e+07
38 2.09041e+07
106 3.76265e+07
90 3.30122e+07
92 3.30492e+07
104 3.68166e+07
117 3.84967e+07
119 3.91833e+07
Thế hệ thứ: 14
130 4.59166e+07
123 4.0713e+07
94 3.31517e+07
39 2.10225e+07
127 4.44164e+07
114 3.84698e+07
32 1.96776e+07
60 2.66698e+07
72 3.06225e+07
128 4.58928e+07
102 3.364e+07
124 4.2659e+07
57 2.37437e+07
80 3.09836e+07
119 3.91833e+07
46 2.23407e+07
86 3.28293e+07
51 2.33808e+07
59 2.55637e+07
84 3.15093e+07
41 2.18643e+07
36 1.96881e+07
50 2.32536e+07
87 3.29693e+07
38 2.09041e+07
117 3.84967e+07
90 3.30122e+07
92 3.30492e+07
126 4.37227e+07
111 3.66395e+07
107 3.51203e+07
Thế hệ thứ: 15
130 4.59166e+07
123 4.0713e+07
32 1.96776e+07
111 3.66395e+07
60 2.66698e+07
115 3.77327e+07
72 3.06225e+07
128 4.58928e+07
102 3.364e+07
41 2.18643e+07
107 3.51203e+07
57 2.37437e+07
80 3.09836e+07
119 3.91833e+07
124 4.2659e+07
46 2.23407e+07
86 3.28293e+07
51 2.33808e+07
59 2.55637e+07
84 3.15093e+07
94 3.31517e+07
39 2.10225e+07
127 4.44164e+07
36 1.96881e+07
126 4.37227e+07
50 2.32536e+07
38 2.09041e+07
117 3.84967e+07
90 3.30122e+07
92 3.30492e+07
89 3.29136e+07
Thế hệ thứ: 16
123 4.0713e+07
32 1.96776e+07
130 4.59166e+07
111 3.66395e+07
60 2.66698e+07
115 3.77327e+07
72 3.06225e+07
128 4.58928e+07
102 3.364e+07
41 2.18643e+07
107 3.51203e+07
57 2.37437e+07
80 3.09836e+07
119 3.91833e+07
124 4.2659e+07
46 2.23407e+07
51 2.33808e+07
86 3.28293e+07
59 2.55637e+07
84 3.15093e+07
94 3.31517e+07
39 2.10225e+07
127 4.44164e+07
36 1.96881e+07
126 4.37227e+07
117 3.84967e+07
50 2.32536e+07
38 2.09041e+07
89 3.29136e+07
92 3.30492e+07
90 3.30122e+07
95 3.33776e+07
Thế hệ thứ: 17
123 4.0713e+07
32 1.96776e+07
130 4.59166e+07
111 3.66395e+07
60 2.66698e+07
115 3.77327e+07
72 3.06225e+07
41 2.18643e+07
107 3.51203e+07
128 4.58928e+07
102 3.364e+07
57 2.37437e+07
80 3.09836e+07
124 4.2659e+07
46 2.23407e+07
51 2.33808e+07
59 2.55637e+07
84 3.15093e+07
36 1.96881e+07
127 4.44164e+07
39 2.10225e+07
94 3.31517e+07
95 3.33776e+07
126 4.37227e+07
50 2.32536e+07
38 2.09041e+07
92 3.30492e+07
90 3.30122e+07
119 3.84293e+07
68 2.93005e+07
89 3.25927e+07
Thế hệ thứ: 18
32 1.96776e+07
130 4.59166e+07
60 2.66698e+07
111 3.66395e+07
68 2.93005e+07
119 3.84293e+07
41 2.18643e+07
107 3.51203e+07
128 4.58928e+07
102 3.364e+07
115 3.77327e+07
72 3.06225e+07
57 2.37437e+07
80 3.09836e+07
84 3.15093e+07
124 4.2659e+07
46 2.23407e+07
51 2.33808e+07
59 2.55637e+07
89 3.25927e+07
36 1.96881e+07
39 2.10225e+07
94 3.31517e+07
127 4.44164e+07
95 3.33776e+07
126 4.37227e+07
50 2.32536e+07
38 2.09041e+07
90 3.30122e+07
92 3.30492e+07
123 4.02385e+07
112 3.73391e+07
Thế hệ thứ: 19
32 1.96776e+07
130 4.59166e+07
115 3.77327e+07
72 3.06225e+07
60 2.66698e+07
111 3.66395e+07
68 2.93005e+07
102 3.364e+07
123 4.02385e+07
41 2.18643e+07
107 3.51203e+07
119 3.84293e+07
57 2.37437e+07
124 4.2659e+07
80 3.09836e+07
84 3.15093e+07
46 2.23407e+07
51 2.33808e+07
59 2.55637e+07
89 3.25927e+07
36 1.96881e+07
39 2.10225e+07
94 3.31517e+07
127 4.44164e+07
95 3.33776e+07
126 4.37227e+07
50 2.32536e+07
112 3.73391e+07
38 2.09041e+07
90 3.30122e+07
92 3.30492e+07
129 4.58123e+07
Thế hệ thứ: 20
32 1.96776e+07
130 4.59166e+07
115 3.77327e+07
72 3.06225e+07
60 2.66698e+07
111 3.66395e+07
68 2.93005e+07
102 3.364e+07
123 4.02385e+07
41 2.18643e+07
107 3.51203e+07
119 3.84293e+07
57 2.37437e+07
124 4.2659e+07
80 3.09836e+07
84 3.15093e+07
46 2.23407e+07
51 2.33808e+07
59 2.55637e+07
89 3.25927e+07
39 2.10225e+07
94 3.31517e+07
127 4.44164e+07
36 1.96881e+07
95 3.33776e+07
126 4.37227e+07
50 2.32536e+07
129 4.58123e+07
112 3.73391e+07
38 2.09041e+07
90 3.30122e+07
92 3.30492e+07
Thế hệ thứ: 21
32 1.96776e+07
130 4.59166e+07
72 3.06225e+07
60 2.66698e+07
111 3.66395e+07
68 2.93005e+07
102 3.364e+07
123 4.02385e+07
41 2.18643e+07
107 3.51203e+07
119 3.84293e+07
57 2.37437e+07
124 4.2659e+07
80 3.09836e+07
84 3.15093e+07
46 2.23407e+07
51 2.33808e+07
59 2.55637e+07
89 3.25927e+07
39 2.10225e+07
94 3.31517e+07
127 4.44164e+07
36 1.96881e+07
95 3.33776e+07
126 4.37227e+07
50 2.32536e+07
129 4.58123e+07
112 3.73391e+07
38 2.09041e+07
116 3.76455e+07
93 3.26932e+07
Thế hệ thứ: 22
32 1.96776e+07
130 4.59166e+07
72 3.06225e+07
60 2.66698e+07
68 2.93005e+07
102 3.364e+07
123 4.02385e+07
41 2.18643e+07
107 3.51203e+07
119 3.84293e+07
116 3.76455e+07
57 2.37437e+07
124 4.2659e+07
80 3.09836e+07
84 3.15093e+07
120 3.97707e+07
46 2.23407e+07
59 2.55637e+07
92 3.20402e+07
51 2.33808e+07
39 2.10225e+07
94 3.31517e+07
127 4.44164e+07
36 1.96881e+07
95 3.33776e+07
126 4.37227e+07
50 2.32536e+07
129 4.58123e+07
38 2.09041e+07
93 3.26932e+07
115 3.66257e+07
Thế hệ thứ: 23
32 1.96776e+07
130 4.59166e+07
72 3.06225e+07
116 3.65102e+07
60 2.66698e+07
68 2.93005e+07
41 2.18643e+07
107 3.51203e+07
102 3.364e+07
57 2.37437e+07
124 4.2659e+07
84 3.15093e+07
80 3.09836e+07
123 4.02385e+07
120 3.97707e+07
46 2.23407e+07
51 2.33808e+07
59 2.55637e+07
92 3.20402e+07
119 3.84293e+07
39 2.10225e+07
94 3.31517e+07
127 4.44164e+07
36 1.96881e+07
95 3.33776e+07
126 4.37227e+07
50 2.32536e+07
129 4.58123e+07
38 2.09041e+07
93 3.26932e+07
131 4.75862e+07
117 3.77216e+07
Thế hệ thứ: 24
32 1.96776e+07
131 4.75862e+07
72 3.06225e+07
116 3.65102e+07
60 2.66698e+07
68 2.93005e+07
117 3.77216e+07
41 2.18643e+07
107 3.51203e+07
102 3.364e+07
84 3.15093e+07
57 2.37437e+07
124 4.2659e+07
80 3.09836e+07
123 4.02385e+07
120 3.97707e+07
46 2.23407e+07
51 2.33808e+07
59 2.55637e+07
92 3.20402e+07
39 2.10225e+07
94 3.31517e+07
36 1.96881e+07
119 3.84293e+07
95 3.33776e+07
126 4.37227e+07
50 2.32536e+07
129 4.58123e+07
130 4.59166e+07
38 2.09041e+07
93 3.26932e+07
110 3.62383e+07
77 3.08014e+07
104 3.46307e+07
127 4.38135e+07
Thế hệ thứ: 25
57 2.37437e+07
32 1.96776e+07
124 4.2659e+07
131 4.75862e+07
72 3.06225e+07
116 3.65102e+07
60 2.66698e+07
68 2.93005e+07
127 4.38135e+07
84 3.15093e+07
123 4.02385e+07
110 3.62383e+07
120 3.97707e+07
46 2.23407e+07
102 3.364e+07
51 2.33808e+07
59 2.55637e+07
92 3.20402e+07
117 3.77216e+07
41 2.18643e+07
107 3.51203e+07
129 4.58123e+07
36 1.96881e+07
119 3.84293e+07
95 3.33776e+07
104 3.46307e+07
80 3.09836e+07
77 3.08014e+07
50 2.32536e+07
130 4.59166e+07
38 2.09041e+07
126 4.37227e+07
39 2.10225e+07
94 3.31517e+07
93 3.26932e+07
Thế hệ thứ: 26
130 4.44389e+07
57 2.37437e+07
32 1.96776e+07
124 4.2659e+07
131 4.75862e+07
72 3.06225e+07
116 3.65102e+07
60 2.66698e+07
68 2.93005e+07
127 4.38135e+07
84 3.15093e+07
123 4.02385e+07
110 3.62383e+07
46 2.23407e+07
102 3.364e+07
51 2.33808e+07
59 2.55637e+07
92 3.20402e+07
117 3.77216e+07
41 2.18643e+07
107 3.51203e+07
36 1.96881e+07
119 3.84293e+07
95 3.33776e+07
104 3.46307e+07
80 3.09836e+07
77 3.08014e+07
50 2.32536e+07
38 2.09041e+07
126 4.37227e+07
39 2.10225e+07
94 3.31517e+07
93 3.26932e+07
103 3.42677e+07
121 3.86806e+07
Thế hệ thứ: 27
130 4.44389e+07
57 2.37437e+07
32 1.96776e+07
60 2.66698e+07
68 2.93005e+07
123 4.02385e+07
127 4.38135e+07
84 3.15093e+07
124 4.2659e+07
116 3.65102e+07
110 3.62383e+07
46 2.23407e+07
51 2.33808e+07
59 2.55637e+07
92 3.20402e+07
117 3.77216e+07
41 2.18643e+07
107 3.51203e+07
102 3.364e+07
121 3.86806e+07
36 1.96881e+07
104 3.46307e+07
95 3.33776e+07
80 3.09836e+07
77 3.08014e+07
50 2.32536e+07
38 2.09041e+07
119 3.84293e+07
126 4.37227e+07
39 2.10225e+07
94 3.31517e+07
93 3.26932e+07
103 3.42677e+07
135 4.67098e+07
75 2.97821e+07
Thế hệ thứ: 28
77 3.05761e+07
130 4.44389e+07
57 2.37437e+07
32 1.96776e+07
60 2.66698e+07
68 2.93005e+07
135 4.67098e+07
123 4.02385e+07
124 4.2659e+07
127 4.38135e+07
84 3.15093e+07
75 2.97821e+07
110 3.62383e+07
46 2.23407e+07
51 2.33808e+07
59 2.55637e+07
92 3.20402e+07
116 3.65102e+07
117 3.77216e+07
41 2.18643e+07
107 3.51203e+07
102 3.364e+07
121 3.86806e+07
36 1.96881e+07
104 3.46307e+07
95 3.33776e+07
80 3.09836e+07
50 2.32536e+07
38 2.09041e+07
119 3.84293e+07
126 4.37227e+07
39 2.10225e+07
94 3.31517e+07
93 3.26932e+07
103 3.42677e+07
132 4.56649e+07
Thế hệ thứ: 29
77 3.05761e+07
130 4.44389e+07
57 2.37437e+07
32 1.96776e+07
60 2.66698e+07
68 2.93005e+07
135 4.67098e+07
123 4.02385e+07
127 4.38135e+07
84 3.15093e+07
110 3.62383e+07
46 2.23407e+07
51 2.33808e+07
59 2.55637e+07
92 3.20402e+07
75 2.97821e+07
132 4.56649e+07
116 3.65102e+07
117 3.77216e+07
41 2.18643e+07
107 3.51203e+07
102 3.364e+07
121 3.86806e+07
36 1.96881e+07
80 3.09836e+07
104 3.46307e+07
95 3.33776e+07
50 2.32536e+07
38 2.09041e+07
119 3.84293e+07
126 4.37227e+07
39 2.10225e+07
94 3.31517e+07
93 3.26932e+07
103 3.42677e+07
128 4.43521e+07
89 3.16942e+07
125 4.20755e+07
Thế hệ thứ: 30
130 4.44389e+07
77 3.05761e+07
57 2.37437e+07
32 1.96776e+07
116 3.65102e+07
125 4.20755e+07
60 2.66698e+07
68 2.93005e+07
135 4.67098e+07
123 4.02385e+07
110 3.62383e+07
46 2.23407e+07
59 2.55637e+07
92 3.20402e+07
51 2.33808e+07
75 2.97821e+07
132 4.56649e+07
117 3.77216e+07
41 2.18643e+07
107 3.51203e+07
127 4.38135e+07
84 3.15093e+07
102 3.364e+07
121 3.86806e+07
120 3.80158e+07
36 1.96881e+07
80 3.09836e+07
89 3.16942e+07
104 3.46307e+07
95 3.33776e+07
50 2.32536e+07
126 4.37227e+07
38 2.09041e+07
39 2.10225e+07
94 3.31517e+07
93 3.26932e+07
103 3.42677e+07
128 4.43521e+07
Thế hệ thứ: 31
130 4.44389e+07
77 3.05761e+07
57 2.37437e+07
32 1.96776e+07
116 3.65102e+07
125 4.20755e+07
60 2.66698e+07
68 2.93005e+07
135 4.67098e+07
123 4.02385e+07
110 3.62383e+07
46 2.23407e+07
59 2.55637e+07
92 3.20402e+07
51 2.33808e+07
75 2.97821e+07
132 4.56649e+07
117 3.77216e+07
41 2.18643e+07
107 3.51203e+07
84 3.15093e+07
121 3.86806e+07
102 3.364e+07
36 1.96881e+07
120 3.80158e+07
80 3.09836e+07
89 3.16942e+07
104 3.46307e+07
50 2.32536e+07
126 4.37227e+07
38 2.09041e+07
127 4.37321e+07
39 2.10225e+07
103 3.42677e+07
128 4.43521e+07
94 3.21644e+07
96 3.30832e+07
Thế hệ thứ: 32
130 4.44389e+07
77 3.05761e+07
57 2.37437e+07
32 1.96776e+07
116 3.65102e+07
125 4.20755e+07
60 2.66698e+07
68 2.93005e+07
135 4.67098e+07
123 4.02385e+07
110 3.62383e+07
46 2.23407e+07
59 2.55637e+07
92 3.20402e+07
51 2.33808e+07
75 2.97821e+07
132 4.56649e+07
96 3.30832e+07
117 3.77216e+07
41 2.18643e+07
107 3.51203e+07
84 3.15093e+07
102 3.364e+07
121 3.86806e+07
36 1.96881e+07
120 3.80158e+07
80 3.09836e+07
89 3.16942e+07
50 2.32536e+07
38 2.09041e+07
94 3.21644e+07
104 3.46307e+07
39 2.10225e+07
103 3.42677e+07
128 4.36464e+07
Thế hệ thứ: 33
116 3.65102e+07
125 4.20755e+07
60 2.66698e+07
68 2.93005e+07
135 4.67098e+07
77 3.05761e+07
130 4.44389e+07
57 2.37437e+07
32 1.96776e+07
123 4.02385e+07
110 3.62383e+07
46 2.23407e+07
59 2.55637e+07
92 3.20402e+07
51 2.33808e+07
75 2.97821e+07
132 4.56649e+07
96 3.30832e+07
117 3.77216e+07
41 2.18643e+07
107 3.51203e+07
84 3.15093e+07
102 3.364e+07
121 3.86806e+07
36 1.96881e+07
120 3.80158e+07
80 3.09836e+07
89 3.16942e+07
128 4.36062e+07
50 2.32536e+07
38 2.09041e+07
94 3.21644e+07
104 3.46307e+07
39 2.10225e+07
103 3.42677e+07
66 2.83441e+07
Thế hệ thứ: 34
77 3.05761e+07
130 4.44389e+07
57 2.37437e+07
32 1.96776e+07
68 2.93005e+07
60 2.66698e+07
116 3.65102e+07
125 4.20755e+07
135 4.67098e+07
66 2.83441e+07
123 4.02385e+07
110 3.62383e+07
46 2.23407e+07
59 2.55637e+07
92 3.20402e+07
51 2.33808e+07
128 4.36062e+07
50 2.32536e+07
75 2.97821e+07
132 4.56649e+07
96 3.30832e+07
117 3.77216e+07
41 2.18643e+07
107 3.51203e+07
84 3.15093e+07
102 3.364e+07
121 3.86806e+07
36 1.96881e+07
120 3.80158e+07
80 3.09836e+07
89 3.16942e+07
38 2.09041e+07
94 3.21644e+07
104 3.46307e+07
39 2.10225e+07
103 3.42677e+07
126 4.2186e+07
Thế hệ thứ: 35
77 3.05761e+07
130 4.44389e+07
57 2.37437e+07
32 1.96776e+07
68 2.93005e+07
60 2.66698e+07
135 4.67098e+07
66 2.83441e+07
123 4.02385e+07
110 3.62383e+07
46 2.23407e+07
59 2.55637e+07
92 3.20402e+07
51 2.33808e+07
75 2.97821e+07
132 4.56649e+07
96 3.30832e+07
125 4.20755e+07
116 3.65102e+07
128 4.36062e+07
50 2.32536e+07
117 3.77216e+07
41 2.18643e+07
107 3.51203e+07
84 3.15093e+07
102 3.364e+07
121 3.86806e+07
36 1.96881e+07
120 3.80158e+07
80 3.09836e+07
89 3.16942e+07
126 4.2186e+07
38 2.09041e+07
94 3.21644e+07
104 3.46307e+07
39 2.10225e+07
103 3.42677e+07
119 3.7797e+07
134 4.63719e+07
76 3.04443e+07
Thế hệ thứ: 36
77 3.05761e+07
130 4.44389e+07
57 2.37437e+07
32 1.96776e+07
68 2.93005e+07
60 2.66698e+07
135 4.67098e+07
66 2.83441e+07
123 4.02385e+07
110 3.62383e+07
46 2.23407e+07
59 2.55637e+07
92 3.20402e+07
51 2.33808e+07
96 3.30832e+07
125 4.20755e+07
116 3.65102e+07
128 4.36062e+07
50 2.32536e+07
75 2.97821e+07
117 3.77216e+07
41 2.18643e+07
107 3.51203e+07
84 3.15093e+07
102 3.364e+07
121 3.86806e+07
36 1.96881e+07
120 3.80158e+07
80 3.09836e+07
89 3.16942e+07
126 4.2186e+07
38 2.09041e+07
134 4.63719e+07
94 3.21644e+07
104 3.46307e+07
39 2.10225e+07
103 3.42677e+07
76 3.04443e+07
119 3.7797e+07
133 4.51114e+07
Thế hệ thứ: 37
68 2.93005e+07
60 2.66698e+07
135 4.67098e+07
77 3.05761e+07
130 4.44389e+07
57 2.37437e+07
32 1.96776e+07
66 2.83441e+07
123 4.02385e+07
110 3.62383e+07
46 2.23407e+07
59 2.55637e+07
92 3.20402e+07
51 2.33808e+07
96 3.30832e+07
125 4.20755e+07
116 3.65102e+07
128 4.36062e+07
50 2.32536e+07
75 2.97821e+07
117 3.77216e+07
41 2.18643e+07
107 3.51203e+07
84 3.15093e+07
102 3.364e+07
121 3.86806e+07
133 4.51114e+07
36 1.96881e+07
120 3.80158e+07
80 3.09836e+07
89 3.16942e+07
126 4.2186e+07
94 3.21644e+07
134 4.63719e+07
38 2.09041e+07
104 3.46307e+07
39 2.10225e+07
103 3.42677e+07
76 3.04443e+07
119 3.7797e+07
124 4.17931e+07
Thế hệ thứ: 38
68 2.93005e+07
60 2.66698e+07
135 4.67098e+07
77 3.05761e+07
130 4.44389e+07
57 2.37437e+07
32 1.96776e+07
66 2.83441e+07
123 4.02385e+07
110 3.62383e+07
46 2.23407e+07
59 2.55637e+07
92 3.20402e+07
51 2.33808e+07
96 3.30832e+07
125 4.20755e+07
116 3.65102e+07
128 4.36062e+07
50 2.32536e+07
75 2.97821e+07
117 3.77216e+07
41 2.18643e+07
107 3.51203e+07
84 3.15093e+07
102 3.364e+07
121 3.86806e+07
133 4.51114e+07
36 1.96881e+07
120 3.80158e+07
80 3.09836e+07
89 3.16942e+07
124 4.17931e+07
126 4.2186e+07
94 3.21644e+07
134 4.63719e+07
38 2.09041e+07
104 3.46307e+07
39 2.10225e+07
103 3.42677e+07
76 3.04443e+07
119 3.7797e+07
Thế hệ thứ: 39
77 3.05761e+07
130 4.44389e+07
57 2.37437e+07
32 1.96776e+07
68 2.93005e+07
60 2.66698e+07
135 4.67098e+07
66 2.83441e+07
123 4.02385e+07
110 3.62383e+07
46 2.23407e+07
59 2.55637e+07
92 3.20402e+07
51 2.33808e+07
96 3.30832e+07
125 4.20755e+07
116 3.65102e+07
128 4.36062e+07
50 2.32536e+07
75 2.97821e+07
41 2.18643e+07
117 3.77216e+07
107 3.51203e+07
84 3.15093e+07
102 3.364e+07
121 3.86806e+07
133 4.51114e+07
36 1.96881e+07
120 3.80158e+07
80 3.09836e+07
89 3.16942e+07
124 4.17931e+07
126 4.2186e+07
94 3.21644e+07
134 4.63719e+07
38 2.09041e+07
104 3.46307e+07
39 2.10225e+07
103 3.42677e+07
76 3.04443e+07
119 3.7797e+07
Thế hệ thứ: 40
77 3.05761e+07
130 4.44389e+07
57 2.37437e+07
32 1.96776e+07
68 2.93005e+07
60 2.66698e+07
135 4.67098e+07
66 2.83441e+07
123 4.02385e+07
110 3.62383e+07
46 2.23407e+07
59 2.55637e+07
92 3.20402e+07
51 2.33808e+07
96 3.30832e+07
125 4.20755e+07
116 3.65102e+07
128 4.36062e+07
50 2.32536e+07
75 2.97821e+07
117 3.77216e+07
41 2.18643e+07
107 3.51203e+07
84 3.15093e+07
102 3.364e+07
121 3.86806e+07
133 4.51114e+07
36 1.96881e+07
120 3.80158e+07
80 3.09836e+07
89 3.16942e+07
124 4.17931e+07
126 4.2186e+07
94 3.21644e+07
134 4.63719e+07
38 2.09041e+07
104 3.46307e+07
39 2.10225e+07
103 3.42677e+07
76 3.04443e+07
119 3.7797e+07
129 4.42578e+07
Thế hệ thứ: 41
77 3.05761e+07
130 4.44389e+07
57 2.37437e+07
32 1.96776e+07
68 2.93005e+07
60 2.66698e+07
135 4.67098e+07
66 2.83441e+07
123 4.02385e+07
110 3.62383e+07
46 2.23407e+07
59 2.55637e+07
92 3.20402e+07
51 2.33808e+07
96 3.30832e+07
116 3.65102e+07
75 2.97821e+07
117 3.77216e+07
41 2.18643e+07
107 3.51203e+07
129 4.42578e+07
84 3.15093e+07
102 3.364e+07
121 3.86806e+07
133 4.51114e+07
128 4.36062e+07
50 2.32536e+07
36 1.96881e+07
120 3.80158e+07
80 3.09836e+07
126 4.12887e+07
89 3.16942e+07
94 3.21644e+07
134 4.63719e+07
38 2.09041e+07
39 2.10225e+07
103 3.42677e+07
76 3.04443e+07
119 3.7797e+07
106 3.44444e+07
Thế hệ thứ: 42
77 3.05761e+07
130 4.44389e+07
57 2.37437e+07
32 1.96776e+07
68 2.93005e+07
60 2.66698e+07
89 3.16942e+07
126 4.12887e+07
135 4.67098e+07
66 2.83441e+07
123 4.02385e+07
128 4.36062e+07
50 2.32536e+07
110 3.62383e+07
46 2.23407e+07
59 2.55637e+07
92 3.20402e+07
51 2.33808e+07
96 3.30832e+07
116 3.65102e+07
75 2.97821e+07
117 3.77216e+07
107 3.51203e+07
41 2.18643e+07
129 4.42578e+07
84 3.15093e+07
102 3.364e+07
121 3.86806e+07
133 4.51114e+07
36 1.96881e+07
120 3.80158e+07
80 3.09836e+07
94 3.21644e+07
134 4.63719e+07
38 2.09041e+07
106 3.44444e+07
103 3.42677e+07
39 2.10225e+07
76 3.04443e+07
119 3.7797e+07
Thế hệ thứ: 43
68 2.93005e+07
60 2.66698e+07
89 3.16942e+07
126 4.12887e+07
135 4.67098e+07
77 3.05761e+07
130 4.44389e+07
57 2.37437e+07
32 1.96776e+07
66 2.83441e+07
123 4.02385e+07
128 4.36062e+07
50 2.32536e+07
110 3.62383e+07
46 2.23407e+07
59 2.55637e+07
92 3.20402e+07
51 2.33808e+07
96 3.30832e+07
116 3.65102e+07
75 2.97821e+07
117 3.77216e+07
107 3.51203e+07
41 2.18643e+07
129 4.42578e+07
84 3.15093e+07
102 3.364e+07
121 3.86806e+07
133 4.51114e+07
36 1.96881e+07
120 3.80158e+07
80 3.09836e+07
94 3.21644e+07
134 4.63719e+07
38 2.09041e+07
106 3.44444e+07
103 3.42677e+07
39 2.10225e+07
76 3.04443e+07
119 3.7797e+07
Thế hệ thứ: 44
68 2.93005e+07
60 2.66698e+07
89 3.16942e+07
126 4.12887e+07
135 4.67098e+07
77 3.05761e+07
130 4.44389e+07
57 2.37437e+07
32 1.96776e+07
66 2.83441e+07
123 4.02385e+07
128 4.36062e+07
50 2.32536e+07
110 3.62383e+07
46 2.23407e+07
118 3.77836e+07
59 2.55637e+07
92 3.20402e+07
51 2.33808e+07
96 3.30832e+07
116 3.65102e+07
75 2.97821e+07
117 3.77216e+07
107 3.51203e+07
41 2.18643e+07
129 4.42578e+07
84 3.15093e+07
102 3.364e+07
121 3.86806e+07
133 4.51114e+07
36 1.96881e+07
120 3.80158e+07
80 3.09836e+07
94 3.21644e+07
134 4.63719e+07
38 2.09041e+07
106 3.44444e+07
103 3.42677e+07
39 2.10225e+07
76 3.04443e+07
119 3.7797e+07
Thế hệ thứ: 45
68 2.93005e+07
60 2.66698e+07
89 3.16942e+07
126 4.12887e+07
135 4.67098e+07
77 3.05761e+07
130 4.44389e+07
57 2.37437e+07
32 1.96776e+07
66 2.83441e+07
123 4.02385e+07
128 4.36062e+07
50 2.32536e+07
46 2.23407e+07
118 3.77836e+07
59 2.55637e+07
92 3.20402e+07
51 2.33808e+07
96 3.30832e+07
116 3.65102e+07
75 2.97821e+07
117 3.77216e+07
107 3.51203e+07
41 2.18643e+07
129 4.42578e+07
84 3.15093e+07
102 3.364e+07
121 3.86806e+07
133 4.51114e+07
36 1.96881e+07
120 3.80158e+07
80 3.09836e+07
94 3.21644e+07
134 4.63719e+07
38 2.09041e+07
106 3.44444e+07
103 3.42677e+07
39 2.10225e+07
76 3.04443e+07
119 3.7797e+07
112 3.60433e+07
Thế hệ thứ: 46
57 2.37437e+07
77 3.05761e+07
130 4.44389e+07
32 1.96776e+07
68 2.93005e+07
60 2.66698e+07
89 3.16942e+07
126 4.12887e+07
135 4.67098e+07
66 2.83441e+07
123 4.02385e+07
128 4.36062e+07
50 2.32536e+07
112 3.60433e+07
46 2.23407e+07
118 3.77836e+07
59 2.55637e+07
92 3.20402e+07
51 2.33808e+07
96 3.30832e+07
75 2.97821e+07
117 3.77216e+07
41 2.18643e+07
107 3.51203e+07
129 4.42578e+07
84 3.15093e+07
102 3.364e+07
121 3.86806e+07
116 3.65102e+07
133 4.51114e+07
36 1.96881e+07
120 3.80158e+07
80 3.09836e+07
94 3.21644e+07
134 4.63719e+07
38 2.09041e+07
106 3.44444e+07
103 3.42677e+07
39 2.10225e+07
76 3.04443e+07
119 3.7797e+07
Thế hệ thứ: 47
77 3.05761e+07
130 4.44389e+07
57 2.37437e+07
32 1.96776e+07
68 2.93005e+07
60 2.66698e+07
89 3.16942e+07
126 4.12887e+07
135 4.67098e+07
66 2.83441e+07
123 4.02385e+07
128 4.36062e+07
50 2.32536e+07
112 3.60433e+07
46 2.23407e+07
118 3.77836e+07
59 2.55637e+07
92 3.20402e+07
51 2.33808e+07
96 3.30832e+07
75 2.97821e+07
117 3.77216e+07
41 2.18643e+07
107 3.51203e+07
129 4.42578e+07
84 3.15093e+07
102 3.364e+07
121 3.86806e+07
116 3.65102e+07
133 4.51114e+07
36 1.96881e+07
120 3.80158e+07
80 3.09836e+07
94 3.21644e+07
134 4.63719e+07
38 2.09041e+07
106 3.44444e+07
103 3.42677e+07
39 2.10225e+07
76 3.04443e+07
119 3.7797e+07
Thế hệ thứ: 48
68 2.93005e+07
60 2.66698e+07
89 3.16942e+07
126 4.12887e+07
135 4.67098e+07
77 3.05761e+07
130 4.44389e+07
57 2.37437e+07
32 1.96776e+07
66 2.83441e+07
123 4.02385e+07
128 4.36062e+07
50 2.32536e+07
112 3.60433e+07
46 2.23407e+07
118 3.77836e+07
59 2.55637e+07
92 3.20402e+07
51 2.33808e+07
96 3.30832e+07
75 2.97821e+07
117 3.77216e+07
41 2.18643e+07
107 3.51203e+07
129 4.42578e+07
84 3.15093e+07
102 3.364e+07
121 3.86806e+07
116 3.65102e+07
133 4.51114e+07
36 1.96881e+07
120 3.80158e+07
80 3.09836e+07
94 3.21644e+07
134 4.63719e+07
38 2.09041e+07
106 3.44444e+07
103 3.42677e+07
39 2.10225e+07
76 3.04443e+07
119 3.7797e+07
Thế hệ thứ: 49
68 2.93005e+07
60 2.66698e+07
89 3.16942e+07
126 4.12887e+07
135 4.67098e+07
77 3.05761e+07
130 4.44389e+07
57 2.37437e+07
32 1.96776e+07
66 2.83441e+07
123 4.02385e+07
128 4.36062e+07
50 2.32536e+07
112 3.60433e+07
46 2.23407e+07
118 3.77836e+07
59 2.55637e+07
92 3.20402e+07
51 2.33808e+07
96 3.30832e+07
75 2.97821e+07
117 3.77216e+07
41 2.18643e+07
107 3.51203e+07
129 4.42578e+07
84 3.15093e+07
102 3.364e+07
121 3.86806e+07
116 3.65102e+07
133 4.51114e+07
36 1.96881e+07
120 3.80158e+07
80 3.09836e+07
94 3.21644e+07
134 4.63719e+07
38 2.09041e+07
106 3.44444e+07
103 3.42677e+07
39 2.10225e+07
76 3.04443e+07
119 3.7797e+07
