100
18.8097 19.856 5.72073 0
1.85521 13.6144 2.04198 0
11.3414 20.4948 16.0037 1
0.782485 3.10408 0.668736 0
17.5209 19.2077 1.15032 0
11.7246 12.6233 1.67005 0
0.632817 3.5537 1.88871 0
12.995 20.7414 1.83162 1
11.004 22.9504 1.35931 0
8.54196 10.86 1.17553 0
12.6933 19.7204 1.40926 0
7.68584 17.0705 1.73914 0
17.513 21.1471 7.72161 0
6.37433 15.9847 1.45034 0
11.3968 19.3359 1.63743 0
1.73047 23.0802 2.17198 1
1.94324 15.2163 0.96582 1
12.0655 19.3089 1.42978 0
18.4568 23.9486 1.62115 0
11.4037 15.622 0.645779 0
0.0808894 1.62657 1.27302 1
6.11657 7.68472 0.503799 0
14.6148 22.1378 1.90329 0
16.1652 20.4121 1.24959 0
18.0249 23.2187 0.640253 0
3.44356 15.9439 1.0545 0
15.4103 18.9311 3.27016 0
8.49814 19.5832 0.444559 0
7.95709 9.44514 2.10751 0
8.71271 19.1861 1.02899 0
18.1667 20.583 1.31969 0
6.75028 16.1844 1.39193 1
3.42926 22.6699 1.49758 0
10.3541 20.2068 3.47098 1
6.77591 17.8625 1.0989 1
10.8191 21.9847 0.581511 0
17.3073 23.6363 0.818467 0
1.23234 13.3088 1.45227 0
7.00319 7.37489 0.690768 0
1.23787 6.80863 0.838406 0
11.4612 21.9886 2.01451 0
9.66695 16.7434 1.99216 0
13.6664 16.4714 2.23076 0
13.7116 16.3526 0.403861 0
2.06623 19.6874 1.01959 0
9.4654 9.8157 1.19934 0
18.2871 23.9102 20.4634 0
5.82857 20.7135 0.864603 1
8.40924 10.4886 2.24907 0
2.42835 15.3772 1.69412 1
7.67197 17.0196 0.440437 0
0.199865 3.80269 10.9817 0
0.00852472 12.8204 2.20577 0
10.8773 22.6398 1.85542 0
5.47342 6.80619 15.0446 0
6.9893 21.4369 2.20803 0
10.0962 10.1934 0.928145 0
18.9272 22.8504 1.53266 0
16.3211 21.0898 0.831121 0
13.8159 14.5919 0.292977 0
0.678125 10.6636 0.788111 0
4.49224 10.6029 1.21097 1
14.8528 20.3038 0.891041 0
9.91884 23.526 25.3696 0
5.88443 6.30535 0.42087 0
2.82893 23.1932 8.9067 0
7.67771 19.0869 1.1191 0
1.60704 23.3936 0.933839 1
10.9888 11.3515 0.774036 0
6.11504 22.7504 0.62755 0
9.96641 21.6147 1.80632 0
5.38949 7.70466 2.22046 0
8.59493 13.3387 0.729521 0
3.79884 8.95066 1.64909 0
15.0342 20.7637 1.43045 0
6.84761 13.3414 1.37363 1
14.5651 20.7407 0.312795 0
18.0544 23.3996 1.33482 1
13.6737 22.6464 1.81891 0
6.95214 15.7602 0.739949 0
2.78931 7.89432 0.997809 0
0.883656 11.1664 0.432433 1
12.074 22.2024 2.16867 0
14.9873 17.1399 0.294569 0
8.20654 17.2706 1.16159 0
10.7087 14.7244 22.624 1
5.64558 12.5381 1.24316 0
5.93205 12.9802 1.63655 0
15.9098 17.4979 1.81959 0
10.6524 22.6065 1.83887 0
5.70825 19.3964 1.85537 0
1.41573 3.78013 0.592731 1
10.8446 17.9595 1.78276 0
13.5564 20.081 1.84247 0
7.49018 16.2873 0.312489 0
16.8657 21.249 0.546729 0
13.6412 23.8151 1.67958 0
8.23523 22.4104 0.359621 0
17.7802 19.2944 21.3556 0
11.139 23.4213 1.56266 0
400 50 500
0.025 0.0125 10000 3000 15 1e+06 300000 2 2
0 38.3294 17.745 25.1662 32.5429 22.7312 25.0426 31.8494 26.1398 24.2354 16.863 21.9685 10.8677 10.3859 35.5138 41.9957 15.9743 31.9102 5.42684 14.5204 36.5805 23.2774 35.8242 38.9505 6.92228 35.4251 8.51803 32.8445 8.96723 9.16107 13.5493 35.9971 34.4947 11.3591 15.9196 17.2281 44.8536 19.983 16.7776 27.069 18.0393 26.1023 36.4165 24.6642 1.57428 27.364 18.089 14.6871 45.6044 36.4778 29.9509 35.8878 32.1363 16.3959 43.655 12.0168 9.2666 30.5442 6.7837 24.8961 6.6901 18.7075 13.1329 30.8187 41.0651 42.2053 13.2102 29.9616 33.5458 35.1503 37.4477 27.1509 26.2078 12.2914 16.8963 24.2879 32.4966 33.0941 23.6107 15.8237 35.8508 23.4696 25.7904 31.8669 25.5955 47.9641 45.3407 20.6091 39.812 36.7754 7.03596 25.7396 23.4178 39.704 26.9954 42.0036 12.9986 19.0702 5.34946 34.2785 14.7376 
38.3294 0 33.5558 23.4037 23.0028 16.9708 35.127 16.0346 16.7877 42.1701 23.8284 18.1222 46.954 31.0547 22.0911 3.72749 34.6295 6.43772 43.4924 36.376 22.1686 17.952 10.3962 35.4949 35.5027 16.1554 39.631 37.8015 31.7763 44.3076 25.4659 21.7094 33.1052 42.7042 40.0566 35.3932 14.5322 38.5211 25.6114 23.3227 32.9034 34.8373 35.9953 13.6815 37.0871 25.8261 37.8344 25.7439 9.75466 25.8307 38.0544 3.33875 33.1041 29.0118 7.2248 49.2593 34.3592 27.3382 45.0874 13.861 39.1448 35.47 32.4861 13.8503 6.54574 14.9642 48.8888 25.1621 21.0934 14.6083 31.2759 27.7807 24.4232 45.2407 37.6743 20.3758 21.7867 6.14001 28.2527 33.6677 3.59328 30.2035 20.9109 37.572 24.2533 11.2901 13.6255 33.3666 2.47165 25.8691 36.6492 14.6452 38.791 13.0957 17.2919 4.84367 31.084 22.0725 33.0134 39.344 51.8283 
17.745 33.5558 0 32.6011 17.931 17.1011 7.34388 20.6065 29.5021 39.8025 23.2883 15.8853 28.2471 22.1721 41.2249 36.5483 30.0118 27.7764 22.0825 29.5475 22.2182 26.6861 26.5681 21.4072 22.2156 23.5544 25.6561 45.3538 21.1389 16.1137 19.5212 41.457 17.0438 28.8999 32.1566 1.91933 45.0043 35.0556 8.81164 34.3795 31.0037 8.36601 18.7383 21.982 18.038 12.0019 33.203 10.5059 42.903 20.8571 43.1167 32.5004 43.0396 5.09394 40.473 21.582 8.50286 14.3528 22.2867 24.3988 23.9047 2.1085 26.2238 21.1299 38.6626 43.3799 30.559 37.878 39.125 24.0096 20.4663 10.9433 34.1423 14.8676 32.1281 13.5058 38.5343 27.4181 7.65722 1.92134 32.6236 6.57195 13.747 44.4895 33.4766 44.7635 44.8734 2.87307 33.9807 43.8522 23.0596 27.1504 38.0199 40.6642 16.8831 35.4649 25.1304 12.0703 16.4127 47.0326 23.2993 
25.1662 23.4037 32.6011 0 34.8533 20.1026 38.3521 29.3118 6.89384 18.9588 9.49361 20.7658 29.338 14.8112 10.3881 26.7345 13.4395 19.2519 28.5953 15.6693 36.8888 7.58274 28.38 46.7334 19.1027 32.0865 21.6243 15.5961 16.207 33.9981 13.5062 10.9117 42.7231 23.5526 18.7653 33.639 22.3962 15.898 24.455 1.92679 11.009 38.8107 45.6213 16.0449 23.5921 33.3243 15.7296 22.1758 25.981 39.2262 15.0516 20.0667 11.6514 27.7568 25.019 37.0988 27.4905 36.5336 30.5655 12.9438 22.1044 34.6341 13.3208 26.6675 22.1307 19.1989 30.6073 5.29512 8.51751 30.8187 43.2745 34.6071 1.6241 36.5608 15.9711 26.3296 7.37941 21.9169 32.5201 31.4087 19.8257 33.8989 28.1928 15.0987 1.05458 28.4768 23.3939 34.3367 25.7984 11.7948 19.7921 10.0003 15.5445 17.3072 26.0215 28.2402 12.678 22.5189 20.727 17.3193 39.8003 
32.5429 23.0028 17.931 34.8533 0 14.8804 15.1099 7.05057 28.8896 48.8891 28.2533 14.4764 43.374 31.7554 39.7348 24.6029 38.9724 19.8959 37.7515 39.531 4.29193 27.2913 12.9231 12.8152 34.1802 7.5722 38.5046 50.221 31.4382 33.6512 26.3471 39.6693 10.107 42.0556 43.0013 19.7122 37.2355 44.1572 15.9006 36.0227 38.759 14.3155 12.9981 18.9848 32.1422 5.93798 42.632 18.4265 32.6222 4.47961 48.9938 23.7602 46.5047 16.4475 30.1117 39.1975 24.1565 4.97657 38.4989 22.2577 37.1032 18.8939 35.332 9.65386 29.4397 36.9078 45.7055 39.2735 37.9328 8.83888 8.78954 7.36672 36.4448 32.7649 41.8555 9.30036 37.928 17.869 10.2758 19.2687 24.0218 11.6681 7.37666 49.5905 35.9056 33.7248 36.5081 15.9706 22.1781 43.2653 35.3299 25.5782 46.1776 34.4812 8.83381 22.603 33.8326 14.7315 28.84 51.9736 41.1009 
22.7312 16.9708 17.1011 20.1026 14.8804 0 20.411 10.5281 14.6629 34.4747 13.5888 1.21593 32.6534 18.3973 26.2354 20.3263 24.8217 10.819 28.1329 25.7319 17.4817 12.6376 13.159 26.6666 21.871 13.9908 26.3257 35.3547 18.4933 27.5954 12.4674 26.3049 22.7752 29.8042 29.3949 18.8284 27.9483 29.8617 8.69101 21.4008 24.2691 20.5111 25.7302 5.22232 21.7566 13.4458 28.4891 8.8764 25.9438 19.33 34.12 15.5076 31.7336 12.2482 23.5735 32.757 17.4823 16.5042 29.469 8.28273 25.3084 19.1405 21.4397 8.62419 21.6163 26.4923 34.841 24.7728 24.2563 13.2535 23.1735 14.9556 21.7137 28.3212 27.8469 6.3275 24.0146 11.0212 13.6726 16.9327 15.607 15.4346 8.11594 34.7149 21.1473 27.926 27.7791 17.5237 17.8839 29.4694 23.0844 11.5633 31.5978 23.7931 6.19785 19.8089 19.891 5.15505 17.7571 37.1087 35.234 
25.0426 35.127 7.34388 38.3521 15.1099 20.411 0 20.0785 34.363 46.9584 29.3951 19.2791 35.3969 29.1897 46.1675 37.6105 37.0668 30.1261 29.1818 36.7251 19.0404 31.7789 26.4945 14.6805 29.5103 22.1719 32.9994 51.9046 28.2409 22.3302 25.9009 46.318 10.6418 36.2394 39.4327 7.93635 47.9597 42.1797 13.9006 40.0212 37.8897 1.1922 11.7772 25.6254 25.3761 9.81219 40.3504 16.3476 44.827 16.6143 49.8314 34.7522 49.2751 10.8881 42.3135 27.5174 15.8345 10.3642 29.218 28.518 31.2485 6.4846 33.2458 21.5196 40.9218 46.7738 37.6853 43.5361 44.1084 23.0684 14.6358 7.93796 39.9453 20.3212 39.3003 14.9753 43.6705 29.1126 6.93774 9.25042 34.933 5.0296 14.2169 51.076 39.2947 46.3965 47.601 4.58157 35.0343 49.0984 30.3784 31.6131 45.0472 44.1002 17.8427 36.0777 32.0693 16.1974 23.6823 53.6139 28.8222 
31.8494 16.0346 20.6065 29.3118 7.05057 10.5281 20.0785 0 22.9195 44.9157 23.9981 10.6814 42.3212 28.8355 33.2121 17.9047 35.3405 12.947 37.258 36.2558 7.64559 21.7548 6.43042 19.8126 32.0353 3.59751 36.4873 44.8833 28.8255 34.8514 22.968 33.098 17.1021 40.0138 39.9076 22.5226 30.1881 40.3484 15.3668 30.2728 34.7084 19.5665 20.0299 13.2801 31.1265 10.3098 39.0044 17.1635 25.7273 10.5947 43.9717 16.7103 40.8858 17.423 23.2037 40.3361 24.7112 11.337 38.3327 16.3952 35.3254 22.1171 31.9648 2.78771 22.4201 29.8742 44.5858 33.3495 31.5016 3.47011 15.6907 12.2583 30.8468 34.6713 38.3732 7.78008 31.6091 10.8272 13.7009 21.4131 16.9731 15.568 6.90772 44.3317 30.3639 26.96 29.4761 19.4738 15.399 36.8354 33.2394 19.5796 41.9636 27.4721 4.87156 16.1271 30.417 12.7901 27.3576 46.618 42.5416 
26.1398 16.7877 29.5021 6.89384 28.8896 14.6629 34.363 22.9195 0 25.3843 9.32057 15.5575 32.5223 16.6373 11.8086 20.2702 18.266 12.3584 30.4888 20.2279 30.5577 3.00974 21.5472 41.1956 21.3133 25.4914 24.7939 22.3193 17.7753 34.1716 12.7546 11.9876 37.4116 27.3897 23.7603 30.8365 18.7992 21.7986 20.8079 7.44229 16.2965 34.649 40.3796 9.9126 24.6316 28.1082 21.2381 19.0724 20.7802 33.1448 21.938 13.4831 18.0628 24.4332 19.3963 38.0944 26.0457 31.111 32.3562 6.632 24.788 31.6046 16.8046 20.1995 16.5219 16.0666 34.1421 10.4337 9.74579 24.1636 37.5227 29.5963 8.22144 36.2125 21.199 20.9863 9.3795 15.0259 27.996 28.6411 13.2704 29.5902 22.7177 21.887 7.87328 23.2801 19.4253 30.7732 19.1202 14.8405 22.2791 3.34073 22.0122 13.6017 20.1077 21.5848 15.6386 18.1663 21.0201 24.0093 40.8123 
24.2354 42.1701 39.8025 18.9588 48.8891 34.4747 46.9584 44.9157 25.3843 0 20.9175 34.5902 20.3531 17.8693 25.9059 45.6068 10.0608 37.3551 23.8476 10.2592 51.9117 24.6753 45.6453 58.8565 17.9054 48.2087 15.9634 12.2519 18.724 32.6576 22.5831 26.5859 54.4304 14.5575 8.38177 39.9539 40.3081 4.82327 34.4572 19.57 10.2085 47.8054 56.9525 32.2868 23.1333 45.5224 6.60831 31.6463 44.7377 53.3563 9.04741 38.8557 14.9109 36.362 43.9235 32.8573 31.8616 48.9828 25.5297 29.9303 17.7044 41.3439 13.8803 42.6516 41.0469 36.9741 20.1176 19.47 25.034 47.2117 56.2091 46.1679 18.2954 36.1119 7.67802 39.6 23.7668 39.8256 43.1226 38.0295 38.6339 43.8134 41.5448 11.3697 18.271 47.2048 41.5214 42.39 44.501 24.4493 17.3608 27.868 3.41717 35.5717 40.628 46.9678 15.2537 34.3632 23.4688 12.8679 35.0438 
16.863 23.8284 23.2883 9.49361 28.2533 13.5888 29.3951 23.9981 9.32057 20.9175 0 13.8001 23.5288 7.47642 19.2394 27.5411 11.5656 17.9323 21.1775 12.9016 31.0659 6.61054 25.1083 39.1379 12.1377 27.3088 15.9457 22.7224 8.50576 25.1731 4.0259 19.6392 34.8894 18.894 16.6521 24.2342 28.1128 16.3898 15.57 11.3738 10.711 29.9583 37.6564 11.7086 15.338 25.5891 15.1615 13.0523 29.5882 32.7325 21.0271 20.8475 19.88 18.599 27.9179 28.8573 18.0253 28.9809 23.0372 10.0893 15.7077 25.2833 8.76486 21.7621 25.1431 25.3752 25.3016 14.7791 17.1723 26.3537 36.0671 26.5879 10.9509 27.4734 14.673 19.0815 16.2792 19.9995 24.0641 22.009 20.7257 25.2315 21.0346 21.9605 10.2802 32.0452 28.6983 25.1959 25.8153 21.1932 13.1784 9.56271 18.0091 22.9218 19.774 28.2429 7.29605 14.3232 11.8716 24.4641 31.5787 
21.9685 18.1222 15.8853 20.7658 14.4764 1.21593 19.2791 10.6814 15.5575 34.5902 13.8001 0 32.0493 18.1548 27.212 21.4395 24.828 12.0135 27.3862 25.6356 17.323 13.395 13.8561 25.9681 21.4385 14.2231 25.897 35.8781 18.158 26.5734 12.3233 27.2994 21.9905 29.4027 29.2595 17.6134 29.1581 29.9274 7.50494 22.1299 24.4039 19.4076 24.9215 6.35007 21.0496 12.6132 28.5008 7.84925 27.1456 18.9511 34.5468 16.7103 32.3596 11.0387 24.7683 31.7814 16.4172 15.7691 28.6729 9.30715 24.8139 17.9256 21.355 9.03995 22.8268 27.6819 34.2625 25.5398 25.2128 13.6071 22.5784 14.0428 22.3849 27.2244 27.8157 5.56389 24.9313 12.1278 12.5956 15.7237 16.8128 14.3245 7.44745 35.2147 21.8022 29.1156 28.9938 16.3276 18.9757 30.3915 22.6488 12.5349 31.7825 24.9798 6.06479 20.8534 19.8147 3.96312 17.0989 37.6336 34.2339 
10.8677 46.954 28.2471 29.338 43.374 32.6534 35.3969 42.3212 32.5223 20.3531 23.5288 32.0493 0 16.0594 39.4543 50.6795 16.524 40.7044 6.245 14.2551 47.3697 30.084 45.8059 49.6162 11.4688 45.9165 7.77237 31.6646 15.1965 14.9793 21.4989 40.0475 45.1935 6.29688 12.8502 27.4666 51.1331 17.7758 27.5345 31.0109 19.1689 36.5085 46.9853 33.6374 11.2656 38.2316 16.3505 25.2682 53.1083 47.341 28.4162 44.1691 32.5764 27.2581 51.441 13.1972 19.9392 41.4019 6.7831 33.1117 7.83783 28.9343 16.0617 41.0604 48.6718 48.142 2.34362 33.0656 37.7678 45.5259 48.2602 37.9972 29.8588 18.4254 15.3586 34.9264 36.5476 42.2814 34.4491 26.3403 44.0769 34.2282 36.5095 30.6808 29.3873 55.5712 51.8843 31.1181 48.7134 39.7018 10.3634 33.0857 21.1369 45.9101 37.4497 51.0403 16.9759 29.5517 14.978 32.6935 15.0113 
10.3859 31.0547 22.1721 14.8112 31.7554 18.3973 29.1897 28.8355 16.6373 17.8693 7.47642 18.1548 16.0594 0 25.187 34.7811 7.88055 24.9414 13.9871 7.86406 35.1687 14.0655 31.1144 41.0694 4.67929 32.3604 8.57634 23.7272 1.43935 19.3897 6.01335 25.6888 36.6196 11.762 11.246 22.5447 35.4107 13.0528 16.6725 16.7021 8.92603 29.998 39.1009 18.1439 8.81345 27.8879 11.2902 13.8635 37.0646 36.1514 21.1967 28.1793 22.3017 18.502 35.3816 22.2879 14.8371 31.3453 15.9169 17.1967 8.23185 23.8599 4.05743 27.0141 32.6161 32.5608 17.8766 19.5797 23.2535 31.6496 38.5865 28.4066 15.8228 22.2099 10.3404 22.5018 22.1708 26.7545 25.284 20.4912 28.0749 25.9442 24.3874 22.7999 15.2135 39.5208 36.0626 24.6493 32.9257 26.3901 5.7023 17.0267 15.862 30.1938 24.1473 35.3088 3.06471 17.0256 6.63997 25.3182 24.9913 
35.5138 22.0911 41.2249 10.3881 39.7348 26.2354 46.1675 33.2121 11.8086 25.9059 19.2394 27.212 39.4543 25.187 0 24.428 23.117 20.7558 38.9731 25.4124 40.7788 14.5392 30.2613 52.354 29.4832 35.1764 31.8291 17.3475 26.5716 44.2456 23.2172 0.68049 48.7745 33.4725 28.0421 42.4938 14.7952 24.2474 32.5894 8.54581 20.5042 46.4396 51.7702 21.1801 33.9413 39.6048 24.638 30.7412 20.5088 43.7586 18.7592 19.1021 12.5729 36.1808 20.537 47.473 37.1284 42.4481 40.9464 17.9647 32.4152 43.3193 23.5851 30.4244 18.0258 11.4839 40.5689 6.65309 2.10826 33.6905 48.5026 41.1824 9.61412 46.6825 25.169 32.4955 3.01742 23.4131 39.7455 40.2797 18.7894 41.3717 34.1213 17.4571 10.1316 22.7518 16.1824 42.5679 24.5209 3.79726 30.1468 14.6782 22.679 10.8581 31.1947 26.6234 23.039 29.9701 30.9232 18.57 50.1782 
41.9957 3.72749 36.5483 26.7345 24.6029 20.3263 37.6105 17.9047 20.2702 45.6068 27.5411 21.4395 50.6795 34.7811 24.428 0 38.2606 10.086 47.1818 40.0375 23.146 21.5891 11.6803 36.6711 39.2296 17.2993 43.3573 40.7188 35.5035 47.8158 29.1887 23.9778 34.6699 46.4234 43.7043 38.4162 14.5929 42.058 28.8704 26.5148 36.4818 37.2315 37.4659 17.3322 40.7689 28.0611 41.4206 29.1712 8.35296 26.9229 41.1535 6.81999 35.9619 32.1621 6.05838 52.8266 37.7916 29.2134 48.7618 17.5884 42.8717 38.4032 36.1786 16.0985 6.98091 15.8241 52.6162 28.1022 23.666 15.8469 32.4382 30.0261 27.6645 48.6469 41.2894 23.1651 24.481 9.31182 30.838 36.7769 7.00985 32.786 23.4748 40.5461 27.54 9.13151 13.3781 36.1671 2.58563 28.1354 40.3766 18.2883 42.2122 14.4889 19.9262 2.59991 34.786 25.3514 36.6907 42.2093 55.3759 
15.9743 34.6295 30.0118 13.4395 38.9724 24.8217 37.0668 35.3405 18.266 10.0608 11.5656 24.828 16.524 7.88055 23.117 38.2606 0 29.1405 17.4209 2.29792 42.1284 16.6777 36.6724 48.7957 9.07514 38.7365 9.34321 16.8749 8.88116 25.0407 12.6254 23.736 44.3706 10.3845 5.49519 30.3053 35.8083 5.24287 24.3974 14.8923 2.64716 37.8785 46.9026 23.263 14.5952 35.4762 3.67294 21.587 38.9068 43.4247 13.994 31.4453 16.5838 26.3739 37.6431 26.6082 22.3921 38.9375 19.372 21.3692 10.5005 31.6513 3.83841 33.2231 34.7576 32.6339 17.4769 16.608 21.5612 37.8427 46.1691 36.1074 13.6544 28.2632 3.11491 29.6723 20.301 31.3814 33.0696 28.2968 31.2719 33.7906 31.606 15.8947 13.2719 41.4154 36.7566 32.5204 36.7913 23.183 9.0165 19.9843 8.01265 30.6717 30.8919 39.2568 5.1974 24.3616 13.9606 18.3067 29.1395 
31.9102 6.43772 27.7764 19.2519 19.8959 10.819 30.1261 12.947 12.3584 37.3551 17.9323 12.0135 40.7044 24.9414 20.7558 10.086 29.1405 0 37.1005 30.7306 20.2536 12.6905 9.57482 32.7101 29.2909 14.4749 33.5033 34.5222 25.5784 37.907 19.2088 20.5564 29.7015 36.6711 34.4609 29.5576 17.9037 33.3867 19.5099 19.6308 27.6555 29.9862 32.6907 7.24926 30.6844 21.4372 32.5155 19.4329 15.1415 23.5082 34.2863 4.72487 30.0683 23.0377 12.7549 42.8293 28.025 23.5477 38.6758 7.84357 32.9288 29.764 26.6874 10.2444 10.9076 17.1304 42.6863 22.1418 19.2517 12.962 28.626 23.3179 20.5339 38.918 32.2366 15.1515 19.5908 2.74241 23.1884 27.7214 4.86072 25.1096 16.0915 34.1478 20.2215 17.1089 17.4785 27.8795 8.00915 24.4977 30.4568 9.50065 34.0556 14.6229 12.5193 10.3677 25.2283 15.9731 26.6052 36.1733 45.4054 
5.42684 43.4924 22.0825 28.5953 37.7515 28.1329 29.1818 37.258 30.4888 23.8476 21.1775 27.3862 6.245 13.9871 38.9731 47.1818 17.4209 37.1005 0 15.461 41.8421 27.7557 41.2423 43.4815 9.49319 40.8282 8.23677 33.9577 12.7396 9.21963 18.3037 39.5065 39.0826 9.44784 15.5648 21.2467 49.2874 20.2817 22.1068 30.4298 19.8753 30.3018 40.8111 29.875 6.43468 32.4233 18.5295 20.0947 50.4578 41.585 30.8475 40.9489 34.0044 21.426 48.5912 9.23286 13.9082 35.5057 1.98716 29.8861 6.92404 22.7101 15.5669 36.2454 45.9375 46.5019 8.50526 33.001 37.1041 40.5696 42.2519 32.0707 29.4289 12.7476 17.3688 29.6618 35.9727 38.3825 28.5123 20.1877 40.8957 28.1828 31.1237 32.9627 28.8674 52.8561 49.8705 24.9475 45.0477 39.8147 8.87358 30.4422 23.802 44.0879 32.4096 47.2742 15.9407 24.4874 10.5189 35.2161 11.7196 
14.5204 36.376 29.5475 15.6693 39.531 25.7319 36.7251 36.2558 20.2279 10.2592 12.9016 25.6356 14.2551 7.86406 25.4124 40.0375 2.29792 30.7306 15.461 0 42.8396 18.4591 37.9336 48.9141 7.80543 39.7128 7.26772 18.5568 8.54288 23.4337 13.3148 26.03 44.4558 8.08904 3.75081 29.6984 38.0002 5.6004 24.5295 17.1599 4.93864 37.5886 46.9028 24.5847 13.2469 35.7512 3.69865 21.723 40.9493 43.9502 15.5322 33.2381 18.6267 26.2114 39.6242 24.6868 21.6302 39.209 17.3823 22.9065 8.59758 31.0855 4.29371 34.2508 36.7477 34.8457 15.1795 18.9055 23.8458 38.8889 46.4502 36.2626 15.9317 26.7433 2.58134 30.2466 22.5888 32.8814 33.1085 27.7705 33.0768 33.7032 32.1547 17.5649 15.5359 43.4565 38.9238 32.1514 38.4859 25.4672 7.48462 21.7513 8.92295 32.8447 31.6897 40.9414 5.84492 24.8225 13.2167 19.8939 27.1699 
36.5805 22.1686 22.2182 36.8888 4.29193 17.4817 19.0404 7.64559 30.5577 51.9117 31.0659 17.323 47.3697 35.1687 40.7788 23.146 42.1284 20.2536 41.8421 42.8396 0 29.3137 11.7724 13.5458 37.8651 6.02364 42.244 52.4295 34.959 37.927 29.547 40.6435 12.1736 45.7987 46.3921 23.9898 36.6775 47.2478 19.8362 37.8912 41.7189 18.153 14.6672 20.8442 36.1117 10.2182 45.8008 22.2295 31.422 3.81088 51.4217 23.5098 48.4913 20.6477 28.9768 43.4749 28.3548 8.67994 42.6445 24.0079 40.9052 23.1443 38.5876 10.4084 28.7133 36.7368 49.6917 40.9899 39.102 7.58735 9.32442 11.5359 38.4384 37.0566 45.0853 12.7245 39.2348 17.8631 14.5613 23.5597 23.7994 15.9035 10.9482 51.8559 37.9426 32.2338 35.7926 20.21 20.9208 44.43 39.036 27.2171 49.0738 34.4747 11.2925 20.8869 37.0616 18.2689 32.6826 54.1703 45.3901 
23.2774 17.952 26.6861 7.58274 27.2913 12.6376 31.7789 21.7548 3.00974 24.6753 6.61054 13.395 30.084 14.0655 14.5392 21.5891 16.6777 12.6905 27.7557 18.4591 29.3137 0 21.2309 39.3042 18.7384 24.6088 22.4279 23.1285 15.1159 31.1981 9.80879 14.7769 35.3823 25.2075 22.1153 27.972 21.5814 20.7163 18.0739 8.76662 15.0155 32.1199 38.3165 8.4759 21.7885 26.0078 19.9203 16.2102 23.0291 31.6507 22.323 14.7813 19.2244 21.6437 21.4411 35.192 23.0423 29.135 29.5937 5.48989 22.2848 28.7814 14.7232 19.1404 18.6263 18.955 31.7975 12.1455 12.4413 23.3892 35.7696 27.3943 9.15799 33.21 19.7266 18.9343 11.908 15.1564 25.5764 25.7649 14.6177 27.0964 20.7533 22.5838 8.63732 25.5011 22.1179 28.0625 20.1336 17.3201 19.7588 3.30727 21.3995 16.4278 18.4575 22.604 13.426 15.6289 18.1024 24.8641 37.9063 
35.8242 10.3962 26.5681 28.38 12.9231 13.159 26.4945 6.43042 21.5472 45.6453 25.1083 13.8561 45.8059 31.1144 30.2613 11.6803 36.6724 9.57482 41.2423 37.9336 11.7724 21.2309 0 25.1505 34.8919 5.76306 39.3246 43.8607 31.3888 39.908 25.1011 30.029 22.9946 42.748 41.6751 28.4858 24.9112 41.3572 20.2343 28.9587 35.5945 25.9957 25.811 13.4196 34.8954 16.7399 40.2426 21.4512 19.783 15.4494 43.4139 11.9399 39.5063 22.8777 17.2987 45.2788 29.6655 17.5902 42.5169 15.786 38.3918 28.2082 33.6833 5.47931 16.9409 25.0837 47.9816 31.6319 28.8102 4.23166 20.9216 18.6885 29.7662 40.0808 39.7813 13.1677 29.1654 6.86008 20.0037 27.1768 12.2439 21.9049 12.8636 43.4339 29.3917 20.8062 24.021 25.6771 9.28572 34.0255 36.1045 18.3877 42.4736 22.9291 9.78404 9.74205 32.143 17.0864 30.9131 45.5404 47.6213 
38.9505 35.4949 21.4072 46.7334 12.8152 26.6666 14.6805 19.8126 41.1956 58.8565 39.1379 25.9681 49.6162 41.0694 52.354 36.6711 48.7957 32.7101 43.4815 48.9141 13.5458 39.3042 25.1505 0 42.4193 19.4075 46.3418 61.7137 40.4137 37.0045 36.4785 52.3204 4.49391 49.7595 52.0415 22.4373 49.8962 54.0364 24.4058 48.0668 49.0635 13.4921 3.1435 31.3164 39.0329 13.5502 52.337 27.218 44.9089 9.74966 60.1636 36.4923 58.3184 22.9947 42.4408 42.1892 29.7067 10.2123 43.6802 34.601 44.6953 21.0524 44.9861 22.4662 42.0092 49.6841 51.9388 51.4325 50.4963 20.9189 4.23381 12.6926 48.3517 34.9598 51.4097 20.4042 50.4114 30.6356 15.8335 23.2941 36.7623 15.5453 18.552 61.0067 47.7703 45.7731 49.098 18.5576 34.3977 55.8081 43.4329 37.9494 56.4859 47.2817 21.1683 34.4323 43.6057 24.8286 36.6244 63.468 43.424 
6.92228 35.5027 22.2156 19.1027 34.1802 21.871 29.5103 32.0353 21.3133 17.9054 12.1377 21.4385 11.4688 4.67929 29.4832 39.2296 9.07514 29.2909 9.49319 7.80543 37.8651 18.7384 34.8919 42.4193 0 35.6164 4.45863 25.9308 3.7289 16.0555 10.0924 30.0142 37.9269 7.98026 9.95148 22.1869 40.0758 13.3884 18.4535 20.9425 11.1243 30.4455 40.1911 22.3082 5.52011 29.7409 11.4797 15.7799 41.7181 38.4478 23.0679 32.7008 25.2604 19.436 40.0057 18.2157 14.0182 33.1395 11.4633 21.6507 3.64213 23.612 6.30969 30.4602 37.2563 37.2033 13.3957 23.5807 27.611 35.0456 40.3238 29.9698 19.9585 19.2109 10.3125 25.1485 26.4809 30.9605 26.6127 20.372 32.6082 26.9464 26.9295 24.9556 19.3883 44.1676 40.7381 24.9323 37.2978 30.4065 1.21374 21.6618 16.7204 34.8561 27.219 39.6469 6.47129 19.6058 5.84754 27.3802 20.8708 
35.4251 16.1554 23.5544 32.0865 7.5722 13.9908 22.1719 3.59751 25.4914 48.2087 27.3088 14.2231 45.9165 32.3604 35.1764 17.2993 38.7365 14.4749 40.8282 39.7128 6.02364 24.6088 5.76306 19.4075 35.6164 0 40.0704 47.6825 32.3804 38.2195 26.4572 35.0032 17.446 43.593 43.3842 25.4528 30.6555 43.6923 18.8676 32.9179 38.0133 21.5115 20.1866 16.2074 34.7157 12.4044 42.3907 20.738 25.5024 9.68901 46.9204 17.5144 43.5481 20.7235 23.0338 43.7281 28.1416 12.4891 41.8809 19.1502 38.9181 24.9186 35.4192 5.5638 22.6977 30.7305 48.1824 35.8566 33.5826 1.5685 15.175 14.2341 33.5783 37.9014 41.7892 11.2496 33.8038 11.9697 16.2873 24.5091 17.8077 18.0383 10.1345 47.1718 33.1304 26.4253 29.781 22.1524 14.9913 38.8815 36.8219 22.1807 45.2006 28.4966 8.46757 15.1624 33.8687 16.3776 30.9546 49.4022 45.886 
8.51803 39.631 25.6561 21.6243 38.5046 26.3257 32.9994 36.4873 24.7939 15.9634 15.9457 25.897 7.77237 8.57634 31.8291 43.3573 9.34321 33.5033 8.23677 7.26772 42.244 22.4279 39.3246 46.3418 4.45863 40.0704 0 25.7211 7.98686 16.7038 14.3916 32.4081 41.8492 3.55478 7.58165 25.3886 43.3643 12.1019 22.6874 23.3356 11.9068 33.9949 44.0028 26.6199 7.73266 33.9143 10.3125 20.0788 45.4536 42.7288 22.6148 36.7427 25.8848 23.363 43.8463 17.4687 17.2085 37.2771 10.1294 25.7729 1.82903 26.8527 8.31232 34.9184 41.0495 40.3696 9.36959 25.5508 30.0939 39.5041 44.4139 34.0389 22.2159 20.1487 9.14205 29.5419 28.891 35.2608 30.6143 23.7594 36.6336 30.8064 31.2986 24.726 21.7199 47.9287 44.1256 28.4593 41.4951 32.2792 3.24902 25.5018 15.622 38.1422 31.6645 43.8707 9.20656 24.0067 9.78526 26.9843 19.9174 
32.8445 37.8015 45.3538 15.5961 50.221 35.3547 51.9046 44.8833 22.3193 12.2519 22.7224 35.8781 31.6646 23.7272 17.3475 40.7188 16.8749 34.5222 33.9577 18.5568 52.4295 23.1285 43.8607 61.7137 25.9308 47.6825 25.7211 0 25.0379 41.9105 26.0049 17.9813 57.5385 25.4563 18.8371 45.9806 32.078 13.9059 38.2317 14.9066 14.9336 52.5413 60.3435 31.604 31.4428 48.1781 15.4941 35.6047 37.7812 54.6423 3.27874 34.5165 4.81968 41.0204 37.5914 43.1897 38.5412 51.5098 35.8376 28.5383 27.1497 47.2042 19.9928 42.2565 34.9079 28.8016 31.8155 12.6401 17.3762 46.4087 58.4511 49.267 14.1224 45.1355 16.6188 41.3973 16.3704 37.2427 46.7851 43.8323 34.2353 47.9169 43.3162 0.995375 14.5526 40.0721 33.504 47.5464 40.2688 14.6253 25.883 25.553 10.5478 28.1359 41.4234 42.6018 20.6637 36.9946 30.3221 1.75573 45.6127 
8.96723 31.7763 21.1389 16.207 31.4382 18.4933 28.2409 28.8255 17.7753 18.724 8.50576 18.158 15.1965 1.43935 26.5716 35.5035 8.88116 25.5784 12.7396 8.54288 34.959 15.1159 31.3888 40.4137 3.7289 32.3804 7.98686 25.0379 0 17.9515 6.40866 27.0662 35.9454 11.3595 11.6712 21.4286 36.5716 13.9389 16.0806 18.1051 10.1642 29.0816 38.3683 18.6391 7.3933 27.3651 12.1163 13.2943 38.0419 35.7946 22.4494 28.9726 23.703 17.6694 36.3039 20.9028 13.5987 30.811 14.644 17.9224 7.3698 22.7704 5.16019 27.1153 33.5671 33.764 17.1154 21.0089 24.6243 31.7331 38.0457 27.7933 17.242 20.7737 11.0941 22.2471 23.5545 27.2856 24.5916 19.4159 28.8809 25.1611 24.0979 24.1018 16.6283 40.4831 37.1887 23.6793 33.5828 27.8152 4.87856 17.9755 16.8938 31.3638 24.0721 35.9394 4.39864 16.7221 5.2856 26.6103 23.6113 
9.16107 44.3076 16.1137 33.9981 33.6512 27.5954 22.3302 34.8514 34.1716 32.6576 25.1731 26.5734 14.9793 19.3897 44.2456 47.8158 25.0407 37.907 9.21963 23.4337 37.927 31.1981 39.908 37.0045 16.0555 38.2195 16.7038 41.9105 17.9515 0 21.4276 44.6937 32.8349 18.5654 24.2798 14.7061 52.5214 28.7163 19.6774 35.919 27.1795 23.5149 34.0959 30.7911 10.6758 27.8412 26.8633 18.7264 52.4483 36.895 38.9543 42.2832 41.2965 17.5178 50.3069 5.54975 10.2437 30.4366 8.19705 31.7706 15.0185 16.0036 22.294 34.5194 47.9165 50.0953 16.942 38.9346 42.2272 38.3139 36.4941 26.9948 35.131 3.52969 25.67 27.0857 41.2385 38.5681 23.5568 14.4925 42.2994 22.6777 28.0912 40.9266 34.5009 54.6856 52.8479 18.7374 45.4353 45.7168 16.0275 33.2352 32.2131 47.4958 30.2999 47.404 22.1233 22.9029 13.331 43.3048 7.7145 
13.5493 25.4659 19.5212 13.5062 26.3471 12.4674 25.9009 22.968 12.7546 22.5831 4.0259 12.3233 21.4989 6.01335 23.2172 29.1887 12.6254 19.2088 18.3037 13.3148 29.547 9.80879 25.1011 36.4785 10.0924 26.4572 14.3916 26.0049 6.40866 21.4276 0 23.5995 32.1224 17.7124 16.9409 20.3679 31.335 17.8205 12.3252 15.395 12.5951 26.5403 34.7827 12.2304 12.1083 23.0183 16.2875 9.6233 32.1565 30.8011 24.0177 22.7552 23.5188 15.0218 30.2943 25.3958 13.9994 26.4687 20.0529 11.6657 13.7243 21.4709 9.04361 21.0573 27.6339 28.7617 23.4823 18.7808 21.1376 25.6982 33.6704 23.8043 14.9357 23.5859 15.5406 17.047 20.2749 20.8778 21.0061 18.1547 22.6825 21.9964 18.9824 25.1833 14.2653 34.5524 31.7965 21.5774 27.2178 25.219 11.2721 12.1958 20.0343 26.2158 18.375 29.5579 7.51463 11.788 8.30441 27.7183 28.1068 
35.9971 21.7094 41.457 10.9117 39.6693 26.3049 46.318 33.098 11.9876 26.5859 19.6392 27.2994 40.0475 25.6888 0.68049 23.9778 23.736 20.5564 39.5065 26.03 40.6435 14.7769 30.029 52.3204 30.0142 35.0032 32.4081 17.9813 27.0662 44.6937 23.5995 0 48.7778 34.0829 28.6848 42.7475 14.1373 24.9122 32.7921 9.09546 21.1288 46.5734 51.777 21.214 34.4257 39.6412 25.2901 30.9871 19.9165 43.6607 19.4245 18.7638 13.2174 36.4018 19.9911 47.9689 37.4776 42.4513 41.4772 18.0243 32.9742 43.5548 24.1507 30.3111 17.5129 10.833 41.1783 7.3131 2.46904 33.5079 48.4457 41.2383 10.1935 47.1012 25.8122 32.542 3.53472 23.1925 39.8559 40.5379 18.4495 41.4996 34.1452 18.1037 10.695 22.1424 15.5338 42.7607 24.1275 4.16605 30.6919 14.7673 23.3573 10.2747 31.1744 26.2015 23.5803 30.1234 31.366 19.185 50.6768 
34.4947 33.1052 17.0438 42.7231 10.107 22.7752 10.6418 17.1021 37.4116 54.4304 34.8894 21.9905 45.1935 36.6196 48.7745 34.6699 44.3706 29.7015 39.0826 44.4558 12.1736 35.3823 22.9946 4.49391 37.9269 17.446 41.8492 57.5385 35.9454 32.8349 32.1224 48.7778 0 45.2703 47.563 18.1748 47.2687 49.6083 19.9732 44.1191 44.6896 9.45392 3.00871 27.6185 34.5562 9.40004 47.8966 22.7842 42.7271 8.54748 55.9124 33.7585 54.2503 18.5009 40.2181 38.1079 25.2658 6.32664 39.3303 30.8812 40.2054 16.8337 40.5535 19.5615 39.5216 46.8125 47.521 47.5278 46.8656 18.8365 4.31998 8.32201 44.3459 30.9509 46.9594 16.4528 46.7118 27.8441 11.3555 18.9095 34.0102 11.0599 14.6956 56.8125 43.7504 43.7995 46.5768 14.2236 32.2694 52.1438 38.9392 34.2241 52.099 44.3242 17.6441 32.6018 39.1865 20.5664 32.1306 59.2902 39.4603 
11.3591 42.7042 28.8999 23.5526 42.0556 29.8042 36.2394 40.0138 27.3897 14.5575 18.894 29.4027 6.29688 11.762 33.4725 46.4234 10.3845 36.6711 9.44784 8.08904 45.7987 25.2075 42.748 49.7595 7.98026 43.593 3.55478 25.4563 11.3595 18.5654 17.7124 34.0829 45.2703 0 6.6204 28.5229 45.6877 11.5504 26.2258 25.1352 13.0277 37.2609 47.3739 29.903 10.8636 37.4317 10.0648 23.6291 48.1534 46.2717 22.2293 39.7411 26.2796 26.8116 46.6437 18.3051 20.4066 40.7819 11.0135 28.8803 5.06607 29.9974 10.5932 38.4109 43.8126 42.6049 7.09706 26.9913 31.8628 43.0077 47.8992 37.5227 23.9372 22.088 9.0618 33.0957 30.6181 38.5161 34.0774 26.989 39.6171 34.2151 34.8534 24.4676 23.5068 50.6453 46.5293 31.7309 44.6334 33.5478 6.78293 28.3742 14.9773 40.4872 35.1992 47.033 11.7862 27.5593 13.2959 26.5435 20.4958 
15.9196 40.0566 32.1566 18.7653 43.0013 29.3949 39.4327 39.9076 23.7603 8.38177 16.6521 29.2595 12.8502 11.246 28.0421 43.7043 5.49519 34.4609 15.5648 3.75081 46.3921 22.1153 41.6751 52.0415 9.95148 43.3842 7.58165 18.8371 11.6712 24.2798 16.9409 28.6848 47.563 6.6204 0 32.1351 41.1614 4.93212 27.7498 20.0921 7.75632 40.3491 49.9273 28.3341 14.8966 39.0357 3.5988 24.9655 44.3902 47.3933 15.6091 36.8952 19.8355 29.1635 43.1379 24.6903 23.9542 42.4822 17.3205 26.6442 9.33055 33.5628 8.00123 37.9428 40.2519 37.9516 13.2301 21.4172 26.6246 42.5834 49.7166 39.4509 18.8157 27.7303 2.87329 33.7445 25.3433 36.6267 36.2087 30.3205 36.7272 36.6855 35.6331 17.8492 18.4978 46.899 42.1468 34.8517 42.188 27.69 9.22228 25.417 8.36891 36.0587 35.2985 44.6475 9.55027 28.2709 15.751 19.929 26.9862 
17.2281 35.3932 1.91933 33.639 19.7122 18.8284 7.93635 22.5226 30.8365 39.9539 24.2342 17.6134 27.4666 22.5447 42.4938 38.4162 30.3053 29.5576 21.2467 29.6984 23.9898 27.972 28.4858 22.4373 22.1869 25.4528 25.3886 45.9806 21.4286 14.7061 20.3679 42.7475 18.1748 28.5229 32.1351 0 46.6683 35.2568 10.3661 35.4504 31.4459 9.06853 19.643 23.6198 17.6829 13.7744 33.3815 11.7655 44.6946 22.4902 43.6468 34.2782 43.8374 6.64382 42.276 20.0942 8.20163 15.9567 21.2968 25.9339 23.6017 1.48016 26.5673 23.0447 40.4263 44.9787 29.7511 38.9304 40.3885 25.9217 21.7888 12.6037 35.1538 13.2074 32.2779 15.4108 39.7556 29.2595 9.44323 2.23106 34.395 8.18504 15.6662 45.0972 34.485 46.5795 46.5693 4.04167 35.8524 45.0254 22.9539 28.5955 38.3159 42.262 18.7923 37.3573 25.5569 13.7403 16.4857 47.638 21.6982 
44.8536 14.5322 45.0043 22.3962 37.2355 27.9483 47.9597 30.1881 18.7992 40.3081 28.1128 29.1581 51.1331 35.4107 14.7952 14.5929 35.8083 17.9037 49.2874 38.0002 36.6775 21.5814 24.9112 49.8962 40.0758 30.6555 43.3643 32.078 36.5716 52.5214 31.335 14.1373 47.2687 45.6877 41.1614 46.6683 0 38.0325 36.3253 21.1638 33.4051 47.8605 50.2142 23.0543 43.3696 39.3184 38.0624 35.5112 7.21753 40.2994 33.5488 13.5248 27.3448 40.0277 8.70015 56.7251 43.5834 41.2677 51.1494 21.0838 43.4924 47.0665 35.152 27.724 8.00297 3.34176 52.6246 20.8547 15.3028 29.0977 45.6983 41.2124 22.4674 54.2372 38.3586 32.9976 16.5518 19.4411 41.0302 44.6602 13.2863 42.9318 33.9949 32.2324 22.7095 8.77334 1.57824 45.444 16.1498 17.6079 41.0056 19.2862 36.9713 5.2249 30.4178 17.1929 34.1579 32.9377 39.6382 33.2046 59.4314 
19.983 38.5211 35.0556 15.898 44.1572 29.8617 42.1797 40.3484 21.7986 4.82327 16.3898 29.9274 17.7758 13.0528 24.2474 42.058 5.24287 33.3867 20.2817 5.6004 47.2478 20.7163 41.3572 54.0364 13.3884 43.6923 12.1019 13.9059 13.9389 28.7163 17.8205 24.9122 49.6083 11.5504 4.93212 35.2568 38.0325 0 29.6354 16.8907 5.76809 43.0153 52.1294 27.9462 18.7727 40.717 1.90885 26.8241 41.8765 48.6173 10.6861 35.2511 15.0722 31.5517 40.853 29.4752 27.2179 44.1782 22.0993 25.7778 13.7055 36.6321 9.05707 38.1505 37.9579 34.746 18.0605 17.6018 23.0421 42.7428 51.4082 41.3491 15.5838 32.0971 3.09029 34.8603 21.7498 35.7636 38.2993 33.3014 35.0498 38.995 36.7999 12.9174 15.4044 44.3739 39.1318 37.6175 40.7837 23.4778 12.9797 23.9876 3.52156 33.0752 35.9818 43.2573 10.4397 29.5839 18.791 15.0219 31.8253 
16.7776 25.6114 8.81164 24.455 15.9006 8.69101 13.9006 15.3668 20.8079 34.4572 15.57 7.50494 27.5345 16.6725 32.5894 28.8704 24.3974 19.5099 22.1068 24.5295 19.8362 18.0739 20.2343 24.4058 18.4535 18.8676 22.6874 38.2317 16.0806 19.6774 12.3252 32.7921 19.9732 26.2258 27.7498 10.3661 36.3253 29.6354 0 26.1398 24.7808 14.4052 22.5363 13.271 16.2756 11.3098 27.9313 2.81222 34.6266 20.0495 36.333 24.1909 35.4294 3.73083 32.2639 25.0838 9.44145 14.7407 23.0574 15.5902 21.2339 10.9172 20.5818 14.8458 30.2706 34.6127 29.8555 29.6556 30.5015 18.7869 21.9685 11.7341 26.0457 19.9601 27.0101 7.6201 29.9774 19.5684 8.70945 8.33688 24.2835 9.68786 9.01743 37.4369 25.3945 36.6169 36.2604 9.98989 26.3709 35.3611 19.5656 18.3572 32.1583 31.896 10.6656 28.1377 19.2152 3.54241 12.9582 39.9608 27.3918 
27.069 23.3227 34.3795 1.92679 36.0227 21.4008 40.0212 30.2728 7.44229 19.57 11.3738 22.1299 31.0109 16.7021 8.54581 26.5148 14.8923 19.6308 30.4298 17.1599 37.8912 8.76662 28.9587 48.0668 20.9425 32.9179 23.3356 14.9066 18.1051 35.919 15.395 9.09546 44.1191 25.1352 20.0921 35.4504 21.1638 16.8907 26.1398 0 12.3672 40.4521 47.0398 17.0861 25.4947 34.7311 16.9078 23.9218 25.1723 40.3519 14.765 19.9893 10.6306 29.4968 24.3788 38.9852 29.3885 37.8891 32.4047 13.8833 23.8791 36.4237 15.0602 27.5809 21.516 17.9046 32.2148 3.51578 6.75906 31.6013 44.5333 36.0683 1.30696 38.4875 17.2538 27.6833 5.56409 22.3436 34.0827 33.2193 19.7295 35.5054 29.5148 14.517 1.6285 27.6463 22.2422 36.0612 25.758 9.87103 21.6012 10.7374 16.1596 16.1856 27.1924 28.1654 14.4935 24.079 22.6529 16.5817 41.6832 
18.0393 32.9034 31.0037 11.009 38.759 24.2691 37.8897 34.7084 16.2965 10.2085 10.711 24.4039 19.1689 8.92603 20.5042 36.4818 2.64716 27.6555 19.8753 4.93864 41.7189 15.0155 35.5945 49.0635 11.1243 38.0133 11.9068 14.9336 10.1642 27.1795 12.5951 21.1288 44.6896 13.0277 7.75632 31.4459 33.4051 5.76809 24.7808 12.3672 0 38.6414 47.3105 22.1887 16.5884 35.6132 4.94334 21.9999 36.7394 43.2338 12.2852 29.6633 14.1879 27.0668 35.5702 29.0105 23.7512 39.0623 21.8428 20.0151 12.9554 32.7411 5.06144 32.4606 32.6764 30.1983 20.1165 13.9713 18.9837 37.0355 46.2566 36.3795 11.1069 30.3122 4.98722 29.4916 17.7156 30.0092 33.4903 29.3657 29.4733 34.3492 31.4429 13.9805 10.7605 39.247 34.3943 33.3953 35.1315 20.5361 11.2525 18.3066 7.44483 28.3062 30.4305 37.6043 5.88916 24.3637 15.4292 16.4697 31.577 
26.1023 34.8373 8.36601 38.8107 14.3155 20.5111 1.1922 19.5665 34.649 47.8054 29.9583 19.4076 36.5085 29.998 46.4396 37.2315 37.8785 29.9862 30.3018 37.5886 18.153 32.1199 25.9957 13.4921 30.4455 21.5115 33.9949 52.5413 29.0816 23.5149 26.5403 46.5734 9.45392 37.2609 40.3491 9.06853 47.8605 43.0153 14.4052 40.4521 38.6414 0 10.6038 25.7334 26.4012 9.25772 41.1974 16.9418 44.5633 15.6068 50.5177 34.5739 49.8304 11.5822 42.0429 28.7089 16.8689 9.47675 30.3628 28.6914 32.2548 7.63133 34.0497 21.1337 40.7232 46.7536 38.8026 43.9637 44.3927 22.4654 13.4728 7.32556 40.412 21.5131 40.1593 14.8672 43.9868 28.8719 6.87256 10.2844 34.7636 5.08542 13.965 51.7236 39.7662 46.0825 47.4637 5.53566 34.6635 49.4279 31.3336 31.834 45.8418 44.0936 17.5955 35.6354 32.8462 16.497 24.6065 54.2579 30.0129 
36.4165 35.9953 18.7383 45.6213 12.9981 25.7302 11.7772 20.0299 40.3796 56.9525 37.6564 24.9215 46.9853 39.1009 51.7702 37.4659 46.9026 32.6907 40.8111 46.9028 14.6672 38.3165 25.811 3.1435 40.1911 20.1866 44.0028 60.3435 38.3683 34.0959 34.7827 51.777 3.00871 47.3739 49.9273 19.643 50.2142 52.1294 22.5363 47.0398 47.3105 10.6038 0 30.6065 36.5785 12.3096 50.3906 25.3343 45.5777 10.9025 58.661 36.7142 57.1174 20.7704 43.0766 39.2205 27.1508 9.32737 40.935 33.8641 42.3207 18.2252 43.0731 22.528 42.4375 49.793 49.2956 50.4608 49.8558 21.619 5.741 11.0767 47.245 31.9628 49.428 19.4032 49.6921 30.804 13.8356 20.6481 36.9689 13.2483 17.6726 59.6047 46.6441 46.5972 49.5031 15.8674 35.0961 55.1283 41.1682 37.2045 54.6946 47.3134 20.6518 35.3461 41.7361 23.3492 34.3609 62.0927 40.3994 
24.6642 13.6815 21.982 16.0449 18.9848 5.22232 25.6254 13.2801 9.9126 32.2868 11.7086 6.35007 33.6374 18.1439 21.1801 17.3322 23.263 7.24926 29.875 24.5847 20.8442 8.4759 13.4196 31.3164 22.3082 16.2074 26.6199 31.604 18.6391 30.7911 12.2304 21.214 27.6185 29.903 28.3341 23.6198 23.0543 27.9462 13.271 17.0861 22.1887 25.7334 30.6065 0 23.4512 18.4275 26.8237 12.6442 21.7663 23.2745 30.7283 11.4929 27.6562 16.9767 19.5467 35.6321 21.0913 21.2968 31.4339 3.28721 25.925 24.0607 20.3739 10.6921 17.2859 21.4147 35.6741 20.2921 19.2498 15.0592 27.6123 20.0375 17.5965 31.9691 26.3749 11.333 19.1051 8.65296 18.8923 21.6066 11.5157 20.6561 12.9432 31.0526 17.0986 23.9327 23.0078 22.6204 15.1748 24.5269 23.4963 6.63356 29.1704 18.7029 10.1956 17.4359 18.8506 9.91581 19.3685 33.34 38.228 
1.57428 37.0871 18.038 23.5921 32.1422 21.7566 25.3761 31.1265 24.6316 23.1333 15.338 21.0496 11.2656 8.81345 33.9413 40.7689 14.5952 30.6844 6.43468 13.2469 36.1117 21.7885 34.8954 39.0329 5.52011 34.7157 7.73266 31.4428 7.3933 10.6758 12.1083 34.4257 34.5562 10.8636 14.8966 17.6829 43.3696 18.7727 16.2756 25.4947 16.5884 26.4012 36.5785 23.4512 0 27.1211 16.8687 14.0162 44.2239 36.169 28.5879 34.5883 30.6432 16.243 42.3036 13.5735 9.54318 30.3707 8.01409 23.558 5.92626 19.153 11.6385 29.9823 39.6897 40.6981 13.5808 28.391 31.9753 34.3797 37.3683 27.0207 24.6344 13.7246 15.6826 23.67 30.9239 31.9479 23.5102 16.1258 34.5434 23.4995 25.2439 30.4697 24.0216 46.5975 43.8752 20.8747 38.6206 35.2035 5.79515 24.3039 22.1675 38.2095 26.2582 40.8412 11.4539 18.3382 4.08547 32.8992 16.2927 
27.364 25.8261 12.0019 33.3243 5.93798 13.4458 9.81219 10.3098 28.1082 45.5224 25.5891 12.6132 38.2316 27.8879 39.6048 28.0611 35.4762 21.4372 32.4233 35.7512 10.2182 26.0078 16.7399 13.5502 29.7409 12.4044 33.9143 48.1781 27.3651 27.8412 23.0183 39.6412 9.40004 37.4317 39.0357 13.7744 39.3184 40.717 11.3098 34.7311 35.6132 9.25772 12.3096 18.4275 27.1211 0 39.0699 14.0721 35.5799 9.18155 46.6138 25.8548 44.8528 10.9979 33.0507 33.3768 18.6234 3.46168 33.0398 21.6494 32.398 12.9701 31.7053 12.0027 31.9113 38.5013 40.5742 38.1515 37.6568 13.258 10.7008 1.96502 34.9473 26.8537 38.1928 7.12422 37.4497 20.0151 4.34495 13.3912 26.0701 5.78223 5.53123 47.4642 34.3508 36.9982 38.8019 10.0624 25.5083 42.8989 30.8355 24.9734 43.052 35.9129 8.93206 26.4024 30.279 11.2934 24.1359 49.9315 35.2261 
18.089 37.8344 33.203 15.7296 42.632 28.4891 40.3504 39.0044 21.2381 6.60831 15.1615 28.5008 16.3505 11.2902 24.638 41.4206 3.67294 32.5155 18.5295 3.69865 45.8008 19.9203 40.2426 52.337 11.4797 42.3907 10.3125 15.4941 12.1163 26.8633 16.2875 25.2901 47.8966 10.0648 3.5988 33.3815 38.0624 1.90885 27.9313 16.9078 4.94334 41.1974 50.3906 26.8237 16.8687 39.0699 0 25.1191 41.61 47.0803 12.3323 34.6013 16.2576 29.7644 40.4819 27.7462 25.3264 42.5315 20.377 24.8091 11.8703 34.7625 7.36472 36.8696 37.5867 34.8122 16.8181 17.9909 23.2999 41.4832 49.7684 39.659 15.6108 30.2291 1.19533 33.3317 22.0112 34.8221 36.5699 31.4387 34.413 37.2285 35.2624 14.4997 15.3533 44.1155 39.1044 35.7828 40.0499 24.153 11.0774 23.2199 5.35047 33.0234 34.5645 42.5217 8.81447 27.9985 16.9063 16.6957 30.1344 
14.6871 25.7439 10.5059 22.1758 18.4265 8.8764 16.3476 17.1635 19.0724 31.6463 13.0523 7.84925 25.2682 13.8635 30.7412 29.1712 21.587 19.4329 20.0947 21.723 22.2295 16.2102 21.4512 27.218 15.7799 20.738 20.0788 35.6047 13.2943 18.7264 9.6233 30.9871 22.7842 23.6291 24.9655 11.7655 35.5112 26.8241 2.81222 23.9218 21.9999 16.9418 25.3343 12.6442 14.0162 14.0721 25.1191 0 34.3673 22.6682 33.6392 23.9913 32.9309 5.58194 32.0891 23.9431 8.62081 17.5168 21.206 14.4766 18.6879 12.5876 17.7699 16.2511 29.915 33.5858 27.5655 27.4303 28.6381 20.4852 24.7525 14.5441 23.7406 19.4971 24.1995 9.65881 28.0318 19.8829 11.5003 9.56962 24.0481 12.3849 11.2931 34.7941 23.0803 36.4719 35.5653 12.1737 26.7509 33.3468 16.9155 16.9211 29.363 30.8764 12.3174 28.6833 16.4074 4.41406 10.4536 37.3253 26.3852 
45.6044 9.75466 42.903 25.981 32.6222 25.9438 44.827 25.7273 20.7802 44.7377 29.5882 27.1456 53.1083 37.0646 20.5088 8.35296 38.9068 15.1415 50.4578 40.9493 31.422 23.0291 19.783 44.9089 41.7181 25.5024 45.4536 37.7812 38.0419 52.4483 32.1565 19.9165 42.7271 48.1534 44.3902 44.6946 7.21753 41.8765 34.6266 25.1723 36.7394 44.5633 45.5777 21.7663 44.2239 35.5799 41.61 34.3673 0 35.1741 38.8548 10.4363 32.9679 38.1776 2.53046 57.0928 42.8576 37.0559 52.2043 20.7635 45.2954 44.8738 37.5795 23.603 4.54565 9.62975 54.8226 25.7263 20.4501 24.0058 40.6756 37.5334 26.4576 53.7314 41.7192 29.9764 21.5578 15.7211 37.9264 42.8619 10.3463 39.8739 30.6135 37.8076 26.5383 2.50872 5.71339 42.8983 10.5112 23.8023 42.7663 20.068 41.3305 9.65449 26.9848 10.8448 36.3771 31.0981 40.263 39.0634 59.7426 
36.4778 25.8307 20.8571 39.2262 4.47961 19.33 16.6143 10.5947 33.1448 53.3563 32.7325 18.9511 47.341 36.1514 43.7586 26.9229 43.4247 23.5082 41.585 43.9502 3.81088 31.6507 15.4494 9.74966 38.4478 9.68901 42.7288 54.6423 35.7946 36.895 30.8011 43.6607 8.54748 46.2717 47.3933 22.4902 40.2994 48.6173 20.0495 40.3519 43.2338 15.6068 10.9025 23.2745 36.169 9.18155 47.0803 22.6682 35.1741 0 53.4498 27.0104 50.8746 20.1621 32.7152 42.4065 27.8049 6.54169 42.2203 26.5239 41.2827 21.4701 39.7673 13.3684 32.3657 40.2421 49.6808 43.5598 42.0099 11.2236 5.52027 9.91473 40.8087 35.6937 46.2921 13.7574 42.063 21.249 13.3505 22.4028 27.2918 14.3091 11.8187 54.022 40.28 36.0235 39.4535 18.5279 24.6647 47.3471 39.5821 29.8159 50.6549 37.919 13.2201 24.686 38.2746 19.1298 33.0058 56.3933 44.155 
29.9509 38.0544 43.1167 15.0516 48.9938 34.12 49.8314 43.9717 21.938 9.04741 21.0271 34.5468 28.4162 21.1967 18.7592 41.1535 13.994 34.2863 30.8475 15.5322 51.4217 22.323 43.4139 60.1636 23.0679 46.9204 22.6148 3.27874 22.4494 38.9543 24.0177 19.4245 55.9124 22.2293 15.6091 43.6468 33.5488 10.6861 36.333 14.765 12.2852 50.5177 58.661 30.7283 28.5879 46.6138 12.3323 33.6392 38.8548 53.4498 0 34.729 6.45342 38.948 38.4588 40.0723 36.0317 49.9952 32.707 27.8074 24.0933 44.9114 17.3253 41.4204 35.6912 30.225 28.5423 13.1927 18.4325 45.7122 57.0381 47.6035 13.7649 42.2274 13.4803 39.9935 17.2975 36.9639 44.9755 41.5335 34.463 46.0128 41.9341 2.33818 14.066 41.2186 34.9099 45.4061 40.5009 16.5213 22.9443 25.0264 7.28372 29.2904 40.2706 42.8913 18.1398 35.3485 27.7091 4.37003 42.4666 
35.8878 3.33875 32.5004 20.0667 23.7602 15.5076 34.7522 16.7103 13.4831 38.8557 20.8475 16.7103 44.1691 28.1793 19.1021 6.81999 31.4453 4.72487 40.9489 33.2381 23.5098 14.7813 11.9399 36.4923 32.7008 17.5144 36.7427 34.5165 28.9726 42.2832 22.7552 18.7638 33.7585 39.7411 36.8952 34.2782 13.5248 35.2511 24.1909 19.9893 29.6633 34.5739 36.7142 11.4929 34.5883 25.8548 34.6013 23.9913 10.4363 27.0104 34.729 0 29.8408 27.745 8.09941 47.0845 32.5353 27.7433 42.6024 11.0899 36.338 34.4888 29.4192 14.2029 6.1944 13.2336 46.0512 21.8827 17.9814 15.9464 32.3251 27.7692 21.0855 43.4266 34.4703 19.7943 18.6118 5.91758 27.8174 32.4299 0.317308 29.7494 20.6262 34.2721 20.9146 12.4806 12.9473 32.5907 5.77201 22.8972 33.8251 11.4877 35.4718 10.9942 17.0113 8.18155 28.0483 20.6618 30.544 36.0732 49.6965 
32.1363 33.1041 43.0396 11.6514 46.5047 31.7336 49.2751 40.8858 18.0628 14.9109 19.88 32.3596 32.5764 22.3017 12.5729 35.9619 16.5838 30.0683 34.0044 18.6267 48.4913 19.2244 39.5063 58.3184 25.2604 43.5481 25.8848 4.81968 23.703 41.2965 23.5188 13.2174 54.2503 26.2796 19.8355 43.8374 27.3448 15.0722 35.4294 10.6306 14.1879 49.8304 57.1174 27.6562 30.6432 44.8528 16.2576 32.9309 32.9679 50.8746 6.45342 29.8408 0 38.4621 32.7727 43.1792 36.8107 48.1085 35.9551 24.4907 27.0825 44.9769 19.0056 38.2048 30.095 24.0498 33.0652 7.97795 12.5566 42.2265 54.9065 46.0618 10.0669 44.3435 17.2179 37.9198 11.5604 32.8038 43.7902 41.6404 29.5545 45.0506 39.8018 4.88766 10.5993 35.2674 28.7512 45.0516 35.5747 10.0871 25.439 21.3679 12.3019 23.327 37.6728 37.8849 19.3284 33.8509 28.9297 6.24789 45.7223 
16.3959 29.0118 5.09394 27.7568 16.4475 12.2482 10.8881 17.423 24.4332 36.362 18.599 11.0387 27.2581 18.502 36.1808 32.1621 26.3739 23.0377 21.426 26.2114 20.6477 21.6437 22.8777 22.9947 19.436 20.7235 23.363 41.0204 17.6694 17.5178 15.0218 36.4018 18.5009 26.8116 29.1635 6.64382 40.0277 31.5517 3.73083 29.4968 27.0668 11.5822 20.7704 16.9767 16.243 10.9979 29.7644 5.58194 38.1776 20.1621 38.948 27.745 38.4621 0 35.7856 23.0491 7.70978 14.1498 22.0784 19.3196 21.7463 7.20234 22.5368 17.4025 33.8645 38.3395 29.6016 33.0072 34.0849 20.8931 21.1309 10.7782 29.3226 17.2638 28.7616 9.75259 33.5203 22.9099 7.27627 4.68517 27.8506 7.52309 10.589 40.1891 28.6622 40.1169 39.9406 6.59864 29.6268 38.868 20.439 22.0566 34.3034 35.6229 13.101 31.2742 21.2959 7.11963 13.6298 42.7276 25.1646 
43.655 7.2248 40.473 25.019 30.1117 23.5735 42.3135 23.2037 19.3963 43.9235 27.9179 24.7683 51.441 35.3816 20.537 6.05838 37.6431 12.7549 48.5912 39.6242 28.9768 21.4411 17.2987 42.4408 40.0057 23.0338 43.8463 37.5914 36.3039 50.3069 30.2943 19.9911 40.2181 46.6437 43.1379 42.276 8.70015 40.853 32.2639 24.3788 35.5702 42.0429 43.0766 19.5467 42.3036 33.0507 40.4819 32.0891 2.53046 32.7152 38.4588 8.09941 32.7727 35.7856 0 55.0295 40.6213 34.5297 50.3049 18.7611 43.6096 42.4315 36.1138 21.0725 2.896 10.4587 53.2121 25.2685 20.2184 21.5269 38.2087 35.0047 25.6361 51.5087 40.5258 27.4836 21.2379 13.2184 35.4188 40.467 8.04345 37.3673 28.098 37.5512 25.6557 4.38669 7.38365 40.4254 8.05646 24.0244 41.0806 18.3561 40.5071 9.80588 24.4709 8.62859 34.8579 28.7279 38.3063 38.9498 57.6626 
12.0168 49.2593 21.582 37.0988 39.1975 32.757 27.5174 40.3361 38.0944 32.8573 28.8573 31.7814 13.1972 22.2879 47.473 52.8266 26.6082 42.8293 9.23286 24.6868 43.4749 35.192 45.2788 42.1892 18.2157 43.7281 17.4687 43.1897 20.9028 5.54975 25.3958 47.9689 38.1079 18.3051 24.6903 20.0942 56.7251 29.4752 25.0838 38.9852 29.0105 28.7089 39.2205 35.6321 13.5735 33.3768 27.7462 23.9431 57.0928 42.4065 40.0723 47.0845 43.1792 23.0491 55.0295 0 15.6479 35.9286 7.37629 36.3331 16.1134 21.3297 24.4902 39.9263 52.548 54.1451 14.6049 41.7603 45.5257 43.7927 41.861 32.4976 38.0722 7.32012 26.592 32.5606 44.4562 43.6464 29.0811 20.0077 47.0808 28.1538 33.6078 42.1946 37.4771 59.3877 57.1513 24.1359 50.4967 48.5882 17.8233 37.499 32.9903 51.6111 35.738 52.5309 24.653 28.2154 17.0919 44.4395 2.72178 
9.2666 34.3592 8.50286 27.4905 24.1565 17.4823 15.8345 24.7112 26.0457 31.8616 18.0253 16.4172 19.9392 14.8371 37.1284 37.7916 22.3921 28.025 13.9082 21.6302 28.3548 23.0423 29.6655 29.7067 14.0182 28.1416 17.2085 38.5412 13.5987 10.2437 13.9994 37.4776 25.2658 20.4066 23.9542 8.20163 43.5834 27.2179 9.44145 29.3885 23.7512 16.8689 27.1508 21.0913 9.54318 18.6234 25.3264 8.62081 42.8576 27.8049 36.0317 32.5353 36.8107 7.70978 40.6213 15.6479 0 21.6238 14.4198 22.5223 15.436 9.65384 18.7557 24.2872 38.3693 41.4299 22.2734 32.7434 35.0322 28.1598 28.3478 18.1771 28.8824 10.8945 24.2004 16.9312 34.223 28.499 14.6182 6.58611 32.5787 14.292 18.0653 37.6231 28.2145 45.0078 43.752 11.355 35.3651 39.2181 14.7578 24.4938 30.3703 38.7535 20.0901 37.2706 17.8993 12.6756 8.44031 40.1475 17.956 
30.5442 27.3382 14.3528 36.5336 4.97657 16.5042 10.3642 11.337 31.111 48.9828 28.9809 15.7691 41.4019 31.3453 42.4481 29.2134 38.9375 23.5477 35.5057 39.209 8.67994 29.135 17.5902 10.2123 33.1395 12.4891 37.2771 51.5098 30.811 30.4366 26.4687 42.4513 6.32664 40.7819 42.4822 15.9567 41.2677 44.1782 14.7407 37.8891 39.0623 9.47675 9.32737 21.2968 30.3707 3.46168 42.5315 17.5168 37.0559 6.54169 49.9952 27.7433 48.1085 14.1498 34.5297 35.9286 21.6238 0 36.0297 24.5639 35.7357 14.9287 35.1669 13.5661 33.6404 40.678 43.7455 41.2759 40.5415 13.6603 7.24121 3.46514 38.1534 29.1635 41.6534 10.2074 40.3957 21.8301 7.01146 15.9532 27.9823 7.78646 8.39681 50.8088 37.5682 38.2916 40.6446 11.9862 26.7273 45.8236 34.2226 27.9091 46.503 38.1532 11.3356 27.3284 33.7405 14.7202 27.4924 53.2645 37.6381 
6.7837 45.0874 22.2867 30.5655 38.4989 29.469 29.218 38.3327 32.3562 25.5297 23.0372 28.6729 6.7831 15.9169 40.9464 48.7618 19.372 38.6758 1.98716 17.3823 42.6445 29.5937 42.5169 43.6802 11.4633 41.8809 10.1294 35.8376 14.644 8.19705 20.0529 41.4772 39.3303 11.0135 17.3205 21.2968 51.1494 22.0993 23.0574 32.4047 21.8428 30.3628 40.935 31.4339 8.01409 33.0398 20.377 21.206 52.2043 42.2203 32.707 42.6024 35.9551 22.0784 50.3049 7.37629 14.4198 36.0297 0 31.5679 8.88738 22.7341 17.5541 37.4348 47.6755 48.3891 8.80876 34.9867 39.071 41.685 42.6371 32.5745 31.409 11.66 19.228 30.6617 37.9441 39.8777 29.0188 20.4296 42.5574 28.5597 32.0482 34.8422 30.8454 54.5887 51.7115 25.1234 46.5902 41.8011 10.86 32.2268 25.6141 45.9579 33.5121 48.7866 17.9192 25.6186 12.0745 37.0724 9.78871 
24.8961 13.861 24.3988 12.9438 22.2577 8.28273 28.518 16.3952 6.632 29.9303 10.0893 9.30715 33.1117 17.1967 17.9647 17.5884 21.3692 7.84357 29.8861 22.9065 24.0079 5.48989 15.786 34.601 21.6507 19.1502 25.7729 28.5383 17.9224 31.7706 11.6657 18.0243 30.8812 28.8803 26.6442 25.9339 21.0838 25.7778 15.5902 13.8833 20.0151 28.6914 33.8641 3.28721 23.558 21.6494 24.8091 14.4766 20.7635 26.5239 27.8074 11.0899 24.4907 19.3196 18.7611 36.3331 22.5223 24.5639 31.5679 0 25.2922 26.5011 18.8444 13.7273 16.2179 19.1123 35.0303 17.0363 16.0074 17.9094 30.8984 23.2181 14.459 33.264 24.4769 14.5333 15.8318 10.0153 21.9006 23.8345 11.0212 23.606 16.1926 28.0216 13.9915 23.0865 21.2302 25.2824 15.7549 21.2642 22.7914 3.34872 26.7164 16.4011 13.4812 18.1672 17.3853 12.482 19.5468 30.2631 38.9897 
6.6901 39.1448 23.9047 22.1044 37.1032 25.3084 31.2485 35.3254 24.788 17.7044 15.7077 24.8139 7.83783 8.23185 32.4152 42.8717 10.5005 32.9288 6.92404 8.59758 40.9052 22.2848 38.3918 44.6953 3.64213 38.9181 1.82903 27.1497 7.3698 15.0185 13.7243 32.9742 40.2054 5.06607 9.33055 23.6017 43.4924 13.7055 21.2339 23.8791 12.9554 32.2548 42.3207 25.925 5.92626 32.398 11.8703 18.6879 45.2954 41.2827 24.0933 36.338 27.0825 21.7463 43.6096 16.1134 15.436 35.7357 8.88738 25.2922 0 25.0691 8.84001 33.853 40.8477 40.565 9.75811 26.2781 30.6158 38.4059 42.841 32.4648 22.8133 18.4313 10.6824 28.2392 29.4428 34.5779 29.0137 22.0018 36.2436 29.1516 29.9578 26.1567 22.2837 47.7526 44.1954 26.7204 40.9366 33.062 2.52962 25.2567 17.2128 38.2679 30.478 43.2819 9.46447 22.7272 8.2775 28.4618 18.6398 
18.7075 35.47 2.1085 34.6341 18.8939 19.1405 6.4846 22.1171 31.6046 41.3439 25.2833 17.9256 28.9343 23.8599 43.3193 38.4032 31.6513 29.764 22.7101 31.0855 23.1443 28.7814 28.2082 21.0524 23.612 24.9186 26.8527 47.2042 22.7704 16.0036 21.4709 43.5548 16.8337 29.9974 33.5628 1.48016 47.0665 36.6321 10.9172 36.4237 32.7411 7.63133 18.2252 24.0607 19.153 12.9701 34.7625 12.5876 44.8738 21.4701 44.9114 34.4888 44.9769 7.20234 42.4315 21.3297 9.65384 14.9287 22.7341 26.5011 25.0691 0 27.8952 22.813 40.6618 45.4662 31.2152 39.917 41.2183 25.4689 20.532 11.6569 36.1664 14.3207 33.6662 15.2751 40.6194 29.33 8.7071 3.37795 34.6181 7.24539 15.3458 46.3291 35.4994 46.7045 46.9194 2.94872 35.8281 45.927 24.3939 29.2589 39.6638 42.7512 18.6186 37.2523 26.8549 14.1452 17.8831 48.8714 22.8424 
13.1329 32.4861 26.2238 13.3208 35.332 21.4397 33.2458 31.9648 16.8046 13.8803 8.76486 21.355 16.0617 4.05743 23.5851 36.1786 3.83841 26.6874 15.5669 4.29371 38.5876 14.7232 33.6833 44.9861 6.30969 35.4192 8.31232 19.9928 5.16019 22.294 9.04361 24.1507 40.5535 10.5932 8.00123 26.5673 35.152 9.05707 20.5818 15.0602 5.06144 34.0497 43.0731 20.3739 11.6385 31.7053 7.36472 17.7699 37.5795 39.7673 17.3253 29.4192 19.0056 22.5368 36.1138 24.4902 18.7557 35.1669 17.5541 18.8444 8.84001 27.8952 0 29.9582 33.2671 32.1141 17.473 17.4532 21.811 34.5969 42.404 32.3027 13.977 25.3511 6.52493 26.0363 20.6235 28.7601 29.2423 24.5311 29.2755 29.9529 27.9564 19.0416 13.4559 40.0756 35.9628 28.7067 34.5301 24.255 6.70084 17.9578 11.8046 29.9395 27.4135 36.9702 1.5518 20.6594 10.3861 21.5303 27.1236 
30.8187 13.8503 21.1299 26.6675 9.65386 8.62419 21.5196 2.78771 20.1995 42.6516 21.7621 9.03995 41.0604 27.0141 30.4244 16.0985 33.2231 10.2444 36.2454 34.2508 10.4084 19.1404 5.47931 22.4662 30.4602 5.5638 34.9184 42.2565 27.1153 34.5194 21.0573 30.3111 19.5615 38.4109 37.9428 23.0447 27.724 38.1505 14.8458 27.5809 32.4606 21.1337 22.528 10.6921 29.9823 12.0027 36.8696 16.2511 23.603 13.3684 41.4204 14.2029 38.2048 17.4025 21.0725 39.9263 24.2872 13.5661 37.4348 13.7273 33.853 22.813 29.9582 0 20.078 27.2762 43.2863 30.6207 28.7158 4.64198 18.3877 13.9649 28.186 34.6224 36.2882 7.69013 28.8302 8.28566 14.8161 21.7034 14.4512 16.7518 7.51686 41.7235 27.7168 24.9956 27.0799 20.3558 13.5301 34.049 31.6722 16.8636 39.6372 24.8312 4.30484 14.5998 28.4065 11.8421 26.0894 43.9852 42.2337 
41.0651 6.54574 38.6626 22.1307 29.4397 21.6163 40.9218 22.4201 16.5219 41.0469 25.1431 22.8268 48.6718 32.6161 18.0258 6.98091 34.7576 10.9076 45.9375 36.7477 28.7133 18.6263 16.9409 42.0092 37.2563 22.6977 41.0495 34.9079 33.5671 47.9165 27.6339 17.5129 39.5216 43.8126 40.2519 40.4263 8.00297 37.9579 30.2706 21.516 32.6764 40.7232 42.4375 17.2859 39.6897 31.9113 37.5867 29.915 4.54565 32.3657 35.6912 6.1944 30.095 33.8645 2.896 52.548 38.3693 33.6404 47.6755 16.2179 40.8477 40.6618 33.2671 20.078 0 8.85353 50.4185 22.499 17.5653 21.147 37.7967 33.8428 22.7668 49.2318 37.6339 25.9773 18.5378 11.8965 33.991 38.5489 6.04704 35.927 26.7619 34.8389 22.7766 6.92183 7.08945 38.7837 8.19614 21.6132 38.3181 15.5945 37.63 7.5977 23.1359 9.52429 32.0267 26.759 35.7222 36.2997 55.1991 
42.2053 14.9642 43.3799 19.1989 36.9078 26.4923 46.7738 29.8742 16.0666 36.9741 25.3752 27.6819 48.142 32.5608 11.4839 15.8241 32.6339 17.1304 46.5019 34.8457 36.7368 18.955 25.0837 49.6841 37.2033 30.7305 40.3696 28.8016 33.764 50.0953 28.7617 10.833 46.8125 42.6049 37.9516 44.9787 3.34176 34.746 34.6127 17.9046 30.1983 46.7536 49.793 21.4147 40.6981 38.5013 34.8122 33.5858 9.62975 40.2421 30.225 13.2336 24.0498 38.3395 10.4587 54.1451 41.4299 40.678 48.3891 19.1123 40.565 45.4662 32.1141 27.2762 8.85353 0 49.5812 17.5158 11.9617 29.1621 45.535 40.3466 19.2039 51.9493 35.1346 31.9102 13.2131 19.0485 39.8863 42.9125 12.9504 41.7492 33.0651 28.9365 19.4688 11.5871 4.70245 44.0082 16.937 14.4227 38.0987 16.9533 33.6427 2.7168 29.5698 18.3777 31.173 31.3265 37.0573 29.9596 56.8604 
13.2102 48.8888 30.559 30.6073 45.7055 34.841 37.6853 44.5858 34.1421 20.1176 25.3016 34.2625 2.34362 17.8766 40.5689 52.6162 17.4769 42.6863 8.50526 15.1795 49.6917 31.7975 47.9816 51.9388 13.3957 48.1824 9.36959 31.8155 17.1154 16.942 23.4823 41.1783 47.521 7.09706 13.2301 29.7511 52.6246 18.0605 29.8555 32.2148 20.1165 38.8026 49.2956 35.6741 13.5808 40.5742 16.8181 27.5655 54.8226 49.6808 28.5423 46.0512 33.0652 29.6016 53.2121 14.6049 22.2734 43.7455 8.80876 35.0303 9.75811 31.2152 17.473 43.2863 50.4185 49.5812 0 34.0848 38.9506 47.7713 50.6004 40.3404 31.025 20.3203 15.9306 37.2242 37.7093 44.3259 36.7919 28.6555 45.9496 36.5641 38.8204 30.8458 30.5864 57.2983 53.4227 33.4283 50.6934 40.6165 12.2397 34.8627 21.2719 47.4103 39.7149 53.0401 18.5144 31.8293 17.2293 32.7384 16.1312 
29.9616 25.1621 37.878 5.29512 39.2735 24.7728 43.5361 33.3495 10.4337 19.47 14.7791 25.5398 33.0656 19.5797 6.65309 28.1022 16.608 22.1418 33.001 18.9055 40.9899 12.1455 31.6319 51.4325 23.5807 35.8566 25.5508 12.6401 21.0089 38.9346 18.7808 7.3131 47.5278 26.9913 21.4172 38.9304 20.8547 17.6018 29.6556 3.51578 13.9713 43.9637 50.4608 20.2921 28.391 38.1515 17.9909 27.4303 25.7263 43.5598 13.1927 21.8827 7.97795 33.0072 25.2685 41.7603 32.7434 41.2759 34.9867 17.0363 26.2781 39.917 17.4532 30.6207 22.499 17.5158 34.0848 0 5.56394 34.4925 47.8466 39.5174 3.86784 41.6079 18.5442 31.0787 4.30293 24.8823 37.5756 36.6997 21.5996 39.0105 32.8878 12.4441 4.53176 28.1251 22.1056 39.5746 27.6301 6.82809 24.1279 13.7743 16.1691 16.2673 30.4604 29.9623 17.1151 27.5745 25.7655 14.1925 44.4359 
33.5458 21.0934 39.125 8.51751 37.9328 24.2563 44.1084 31.5016 9.74579 25.034 17.1723 25.2128 37.7678 23.2535 2.10826 23.666 21.5612 19.2517 37.1041 23.8458 39.102 12.4413 28.8102 50.4963 27.611 33.5826 30.0939 17.3762 24.6243 42.2272 21.1376 2.46904 46.8656 31.8628 26.6246 40.3885 15.3028 23.0421 30.5015 6.75906 18.9837 44.3927 49.8558 19.2498 31.9753 37.6568 23.2999 28.6381 20.4501 42.0099 18.4325 17.9814 12.5566 34.0849 20.2184 45.5257 35.0322 40.5415 39.071 16.0074 30.6158 41.2183 21.811 28.7158 17.5653 11.9617 38.9506 5.56394 0 32.1187 46.6824 39.211 7.9258 44.6323 23.7591 30.5388 1.29231 21.9501 37.7194 38.1737 17.6754 39.3302 32.1915 17.3653 8.38059 22.7919 16.5796 40.4836 23.5521 5.3372 28.3095 12.6933 21.7276 10.8579 29.3282 25.7471 21.1954 27.912 28.8987 18.7375 48.2355 
35.1503 14.6083 24.0096 30.8187 8.83888 13.2535 23.0684 3.47011 24.1636 47.2117 26.3537 13.6071 45.5259 31.6496 33.6905 15.8469 37.8427 12.962 40.5696 38.8889 7.58735 23.3892 4.23166 20.9189 35.0456 1.5685 39.5041 46.4087 31.7331 38.3139 25.6982 33.5079 18.8365 43.0077 42.5834 25.9217 29.0977 42.7428 18.7869 31.6013 37.0355 22.4654 21.619 15.0592 34.3797 13.258 41.4832 20.4852 24.0058 11.2236 45.7122 15.9464 42.2265 20.8931 21.5269 43.7927 28.1598 13.6603 41.685 17.9094 38.4059 25.4689 34.5969 4.64198 21.147 29.1621 47.7713 34.4925 32.1187 0 16.6899 15.1471 32.2917 38.1398 40.914 11.232 32.3628 10.4264 16.9402 24.8581 16.24 18.7551 10.3623 45.915 31.8579 24.9783 28.2329 22.7702 13.4994 37.4071 36.2559 20.8716 44.1626 26.9299 8.17354 13.7754 33.0451 16.0825 30.5481 48.1213 46.0071 
37.4477 31.2759 20.4663 43.2745 8.78954 23.1735 14.6358 15.6907 37.5227 56.2091 36.0671 22.5784 48.2602 38.5865 48.5026 32.4382 46.1691 28.626 42.2519 46.4502 9.32442 35.7696 20.9216 4.23381 40.3238 15.175 44.4139 58.4511 38.0457 36.4941 33.6704 48.4457 4.31998 47.8992 49.7166 21.7888 45.6983 51.4082 21.9685 44.5333 46.2566 13.4728 5.741 27.6123 37.3683 10.7008 49.7684 24.7525 40.6756 5.52027 57.0381 32.3251 54.9065 21.1309 38.2087 41.861 28.3478 7.24121 42.6371 30.8984 42.841 20.532 42.404 18.3877 37.7967 45.535 50.6004 47.8466 46.6824 16.6899 0 10.3765 44.8832 34.8023 48.8936 17.0578 46.6478 26.4923 13.8582 22.2516 32.5987 14.0796 15.1351 57.7768 44.3202 41.5426 44.8861 17.7586 30.1645 52.0096 41.3923 34.2379 53.7005 43.1577 17.4174 30.2062 40.9728 21.8939 34.6316 60.2068 43.3297 
27.1509 27.7807 10.9433 34.6071 7.36672 14.9556 7.93796 12.2583 29.5963 46.1679 26.5879 14.0428 37.9972 28.4066 41.1824 30.0261 36.1074 23.3179 32.0707 36.2626 11.5359 27.3943 18.6885 12.6926 29.9698 14.2341 34.0389 49.267 27.7933 26.9948 23.8043 41.2383 8.32201 37.5227 39.4509 12.6037 41.2124 41.3491 11.7341 36.0683 36.3795 7.32556 11.0767 20.0375 27.0207 1.96502 39.659 14.5441 37.5334 9.91473 47.6035 27.7692 46.0618 10.7782 35.0047 32.4976 18.1771 3.46514 32.5745 23.2181 32.4648 11.6569 32.3027 13.9649 33.8428 40.3466 40.3404 39.5174 39.211 15.1471 10.3765 0 36.2312 25.7929 38.7437 8.70692 38.9632 21.9465 3.55906 12.5044 27.9805 4.42319 7.29359 48.53 35.6222 38.9605 40.7141 8.70969 27.4732 44.4208 31.0284 26.5178 43.7968 37.7436 10.799 28.3618 30.9155 12.2735 24.2584 51.0165 34.2423 
26.2078 24.4232 34.1423 1.6241 36.4448 21.7137 39.9453 30.8468 8.22144 18.2954 10.9509 22.3849 29.8588 15.8228 9.61412 27.6645 13.6544 20.5339 29.4289 15.9317 38.4384 9.15799 29.7662 48.3517 19.9585 33.5783 22.2159 14.1224 17.242 35.131 14.9357 10.1935 44.3459 23.9372 18.8157 35.1538 22.4674 15.5838 26.0457 1.30696 11.1069 40.412 47.245 17.5965 24.6344 34.9473 15.6108 23.7406 26.4576 40.8087 13.7649 21.0855 10.0669 29.3226 25.6361 38.0722 28.8824 38.1534 31.409 14.459 22.8133 36.1664 13.977 28.186 22.7668 19.2039 31.025 3.86784 7.9258 32.2917 44.8832 36.2312 0 37.7687 15.9711 27.9485 6.68999 23.226 34.1375 32.9247 20.8321 35.509 29.8086 13.6684 0.670729 28.935 23.5489 35.9085 26.8455 10.5858 20.5757 11.4307 14.882 17.4925 27.6115 29.2668 13.4907 24.1378 21.924 15.8298 40.7611 
12.2914 45.2407 14.8676 36.5608 32.7649 28.3212 20.3212 34.6713 36.2125 36.1119 27.4734 27.2244 18.4254 22.2099 46.6825 48.6469 28.2632 38.918 12.7476 26.7433 37.0566 33.21 40.0808 34.9598 19.2109 37.9014 20.1487 45.1355 20.7737 3.52969 23.5859 47.1012 30.9509 22.088 27.7303 13.2074 54.2372 32.0971 19.9601 38.4875 30.3122 21.5131 31.9628 31.9691 13.7246 26.8537 30.2291 19.4971 53.7314 35.6937 42.2274 43.4266 44.3435 17.2638 51.5087 7.32012 10.8945 29.1635 11.66 33.264 18.4313 14.3207 25.3511 34.6224 49.2318 51.9493 20.3203 41.6079 44.6323 38.1398 34.8023 25.7929 37.7687 0 29.034 27.0113 43.695 39.3418 22.511 13.5216 43.4674 21.3846 27.794 44.1572 37.125 55.8954 54.4734 17.2147 46.199 48.3379 19.2845 35.0048 35.5786 49.3066 30.3351 48.0516 25.0596 23.3815 15.8446 46.5628 8.52814 
16.8963 37.6743 32.1281 15.9711 41.8555 27.8469 39.3003 38.3732 21.199 7.67802 14.673 27.8157 15.3586 10.3404 25.169 41.2894 3.11491 32.2366 17.3688 2.58134 45.0853 19.7266 39.7813 51.4097 10.3125 41.7892 9.14205 16.6188 11.0941 25.67 15.5406 25.8122 46.9594 9.0618 2.87329 32.2779 38.3586 3.09029 27.0101 17.2538 4.98722 40.1593 49.428 26.3749 15.6826 38.1928 1.19533 24.1995 41.7192 46.2921 13.4803 34.4703 17.2179 28.7616 40.5258 26.592 24.2004 41.6534 19.228 24.4769 10.6824 33.6662 6.52493 36.2882 37.6339 35.1346 15.9306 18.5442 23.7591 40.914 48.8936 38.7437 15.9711 29.034 0 32.5585 22.4765 34.4906 35.6201 30.3518 34.2909 36.2431 34.4803 15.6236 15.6689 44.2272 39.3645 34.7278 39.8554 24.841 9.8894 23.0336 6.54504 33.2772 33.88 42.3234 8.02852 27.1827 15.7944 17.8479 28.9956 
24.2879 20.3758 13.5058 26.3296 9.30036 6.3275 14.9753 7.78008 20.9863 39.6 19.0815 5.56389 34.9264 22.5018 32.4955 23.1651 29.6723 15.1515 29.6618 30.2466 12.7245 18.9343 13.1677 20.4042 25.1485 11.2496 29.5419 41.3973 22.2471 27.0857 17.047 32.542 16.4528 33.0957 33.7445 15.4108 32.9976 34.8603 7.6201 27.6833 29.4916 14.8672 19.4032 11.333 23.67 7.12422 33.3317 9.65881 29.9764 13.7574 39.9935 19.7943 37.9198 9.75259 27.4836 32.5606 16.9312 10.2074 30.6617 14.5333 28.2392 15.2751 26.0363 7.69013 25.9773 31.9102 37.2242 31.0787 30.5388 11.232 17.0578 8.70692 27.9485 27.0113 32.5585 0 30.3255 14.2695 8.03826 14.0154 19.9687 9.95891 1.95483 40.7193 27.3661 31.6633 32.6257 13.0101 20.5834 35.7753 26.3244 17.8515 36.9225 29.2653 3.39392 21.9779 24.5338 5.54493 20.0741 43.153 34.7845 
32.4966 21.7867 38.5343 7.37941 37.928 24.0146 43.6705 31.6091 9.3795 23.7668 16.2792 24.9313 36.5476 22.1708 3.01742 24.481 20.301 19.5908 35.9727 22.5888 39.2348 11.908 29.1654 50.4114 26.4809 33.8038 28.891 16.3704 23.5545 41.2385 20.2749 3.53472 46.7118 30.6181 25.3433 39.7556 16.5518 21.7498 29.9774 5.56409 17.7156 43.9868 49.6921 19.1051 30.9239 37.4497 22.0112 28.0318 21.5578 42.063 17.2975 18.6118 11.5604 33.5203 21.2379 44.4562 34.223 40.3957 37.9441 15.8318 29.4428 40.6194 20.6235 28.8302 18.5378 13.2131 37.7093 4.30293 1.29231 32.3628 46.6478 38.9632 6.68999 43.695 22.4765 30.3255 0 22.3137 37.3663 37.534 18.3115 38.9408 32.0195 16.3133 7.17145 23.9248 17.8077 39.9671 24.2547 5.46111 27.1572 12.4879 20.4519 12.017 29.2524 26.4964 20.0456 27.4906 27.9203 17.7834 47.1617 
33.0941 6.14001 27.4181 21.9169 17.869 11.0212 29.1126 10.8272 15.0259 39.8256 19.9995 12.1278 42.2814 26.7545 23.4131 9.31182 31.3814 2.74241 38.3825 32.8814 17.8631 15.1564 6.86008 30.6356 30.9605 11.9697 35.2608 37.2427 27.2856 38.5681 20.8778 23.1925 27.8441 38.5161 36.6267 29.2595 19.4411 35.7636 19.5684 22.3436 30.0092 28.8719 30.804 8.65296 31.9479 20.0151 34.8221 19.8829 15.7211 21.249 36.9639 5.91758 32.8038 22.9099 13.2184 43.6464 28.499 21.8301 39.8777 10.0153 34.5779 29.33 28.7601 8.28566 11.8965 19.0485 44.3259 24.8823 21.9501 10.4264 26.4923 21.9465 23.226 39.3418 34.4906 14.2695 22.3137 0 22.2059 27.5531 6.16617 24.1529 14.9088 36.8585 22.8983 17.4041 18.8271 27.2404 6.86902 27.171 32.1473 12.058 36.5557 16.6744 11.2776 8.91971 27.2688 16.0434 27.864 38.8991 46.1662 
23.6107 28.2527 7.65722 32.5201 10.2758 13.6726 6.93774 13.7009 27.996 43.1226 24.0641 12.5956 34.4491 25.284 39.7455 30.838 33.0696 23.1884 28.5123 33.1085 14.5613 25.5764 20.0037 15.8335 26.6127 16.2873 30.6143 46.7851 24.5916 23.5568 21.0061 39.8559 11.3555 34.0774 36.2087 9.44323 41.0302 38.2993 8.70945 34.0827 33.4903 6.87256 13.8356 18.8923 23.5102 4.34495 36.5699 11.5003 37.9264 13.3505 44.9755 27.8174 43.7902 7.27627 35.4188 29.0811 14.6182 7.01146 29.0188 21.9006 29.0137 8.7071 29.2423 14.8161 33.991 39.8863 36.7919 37.5756 37.7194 16.9402 13.8582 3.55906 34.1375 22.511 35.6201 8.03826 37.3663 22.2059 0 9.07586 27.9968 1.95155 7.36553 46.0135 33.5074 39.5364 40.6639 5.87064 28.2544 42.8226 27.6468 25.0921 40.8631 37.2233 10.9625 29.4159 27.9006 10.0047 20.8517 48.5245 30.8979 
15.8237 33.6677 1.92134 31.4087 19.2687 16.9327 9.25042 21.4131 28.6411 38.0295 22.009 15.7237 26.3403 20.4912 40.2797 36.7769 28.2968 27.7214 20.1877 27.7705 23.5597 25.7649 27.1768 23.2941 20.372 24.5091 23.7594 43.8323 19.4159 14.4925 18.1547 40.5379 18.9095 26.989 30.3205 2.23106 44.6602 33.3014 8.33688 33.2193 29.3657 10.2844 20.6481 21.6066 16.1258 13.3912 31.4387 9.56962 42.8619 22.4028 41.5335 32.4299 41.6404 4.68517 40.467 20.0077 6.58611 15.9532 20.4296 23.8345 22.0018 3.37795 24.5311 21.7034 38.5489 42.9125 28.6555 36.6997 38.1737 24.8581 22.2516 12.5044 32.9247 13.5216 30.3518 14.0154 37.534 27.5531 9.07586 0 32.5357 8.23631 14.5063 42.9553 32.2561 44.7943 44.596 4.79082 34.2294 42.798 21.1955 26.443 36.3093 40.1961 17.4085 35.8192 23.4805 11.7967 14.5952 45.4974 21.837 
35.8508 3.59328 32.6236 19.8257 24.0218 15.607 34.933 16.9731 13.2704 38.6339 20.7257 16.8128 44.0769 28.0749 18.7894 7.00985 31.2719 4.86072 40.8957 33.0768 23.7994 14.6177 12.2439 36.7623 32.6082 17.8077 36.6336 34.2353 28.8809 42.2994 22.6825 18.4495 34.0102 39.6171 36.7272 34.395 13.2863 35.0498 24.2835 19.7295 29.4733 34.7636 36.9689 11.5157 34.5434 26.0701 34.413 24.0481 10.3463 27.2918 34.463 0.317308 29.5545 27.8506 8.04345 47.0808 32.5787 27.9823 42.5574 11.0212 36.2436 34.6181 29.2755 14.4512 6.04704 12.9504 45.9496 21.5996 17.6754 16.24 32.5987 27.9805 20.8321 43.4674 34.2909 19.9687 18.3115 6.16617 27.9968 32.5357 0 29.9262 20.823 33.9952 20.6673 12.4294 12.7337 32.7392 6.04176 22.5841 33.7282 11.3313 35.2471 10.6951 17.2129 8.43629 27.9119 20.7589 30.5049 35.7887 49.6977 
23.4696 30.2035 6.57195 33.8989 11.6681 15.4346 5.0296 15.568 29.5902 43.8134 25.2315 14.3245 34.2282 25.9442 41.3717 32.786 33.7906 25.1096 28.1828 33.7032 15.9035 27.0964 21.9049 15.5453 26.9464 18.0383 30.8064 47.9169 25.1611 22.6777 21.9964 41.4996 11.0599 34.2151 36.6855 8.18504 42.9318 38.995 9.68786 35.5054 34.3492 5.08542 13.2483 20.6561 23.4995 5.78223 37.2285 12.3849 39.8739 14.3091 46.0128 29.7494 45.0506 7.52309 37.3673 28.1538 14.292 7.78646 28.5597 23.606 29.1516 7.24539 29.9529 16.7518 35.927 41.7492 36.5641 39.0105 39.3302 18.7551 14.0796 4.42319 35.509 21.3846 36.2431 9.95891 38.9408 24.1529 1.95155 8.23631 29.9262 0 9.31581 47.1244 34.8701 41.4877 42.5803 4.30652 30.2028 44.3882 27.9331 26.7535 41.6651 39.0784 12.9139 31.3508 28.6625 11.4684 21.123 49.6474 29.852 
25.7904 20.9109 13.747 28.1928 7.37666 8.11594 14.2169 6.90772 22.7177 41.5448 21.0346 7.44745 36.5095 24.3874 34.1213 23.4748 31.606 16.0915 31.1237 32.1547 10.9482 20.7533 12.8636 18.552 26.9295 10.1345 31.2986 43.3162 24.0979 28.0912 18.9824 34.1452 14.6956 34.8534 35.6331 15.6662 33.9949 36.7999 9.01743 29.5148 31.4429 13.965 17.6726 12.9432 25.2439 5.53123 35.2624 11.2931 30.6135 11.8187 41.9341 20.6262 39.8018 10.589 28.098 33.6078 18.0653 8.39681 32.0482 16.1926 29.9578 15.3458 27.9564 7.51686 26.7619 33.0651 38.8204 32.8878 32.1915 10.3623 15.1351 7.29359 29.8086 27.794 34.4803 1.95483 32.0195 14.9088 7.36553 14.5063 20.823 9.31581 0 42.6445 29.2331 32.1859 33.545 12.841 20.8906 37.4567 28.0957 19.5319 38.8752 30.4546 3.63117 22.0939 26.4592 7.37598 21.7455 45.0719 35.7521 
31.8669 37.572 44.4895 15.0987 49.5905 34.7149 51.076 44.3317 21.887 11.3697 21.9605 35.2147 30.6808 22.7999 17.4571 40.5461 15.8947 34.1478 32.9627 17.5649 51.8559 22.5838 43.4339 61.0067 24.9556 47.1718 24.726 0.995375 24.1018 40.9266 25.1833 18.1037 56.8125 24.4676 17.8492 45.0972 32.2324 12.9174 37.4369 14.517 13.9805 51.7236 59.6047 31.0526 30.4697 47.4642 14.4997 34.7941 37.8076 54.022 2.33818 34.2721 4.88766 40.1891 37.5512 42.1946 37.6231 50.8088 34.8422 28.0216 26.1567 46.3291 19.0416 41.7235 34.8389 28.9365 30.8458 12.4441 17.3653 45.915 57.7768 48.53 13.6684 44.1572 15.6236 40.7193 16.3133 36.8585 46.0135 42.9553 33.9952 47.1244 42.6445 0 14.0658 40.1238 33.6375 46.7026 40.0349 14.9012 24.8994 25.087 9.57454 28.1797 40.8079 42.3866 19.7354 36.2566 29.3841 2.54306 44.6173 
25.5955 24.2533 33.4766 1.05458 35.9056 21.1473 39.2947 30.3639 7.87328 18.271 10.2802 21.8022 29.3873 15.2135 10.1316 27.54 13.2719 20.2215 28.8674 15.5359 37.9426 8.63732 29.3917 47.7703 19.3883 33.1304 21.7199 14.5526 16.6283 34.5009 14.2653 10.695 43.7504 23.5068 18.4978 34.485 22.7095 15.4044 25.3945 1.6285 10.7605 39.7662 46.6441 17.0986 24.0216 34.3508 15.3533 23.0803 26.5383 40.28 14.066 20.9146 10.5993 28.6622 25.6557 37.4771 28.2145 37.5682 30.8454 13.9915 22.2837 35.4994 13.4559 27.7168 22.7766 19.4688 30.5864 4.53176 8.38059 31.8579 44.3202 35.6222 0.670729 37.125 15.6689 27.3661 7.17145 22.8983 33.5074 32.2561 20.6673 34.8701 29.2331 14.0658 0 29.0245 23.7592 35.2497 26.6623 11.2192 20.0245 11.023 14.8539 17.6863 27.0743 29.0947 12.9268 23.5106 21.2805 16.2727 40.1693 
47.9641 11.2901 44.7635 28.4768 33.7248 27.926 46.3965 26.96 23.2801 47.2048 32.0452 29.1156 55.5712 39.5208 22.7518 9.13151 41.4154 17.1089 52.8561 43.4565 32.2338 25.5011 20.8062 45.7731 44.1676 26.4253 47.9287 40.0721 40.4831 54.6856 34.5524 22.1424 43.7995 50.6453 46.899 46.5795 8.77334 44.3739 36.6169 27.6463 39.247 46.0825 46.5972 23.9327 46.5975 36.9982 44.1155 36.4719 2.50872 36.0235 41.2186 12.4806 35.2674 40.1169 4.38669 59.3877 45.0078 38.2916 54.5887 23.0865 47.7526 46.7045 40.0756 24.9956 6.92183 11.5871 57.2983 28.1251 22.7919 24.9783 41.5426 38.9605 28.935 55.8954 44.2272 31.6633 23.9248 17.4041 39.5364 44.7943 12.4294 41.4877 32.1859 40.1238 29.0245 0 7.19568 44.6445 11.5651 25.9414 45.2231 22.508 43.8005 11.9445 28.5739 11.3668 38.8659 33.0778 42.618 41.3217 62.0263 
45.3407 13.6255 44.8734 23.3939 36.5081 27.7791 47.601 29.4761 19.4253 41.5214 28.6983 28.9938 51.8843 36.0626 16.1824 13.3781 36.7566 17.4785 49.8705 38.9238 35.7926 22.1179 24.021 49.098 40.7381 29.781 44.1256 33.504 37.1887 52.8479 31.7965 15.5338 46.5768 46.5293 42.1468 46.5693 1.57824 39.1318 36.2604 22.2422 34.3943 47.4637 49.5031 23.0078 43.8752 38.8019 39.1044 35.5653 5.71339 39.4535 34.9099 12.9473 28.7512 39.9406 7.38365 57.1513 43.752 40.6446 51.7115 21.2302 44.1954 46.9194 35.9628 27.0799 7.08945 4.70245 53.4227 22.1056 16.5796 28.2329 44.8861 40.7141 23.5489 54.4734 39.3645 32.6257 17.8077 18.8271 40.6639 44.596 12.7337 42.5803 33.545 33.6375 23.7592 7.19568 0 45.2142 15.0826 19.0912 41.6946 19.6545 38.1666 6.08812 29.9424 15.9722 34.923 32.8291 40.0862 34.6565 59.8492 
20.6091 33.3666 2.87307 34.3367 15.9706 17.5237 4.58157 19.4738 30.7732 42.39 25.1959 16.3276 31.1181 24.6493 42.5679 36.1671 32.5204 27.8795 24.9475 32.1514 20.21 28.0625 25.6771 18.5576 24.9323 22.1524 28.4593 47.5464 23.6793 18.7374 21.5774 42.7607 14.2236 31.7309 34.8517 4.04167 45.444 37.6175 9.98989 36.0612 33.3953 5.53566 15.8674 22.6204 20.8747 10.0624 35.7828 12.1737 42.8983 18.5279 45.4061 32.5907 45.0516 6.59864 40.4254 24.1359 11.355 11.9862 25.1234 25.2824 26.7204 2.94872 28.7067 20.3558 38.7837 44.0082 33.4283 39.5746 40.4836 22.7702 17.7586 8.70969 35.9085 17.2147 34.7278 13.0101 39.9671 27.2404 5.87064 4.79082 32.7392 4.30652 12.841 46.7026 35.2497 44.6445 45.2142 0 33.5832 45.3491 25.8079 28.2158 40.5111 41.3038 16.2626 34.9 27.5538 12.8003 19.1016 49.244 25.7221 
39.812 2.47165 33.9807 25.7984 22.1781 17.8839 35.0343 15.399 19.1202 44.501 25.8153 18.9757 48.7134 32.9257 24.5209 2.58563 36.7913 8.00915 45.0477 38.4859 20.9208 20.1336 9.28572 34.3977 37.2978 14.9913 41.4951 40.2688 33.5828 45.4353 27.2178 24.1275 32.2694 44.6334 42.188 35.8524 16.1498 40.7837 26.3709 25.758 35.1315 34.6635 35.0961 15.1748 38.6206 25.5083 40.0499 26.7509 10.5112 24.6647 40.5009 5.77201 35.5747 29.6268 8.05646 50.4967 35.3651 26.7273 46.5902 15.7549 40.9366 35.8281 34.5301 13.5301 8.19614 16.937 50.6934 27.6301 23.5521 13.4994 30.1645 27.4732 26.8455 46.199 39.8554 20.5834 24.2547 6.86902 28.2544 34.2294 6.04176 30.2028 20.8906 40.0349 26.6623 11.5651 15.0826 33.5832 0 28.291 38.4613 16.8304 41.1325 15.2535 17.3406 2.47358 33.1007 22.8639 34.5361 41.8138 53.0257 
36.7754 25.8691 43.8522 11.7948 43.2653 29.4694 49.0984 36.8354 14.8405 24.4493 21.1932 30.3915 39.7018 26.3901 3.79726 28.1354 23.183 24.4977 39.8147 25.4672 44.43 17.3201 34.0255 55.8081 30.4065 38.8815 32.2792 14.6253 27.8152 45.7168 25.219 4.16605 52.1438 33.5478 27.69 45.0254 17.6079 23.4778 35.3611 9.87103 20.5361 49.4279 55.1283 24.5269 35.2035 42.8989 24.153 33.3468 23.8023 47.3471 16.5213 22.8972 10.0871 38.868 24.0244 48.5882 39.2181 45.8236 41.8011 21.2642 33.062 45.927 24.255 34.049 21.6132 14.4227 40.6165 6.82809 5.3372 37.4071 52.0096 44.4208 10.5858 48.3379 24.841 35.7753 5.46111 27.171 42.8226 42.798 22.5841 44.3882 37.4567 14.9012 11.2192 25.9414 19.0912 45.3491 28.291 0 30.9411 17.9276 21.4279 14.2384 34.6406 30.3671 23.9425 32.931 32.4951 15.6401 51.2639 
7.03596 36.6492 23.0596 19.7921 35.3299 23.0844 30.3784 33.2394 22.2791 17.3608 13.1784 22.6488 10.3634 5.7023 30.1468 40.3766 9.0165 30.4568 8.87358 7.48462 39.036 19.7588 36.1045 43.4329 1.21374 36.8219 3.24902 25.883 4.87856 16.0275 11.2721 30.6919 38.9392 6.78293 9.22228 22.9539 41.0056 12.9797 19.5656 21.6012 11.2525 31.3336 41.1682 23.4963 5.79515 30.8355 11.0774 16.9155 42.7663 39.5821 22.9443 33.8251 25.439 20.439 41.0806 17.8233 14.7578 34.2226 10.86 22.7914 2.52962 24.3939 6.70084 31.6722 38.3181 38.0987 12.2397 24.1279 28.3095 36.2559 41.3923 31.0284 20.5757 19.2845 9.8894 26.3244 27.1572 32.1473 27.6468 21.1955 33.7282 27.9331 28.0957 24.8994 20.0245 45.2231 41.6946 25.8079 38.4613 30.9411 0 22.7272 16.3906 35.7822 28.4191 40.817 7.11415 20.7843 6.8106 27.2858 20.4383 
25.7396 14.6452 27.1504 10.0003 25.5782 11.5633 31.6131 19.5796 3.34073 27.868 9.56271 12.5349 33.0857 17.0267 14.6782 18.2883 19.9843 9.50065 30.4422 21.7513 27.2171 3.30727 18.3877 37.9494 21.6618 22.1807 25.5018 25.553 17.9755 33.2352 12.1958 14.7673 34.2241 28.3742 25.417 28.5955 19.2862 23.9876 18.3572 10.7374 18.3066 31.834 37.2045 6.63356 24.3039 24.9734 23.2199 16.9211 20.068 29.8159 25.0264 11.4877 21.3679 22.0566 18.3561 37.499 24.4938 27.9091 32.2268 3.34872 25.2567 29.2589 17.9578 16.8636 15.5945 16.9533 34.8627 13.7743 12.6933 20.8716 34.2379 26.5178 11.4307 35.0048 23.0336 17.8515 12.4879 12.058 25.0921 26.443 11.3313 26.7535 19.5319 25.087 11.023 22.508 19.6545 28.2158 16.8304 17.9276 22.7272 0 24.5579 14.3018 16.821 19.3018 16.6199 15.458 20.4514 27.2577 40.1951 
23.4178 38.791 38.0199 15.5445 46.1776 31.5978 45.0472 41.9636 22.0122 3.41717 18.0091 31.7825 21.1369 15.862 22.679 42.2122 8.01265 34.0556 23.802 8.92295 49.0738 21.3995 42.4736 56.4859 16.7204 45.2006 15.622 10.5478 16.8938 32.2131 20.0343 23.3573 52.099 14.9773 8.36891 38.3159 36.9713 3.52156 32.1583 16.1596 7.44483 45.8418 54.6946 29.1704 22.1675 43.052 5.35047 29.363 41.3305 50.6549 7.28372 35.4718 12.3019 34.3034 40.5071 32.9903 30.3703 46.503 25.6141 26.7164 17.2128 39.6638 11.8046 39.6372 37.63 33.6427 21.2719 16.1691 21.7276 44.1626 53.7005 43.7968 14.882 35.5786 6.54504 36.9225 20.4519 36.5557 40.8631 36.3093 35.2471 41.6651 38.8752 9.57454 14.8539 43.8005 38.1666 40.5111 41.1325 21.4279 16.3906 24.5579 0 32.1968 37.7813 43.5966 13.0095 31.8082 21.9304 11.5675 35.3281 
39.704 13.0957 40.6642 17.3072 34.4812 23.7931 44.1002 27.4721 13.6017 35.5717 22.9218 24.9798 45.9101 30.1938 10.8581 14.4889 30.6717 14.6229 44.0879 32.8447 34.4747 16.4278 22.9291 47.2817 34.8561 28.4966 38.1422 28.1359 31.3638 47.4958 26.2158 10.2747 44.3242 40.4872 36.0587 42.262 5.2249 33.0752 31.896 16.1856 28.3062 44.0936 47.3134 18.7029 38.2095 35.9129 33.0234 30.8764 9.65449 37.919 29.2904 10.9942 23.327 35.6229 9.80588 51.6111 38.7535 38.1532 45.9579 16.4011 38.2679 42.7512 29.9395 24.8312 7.5977 2.7168 47.4103 16.2673 10.8579 26.9299 43.1577 37.7436 17.4925 49.3066 33.2772 29.2653 12.017 16.6744 37.2233 40.1961 10.6951 39.0784 30.4546 28.1797 17.6863 11.9445 6.08812 41.3038 15.2535 14.2384 35.7822 14.3018 32.1968 0 26.9868 16.9466 28.9356 28.6128 34.5192 29.4092 54.3226 
26.9954 17.2919 16.8831 26.0215 8.83381 6.19785 17.8427 4.87156 20.1077 40.628 19.774 6.06479 37.4497 24.1473 31.1947 19.9262 30.8919 12.5193 32.4096 31.6897 11.2925 18.4575 9.78404 21.1683 27.219 8.46757 31.6645 41.4234 24.0721 30.2999 18.375 31.1744 17.6441 35.1992 35.2985 18.7923 30.4178 35.9818 10.6656 27.1924 30.4305 17.5955 20.6518 10.1956 26.2582 8.93206 34.5645 12.3174 26.9848 13.2201 40.2706 17.0113 37.6728 13.101 24.4709 35.738 20.0901 11.3356 33.5121 13.4812 30.478 18.6186 27.4135 4.30484 23.1359 29.5698 39.7149 30.4604 29.3282 8.17354 17.4174 10.799 27.6115 30.3351 33.88 3.39392 29.2524 11.2776 10.9625 17.4085 17.2129 12.9139 3.63117 40.8079 27.0743 28.5739 29.9424 16.2626 17.3406 34.6406 28.4191 16.821 37.7813 26.9868 0 18.6474 25.8753 7.92691 22.4872 43.1739 38.0107 
42.0036 4.84367 35.4649 28.2402 22.603 19.8089 36.0777 16.1271 21.5848 46.9678 28.2429 20.8534 51.0403 35.3088 26.6234 2.59991 39.2568 10.3677 47.2742 40.9414 20.8869 22.604 9.74205 34.4323 39.6469 15.1624 43.8707 42.6018 35.9394 47.404 29.5579 26.2015 32.6018 47.033 44.6475 37.3573 17.1929 43.2573 28.1377 28.1654 37.6043 35.6354 35.3461 17.4359 40.8412 26.4024 42.5217 28.6833 10.8448 24.686 42.8913 8.18155 37.8849 31.2742 8.62859 52.5309 37.2706 27.3284 48.7866 18.1672 43.2819 37.2523 36.9702 14.5998 9.52429 18.3777 53.0401 29.9623 25.7471 13.7754 30.2062 28.3618 29.2668 48.0516 42.3234 21.9779 26.4964 8.91971 29.4159 35.8192 8.43629 31.3508 22.0939 42.3866 29.0947 11.3668 15.9722 34.9 2.47358 30.3671 40.817 19.3018 43.5966 16.9466 18.6474 0 35.5335 24.6722 36.7558 44.1298 55.0317 
12.9986 31.084 25.1304 12.678 33.8326 19.891 32.0693 30.417 15.6386 15.2537 7.29605 19.8147 16.9759 3.06471 23.039 34.786 5.1974 25.2283 15.9407 5.84492 37.0616 13.426 32.143 43.6057 6.47129 33.8687 9.20656 20.6637 4.39864 22.1233 7.51463 23.5803 39.1865 11.7862 9.55027 25.5569 34.1579 10.4397 19.2152 14.4935 5.88916 32.8462 41.7361 18.8506 11.4539 30.279 8.81447 16.4074 36.3771 38.2746 18.1398 28.0483 19.3284 21.2959 34.8579 24.653 17.8993 33.7405 17.9192 17.3853 9.46447 26.8549 1.5518 28.4065 32.0267 31.173 18.5144 17.1151 21.1954 33.0451 40.9728 30.9155 13.4907 25.0596 8.02852 24.5338 20.0456 27.2688 27.9006 23.4805 27.9119 28.6625 26.4592 19.7354 12.9268 38.8659 34.923 27.5538 33.1007 23.9425 7.11415 16.6199 13.0095 28.9356 25.8753 35.5335 0 19.1841 9.67823 22.2536 27.3227 
19.0702 22.0725 12.0703 22.5189 14.7315 5.15505 16.1974 12.7901 18.1663 34.3632 14.3232 3.96312 29.5517 17.0256 29.9701 25.3514 24.3616 15.9731 24.4874 24.8225 18.2689 15.6289 17.0864 24.8286 19.6058 16.3776 24.0067 36.9946 16.7221 22.9029 11.788 30.1234 20.5664 27.5593 28.2709 13.7403 32.9377 29.5839 3.54241 24.079 24.3637 16.497 23.3492 9.91581 18.3382 11.2934 27.9985 4.41406 31.0981 19.1298 35.3485 20.6618 33.8509 7.11963 28.7279 28.2154 12.6756 14.7202 25.6186 12.482 22.7272 14.1452 20.6594 11.8421 26.759 31.3265 31.8293 27.5745 27.912 16.0825 21.8939 12.2735 24.1378 23.3815 27.1827 5.54493 27.4906 16.0434 10.0047 11.7967 20.7589 11.4684 7.37598 36.2566 23.5106 33.0778 32.8291 12.8003 22.8639 32.931 20.7843 15.458 31.8082 28.6128 7.92691 24.6722 19.1841 0 14.6206 38.7435 30.6017 
5.34946 33.0134 16.4127 20.727 28.84 17.7571 23.6823 27.3576 21.0201 23.4688 11.8716 17.0989 14.978 6.63997 30.9232 36.6907 13.9606 26.6052 10.5189 13.2167 32.6826 18.1024 30.9131 36.6244 5.84754 30.9546 9.78526 30.3221 5.2856 13.331 8.30441 31.366 32.1306 13.2959 15.751 16.4857 39.6382 18.791 12.9582 22.6529 15.4292 24.6065 34.3609 19.3685 4.08547 24.1359 16.9063 10.4536 40.263 33.0058 27.7091 30.544 28.9297 13.6298 38.3063 17.0919 8.44031 27.4924 12.0745 19.5468 8.2775 17.8831 10.3861 26.0894 35.7222 37.0573 17.2293 25.7655 28.8987 30.5481 34.6316 24.2584 21.924 15.8446 15.7944 20.0741 27.9203 27.864 20.8517 14.5952 30.5049 21.123 21.7455 29.3841 21.2805 42.618 40.0862 19.1016 34.5361 32.4951 6.8106 20.4514 21.9304 34.5192 22.4872 36.7558 9.67823 14.6206 0 31.8892 19.8044 
34.2785 39.344 47.0326 17.3193 51.9736 37.1087 53.6139 46.618 24.0093 12.8679 24.4641 37.6336 32.6935 25.3182 18.57 42.2093 18.3067 36.1733 35.2161 19.8939 54.1703 24.8641 45.5404 63.468 27.3802 49.4022 26.9843 1.75573 26.6103 43.3048 27.7183 19.185 59.2902 26.5435 19.929 47.638 33.2046 15.0219 39.9608 16.5817 16.4697 54.2579 62.0927 33.34 32.8992 49.9315 16.6957 37.3253 39.0634 56.3933 4.37003 36.0732 6.24789 42.7276 38.9498 44.4395 40.1475 53.2645 37.0724 30.2631 28.4618 48.8714 21.5303 43.9852 36.2997 29.9596 32.7384 14.1925 18.7375 48.1213 60.2068 51.0165 15.8298 46.5628 17.8479 43.153 17.7834 38.8991 48.5245 45.4974 35.7887 49.6474 45.0719 2.54306 16.2727 41.3217 34.6565 49.244 41.8138 15.6401 27.2858 27.2577 11.5675 29.4092 43.1739 44.1298 22.2536 38.7435 31.8892 0 46.8271 
14.7376 51.8283 23.2993 39.8003 41.1009 35.234 28.8222 42.5416 40.8123 35.0438 31.5787 34.2339 15.0113 24.9913 50.1782 55.3759 29.1395 45.4054 11.7196 27.1699 45.3901 37.9063 47.6213 43.424 20.8708 45.886 19.9174 45.6127 23.6113 7.7145 28.1068 50.6768 39.4603 20.4958 26.9862 21.6982 59.4314 31.8253 27.3918 41.6832 31.577 30.0129 40.3994 38.228 16.2927 35.2261 30.1344 26.3852 59.7426 44.155 42.4666 49.6965 45.7223 25.1646 57.6626 2.72178 17.956 37.6381 9.78871 38.9897 18.6398 22.8424 27.1236 42.2337 55.1991 56.8604 16.1312 44.4359 48.2355 46.0071 43.3297 34.2423 40.7611 8.52814 28.9956 34.7845 47.1617 46.1662 30.8979 21.837 49.6977 29.852 35.7521 44.6173 40.1693 62.0263 59.8492 25.7221 53.0257 51.2639 20.4383 40.1951 35.3281 54.3226 38.0107 55.0317 27.3227 30.6017 19.8044 46.8271 0 
