20
4.72766 22.9681 1.49135 1
8.0838 22.0848 1.00333 0
6.08721 7.27456 1.31754 0
10.6233 13.6847 1.18121 0
17.4205 22.2558 1.84829 0
16.9709 17.6276 0.516975 0
17.4915 21.4254 1.28489 0
12.0073 15.562 8.37322 0
3.63064 10.8404 1.7582 0
3.18381 7.26949 1.3118 0
3.59313 15.0967 11.7067 0
13.4632 14.5166 1.00951 0
2.60979 13.2027 0.78198 0
2.00364 9.6748 1.83438 0
6.36939 15.0549 1.32746 0
5.67623 17.6316 1.03496 0
5.18718 9.2108 1.75373 0
0.165425 10.045 2.06901 1
5.85892 17.8703 1.9759 0
18.2303 18.5405 27.5778 0
400 50 500
0.025 0.0125 10000 3000 15 1e+06 300000 2 2
0 2.63601 9.15887 7.58055 5.98417 2.46531 4.05389 3.3092 8.34826 2.65048 10.1317 4.12662 9.60301 4.71609 2.08857 7.91235 8.68878 4.08372 1.77426 7.90303 8.68856 
2.63601 0 6.59026 5.58191 4.25403 4.11105 3.89935 1.28107 5.79887 0.381894 7.92569 1.49097 7.21922 2.8411 0.812362 5.66296 6.46853 2.75543 1.33782 5.31225 6.39389 
9.15887 6.59026 0 3.64024 4.74929 10.554 7.70453 5.93238 0.832425 6.51252 3.14741 5.15441 1.80301 5.04087 7.07599 2.55385 2.61846 6.03048 7.47352 1.30096 2.20841 
7.58055 5.58191 3.64024 0 1.69702 9.62292 4.77885 4.40658 3.06056 5.30952 2.6558 4.70014 2.69791 2.87079 5.64663 1.08639 1.40516 3.58585 5.82031 3.36494 1.66803 
5.98417 4.25403 4.74929 1.69702 0 8.14419 3.12681 2.99174 3.99752 3.93034 4.35259 3.73199 4.25048 1.41296 4.16131 2.4461 3.03741 1.92146 4.25777 4.03291 3.20575 
2.46531 4.11105 10.554 9.62292 8.14419 0 6.513 5.21633 9.80202 4.33062 12.0326 5.4189 11.3182 6.77656 3.98787 9.77098 10.5748 6.32865 3.92183 9.25412 10.5049 
4.05389 3.89935 7.70453 4.77885 3.12681 6.513 0 2.97104 6.89782 3.53033 7.41147 4.51167 7.37588 2.75738 3.24956 5.56572 6.15647 1.80562 2.92979 6.76096 6.33224 
3.3092 1.28107 5.93238 4.40658 2.99174 5.21633 2.97104 0 5.1068 0.939459 6.86538 1.55914 6.29394 1.58462 1.25726 4.6227 5.41192 1.52585 1.55648 4.72842 5.38993 
8.34826 5.79887 0.832425 3.06056 3.99752 9.80202 6.89782 5.1068 0 5.70694 3.20328 4.38655 1.93667 4.21574 6.26229 2.00152 2.30201 5.207 6.65186 0.669558 1.9075 
2.65048 0.381894 6.51252 5.30952 3.93034 4.33062 3.53033 0.939459 5.70694 0 7.70676 1.54168 7.05135 2.52064 0.620578 5.44818 6.249 2.38085 1.13361 5.25265 6.19485 
10.1317 7.92569 3.14741 2.6558 4.35259 12.0326 7.41147 6.86538 3.20328 7.70676 0 6.7857 1.3444 5.42767 8.12262 2.26297 1.45788 6.22113 8.35813 3.8447 1.58362 
4.12662 1.49097 5.15441 4.70014 3.73199 5.4189 4.51167 1.55914 4.38655 1.54168 6.7857 0 5.94185 2.45117 2.16219 4.54659 5.35133 2.89564 2.66585 3.86208 5.21212 
9.60301 7.21922 1.80301 2.69791 4.25048 11.3182 7.37588 6.29394 1.93667 7.05135 1.3444 5.94185 0 5.03088 7.53416 1.81574 1.31268 5.94014 7.83951 2.60147 1.04722 
4.71609 2.8411 5.04087 2.87079 1.41296 6.77656 2.75738 1.58462 4.21574 2.52064 5.42767 2.45117 5.03088 0 2.7894 3.25614 4.00129 0.993121 2.95053 4.0208 4.04831 
2.08857 0.812362 7.07599 5.64663 4.16131 3.98787 3.24956 1.25726 6.26229 0.620578 8.12262 2.16219 7.53416 2.7894 0 5.87879 6.66908 2.42135 0.528559 5.83002 6.64309 
7.91235 5.66296 2.55385 1.08639 2.4461 9.77098 5.56572 4.6227 2.00152 5.44818 2.26297 4.54659 1.81574 3.25614 5.87879 0 0.808476 4.13681 6.13872 2.38311 0.793928 
8.68878 6.46853 2.61846 1.40516 3.03741 10.5748 6.15647 5.41192 2.30201 6.249 1.45788 5.35133 1.31268 4.00129 6.66908 0.808476 0 4.83746 6.91454 2.83092 0.410868 
4.08372 2.75543 6.03048 3.58585 1.92146 6.32865 1.80562 1.52585 5.207 2.38085 6.22113 2.89564 5.94014 0.993121 2.42135 4.13681 4.83746 0 2.40727 5.01086 4.92987 
1.77426 1.33782 7.47352 5.82031 4.25777 3.92183 2.92979 1.55648 6.65186 1.13361 8.35813 2.66585 7.83951 2.95053 0.528559 6.13872 6.91454 2.40727 0 6.24813 6.91642 
7.90303 5.31225 1.30096 3.36494 4.03291 9.25412 6.76096 4.72842 0.669558 5.25265 3.8447 3.86208 2.60147 4.0208 5.83002 2.38311 2.83092 5.01086 6.24813 0 2.46109 
8.68856 6.39389 2.20841 1.66803 3.20575 10.5049 6.33224 5.38993 1.9075 6.19485 1.58362 5.21212 1.04722 4.04831 6.64309 0.793928 0.410868 4.92987 6.91642 2.46109 0 
