100
4.83651 17.3212 2.14047 0
18.5221 18.8495 1.3601 0
13.5049 17.4534 1.66128 0
1.23187 18.9408 0.607829 1
0.950352 20.1874 1.39852 0
14.1274 14.8002 0.321817 0
16.4165 19.392 1.70213 0
1.72251 10.8223 0.962821 1
11.448 21.704 1.57183 0
17.3438 22.2065 1.45413 0
11.2795 13.3268 0.535102 0
17.6102 20.3678 0.663563 0
2.69746 21.6745 1.36044 1
15.7308 16.7933 0.310966 0
6.00906 10.3854 0.433224 0
3.91405 14.37 1.48701 0
2.24253 19.279 0.328436 0
18.8163 22.1555 1.18452 1
7.54141 17.0757 2.08765 1
0.155194 7.42757 0.749533 0
5.46891 15.7743 28.7366 0
14.9266 16.3093 14.803 0
15.5782 19.0604 1.37619 0
7.0206 14.7144 0.888487 0
1.77278 11.8953 0.488434 0
0.964397 5.25501 0.538324 0
18.1966 22.0188 1.43364 0
0.594329 4.41448 1.44245 1
17.7137 22.4612 1.22204 0
11.1903 18.4651 1.88895 0
5.33563 7.27658 18.1958 0
16.6661 18.7782 1.3719 0
8.92929 13.6159 23.3596 0
2.86373 6.16404 1.39181 1
5.08882 8.88834 1.80122 0
8.51271 18.4101 1.04524 0
15.5735 18.7145 1.6564 1
14.1472 21.1836 1.78986 0
12.3171 16.6704 1.3768 0
13.7188 15.7906 1.31396 0
7.92922 13.3688 1.90721 0
6.858 18.8879 1.33938 0
1.0786 23.3104 22.8255 1
5.31524 8.41409 1.79221 0
16.6566 18.8738 2.18448 0
1.34026 15.7368 0.572007 1
2.05956 16.0399 2.0834 0
4.2493 15.7954 2.18654 0
13.7894 18.8285 1.58432 0
8.37507 15.7942 27.3741 1
2.6479 9.6361 1.02527 0
9.29387 11.9279 0.43082 0
18.9892 21.2809 0.204491 0
11.4349 12.1279 1.00236 0
2.51452 22.6306 1.30953 1
14.6745 22.4927 0.447059 0
3.29288 11.2513 1.01288 1
6.67783 10.8233 0.990097 1
9.90088 20.5167 23.9616 0
9.79198 9.88352 0.250272 0
4.14519 17.3489 1.42147 1
0.97014 4.50597 0.791556 0
12.4506 23.1691 0.636877 0
1.72871 18.972 0.831765 1
4.45495 7.41405 1.33528 0
6.79902 10.1358 0.750238 0
9.582 13.8702 0.20536 0
2.86939 7.83297 24.4702 1
17.05 18.8071 0.410703 0
15.2926 19.6889 0.548143 0
13.2512 18.4144 0.496695 1
11.5908 17.9905 1.30543 0
4.07119 4.35412 1.46754 0
6.15491 17.7215 1.64741 1
5.89201 20.3038 1.48624 0
3.31519 12.9475 15.089 1
12.8869 17.4657 1.30651 0
14.8707 16.1794 0.360696 0
7.69701 23.7701 6.68944 0
12.1381 23.0469 1.93455 0
16.8667 17.5272 1.53134 0
13.3997 15.4063 12.1056 0
15.7165 16.7772 0.272678 0
2.8099 17.2156 11.2157 1
12.5883 14.9296 0.880833 1
17.5385 18.9334 1.07037 0
8.3964 15.716 0.531158 0
13.1628 20.6878 1.50392 0
13.0899 21.3025 19.7399 0
4.3551 18.016 2.21974 1
0.838306 18.126 0.792954 0
15.2539 20.3429 1.39995 0
6.74968 22.891 1.02817 1
6.58102 7.89732 0.722464 0
15.6667 22.6831 1.06054 0
6.44431 16.2485 2.16257 0
2.37132 22.0527 1.80312 0
10.3337 23.9352 0.479094 0
5.02543 17.7976 2.13785 0
8.42191 15.3832 29.0292 1
400 50 500
0.025 0.0125 10000 3000 15 1e+06 300000 6 9
0 10.3069 23.1779 12.4118 32.6163 50.4465 16.9066 9.21553 23.7978 10.384 36.3289 56.5074 27.214 51.0599 32.0855 30.6049 34.4215 43.8424 47.4141 44.6488 26.2145 51.7596 35.341 48.2306 9.83913 32.1524 19.7787 53.1502 41.0788 50.529 55.991 20.6035 21.6411 22.9657 29.9078 7.69499 38.3692 17.7525 22.8681 60.7207 26.3309 19.2361 36.5935 14.3755 31.9331 41.6444 41.5534 53.0289 39.9347 55.7009 42.1352 30.6091 39.2677 51.7111 45.9406 55.9816 50.9961 35.0223 48.4961 56.8255 45.7165 30.1348 41.8127 37.2298 45.2503 31.4262 54.141 31.2344 25.5797 35.8861 23.0598 12.8364 36.3118 28.9927 19.3372 6.86442 52.6401 17.1962 18.8365 37.3448 4.04577 45.0542 26.5804 16.4948 23.4623 22.204 51.5225 9.24036 54.8342 22.4381 26.2092 12.1829 26.4893 48.709 54.1061 36.1174 52.7932 12.2423 19.5339 45.4774 45.0289 
10.3069 0 19.3134 10.9577 22.5173 43.2152 6.6404 1.34893 23.7358 13.1034 30.9613 46.2096 23.6034 40.7575 21.8277 20.3148 25.2706 34.3072 41.2805 35.6633 23.1884 46.3206 34.254 39.5817 15.031 24.5806 10.8975 43.0633 32.6125 42.8546 51.6157 13.7428 28.3151 13.9969 32.5119 17.1058 28.0689 7.74001 27.7258 55.4988 18.0297 11.472 32.9039 5.02852 23.0508 35.829 32.144 42.7416 29.8441 50.9052 31.8723 24.5097 29.0583 44.3794 35.6691 51.6383 45.7876 25.7027 38.2656 46.5437 38.6985 31.6772 32.4468 26.9656 36.3001 22.502 44.5407 25.982 18.1344 26.4331 12.9536 18.1638 31.0159 20.164 12.8481 3.68592 42.3338 12.139 21.219 31.7564 7.01669 36.8681 16.795 11.3318 13.5204 26.8934 42.9237 3.43151 44.529 27.949 19.9802 9.33746 17.1298 38.4683 43.8008 27.8884 42.7364 19.9498 12.2359 35.2652 40.2526 
23.1779 19.3134 0 10.7724 31.0462 57.8986 18.553 20.2426 43.0256 14.2178 48.443 48.2769 42.4219 43.087 28.7405 26.9445 37.5298 44.0178 57.5359 47.1431 42.2068 63.1276 53.5021 51.6506 32.1988 12.8744 26.9549 48.6533 45.7218 56.8044 69.2155 7.70556 44.7936 13.1624 51.3957 30.5626 32.3679 16.9272 45.5249 72.2739 33.3951 10.2483 51.3897 15.6656 36.3807 52.6696 42.6035 42.9895 37.0033 68.1794 36.6024 8.77407 35.1155 58.8413 39.6693 69.2622 62.8303 37.3705 37.7368 49.1443 53.9478 50.822 43.0301 28.97 47.8232 16.4615 53.007 43.8214 34.6894 37.5228 24.4937 35.429 48.5524 14.7059 7.57915 19.1173 44.1029 31.0827 39.973 49.0113 23.1023 50.2175 28.6544 30.3092 17.4777 44.7758 54.8806 22.5841 45.514 45.3355 6.10474 28.6255 30.3838 42.7239 44.8634 41.9859 48.6158 35.42 9.1091 40.342 57.8319 
12.4118 10.9577 10.7724 0 29.8776 53.5773 13.8106 11.3833 33.6167 4.75135 41.8895 51.2203 34.4579 45.7684 28.319 26.5391 34.4845 42.6574 52.0388 44.7917 33.9411 57.1936 44.6497 49.0038 21.6555 21.0063 21.1559 49.7239 42.3288 52.9847 62.5708 9.95482 34.0446 14.5261 41.2808 19.8166 33.5966 13.1608 34.9663 66.3823 28.2799 9.9556 43.8185 9.94888 32.6466 46.6802 40.77 46.7442 36.879 61.8404 37.7922 18.5969 35.5212 54.6825 41.363 62.5941 56.6922 34.6753 41.7299 51.8271 49.1938 40.995 41.1336 31.2306 45.4571 21.886 52.5429 36.9316 28.7831 35.1749 21.1153 24.8506 41.9498 19.5096 8.60839 9.3102 47.1036 23.0262 29.8783 42.659 12.726 46.7325 25.4505 22.2141 17.1617 34.2449 52.3446 13.5637 48.9548 34.6898 14.4419 19.5056 26.4667 44.3737 48.2486 37.8909 49.5268 24.6531 9.602 41.4774 51.2013 
32.6163 22.5173 31.0462 29.8776 0 28.3658 16.5508 23.4475 32.2237 33.906 24.8554 24.5208 25.4585 19.3105 2.8398 4.29616 8.13228 13.0339 29.994 16.2079 26.5154 36.0321 37.0794 20.7789 33.56 25.1067 13.9276 20.5496 15.7366 26.7165 43.2814 23.5321 45.1613 17.884 42.5645 38.3418 7.50332 16.7593 42.2592 44.5575 11.7502 21.4768 30.3965 20.2598 8.92732 26.7872 11.5678 22.3942 7.32783 41.6083 10.0426 29.2621 6.87306 29.06 13.808 43.381 36.2 7.38157 19.2575 24.6162 25.3284 40.1481 12.0023 9.65858 16.8839 19.009 22.6691 22.5397 14.5605 7.01311 9.57102 35.7356 25.0858 18.7816 24.1382 26.1989 21.0611 20.8701 34.3682 24.7224 28.8171 20.0546 6.53262 20.8566 13.641 41.3826 23.9256 23.5592 23.5215 43.3219 26.7486 24.3186 7.99537 16.3059 22.8109 13.6854 20.2193 39.331 22.4756 12.9898 32.9068 
50.4465 43.2152 57.8986 53.5773 28.3658 0 40.122 43.3802 34.1979 56.3176 16.0636 36.0983 25.9066 34.3872 31.1791 32.6067 20.6441 18.7549 6.8394 13.8277 27.5147 10.8105 29.2055 10.2582 45.5802 53.4614 32.454 27.3339 12.6291 2.90684 18.3063 50.1952 51.1416 45.1451 40.8821 52.6106 32.0037 41.3579 46.1886 17.0792 25.3011 47.6957 20.4455 43.8256 21.5183 11.0978 18.294 39.0651 26.1686 15.9724 30.0542 57.4275 28.5513 1.38135 30.821 18.4669 11.847 21.0922 39.7333 35.0021 4.81015 37.6042 17.8401 36.0594 13.3554 47.3737 20.152 20.3537 25.1554 21.3541 33.435 45.7904 16.2328 47.0724 50.4233 46.3426 35.8196 33.2856 40.1346 14.8109 46.5084 8.48379 29.2482 33.9611 40.7229 45.5777 9.79187 42.0123 37.9809 47.9389 54.4867 38.3855 27.577 30.1413 37.6306 15.9241 26.6016 50.4618 48.8205 28.6598 13.797 
16.9066 6.6404 18.553 13.8106 16.5508 40.122 0 7.87853 26.7761 17.4687 29.8904 39.7062 24.4079 34.2381 15.5055 13.8935 20.6759 29.0035 39.1854 30.986 24.4459 44.6661 36.0729 35.1959 20.9405 20.1621 8.40386 36.9565 28.5766 39.3637 50.6644 11.2893 34.0769 8.9382 36.4488 23.7056 21.5741 1.94078 32.8385 53.8395 15.0362 8.57419 33.0345 3.86637 18.9062 34.1729 27.0332 36.1223 23.8046 49.6526 25.4877 21.3809 22.8044 41.1723 29.2542 50.7104 44.3269 20.8699 31.6253 40.0879 35.906 35.1102 27.3845 20.3306 31.6501 16.922 39.0521 25.313 16.1472 21.3974 7.34047 23.8877 30.0011 14.7762 11.0208 10.1011 35.7854 13.6774 25.6583 30.4627 13.6257 33.012 11.6468 13.025 7.16563 31.9705 38.5354 9.07738 37.9466 33.3055 17.1421 13.3058 12.7114 32.1166 37.2191 24.2782 36.6748 26.2129 9.68231 28.9786 39.2788 
9.21553 1.34893 20.2426 11.3833 23.4475 43.3802 7.87853 0 22.7862 13.0482 30.7514 47.3022 23.0746 41.8614 22.87 21.3974 25.8466 35.0188 41.2373 36.2139 22.5751 46.172 33.4748 40.0513 13.6926 25.8761 11.2997 43.9956 33.0238 43.1088 51.3131 14.936 26.9779 15.3412 31.3842 15.8294 29.1694 9.0604 26.4481 55.3324 18.3372 12.7305 32.4463 6.36188 23.5421 35.7145 32.8125 43.9172 30.7738 50.6645 32.9197 25.6957 30.0603 44.5665 36.7254 51.3311 45.6007 26.3313 39.4837 47.6118 38.8117 30.6298 33.1022 28.168 36.8422 23.8498 45.2824 25.7246 18.2355 27.1061 13.8778 16.8362 30.7944 21.5095 13.9931 3.01642 43.4539 11.6547 20.0476 31.5872 5.74731 37.2225 17.5675 10.8419 14.8356 25.6209 43.3858 2.34151 45.6713 26.6451 21.1578 8.39696 17.7433 39.4956 44.9428 28.2286 43.6537 18.6031 13.4575 36.2702 39.9834 
23.7978 23.7358 43.0256 33.6167 32.2237 34.1979 26.7761 22.7862 0 33.5367 18.135 55.3331 8.75851 50.6982 33.7262 33.365 28.075 36.9955 28.9435 35.0598 7.11016 31.5351 11.5714 36.704 14.8752 46.9356 20.5612 48.8057 30.2178 35.4861 33.9814 37.181 16.9466 35.7016 10.3815 21.8507 39.7262 28.7073 12.1417 39.6401 20.5547 34.6504 15.1711 28.0346 25.3942 23.3164 34.5127 54.3453 37.6619 34.2426 41.7132 47.839 38.4737 35.5792 45.1217 33.9341 30.4413 29.232 51.4812 55.0321 29.5582 8.41118 34.502 41.1444 35.4049 43.2027 46.1258 14.4712 17.8116 30.4724 26.4438 13.4426 17.9658 41.2883 36.4411 24.3181 52.5152 13.2661 6.47222 19.3883 21.3479 32.4243 26.3279 13.8195 33.0247 11.4587 39.3454 20.4456 55.0773 13.8167 43.3946 14.4025 24.3275 46.8862 54.4073 25.7501 48.1955 17.8704 35.588 43.6469 24.2805 
10.384 13.1034 14.2178 4.75135 33.906 56.3176 17.4687 13.0482 33.5367 0 43.7292 55.7899 35.5679 50.3246 32.532 30.7859 37.9204 46.4713 54.2854 48.3056 34.8448 59.1832 44.9135 52.3853 20.2044 25.4855 23.9326 54.0199 45.5336 55.9246 64.1477 14.6731 31.6324 19.2341 40.2471 16.9126 38.0282 17.1636 33.2155 68.3267 31.0943 14.6797 45.0313 13.661 35.8869 48.7479 44.4771 51.407 41.0389 63.587 42.1829 22.6331 39.7976 57.4778 45.8073 64.158 58.5833 38.2169 46.4223 56.3631 51.7987 40.3377 44.8192 35.8148 48.9598 26.6221 56.5024 38.668 31.2265 38.8114 24.7953 23.2186 43.7619 24.2539 13.3347 10.2598 51.6921 24.4207 29.0483 44.5946 12.1957 49.8544 29.0384 23.6175 21.6442 32.5681 55.733 14.8102 53.5839 32.7066 18.737 20.1911 29.7927 48.7946 52.8741 40.9056 53.7945 22.183 14.3528 45.8327 52.8831 
36.3289 30.9613 48.443 41.8895 24.8554 16.0636 29.8904 30.7514 18.135 43.7292 0 42.7825 10.006 39.1883 27.4335 28.0954 17.3581 23.111 11.308 19.6095 11.5519 15.4896 15.032 19.8774 30.1991 47.4251 21.4882 34.901 14.8261 17.4389 20.7987 41.0629 35.0804 37.1567 25.4456 37.385 31.4093 31.5713 30.1619 24.5992 15.6004 38.3611 6.28857 33.0208 15.9289 5.45622 21.0206 43.5532 27.0675 19.9524 31.601 50.2222 28.8158 17.4449 34.0905 20.8384 14.8542 18.4973 42.2168 42.1151 11.4503 22.2155 20.8066 34.439 19.729 42.0308 30.3225 5.1051 13.8045 19.5615 24.9962 30.063 0.273393 40.937 40.9012 33.4705 40.9495 19.3945 24.1239 1.25386 32.6426 15.4591 21.9829 20.1774 33.0691 29.5347 22.018 28.9254 43.48 31.897 46.4567 24.1747 19.6419 34.8797 42.9192 12.3362 34.1977 34.7435 39.4953 32.1397 9.39584 
56.5074 46.2096 48.2769 51.2203 24.5208 36.0983 39.7062 47.3022 55.3331 55.7899 42.7825 0 47.3974 5.48305 24.4886 25.9049 27.3005 19.6895 41.5563 23.8194 48.7872 46.7958 57.4355 25.975 58.0807 37.0491 38.4483 8.77077 28.1296 33.2427 54.3938 42.3919 69.4703 36.8759 65.3325 62.6836 18.1416 39.2397 66.2329 52.5276 35.1011 41.4214 49.0685 42.8832 29.94 41.7261 21.7897 6.17396 17.8384 52.0703 14.5199 42.4242 17.6497 35.7969 10.7168 54.5515 47.6636 26.1217 11.0706 1.45756 36.3848 62.5481 21.9816 19.9905 23.9556 31.9197 16.5991 42.853 37.674 24.8781 33.68 60.2242 43.0555 33.5743 43.4927 49.7905 4.1784 45.1962 58.3778 42.0353 52.9081 29.3426 31.0465 45.2558 34.1661 65.3742 26.5593 47.7509 3.44674 67.4272 42.4114 48.8374 32.2191 8.46436 3.81706 30.7961 9.49886 63.8504 42.0468 11.7751 47.3943 
27.214 23.6034 42.4219 34.4579 25.4585 25.9066 24.4079 23.0746 8.75851 35.5679 10.006 47.3974 0 43.0146 27.4045 27.4173 20.1314 28.5735 21.2643 26.3814 1.66198 24.832 12.1064 27.9455 20.3217 43.8844 16.5456 40.4885 21.5103 26.9798 28.7867 35.6191 25.5078 32.8439 17.9932 27.5467 32.8701 26.302 20.8746 33.606 13.8185 32.9245 9.46899 26.7683 17.6366 15.4367 26.1308 46.9132 30.0445 28.5037 34.3206 45.7319 31.1535 27.2824 37.51 28.7809 23.9534 21.3306 44.5104 46.9967 21.1653 15.1508 26.0815 34.8937 26.7052 39.2971 37.4555 5.75005 11.0305 22.5714 21.7557 20.0612 9.89498 37.7162 35.17 25.4381 44.8333 11.4657 14.2512 11.2188 23.8173 23.6728 20.3749 12.2716 29.3798 20.1626 30.6048 20.9487 47.409 22.5066 41.5489 15.412 18.0858 39.022 46.7653 17.193 39.8537 24.7405 33.9953 35.8788 17.8801 
51.0599 40.7575 43.087 45.7684 19.3105 34.3872 34.2381 41.8614 50.6982 50.3246 39.1883 5.48305 43.0146 0 19.1 20.4704 22.8987 16.5317 39.2395 21.1725 44.3363 44.7966 53.5095 24.1298 52.8296 32.2244 33.216 8.56407 24.9563 31.6496 52.4775 37.0337 64.4231 31.4686 60.8301 57.3034 12.6919 33.758 61.3374 51.2662 30.2699 35.9993 45.4299 37.4009 25.4021 38.714 18.2616 4.67988 13.0366 50.253 9.2686 37.5741 12.4893 34.2898 5.59612 52.6253 45.5347 21.6922 7.16151 6.09516 33.9795 58.1392 18.5391 14.5513 21.4477 26.8502 16.5106 38.7707 32.9245 20.4566 28.3063 55.0452 39.4585 28.386 38.1123 44.3279 1.81974 40.1227 53.458 38.5488 47.4866 26.8948 25.8414 40.1436 28.6929 60.4706 25.3793 42.3519 4.39444 62.4781 37.3018 43.6092 27.1487 4.38927 3.76388 26.943 9.07789 58.5867 36.6462 7.156 44.6147 
32.0855 21.8277 28.7405 28.319 2.8398 31.1791 15.5055 22.87 33.7262 32.532 27.4335 24.4886 27.4045 19.1 0 1.82338 10.955 15.2957 32.8244 18.8038 28.3573 38.8598 39.2138 23.3916 33.8664 22.3209 14.4184 21.5106 18.5515 29.4885 46.0868 21.3583 45.8993 15.6102 44.1045 38.2043 6.52403 15.4029 43.2762 47.3972 13.5867 19.4704 32.8312 19.0151 11.5552 29.5419 14.0723 21.6769 8.57648 44.4298 10.0497 26.5719 7.30682 31.8557 13.8579 46.1849 39.0159 10.2214 18.0123 24.751 28.1682 41.815 14.5227 7.4944 19.4735 16.1972 24.4828 24.8622 16.3877 9.82671 9.20802 36.2295 27.6569 16.0525 22.0626 25.4644 20.7632 21.7611 35.4082 27.3546 28.4303 22.8372 7.43143 21.6443 11.5575 42.3925 26.4772 23.2623 23.1063 44.2439 24.2169 24.7279 9.43364 16.6428 22.3814 16.4908 21.267 39.591 20.4122 13.4741 35.6399 
30.6049 20.3148 26.9445 26.5391 4.29616 32.6067 13.8935 21.3974 33.365 30.7859 28.0954 25.9049 27.4173 20.4704 1.82338 0 12.1544 17.0766 33.9916 20.4725 28.279 40.0071 39.3563 25.0523 32.7657 20.8552 13.5582 23.2358 19.9833 30.9993 47.1407 19.5412 45.0102 13.8028 43.7441 36.878 7.78373 13.6924 42.5609 48.648 13.6475 17.6473 33.2998 17.323 12.3984 30.4855 15.7809 22.7948 10.385 45.5439 11.5942 24.966 9.01339 33.3242 15.368 47.2337 40.1114 11.5394 18.8541 26.2297 29.4474 41.5553 16.2252 7.83291 21.1462 14.808 26.306 25.2377 16.3939 11.2776 8.00766 35.2227 28.3088 14.4945 20.2398 23.9219 22.0865 21.0528 34.7266 28.0926 27.0175 24.3328 7.09226 20.8736 9.73416 41.6745 28.1726 21.9079 24.3646 43.4677 22.4956 23.7182 9.33145 18.2249 23.6368 17.598 23.01 38.453 18.5891 15.1188 36.5291 
34.4215 25.2706 37.5298 34.4845 8.13228 20.6441 20.6759 25.8466 28.075 37.9204 17.3581 27.3005 20.1314 22.8987 10.955 12.1544 0 9.72242 21.8717 10.4012 21.4926 27.905 30.8129 14.52 32.9766 32.9422 14.6564 20.9118 8.19713 19.3095 35.1548 29.8363 42.9761 24.5878 38.0331 38.8603 14.0598 21.5583 39.311 36.4939 8.66614 27.4555 23.2839 24.5357 2.81165 18.7541 7.2706 26.9127 10.0421 33.4765 14.4926 36.7903 11.5321 21.4666 17.4413 35.2556 28.068 1.21333 25.024 26.9617 17.299 35.2753 7.46698 17.2941 11.0471 26.9536 19.9352 16.0079 10.7727 2.44222 13.4534 34.5252 17.6081 26.4935 30.1926 28.8399 24.7155 19.3648 31.5766 17.0503 30.395 12.6898 9.09237 19.669 20.1662 38.4763 17.8601 25.2104 27.2917 40.6326 33.8707 23.945 8.15169 18.8959 26.6564 5.57238 20.3499 38.6853 28.5517 15.7526 24.9106 
43.8424 34.3072 44.0178 42.6574 13.0339 18.7549 29.0035 35.0188 36.9955 46.4713 23.111 19.6895 28.5735 16.5317 15.2957 17.0766 9.72242 0 22.8796 4.93802 30.0902 28.6267 37.8929 9.03852 42.6988 36.951 24.0894 11.9698 8.47722 16.3312 36.3136 36.5541 52.4703 30.8641 46.545 48.5353 13.8564 29.4979 48.5993 35.8313 18.3856 34.5081 29.3995 32.8356 12.4978 22.205 2.51621 21.1309 7.9272 34.1941 11.3461 41.5689 10.3324 18.972 12.217 36.4522 29.2554 8.90603 21.1009 19.0045 17.6108 43.595 2.49463 18.076 5.40524 30.739 10.3026 23.5732 20.3608 7.96015 21.6811 44.2155 23.3843 31.0256 37.1722 37.9567 18.195 29.0819 40.9872 22.3468 39.8491 10.6205 17.536 29.3914 26.6698 47.7863 11.6388 34.6023 20.6395 49.9979 39.4703 33.6526 17.3532 12.1425 20.1413 11.4427 11.3096 48.4034 35.5096 10.058 28.0832 
47.4141 41.2805 57.5359 52.0388 29.994 6.8394 39.1854 41.2373 28.9435 54.2854 11.308 41.5563 21.2643 39.2395 32.8244 33.9916 21.8717 22.8796 0 18.076 22.753 6.04843 22.7515 15.6758 41.507 54.6068 31.0055 32.8934 15.097 9.47122 13.5654 49.9179 45.7506 45.3314 34.7332 48.6912 34.9027 40.6549 40.6406 14.821 24.1658 47.2944 14.3391 42.659 21.8671 5.85317 21.7514 43.8983 29.4108 11.6708 33.6826 58.1038 31.654 7.9969 35.0813 13.6901 6.42093 22.6443 43.9177 40.5679 5.27034 31.4601 21.3533 38.6827 17.794 48.7352 26.2794 16.2683 23.2662 23.255 33.181 41.3185 11.3902 48.0963 49.9625 44.0834 40.8025 30.2903 35.1682 10.1697 43.6317 12.3448 29.3612 31.0397 40.9851 40.0929 16.1166 39.5918 43.1128 42.4367 54.7647 35.2312 27.329 34.8792 42.6925 16.4017 32.1529 45.9942 48.4366 32.9297 6.95858 
44.6488 35.6633 47.1431 44.7917 16.2079 13.8277 30.986 36.2139 35.0598 48.3056 19.6095 23.8194 26.3814 21.1725 18.8038 20.4725 10.4012 4.93802 18.076 0 27.986 23.7418 34.6202 4.59058 42.4037 40.9625 24.9632 15.4754 4.9166 11.4709 31.433 39.5334 51.1895 34.0068 44.1066 48.6698 18.4317 31.7507 46.9884 30.8991 18.4142 37.306 25.8371 34.8522 12.72 17.9313 4.81613 25.8247 12.5059 29.2878 16.2333 45.3655 14.9209 14.0895 17.1179 31.5743 24.4109 10.1165 26.0188 22.9699 12.8102 41.0315 4.34798 22.595 0.680223 34.7643 11.0743 20.9635 19.8144 9.6992 23.6846 43.5843 19.8803 34.8272 40.0229 39.2154 22.7614 28.8157 39.6432 18.6938 40.6072 5.74227 19.3412 29.2476 29.6671 46.2145 7.73766 35.4872 25.1209 48.4965 42.9562 33.6923 18.5528 16.8049 24.6723 9.46939 14.7503 47.9714 38.3625 14.9539 23.5904 
26.2145 23.1884 42.2068 33.9411 26.5154 27.5147 24.4459 22.5751 7.11016 34.8448 11.5519 48.7872 1.66198 44.3363 28.3573 28.279 21.4926 30.0902 22.753 27.986 0 26.1345 11.6911 29.5976 18.9745 44.1606 16.8527 41.9795 23.1267 28.6215 29.7996 35.5647 23.8487 33.0401 16.55 26.2111 33.9703 26.3637 19.2156 34.8003 14.793 32.8897 10.3824 26.6023 18.9349 16.9501 27.6334 48.1746 31.3345 29.6247 35.5585 45.821 32.3675 28.8922 38.8083 29.7854 25.209 22.6824 45.6566 48.4127 22.7871 13.8055 27.5962 35.8516 28.3189 39.7398 39.0584 7.4114 11.9797 23.9259 22.2833 18.5716 11.4265 38.0827 35.0561 24.8112 46.156 11.1277 12.6239 12.7796 22.9435 25.3312 21.1991 11.9112 29.7254 18.5015 32.2653 20.3836 48.7299 20.8449 41.5736 14.654 18.9665 40.3877 48.0792 18.747 41.3516 23.2436 33.9394 37.2162 19.0854 
51.7596 46.3206 63.1276 57.1936 36.0321 10.8105 44.6661 46.172 31.5351 59.1832 15.4896 46.7958 24.832 44.7966 38.8598 40.0071 27.905 28.6267 6.04843 23.7418 26.1345 0 23.3481 20.8285 45.109 60.5606 36.3696 38.0522 21.0795 13.717 7.69153 55.5616 47.8363 51.118 35.7152 52.3453 40.9191 46.2069 42.5723 9.19499 29.7386 52.9103 16.3653 48.0291 27.8128 10.5267 27.6463 49.4725 35.3758 5.63922 39.5947 63.969 37.6431 11.4237 40.8431 7.83453 1.42733 28.6893 49.7208 45.7341 11.1191 32.528 27.2347 44.7217 23.3953 54.7254 30.9623 20.5909 28.5775 29.3032 38.9161 44.5468 15.4817 54.0418 55.5484 48.9302 46.3035 34.8838 37.9651 14.5887 48.1159 18.0094 35.2087 35.6653 46.8053 42.1262 20.6 44.3926 48.5438 44.4086 60.5466 39.637 33.1122 40.4736 48.1584 22.4093 37.3157 49.1666 54.0532 38.6822 7.26489 
35.341 34.254 53.5021 44.6497 37.0794 29.2055 36.0729 33.4748 11.5714 44.9135 15.032 57.4355 12.1064 53.5095 39.2138 39.3563 30.8129 37.8929 22.7515 34.6202 11.6911 23.3481 0 34.7974 26.3868 55.8517 28.5351 49.7958 29.7876 31.2657 23.8977 47.091 25.2397 44.7239 12.3785 33.1997 44.3239 38.0007 19.9085 30.1668 25.7088 44.4414 9.02567 38.0333 28.6725 18.3609 35.6641 57.6813 40.8509 24.6744 45.2979 57.4532 42.2576 30.5138 48.1824 23.8162 22.0293 32.0232 55.7516 56.8526 25.3185 9.2491 35.5017 46.6604 34.7552 51.3806 45.3446 14.8055 22.9876 33.2167 33.8579 24.6511 14.7647 49.758 46.5173 35.3528 55.3067 22.5339 17.4875 16.0416 32.7242 30.3965 32.3789 23.2717 41.4049 19.6282 36.688 31.1772 57.8704 21.7454 53.1628 25.1529 30.0468 49.3072 57.2707 26.6448 49.1043 28.7645 45.468 46.367 16.4226 
48.2306 39.5817 51.6506 49.0038 20.7789 10.2582 35.1959 40.0513 36.704 52.3853 19.8774 25.975 27.9455 24.1298 23.3916 25.0523 14.52 9.03852 15.6758 4.59058 29.5976 20.8285 34.7974 0 45.3052 45.5461 28.7525 17.2545 7.19208 7.55187 28.4584 44.0178 53.2613 38.5328 45.1383 51.8205 22.843 36.0513 48.8019 27.212 21.9011 41.7503 25.7998 39.055 16.532 16.9798 9.38881 28.8073 16.8994 26.1783 20.3366 49.9557 19.3177 10.2116 20.7193 28.6126 21.6904 14.4145 29.6091 24.9391 10.6852 41.9615 8.92369 27.0405 3.9292 39.3451 10.8359 22.2701 22.9086 14.1373 27.9534 46.2326 20.1325 39.4178 44.4755 43.0658 25.5647 31.8902 41.7599 18.785 44.1856 4.41894 23.5919 32.3955 34.1736 48.0695 3.34767 39.171 27.7476 50.3959 47.5258 36.9002 22.5959 19.8989 27.3852 12.2305 16.5153 50.7347 42.8187 18.5737 21.9563 
9.83913 15.031 32.1988 21.6555 33.56 45.5802 20.9405 13.6926 14.8752 20.2044 30.1991 58.0807 20.3217 52.8296 33.8664 32.7657 32.9766 42.6988 41.507 42.4037 18.9745 45.109 26.3868 45.3052 0 39.476 19.6331 53.3444 38.159 46.1841 48.4341 28.2343 13.2856 29.0239 20.0721 7.23754 40.3904 22.4721 13.3279 53.7116 24.3153 26.2671 29.1133 20.0545 30.2119 35.6551 40.2306 55.5313 40.5143 48.4534 43.5819 38.8343 40.4322 46.9228 47.3662 48.4024 44.174 33.8515 51.5566 58.1539 40.7701 20.4197 40.3901 40.2694 42.9219 37.5049 52.8435 25.3537 22.5931 34.9297 24.7585 3.24819 30.1197 35.186 27.1343 13.4143 54.5479 13.6377 9.19929 31.3562 9.13593 41.5648 27.0396 13.3083 28.1057 12.592 48.4178 11.9179 56.9448 13.2036 34.3055 9.26077 26.0844 49.8122 56.2231 33.1302 52.8737 5.78317 26.875 46.4699 38.0308 
32.1524 24.5806 12.8744 21.0063 25.1067 53.4614 20.1621 25.8761 46.9356 25.4855 47.4251 37.0491 43.8844 32.2244 22.3209 20.8552 32.9422 36.951 54.6068 40.9625 44.1606 60.5606 55.8517 45.5461 39.476 0 27.3406 38.9268 40.8356 51.8094 67.446 11.5499 52.7255 11.2368 56.5471 39.847 23.5883 18.238 52.3011 69.363 31.8515 13.2134 51.6993 19.5966 32.7484 50.6331 36.158 31.345 29.1743 66.0049 27.4543 5.3781 26.908 54.1667 29.822 67.5251 60.554 32.3873 26.1004 38.0826 50.2308 55.2708 36.6225 19.5248 41.6174 6.21243 44.5406 43.5893 33.9909 32.1184 22.539 42.6709 47.597 6.52813 12.8369 26.2271 32.9579 33.7693 45.5418 47.6782 30.6259 45.1561 25.5425 33.1514 14.5544 51.4638 48.4975 27.9442 34.0121 52.5205 6.95259 33.2191 27.8195 32.7474 33.4177 38.2351 39.034 43.8711 12.6939 30.9761 56.4446 
19.7787 10.8975 26.9549 21.1559 13.9276 32.454 8.40386 11.2997 20.5612 23.9326 21.4882 38.4483 16.5456 33.216 14.4184 13.5582 14.6564 24.0894 31.0055 24.9632 16.8527 36.3696 28.5351 28.7525 19.6331 27.3406 0 33.956 21.7323 31.9928 42.2699 19.6375 31.4856 16.3297 30.8117 24.6902 20.9111 10.1321 29.027 45.5581 7.16718 16.9242 24.7681 11.6642 12.2592 25.8528 21.7781 36.0681 20.9431 41.2881 23.9577 29.3186 20.7992 33.5857 27.7351 42.3144 35.9892 15.2445 32.3801 38.5256 28.0383 28.9502 22.0343 21.349 25.5825 22.9317 34.3919 16.9359 7.79393 16.1293 5.93815 21.8516 21.5976 21.2312 19.422 14.3153 34.948 7.59692 21.2293 22.0757 15.7669 25.9707 7.40864 7.34012 12.8728 28.1397 32.0862 10.555 37.372 29.911 25.2781 10.3938 6.76696 30.1907 36.6541 16.9923 33.5301 25.407 18.049 26.8529 30.8791 
53.1502 43.0633 48.6533 49.7239 20.5496 27.3339 36.9565 43.9956 48.8057 54.0199 34.901 8.77077 40.4885 8.56407 21.5106 23.2358 20.9118 11.9698 32.8934 15.4754 41.9795 38.0522 49.7958 17.2545 53.3444 38.9268 33.956 0 20.0825 24.4738 45.6347 41.9185 63.8634 36.1361 58.4764 58.6362 16.3624 36.913 60.2143 43.7857 29.3659 40.4386 41.1769 40.5236 23.7065 33.3855 14.3626 12.7749 13.222 43.3045 12.0958 44.1436 14.2226 27.0263 9.11485 45.7934 38.9413 19.8472 15.5873 7.68501 27.7718 55.549 14.4387 19.7474 15.522 33.0973 8.10777 35.5429 31.6672 18.6597 30.1206 55.1576 35.1741 34.2268 42.8351 46.742 9.36393 39.9409 52.4879 34.0588 49.3122 20.7979 26.684 40.1339 32.6461 59.383 17.7982 44.035 11.0229 61.5443 43.2195 44.1163 27.2922 6.20711 10.8379 23.4094 0.740591 59.1179 41.2511 8.34301 38.8936 
41.0788 32.6125 45.7218 42.3288 15.7366 12.6291 28.5766 33.0238 30.2178 45.5336 14.8261 28.1296 21.5103 24.9563 18.5515 19.9833 8.19713 8.47722 15.097 4.9166 23.1267 21.0795 29.7876 7.19208 38.159 40.8356 21.7323 20.0825 0 11.1211 28.6623 38.0248 46.4911 32.78 39.1928 44.6346 19.8589 29.5898 42.2011 29.1066 14.7691 35.6226 21.0955 32.4029 9.68228 13.7593 6.81119 29.5065 14.3147 26.718 18.6285 44.8577 16.564 13.3519 20.3177 28.7863 21.513 8.50624 29.0134 27.3884 9.99035 36.115 6.4695 23.7486 5.19654 34.7447 15.9673 16.0523 15.7171 8.72538 21.5045 39.1655 15.0989 34.4622 38.3603 36.0402 26.6464 24.7052 34.9514 13.9784 37.0359 4.49645 17.1758 25.2051 28.36 41.4388 10.446 32.0644 29.1084 43.7363 42.036 29.7085 15.8686 20.5732 28.6 5.04271 19.3755 43.6306 36.7252 18.2142 19.7311 
50.529 42.8546 56.8044 52.9847 26.7165 2.90684 39.3637 43.1088 35.4861 55.9246 17.4389 33.2427 26.9798 31.6496 29.4885 30.9993 19.3095 16.3312 9.47122 11.4709 28.6215 13.717 31.2657 7.55187 46.1841 51.8094 31.9928 24.4738 11.1211 0 21.1893 49.1016 52.4168 43.8972 42.6688 53.1031 29.8522 40.4931 47.5742 19.6602 24.8308 46.6654 22.3549 43.1339 20.5228 12.9305 16.1256 36.322 23.9531 18.8356 27.6755 55.9341 26.3598 2.66275 28.2472 21.3515 14.748 19.612 37.1475 32.1324 6.03464 39.4008 15.661 33.9732 10.9372 45.6694 17.2453 21.2911 25.0096 19.7261 32.4643 46.5924 17.6386 45.4937 49.4019 46.1018 33.0504 33.4891 41.2265 16.1933 46.5425 6.67167 28.1855 34.1231 39.4757 46.9288 6.88546 41.8734 35.1784 49.2907 53.1556 38.6073 26.69 27.4433 34.8421 15.0975 23.7439 51.2386 47.7768 26.0944 16.3666 
55.991 51.6157 69.2155 62.5708 43.2814 18.3063 50.6644 51.3131 33.9814 64.1477 20.7987 54.3938 28.7867 52.4775 46.0868 47.1407 35.1548 36.3136 13.5654 31.433 29.7996 7.69153 23.8977 28.4584 48.4341 67.446 42.2699 45.6347 28.6623 21.1893 0 61.7786 49.1332 57.6337 35.9728 55.6191 48.4452 52.3135 43.801 6.75036 36.049 59.0888 19.4232 53.819 34.8029 16.8222 35.2933 57.1547 42.9762 2.48791 47.2355 70.6175 45.2158 18.7363 48.5305 0.184879 7.15494 36.0086 57.4029 53.307 18.7622 33.037 34.8877 52.1755 31.0863 61.7346 38.3787 25.6458 34.5302 36.6957 45.4 47.3935 20.7068 60.9179 61.6591 53.9116 53.9743 39.7341 40.4276 20.2063 52.5883 25.6988 41.9353 40.541 53.4098 43.4966 28.024 49.3624 56.198 45.6401 67.0183 44.1374 39.7321 48.1602 55.8211 29.5971 44.901 51.8498 60.2272 46.3704 11.4057 
20.6035 13.7428 7.70556 9.95482 23.5321 50.1952 11.2893 14.936 37.181 14.6731 41.0629 42.3919 35.6191 37.0337 21.3583 19.5412 29.8363 36.5541 49.9179 39.5334 35.5647 55.5616 47.091 44.0178 28.2343 11.5499 19.6375 41.9185 38.0248 49.1016 61.7786 0 41.3976 5.80865 46.2363 28.2984 25.5562 9.50622 41.3044 64.6851 25.8261 2.71608 44.3236 9.14806 28.677 45.1429 35.0502 37.533 29.7876 60.6771 29.8232 10.767 28.0422 51.1359 33.1248 61.8308 55.3011 29.6977 32.392 43.1289 46.265 45.2965 35.4689 22.5599 40.2136 11.9589 45.7931 36.5729 27.2639 29.8813 16.8082 31.4652 41.1847 9.62379 1.35407 14.85 38.2237 24.5586 34.9617 41.5777 19.2317 42.521 20.9494 23.8318 9.89434 40.4925 47.2669 17.1742 39.8878 41.393 6.24468 22.9224 22.7009 36.1849 39.2016 34.2859 41.8207 32.4071 1.62535 33.5755 50.4266 
21.6411 28.3151 44.7936 34.0446 45.1613 51.1416 34.0769 26.9779 16.9466 31.6324 35.0804 69.4703 25.5078 64.4231 45.8993 45.0102 42.9761 52.4703 45.7506 51.1895 23.8487 47.8363 25.2397 53.2613 13.2856 52.7255 31.4856 63.8634 46.4911 52.4168 49.1332 41.3976 0 42.3033 13.8996 14.8404 52.368 35.6797 5.33229 55.3083 34.5352 39.5122 31.622 33.3398 40.1695 40.2144 49.9541 67.502 51.6492 49.8187 55.1682 51.8771 51.9341 52.5229 58.8547 49.0536 46.636 44.018 63.8577 69.3835 46.5031 16.3019 50.0212 52.724 51.6021 50.7677 62.1369 31.2563 32.2043 45.2046 37.1032 10.1963 34.9089 48.4609 40.2538 26.5486 66.1964 24.3011 11.5463 36.334 22.1695 49.0833 38.676 24.3099 41.2313 5.71014 56.0427 25.1515 68.6776 3.49511 47.3771 21.3926 37.2766 61.0463 67.9696 41.727 63.3172 9.45423 40.0829 57.7075 40.5939 
22.9657 13.9969 13.1624 14.5261 17.884 45.1451 8.9382 15.3412 35.7016 19.2341 37.1567 36.8759 32.8439 31.4686 15.6102 13.8028 24.5878 30.8641 45.3314 34.0068 33.0401 51.118 44.7239 38.5328 29.0239 11.2368 16.3297 36.1361 32.78 43.8972 57.6337 5.80865 42.3033 0 45.3744 30.4809 19.7785 7.03086 41.4718 60.1496 21.6057 4.58072 40.9944 8.99669 23.6988 40.8528 29.444 32.2416 23.9922 56.384 24.0448 13.0807 22.2335 46.0249 27.3981 57.6979 50.9583 24.3439 27.2052 37.5576 41.4074 44.0463 29.8724 16.9309 34.6865 8.54369 40.0028 32.9915 23.4353 24.4298 12.2347 32.132 37.3047 6.17068 6.70905 16.3656 32.7272 22.5363 34.4865 37.5453 20.6466 37.2635 16.0091 21.9149 4.424 40.6173 41.7439 17.1911 34.4985 41.8165 9.43336 22.1269 18.0091 30.4533 33.7992 29.3338 36.029 33.863 5.18154 27.7948 46.4001 
29.9078 32.5119 51.3957 41.2808 42.5645 40.8821 36.4488 31.3842 10.3815 40.2471 25.4456 65.3325 17.9932 60.8301 44.1045 43.7441 38.0331 46.545 34.7332 44.1066 16.55 35.7152 12.3785 45.1383 20.0721 56.5471 30.8117 58.4764 39.1928 42.6688 35.9728 46.2363 13.8996 45.3744 0 25.4163 50.0676 38.3436 8.90695 42.4036 30.8529 43.8459 20.4549 37.1982 35.438 29.8032 44.1153 64.5776 47.8038 36.9257 51.9425 56.9966 48.7184 42.2326 55.2781 35.876 34.4044 39.2174 61.8182 64.9627 36.6357 3.27882 44.0565 51.5259 44.3722 53.1652 55.1486 23.1446 28.0768 40.4614 36.7296 17.269 25.2133 51.1556 45.359 32.2876 62.6497 23.3436 11.4272 26.6405 28.5604 40.7381 36.7093 23.802 43.0067 9.02748 47.4431 29.0889 65.2201 10.5436 52.4804 23.3775 34.6971 56.9223 64.5611 35.1266 57.8377 20.0923 44.6952 53.7305 28.7047 
7.69499 17.1058 30.5626 19.8166 38.3418 52.6106 23.7056 15.8294 21.8507 16.9126 37.385 62.6836 27.5467 57.3034 38.2043 36.878 38.8603 48.5353 48.6912 48.6698 26.2111 52.3453 33.1997 51.8205 7.23754 39.847 24.6902 58.6362 44.6346 53.1031 55.6191 28.2984 14.8404 30.4809 25.4163 0 44.6525 24.8226 17.2539 60.9422 30.313 26.8892 36.334 21.6765 36.1774 42.838 46.1252 59.5942 45.5445 55.6718 48.1837 38.2321 45.1621 53.941 52.0019 55.5843 51.4114 39.6297 55.2636 62.8896 47.8029 26.3941 46.3266 43.9286 49.221 38.9905 58.7944 32.4885 28.9272 40.6267 29.0038 8.57889 37.3121 36.5678 27.0312 14.1367 58.9516 19.9303 15.7247 38.5287 10.0892 48.2381 31.9763 19.4412 30.6011 16.7745 55.003 14.9741 61.2421 16.3814 33.8662 14.9781 31.4193 54.6318 60.5141 39.5922 58.2176 5.5701 27.2167 51.3294 45.2671 
38.3692 28.0689 32.3679 33.5966 7.50332 32.0037 21.5741 29.1694 39.7262 38.0282 31.4093 18.1416 32.8701 12.6919 6.52403 7.78373 14.0598 13.8564 34.9027 18.4317 33.9703 40.9191 44.3239 22.843 40.3904 23.5883 20.9111 16.3624 19.8589 29.8522 48.4452 25.5562 52.368 19.7785 50.0676 44.6525 0 21.1842 49.6328 48.8807 19.2398 24.1241 37.2429 24.835 15.7297 32.57 13.7318 15.1599 5.94354 46.5579 4.26704 28.5269 3.52638 32.4223 7.78009 48.5625 41.2909 12.956 11.7557 18.5192 29.8492 47.6393 14.194 4.2303 19.0214 17.4535 21.0093 29.6276 22.044 12.0051 15.6999 42.7436 31.6568 18.2085 26.4826 31.6505 14.3034 28.1548 41.7483 31.1079 34.8007 23.5336 13.7352 28.077 16.4377 48.7523 25.4805 29.6867 16.603 50.6459 27.1128 31.246 15.4533 10.7771 15.8764 19.4211 16.2776 46.1131 24.9097 8.01944 38.7478 
17.7525 7.74001 16.9272 13.1608 16.7593 41.3579 1.94078 9.0604 28.7073 17.1636 31.5713 39.2397 26.302 33.758 15.4029 13.6924 21.5583 29.4979 40.6549 31.7507 26.3637 46.2069 38.0007 36.0513 22.4721 18.238 10.1321 36.913 29.5898 40.4931 52.3135 9.50622 35.6797 7.03086 38.3436 24.8226 21.1842 0 34.5885 55.3625 16.4914 6.79499 34.8537 3.6509 19.9755 35.7426 27.635 35.4128 23.8781 51.2546 25.2242 19.4577 22.698 42.3746 28.9369 52.363 45.9032 21.6526 30.7764 39.688 37.2324 37.0329 28.0063 19.583 32.422 15.1641 39.4038 27.068 17.7842 22.0843 8.10508 25.4834 31.6898 12.9618 9.3526 10.888 35.2515 15.6181 27.4914 32.1074 14.7425 34.0579 12.4663 14.965 5.78166 33.7255 39.3762 10.5551 37.3388 35.0088 15.2511 15.1291 13.8066 31.862 36.6141 25.4559 36.6678 27.6123 7.92517 28.8043 40.9457 
22.8681 27.7258 45.5249 34.9663 42.2592 46.1886 32.8385 26.4481 12.1417 33.2155 30.1619 66.2329 20.8746 61.3374 43.2762 42.5609 39.311 48.5993 40.6406 46.9884 19.2156 42.5723 19.9085 48.8019 13.3279 52.3011 29.027 60.2143 42.2011 47.5742 43.801 41.3044 5.33229 41.4718 8.90695 17.2539 49.6328 34.5885 0 49.9825 31.1331 39.1777 26.4279 32.7081 36.5343 35.1868 46.0902 64.6511 48.4018 44.4919 52.1467 51.9984 48.8915 47.5683 55.7434 43.7215 41.3583 40.4064 61.2875 66.0561 41.611 11.042 46.1218 50.3722 47.3644 49.7481 58.0178 26.607 28.6201 41.6223 34.8641 10.1157 29.9773 47.5401 40.2648 26.6212 63.1344 21.5202 7.89127 31.4147 22.4378 44.5467 35.9021 21.6911 39.866 0.887877 51.4781 24.3604 65.6563 1.84465 47.4569 19.6147 34.2755 57.7726 64.961 37.58 59.6378 11.7199 39.8759 54.4608 35.344 
60.7207 55.4988 72.2739 66.3823 44.5575 17.0792 53.8395 55.3324 39.6401 68.3267 24.5992 52.5276 33.606 51.2662 47.3972 48.648 36.4939 35.8313 14.821 30.8991 34.8003 9.19499 30.1668 27.212 53.7116 69.363 45.5581 43.7857 29.1066 19.6602 6.75036 64.6851 55.3083 60.1496 42.4036 60.9422 48.8807 55.3625 49.9825 0 38.8789 62.0452 24.626 57.2195 36.6573 19.7216 35.2623 55.9276 43.1291 5.49357 47.1081 72.9183 45.4819 17.0014 47.8837 6.89497 9.75266 37.1761 56.7921 51.3303 19.2347 39.3883 34.8189 52.843 30.4343 63.4371 36.0519 29.6794 37.7678 37.6654 47.9841 52.9204 24.5729 62.865 64.6954 58.0688 52.6209 43.977 46.1123 23.747 57.1412 25.4008 44.1818 44.7657 55.806 49.6293 26.0026 53.5246 54.6706 51.8268 69.5829 48.6543 42.1437 47.0933 54.3706 31.1279 43.0746 57.4692 63.1881 45.7253 15.7263 
26.3309 18.0297 33.3951 28.2799 11.7502 25.3011 15.0362 18.3372 20.5547 31.0943 15.6004 35.1011 13.8185 30.2699 13.5867 13.6475 8.66614 18.3856 24.1658 18.4142 14.793 29.7386 25.7088 21.9011 24.3153 31.8515 7.16718 29.3659 14.7691 24.8308 36.049 25.8261 34.5352 21.6057 30.8529 30.313 19.2398 16.4914 31.1331 38.8789 0 23.1717 20.0481 18.6087 5.89892 19.3273 15.9157 33.8052 17.2797 34.8707 21.185 34.6458 17.936 26.4231 24.6753 36.1097 29.4798 9.58991 30.9761 34.9297 20.939 28.3999 16.0811 21.0782 18.9912 26.5996 28.5476 11.8882 2.81476 10.7277 9.40143 25.8773 15.763 25.3888 25.8166 21.3476 32.0786 10.6989 23.2912 15.9431 22.2855 18.8909 6.7463 11.0118 17.4709 30.2764 25.2015 17.2977 34.6238 32.3529 30.9705 15.3484 4.36694 26.6397 33.9415 9.89538 28.8413 30.0192 24.3146 23.3324 24.7946 
19.2361 11.472 10.2483 9.9556 21.4768 47.6957 8.57419 12.7305 34.6504 14.6797 38.3611 41.4214 32.9245 35.9993 19.4704 17.6473 27.4555 34.5081 47.2944 37.306 32.8897 52.9103 44.4414 41.7503 26.2671 13.2134 16.9242 40.4386 35.6226 46.6654 59.0888 2.71608 39.5122 4.58072 43.8459 26.8892 24.1241 6.79499 39.1777 62.0452 23.1717 0 41.6086 6.65142 26.1876 42.4752 32.9057 36.822 28.0013 58.0032 28.3775 13.1935 26.3862 48.6584 31.8156 59.1399 52.6354 27.3742 31.7829 42.082 43.7078 42.8215 33.3137 21.4497 37.9854 12.3569 43.9531 33.8588 24.5663 27.6202 14.2655 29.4695 38.4813 9.91727 2.73779 13.0396 37.2803 21.918 32.6427 38.885 17.4351 40.1178 18.4815 21.202 7.91414 38.3514 45.025 14.8864 39.0716 39.3456 8.75652 20.482 20.1487 34.8602 38.3707 31.774 40.3006 30.7029 1.14297 32.1138 47.7299 
36.5935 32.9039 51.3897 43.8185 30.3965 20.4455 33.0345 32.4463 15.1711 45.0313 6.28857 49.0685 9.46899 45.4299 32.8312 33.2998 23.2839 29.3995 14.3391 25.8371 10.3824 16.3653 9.02567 25.7998 29.1133 51.6993 24.7681 41.1769 21.0955 22.3549 19.4232 44.3236 31.622 40.9944 20.4549 36.334 37.2429 34.8537 26.4279 24.626 20.0481 41.6086 0 35.7371 21.5585 9.425 27.2983 49.7601 33.1579 19.3402 37.6802 54.0497 34.8092 21.7882 40.2784 19.4066 15.2762 24.4589 48.2741 48.4037 16.3606 17.1762 27.0897 40.0496 25.9279 46.6225 36.4146 8.16044 17.7182 25.5756 29.1696 28.3079 6.01525 45.3141 43.992 34.8773 47.1987 20.7931 21.6129 7.14447 33.268 21.412 26.7435 21.6056 37.165 25.9255 27.6628 30.3661 49.736 28.2456 50.0462 24.8805 24.3528 41.1367 49.1686 18.5125 40.471 32.8854 42.7138 38.3555 9.10984 
14.3755 5.02852 15.6656 9.94888 20.2598 43.8256 3.86637 6.36188 28.0346 13.661 33.0208 42.8832 26.7683 37.4009 19.0151 17.323 24.5357 32.8356 42.659 34.8522 26.6023 48.0291 38.0333 39.055 20.0545 19.5966 11.6642 40.5236 32.4029 43.1339 53.819 9.14806 33.3398 8.99669 37.1982 21.6765 24.835 3.6509 32.7081 57.2195 18.6087 6.65142 35.7371 0 22.724 37.5079 30.8872 38.9998 27.4451 52.9031 28.8704 19.8366 26.3181 44.8981 32.5871 53.8572 47.6313 24.7362 34.3067 43.3372 39.5408 36.1768 31.2415 23.1736 35.5161 17.5287 42.8417 28.2734 19.4518 25.2601 11.1986 23.1923 33.113 15.1673 8.48572 7.56014 38.8858 15.5127 26.025 33.6695 11.7064 36.8239 15.5132 14.7631 9.12007 31.8687 42.3958 8.34823 40.9563 32.9633 15.364 13.8306 16.5346 35.5087 40.2326 28.0377 40.268 24.8744 7.55417 32.4404 42.414 
31.9331 23.0508 36.3807 32.6466 8.92732 21.5183 18.9062 23.5421 25.3942 35.8869 15.9289 29.94 17.6366 25.4021 11.5552 12.3984 2.81165 12.4978 21.8671 12.72 18.9349 27.8128 28.6725 16.532 30.2119 32.7484 12.2592 23.7065 9.68228 20.5228 34.8029 28.677 40.1695 23.6988 35.438 36.1774 15.7297 19.9755 36.5343 36.6573 5.89892 26.1876 21.5585 22.724 0 18.0924 10.0192 29.2809 12.4082 33.2805 16.7182 36.2816 13.6069 22.4709 19.8772 34.8911 27.8325 3.87255 27.083 29.6464 17.7159 32.7394 10.1823 18.5283 13.3309 26.9423 22.6508 13.9137 7.96528 5.09721 11.9476 31.726 16.1604 26.2323 28.9194 26.5528 27.2218 16.5861 28.7828 15.8059 27.8937 14.106 7.73199 16.9105 19.2926 35.6962 19.8759 22.7678 29.7953 37.8426 33.0987 21.2305 6.19508 21.5005 29.1443 5.63521 23.1507 35.9073 27.3089 18.2925 24.133 
41.6444 35.829 52.6696 46.6802 26.7872 11.0978 34.1729 35.7145 23.3164 48.7479 5.45622 41.7261 15.4367 38.714 29.5419 30.4855 18.7541 22.205 5.85317 17.9313 16.9501 10.5267 18.3609 16.9798 35.6551 50.6331 25.8528 33.3855 13.7593 12.9305 16.8222 45.1429 40.2144 40.8528 29.8032 42.838 32.57 35.7426 35.1868 19.7216 19.3273 42.4752 9.425 37.5079 18.0924 0 20.5263 43.2636 27.563 15.5446 32.0404 53.8081 29.5984 12.4625 34.0177 16.8971 10.161 19.7291 42.5845 40.8994 6.95778 26.5276 20.2107 36.0253 17.8639 44.9638 27.7935 10.4399 18.059 20.5797 28.6196 35.4977 5.54583 44.1055 45.0928 38.5105 40.3964 24.5813 29.4464 4.32432 37.8999 12.7709 25.1134 25.3449 36.6029 34.6013 18.48 33.9902 42.8433 36.9576 50.2582 29.4666 22.9146 34.329 42.3457 13.2066 32.6548 40.1764 43.6174 31.939 6.17796 
41.5534 32.144 42.6035 40.77 11.5678 18.294 27.0332 32.8125 34.5127 44.4771 21.0206 21.7897 26.1308 18.2616 14.0723 15.7809 7.2706 2.51621 21.7514 4.81613 27.6334 27.6463 35.6641 9.38881 40.2306 36.158 21.7781 14.3626 6.81119 16.1256 35.2933 35.0502 49.9541 29.444 44.1153 46.1252 13.7318 27.635 46.0902 35.2623 15.9157 32.9057 27.2983 30.8872 10.0192 20.5263 0 22.7565 7.87607 33.2656 11.9491 40.5998 10.2592 18.6905 13.5083 35.4238 28.1695 6.53659 22.2191 21.1892 16.5327 41.1883 0.469587 17.8501 5.46186 29.9563 12.6698 21.2186 17.8527 5.71089 19.6929 41.7196 21.293 30.0542 35.6008 35.7725 19.9895 26.6046 38.472 20.3246 37.5449 9.86188 15.4522 26.9269 25.158 45.2759 12.4066 32.3187 22.4945 47.4848 38.2757 31.2156 15.0867 13.9052 21.9549 9.08135 13.723 45.925 33.937 11.4142 26.5376 
53.0289 42.7416 42.9895 46.7442 22.3942 39.0651 36.1223 43.9172 54.3453 51.407 43.5532 6.17396 46.9132 4.67988 21.6769 22.7948 26.9127 21.1309 43.8983 25.8247 48.1746 49.4725 57.6813 28.8073 55.5313 31.345 36.0681 12.7749 29.5065 36.322 57.1547 37.533 67.502 32.2416 64.5776 59.5942 15.1599 35.4128 64.6511 55.9276 33.8052 36.822 49.7601 38.9998 29.2809 43.2636 22.7565 0 16.8871 54.9325 12.6357 36.7205 15.8718 38.9593 9.50169 57.3022 50.204 25.6994 5.26618 7.51993 38.6347 61.9732 23.0568 15.8299 26.1116 26.5341 20.8656 42.8939 36.5338 24.4855 30.7931 57.9034 43.8215 28.3694 38.7039 46.2051 3.41385 43.2435 56.7598 42.957 49.6267 31.5546 28.8298 43.1958 30.0094 63.7753 30.0082 44.6253 2.77453 65.7139 37.0163 46.4043 30.3766 9.01979 2.37638 31.2477 13.3766 61.2383 37.3454 11.4157 49.2047 
39.9347 29.8441 37.0033 36.879 7.32783 26.1686 23.8046 30.7738 37.6619 41.0389 27.0675 17.8384 30.0445 13.0366 8.57648 10.385 10.0421 7.9272 29.4108 12.5059 31.3345 35.3758 40.8509 16.8994 40.5143 29.1743 20.9431 13.222 14.3147 23.9531 42.9762 29.7876 51.6492 23.9922 47.8038 45.5445 5.94354 23.8781 48.4018 43.1291 17.2797 28.0013 33.1579 27.4451 12.4082 27.563 7.87607 16.8871 0 41.0103 4.53497 33.9295 2.41906 26.5419 7.47548 43.1007 35.8277 8.82985 15.1549 17.7405 24.2614 45.1399 8.32846 10.1518 13.0868 22.9754 16.0136 26.0477 19.9004 7.63678 16.8986 42.5238 27.3287 23.4378 30.5538 33.5246 14.8544 27.4081 40.5414 26.6025 36.1147 17.7331 13.5732 27.5032 20.0903 47.5412 19.564 30.8452 17.4201 49.5889 32.1159 31.2538 14.4703 9.39715 16.7576 14.7562 12.8953 46.2973 28.9151 6.06349 33.7068 
55.7009 50.9052 68.1794 61.8404 41.6083 15.9724 49.6526 50.6645 34.2426 63.587 19.9524 52.0703 28.5037 50.253 44.4298 45.5439 33.4765 34.1941 11.6708 29.2878 29.6247 5.63922 24.6744 26.1783 48.4534 66.0049 41.2881 43.3045 26.718 18.8356 2.48791 60.6771 49.8187 56.384 36.9257 55.6718 46.5579 51.2546 44.4919 5.49357 34.8707 58.0032 19.3402 52.9031 33.2805 15.5446 33.2656 54.9325 41.0103 0 45.2146 69.3067 43.2813 16.3434 46.4038 2.66963 5.451 34.2841 55.2949 50.9677 16.7497 33.8996 32.8503 50.3532 28.9174 60.2197 35.9813 24.9398 33.5071 34.9188 44.1547 47.5736 19.8907 59.4795 60.6071 53.3308 51.7277 39.1735 40.7131 19.2364 52.202 23.5742 40.5637 39.973 52.1121 44.1426 25.6394 48.7784 53.9259 46.336 65.7965 43.7221 38.412 45.955 53.5607 27.9523 42.5729 52.0959 59.1447 44.2406 10.7121 
42.1352 31.8723 36.6024 37.7922 10.0426 30.0542 25.4877 32.9197 41.7132 42.1829 31.601 14.5199 34.3206 9.2686 10.0497 11.5942 14.4926 11.3461 33.6826 16.2333 35.5585 39.5947 45.2979 20.3366 43.5819 27.4543 23.9577 12.0958 18.6285 27.6755 47.2355 29.8232 55.1682 24.0448 51.9425 48.1837 4.26704 25.2242 52.1467 47.1081 21.185 28.3775 37.6802 28.8704 16.7182 32.0404 11.9491 12.6357 4.53497 45.2146 0 32.5114 3.2571 30.3116 3.81875 47.3646 40.1032 13.2875 10.6201 14.7145 28.4788 49.3501 12.3664 7.93829 16.7407 21.4125 17.1058 30.4929 23.9017 12.1234 19.1898 45.7782 31.8619 22.3255 30.7478 35.4994 11.0289 30.8672 44.2596 31.137 38.4679 21.7426 16.5746 30.8792 20.649 51.276 22.6454 33.2768 13.5186 53.2597 31.2772 34.3515 17.9052 6.63851 12.8178 19.2909 12.0201 49.3457 29.1717 3.75313 38.1672 
30.6091 24.5097 8.77407 18.5969 29.2621 57.4275 21.3809 25.6957 47.839 22.6331 50.2222 42.4242 45.7319 37.5741 26.5719 24.966 36.7903 41.5689 58.1038 45.3655 45.821 63.969 57.4532 49.9557 38.8343 5.3781 29.3186 44.1436 44.8577 55.9341 70.6175 10.767 51.8771 13.0807 56.9966 38.2321 28.5269 19.4577 51.9984 72.9183 34.6458 13.1935 54.0497 19.8366 36.2816 53.8081 40.5998 36.7205 33.9295 69.3067 32.5114 0 31.7385 58.2077 35.0292 70.6859 63.8661 36.3537 31.4778 43.4513 53.9556 56.013 41.0574 24.5756 46.0318 11.0991 49.5339 46.0685 36.5159 36.2125 25.2477 42.0784 50.3733 10.5502 11.7366 25.4207 38.3277 34.9966 45.7285 50.5884 29.7402 49.2625 28.7604 34.305 17.2079 51.1963 52.9983 27.9412 39.3899 52.0288 4.54372 33.6583 30.8972 37.9868 38.7957 41.8749 44.2268 42.7099 12.303 36.0991 59.4331 
39.2677 29.0583 35.1155 35.5212 6.87306 28.5513 22.8044 30.0603 38.4737 39.7976 28.8158 17.6497 31.1535 12.4893 7.30682 9.01339 11.5321 10.3324 31.654 14.9209 32.3675 37.6431 42.2576 19.3177 40.4322 26.908 20.7992 14.2226 16.564 26.3598 45.2158 28.0422 51.9341 22.2335 48.7184 45.1621 3.52638 22.698 48.8915 45.4819 17.936 26.3862 34.8092 26.3181 13.6069 29.5984 10.2592 15.8718 2.41906 43.2813 3.2571 31.7385 0 28.942 6.94396 45.3374 38.0623 10.3504 13.5037 17.7504 26.5415 46.1479 10.7166 7.74445 15.5046 20.7273 17.9359 27.4647 20.6626 9.25437 16.2316 42.587 29.0717 21.2993 28.8721 32.7144 14.2653 27.6335 41.0051 28.4203 35.5377 20.0993 13.397 27.6575 18.5181 48.0212 21.9621 30.3107 16.7685 50.0091 30.0784 31.1877 14.6619 9.47255 16.0704 16.602 14.0064 46.2039 27.2539 6.20991 35.7636 
51.7111 44.3794 58.8413 54.6825 29.06 1.38135 41.1723 44.5665 35.5792 57.4778 17.4449 35.7969 27.2824 34.2898 31.8557 33.3242 21.4666 18.972 7.9969 14.0895 28.8922 11.4237 30.5138 10.2116 46.9228 54.1667 33.5857 27.0263 13.3519 2.66275 18.7363 51.1359 52.5229 46.0249 42.2326 53.941 32.4223 42.3746 47.5683 17.0014 26.4231 48.6584 21.7882 44.8981 22.4709 12.4625 18.6905 38.9593 26.5419 16.3434 30.3116 58.2077 28.942 0 30.9098 18.903 12.5567 21.854 39.8102 34.665 6.15924 38.9542 18.2291 36.5211 13.571 48.0514 19.6426 21.719 26.3585 22.0495 34.4109 47.1524 17.6141 47.8106 51.3902 47.5374 35.677 34.566 41.5129 16.1922 47.7627 9.03405 30.1877 35.2344 41.6009 46.9582 9.29663 43.2287 37.7846 49.3193 55.336 39.6714 28.5757 30.0955 37.4576 16.9191 26.3005 51.8223 49.7789 28.7566 14.9442 
45.9406 35.6691 39.6693 41.363 13.808 30.821 29.2542 36.7254 45.1217 45.8073 34.0905 10.7168 37.51 5.59612 13.8579 15.368 17.4413 12.217 35.0813 17.1179 38.8083 40.8431 48.1824 20.7193 47.3662 29.822 27.7351 9.11485 20.3177 28.2472 48.5305 33.1248 58.8547 27.3981 55.2781 52.0019 7.78009 28.9369 55.7434 47.8837 24.6753 31.8156 40.2784 32.5871 19.8772 34.0177 13.5083 9.50169 7.47548 46.4038 3.81875 35.0292 6.94396 30.9098 0 48.6691 41.4677 16.2291 8.91314 10.8969 29.8166 52.6137 13.8523 10.7022 17.5136 23.9847 15.4398 33.4006 27.337 15.0062 23.0085 49.531 34.3575 25.1548 34.1057 39.2878 7.40344 34.5583 47.8654 33.5233 42.2831 22.8348 20.3378 34.5935 24.2013 54.8771 22.5642 37.095 9.95655 56.8895 34.1539 38.1266 21.5784 3.06223 9.28633 21.7678 9.21451 53.1345 32.5623 2.16482 40.0459 
55.9816 51.6383 69.2622 62.5941 43.381 18.4669 50.7104 51.3311 33.9341 64.158 20.8384 54.5515 28.7809 52.6253 46.1849 47.2337 35.2556 36.4522 13.6901 31.5743 29.7854 7.83453 23.8162 28.6126 48.4024 67.5251 42.3144 45.7934 28.7863 21.3515 0.184879 61.8308 49.0536 57.6979 35.876 55.5843 48.5625 52.363 43.7215 6.89497 36.1097 59.1399 19.4066 53.8572 34.8911 16.8971 35.4238 57.3022 43.1007 2.66963 47.3646 70.6859 45.3374 18.903 48.6691 0 7.27517 36.1132 57.5395 53.4665 18.894 32.947 35.0191 52.2871 31.2298 61.82 38.545 25.6727 34.5791 36.8046 45.4648 47.3502 20.7443 60.997 61.7075 53.9242 54.1242 39.7467 40.3775 20.2556 52.5863 25.8389 42.0105 40.5541 53.4781 43.4204 28.1891 49.3756 56.3504 45.5601 67.0798 44.1385 39.8035 48.3062 55.9724 29.696 45.0594 51.8012 60.278 46.5094 11.4433 
50.9961 45.7876 62.8303 56.6922 36.2 11.847 44.3269 45.6007 30.4413 58.5833 14.8542 47.6636 23.9534 45.5347 39.0159 40.1114 28.068 29.2554 6.42093 24.4109 25.209 1.42733 22.0293 21.6904 44.174 60.554 35.9892 38.9413 21.513 14.748 7.15494 55.3011 46.636 50.9583 34.4044 51.4114 41.2909 45.9032 41.3583 9.75266 29.4798 52.6354 15.2762 47.6313 27.8325 10.161 28.1695 50.204 35.8277 5.451 40.1032 63.8661 38.0623 12.5567 41.4677 7.27517 0 28.8975 50.3193 46.6263 11.6563 31.2311 27.7692 45.0317 24.0955 54.7734 31.9748 19.9278 28.197 29.5629 38.7341 43.5366 14.8234 54.0285 55.2537 48.3242 47.068 34.2246 36.889 14.0335 47.3968 18.6687 35.1179 35.0137 46.6761 40.9262 21.6302 43.7781 49.3395 43.1974 60.3763 38.9108 32.9752 41.1918 48.9391 22.529 38.2028 48.1391 53.7777 39.3121 6.1753 
35.0223 25.7027 37.3705 34.6753 7.38157 21.0922 20.8699 26.3313 29.232 38.2169 18.4973 26.1217 21.3306 21.6922 10.2214 11.5394 1.21333 8.90603 22.6443 10.1165 22.6824 28.6893 32.0232 14.4145 33.8515 32.3873 15.2445 19.8472 8.50624 19.612 36.0086 29.6977 44.018 24.3439 39.2174 39.6297 12.956 21.6526 40.4064 37.1761 9.58991 27.3742 24.4589 24.7362 3.87255 19.7291 6.53659 25.6994 8.82985 34.2841 13.2875 36.3537 10.3504 21.854 16.2291 36.1132 28.8975 0 23.8321 25.8001 17.9472 36.4709 6.79098 16.2964 10.7822 26.3429 19.1879 17.2187 11.8206 1.24398 13.572 35.4667 18.7498 25.9807 30.1063 29.3071 23.5095 20.2735 32.6492 18.1584 31.0105 12.9487 9.22474 20.5465 19.9364 39.5678 17.7282 25.7909 26.0857 41.7108 33.5499 24.7617 8.58804 17.7059 25.4488 6.52287 19.2998 39.5799 28.4554 14.5492 25.899 
48.4961 38.2656 37.7368 41.7299 19.2575 39.7333 31.6253 39.4837 51.4812 46.4223 42.2168 11.0706 44.5104 7.16151 18.0123 18.8541 25.024 21.1009 43.9177 26.0188 45.6566 49.7208 55.7516 29.6091 51.5566 26.1004 32.3801 15.5873 29.0134 37.1475 57.4029 32.392 63.8577 27.2052 61.8182 55.2636 11.7557 30.7764 61.2875 56.7921 30.9761 31.7829 48.2741 34.3067 27.083 42.5845 22.2191 5.26618 15.1549 55.2949 10.6201 31.4778 13.5037 39.8102 8.91314 57.5395 50.3193 23.8321 0 12.245 38.6631 59.3664 22.5943 11.3414 26.4236 21.2774 23.2707 40.9654 33.7721 22.6989 26.8262 54.0668 42.477 23.1441 33.585 41.6412 7.21959 39.7734 53.4157 41.757 45.2238 31.7208 25.4019 39.649 25.2289 60.4041 31.3288 40.3469 7.91424 62.2529 31.754 42.567 27.1995 10.133 7.33936 29.911 16.0259 57.1963 32.263 11.0766 48.68 
56.8255 46.5437 49.1443 51.8271 24.6162 35.0021 40.0879 47.6118 55.0321 56.3631 42.1151 1.45756 46.9967 6.09516 24.751 26.2297 26.9617 19.0045 40.5679 22.9699 48.4127 45.7341 56.8526 24.9391 58.1539 38.0826 38.5256 7.68501 27.3884 32.1324 53.307 43.1289 69.3835 37.5576 64.9627 62.8896 18.5192 39.688 66.0561 51.3303 34.9297 42.082 48.4037 43.3372 29.6464 40.8994 21.1892 7.51993 17.7405 50.9677 14.7145 43.4513 17.7504 34.665 10.8969 53.4665 46.6263 25.8001 12.245 0 35.4272 62.1408 21.3545 20.6324 23.0726 32.8474 15.3343 42.3457 37.455 24.5601 33.9034 60.2367 42.3885 34.4388 44.2062 50.1487 5.12583 45.1475 58.2207 41.3375 53.1793 28.4177 31.117 45.2332 34.7207 65.2026 25.4004 47.9912 4.84995 67.2806 43.3234 48.8985 32.1923 8.35451 5.14413 30.2441 8.4238 63.9313 42.7365 11.7026 46.5 
45.7165 38.6985 53.9478 49.1938 25.3284 4.81015 35.906 38.8117 29.5582 51.7987 11.4503 36.3848 21.1653 33.9795 28.1682 29.4474 17.299 17.6108 5.27034 12.8102 22.7871 11.1191 25.3185 10.6852 40.7701 50.2308 28.0383 27.7718 9.99035 6.03464 18.7622 46.265 46.5031 41.4074 36.6357 47.8029 29.8492 37.2324 41.611 19.2347 20.939 43.7078 16.3606 39.5408 17.7159 6.95778 16.5327 38.6347 24.2614 16.7497 28.4788 53.9556 26.5415 6.15924 29.8166 18.894 11.6563 17.9472 38.6631 35.4272 0 33.3689 16.1256 33.7155 12.5418 44.2517 21.4695 15.5678 20.5782 18.4344 29.457 40.9955 11.6406 43.7613 46.4176 41.7527 35.5522 28.5361 35.4109 10.1988 41.7979 7.0904 25.4066 29.2228 37.0068 40.9791 11.6885 37.3788 37.8779 43.3416 50.814 33.6252 23.5648 29.615 37.4491 12.09 27.0315 45.6644 44.8426 27.6634 11.2809 
30.1348 31.6772 50.822 40.995 40.1481 37.6042 35.1102 30.6298 8.41118 40.3377 22.2155 62.5481 15.1508 58.1392 41.815 41.5553 35.2753 43.595 31.4601 41.0315 13.8055 32.528 9.2491 41.9615 20.4197 55.2708 28.9502 55.549 36.115 39.4008 33.037 45.2965 16.3019 44.0463 3.27882 26.3941 47.6393 37.0329 11.042 39.3883 28.3999 42.8215 17.1762 36.1768 32.7394 26.5276 41.1883 61.9732 45.1399 33.8996 49.3501 56.013 46.1479 38.9542 52.6137 32.947 31.2311 36.4709 59.3664 62.1408 33.3689 0 41.1136 49.28 41.2807 51.6094 52.051 20.0951 25.5964 37.7132 34.8081 17.9385 21.9799 49.6815 44.493 31.8221 59.9587 21.6727 11.3009 23.4017 28.3686 37.5542 34.478 22.2113 41.4312 10.9316 44.2266 28.2982 62.5332 12.8277 51.5331 22.3798 32.3822 54.1698 61.8837 32.157 54.9008 21.3349 43.7232 51.0137 25.477 
41.8127 32.4468 43.0301 41.1336 12.0023 17.8401 27.3845 33.1022 34.502 44.8192 20.8066 21.9816 26.0815 18.5391 14.5227 16.2252 7.46698 2.49463 21.3533 4.34798 27.5962 27.2347 35.5017 8.92369 40.3901 36.6225 22.0343 14.4387 6.4695 15.661 34.8877 35.4689 50.0212 29.8724 44.0565 46.3266 14.194 28.0063 46.1218 34.8189 16.0811 33.3137 27.0897 31.2415 10.1823 20.2107 0.469587 23.0568 8.32846 32.8503 12.3664 41.0574 10.7166 18.2291 13.8523 35.0191 27.7692 6.79098 22.5943 21.3545 16.1256 41.1136 0 18.3164 4.99572 30.4216 12.4728 21.1113 17.9633 6.02242 20.0442 41.8476 21.0793 30.5128 36.0119 36.0682 20.2553 26.7578 38.5269 20.0898 37.7989 9.41825 15.7856 27.0922 25.5785 45.3111 11.9546 32.5818 22.7488 47.5284 38.7207 31.4018 15.3657 14.1712 22.2179 8.97295 13.7872 46.0738 34.3483 11.7447 26.2006 
37.2298 26.9656 28.97 31.2306 9.65858 36.0594 20.3306 28.168 41.1444 35.8148 34.439 19.9905 34.8937 14.5513 7.4944 7.83291 17.2941 18.076 38.6827 22.595 35.8516 44.7217 46.6604 27.0405 40.2694 19.5248 21.349 19.7474 23.7486 33.9732 52.1755 22.5599 52.724 16.9309 51.5259 43.9286 4.2303 19.583 50.3722 52.843 21.0782 21.4497 40.0496 23.1736 18.5283 36.0253 17.8501 15.8299 10.1518 50.3532 7.93829 24.5756 7.74445 36.5211 10.7022 52.2871 45.0317 16.2964 11.3414 20.6324 33.7155 49.28 18.3164 0 23.1961 13.4767 25.0167 32.1913 23.8815 15.5016 15.6213 42.8381 34.6751 14.4808 23.6015 30.3918 15.8777 28.8765 42.5494 34.2462 33.9013 27.5766 14.8175 28.6811 14.2428 49.4852 29.7062 29.0055 17.8207 51.2543 23.4722 31.3638 16.913 13.7541 17.1023 22.8187 19.7642 45.8829 22.112 11.548 42.1932 
45.2503 36.3001 47.8232 45.4571 16.8839 13.3554 31.6501 36.8422 35.4049 48.9598 19.729 23.9556 26.7052 21.4477 19.4735 21.1462 11.0471 5.40524 17.794 0.680223 28.3189 23.3953 34.7552 3.9292 42.9219 41.6174 25.5825 15.522 5.19654 10.9372 31.0863 40.2136 51.6021 34.6865 44.3722 49.221 19.0214 32.422 47.3644 30.4343 18.9912 37.9854 25.9279 35.5161 13.3309 17.8639 5.46186 26.1116 13.0868 28.9174 16.7407 46.0318 15.5046 13.571 17.5136 31.2298 24.0955 10.7822 26.4236 23.0726 12.5418 41.2807 4.99572 23.1961 0 35.4172 10.7774 21.2394 20.3411 10.3765 24.3526 44.0703 19.9984 35.4918 40.7026 39.8457 23.0107 29.3491 40.0566 18.7839 41.2075 5.45148 20.0067 29.7907 30.3472 46.5958 7.05769 36.0982 25.3419 48.8848 43.6319 34.2455 19.1973 17.0966 24.9082 9.91177 14.7909 48.4738 39.0422 15.3489 23.4389 
31.4262 22.502 16.4615 21.886 19.009 47.3737 16.922 23.8498 43.2027 26.6221 42.0308 31.9197 39.2971 26.8502 16.1972 14.808 26.9536 30.739 48.7352 34.7643 39.7398 54.7254 51.3806 39.3451 37.5049 6.21243 22.9317 33.0973 34.7447 45.6694 61.7346 11.9589 50.7677 8.54369 53.1652 38.9905 17.4535 15.1641 49.7481 63.4371 26.5996 12.3569 46.6225 17.5287 26.9423 44.9638 29.9563 26.5341 22.9754 60.2197 21.4125 11.0991 20.7273 48.0514 23.9847 61.82 54.7734 26.3429 21.2774 32.8474 44.2517 51.6094 30.4216 13.4767 35.4172 0 38.4494 38.4663 28.9344 26.0196 17.5761 40.5797 42.217 2.44273 13.2887 24.897 27.7611 29.937 42.5584 42.2009 29.1899 39.0284 20.0479 29.409 10.1782 48.8831 42.2869 25.619 29.0816 50.1702 10.4978 30.2223 22.3983 26.972 28.4409 32.3351 33.1618 42.4021 12.3819 25.0068 50.8771 
54.141 44.5407 53.007 52.5429 22.6691 20.152 39.0521 45.2824 46.1258 56.5024 30.3225 16.5991 37.4555 16.5106 24.4828 26.306 19.9352 10.3026 26.2794 11.0743 39.0584 30.9623 45.3446 10.8359 52.8435 44.5406 34.3919 8.10777 15.9673 17.2453 38.3787 45.7931 62.1369 40.0028 55.1486 58.7944 21.0093 39.4038 58.0178 36.0519 28.5476 43.9531 36.4146 42.8417 22.6508 27.7935 12.6698 20.8656 16.0136 35.9813 17.1058 49.5339 17.9359 19.6426 15.4398 38.545 31.9748 19.1879 23.2707 15.3343 21.4695 52.051 12.4728 25.0167 10.7774 38.4494 0 32.0165 30.3353 18.2627 31.7859 54.2335 30.5873 39.1886 46.5368 48.2032 17.4518 39.2063 50.5971 29.3072 50.1507 15.0643 27.7465 39.5552 36.0402 57.2354 10.3654 44.9006 19.108 59.5034 48.0122 43.8746 27.6525 13.2275 18.943 20.4401 7.48904 58.508 44.8905 13.7961 32.75 
31.2344 25.982 43.8214 36.9316 22.5397 20.3537 25.313 25.7246 14.4712 38.668 5.1051 42.853 5.75005 38.7707 24.8622 25.2377 16.0079 23.5732 16.2683 20.9635 7.4114 20.5909 14.8055 22.2701 25.3537 43.5893 16.9359 35.5429 16.0523 21.2911 25.6458 36.5729 31.2563 32.9915 23.1446 32.4885 29.6276 27.068 26.607 29.6794 11.8882 33.8588 8.16044 28.2734 13.9137 10.4399 21.2186 42.8939 26.0477 24.9398 30.4929 46.0685 27.4647 21.719 33.4006 25.6727 19.9278 17.2187 40.9654 42.3457 15.5678 20.0951 21.1113 32.1913 21.2394 38.4663 32.0165 0 9.60033 18.4163 21.0504 25.4395 5.1106 37.1809 36.3297 28.4083 40.5759 14.2992 19.9484 6.12031 27.5379 17.9607 18.5947 15.0863 29.0791 25.9038 24.8742 23.8585 43.1463 28.2512 42.1528 19.0728 16.2031 34.6191 42.5345 12.1395 34.8805 30.1141 34.9812 31.6178 14.2706 
25.5797 18.1344 34.6894 28.7831 14.5605 25.1554 16.1472 18.2355 17.8116 31.2265 13.8045 37.674 11.0305 32.9245 16.3877 16.3939 10.7727 20.3608 23.2662 19.8144 11.9797 28.5775 22.9876 22.9086 22.5931 33.9909 7.79393 31.6672 15.7171 25.0096 34.5302 27.2639 32.2043 23.4353 28.0768 28.9272 22.044 17.7842 28.6201 37.7678 2.81476 24.5663 17.7182 19.4518 7.96528 18.059 17.8527 36.5338 19.9004 33.5071 23.9017 36.5159 20.6626 26.3585 27.337 34.5791 28.197 11.8206 33.7721 37.455 20.5782 25.5964 17.9633 23.8815 20.3411 28.9344 30.3353 9.60033 0 13.0206 11.4538 23.8994 13.9333 27.5959 27.1291 21.1883 34.7382 9.01288 20.834 14.324 21.5663 19.5042 9.39246 9.48939 19.4802 27.7744 26.1271 16.8774 37.293 29.8988 32.6758 13.9919 7.06577 29.21 36.6173 10.6796 31.115 28.1972 25.7028 25.9278 23.1636 
35.8861 26.4331 37.5228 35.1749 7.01311 21.3541 21.3974 27.1061 30.4724 38.8114 19.5615 24.8781 22.5714 20.4566 9.82671 11.2776 2.44222 7.96015 23.255 9.6992 23.9259 29.3032 33.2167 14.1373 34.9297 32.1184 16.1293 18.6597 8.72538 19.7261 36.6957 29.8813 45.2046 24.4298 40.4614 40.6267 12.0051 22.0843 41.6223 37.6654 10.7277 27.6202 25.5756 25.2601 5.09721 20.5797 5.71089 24.4855 7.63678 34.9188 12.1234 36.2125 9.25437 22.0495 15.0062 36.8046 29.5629 1.24398 22.6989 24.5601 18.4344 37.7132 6.02242 15.5016 10.3765 26.0196 18.2627 18.4163 13.0206 0 14.0632 36.5909 19.8174 25.7705 30.3423 30.0628 22.2733 21.3833 33.8541 19.1793 31.8897 13.0569 9.77301 21.6348 20.0507 40.7818 17.4051 26.6467 24.8495 42.9178 33.5377 25.803 9.39907 16.4622 24.2146 7.4175 18.1226 40.6704 28.6842 13.3105 26.7572 
23.0598 12.9536 24.4937 21.1153 9.57102 33.435 7.34047 13.8778 26.4438 24.7953 24.9962 33.68 21.7557 28.3063 9.20802 8.00766 13.4534 21.6811 33.181 23.6846 22.2833 38.9161 33.8579 27.9534 24.7585 22.539 5.93815 30.1206 21.5045 32.4643 45.4 16.8082 37.1032 12.2347 36.7296 29.0038 15.6999 8.10508 34.8641 47.9841 9.40143 14.2655 29.1696 11.1986 11.9476 28.6196 19.6929 30.7931 16.8986 44.1547 19.1898 25.2477 16.2316 34.4109 23.0085 45.4648 38.7341 13.572 26.8262 33.9034 29.457 34.8081 20.0442 15.6213 24.3526 17.5761 31.7859 21.0504 11.4538 14.0632 0 27.242 25.1545 16.1499 16.9893 16.6382 29.9706 13.5269 27.1126 25.3415 19.3061 25.983 4.36244 13.2289 8.07378 33.9762 31.2827 14.0895 32.3015 35.6853 21.6424 15.7497 5.89281 25.6969 31.5754 17.5112 29.7861 30.4473 15.3952 22.4361 34.1859 
12.8364 18.1638 35.429 24.8506 35.7356 45.7904 23.8877 16.8362 13.4426 23.2186 30.063 60.2242 20.0612 55.0452 36.2295 35.2227 34.5252 44.2155 41.3185 43.5843 18.5716 44.5468 24.6511 46.2326 3.24819 42.6709 21.8516 55.1576 39.1655 46.5924 47.3935 31.4652 10.1963 32.132 17.269 8.57889 42.7436 25.4834 10.1157 52.9204 25.8773 29.4695 28.3079 23.1923 31.726 35.4977 41.7196 57.9034 42.5238 47.5736 45.7782 42.0784 42.587 47.1524 49.531 47.3502 43.5366 35.4667 54.0668 60.2367 40.9955 17.9385 41.8476 42.8381 44.0703 40.5797 54.2335 25.4395 23.8994 36.5909 27.242 0 29.9559 38.2822 30.3731 16.6577 56.7878 15.2184 7.16362 31.2646 12.3829 42.3336 29.2038 15.04 31.0468 9.40526 49.2569 14.9607 59.2214 9.95563 37.548 11.507 28.0536 51.8826 58.5043 34.1871 54.6588 4.68125 30.0942 48.5346 37.3631 
36.3118 31.0159 48.5524 41.9498 25.0858 16.2328 30.0011 30.7944 17.9658 43.7619 0.273393 43.0555 9.89498 39.4585 27.6569 28.3088 17.6081 23.3843 11.3902 19.8803 11.4265 15.4817 14.7647 20.1325 30.1197 47.597 21.5976 35.1741 15.0989 17.6386 20.7068 41.1847 34.9089 37.3047 25.2133 37.3121 31.6568 31.6898 29.9773 24.5729 15.763 38.4813 6.01525 33.113 16.1604 5.54583 21.293 43.8215 27.3287 19.8907 31.8619 50.3733 29.0717 17.6141 34.3575 20.7443 14.8234 18.7498 42.477 42.3885 11.6406 21.9799 21.0793 34.6751 19.9984 42.217 30.5873 5.1106 13.9333 19.8174 25.1545 29.9559 0 41.1124 41.0149 33.5023 41.2201 19.4091 23.9808 1.44569 32.6389 15.7146 22.1697 20.1949 33.2281 29.3544 22.2591 28.9552 43.751 31.7165 46.5957 24.1658 19.8241 35.1508 43.1899 12.601 34.4707 34.6355 39.6145 32.4083 9.30119 
28.9927 20.164 14.7059 19.5096 18.7816 47.0724 14.7762 21.5095 41.2883 24.2539 40.937 33.5743 37.7162 28.386 16.0525 14.4945 26.4935 31.0256 48.0963 34.8272 38.0827 54.0418 49.758 39.4178 35.186 6.52813 21.2312 34.2268 34.4622 45.4937 60.9179 9.62379 48.4609 6.17068 51.1556 36.5678 18.2085 12.9618 47.5401 62.865 25.3888 9.91727 45.3141 15.1673 26.2323 44.1055 30.0542 28.3694 23.4378 59.4795 22.3255 10.5502 21.2993 47.8106 25.1548 60.997 54.0285 25.9807 23.1441 34.4388 43.7613 49.6815 30.5128 14.4808 35.4918 2.44273 39.1886 37.1809 27.5959 25.7705 16.1499 38.2822 41.1124 0 10.9358 22.4886 29.399 28.0308 40.4342 41.1725 26.7976 38.8269 19.0224 27.471 8.36039 46.6797 42.4497 23.3281 30.8494 47.9252 8.99979 28.0777 21.3122 28.1871 30.1899 31.7393 34.2434 40.0289 9.96775 26.0063 49.9264 
19.3372 12.8481 7.57915 8.60839 24.1382 50.4233 11.0208 13.9931 36.4411 13.3347 40.9012 43.4927 35.17 38.1123 22.0626 20.2398 30.1926 37.1722 49.9625 40.0229 35.0561 55.5484 46.5173 44.4755 27.1343 12.8369 19.422 42.8351 38.3603 49.4019 61.6591 1.35407 40.2538 6.70905 45.359 27.0312 26.4826 9.3526 40.2648 64.6954 25.8166 2.73779 43.992 8.48572 28.9194 45.0928 35.6008 38.7039 30.5538 60.6071 30.7478 11.7366 28.8721 51.3902 34.1057 61.7075 55.2537 30.1063 33.585 44.2062 46.4176 44.493 36.0119 23.6015 40.7026 13.2887 46.5368 36.3297 27.1291 30.3423 16.9893 30.3731 41.0149 10.9358 0 13.7252 39.3309 23.9903 34.0407 41.453 18.085 42.8556 21.2172 23.2458 10.5184 39.4609 47.7458 16.2706 41.032 40.3153 7.19325 22.1147 22.8661 37.1617 40.3415 34.5002 42.72 31.2097 1.664 34.4959 50.2838 
6.86442 3.68592 19.1173 9.3102 26.1989 46.3426 10.1011 3.01642 24.3181 10.2598 33.4705 49.7905 25.4381 44.3279 25.4644 23.9219 28.8399 37.9567 44.0834 39.2154 24.8112 48.9302 35.3528 43.0658 13.4143 26.2271 14.3153 46.742 36.0402 46.1018 53.9116 14.85 26.5486 16.3656 32.2876 14.1367 31.6505 10.888 26.6212 58.0688 21.3476 13.0396 34.8773 7.56014 26.5528 38.5105 35.7725 46.2051 33.5246 53.3308 35.4994 25.4207 32.7144 47.5374 39.2878 53.9242 48.3242 29.3071 41.6412 50.1487 41.7527 31.8221 36.0682 30.3918 39.8457 24.897 48.2032 28.4083 21.1883 30.0628 16.6382 16.6577 33.5023 22.4886 13.7252 0 45.8837 14.1776 20.8613 34.342 4.39886 40.2354 20.4627 13.371 16.6074 25.8367 46.4009 4.5526 48.0472 26.6091 20.8912 10.2391 20.7215 42.1072 47.3197 31.2408 46.4181 17.6645 13.5478 38.918 42.6297 
52.6401 42.3338 44.1029 47.1036 21.0611 35.8196 35.7854 43.4539 52.5152 51.6921 40.9495 4.1784 44.8333 1.81974 20.7632 22.0865 24.7155 18.195 40.8025 22.7614 46.156 46.3035 55.3067 25.5647 54.5479 32.9579 34.948 9.36393 26.6464 33.0504 53.9743 38.2237 66.1964 32.7272 62.6497 58.9516 14.3034 35.2515 63.1344 52.6209 32.0786 37.2803 47.1987 38.8858 27.2218 40.3964 19.9895 3.41385 14.8544 51.7277 11.0289 38.3277 14.2653 35.677 7.40344 54.1242 47.068 23.5095 7.21959 5.12583 35.5522 59.9587 20.2553 15.8777 23.0107 27.7611 17.4518 40.5759 34.7382 22.2733 29.9706 56.7878 41.2201 29.399 39.3309 45.8837 0 41.8952 55.253 40.2969 49.1004 28.4622 27.5871 41.9076 30.0929 62.2667 26.6655 43.989 2.57625 64.268 38.2482 45.3385 28.9272 6.08458 1.96993 28.7238 9.96277 60.2988 37.8934 8.96802 46.2647 
17.1962 12.139 31.0827 23.0262 20.8701 33.2856 13.6774 11.6547 13.2661 24.4207 19.3945 45.1962 11.4657 40.1227 21.7611 21.0528 19.3648 29.0819 30.2903 28.8157 11.1277 34.8838 22.5339 31.8902 13.6377 33.7693 7.59692 39.9409 24.7052 33.4891 39.7341 24.5586 24.3011 22.5363 23.3436 19.9303 28.1548 15.6181 21.5202 43.977 10.6989 21.918 20.7931 15.5127 16.5861 24.5813 26.6046 43.2435 27.4081 39.1735 30.8672 34.9966 27.6335 34.566 34.5583 39.7467 34.2246 20.2735 39.7734 45.1475 28.5361 21.6727 26.7578 28.8765 29.3491 29.937 39.2063 14.2992 9.01288 21.3833 13.5269 15.2184 19.4091 28.0308 23.9903 14.1776 41.8952 0 13.6738 20.3307 13.3464 28.352 14.4224 0.81282 19.7589 20.6354 35.0782 9.62969 44.3786 22.492 30.6565 5.11829 12.9813 36.7972 43.6716 19.6626 39.4405 19.3215 22.9364 33.4519 28.4655 
18.8365 21.219 39.973 29.8783 34.3682 40.1346 25.6583 20.0476 6.47222 29.0483 24.1239 58.3778 14.2512 53.458 35.4082 34.7266 31.5766 40.9872 35.1682 39.6432 12.6239 37.9651 17.4875 41.7599 9.19929 45.5418 21.2293 52.4879 34.9514 41.2265 40.4276 34.9617 11.5463 34.4865 11.4272 15.7247 41.7483 27.4914 7.89127 46.1123 23.2912 32.6427 21.6129 26.025 28.7828 29.4464 38.472 56.7598 40.5414 40.7131 44.2596 45.7285 41.0051 41.5129 47.8654 40.3775 36.889 32.6492 53.4157 58.2207 35.4109 11.3009 38.5269 42.5494 40.0566 42.5584 50.5971 19.9484 20.834 33.8541 27.1126 7.16362 23.9808 40.4342 34.0407 20.8613 55.253 13.6738 0 25.365 17.1757 37.622 28.0216 13.8913 32.5207 7.01704 44.5877 17.7875 57.7716 9.06658 41.1966 12.3626 26.3843 49.9219 57.0753 30.1813 51.9252 11.43 33.448 46.6032 30.721 
37.3448 31.7564 49.0113 42.659 24.7224 14.8109 30.4627 31.5872 19.3883 44.5946 1.25386 42.0353 11.2188 38.5488 27.3546 28.0926 17.0503 22.3468 10.1697 18.6938 12.7796 14.5887 16.0416 18.785 31.3562 47.6782 22.0757 34.0588 13.9784 16.1933 20.2063 41.5777 36.334 37.5453 26.6405 38.5287 31.1079 32.1074 31.4147 23.747 15.9431 38.885 7.14447 33.6695 15.8059 4.32432 20.3246 42.957 26.6025 19.2364 31.137 50.5884 28.4203 16.1922 33.5233 20.2556 14.0335 18.1584 41.757 41.3375 10.1988 23.4017 20.0898 34.2462 18.7839 42.2009 29.3072 6.12031 14.324 19.1793 25.3415 31.2646 1.44569 41.1725 41.453 34.342 40.2969 20.3307 25.365 0 33.6231 14.3723 22.1683 21.1038 33.4024 30.7883 20.856 29.8063 42.8143 33.1506 46.8864 25.1736 19.8604 34.2175 42.2653 11.8466 33.3494 35.9457 40.0228 31.5419 8.86225 
4.04577 7.01669 23.1023 12.726 28.8171 46.5084 13.6257 5.74731 21.3479 12.1957 32.6426 52.9081 23.8173 47.4866 28.4303 27.0175 30.395 39.8491 43.6317 40.6072 22.9435 48.1159 32.7242 44.1856 9.13593 30.6259 15.7669 49.3122 37.0359 46.5425 52.5883 19.2317 22.1695 20.6466 28.5604 10.0892 34.8007 14.7425 22.4378 57.1412 22.2855 17.4351 33.268 11.7064 27.8937 37.8999 37.5449 49.6267 36.1147 52.202 38.4679 29.7402 35.5377 47.7627 42.2831 52.5863 47.3968 31.0105 45.2238 53.1793 41.7979 28.3686 37.7989 33.9013 41.2075 29.1899 50.1507 27.5379 21.5663 31.8897 19.3061 12.3829 32.6389 26.7976 18.085 4.39886 49.1004 13.3464 17.1757 33.6231 0 41.0243 22.6755 12.6141 20.5238 21.6788 47.4788 5.28546 51.345 22.3351 25.2244 8.48707 22.4999 45.0015 50.6164 32.0796 48.9393 13.2771 17.945 41.7411 41.5007 
45.0542 36.8681 50.2175 46.7325 20.0546 8.48379 33.012 37.2225 32.4243 49.8544 15.4591 29.3426 23.6728 26.8948 22.8372 24.3328 12.6898 10.6205 12.3448 5.74227 25.3312 18.0094 30.3965 4.41894 41.5648 45.1561 25.9707 20.7979 4.49645 6.67167 25.6988 42.521 49.0833 37.2635 40.7381 48.2381 23.5336 34.0579 44.5467 25.4008 18.8909 40.1178 21.412 36.8239 14.106 12.7709 9.86188 31.5546 17.7331 23.5742 21.7426 49.2625 20.0993 9.03405 22.8348 25.8389 18.6687 12.9487 31.7208 28.4177 7.0904 37.5542 9.41825 27.5766 5.45148 39.0284 15.0643 17.9607 19.5042 13.0569 25.983 42.3336 15.7146 38.8269 42.8556 40.2354 28.4622 28.352 37.622 14.3723 41.0243 0 21.6635 28.9116 32.8456 43.8278 6.96639 36.1571 30.7894 46.1644 46.4981 33.4315 20.3011 22.5364 30.3588 8.99551 20.0597 46.8896 41.2212 20.6732 18.0962 
26.5804 16.795 28.6544 25.4505 6.53262 29.2482 11.6468 17.5675 26.3279 29.0384 21.9829 31.0465 20.3749 25.8414 7.43143 7.09226 9.09237 17.536 29.3612 19.3412 21.1991 35.2087 32.3789 23.5919 27.0396 25.5425 7.40864 26.684 17.1758 28.1855 41.9353 20.9494 38.676 16.0091 36.7093 31.9763 13.7352 12.4663 35.9021 44.1818 6.7463 18.4815 26.7435 15.5132 7.73199 25.1134 15.4522 28.8298 13.5732 40.5637 16.5746 28.7604 13.397 30.1877 20.3378 42.0105 35.1179 9.22474 25.4019 31.117 25.4066 34.478 15.7856 14.8175 20.0067 20.0479 27.7465 18.5947 9.39246 9.77301 4.36244 29.2038 22.1697 19.0224 21.2172 20.4627 27.5871 14.4224 28.0216 22.1683 22.6755 21.6635 0 14.3668 11.6307 35.0207 26.9226 17.3902 30.0354 36.9115 25.4324 17.7911 2.39159 22.7833 29.3219 13.3576 26.2889 32.8151 19.5966 19.4475 30.9041 
16.4948 11.3318 30.3092 22.2141 20.8566 33.9611 13.025 10.8419 13.8195 23.6175 20.1774 45.2558 12.2716 40.1436 21.6443 20.8736 19.669 29.3914 31.0397 29.2476 11.9112 35.6653 23.2717 32.3955 13.3083 33.1514 7.34012 40.1339 25.2051 34.1231 40.541 23.8318 24.3099 21.9149 23.802 19.4412 28.077 14.965 21.6911 44.7657 11.0118 21.202 21.6056 14.7631 16.9105 25.3449 26.9269 43.1958 27.5032 39.973 30.8792 34.305 27.6575 35.2344 34.5935 40.5541 35.0137 20.5465 39.649 45.2332 29.2228 22.2113 27.0922 28.6811 29.7907 29.409 39.5552 15.0863 9.48939 21.6348 13.2289 15.04 20.1949 27.471 23.2458 13.371 41.9076 0.81282 13.8913 21.1038 12.6141 28.9116 14.3668 0 19.2335 20.8041 35.602 8.82154 44.3776 22.6054 29.948 4.51996 13.0416 36.8793 43.6675 20.1651 39.6445 19.0358 22.2114 33.5317 29.2665 
23.4623 13.5204 17.4777 17.1617 13.641 40.7229 7.16563 14.8356 33.0247 21.6442 33.0691 34.1661 29.3798 28.6929 11.5575 9.73416 20.1662 26.6698 40.9851 29.6671 29.7254 46.8053 41.4049 34.1736 28.1057 14.5544 12.8728 32.6461 28.36 39.4757 53.4098 9.89434 41.2313 4.424 43.0067 30.6011 16.4377 5.78166 39.866 55.806 17.4709 7.91414 37.165 9.12007 19.2926 36.6029 25.158 30.0094 20.0903 52.1121 20.649 17.2079 18.5181 41.6009 24.2013 53.4781 46.6761 19.9364 25.2289 34.7207 37.0068 41.4312 25.5785 14.2428 30.3472 10.1782 36.0402 29.0791 19.4802 20.0507 8.07378 31.0468 33.2281 8.36039 10.5184 16.6074 30.0929 19.7589 32.5207 33.4024 20.5238 32.8456 11.6307 19.2335 0 38.9913 37.4041 16.2248 32.0627 40.393 13.8083 20.2586 13.701 27.2145 31.3448 24.9261 32.482 33.3419 8.86184 24.3556 42.2367 
22.204 26.8934 44.7758 34.2449 41.3826 45.5777 31.9705 25.6209 11.4587 32.5681 29.5347 65.3742 20.1626 60.4706 42.3925 41.6745 38.4763 47.7863 40.0929 46.2145 18.5015 42.1262 19.6282 48.0695 12.592 51.4638 28.1397 59.383 41.4388 46.9288 43.4966 40.4925 5.71014 40.6173 9.02748 16.7745 48.7523 33.7255 0.887877 49.6293 30.2764 38.3514 25.9255 31.8687 35.6962 34.6013 45.2759 63.7753 47.5412 44.1426 51.276 51.1963 48.0212 46.9582 54.8771 43.4204 40.9262 39.5678 60.4041 65.2026 40.9791 10.9316 45.3111 49.4852 46.5958 48.8831 57.2354 25.9038 27.7744 40.7818 33.9762 9.40526 29.3544 46.6797 39.4609 25.8367 62.2667 20.6354 7.01704 30.7883 21.6788 43.8278 35.0207 20.8041 38.9913 0 50.7665 23.5205 64.787 2.36245 46.6539 18.7375 33.4006 56.915 64.0912 36.7956 58.809 11.2831 39.0573 53.6012 34.8849 
51.5225 42.9237 54.8806 52.3446 23.9256 9.79187 38.5354 43.3858 39.3454 55.733 22.018 26.5593 30.6048 25.3793 26.4772 28.1726 17.8601 11.6388 16.1166 7.73766 32.2653 20.6 36.688 3.34767 48.4178 48.4975 32.0862 17.7982 10.446 6.88546 28.024 47.2669 56.0427 41.7439 47.4431 55.003 25.4805 39.3762 51.4781 26.0026 25.2015 45.025 27.6628 42.3958 19.8759 18.48 12.4066 30.0082 19.564 25.6394 22.6454 52.9983 21.9621 9.29663 22.5642 28.1891 21.6302 17.7282 31.3288 25.4004 11.6885 44.2266 11.9546 29.7062 7.05769 42.2869 10.3654 24.8742 26.1271 17.4051 31.2827 49.2569 22.2591 42.4497 47.7458 46.4009 26.6655 35.0782 44.5877 20.856 47.4788 6.96639 26.9226 35.602 37.4041 50.7665 0 42.4853 28.6727 53.1072 50.6668 40.1149 25.9433 21.3455 28.3848 15.4533 17.0814 53.7931 46.0867 20.477 22.8215 
9.24036 3.43151 22.5841 13.5637 23.5592 42.0123 9.07738 2.34151 20.4456 14.8102 28.9254 47.7509 20.9487 42.3519 23.2623 21.9079 25.2104 34.6023 39.5918 35.4872 20.3836 44.3926 31.1772 39.171 11.9179 27.9442 10.555 44.035 32.0644 41.8734 49.3624 17.1742 25.1515 17.1911 29.0889 14.9741 29.6867 10.5551 24.3604 53.5246 17.2977 14.8864 30.3661 8.34823 22.7678 33.9902 32.3187 44.6253 30.8452 48.7784 33.2768 27.9412 30.3107 43.2287 37.095 49.3756 43.7781 25.7909 40.3469 47.9912 37.3788 28.2982 32.5818 29.0055 36.0982 25.619 44.9006 23.8585 16.8774 26.6467 14.0895 14.9607 28.9552 23.3281 16.2706 4.5526 43.989 9.62969 17.7875 29.8063 5.28546 36.1571 17.3902 8.82154 16.2248 23.5205 42.4853 0 46.2701 24.6388 23.411 6.06371 17.2492 39.781 45.5419 27.1714 43.6586 17.1379 15.665 36.5067 38.0771 
54.8342 44.529 45.514 48.9548 23.5215 37.9809 37.9466 45.6713 55.0773 53.5839 43.48 3.44674 47.409 4.39444 23.1063 24.3646 27.2917 20.6395 43.1128 25.1209 48.7299 48.5438 57.8704 27.7476 56.9448 34.0121 37.372 11.0229 29.1084 35.1784 56.198 39.8878 68.6776 34.4985 65.2201 61.2421 16.603 37.3388 65.6563 54.6706 34.6238 39.0716 49.736 40.9563 29.7953 42.8433 22.4945 2.77453 17.4201 53.9259 13.5186 39.3899 16.7685 37.7846 9.95655 56.3504 49.3395 26.0857 7.91424 4.84995 37.8779 62.5332 22.7488 17.8207 25.3419 29.0816 19.108 43.1463 37.293 24.8495 32.3015 59.2214 43.751 30.8494 41.032 48.0472 2.57625 44.3786 57.7716 42.8143 51.345 30.7894 30.0354 44.3776 32.0627 64.787 28.6727 46.2701 0 66.7774 39.577 47.7545 31.4234 8.60024 0.728587 31.2747 11.6919 62.6849 39.637 11.5435 48.673 
22.4381 27.949 45.3355 34.6898 43.3219 47.9389 33.3055 26.6451 13.8167 32.7066 31.897 67.4272 22.5066 62.4781 44.2439 43.4677 40.6326 49.9979 42.4367 48.4965 20.8449 44.4086 21.7454 50.3959 13.2036 52.5205 29.911 61.5443 43.7363 49.2907 45.6401 41.393 3.49511 41.8165 10.5436 16.3814 50.6459 35.0088 1.84465 51.8268 32.3529 39.3456 28.2456 32.9633 37.8426 36.9576 47.4848 65.7139 49.5889 46.336 53.2597 52.0288 50.0091 49.3193 56.8895 45.5601 43.1974 41.7108 62.2529 67.2806 43.3416 12.8277 47.5284 51.2543 48.8848 50.1702 59.5034 28.2512 29.8988 42.9178 35.6853 9.95563 31.7165 47.9252 40.3153 26.6091 64.268 22.492 9.06658 33.1506 22.3351 46.1644 36.9115 22.6054 40.393 2.36245 53.1072 24.6388 66.7774 0 47.4957 20.2146 35.3611 58.975 66.0775 39.064 60.9777 10.8114 40.0011 55.652 37.1768 
26.2092 19.9802 6.10474 14.4419 26.7486 54.4867 17.1421 21.1578 43.3946 18.737 46.4567 42.4114 41.5489 37.3018 24.2169 22.4956 33.8707 39.4703 54.7647 42.9562 41.5736 60.5466 53.1628 47.5258 34.3055 6.95259 25.2781 43.2195 42.036 53.1556 67.0183 6.24468 47.3771 9.43336 52.4804 33.8662 27.1128 15.2511 47.4569 69.5829 30.9705 8.75652 50.0462 15.364 33.0987 50.2582 38.2757 37.0163 32.1159 65.7965 31.2772 4.54372 30.0784 55.336 34.1539 67.0798 60.3763 33.5499 31.754 43.3234 50.814 51.5331 38.7207 23.4722 43.6319 10.4978 48.0122 42.1528 32.6758 33.5377 21.6424 37.548 46.5957 8.99979 7.19325 20.8912 38.2482 30.6565 41.1966 46.8864 25.2244 46.4981 25.4324 29.948 13.8083 46.6539 50.6668 23.411 39.577 47.4957 0 29.1634 27.4413 37.1869 38.938 38.7305 43.2277 38.2498 7.81093 34.9777 55.7479 
12.1829 9.33746 28.6255 19.5056 24.3186 38.3855 13.3058 8.39696 14.4025 20.1911 24.1747 48.8374 15.412 43.6092 24.7279 23.7182 23.945 33.6526 35.2312 33.6923 14.654 39.637 25.1529 36.9002 9.26077 33.2191 10.3938 44.1163 29.7085 38.6073 44.1374 22.9224 21.3926 22.1269 23.3775 14.9781 31.246 15.1291 19.6147 48.6543 15.3484 20.482 24.8805 13.8306 21.2305 29.4666 31.2156 46.4043 31.2538 43.7221 34.3515 33.6583 31.1877 39.6714 38.1266 44.1385 38.9108 24.7617 42.567 48.8985 33.6252 22.3798 31.4018 31.3638 34.2455 30.2223 43.8746 19.0728 13.9919 25.803 15.7497 11.507 24.1658 28.0777 22.1147 10.2391 45.3385 5.11829 12.3626 25.1736 8.48707 33.4315 17.7911 4.51996 20.2586 18.7375 40.1149 6.06371 47.7545 20.2146 29.1634 0 16.8356 40.5544 47.0352 24.6714 43.6555 15.0435 21.358 37.2112 33.0176 
26.4893 17.1298 30.3838 26.4667 7.99537 27.577 12.7114 17.7433 24.3275 29.7927 19.6419 32.2191 18.0858 27.1487 9.43364 9.33145 8.15169 17.3532 27.329 18.5528 18.9665 33.1122 30.0468 22.5959 26.0844 27.8195 6.76696 27.2922 15.8686 26.69 39.7321 22.7009 37.2766 18.0091 34.6971 31.4193 15.4533 13.8066 34.2755 42.1437 4.36694 20.1487 24.3528 16.5346 6.19508 22.9146 15.0867 30.3766 14.4703 38.412 17.9052 30.8972 14.6619 28.5757 21.5784 39.8035 32.9752 8.58804 27.1995 32.1923 23.5648 32.3822 15.3657 16.913 19.1973 22.3983 27.6525 16.2031 7.06577 9.39907 5.89281 28.0536 19.8241 21.3122 22.8661 20.7215 28.9272 12.9813 26.3843 19.8604 22.4999 20.3011 2.39159 13.0416 13.701 33.4006 25.9433 17.2492 31.4234 35.3611 27.4413 16.8356 0 23.8381 30.7208 11.658 26.8444 31.866 21.2813 20.4904 28.6341 
48.709 38.4683 42.7239 44.3737 16.3059 30.1413 32.1166 39.4956 46.8862 48.7946 34.8797 8.46436 39.022 4.38927 16.6428 18.2249 18.8959 12.1425 34.8792 16.8049 40.3877 40.4736 49.3072 19.8989 49.8122 32.7474 30.1907 6.20711 20.5732 27.4433 48.1602 36.1849 61.0463 30.4533 56.9223 54.6318 10.7771 31.862 57.7726 47.0933 26.6397 34.8602 41.1367 35.5087 21.5005 34.329 13.9052 9.01979 9.39715 45.955 6.63851 37.9868 9.47255 30.0955 3.06223 48.3062 41.1918 17.7059 10.133 8.35451 29.615 54.1698 14.1712 13.7541 17.0966 26.972 13.2275 34.6191 29.21 16.4622 25.6969 51.8826 35.1508 28.1871 37.1617 42.1072 6.08458 36.7972 49.9219 34.2175 45.0015 22.5364 22.7833 36.8793 27.2145 56.915 21.3455 39.781 8.60024 58.975 37.1869 40.5544 23.8381 0 8.04981 22.688 6.41141 55.5917 35.6143 3.34806 40.2254 
54.1061 43.8008 44.8634 48.2486 22.8109 37.6306 37.2191 44.9428 54.4073 52.8741 42.9192 3.81706 46.7653 3.76388 22.3814 23.6368 26.6564 20.1413 42.6925 24.6723 48.0792 48.1584 57.2707 27.3852 56.2231 33.4177 36.6541 10.8379 28.6 34.8421 55.8211 39.2016 67.9696 33.7992 64.5611 60.5141 15.8764 36.6141 64.961 54.3706 33.9415 38.3707 49.1686 40.2326 29.1443 42.3457 21.9549 2.37638 16.7576 53.5607 12.8178 38.7957 16.0704 37.4576 9.28633 55.9724 48.9391 25.4488 7.33936 5.14413 37.4491 61.8837 22.2179 17.1023 24.9082 28.4409 18.943 42.5345 36.6173 24.2146 31.5754 58.5043 43.1899 30.1899 40.3415 47.3197 1.96993 43.6716 57.0753 42.2653 50.6164 30.3588 29.3219 43.6675 31.3448 64.0912 28.3848 45.5419 0.728587 66.0775 38.938 47.0352 30.7208 8.04981 0 30.6928 11.4858 61.962 38.9414 10.9195 48.1995 
36.1174 27.8884 41.9859 37.8909 13.6854 15.9241 24.2782 28.2286 25.7501 40.9056 12.3362 30.7961 17.193 26.943 16.4908 17.598 5.57238 11.4427 16.4017 9.46939 18.747 22.4093 26.6448 12.2305 33.1302 38.2351 16.9923 23.4094 5.04271 15.0975 29.5971 34.2859 41.727 29.3338 35.1266 39.5922 19.4211 25.4559 37.58 31.1279 9.89538 31.774 18.5125 28.0377 5.63521 13.2066 9.08135 31.2477 14.7562 27.9523 19.2909 41.8749 16.602 16.9191 21.7678 29.696 22.529 6.52287 29.911 30.2441 12.09 32.157 8.97295 22.8187 9.91177 32.3351 20.4401 12.1395 10.6796 7.4175 17.5112 34.1871 12.601 31.7393 34.5002 31.2408 28.7238 19.6626 30.1813 11.8466 32.0796 8.99551 13.3576 20.1651 24.9261 36.7956 15.4533 27.1714 31.2747 39.064 38.7305 24.6714 11.658 22.688 30.6928 0 22.7523 38.6258 32.9003 19.8468 19.3763 
52.7932 42.7364 48.6158 49.5268 20.2193 26.6016 36.6748 43.6537 48.1955 53.7945 34.1977 9.49886 39.8537 9.07789 21.267 23.01 20.3499 11.3096 32.1529 14.7503 41.3516 37.3157 49.1043 16.5153 52.8737 39.034 33.5301 0.740591 19.3755 23.7439 44.901 41.8207 63.3172 36.029 57.8377 58.2176 16.2776 36.6678 59.6378 43.0746 28.8413 40.3006 40.471 40.268 23.1507 32.6548 13.723 13.3766 12.8953 42.5729 12.0201 44.2268 14.0064 26.3005 9.21451 45.0594 38.2028 19.2998 16.0259 8.4238 27.0315 54.9008 13.7872 19.7642 14.7909 33.1618 7.48904 34.8805 31.115 18.1226 29.7861 54.6588 34.4707 34.2434 42.72 46.4181 9.96277 39.4405 51.9252 33.3494 48.9393 20.0597 26.2889 39.6445 32.482 58.809 17.0814 43.6586 11.6919 60.9777 43.2277 43.6555 26.8444 6.41141 11.4858 22.7523 0 58.6434 41.1273 8.27398 38.1557 
12.2423 19.9498 35.42 24.6531 39.331 50.4618 26.2129 18.6031 17.8704 22.183 34.7435 63.8504 24.7405 58.5867 39.591 38.453 38.6853 48.4034 45.9942 47.9714 23.2436 49.1666 28.7645 50.7347 5.78317 43.8711 25.407 59.1179 43.6306 51.2386 51.8498 32.4071 9.45423 33.863 20.0923 5.5701 46.1131 27.6123 11.7199 57.4692 30.0192 30.7029 32.8854 24.8744 35.9073 40.1764 45.925 61.2383 46.2973 52.0959 49.3457 42.7099 46.2039 51.8223 53.1345 51.8012 48.1391 39.5799 57.1963 63.9313 45.6644 21.3349 46.0738 45.8829 48.4738 42.4021 58.508 30.1141 28.1972 40.6704 30.4473 4.68125 34.6355 40.0289 31.2097 17.6645 60.2988 19.3215 11.43 35.9457 13.2771 46.8896 32.8151 19.0358 33.3419 11.2831 53.7931 17.1379 62.6849 10.8114 38.2498 15.0435 31.866 55.5917 61.962 38.6258 58.6434 0 31.178 52.2501 41.9638 
19.5339 12.2359 9.1091 9.602 22.4756 48.8205 9.68231 13.4575 35.588 14.3528 39.4953 42.0468 33.9953 36.6462 20.4122 18.5891 28.5517 35.5096 48.4366 38.3625 33.9394 54.0532 45.468 42.8187 26.875 12.6939 18.049 41.2511 36.7252 47.7768 60.2272 1.62535 40.0829 5.18154 44.6952 27.2167 24.9097 7.92517 39.8759 63.1881 24.3146 1.14297 42.7138 7.55417 27.3089 43.6174 33.937 37.3454 28.9151 59.1447 29.1717 12.303 27.2539 49.7789 32.5623 60.278 53.7777 28.4554 32.263 42.7365 44.8426 43.7232 34.3483 22.112 39.0422 12.3819 44.8905 34.9812 25.7028 28.6842 15.3952 30.0942 39.6145 9.96775 1.664 13.5478 37.8934 22.9364 33.448 40.0228 17.945 41.2212 19.5966 22.2114 8.86184 39.0573 46.0867 15.665 39.637 40.0011 7.81093 21.358 21.2813 35.6143 38.9414 32.9003 41.1273 31.178 0 32.9161 48.8662 
45.4774 35.2652 40.342 41.4774 12.9898 28.6598 28.9786 36.2702 43.6469 45.8327 32.1397 11.7751 35.8788 7.156 13.4741 15.1188 15.7526 10.058 32.9297 14.9539 37.2162 38.6822 46.367 18.5737 46.4699 30.9761 26.8529 8.34301 18.2142 26.0944 46.3704 33.5755 57.7075 27.7948 53.7305 51.3294 8.01944 28.8043 54.4608 45.7253 23.3324 32.1138 38.3555 32.4404 18.2925 31.939 11.4142 11.4157 6.06349 44.2406 3.75313 36.0991 6.20991 28.7566 2.16482 46.5094 39.3121 14.5492 11.0766 11.7026 27.6634 51.0137 11.7447 11.548 15.3489 25.0068 13.7961 31.6178 25.9278 13.3105 22.4361 48.5346 32.4083 26.0063 34.4959 38.918 8.96802 33.4519 46.6032 31.5419 41.7411 20.6732 19.4475 33.5317 24.3556 53.6012 20.477 36.5067 11.5435 55.652 34.9777 37.2112 20.4904 3.34806 10.9195 19.8468 8.27398 52.2501 32.9161 0 37.9453 
45.0289 40.2526 57.8319 51.2013 32.9068 13.797 39.2788 39.9834 24.2805 52.8831 9.39584 47.3943 17.8801 44.6147 35.6399 36.5291 24.9106 28.0832 6.95858 23.5904 19.0854 7.26489 16.4226 21.9563 38.0308 56.4446 30.8791 38.8936 19.7311 16.3666 11.4057 50.4266 40.5939 46.4001 28.7047 45.2671 38.7478 40.9457 35.344 15.7263 24.7946 47.7299 9.10984 42.414 24.133 6.17796 26.5376 49.2047 33.7068 10.7121 38.1672 59.4331 35.7636 14.9442 40.0459 11.4433 6.1753 25.899 48.68 46.5 11.2809 25.477 26.2006 42.1932 23.4389 50.8771 32.75 14.2706 23.1636 26.7572 34.1859 37.3631 9.30119 49.9264 50.2838 42.6297 46.2647 28.4655 30.721 8.86225 41.5007 18.0962 30.9041 29.2665 42.2367 34.8849 22.8215 38.0771 48.673 37.1768 55.7479 33.0176 28.6341 40.2254 48.1995 19.3763 38.1557 41.9638 48.8662 37.9453 0 
