100
9.39421 11.3573 0.787046 0
16.7627 19.4279 2.15195 0
16.4472 23.7337 1.49615 0
12.9878 14.8455 1.83196 0
13.8219 15.7272 0.719822 0
0.560379 10.8448 8.26555 0
12.0732 19.3497 1.7543 0
6.54078 16.1986 8.09431 0
5.17785 6.98614 27.1298 0
8.87936 14.9183 2.72649 0
4.85875 15.3225 0.636796 0
9.46437 18.3699 1.44575 0
7.56508 19.4137 1.86084 1
9.93545 17.3732 0.441363 0
15.8242 23.3944 1.73456 0
3.34832 13.7947 0.858746 0
6.44244 10.0157 1.66001 0
6.10635 11.3689 1.29533 0
11.3536 13.1079 1.55668 0
13.0758 23.5192 1.0712 0
9.86751 17.8154 0.349005 0
2.04307 9.23595 6.5269 1
7.77894 22.446 1.73735 0
18.3074 18.7101 0.805428 1
12.9928 14.8806 0.432907 0
7.65136 22.1713 22.865 0
8.05796 22.4053 2.0512 1
9.76768 18.2579 22.9398 1
7.76337 16.7904 0.337962 0
3.45398 10.0619 0.834749 0
15.99 22.1086 0.619026 0
11.0735 23.1208 0.822238 1
4.39928 16.9846 0.603374 1
1.0019 5.24745 2.11631 1
11.2724 12.7413 1.93661 0
10.664 13.7552 2.08027 0
5.09596 14.6495 1.83379 0
15.8755 20.8027 0.601479 0
2.66924 15.4479 0.300497 0
0.438289 11.5151 0.656523 0
16.5658 18.1011 1.07315 0
5.27367 21.5584 1.74293 1
12.8266 14.2544 6.87234 0
14.6345 17.6425 0.727926 0
1.43131 15.2748 1.38566 0
10.6703 11.8532 10.9401 1
4.70603 5.73847 1.93739 0
2.46213 3.65588 1.36118 0
8.74689 18.1671 1.4948 0
8.65853 19.7445 1.19544 1
6.9387 19.8754 0.796755 0
7.25673 11.0091 1.16684 0
18.1234 20.2748 1.35749 0
9.11681 15.3062 1.54162 1
14.9503 23.6904 1.73163 0
5.50066 8.25521 0.371936 0
18.9974 22.9411 0.515755 0
8.5148 15.0588 20.2143 1
4.93566 13.4739 1.19107 0
10.2182 13.9997 1.3718 0
14.3557 14.4603 1.21359 1
3.70977 7.69927 0.985175 0
4.3447 21.4789 1.1439 0
15.9212 19.3697 18.9499 1
4.24938 9.12219 1.31661 0
14.7607 16.2541 2.20449 0
10.3645 18.6125 1.56244 0
18.7986 22.9995 2.12511 0
12.8381 16.9922 1.85728 0
8.18489 17.9955 0.554812 0
4.1237 14.2116 2.1279 0
8.50329 16.3413 1.08763 1
8.68343 14.6762 1.24634 0
1.00128 2.29965 9.9929 1
1.63313 19.3879 1.42335 0
13.845 20.4904 1.44368 0
13.0524 16.1038 1.70303 0
2.38249 21.6444 0.309086 1
3.889 23.9063 1.71538 1
16.4095 17.7256 1.08781 0
12.4259 15.1896 2.18178 0
12.7478 17.4238 2.16692 0
2.3269 11.9578 1.76656 0
3.81129 18.7943 3.25546 0
16.7829 17.9026 0.728512 1
16.0286 22.4976 0.627076 0
8.50281 9.82089 11.1381 0
11.8542 23.0805 1.05351 0
14.5697 22.7452 0.321557 0
5.83879 15.9948 1.69515 0
4.55152 15.4471 2.03697 0
12.0027 12.0819 3.72765 1
16.1005 18.795 1.62426 0
3.22913 10.1369 11.9659 1
15.1139 19.3708 26.2787 0
5.12993 5.9714 1.69471 0
8.11766 20.5956 1.58722 0
6.10278 15.9708 9.12651 0
10.479 11.6571 1.22419 0
5.49713 18.4147 0.456258 1
400 50 500
0.025 0.0125 10000 3000 15 1e+06 300000 6 9
0 3.57496 7.52906 4.16564 4.08687 3.97768 6.31887 0.925598 5.34077 6.72349 4.21666 5.73988 4.29235 1.70133 1.17274 2.61817 5.731 5.4787 1.39949 6.00714 2.39263 7.51872 2.16487 4.75114 6.37194 5.93518 2.69514 7.6499 4.83815 7.67171 5.74448 4.7024 4.9685 4.6295 1.79222 3.74737 4.49305 5.80225 4.15473 3.36773 4.30465 8.28063 5.98778 6.34913 4.7955 6.05879 7.56622 5.42513 5.69807 2.5625 2.10305 7.13629 6.44909 5.78795 1.01122 7.65862 6.90499 4.24749 1.90543 5.41822 3.20227 6.31025 8.50282 4.0568 7.45384 2.92892 4.7468 5.37043 3.6049 6.85414 5.21678 2.19328 3.81182 4.11703 7.58256 0.75008 6.93462 4.41713 4.80561 3.23531 5.08081 7.57698 6.76348 4.89341 2.67298 3.82761 6.07659 5.33537 2.09143 2.82281 3.73972 7.3814 3.98386 7.67201 5.80743 4.23934 1.46326 4.15875 3.96276 5.86758 2.32243 
3.57496 0 8.27316 7.39019 7.6589 7.55257 6.05665 4.473 6.66632 4.39619 7.29058 9.30069 2.0761 2.02231 2.91995 6.10529 8.53796 7.74249 4.51599 9.57998 1.30106 7.44858 3.77798 1.23367 7.86304 7.56701 2.82879 7.3614 8.13604 9.41948 8.53056 8.27132 8.49647 4.19855 5.04047 6.07347 1.41063 9.29465 6.62912 4.67588 1.02752 5.76845 6.11555 6.53763 7.19715 4.6541 4.92371 6.24531 3.59409 3.87521 3.25131 7.16036 7.85254 8.93503 3.50431 6.30951 8.79969 6.36925 2.35521 6.24575 5.98157 7.54176 5.91599 5.34233 8.47559 0.879234 8.32153 8.76326 6.98169 6.35953 8.12836 2.85068 3.40343 6.7732 9.59442 4.00782 5.28675 7.86241 2.61493 2.14325 7.1162 5.62266 7.4864 2.46114 0.909455 1.94324 7.67151 5.58739 1.52912 5.49925 2.24682 9.09832 2.74038 9.02378 9.33124 4.92697 4.57165 0.759731 1.31956 6.49367 4.29779 
7.52906 8.27316 0 6.26904 8.43479 8.61226 2.65081 7.84678 2.28036 6.33882 5.77347 9.02705 6.55023 8.18097 8.42153 8.8002 5.12101 3.63724 6.44122 9.5161 7.42159 1.81045 5.41795 8.45301 1.83208 2.25312 9.75433 2.26543 6.71222 2.54447 5.05726 9.25181 8.18343 4.13967 8.86463 4.34106 7.59746 8.2679 4.38485 4.17839 7.88077 7.11105 2.25865 1.87451 4.06116 4.73039 7.1714 2.14309 5.97186 5.05897 5.69459 1.70779 1.64223 6.36593 6.53954 4.46617 2.72495 3.81472 6.52482 2.14748 5.23433 1.44976 7.37595 3.47237 0.638203 7.50664 8.91617 7.38232 6.7803 2.83824 5.36504 5.89832 10.8378 4.73865 3.24175 8.19092 5.03866 7.33319 6.31957 9.75769 3.28888 5.69764 0.799513 6.62933 7.84559 6.4352 2.13125 2.69271 7.49738 5.24696 10.1316 2.36052 10.5786 1.51213 8.5656 3.47119 6.40219 8.9823 7.18408 1.79303 5.20892 
4.16564 7.39019 6.26904 0 2.24407 2.47008 6.67815 3.64648 4.19736 8.97908 0.496076 2.85703 7.19203 5.81418 5.31448 3.38694 1.94449 2.75159 2.90112 3.33169 6.08944 7.25647 3.87911 8.38425 4.48953 4.02901 6.79218 7.60179 0.773536 5.02488 1.98876 3.01293 1.95021 5.97158 4.16142 2.29732 7.84632 2.30767 1.96903 3.8663 7.81727 10.4419 6.04571 6.1844 2.21067 7.66057 9.9665 4.91985 8.02098 4.03132 4.37861 6.88125 4.66318 1.62508 3.89143 8.75395 4.24351 2.64042 5.09249 4.90727 1.66671 4.8237 10.7118 3.90323 5.85435 6.56489 2.65366 1.51106 0.766391 7.27625 1.37602 4.78857 7.85602 1.5825 4.58716 4.28693 8.50689 1.07015 7.48774 7.4003 2.98106 9.29894 5.78121 7.71347 6.50477 6.74733 4.16304 5.56761 5.88011 2.09971 7.90508 4.84794 8.1327 5.56948 2.51852 4.67743 2.84076 8.08606 7.24281 5.38244 3.38292 
4.08687 7.6589 8.43479 2.24407 0 0.280971 8.49979 3.22507 6.26386 10.209 2.72592 1.67664 8.05533 5.74941 4.98972 1.9545 4.05956 4.99119 3.41803 1.92119 6.43559 9.25897 4.90664 8.81466 6.69537 6.2244 6.2181 9.56363 2.18373 7.26271 4.11481 0.846335 1.13071 7.43305 3.11769 4.20532 8.46819 2.01623 4.05358 5.39469 8.33115 11.7454 7.9222 8.12582 4.41484 9.11441 11.1528 6.88097 9.19257 5.20411 5.27641 8.87069 6.86193 3.21999 4.36066 10.4222 6.48597 4.66874 5.67564 6.86903 3.3474 6.98516 11.9991 5.66737 8.05623 6.96671 0.683464 2.10248 1.65528 9.10363 3.53049 5.6146 7.11295 3.6964 6.79667 3.8018 10.0009 1.34211 8.47204 7.02345 5.1572 10.7581 7.88776 8.63639 6.75285 7.58165 6.36365 7.36767 6.15306 3.56462 7.51436 7.09106 7.6102 7.8083 1.88793 6.3397 3.38757 8.24046 7.89543 7.36521 4.55031 
3.97768 7.55257 8.61226 2.47008 0.280971 0 8.60188 3.09404 6.42093 10.2136 2.94297 1.85621 8.01956 5.61872 4.83737 1.72911 4.3153 5.20585 3.40132 2.04547 6.34688 9.39402 4.92035 8.72161 6.88942 6.41541 6.02802 9.68957 2.45185 7.49466 4.36953 0.782714 1.39547 7.48238 2.91121 4.34855 8.39992 2.27053 4.22744 5.46899 8.25036 11.7565 8.03601 8.25116 4.61396 9.15517 11.1486 7.01435 9.19256 5.2325 5.26834 9.00379 7.05299 3.49658 4.31366 10.4928 6.71314 4.82707 5.62318 7.00258 3.47602 7.16374 12.0073 5.77395 8.2469 6.88055 0.776072 2.3833 1.83758 9.20498 3.77962 5.59326 6.90164 3.87917 7.04074 3.64877 10.0449 1.6098 8.44991 6.84911 5.34502 10.7946 8.04959 8.60545 6.64999 7.54488 6.55627 7.47021 6.05808 3.66086 7.33611 7.31697 7.41818 8.01982 2.12163 6.42569 3.37567 8.11792 7.83395 7.50104 4.58772 
6.31887 6.05665 2.65081 6.67815 8.49979 8.60188 0 6.90947 2.74308 3.69805 6.2354 9.52718 4.13022 6.45669 6.93135 8.25829 6.27137 4.74277 5.63828 9.99153 5.4668 1.39193 4.19318 6.01872 3.44074 3.53738 8.03144 1.36638 7.32846 4.83347 6.21987 9.34558 8.60174 1.90314 7.96303 4.38678 5.16081 8.95108 4.74583 3.19942 5.49088 4.60943 0.682663 0.839533 4.78259 2.07959 4.56625 1.86142 3.34044 3.78935 4.22977 1.13064 3.2934 7.37809 5.32122 2.20874 4.65136 4.06763 4.81271 1.87388 5.17089 2.86425 4.88537 2.83323 3.12962 5.40822 9.10443 8.08485 6.92783 0.604053 6.27808 4.25924 9.02125 5.13078 5.3877 7.05937 2.47079 7.70887 3.80236 7.82985 4.08119 3.20842 2.0752 4.10085 5.82327 4.12358 3.52078 1.13212 5.62774 4.94103 8.12866 4.55793 8.60757 3.96579 9.18902 2.21454 5.62393 6.70171 4.83694 1.53854 4.25095 
0.925598 4.473 7.84678 3.64648 3.22507 3.09404 6.90947 0 5.59173 7.5961 3.79552 4.89546 5.19814 2.5256 1.7887 1.6958 5.38964 5.39147 1.40876 5.13601 3.31562 8.02977 2.72054 5.66366 6.51863 6.05646 3.17286 8.20273 4.24174 7.68808 5.41288 3.79905 4.17303 5.33207 1.05495 3.75929 5.41863 5.03516 4.06128 3.80026 5.22719 9.1559 6.51204 6.8445 4.6889 6.84319 8.4579 5.81368 6.56664 3.12256 2.80691 7.63889 6.61986 5.26236 1.65964 8.39807 6.89603 4.29949 2.78774 5.80524 3.04444 6.53902 9.38366 4.4183 7.69895 3.85169 3.86869 4.69168 2.99125 7.47048 4.84176 2.98375 4.21257 3.93805 7.51035 0.646088 7.72981 3.71412 5.69873 3.87481 5.10609 8.39934 7.11375 5.79885 3.57938 4.72947 6.20323 5.86539 3.01087 2.77629 4.37738 7.417 4.5452 7.81416 5.0094 4.74544 1.45252 5.02411 4.8869 6.28186 2.70933 
5.34077 6.66632 2.28036 4.19736 6.26386 6.42093 2.74308 5.59173 0 5.9941 3.71599 7.03957 5.31372 6.19371 6.31206 6.52272 3.53392 1.99983 4.18306 7.521 5.62159 3.06683 3.32449 7.11926 1.19699 0.975992 7.72424 3.43435 4.75662 2.7711 3.48102 7.09805 6.14682 3.05612 6.59737 2.08819 6.31225 6.37247 2.23475 2.10935 6.50773 7.179 2.06066 2.07274 2.10264 4.38369 6.96318 0.891262 5.29612 3.01909 3.69698 2.70148 1.19595 4.67375 4.38289 4.94972 2.25726 1.59512 4.60952 0.879499 2.98233 0.972308 7.45966 1.37585 2.11565 5.82285 6.79198 5.48776 4.61383 3.28846 3.58184 3.98481 8.83878 2.6166 3.07019 5.9695 5.0446 5.26533 5.2752 7.85153 1.3539 5.83395 1.63304 5.58209 6.07787 5.05817 1.04323 1.84934 5.63071 2.96799 8.27028 2.44928 8.68387 2.41278 6.63895 1.78974 4.14104 7.4168 5.79407 1.24907 3.02683 
6.72349 4.39619 6.33882 8.97908 10.209 10.2136 3.69805 7.5961 5.9941 0 8.65089 11.6032 2.53514 5.89272 6.70916 9.25984 9.22552 7.86067 6.81831 12.0043 4.68691 4.76946 5.30386 3.63093 6.96667 6.93759 7.14655 4.4467 9.73437 8.46437 9.188 10.9961 10.6783 3.08738 8.50728 6.83455 3.005 11.2588 7.35862 5.13161 3.41455 1.56027 4.22934 4.52238 7.65165 1.64716 0.997224 5.15484 1.03122 5.03216 4.95094 4.69101 6.85035 10.1182 6.00199 2.46115 8.16913 6.77005 4.81823 5.16403 7.31244 6.42555 1.79747 5.30972 6.82677 4.284 10.8853 10.4893 8.93669 3.55286 9.05776 4.6609 7.79943 7.68512 8.95196 7.41945 1.43488 9.84088 1.96151 6.53841 7.13627 1.32356 5.76318 1.98551 4.76037 2.94867 6.96312 4.16671 4.99102 6.90082 6.61668 8.17097 7.10204 7.65081 11.4182 4.50335 6.84039 4.69773 3.16203 5.04501 5.6999 
4.21666 7.29058 5.77347 0.496076 2.72592 2.94297 6.2354 3.79552 3.71599 8.65089 0 3.32569 6.95905 5.81475 5.38376 3.73353 1.62299 2.26528 2.87976 3.80544 5.9912 6.77948 3.66886 8.23783 3.99387 3.53294 6.88749 7.13088 1.10626 4.56295 1.65628 3.50547 2.43265 5.61226 4.41158 1.87981 7.66178 2.71862 1.50006 3.52051 7.65746 10.092 5.59434 5.72005 1.7146 7.29081 9.64312 4.45603 7.71118 3.77738 4.18627 6.40695 4.16722 1.64479 3.8247 8.33497 3.77445 2.17776 4.95909 4.44338 1.3836 4.32875 10.3644 3.49375 5.35865 6.44608 3.14939 1.8716 1.15755 6.83042 1.05703 4.60326 7.97468 1.11159 4.15332 4.42146 8.12447 1.562 7.22425 7.4444 2.48609 8.92072 5.29111 7.46192 6.42208 6.52603 3.66708 5.13445 5.80262 1.8566 7.94631 4.37652 8.20041 5.08259 2.95451 4.2837 2.81628 8.00439 7.05758 4.91275 3.15345 
5.73988 9.30069 9.02705 2.85703 1.67664 1.85621 9.52718 4.89546 7.03957 11.6032 3.32569 0 9.57022 7.41592 6.66565 3.57765 4.0902 5.40438 4.938 0.489609 8.05708 10.1047 6.32274 10.4371 7.20722 6.77418 7.88371 10.456 2.31486 7.42089 4.15504 1.43285 0.936123 8.69671 4.76651 5.14045 10.0502 0.925042 4.82294 6.59818 9.93549 13.1122 8.90042 9.04118 4.98779 10.3932 12.5698 7.77662 10.606 6.57159 6.74523 9.73264 7.39161 2.91877 5.92573 11.5729 6.71748 5.49692 7.23981 7.76403 4.40629 7.60148 13.3744 6.7268 8.55982 8.58294 1.11767 1.69693 2.67891 10.1272 3.70403 7.11224 8.75259 4.43492 6.8325 5.47812 11.2613 1.82189 9.9511 8.69807 5.77239 12.0411 8.59498 10.137 8.39208 9.10125 6.89676 8.40977 7.78389 4.74715 9.18751 7.31573 9.27423 8.14784 0.59121 7.47483 4.89802 9.89843 9.46632 8.23723 5.90345 
4.29235 2.0761 6.55023 7.19203 8.05533 8.01956 4.13022 5.19814 5.31372 2.53514 6.95905 9.57022 0 3.35774 4.17977 6.88939 7.89146 6.7908 4.64313 9.92869 2.15181 5.50973 3.31519 1.90468 6.48213 6.27953 4.66035 5.37529 7.96557 8.06944 7.86871 8.79241 8.67801 2.41619 6.0473 5.35667 1.04725 9.36154 5.92714 3.67755 1.36096 4.05254 4.30853 4.72015 6.38325 2.57888 3.29115 4.70341 1.59264 3.18409 2.83964 5.25779 6.4306 8.55686 3.70899 4.23652 7.55978 5.48485 2.42268 4.70709 5.57552 6.06361 4.25372 4.16849 6.84862 1.76634 8.73879 8.68127 6.98724 4.3623 7.59267 2.45856 5.41117 6.17468 8.3736 4.95196 3.22977 7.90689 0.584294 4.14439 6.09017 3.63947 5.79895 0.601069 2.2491 0.475085 6.35667 3.87964 2.45754 5.1068 4.31052 7.74961 4.80531 7.50771 9.4713 3.5291 4.67867 2.61652 0.758831 4.84351 3.81153 
1.70133 2.02231 8.18097 5.81418 5.74941 5.61872 6.45669 2.5256 6.19371 5.89272 5.81475 7.41592 3.35774 0 0.903646 4.10303 7.24828 6.76714 2.93499 7.66158 1.20752 7.79073 2.88641 3.25249 7.33624 6.95157 1.58662 7.82295 6.51154 8.77834 7.25392 6.31067 6.66386 4.57894 3.01858 5.01019 3.20563 7.50272 5.50156 4.08551 2.92097 7.39519 6.29691 6.70285 6.12796 5.63984 6.6009 6.04001 4.93012 3.17521 2.50392 7.44079 7.37542 7.42413 2.06217 7.32817 8.06192 5.43384 1.67154 6.0363 4.65676 7.15335 7.58262 4.82118 8.23136 1.6433 6.39389 7.06492 5.29124 6.90323 6.76741 2.28686 2.65828 5.54383 8.8014 2.00476 6.43763 6.11674 3.9362 1.70939 6.25634 6.9527 7.38402 3.92215 1.21973 2.97 7.08014 5.67068 0.920171 4.21308 2.18479 8.46942 2.53247 8.60366 7.50287 4.71461 2.99854 2.50538 2.79919 6.40951 3.29119 
1.17274 2.91995 8.42153 5.31448 4.98972 4.83737 6.93135 1.7887 6.31206 6.70916 5.38376 6.66565 4.17977 0.903646 0 3.25445 6.90372 6.61293 2.56639 6.88227 2.04109 8.21523 3.00677 4.15242 7.39738 6.97913 1.52626 8.29203 5.96457 8.75592 6.91705 5.49917 5.96091 5.11069 2.1324 4.86535 4.09981 6.82369 5.29919 4.24827 3.82308 8.2315 6.69315 7.08186 5.93891 6.32664 7.45282 6.2848 5.72271 3.36397 2.76013 7.84816 7.4593 6.93934 1.94444 7.99579 8.00398 5.34376 2.14751 6.27941 4.3659 7.28398 8.42754 4.97284 8.40438 2.52078 5.61301 6.4582 4.7194 7.41958 6.38883 2.67229 2.65143 5.27875 8.70272 1.18877 7.15736 5.48766 4.74767 2.09963 6.17859 7.71601 7.63645 4.76027 2.11868 3.76325 7.11624 6.04823 1.72563 3.97046 2.6049 8.4582 2.81946 8.68981 6.79639 5.01194 2.63069 3.35619 3.66942 6.6947 3.29708 
2.61817 6.10529 8.8002 3.38694 1.9545 1.72911 8.25829 1.6958 6.52272 9.25984 3.73353 3.57765 6.88939 4.10303 3.25445 0 5.32703 5.80269 2.63338 3.71297 4.9957 9.25567 4.1784 7.31621 7.25295 6.77127 4.329 9.48271 3.71141 8.16669 5.36825 2.28005 3.0687 6.83783 1.19946 4.47671 7.10677 3.96265 4.57806 5.06286 6.90284 10.82 7.78396 8.07137 5.12129 8.4207 10.1373 6.9267 8.22875 4.55785 4.37759 8.85985 7.38765 4.81023 3.26515 9.91435 7.3611 5.02223 4.47195 6.91651 3.60254 7.39824 11.0528 5.5591 8.54641 5.5301 2.46851 3.89876 2.62057 8.84348 4.75547 4.61112 5.17498 4.32403 7.84186 2.09935 9.31409 2.95605 7.3818 5.18086 5.72364 10.0107 8.13335 7.48956 5.23026 6.41903 6.91965 7.15999 4.68501 3.55512 5.65714 7.93738 5.71277 8.49666 3.84191 6.04624 2.64109 6.60223 6.58092 7.41444 4.01426 
5.731 8.53796 5.12101 1.94449 4.05956 4.3153 6.27137 5.38964 3.53392 9.22552 1.62299 4.0902 7.89146 7.24828 6.90372 5.32703 0 1.55715 4.34654 4.57309 7.26107 6.47894 4.77678 9.37268 3.29703 2.94052 8.42355 6.88946 1.90891 3.33205 0.0656805 4.72136 3.39242 6.13986 6.03442 2.5376 8.71233 3.23837 1.96546 4.23232 8.76883 10.5527 5.59066 5.59612 1.57391 7.71515 10.2209 4.41008 8.37543 4.76757 5.31009 6.15082 3.49001 1.25035 5.19952 8.47085 2.635 2.46442 6.18311 4.39766 2.59675 3.78947 10.8321 3.91813 4.58768 7.66738 4.30776 2.39327 2.70921 6.82237 0.572106 5.72649 9.52818 1.76592 2.77514 6.00298 8.46734 2.72788 8.05845 8.92085 2.19126 9.26851 4.8426 8.32851 7.71396 7.50112 3.03187 5.2889 7.11388 3.06166 9.41617 3.22821 9.70113 4.0844 3.56138 4.72219 4.28184 9.27846 8.11674 4.77704 4.24934 
5.4787 7.74249 3.63724 2.75159 4.99119 5.20585 4.74277 5.39147 1.99983 7.86067 2.26528 5.40438 6.7908 6.76714 6.61293 5.80269 1.55715 0 4.09956 5.89398 6.53173 4.92434 3.99719 8.43003 1.80731 1.40387 8.12945 5.33268 3.09469 2.36407 1.49983 5.76264 4.5903 4.80688 6.23625 1.7586 7.69843 4.63086 1.33381 3.13718 7.81396 9.12279 4.06022 4.04625 0.703898 6.29708 8.84762 2.88765 7.07247 3.86755 4.50497 4.5939 1.99527 2.76216 4.7246 6.94947 1.55843 1.37388 5.44144 2.87555 2.34769 2.2538 9.40336 2.64344 3.15551 6.86376 5.39208 3.74625 3.38908 5.28186 1.72845 4.89373 9.26106 1.48993 2.11943 5.92646 7.00758 3.77792 6.87602 8.47628 0.726074 7.80394 3.29867 7.16495 6.99882 6.44785 1.51076 3.80754 6.44554 2.65977 8.94789 2.14178 9.29374 2.81793 4.93069 3.39632 4.03933 8.50051 7.12496 3.23131 3.51211 
1.39949 4.51599 6.44122 2.90112 3.41803 3.40132 5.63828 1.40876 4.18306 6.81831 2.87976 4.938 4.64313 2.93499 2.56639 2.63338 4.34654 4.09956 0 5.28654 3.22205 6.69124 1.56862 5.57021 5.12185 4.66504 4.09209 6.89113 3.62891 6.34031 4.35749 4.18227 4.06693 4.22006 2.42807 2.39903 5.1237 4.8134 2.76881 2.46123 5.03558 8.3668 5.19189 5.50325 3.40891 5.83976 7.74792 4.42904 5.79429 1.9322 1.86829 6.29725 5.21843 4.49584 1.01756 7.29198 5.55964 2.9248 2.31042 4.42012 1.80291 5.13088 8.61424 3.03409 6.2905 3.72163 4.10088 4.24774 2.46879 6.21819 3.84588 2.19657 5.21121 2.71796 6.213 1.84723 6.73475 3.36408 5.05409 4.57939 3.74698 7.4579 5.71443 5.22026 3.61891 4.17109 4.81071 4.55596 2.99294 1.44028 5.07805 6.05969 5.35463 6.4204 4.88334 3.43522 0.0646927 5.19507 4.53386 4.90426 1.38734 
6.00714 9.57998 9.5161 3.33169 1.92119 2.04547 9.99153 5.13601 7.521 12.0043 3.80544 0.489609 9.92869 7.66158 6.88227 3.71297 4.57309 5.89398 5.28654 0 8.35481 10.5849 6.71026 10.7345 7.69671 7.26314 8.0414 10.9333 2.8039 7.902 4.63812 1.4536 1.3898 9.12507 4.91216 5.60533 10.3757 1.37014 5.29999 7.03326 10.2466 13.5216 9.3691 9.51554 5.47462 10.8207 12.965 8.25107 11.0008 6.97278 7.11733 10.2115 7.881 3.38934 6.25686 12.0235 7.20281 5.97202 7.57323 8.23852 4.85348 8.08958 13.7817 7.18303 9.04943 8.88493 1.26944 2.1807 3.10944 10.5925 4.19267 7.4747 8.86811 4.91249 7.30721 5.69389 11.6931 2.28278 10.3239 8.88076 6.25904 12.4691 9.08095 10.5017 8.67403 9.45734 7.38599 8.87113 8.07371 5.17844 9.36319 7.80009 9.42567 8.63539 1.0321 7.92265 5.25008 10.1575 9.79793 8.71403 6.30619 
2.39263 1.30106 7.42159 6.08944 6.43559 6.34688 5.4668 3.31562 5.62159 4.68691 5.9912 8.05708 2.15181 1.20752 2.04109 4.9957 7.26107 6.53173 3.22205 8.35481 0 6.83607 2.53707 2.38041 6.8075 6.47402 2.63235 6.82373 6.83665 8.32902 7.25578 7.08565 7.23338 3.5643 4.02545 4.82852 2.11758 8.01732 5.3743 3.55176 1.91202 6.19659 5.39239 5.81026 5.95895 4.4746 5.41227 5.31635 3.72294 2.69086 2.02869 6.50761 6.81747 7.63531 2.20708 6.16825 7.67027 5.1592 1.09205 5.31478 4.69129 6.54225 6.38898 4.25862 7.55009 0.536304 7.10732 7.4696 5.69034 5.86742 6.84034 1.66223 3.5587 5.49992 8.44991 2.94075 5.25108 6.57794 2.72898 2.36957 5.93478 5.74943 6.62297 2.72301 0.467938 1.76461 6.58869 4.80016 0.321525 4.21109 2.7121 8.01078 3.17045 8.02152 8.06447 3.97149 3.27655 2.02006 1.6372 5.62889 3.04294 
7.51872 7.44858 1.81045 7.25647 9.25897 9.39402 1.39193 8.02977 3.06683 4.76946 6.77948 10.1047 5.50973 7.79073 8.21523 9.25567 6.47894 4.92434 6.69124 10.5849 6.83607 0 5.35802 7.38713 3.27331 3.54872 9.37307 0.45887 7.8228 4.32477 6.41986 10.1019 9.20665 3.28186 9.08328 5.05494 6.53197 9.43607 5.28795 4.23429 6.87058 5.37169 1.53136 1.18799 5.15635 3.27261 5.51752 2.37974 4.59609 4.95713 5.47162 0.395898 3.08747 7.67846 6.50884 2.6872 4.37885 4.62476 6.12996 2.39147 5.91802 2.71708 5.62861 3.69837 2.42932 6.79414 9.81757 8.54968 7.62781 1.23391 6.60675 5.55055 10.3822 5.67398 4.99051 8.24376 3.38449 8.32088 5.15541 9.20363 4.38283 3.97056 1.66785 5.44601 7.20281 5.5147 3.47612 2.18366 6.9842 5.78252 9.51141 4.10953 9.98791 3.31548 9.70519 3.28914 6.66765 8.09138 6.22423 1.89377 5.32382 
2.16487 3.77798 5.41795 3.87911 4.90664 4.92035 4.19318 2.72054 3.32449 5.30386 3.66886 6.32274 3.31519 2.88641 3.00677 4.1784 4.77678 3.99719 1.56862 6.71026 2.53707 5.35802 0 4.60614 4.45155 4.06564 4.39999 5.50336 4.65251 5.89861 4.76594 5.70291 5.40994 2.6595 3.77178 2.2964 3.99529 6.05848 2.85144 1.24153 4.01092 6.83903 3.82855 4.18508 3.42396 4.27163 6.25617 3.28826 4.29257 0.404163 0.533429 4.97372 4.49558 5.29408 1.15366 5.73599 5.19777 2.62727 1.4453 3.28226 2.29409 4.2927 7.09253 1.96856 5.40116 2.90099 5.58173 5.36616 3.69075 4.75027 4.39956 0.951671 5.5173 3.01162 5.95689 2.88582 5.16654 4.60926 3.64241 4.57477 3.42037 5.89401 4.63739 3.84996 3.00315 2.86822 4.19376 3.17666 2.45179 1.81316 5.02005 5.58749 5.40618 5.7261 6.18298 2.0746 1.57716 4.52915 3.3915 3.71578 0.529048 
4.75114 1.23367 8.45301 8.38425 8.81466 8.72161 6.01872 5.66366 7.11926 3.63093 8.23783 10.4371 1.90468 3.25249 4.15242 7.31621 9.37268 8.43003 5.57021 10.7345 2.38041 7.38713 4.60614 0 8.3057 8.06724 3.96262 7.22611 9.14516 9.88938 9.35868 9.45333 9.60831 4.315 6.26801 6.85265 0.859501 10.381 7.4222 5.29636 0.617402 4.83406 6.21321 6.62449 7.94615 4.2974 3.97055 6.56682 3.04568 4.61243 4.07427 7.14882 8.26771 9.8783 4.55333 5.83174 9.33602 7.07564 3.29223 6.56962 6.88586 7.91642 4.94509 5.88478 8.73972 1.85578 9.48474 9.80418 8.03533 6.21172 9.00569 3.65479 4.3539 7.61198 10.1459 5.22397 4.75863 8.93423 2.24328 3.1608 7.76023 4.93593 7.69713 1.97663 2.08662 2.06508 8.15547 5.77526 2.66354 6.40084 3.11193 9.56784 3.57078 9.3764 10.4369 5.33116 5.6212 1.12857 1.32601 6.73315 5.13509 
6.37194 7.86304 1.83208 4.48953 6.69537 6.88942 3.44074 6.51863 1.19699 6.96667 3.99387 7.20722 6.48213 7.33624 7.39738 7.25295 3.29703 1.80731 5.12185 7.69671 6.8075 3.27331 4.45155 8.3057 0 0.482548 8.84272 3.7128 4.89392 1.58732 3.23402 7.49514 6.37799 4.16419 7.47867 2.7977 7.49155 6.4379 2.70005 3.27125 7.69603 8.0329 2.79452 2.63013 2.28263 5.32517 7.90618 1.84055 6.35083 4.17339 4.85586 2.99408 0.193345 4.53774 5.45416 5.60429 1.21359 2.24604 5.78131 1.83341 3.65101 0.583132 8.3112 2.54972 1.36487 7.01787 7.14318 5.55355 5.05201 3.88292 3.53372 5.16131 9.96564 3.0178 1.9856 6.95425 5.88455 5.54299 6.41195 9.01064 1.55207 6.64365 1.60546 6.72207 7.26613 6.24201 0.335755 2.8135 6.80658 3.77329 9.43837 1.26787 9.84336 1.301 6.73789 2.97503 5.07243 8.61377 6.98185 1.93606 4.10099 
5.93518 7.56701 2.25312 4.02901 6.2244 6.41541 3.53738 6.05646 0.975992 6.93759 3.53294 6.77418 6.27953 6.95157 6.97913 6.77127 2.94052 1.40387 4.66504 7.26314 6.47402 3.54872 4.06564 8.06724 0.482548 0 8.43947 3.97085 4.45932 1.85582 2.87983 7.0287 5.93215 4.03092 7.00834 2.32216 7.26933 6.02324 2.21825 2.92284 7.45327 8.07503 2.86536 2.76941 1.81848 5.31206 7.89686 1.78508 6.26357 3.80983 4.49272 3.23667 0.637631 4.16343 5.03469 5.7357 1.28253 1.77087 5.42865 1.77541 3.16986 0.85065 8.35501 2.22554 1.83188 6.71043 6.68166 5.13583 4.57784 4.02771 3.12857 4.81702 9.56632 2.53999 2.09631 6.50336 5.92944 5.08796 6.25028 8.63773 1.07262 6.7062 1.90215 6.55666 6.93679 6.01172 0.148782 2.77259 6.45659 3.30147 9.0745 1.5368 9.46992 1.7581 6.31707 2.75062 4.61433 8.32242 6.74123 1.99945 3.68946 
2.69514 2.82879 9.75433 6.79218 6.2181 6.02802 8.03144 3.17286 7.72424 7.14655 6.88749 7.88371 4.66035 1.58662 1.52626 4.329 8.42355 8.12945 4.09209 8.0414 2.63235 9.37307 4.39999 3.96262 8.84272 8.43947 0 9.39679 7.41202 10.2395 8.43801 6.60636 7.26106 6.1435 3.12954 6.37674 4.22662 8.14509 6.82102 5.62593 3.85574 8.57457 7.88286 8.28933 7.45992 7.09943 7.73956 7.61157 6.25223 4.71896 4.0626 9.02534 8.89309 8.41595 3.42475 8.79374 9.49873 6.8429 3.258 7.60747 5.89217 8.69101 8.73241 6.36079 9.78621 2.89931 6.78857 7.85761 6.16147 8.46472 7.9032 3.8697 1.13306 6.80491 10.2098 2.52729 7.85275 6.87622 5.24313 0.944259 7.67623 8.29982 8.95908 5.16447 2.41549 4.34401 8.573 7.2573 2.41822 5.4943 1.35546 9.93718 1.39276 10.1243 8.08198 6.29381 4.1563 2.90852 3.98467 7.98938 4.75068 
7.6499 7.3614 2.26543 7.60179 9.56363 9.68957 1.36638 8.20273 3.43435 4.4467 7.13088 10.456 5.37529 7.82295 8.29203 9.48271 6.88946 5.33268 6.89113 10.9333 6.82373 0.45887 5.50336 7.22611 3.7128 3.97085 9.39679 0 8.18756 4.78363 6.83129 10.4087 9.55032 3.26028 9.25768 5.36954 6.37805 9.80589 5.63336 4.43026 6.73133 4.96704 1.69991 1.43841 5.53461 3.02079 5.15304 2.69037 4.35454 5.09959 5.57459 0.739196 3.52911 8.07796 6.64521 2.26894 4.83109 4.96255 6.17827 2.70267 6.21668 3.14929 5.21923 3.94663 2.88721 6.74592 10.1356 8.9219 7.94483 1.01464 6.99884 5.61983 10.3809 6.02116 5.44852 8.38443 3.03582 8.66116 4.98393 9.18167 4.7689 3.5778 2.1094 5.26412 7.17069 5.41889 3.90435 2.33841 6.99049 6.05346 9.46944 4.56787 9.95167 3.77286 10.0691 3.46042 6.87125 7.97961 6.10716 2.21943 5.51087 
4.83815 8.13604 6.71222 0.773536 2.18373 2.45185 7.32846 4.24174 4.75662 9.73437 1.10626 2.31486 7.96557 6.51154 5.96457 3.71141 1.90891 3.09469 3.62891 2.8039 6.83665 7.8228 4.65251 9.14516 4.89392 4.45932 7.41202 8.18756 0 5.20612 1.96854 2.81284 1.5099 6.70981 4.62841 2.98599 8.61588 1.62401 2.58299 4.6107 8.58194 11.1868 6.68076 6.79043 2.68037 8.39239 10.7239 5.52974 8.78287 4.80308 5.15071 7.45748 5.07758 1.09894 4.63237 9.43866 4.46572 3.26203 5.85295 5.51701 2.42764 5.2879 11.4581 4.59992 6.2495 7.31884 2.39931 0.76542 1.25063 7.92064 1.43285 5.55966 8.44914 2.19777 4.68054 4.88773 9.22918 0.842107 8.2595 8.06131 3.46484 10.0247 6.28841 8.48636 7.24489 7.5207 4.58216 6.23404 6.6192 2.87034 8.56688 5.07089 8.7722 5.86804 1.88239 5.38943 3.57062 8.82339 8.01268 5.97585 4.15617 
7.67171 9.41948 2.54447 5.02488 7.26271 7.49466 4.83347 7.68808 2.7711 8.46437 4.56295 7.42089 8.06944 8.77834 8.75592 8.16669 3.33205 2.36407 6.34031 7.902 8.32902 4.32477 5.89861 9.88938 1.58732 1.85582 10.2395 4.78363 5.20612 0 3.2677 7.98983 6.71042 5.74143 8.57324 3.94133 9.07787 6.55488 3.64556 4.77732 9.27848 9.43938 4.24025 3.99485 3.05371 6.81722 9.37868 3.40696 7.89885 5.65812 6.33991 4.14617 1.65179 4.53077 6.81787 6.89204 0.805978 3.42467 7.27923 3.40092 4.6692 2.05603 9.71362 4.0804 1.90724 8.56513 7.59294 5.72429 5.71342 5.18739 3.77481 6.67063 11.3705 3.84962 0.741084 8.18686 7.30422 5.98055 7.99399 10.4733 2.59425 8.03115 2.78892 8.3048 8.79221 7.82678 1.74798 4.35595 8.30739 4.91498 10.9164 0.321946 11.3043 1.05369 6.88344 4.55829 6.2842 10.1737 8.56462 3.4245 5.49505 
5.74448 8.53056 5.05726 1.98876 4.11481 4.36953 6.21987 5.41288 3.48102 9.188 1.65628 4.15504 7.86871 7.25392 6.91705 5.36825 0.0656805 1.49983 4.35749 4.63812 7.25578 6.41986 4.76594 9.35868 3.23402 2.87983 8.43801 6.83129 1.96854 3.2677 0 4.78044 3.45464 6.10316 6.06633 2.51778 8.69445 3.30392 1.94528 4.20589 8.75393 10.5108 5.53882 5.54137 1.53681 7.67356 10.183 4.35881 8.34159 4.75129 5.29908 6.09279 3.42707 1.31544 5.20278 8.42046 2.56946 2.43142 6.17617 4.34641 2.59959 3.72835 10.7904 3.88226 4.52296 7.65902 4.36773 2.45812 2.75224 6.76935 0.613221 5.71483 9.5444 1.75737 2.71379 6.02398 8.42276 2.78489 8.03142 8.92931 2.14108 9.22367 4.78198 8.30264 7.70969 7.48056 2.97022 5.24167 7.11121 3.06115 9.42389 3.16291 9.7116 4.01872 3.62679 4.68472 4.29281 9.27229 8.09965 4.72295 4.23915 
4.7024 8.27132 9.25181 3.01293 0.846335 0.782714 9.34558 3.79905 7.09805 10.9961 3.50547 1.43285 8.79241 6.31067 5.49917 2.28005 4.72136 5.76264 4.18227 1.4536 7.08565 10.1019 5.70291 9.45333 7.49514 7.0287 6.60636 10.4087 2.81284 7.98983 4.78044 0 1.42136 8.25828 3.47812 5.04721 9.15362 2.12826 4.87877 6.23265 8.99406 12.5392 8.76852 8.97108 5.21254 9.93394 11.9301 7.72473 9.97467 6.01346 6.0499 9.71419 7.6653 3.75015 5.08416 11.2594 7.22695 5.5035 6.38939 7.71275 4.19307 7.80219 12.7899 6.51342 8.85884 7.62091 0.437836 2.52743 2.48428 9.94936 4.22311 6.37203 7.41696 4.51475 7.48872 4.3174 10.8228 2.00941 9.22761 7.46037 5.96697 11.5746 8.71804 9.38007 7.37405 8.31749 7.16574 8.21346 6.79135 4.4087 7.93717 7.83361 7.98594 8.57943 1.88084 7.182 4.15735 8.81557 8.59283 8.20819 5.36655 
4.9685 8.49647 8.18343 1.95021 1.13071 1.39547 8.60174 4.17303 6.14682 10.6783 2.43265 0.936123 8.67801 6.66386 5.96091 3.0687 3.39242 4.5903 4.06693 1.3898 7.23338 9.20665 5.40994 9.60831 6.37799 5.93215 7.26106 9.55032 1.5099 6.71042 3.45464 1.42136 0 7.76164 4.20243 4.21559 9.19021 0.895246 3.91893 5.66225 9.09164 12.1829 7.9799 8.1296 4.12588 9.45824 11.648 6.86545 9.68509 5.64891 5.84455 8.83103 6.55837 2.34448 5.06984 10.6389 5.97505 4.58783 6.37677 6.85292 3.47081 6.74643 12.446 5.79506 7.73906 7.75257 0.983584 1.10726 1.74573 9.20272 2.9415 6.21972 8.19219 3.5327 6.16679 4.78647 10.3255 0.893059 9.04626 8.0317 4.90726 11.1059 7.72189 9.23868 7.5871 8.21175 6.05994 7.48164 6.97096 3.81208 8.52944 6.57982 8.65326 7.37639 0.839032 6.53979 4.02322 9.11878 8.60071 7.3309 4.98044 
4.6295 4.19855 4.13967 5.97158 7.43305 7.48238 1.90314 5.33207 3.05612 3.08738 5.61226 8.69671 2.41619 4.57894 5.11069 6.83783 6.13986 4.80688 4.22006 9.12507 3.5643 3.28186 2.6595 4.315 4.16419 4.03092 6.1435 3.26028 6.70981 5.74143 6.10316 8.25828 7.76164 0 6.36362 3.76512 3.46201 8.27402 4.27722 2.10765 3.74139 4.48109 1.92308 2.3436 4.56638 1.69662 4.08408 2.3367 2.26735 2.28864 2.53534 2.9718 4.08996 7.03975 3.68045 3.07707 5.3075 3.68267 2.96667 2.34214 4.31724 3.70023 4.75485 2.22257 4.43412 3.5138 8.08761 7.47208 6.01852 2.3244 5.97288 2.46757 7.12064 4.61239 6.11687 5.37956 2.57095 6.89485 2.2579 5.92676 4.08084 3.34447 3.38296 2.57038 3.92165 2.30452 4.08557 1.46409 3.73187 3.94959 6.22956 5.42678 6.7066 5.11415 8.45841 1.42007 4.2226 4.87661 3.04857 2.43186 2.90036 
1.79222 5.04047 8.86463 4.16142 3.11769 2.91121 7.96303 1.05495 6.59737 8.50728 4.41158 4.76651 6.0473 3.01858 2.1324 1.19946 6.03442 6.23625 2.42807 4.91216 4.02545 9.08328 3.77178 6.26801 7.47867 7.00834 3.12954 9.25768 4.62841 8.57324 6.06633 3.47812 4.20243 6.36362 0 4.6898 6.14021 5.09683 4.92771 4.85171 5.89974 10.0618 7.56665 7.89743 5.53341 7.83977 9.33397 6.85375 7.48458 4.1747 3.82982 8.69196 7.5897 5.70903 2.68318 9.41905 7.77221 5.23899 3.69322 6.84504 3.90417 7.53208 10.28 5.45796 8.69322 4.54747 3.66333 4.93344 3.42438 8.52199 5.46763 3.97002 3.99542 4.75259 8.34108 1.09585 8.71985 3.95743 6.57634 3.98708 6.02058 9.36842 8.14224 6.64682 4.19944 5.59067 7.15644 6.92026 3.70548 3.70702 4.45991 8.3151 4.5141 8.76496 5.00132 5.80009 2.46406 5.48623 5.6523 7.3255 3.76076 
3.74737 6.07347 4.34106 2.29732 4.20532 4.34855 4.38678 3.75929 2.08819 6.83455 1.87981 5.14045 5.35667 5.01019 4.86535 4.47671 2.5376 1.7586 2.39903 5.60533 4.82852 5.05494 2.2964 6.85265 2.7977 2.32216 6.37674 5.36954 2.98599 3.94133 2.51778 5.04721 4.21559 3.76512 4.6898 0 6.17755 4.59321 0.572518 1.72755 6.24454 8.24428 3.76641 3.93584 1.13239 5.42739 7.83098 2.6804 5.9294 2.24029 2.82256 4.66823 2.92083 3.28649 2.96623 6.45917 3.16236 0.551661 3.73696 2.66826 0.894934 2.92306 8.51903 1.61394 4.06984 5.19547 4.76618 3.75116 2.57538 4.98726 2.25409 3.22996 7.50924 0.851195 3.83815 4.24559 6.25092 3.32256 5.54278 6.71891 1.34917 7.04917 3.72107 5.80555 5.29228 4.96354 2.47076 3.27126 4.72081 0.985151 7.19252 3.6625 7.5354 4.07607 4.81518 2.40811 2.3429 6.82549 5.58409 3.16155 1.78624 
4.49305 1.41063 7.59746 7.84632 8.46819 8.39992 5.16081 5.41863 6.31225 3.005 7.66178 10.0502 1.04725 3.20563 4.09981 7.10677 8.71233 7.69843 5.1237 10.3757 2.11758 6.53197 3.99529 0.859501 7.49155 7.26933 4.22662 6.37805 8.61588 9.07787 8.69445 9.15362 9.19021 3.46201 6.14021 6.17755 0 9.92644 6.74991 4.56216 0.412049 4.35792 5.35499 5.76562 7.24652 3.48136 3.51507 5.73276 2.28508 3.94732 3.47575 6.29059 7.44718 9.2893 4.12457 5.06316 8.54452 6.36132 2.81345 5.73598 6.28937 7.0882 4.50779 5.11354 7.89197 1.59314 9.1475 9.3021 7.55817 5.36341 8.37415 3.06038 4.8027 6.96513 9.35684 5.05812 4.00493 8.47062 1.40594 3.54967 7.01378 4.26446 6.84496 1.16608 1.98676 1.26065 7.35261 4.92446 2.43562 5.80798 3.61168 8.75697 4.0975 8.54082 10.0063 4.52258 5.16879 1.72569 0.60425 5.88592 4.5183 
5.80225 9.29465 8.2679 2.30767 2.01623 2.27053 8.95108 5.03516 6.37247 11.2588 2.71862 0.925042 9.36154 7.50272 6.82369 3.96265 3.23837 4.63086 4.8134 1.37014 8.01732 9.43607 6.05848 10.381 6.4379 6.02324 8.14509 9.80589 1.62401 6.55488 3.30392 2.12826 0.895246 8.27402 5.09683 4.59321 9.92644 0 4.20648 6.16673 9.84876 12.7363 8.30463 8.41307 4.28229 9.9655 12.2406 7.15319 10.2855 6.26058 6.52211 9.07394 6.62613 2.02824 5.8284 11.052 5.87337 4.88568 7.11835 7.14046 3.95821 6.86383 13.0045 6.20511 7.77516 8.52819 1.71539 0.889032 2.37526 9.54404 2.90555 6.91275 9.08458 3.82045 5.94704 5.65728 10.8142 1.45708 9.69965 8.90396 5.06309 11.6055 7.88135 9.90741 8.38693 8.90223 6.13841 7.853 7.76578 4.35802 9.40358 6.46497 9.53641 7.31921 0.33856 6.98435 4.76458 9.93474 9.33047 7.59715 5.59628 
4.15473 6.62912 4.38485 1.96903 4.05358 4.22744 4.74583 4.06128 2.23475 7.35862 1.50006 4.82294 5.92714 5.50156 5.29919 4.57806 1.96546 1.33381 2.76881 5.29999 5.3743 5.28795 2.85144 7.4222 2.70005 2.21825 6.82102 5.63336 2.58299 3.64556 1.94528 4.87877 3.91893 4.27722 4.92771 0.572518 6.74991 4.20648 0 2.28269 6.81495 8.74574 4.0984 4.22006 0.640781 5.917 8.35579 2.95597 6.46959 2.81053 3.38116 4.91223 2.85052 2.76304 3.4429 6.87068 2.84501 0.679308 4.28473 2.94332 1.02416 2.93687 9.02218 2.07786 4.03769 5.75243 4.5618 3.33937 2.39831 5.33766 1.70341 3.7919 7.95026 0.388475 3.45268 4.59265 6.72142 3.03328 6.1059 7.20588 1.15147 7.52269 3.84115 6.37136 5.83573 5.53571 2.36432 3.65805 5.25529 1.33195 7.68635 3.39116 8.01482 3.91974 4.45191 2.8889 2.70799 7.37868 6.15612 3.41432 2.33294 
3.36773 4.67588 4.17839 3.8663 5.39469 5.46899 3.19942 3.80026 2.10935 5.13161 3.52051 6.59818 3.67755 4.08551 4.24827 5.06286 4.23232 3.13718 2.46123 7.03326 3.55176 4.23429 1.24153 5.29636 3.27125 2.92284 5.62593 4.43026 4.6107 4.77732 4.20589 6.23265 5.66225 2.10765 4.85171 1.72755 4.56216 6.16673 2.28269 0 4.67955 6.57669 2.73074 3.04703 2.70611 3.80201 6.12532 2.05795 4.20757 0.910296 1.58802 3.84167 3.29764 5.00888 2.36658 5.02753 4.12795 1.80761 2.5105 2.05125 2.20959 3.06829 6.84754 0.735856 4.16341 3.8075 6.03255 5.37059 3.92384 3.79116 3.98066 1.89446 6.73486 2.57558 4.91896 4.05951 4.66357 4.79044 3.82633 5.74374 2.46516 5.44709 3.40184 4.09689 4.01554 3.31583 3.03967 2.09817 3.537 1.8558 6.16747 4.45938 6.57632 4.52162 6.35121 0.984881 2.44099 5.4351 3.98793 2.50263 1.09102 
4.30465 1.02752 7.88077 7.81727 8.33115 8.25036 5.49088 5.22719 6.50773 3.41455 7.65746 9.93549 1.36096 2.92097 3.82308 6.90284 8.76883 7.81396 5.03558 10.2466 1.91202 6.87058 4.01092 0.617402 7.69603 7.45327 3.85574 6.73133 8.58194 9.27848 8.75393 8.99406 9.09164 3.74139 5.89974 6.24454 0.412049 9.84876 6.81495 4.67955 0 4.74928 5.65263 6.06765 7.33404 3.86773 3.90045 5.968 2.69237 4.00444 3.48122 6.61779 7.66053 9.29465 4.02336 5.46515 8.72072 6.46118 2.73569 5.9705 6.29788 7.31317 4.89194 5.26787 8.15283 1.37573 9.00645 9.25189 7.49168 5.71731 8.40899 3.06159 4.40075 7.01061 9.53016 4.8305 4.41092 8.39707 1.78704 3.15313 7.14311 4.67651 7.11774 1.56579 1.70605 1.46251 7.54255 5.19509 2.21811 5.81348 3.2029 8.9568 3.68749 8.77734 9.91519 4.72102 5.0842 1.31805 0.714373 6.14677 4.53918 
8.28063 5.76845 7.11105 10.4419 11.7454 11.7565 4.60943 9.1559 7.179 1.56027 10.092 13.1122 4.05254 7.39519 8.2315 10.82 10.5527 9.12279 8.3668 13.5216 6.19659 5.37169 6.83903 4.83406 8.0329 8.07503 8.57457 4.96704 11.1868 9.43938 10.5108 12.5392 12.1829 4.48109 10.0618 8.24428 4.35792 12.7363 8.74574 6.57669 4.74928 0 5.23843 5.44562 8.9842 2.83794 0.864596 6.30111 2.59126 6.55161 6.50178 5.40399 7.89412 11.5078 7.5612 2.70304 9.24648 8.1273 6.37595 6.31178 8.77932 7.46404 0.280737 6.67166 7.66849 5.76489 12.4191 11.9473 10.4379 4.28102 10.4291 6.21886 9.14402 9.08898 9.99495 8.97194 2.14864 11.3339 3.495 7.90227 8.40851 1.41464 6.66019 3.47376 6.23071 4.48589 8.07923 5.33054 6.50716 8.38521 7.92441 9.16694 8.39548 8.53626 12.9076 5.8588 8.38728 5.95339 4.61738 6.09985 7.2163 
5.98778 6.11555 2.25865 6.04571 7.9222 8.03601 0.682663 6.51204 2.06066 4.22934 5.59434 8.90042 4.30853 6.29691 6.69315 7.78396 5.59066 4.06022 5.19189 9.3691 5.39239 1.53136 3.82855 6.21321 2.79452 2.86536 7.88286 1.69991 6.68076 4.24025 5.53882 8.76852 7.9799 1.92308 7.56665 3.76641 5.35499 8.30463 4.0984 2.73074 5.65263 5.23843 0 0.422352 4.11068 2.58349 5.13878 1.18229 3.74784 3.42691 3.9434 1.15542 2.65728 6.70466 4.97828 2.89108 4.00807 3.4191 4.62851 1.19487 4.5789 2.22732 5.51668 2.26673 2.64556 5.4012 8.51311 7.4335 6.32771 1.24479 5.60551 4.03677 8.91329 4.48541 4.76196 6.71432 3.09029 7.08694 4.06136 7.76088 3.40148 3.85155 1.56627 4.37081 5.78291 4.2266 2.85509 0.65241 5.51795 4.38262 8.09347 3.95307 8.56064 3.43237 8.54876 1.7666 5.17161 6.7994 4.96739 0.867417 3.81368 
6.34913 6.53763 1.87451 6.1844 8.12582 8.25116 0.839533 6.8445 2.07274 4.52238 5.72005 9.04118 4.72015 6.70285 7.08186 8.07137 5.59612 4.04625 5.50325 9.51554 5.81026 1.18799 4.18508 6.62449 2.63013 2.76941 8.28933 1.43841 6.79043 3.99485 5.54137 8.97108 8.1296 2.3436 7.89743 3.93584 5.76562 8.41307 4.22006 3.04703 6.06765 5.44562 0.422352 0 4.16864 2.88833 5.40282 1.26456 4.10121 3.78679 4.32582 0.794647 2.47452 6.7465 5.3381 2.97619 3.83387 3.54429 5.03264 1.27715 4.77862 2.04858 5.72073 2.51872 2.30823 5.82303 8.70066 7.53393 6.51025 1.25929 5.65385 4.43482 9.32538 4.60852 4.55772 7.06883 3.30993 7.23857 4.45867 8.17796 3.42637 4.04068 1.2411 4.76638 6.20308 4.64586 2.7377 1.03512 5.93203 4.61793 8.5132 3.72151 8.97938 3.13098 8.66817 2.11117 5.4797 7.2202 5.38506 0.823957 4.13717 
4.7955 7.19715 4.06116 2.21067 4.41484 4.61396 4.78259 4.6889 2.10264 7.65165 1.7146 4.98779 6.38325 6.12796 5.93891 5.12129 1.57391 0.703898 3.40891 5.47462 5.95895 5.15635 3.42396 7.94615 2.28263 1.81848 7.45992 5.53461 2.68037 3.05371 1.53681 5.21254 4.12588 4.56638 5.53341 1.13239 7.24652 4.28229 0.640781 2.70611 7.33404 8.9842 4.11068 4.16864 0 6.14626 8.64697 2.93178 6.80667 3.34121 3.94618 4.79911 2.45362 2.5959 4.07327 6.9612 2.24819 0.904186 4.86703 2.91905 1.64458 2.62062 9.26327 2.34563 3.64647 6.31831 4.86321 3.39454 2.77927 5.35434 1.49554 4.34867 8.58969 0.797492 2.82145 5.22844 6.91006 3.27216 6.51953 7.83453 0.784743 7.71224 3.60829 6.79671 6.42336 6.01271 1.95367 3.75476 5.8532 1.97273 8.31228 2.81642 8.6463 3.42203 4.55887 3.1483 3.34787 7.95109 6.66047 3.34537 2.91796 
6.05879 4.6541 4.73039 7.66057 9.11441 9.15517 2.07959 6.84319 4.38369 1.64716 7.29081 10.3932 2.57888 5.63984 6.32664 8.4207 7.71515 6.29708 5.83976 10.8207 4.4746 3.27261 4.27163 4.2974 5.32517 5.31206 7.09943 3.02079 8.39239 6.81722 7.67356 9.93394 9.45824 1.69662 7.83977 5.42739 3.48136 9.9655 5.917 3.80201 3.86773 2.83794 2.58349 2.88833 6.14626 0 2.5852 3.52698 1.33411 3.92923 4.04763 3.13416 5.20591 8.67642 5.18589 1.69431 6.53112 5.29171 4.22309 3.53668 6.01107 4.78016 3.11709 3.83984 5.19644 4.22887 9.77357 9.15624 7.71487 2.03957 7.59416 3.86975 7.93895 6.26649 7.30948 6.79971 0.895037 8.59111 2.08079 6.68088 5.57886 1.64846 4.1265 2.32232 4.70391 2.78038 5.33163 2.54027 4.72503 5.64617 6.87816 6.52422 7.37261 6.01022 10.1532 3.02811 5.84871 5.17189 3.33756 3.39916 4.56749 
7.56622 4.92371 7.1714 9.9665 11.1528 11.1486 4.56625 8.4579 6.96318 0.997224 9.64312 12.5698 3.29115 6.6009 7.45282 10.1373 10.2209 8.84762 7.74792 12.965 5.41227 5.51752 6.25617 3.97055 7.90618 7.89686 7.73956 5.15304 10.7239 9.37868 10.183 11.9301 11.648 4.08408 9.33397 7.83098 3.51507 12.2406 8.35579 6.12532 3.90045 0.864596 5.13878 5.40282 8.64697 2.5852 0 6.11184 1.96416 5.99914 5.88028 5.48751 7.78278 11.1151 6.89745 2.97661 9.11433 7.76665 5.67021 6.12146 8.29983 7.35513 0.992869 6.30609 7.68886 4.96182 11.8317 11.4772 9.90957 4.34213 10.055 5.56863 8.28853 8.6817 9.88846 8.2397 2.13846 10.8171 2.76065 7.05139 8.1242 1.637 6.64144 2.69729 5.41964 3.7433 7.9168 5.12447 5.7274 7.88301 7.06511 9.09148 7.53444 8.53203 12.3953 5.49879 7.77295 5.09144 3.80747 5.97454 6.66761 
5.42513 6.24531 2.14309 4.91985 6.88097 7.01435 1.86142 5.81368 0.891262 5.15484 4.45603 7.77662 4.70341 6.04001 6.2848 6.9267 4.41008 2.88765 4.42904 8.25107 5.31635 2.37974 3.28826 6.56682 1.84055 1.78508 7.61157 2.69037 5.52974 3.40696 4.35881 7.72473 6.86545 2.3367 6.85375 2.6804 5.73276 7.15319 2.95597 2.05795 5.968 6.30111 1.18229 1.26456 2.93178 3.52698 6.11184 0 4.51125 2.92083 3.55154 1.98984 1.75524 5.52382 4.42429 4.06333 3.02158 2.27976 4.38939 0.0127682 3.53833 1.36478 6.58156 1.39582 2.23722 5.4419 7.44648 6.27636 5.25569 2.42324 4.42544 3.76095 8.69774 3.34444 3.8178 6.10954 4.16129 5.97475 4.5933 7.63188 2.2198 4.9474 1.35191 4.90522 5.75253 4.5055 1.80862 0.988216 5.37479 3.41407 8.01755 3.09439 8.45682 2.80962 7.40571 1.3452 4.39762 6.97735 5.25571 0.490764 3.12321 
5.69807 3.59409 5.97186 8.02098 9.19257 9.19256 3.34044 6.56664 5.29612 1.03122 7.71118 10.606 1.59264 4.93012 5.72271 8.22875 8.37543 7.07247 5.79429 11.0008 3.72294 4.59609 4.29257 3.04568 6.35083 6.26357 6.25223 4.35454 8.78287 7.89885 8.34159 9.97467 9.68509 2.26735 7.48458 5.9294 2.28508 10.2855 6.46959 4.20757 2.69237 2.59126 3.74784 4.10121 6.80667 1.33411 1.96416 4.51125 0 4.03639 3.92607 4.43532 6.25494 9.21512 4.97088 2.78688 7.52708 5.91108 3.7927 4.51884 6.35569 5.84289 2.82742 4.46326 6.39325 3.3587 9.87053 9.532 7.94807 3.36668 8.17299 3.63052 6.97802 6.78009 8.32813 6.39948 1.72045 8.85746 1.0091 5.71025 6.34664 2.0483 5.31407 1.13599 3.8417 1.96239 6.30636 3.54329 4.01752 5.93044 5.84047 7.59297 6.33328 7.16682 10.4359 3.67825 5.81758 4.01008 2.29513 4.4864 4.70484 
2.5625 3.87521 5.05897 4.03132 5.20411 5.2325 3.78935 3.12256 3.01909 5.03216 3.77738 6.57159 3.18409 3.17521 3.36397 4.55785 4.76757 3.86755 1.9322 6.97278 2.69086 4.95713 0.404163 4.61243 4.17339 3.80983 4.71896 5.09959 4.80308 5.65812 4.75129 6.01346 5.64891 2.28864 4.1747 2.24029 3.94732 6.26058 2.81053 0.910296 4.00444 6.55161 3.42691 3.78679 3.34121 3.92923 5.99914 2.92083 4.03639 0 0.683167 4.57392 4.20484 5.37399 1.55185 5.35994 4.9831 2.49503 1.62215 2.91545 2.39404 3.97842 6.80996 1.64605 5.06745 2.99689 5.87282 5.53504 3.91228 4.34793 4.42964 1.03202 5.82542 3.01799 5.75938 3.28771 4.82244 4.82406 3.45645 4.83751 3.24822 5.56337 4.27251 3.6863 3.15838 2.7613 3.93171 2.77473 2.65001 1.93325 5.26662 5.34275 5.67024 5.43064 6.40232 1.67858 1.93397 4.63372 3.34974 3.33663 0.668482 
2.10305 3.25131 5.69459 4.37861 5.27641 5.26834 4.22977 2.80691 3.69698 4.95094 4.18627 6.74523 2.83964 2.50392 2.76013 4.37759 5.31009 4.50497 1.86829 7.11733 2.02869 5.47162 0.533429 4.07427 4.85586 4.49272 4.0626 5.57459 5.15071 6.33991 5.29908 6.0499 5.84455 2.53534 3.82982 2.82256 3.47575 6.52211 3.38116 1.58802 3.48122 6.50178 3.9434 4.32582 3.94618 4.04763 5.88028 3.55154 3.92607 0.683167 0 5.09868 4.88541 5.81731 1.14834 5.59198 5.65951 3.13162 0.945781 3.54711 2.81809 4.6518 6.74754 2.32164 5.72825 2.37296 5.95734 5.85302 4.14761 4.75513 4.93174 0.419685 5.15983 3.54504 6.43087 2.85158 4.93915 5.06725 3.20682 4.15597 3.90749 5.63404 4.9017 3.39416 2.4965 2.3811 4.61485 3.29471 1.97104 2.3347 4.5835 6.02499 4.98863 6.10953 6.63284 2.25408 1.89268 4.00496 2.8715 3.94391 1.06212 
7.13629 7.16036 1.70779 6.88125 8.87069 9.00379 1.13064 7.63889 2.70148 4.69101 6.40695 9.73264 5.25779 7.44079 7.84816 8.85985 6.15082 4.5939 6.29725 10.2115 6.50761 0.395898 4.97372 7.14882 2.99408 3.23667 9.02534 0.739196 7.45748 4.14617 6.09279 9.71419 8.83103 2.9718 8.69196 4.66823 6.29059 9.07394 4.91223 3.84167 6.61779 5.40399 1.15542 0.794647 4.79911 3.13416 5.48751 1.98984 4.43532 4.57392 5.09868 0 2.81402 7.33886 6.12575 2.76584 4.13671 4.24555 5.77553 2.00173 5.52782 2.42358 5.66834 3.30247 2.28738 6.48452 9.43286 8.18896 7.24249 1.14564 6.26045 5.18897 10.0448 5.29918 4.78522 7.85883 3.34949 7.94372 4.93233 8.877 4.03127 3.99133 1.40258 5.22973 6.88381 5.23679 3.17393 1.80505 6.64662 5.38813 9.19476 3.91148 9.66783 3.17117 9.33961 2.90192 6.27332 7.81755 5.95795 1.50699 4.9318 
6.44909 7.85254 1.64223 4.66318 6.86193 7.05299 3.2934 6.61986 1.19595 6.85035 4.16722 7.39161 6.4306 7.37542 7.4593 7.38765 3.49001 1.99527 5.21843 7.881 6.81747 3.08747 4.49558 8.26771 0.193345 0.637631 8.89309 3.52911 5.07758 1.65179 3.42707 7.6653 6.55837 4.08996 7.5897 2.92083 7.44718 6.62613 2.85052 3.29764 7.66053 7.89412 2.65728 2.47452 2.45362 5.20591 7.78278 1.75524 6.25494 4.20484 4.88541 2.81402 0 4.73011 5.51885 5.4441 1.35939 2.3701 5.80322 1.74915 3.78523 0.430086 8.17177 2.56812 1.1943 7.01396 7.31649 5.74111 5.21542 3.72196 3.72282 5.17963 10.0128 3.17684 2.10633 7.04351 5.74689 5.71954 6.34384 9.04133 1.70921 6.50023 1.42011 6.65502 7.27337 6.20274 0.500141 2.71223 6.82564 3.8891 9.46339 1.33979 9.87394 1.23149 6.92502 2.94377 5.17039 8.60033 6.94616 1.80824 4.16248 
5.78795 8.93503 6.36593 1.62508 3.21999 3.49658 7.37809 5.26236 4.67375 10.1182 1.64479 2.91877 8.55686 7.42413 6.93934 4.81023 1.25035 2.76216 4.49584 3.38934 7.63531 7.67846 5.29408 9.8783 4.53774 4.16343 8.41595 8.07796 1.09894 4.53077 1.31544 3.75015 2.34448 7.03975 5.70903 3.28649 9.2893 2.02824 2.76304 5.00888 9.29465 11.5078 6.70466 6.7465 2.5959 8.67642 11.1151 5.52382 9.21512 5.37399 5.81731 7.33886 4.73011 0 5.46114 9.5555 3.86824 3.38991 6.60321 5.51114 3.00001 5.01408 11.7846 4.83682 5.83754 8.09076 3.31658 1.2539 2.29373 7.94705 1.10067 6.23587 9.47462 2.43535 3.91913 5.90534 9.46935 1.90521 8.79217 9.0232 3.32046 10.2717 6.06083 9.04145 8.06436 8.13395 4.26254 6.34443 7.44364 3.48262 9.52766 4.45163 9.75776 5.32572 2.3612 5.64936 4.43365 9.647 8.68558 5.92274 4.77192 
1.01122 3.50431 6.53954 3.89143 4.36066 4.31366 5.32122 1.65964 4.38289 6.00199 3.8247 5.92573 3.70899 2.06217 1.94444 3.26515 5.19952 4.7246 1.01756 6.25686 2.20708 6.50884 1.15366 4.55333 5.45416 5.03469 3.42475 6.64521 4.63237 6.81787 5.20278 5.08416 5.06984 3.68045 2.68318 2.96623 4.12457 5.8284 3.4429 2.36658 4.02336 7.5612 4.97828 5.3381 4.07327 5.18589 6.89745 4.42429 4.97088 1.55185 1.14834 6.12575 5.51885 5.46114 0 6.74031 6.07399 3.41919 1.31639 4.41769 2.60319 5.3551 7.79784 3.06926 6.48732 2.70408 5.04329 5.26307 3.48598 5.86489 4.73452 1.346 4.55748 3.48258 6.7887 1.73935 6.07437 4.38099 4.16015 3.76313 4.25181 6.75406 5.7676 4.29938 2.61357 3.23393 5.17183 4.32595 1.98868 2.15206 4.24588 6.5179 4.57303 6.74839 5.89189 3.22812 1.07039 4.19466 3.54183 4.86149 1.35758 
7.65862 6.30951 4.46617 8.75395 10.4222 10.4928 2.20874 8.39807 4.94972 2.46115 8.33497 11.5729 4.23652 7.32817 7.99579 9.91435 8.47085 6.94947 7.29198 12.0235 6.16825 2.6872 5.73599 5.83174 5.60429 5.7357 8.79374 2.26894 9.43866 6.89204 8.42046 11.2594 10.6389 3.07707 9.41905 6.45917 5.06316 11.052 6.87068 5.02753 5.46515 2.70304 2.89108 2.97619 6.9612 1.69431 2.97661 4.06333 2.78688 5.35994 5.59198 2.76584 5.4441 9.5555 6.74031 0 6.80126 6.2008 5.87084 4.0756 7.17011 5.02159 2.95149 4.85135 5.05305 5.91961 11.0579 10.2016 8.92256 1.72219 8.45492 5.46694 9.62573 7.24809 7.50088 8.4063 1.08191 9.75156 3.70064 8.36456 6.2796 1.34714 4.10725 3.89937 6.39626 4.46864 5.7109 3.21623 6.41568 6.87157 8.54689 6.64166 9.04169 5.93551 11.2724 4.10197 7.29224 6.78211 4.99002 3.74251 5.94806 
6.90499 8.79969 2.72495 4.24351 6.48597 6.71314 4.65136 6.89603 2.25726 8.16913 3.77445 6.71748 7.55978 8.06192 8.00398 7.3611 2.635 1.55843 5.55964 7.20281 7.67027 4.37885 5.19777 9.33602 1.21359 1.28253 9.49873 4.83109 4.46572 0.805978 2.56946 7.22695 5.97505 5.3075 7.77221 3.16236 8.54452 5.87337 2.84501 4.12795 8.72072 9.24648 4.00807 3.83387 2.24819 6.53112 9.11433 3.02158 7.52708 4.9831 5.65951 4.13671 1.35939 3.86824 6.07399 6.80126 0 2.66075 6.60414 3.01322 3.86915 1.78728 9.52474 3.46503 2.11284 7.93463 6.83707 5.02222 4.92008 5.07912 3.03362 6.00805 10.6313 3.04375 0.814016 7.40397 7.09814 5.22024 7.5324 9.76449 1.82581 7.85633 2.73432 7.83902 8.13648 7.28542 1.22243 4.0061 7.63055 4.12777 10.2166 0.606747 10.593 1.46435 6.19575 4.03074 5.50248 9.55778 8.01033 3.14897 4.77106 
4.24749 6.36925 3.81472 2.64042 4.66874 4.82707 4.06763 4.29949 1.59512 6.77005 2.17776 5.49692 5.48485 5.43384 5.34376 5.02223 2.46442 1.37388 2.9248 5.97202 5.1592 4.62476 2.62727 7.07564 2.24604 1.77087 6.8429 4.96255 3.26203 3.42467 2.43142 5.5035 4.58783 3.68267 5.23899 0.551661 6.36132 4.88568 0.679308 1.80761 6.46118 8.1273 3.4191 3.54429 0.904186 5.29171 7.76665 2.27976 5.91108 2.49503 3.13162 4.24555 2.3701 3.38991 3.41919 6.2008 2.66075 0 4.06984 2.26716 1.42558 2.38488 8.4052 1.46098 3.52505 5.49035 5.20178 4.01722 3.01958 4.65867 2.30252 3.51995 7.9759 1.06684 3.37112 4.77161 6.07947 3.69881 5.61549 7.14241 0.834964 6.88177 3.22268 5.8933 5.62656 5.12093 1.91939 2.98556 5.07829 1.53218 7.60654 3.13791 7.96577 3.52603 5.13087 2.27208 2.87079 7.127 5.77996 2.74319 2.15386 
1.90543 2.35521 6.52482 5.09249 5.67564 5.62318 4.81271 2.78774 4.60952 4.81823 4.95909 7.23981 2.42268 1.67154 2.14751 4.47195 6.18311 5.44144 2.31042 7.57323 1.09205 6.12996 1.4453 3.29223 5.78131 5.42865 3.258 6.17827 5.85295 7.27923 6.17617 6.38939 6.37677 2.96667 3.69322 3.73696 2.81345 7.11835 4.28473 2.5105 2.73569 6.37595 4.62851 5.03264 4.86703 4.22309 5.67021 4.38939 3.7927 1.62215 0.945781 5.77553 5.80322 6.60321 1.31639 5.87084 6.60414 4.06984 0 4.38632 3.63104 5.55189 6.59988 3.23512 6.60098 1.49119 6.3578 6.51671 4.75674 5.28347 5.77498 0.630216 4.31681 4.41896 7.37661 2.61453 5.07973 5.66447 2.9112 3.25097 4.85207 5.69318 5.72623 3.02084 1.55786 1.94964 5.54828 3.99971 1.02816 3.14732 3.66088 6.9632 4.08106 7.02085 7.19358 3.05393 2.35617 3.09704 2.22652 4.74573 1.95218 
5.41822 6.24575 2.14748 4.90727 6.86903 7.00258 1.87388 5.80524 0.879499 5.16403 4.44338 7.76403 4.70709 6.0363 6.27941 6.91651 4.39766 2.87555 4.42012 8.23852 5.31478 2.39147 3.28226 6.56962 1.83341 1.77541 7.60747 2.70267 5.51701 3.40092 4.34641 7.71275 6.85292 2.34214 6.84504 2.66826 5.73598 7.14046 2.94332 2.05125 5.9705 6.31178 1.19487 1.27715 2.91905 3.53668 6.12146 0.0127682 4.51884 2.91545 3.54711 2.00173 1.74915 5.51114 4.41769 4.0756 3.01322 2.26716 4.38632 0 3.52656 1.36005 6.59224 1.38719 2.238 5.44156 7.43431 6.26361 5.24353 2.43592 4.41273 3.75773 8.69412 3.33179 3.80993 6.10206 4.17222 5.96225 4.59846 7.6293 2.20732 4.95856 1.35711 4.9103 5.75135 4.50802 1.79966 0.997546 5.37246 3.40308 8.0155 3.08809 8.45443 2.80695 7.39302 1.34343 4.38859 6.97818 5.25809 0.501819 3.11552 
3.20227 5.98157 5.23433 1.66671 3.3474 3.47602 5.17089 3.04444 2.98233 7.31244 1.3836 4.40629 5.57552 4.65676 4.3659 3.60254 2.59675 2.34769 1.80291 4.85348 4.69129 5.91802 2.29409 6.88586 3.65101 3.16986 5.89217 6.21668 2.42764 4.6692 2.59959 4.19307 3.47081 4.31724 3.90417 0.894934 6.28937 3.95821 1.02416 2.20959 6.29788 8.77932 4.5789 4.77862 1.64458 6.01107 8.29983 3.53833 6.35569 2.39404 2.81809 5.52782 3.78523 3.00001 2.60319 7.17011 3.86915 1.42558 3.63104 3.52656 0 3.81011 9.04832 2.34119 4.94946 5.12221 3.93522 3.17744 1.75909 5.77477 2.14965 3.23714 7.01356 0.91544 4.46601 3.59178 6.86773 2.58899 5.84421 6.34052 2.13527 7.65467 4.61476 6.07947 5.13674 5.14368 3.31843 4.04114 4.52892 0.485198 6.83197 4.41196 7.13245 4.90597 4.14232 3.06934 1.73944 6.71132 5.68559 4.0253 1.77347 
6.31025 7.54176 1.44976 4.8237 6.98516 7.16374 2.86425 6.53902 0.972308 6.42555 4.32875 7.60148 6.06361 7.15335 7.28398 7.39824 3.78947 2.2538 5.13088 8.08958 6.54225 2.71708 4.2927 7.91642 0.583132 0.85065 8.69101 3.14929 5.2879 2.05603 3.72835 7.80219 6.74643 3.70023 7.53208 2.92306 7.0882 6.86383 2.93687 3.06829 7.31317 7.46404 2.22732 2.04858 2.62062 4.78016 7.35513 1.36478 5.84289 3.97842 4.6518 2.42358 0.430086 5.01408 5.3551 5.02159 1.78728 2.38488 5.55189 1.36005 3.81011 0 7.74171 2.33243 1.16114 6.71494 7.46805 5.97543 5.33087 3.3 3.97542 4.9237 9.80277 3.28891 2.5354 6.93172 5.31681 5.88998 5.9576 8.80034 1.84267 6.0705 1.05675 6.26967 6.99262 5.852 0.761682 2.29992 6.56661 3.86027 9.21133 1.75147 9.63179 1.48302 7.15397 2.61616 5.08655 8.28415 6.59933 1.38116 3.99873 
8.50282 5.91599 7.37595 10.7118 11.9991 12.0073 4.88537 9.38366 7.45966 1.79747 10.3644 13.3744 4.25372 7.58262 8.42754 11.0528 10.8321 9.40336 8.61424 13.7817 6.38898 5.62861 7.09253 4.94509 8.3112 8.35501 8.73241 5.21923 11.4581 9.71362 10.7904 12.7899 12.446 4.75485 10.28 8.51903 4.50779 13.0045 9.02218 6.84754 4.89194 0.280737 5.51668 5.72073 9.26327 3.11709 0.992869 6.58156 2.82742 6.80996 6.74754 5.66834 8.17177 11.7846 7.79784 2.95149 9.52474 8.4052 6.59988 6.59224 9.04832 7.74171 0 6.94889 7.93697 5.94656 12.6739 12.218 10.7015 4.54959 10.7068 6.45791 9.27526 9.36438 10.2718 9.18815 2.42759 11.5992 3.70548 8.04137 8.68891 1.68443 6.93268 3.66732 6.40743 4.6952 8.3588 5.61125 6.70202 8.65148 8.0478 9.44224 8.51398 8.80647 13.1738 6.13598 8.63567 6.06999 4.79419 6.3787 7.47567 
4.0568 5.34233 3.47237 3.90323 5.66737 5.77395 2.83323 4.4183 1.37585 5.30972 3.49375 6.7268 4.16849 4.82118 4.97284 5.5591 3.91813 2.64344 3.03409 7.18303 4.25862 3.69837 1.96856 5.88478 2.54972 2.22554 6.36079 3.94663 4.59992 4.0804 3.88226 6.51342 5.79506 2.22257 5.45796 1.61394 5.11354 6.20511 2.07786 0.735856 5.26787 6.67166 2.26673 2.51872 2.34563 3.83984 6.30609 1.39582 4.46326 1.64605 2.32164 3.30247 2.56812 4.83682 3.06926 4.85135 3.46503 1.46098 3.23512 1.38719 2.34119 2.33243 6.94889 0 3.43262 4.48492 6.27177 5.36505 4.10014 3.43726 3.75858 2.61247 7.47061 2.43425 4.26885 4.72633 4.64613 4.90492 4.23302 6.47568 1.92889 5.44659 2.71044 4.52359 4.71861 3.85352 2.33411 1.70163 4.25835 2.11643 6.89535 3.76017 7.30802 3.78862 6.42142 0.812915 3.00362 6.0986 4.56206 1.87082 1.73915 
7.45384 8.47559 0.638203 5.85435 8.05623 8.2469 3.12962 7.69895 2.11565 6.82677 5.35865 8.55982 6.84862 8.23136 8.40438 8.54641 4.58768 3.15551 6.2905 9.04943 7.55009 2.42932 5.40116 8.73972 1.36487 1.83188 9.78621 2.88721 6.2495 1.90724 4.52296 8.85884 7.73906 4.43412 8.69322 4.06984 7.89197 7.77516 4.03769 4.16341 8.15283 7.66849 2.64556 2.30823 3.64647 5.19644 7.68886 2.23722 6.39325 5.06745 5.72825 2.28738 1.1943 5.83754 6.48732 5.05305 2.11284 3.52505 6.60098 2.238 4.94946 1.16114 7.93697 3.43262 0 7.67838 8.508 6.89511 6.40938 3.38751 4.8702 5.97078 10.8881 4.36957 2.60417 8.08499 5.56882 6.9074 6.66362 9.8508 2.9022 6.25386 1.07934 6.97601 7.98872 6.69415 1.69317 2.97012 7.59954 5.01733 10.2454 1.7239 10.6788 0.887132 8.08058 3.57933 6.24662 9.20185 7.44619 2.00659 5.13525 
2.92892 0.879234 7.50664 6.56489 6.96671 6.88055 5.40822 3.85169 5.82285 4.284 6.44608 8.58294 1.76634 1.6433 2.52078 5.5301 7.66738 6.86376 3.72163 8.88493 0.536304 6.79414 2.90099 1.85578 7.01787 6.71043 2.89931 6.74592 7.31884 8.56513 7.65902 7.62091 7.75257 3.5138 4.54747 5.19547 1.59314 8.52819 5.75243 3.8075 1.37573 5.76489 5.4012 5.82303 6.31831 4.22887 4.96182 5.4419 3.3587 2.99689 2.37296 6.48452 7.01396 8.09076 2.70408 5.91961 7.93463 5.49035 1.49119 5.44156 5.12221 6.71494 5.94656 4.48492 7.67838 0 7.63965 7.96437 6.18977 5.76448 7.26521 1.97145 3.71339 5.9018 8.72626 3.46792 4.95785 7.08405 2.35058 2.46559 6.24028 5.40385 6.71308 2.30054 0.483932 1.45222 6.81791 4.84094 0.846202 4.63836 2.72371 8.2446 3.20824 8.19795 8.58151 4.10874 3.77408 1.63684 1.15625 5.71707 3.42273 
4.7468 8.32153 8.91617 2.65366 0.683464 0.776072 9.10443 3.86869 6.79198 10.8853 3.14939 1.11767 8.73879 6.39389 5.61301 2.46851 4.30776 5.39208 4.10088 1.26944 7.10732 9.81757 5.58173 9.48474 7.14318 6.68166 6.78857 10.1356 2.39931 7.59294 4.36773 0.437836 0.983584 8.08761 3.66333 4.76618 9.1475 1.71539 4.5618 6.03255 9.00645 12.4191 8.51311 8.70066 4.86321 9.77357 11.8317 7.44648 9.87053 5.87282 5.95734 9.43286 7.31649 3.31658 5.04329 11.0579 6.83707 5.20178 6.3578 7.43431 3.93522 7.46805 12.6739 6.27177 8.508 7.63965 0 2.09004 2.19081 9.70846 3.82027 6.29742 7.64117 4.18965 7.0796 4.42454 10.6576 1.61825 9.15467 7.61834 5.62749 11.4192 8.40243 9.31973 7.4174 8.26511 6.81639 7.97336 6.82175 4.18811 8.10328 7.44379 8.17644 8.2046 1.4915 6.96497 4.0699 8.89187 8.57629 7.92587 5.21527 
5.37043 8.76326 7.38232 1.51106 2.10248 2.3833 8.08485 4.69168 5.48776 10.4893 1.8716 1.69693 8.68127 7.06492 6.4582 3.89876 2.39327 3.74625 4.24774 2.1807 7.4696 8.54968 5.36616 9.80418 5.55355 5.13583 7.85761 8.9219 0.76542 5.72429 2.45812 2.52743 1.10726 7.47208 4.93344 3.75116 9.3021 0.889032 3.33937 5.37059 9.25189 11.9473 7.4335 7.53393 3.39454 9.15624 11.4772 6.27636 9.532 5.53504 5.85302 8.18896 5.74111 1.2539 5.26307 10.2016 5.02222 4.01722 6.51671 6.26361 3.17744 5.97543 12.218 5.36505 6.89511 7.96437 2.09004 0 1.784 8.67512 2.0254 6.25621 8.85589 2.95646 5.1429 5.3336 9.99427 0.983859 8.98999 8.55696 4.17457 10.7895 6.99232 9.21089 7.86338 8.23093 5.25201 6.99466 7.23774 3.60735 9.06156 5.61943 9.23627 6.4579 1.18551 6.15482 4.19306 9.43308 8.70076 6.7162 4.88068 
3.6049 6.98169 6.7803 0.766391 1.65528 1.83758 6.92783 2.99125 4.61383 8.93669 1.15755 2.67891 6.98724 5.29124 4.7194 2.62057 2.70921 3.38908 2.46879 3.10944 5.69034 7.62781 3.69075 8.03533 5.05201 4.57784 6.16147 7.94483 1.25063 5.71342 2.75224 2.48428 1.74573 6.01852 3.42438 2.57538 7.55817 2.37526 2.39831 3.92384 7.49168 10.4379 6.32771 6.51025 2.77927 7.71487 9.90957 5.25569 7.94807 3.91228 4.14761 7.24249 5.21542 2.29373 3.48598 8.92256 4.92008 3.01958 4.75674 5.24353 1.75909 5.33087 10.7015 4.10014 6.40938 6.18977 2.19081 1.784 0 7.53143 2.13903 4.5375 7.20016 2.04313 5.31073 3.63719 8.58485 0.919708 7.33312 6.81792 3.50771 9.36299 6.23449 7.53616 6.08047 6.52718 4.71872 5.79919 5.45506 2.06963 7.32347 5.51882 7.52321 6.19371 2.49283 4.82063 2.41571 7.64914 6.96032 5.73551 3.24426 
6.85414 6.35953 2.83824 7.27625 9.10363 9.20498 0.604053 7.47048 3.28846 3.55286 6.83042 10.1272 4.3623 6.90323 7.41958 8.84348 6.82237 5.28186 6.21819 10.5925 5.86742 1.23391 4.75027 6.21172 3.88292 4.02771 8.46472 1.01464 7.92064 5.18739 6.76935 9.94936 9.20272 2.3244 8.52199 4.98726 5.36341 9.54404 5.33766 3.79116 5.71731 4.28102 1.24479 1.25929 5.35434 2.03957 4.34213 2.42324 3.36668 4.34793 4.75513 1.14564 3.72196 7.94705 5.86489 1.72219 5.07912 4.65867 5.28347 2.43592 5.77477 3.3 4.54959 3.43726 3.38751 5.76448 9.70846 8.67512 7.53143 0 6.84857 4.75451 9.4258 5.72369 5.78342 7.5988 2.20459 8.30974 3.96996 8.21301 4.63754 2.86638 2.39848 4.25171 6.19873 4.41629 3.99698 1.73598 6.04929 5.54414 8.4875 4.9297 8.97268 4.25809 9.78473 2.80725 6.20561 6.96966 5.09706 2.05205 4.83144 
5.21678 8.12836 5.36504 1.37602 3.53049 3.77962 6.27808 4.84176 3.58184 9.05776 1.05703 3.70403 7.59267 6.76741 6.38883 4.75547 0.572106 1.72845 3.84588 4.19267 6.84034 6.60675 4.39956 9.00569 3.53372 3.12857 7.9032 6.99884 1.43285 3.77481 0.613221 4.22311 2.9415 5.97288 5.46763 2.25409 8.37415 2.90555 1.70341 3.98066 8.40899 10.4291 5.60551 5.65385 1.49554 7.59416 10.055 4.42544 8.17299 4.42964 4.93174 6.26045 3.72282 1.10067 4.73452 8.45492 3.03362 2.30252 5.77498 4.41273 2.14965 3.97542 10.7068 3.75858 4.8702 7.26521 3.82027 2.0254 2.13903 6.84857 0 5.35101 9.00077 1.41822 3.26942 5.46133 8.37846 2.21574 7.79492 8.42527 2.23173 9.18096 5.00955 8.05453 7.28639 7.1858 3.2389 5.24459 6.67783 2.62949 8.92361 3.63835 9.19626 4.44641 3.21087 4.57137 3.78132 8.86039 7.7738 4.82989 3.87063 
2.19328 2.85068 5.89832 4.78857 5.6146 5.59326 4.25924 2.98375 3.98481 4.6609 4.60326 7.11224 2.45856 2.28686 2.67229 4.61112 5.72649 4.89373 2.19657 7.4747 1.66223 5.55055 0.951671 3.65479 5.16131 4.81702 3.8697 5.61983 5.55966 6.67063 5.71483 6.37203 6.21972 2.46757 3.97002 3.22996 3.06038 6.91275 3.7919 1.89446 3.06159 6.21886 4.03677 4.43482 4.34867 3.86975 5.56863 3.76095 3.63052 1.03202 0.419685 5.18897 5.17963 6.23587 1.346 5.46694 6.00805 3.51995 0.630216 3.75773 3.23714 4.9237 6.45791 2.61247 5.97078 1.97145 6.29742 6.25621 4.5375 4.75451 5.35101 0 4.94021 3.96214 6.7884 2.93959 4.75112 5.45628 2.8577 3.88101 4.28018 5.41579 5.10026 3.02701 2.12883 1.99248 4.93409 3.39987 1.64602 2.75338 4.28775 6.35323 4.71074 6.39468 7.01575 2.42883 2.22829 3.60745 2.45622 4.12296 1.48072 
3.81182 3.40343 10.8378 7.85602 7.11295 6.90164 9.02125 4.21257 8.83878 7.79943 7.97468 8.75259 5.41117 2.65828 2.65143 5.17498 9.52818 9.26106 5.21121 8.86811 3.5587 10.3822 5.5173 4.3539 9.96564 9.56632 1.13306 10.3809 8.44914 11.3705 9.5444 7.41696 8.19219 7.12064 3.99542 7.50924 4.8027 9.08458 7.95026 6.73486 4.40075 9.14402 8.91329 9.32538 8.58969 7.93895 8.28853 8.69774 6.97802 5.82542 5.15983 10.0448 10.0128 9.47462 4.55748 9.62573 10.6313 7.9759 4.31681 8.69412 7.01356 9.80277 9.27526 7.47061 10.8881 3.71339 7.64117 8.85589 7.20016 9.4258 9.00077 4.94021 0 7.92767 11.3428 3.56942 8.6401 7.87203 5.97963 1.26785 8.80914 9.01819 10.0402 5.85403 3.24817 5.15859 9.69895 8.29926 3.39835 6.62188 1.25294 11.0675 0.877576 11.2434 8.99637 7.36901 5.27506 3.22753 4.68301 9.06231 5.87913 
4.11703 6.7732 4.73865 1.5825 3.6964 3.87917 5.13078 3.93805 2.6166 7.68512 1.11159 4.43492 6.17468 5.54383 5.27875 4.32403 1.76592 1.48993 2.71796 4.91249 5.49992 5.67398 3.01162 7.61198 3.0178 2.53999 6.80491 6.02116 2.19777 3.84962 1.75737 4.51475 3.5327 4.61239 4.75259 0.851195 6.96513 3.82045 0.388475 2.57558 7.01061 9.08898 4.48541 4.60852 0.797492 6.26649 8.6817 3.34444 6.78009 3.01799 3.54504 5.29918 3.17684 2.43535 3.48258 7.24809 3.04375 1.06684 4.41896 3.33179 0.91544 3.28891 9.36438 2.43425 4.36957 5.9018 4.18965 2.95646 2.04313 5.72369 1.41822 3.96214 7.92767 0 3.58898 4.49951 7.08031 2.64889 6.3793 7.2369 1.46763 7.88048 4.21376 6.63723 5.95531 5.76975 2.68293 4.03839 5.36059 1.33075 7.72488 3.6139 8.03473 4.20158 4.06403 3.24041 2.65463 7.51542 6.36651 3.80233 2.48373 
7.58256 9.59442 3.24175 4.58716 6.79667 7.04074 5.3877 7.51035 3.07019 8.95196 4.15332 6.8325 8.3736 8.8014 8.70272 7.84186 2.77514 2.11943 6.213 7.30721 8.44991 4.99051 5.95689 10.1459 1.9856 2.09631 10.2098 5.44852 4.68054 0.741084 2.71379 7.48872 6.16679 6.11687 8.34108 3.83815 9.35684 5.94704 3.45268 4.91896 9.53016 9.99495 4.76196 4.55772 2.82145 7.30948 9.88846 3.8178 8.32813 5.75938 6.43087 4.78522 2.10633 3.91913 6.7887 7.50088 0.814016 3.37112 7.37661 3.80993 4.46601 2.5354 10.2718 4.26885 2.60417 8.72626 7.0796 5.1429 5.31073 5.78342 3.26942 6.7884 11.3428 3.58898 0 8.04481 7.84947 5.48436 8.34534 10.5084 2.54511 8.59604 3.39779 8.65226 8.91706 8.09734 2.03168 4.79725 8.40029 4.77282 10.9673 0.883037 11.3339 1.78255 6.28031 4.84463 6.15353 10.3533 8.82051 3.91419 5.51249 
0.75008 4.00782 8.19092 4.28693 3.8018 3.64877 7.05937 0.646088 5.9695 7.41945 4.42146 5.47812 4.95196 2.00476 1.18877 2.09935 6.00298 5.92646 1.84723 5.69389 2.94075 8.24376 2.88582 5.22397 6.95425 6.50336 2.52729 8.38443 4.88773 8.18686 6.02398 4.3174 4.78647 5.37956 1.09585 4.24559 5.05812 5.65728 4.59265 4.05951 4.8305 8.97194 6.71432 7.06883 5.22844 6.79971 8.2397 6.10954 6.39948 3.28771 2.85158 7.85883 7.04351 5.90534 1.73935 8.4063 7.40397 4.77161 2.61453 6.10206 3.59178 6.93172 9.18815 4.72633 8.08499 3.46792 4.42454 5.3336 3.63719 7.5988 5.46133 2.93959 3.56942 4.49951 8.04481 0 7.67196 4.35421 5.48343 3.24668 5.59404 8.30398 7.4367 5.55125 3.14159 4.49653 6.64794 6.06231 2.62274 3.27745 3.74676 7.9069 3.90274 8.25477 5.61923 4.95767 1.9027 4.50775 4.56116 6.56194 2.98781 
6.93462 5.28675 5.03866 8.50689 10.0009 10.0449 2.47079 7.72981 5.0446 1.43488 8.12447 11.2613 3.22977 6.43763 7.15736 9.31409 8.46734 7.00758 6.73475 11.6931 5.25108 3.38449 5.16654 4.75863 5.88455 5.92944 7.85275 3.03582 9.22918 7.30422 8.42276 10.8228 10.3255 2.57095 8.71985 6.25092 4.00493 10.8142 6.72142 4.66357 4.41092 2.14864 3.09029 3.30993 6.91006 0.895037 2.13846 4.16129 1.72045 4.82244 4.93915 3.34949 5.74689 9.46935 6.07437 1.08191 7.09814 6.07947 5.07973 4.17222 6.86773 5.31681 2.42759 4.64613 5.56882 4.95785 10.6576 9.99427 8.58485 2.20459 8.37846 4.75112 8.6401 7.08031 7.84947 7.67196 0 9.45343 2.67202 7.37387 6.30108 0.802516 4.53739 2.84788 5.44003 3.50877 5.93168 3.20192 5.51799 6.51521 7.53193 7.02729 8.02623 6.42375 11.0091 3.84284 6.74357 5.72896 3.97153 3.95121 5.45734 
4.41713 7.86241 7.33319 1.07015 1.34211 1.6098 7.70887 3.71412 5.26533 9.84088 1.562 1.82189 7.90689 6.11674 5.48766 2.95605 2.72788 3.77792 3.36408 2.28278 6.57794 8.32088 4.60926 8.93423 5.54299 5.08796 6.87622 8.66116 0.842107 5.98055 2.78489 2.00941 0.893059 6.89485 3.95743 3.32256 8.47062 1.45708 3.03328 4.79044 8.39707 11.3339 7.08694 7.23857 3.27216 8.59111 10.8171 5.97475 8.85746 4.82406 5.06725 7.94372 5.71954 1.90521 4.38099 9.75156 5.22024 3.69881 5.66447 5.96225 2.58899 5.88998 11.5992 4.90492 6.9074 7.08405 1.61825 0.983859 0.919708 8.30974 2.21574 5.45628 7.87203 2.64889 5.48436 4.35421 9.45343 0 8.25165 7.58453 4.04751 10.2373 6.85132 8.45568 6.9571 7.44653 5.21963 6.58939 6.33349 2.95006 8.08849 5.82699 8.25681 6.58746 1.57843 5.65509 3.31378 8.51597 7.87408 6.44194 4.15705 
4.80561 2.61493 6.31957 7.48774 8.47204 8.44991 3.80236 5.69873 5.2752 1.96151 7.22425 9.9511 0.584294 3.9362 4.74767 7.3818 8.05845 6.87602 5.05409 10.3239 2.72898 5.15541 3.64241 2.24328 6.41195 6.25028 5.24313 4.98393 8.2595 7.99399 8.03142 9.22761 9.04626 2.2579 6.57634 5.54278 1.40594 9.69965 6.1059 3.82633 1.78704 3.495 4.06136 4.45867 6.51953 2.08079 2.76065 4.5933 1.0091 3.45645 3.20682 4.93233 6.34384 8.79217 4.16015 3.70064 7.5324 5.61549 2.9112 4.59846 5.84421 5.9576 3.70548 4.23302 6.66362 2.35058 9.15467 8.98999 7.33312 3.96996 7.79492 2.8577 5.97963 6.3793 8.34534 5.48343 2.67202 8.25165 0 4.7119 6.16116 3.05702 5.59578 0.313039 2.83315 0.990902 6.31532 3.70353 3.03049 5.38936 4.85995 7.67773 5.35421 7.36762 9.825 3.52509 5.08485 3.09337 1.30038 4.67573 4.11005 
3.23531 2.14325 9.75769 7.4003 7.02345 6.84911 7.82985 3.87481 7.85153 6.53841 7.4444 8.69807 4.14439 1.70939 2.09963 5.18086 8.92085 8.47628 4.57939 8.88076 2.36957 9.20363 4.57477 3.1608 9.01064 8.63773 0.944259 9.18167 8.06131 10.4733 8.92931 7.46037 8.0317 5.92676 3.98708 6.71891 3.54967 8.90396 7.20588 5.74374 3.15313 7.90227 7.76088 8.17796 7.83453 6.68088 7.05139 7.63188 5.71025 4.83751 4.15597 8.877 9.04133 9.0232 3.76313 8.36456 9.76449 7.14241 3.25097 7.6293 6.34052 8.80034 8.04137 6.47568 9.8508 2.46559 7.61834 8.55696 6.81792 8.21301 8.42527 3.88101 1.26785 7.2369 10.5084 3.24668 7.37387 7.58453 4.7119 0 7.9633 7.75117 8.95818 4.58724 2.01479 3.90129 8.76345 7.1633 2.26067 5.90724 0.505581 10.1622 0.832731 10.2643 8.86239 6.28959 4.64396 2.05721 3.4152 7.96907 4.99628 
5.08081 7.1162 3.28888 2.98106 5.1572 5.34502 4.08119 5.10609 1.3539 7.13627 2.48609 5.77239 6.09017 6.25634 6.17859 5.72364 2.19126 0.726074 3.74698 6.25904 5.93478 4.38283 3.42037 7.76023 1.55207 1.07262 7.67623 4.7689 3.46484 2.59425 2.14108 5.96697 4.90726 4.08084 6.02058 1.34917 7.01378 5.06309 1.15147 2.46516 7.14311 8.40851 3.40148 3.42637 0.784743 5.57886 8.1242 2.2198 6.34664 3.24822 3.90749 4.03127 1.70921 3.32046 4.25181 6.2796 1.82581 0.834964 4.85207 2.20732 2.13527 1.84267 8.68891 1.92889 2.9022 6.24028 5.62749 4.17457 3.50771 4.63754 2.23173 4.28018 8.80914 1.46763 2.54511 5.59404 6.30108 4.04751 6.16116 7.9633 0 7.09962 2.82362 6.45245 6.40272 5.75839 1.21656 3.10743 5.87023 2.32982 8.42311 2.31334 8.78881 2.77351 5.34221 2.67138 3.6914 7.87578 6.44746 2.60292 2.96772 
7.57698 5.62266 5.69764 9.29894 10.7581 10.7946 3.20842 8.39934 5.83395 1.32356 8.92072 12.0411 3.63947 6.9527 7.71601 10.0107 9.26851 7.80394 7.4579 12.4691 5.74943 3.97056 5.89401 4.93593 6.64365 6.7062 8.29982 3.5778 10.0247 8.03115 9.22367 11.5746 11.1059 3.34447 9.36842 7.04917 4.26446 11.6055 7.52269 5.44709 4.67651 1.41464 3.85155 4.04068 7.71224 1.64846 1.637 4.9474 2.0483 5.56337 5.63404 3.99133 6.50023 10.2717 6.75406 1.34714 7.85633 6.88177 5.69318 4.95856 7.65467 6.0705 1.68443 5.44659 6.25386 5.40385 11.4192 10.7895 9.36299 2.86638 9.18096 5.41579 9.01819 7.88048 8.59604 8.30398 0.802516 10.2373 3.05702 7.75117 7.09962 0 5.24862 3.16423 5.88743 3.98512 6.70346 3.99662 6.03447 7.29398 7.86324 7.76173 8.35341 7.12225 11.797 4.64154 7.46982 5.97951 4.33874 4.71748 6.2086 
6.76348 7.4864 0.799513 5.78121 7.88776 8.04959 2.0752 7.11375 1.63304 5.76318 5.29111 8.59498 5.79895 7.38402 7.63645 8.13335 4.8426 3.29867 5.71443 9.08095 6.62297 1.66785 4.63739 7.69713 1.60546 1.90215 8.95908 2.1094 6.28841 2.78892 4.78198 8.71804 7.72189 3.38296 8.14224 3.72107 6.84496 7.88135 3.84115 3.40184 7.11774 6.66019 1.56627 1.2411 3.60829 4.1265 6.64144 1.35191 5.31407 4.27251 4.9017 1.40258 1.42011 6.06083 5.7676 4.10725 2.73432 3.22268 5.72623 1.35711 4.61476 1.05675 6.93268 2.71044 1.07934 6.71308 8.40243 6.99232 6.23449 2.39848 5.00955 5.10026 10.0402 4.21376 3.39779 7.4367 4.53739 6.85132 5.59578 8.95818 2.82362 5.24862 0 5.90758 7.04828 5.6655 1.81843 1.92267 6.69787 4.58054 9.33249 2.53442 9.77916 1.89068 8.16434 2.67235 5.67833 8.20056 6.4163 0.996213 4.44951 
4.89341 2.46114 6.62933 7.71347 8.63639 8.60545 4.10085 5.79885 5.58209 1.98551 7.46192 10.137 0.601069 3.92215 4.76027 7.48956 8.32851 7.16495 5.22026 10.5017 2.72301 5.44601 3.84996 1.97663 6.72207 6.55666 5.16447 5.26412 8.48636 8.3048 8.30264 9.38007 9.23868 2.57038 6.64682 5.80555 1.16608 9.90741 6.37136 4.09689 1.56579 3.47376 4.37081 4.76638 6.79671 2.32232 2.69729 4.90522 1.13599 3.6863 3.39416 5.22973 6.65502 9.04145 4.29938 3.89937 7.83902 5.8933 3.02084 4.9103 6.07947 6.26967 3.66732 4.52359 6.97601 2.30054 9.31973 9.21089 7.53616 4.25171 8.05453 3.02701 5.85403 6.63723 8.65226 5.55125 2.84788 8.45568 0.313039 4.58724 6.45245 3.16423 5.90758 0 2.77522 1.0712 6.62297 4.01653 3.03487 5.61873 4.70631 7.98825 5.1986 7.68064 10.0252 3.826 5.2539 2.88316 1.18137 4.98873 4.33103 
2.67298 0.909455 7.84559 6.50477 6.75285 6.64999 5.82327 3.57938 6.07787 4.76037 6.42208 8.39208 2.2491 1.21973 2.11868 5.23026 7.71396 6.99882 3.61891 8.67403 0.467938 7.20281 3.00315 2.08662 7.26613 6.93679 2.41549 7.17069 7.24489 8.79221 7.70969 7.37405 7.5871 3.92165 4.19944 5.29228 1.98676 8.38693 5.83573 4.01554 1.70605 6.23071 5.78291 6.20308 6.42336 4.70391 5.41964 5.75253 3.8417 3.15838 2.4965 6.88381 7.27337 8.06436 2.61357 6.39626 8.13648 5.62656 1.55786 5.75135 5.13674 6.99262 6.40743 4.71861 7.98872 0.483932 7.4174 7.86338 6.08047 6.19873 7.28639 2.12883 3.24817 5.95531 8.91706 3.14159 5.44003 6.9571 2.83315 2.01479 6.40272 5.88743 7.04828 2.77522 0 1.93237 7.05043 5.20412 0.625971 4.65884 2.31141 8.47359 2.7851 8.47344 8.42204 4.40952 3.67577 1.58278 1.61361 6.05266 3.50615 
3.82761 1.94324 6.4352 6.74733 7.58165 7.54488 4.12358 4.72947 5.05817 2.94867 6.52603 9.10125 0.475085 2.97 3.76325 6.41903 7.50112 6.44785 4.17109 9.45734 1.76461 5.5147 2.86822 2.06508 6.24201 6.01172 4.34401 5.41889 7.5207 7.82678 7.48056 8.31749 8.21175 2.30452 5.59067 4.96354 1.26065 8.90223 5.53571 3.31583 1.46251 4.48589 4.2266 4.64586 6.01271 2.78038 3.7433 4.5055 1.96239 2.7613 2.3811 5.23679 6.20274 8.13395 3.23393 4.46864 7.28542 5.12093 1.94964 4.50802 5.14368 5.852 4.6952 3.85352 6.69415 1.45222 8.26511 8.23093 6.52718 4.41629 7.1858 1.99248 5.15859 5.76975 8.09734 4.49653 3.50877 7.44653 0.990902 3.90129 5.75839 3.98512 5.6655 1.0712 1.93237 0 6.09682 3.74425 2.05536 4.67056 4.11538 7.50546 4.60807 7.3149 9.00803 3.26877 4.20732 2.58103 0.752064 4.68923 3.37339 
6.07659 7.67151 2.13125 4.16304 6.36365 6.55627 3.52078 6.20323 1.04323 6.96312 3.66708 6.89676 6.35667 7.08014 7.11624 6.91965 3.03187 1.51076 4.81071 7.38599 6.58869 3.47612 4.19376 8.15547 0.335755 0.148782 8.573 3.90435 4.58216 1.74798 2.97022 7.16574 6.05994 4.08557 7.15644 2.47076 7.35261 6.13841 2.36432 3.03967 7.54255 8.07923 2.85509 2.7377 1.95367 5.33163 7.9168 1.80862 6.30636 3.93171 4.61485 3.17393 0.500141 4.26254 5.17183 5.7109 1.22243 1.91939 5.54828 1.79966 3.31843 0.761682 8.3588 2.33411 1.69317 6.81791 6.81639 5.25201 4.71872 3.99698 3.2389 4.93409 9.69895 2.68293 2.03168 6.64794 5.93168 5.21963 6.31532 8.76345 1.21656 6.70346 1.81843 6.62297 7.05043 6.09682 0 2.79645 6.57579 3.44968 9.19788 1.42689 9.59587 1.61097 6.43471 2.83046 4.76025 8.42578 6.82965 1.98768 3.8242 
5.33537 5.58739 2.69271 5.56761 7.36767 7.47021 1.13212 5.86539 1.84934 4.16671 5.13445 8.40977 3.87964 5.67068 6.04823 7.15999 5.2889 3.80754 4.55596 8.87113 4.80016 2.18366 3.17666 5.77526 2.8135 2.77259 7.2573 2.33841 6.23404 4.35595 5.24167 8.21346 7.48164 1.46409 6.92026 3.27126 4.92446 7.853 3.65805 2.09817 5.19509 5.33054 0.65241 1.03512 3.75476 2.54027 5.12447 0.988216 3.54329 2.77473 3.29471 1.80505 2.71223 6.34443 4.32595 3.21623 4.0061 2.98556 3.99971 0.997546 4.04114 2.29992 5.61125 1.70163 2.97012 4.84094 7.97336 6.99466 5.79919 1.73598 5.24459 3.39987 8.29926 4.03839 4.79725 6.06231 3.20192 6.58939 3.70353 7.1633 3.10743 3.99662 1.92267 4.01653 5.20412 3.74425 2.79645 0 4.91082 3.80945 7.50947 4.0497 7.97056 3.66699 8.08346 1.12217 4.53758 6.29103 4.49443 0.972199 3.17328 
2.09143 1.52912 7.49738 5.88011 6.15306 6.05808 5.62774 3.01087 5.63071 4.99102 5.80262 7.78389 2.45754 0.920171 1.72563 4.68501 7.11388 6.44554 2.99294 8.07371 0.321525 6.9842 2.45179 2.66354 6.80658 6.45659 2.41822 6.99049 6.6192 8.30739 7.11121 6.79135 6.97096 3.73187 3.70548 4.72081 2.43562 7.76578 5.25529 3.537 2.21811 6.50716 5.51795 5.93203 5.8532 4.72503 5.7274 5.37479 4.01752 2.65001 1.97104 6.64662 6.82564 7.44364 1.98868 6.41568 7.63055 5.07829 1.02816 5.37246 4.52892 6.56661 6.70202 4.25835 7.59954 0.846202 6.82175 7.23774 5.45506 6.04929 6.67783 1.64602 3.39835 5.36059 8.40029 2.62274 5.51799 6.33349 3.03049 2.26067 5.87023 6.03447 6.69787 3.03487 0.625971 2.05536 6.57579 4.91082 0 4.05414 2.64668 7.99132 3.08228 8.03978 7.80467 4.03101 3.04982 2.20604 1.95852 5.7084 2.93709 
2.82281 5.49925 5.24696 2.09971 3.56462 3.66086 4.94103 2.77629 2.96799 6.90082 1.8566 4.74715 5.1068 4.21308 3.97046 3.55512 3.06166 2.65977 1.44028 5.17844 4.21109 5.78252 1.81316 6.40084 3.77329 3.30147 5.4943 6.05346 2.87034 4.91498 3.06115 4.4087 3.81208 3.94959 3.70702 0.985151 5.80798 4.35802 1.33195 1.8558 5.81348 8.38521 4.38262 4.61793 1.97273 5.64617 7.88301 3.41407 5.93044 1.93325 2.3347 5.38813 3.8891 3.48262 2.15206 6.87157 4.12777 1.53218 3.14732 3.40308 0.485198 3.86027 8.65148 2.11643 5.01733 4.63836 4.18811 3.60735 2.06963 5.54414 2.62949 2.75338 6.62188 1.33075 4.77282 3.27745 6.51521 2.95006 5.38936 5.90724 2.32982 7.29398 4.58054 5.61873 4.65884 4.67056 3.44968 3.80945 4.05414 0 6.39442 4.64124 6.70765 5.05797 4.52238 2.7772 1.38071 6.23109 5.20398 3.90483 1.29725 
3.73972 2.24682 10.1316 7.90508 7.51436 7.33611 8.12866 4.37738 8.27028 6.61668 7.94631 9.18751 4.31052 2.18479 2.6049 5.65714 9.41617 8.94789 5.07805 9.36319 2.7121 9.51141 5.02005 3.11193 9.43837 9.0745 1.35546 9.46944 8.56688 10.9164 9.42389 7.93717 8.52944 6.22956 4.45991 7.19252 3.61168 9.40358 7.68635 6.16747 3.2029 7.92441 8.09347 8.5132 8.31228 6.87816 7.06511 8.01755 5.84047 5.26662 4.5835 9.19476 9.46339 9.52766 4.24588 8.54689 10.2166 7.60654 3.66088 8.0155 6.83197 9.21133 8.0478 6.89535 10.2454 2.72371 8.10328 9.06156 7.32347 8.4875 8.92361 4.28775 1.25294 7.72488 10.9673 3.74676 7.53193 8.08849 4.85995 0.505581 8.42311 7.86324 9.33249 4.70631 2.31141 4.11538 9.19788 7.50947 2.64668 6.39442 0 10.6036 0.494794 10.6817 9.35883 6.67261 5.14254 1.98342 3.56079 8.33946 5.45555 
7.3814 9.09832 2.36052 4.84794 7.09106 7.31697 4.55793 7.417 2.44928 8.17097 4.37652 7.31573 7.74961 8.46942 8.4582 7.93738 3.22821 2.14178 6.05969 7.80009 8.01078 4.10953 5.58749 9.56784 1.26787 1.5368 9.93718 4.56787 5.07089 0.321946 3.16291 7.83361 6.57982 5.42678 8.3151 3.6625 8.75697 6.46497 3.39116 4.45938 8.9568 9.16694 3.95307 3.72151 2.81642 6.52422 9.09148 3.09439 7.59297 5.34275 6.02499 3.91148 1.33979 4.45163 6.5179 6.64166 0.606747 3.13791 6.9632 3.08809 4.41196 1.75147 9.44224 3.76017 1.7239 8.2446 7.44379 5.61943 5.51882 4.9297 3.63835 6.35323 11.0675 3.6139 0.883037 7.9069 7.02729 5.82699 7.67773 10.1622 2.31334 7.76173 2.53442 7.98825 8.47359 7.50546 1.42689 4.0497 7.99132 4.64124 10.6036 0 10.9936 0.940682 6.7894 4.23684 6.00443 9.85236 8.24299 3.12703 5.1897 
3.98386 2.74038 10.5786 8.1327 7.6102 7.41818 8.60757 4.5452 8.68387 7.10204 8.20041 9.27423 4.80531 2.53247 2.81946 5.71277 9.70113 9.29374 5.35463 9.42567 3.17045 9.98791 5.40618 3.57078 9.84336 9.46992 1.39276 9.95167 8.7722 11.3043 9.7116 7.98594 8.65326 6.7066 4.5141 7.5354 4.0975 9.53641 8.01482 6.57632 3.68749 8.39548 8.56064 8.97938 8.6463 7.37261 7.53444 8.45682 6.33328 5.67024 4.98863 9.66783 9.87394 9.75776 4.57303 9.04169 10.593 7.96577 4.08106 8.45443 7.13245 9.63179 8.51398 7.30802 10.6788 3.20824 8.17644 9.23627 7.52321 8.97268 9.19626 4.71074 0.877576 8.03473 11.3339 3.90274 8.02623 8.25681 5.35421 0.832731 8.78881 8.35341 9.77916 5.1986 2.7851 4.60807 9.59587 7.97056 3.08228 6.70765 0.494794 10.9936 0 11.0966 9.4747 7.11329 5.41933 2.444 4.05532 8.78825 5.82316 
7.67201 9.02378 1.51213 5.56948 7.8083 8.01982 3.96579 7.81416 2.41278 7.65081 5.08259 8.14784 7.50771 8.60366 8.68981 8.49666 4.0844 2.81793 6.4204 8.63539 8.02152 3.31548 5.7261 9.3764 1.301 1.7581 10.1243 3.77286 5.86804 1.05369 4.01872 8.57943 7.37639 5.11415 8.76496 4.07607 8.54082 7.31921 3.91974 4.52162 8.77734 8.53626 3.43237 3.13098 3.42203 6.01022 8.53203 2.80962 7.16682 5.43064 6.10953 3.17117 1.23149 5.32572 6.74839 5.93551 1.46435 3.52603 7.02085 2.80695 4.90597 1.48302 8.80647 3.78862 0.887132 8.19795 8.2046 6.4579 6.19371 4.25809 4.44641 6.39468 11.2434 4.20158 1.78255 8.25477 6.42375 6.58746 7.36762 10.2643 2.77351 7.12225 1.89068 7.68064 8.47344 7.3149 1.61097 3.66699 8.03978 5.05797 10.6817 0.940682 11.0966 0 7.63763 4.09711 6.37037 9.76488 8.06467 2.69693 5.39276 
5.80743 9.33124 8.5656 2.51852 1.88793 2.12163 9.18902 5.0094 6.63895 11.4182 2.95451 0.59121 9.4713 7.50287 6.79639 3.84191 3.56138 4.93069 4.88334 1.0321 8.06447 9.70519 6.18298 10.4369 6.73789 6.31707 8.08198 10.0691 1.88239 6.88344 3.62679 1.88084 0.839032 8.45841 5.00132 4.81518 10.0063 0.33856 4.45191 6.35121 9.91519 12.9076 8.54876 8.66817 4.55887 10.1532 12.3953 7.40571 10.4359 6.40232 6.63284 9.33961 6.92502 2.3612 5.89189 11.2724 6.19575 5.13087 7.19358 7.39302 4.14232 7.15397 13.1738 6.42142 8.08058 8.58151 1.4915 1.18551 2.49283 9.78473 3.21087 7.01575 8.99637 4.06403 6.28031 5.61923 11.0091 1.57843 9.825 8.86239 5.34221 11.797 8.16434 10.0252 8.42204 9.00803 6.43471 8.08346 7.80467 4.52238 9.35883 6.7894 9.4747 7.63763 0 7.1909 4.83755 9.9566 9.41407 7.85566 5.73506 
4.23934 4.92697 3.47119 4.67743 6.3397 6.42569 2.21454 4.74544 1.78974 4.50335 4.2837 7.47483 3.5291 4.71461 5.01194 6.04624 4.72219 3.39632 3.43522 7.92265 3.97149 3.28914 2.0746 5.33116 2.97503 2.75062 6.29381 3.46042 5.38943 4.55829 4.68472 7.182 6.53979 1.42007 5.80009 2.40811 4.52258 6.98435 2.8889 0.984881 4.72102 5.8588 1.7666 2.11117 3.1483 3.02811 5.49879 1.3452 3.67825 1.67858 2.25408 2.90192 2.94377 5.64936 3.22812 4.10197 4.03074 2.27208 3.05393 1.34343 3.06934 2.61616 6.13598 0.812915 3.57933 4.10874 6.96497 6.15482 4.82063 2.80725 4.57137 2.42883 7.36901 3.24041 4.84463 4.95767 3.84284 5.65509 3.52509 6.28959 2.67138 4.64154 2.67235 3.826 4.40952 3.26877 2.83046 1.12217 4.03101 2.7772 6.67261 4.23684 7.11329 4.09711 7.1909 0 3.41788 5.66805 4.00688 1.69559 2.05128 
1.46326 4.57165 6.40219 2.84076 3.38757 3.37567 5.62393 1.45252 4.14104 6.84039 2.81628 4.89802 4.67867 2.99854 2.63069 2.64109 4.28184 4.03933 0.0646927 5.25008 3.27655 6.66765 1.57716 5.6212 5.07243 4.61433 4.1563 6.87125 3.57062 6.2842 4.29281 4.15735 4.02322 4.2226 2.46406 2.3429 5.16879 4.76458 2.70799 2.44099 5.0842 8.38728 5.17161 5.4797 3.34787 5.84871 7.77295 4.39762 5.81758 1.93397 1.89268 6.27332 5.17039 4.43365 1.07039 7.29224 5.50248 2.87079 2.35617 4.38859 1.73944 5.08655 8.63567 3.00362 6.24662 3.77408 4.0699 4.19306 2.41571 6.20561 3.78132 2.22829 5.27506 2.65463 6.15353 1.9027 6.74357 3.31378 5.08485 4.64396 3.6914 7.46982 5.67833 5.2539 3.67577 4.20732 4.76025 4.53758 3.04982 1.38071 5.14254 6.00443 5.41933 6.37037 4.83755 3.41788 0 5.25288 4.5777 4.87431 1.37426 
4.15875 0.759731 8.9823 8.08606 8.24046 8.11792 6.70171 5.02411 7.4168 4.69773 8.00439 9.89843 2.61652 2.50538 3.35619 6.60223 9.27846 8.50051 5.19507 10.1575 2.02006 8.09138 4.52915 1.12857 8.61377 8.32242 2.90852 7.97961 8.82339 10.1737 9.27229 8.81557 9.11878 4.87661 5.48623 6.82549 1.72569 9.93474 7.37868 5.4351 1.31805 5.95339 6.7994 7.2202 7.95109 5.17189 5.09144 6.97735 4.01008 4.63372 4.00496 7.81755 8.60033 9.647 4.19466 6.78211 9.55778 7.127 3.09704 6.97818 6.71132 8.28415 6.06999 6.0986 9.20185 1.63684 8.89187 9.43308 7.64914 6.96966 8.86039 3.60745 3.22753 7.51542 10.3533 4.50775 5.72896 8.51597 3.09337 2.05721 7.87578 5.97951 8.20056 2.88316 1.58278 2.58103 8.42578 6.29103 2.20604 6.23109 1.98342 9.85236 2.444 9.76488 9.9566 5.66805 5.25288 0 1.87261 7.21131 5.04599 
3.96276 1.31956 7.18408 7.24281 7.89543 7.83395 4.83694 4.8869 5.79407 3.16203 7.05758 9.46632 0.758831 2.79919 3.66942 6.58092 8.11674 7.12496 4.53386 9.79793 1.6372 6.22423 3.3915 1.32601 6.98185 6.74123 3.98467 6.10716 8.01268 8.56462 8.09965 8.59283 8.60071 3.04857 5.6523 5.58409 0.60425 9.33047 6.15612 3.98793 0.714373 4.61738 4.96739 5.38506 6.66047 3.33756 3.80747 5.25571 2.29513 3.34974 2.8715 5.95795 6.94616 8.68558 3.54183 4.99002 8.01033 5.77996 2.22652 5.25809 5.68559 6.59933 4.79419 4.56206 7.44619 1.15625 8.57629 8.70076 6.96032 5.09706 7.7738 2.45622 4.68301 6.36651 8.82051 4.56116 3.97153 7.87408 1.30038 3.4152 6.44746 4.33874 6.4163 1.18137 1.61361 0.752064 6.82965 4.49443 1.95852 5.20398 3.56079 8.24299 4.05532 8.06467 9.41407 4.00688 4.5777 1.87261 0 5.44112 3.91509 
5.86758 6.49367 1.79303 5.38244 7.36521 7.50104 1.53854 6.28186 1.24907 5.04501 4.91275 8.23723 4.84351 6.40951 6.6947 7.41444 4.77704 3.23131 4.90426 8.71403 5.62889 1.89377 3.71578 6.73315 1.93606 1.99945 7.98938 2.21943 5.97585 3.4245 4.72295 8.20819 7.3309 2.43186 7.3255 3.16155 5.88592 7.59715 3.41432 2.50263 6.14677 6.09985 0.867417 0.823957 3.34537 3.39916 5.97454 0.490764 4.4864 3.33663 3.94391 1.50699 1.80824 5.92274 4.86149 3.74251 3.14897 2.74319 4.74573 0.501819 4.0253 1.38116 6.3787 1.87082 2.00659 5.71707 7.92587 6.7162 5.73551 2.05205 4.82989 4.12296 9.06231 3.80233 3.91419 6.56194 3.95121 6.44194 4.67573 7.96907 2.60292 4.71748 0.996213 4.98873 6.05266 4.68923 1.98768 0.972199 5.7084 3.90483 8.33946 3.12703 8.78825 2.69693 7.85566 1.69559 4.87431 7.21131 5.44112 0 3.58169 
2.32243 4.29779 5.20892 3.38292 4.55031 4.58772 4.25095 2.70933 3.02683 5.6999 3.15345 5.90345 3.81153 3.29119 3.29708 4.01426 4.24934 3.51211 1.38734 6.30619 3.04294 5.32382 0.529048 5.13509 4.10099 3.68946 4.75068 5.51087 4.15617 5.49505 4.23915 5.36655 4.98044 2.90036 3.76076 1.78624 4.5183 5.59628 2.33294 1.09102 4.53918 7.2163 3.81368 4.13717 2.91796 4.56749 6.66761 3.12321 4.70484 0.668482 1.06212 4.9318 4.16248 4.77192 1.35758 5.94806 4.77106 2.15386 1.95218 3.11552 1.77347 3.99873 7.47567 1.73915 5.13525 3.42273 5.21527 4.88068 3.24426 4.83144 3.87063 1.48072 5.87913 2.48373 5.51249 2.98781 5.45734 4.15705 4.11005 4.99628 2.96772 6.2086 4.44951 4.33103 3.50615 3.37339 3.8242 3.17328 2.93709 1.29725 5.45555 5.1897 5.82316 5.39276 5.73506 2.05128 1.37426 5.04599 3.91509 3.58169 0 
