100
11.4882 23.6914 0.3511 0
10.3176 20.2434 0.692537 0
12.1728 20.9334 14.5686 0
5.6728 19.7836 1.177 0
12.6121 19.5994 0.80819 0
0.784264 23.1903 1.10092 0
3.31221 10.5806 0.58775 1
12.3491 23.5292 1.42401 0
13.888 16.9062 1.36151 0
3.3198 16.8604 24.797 1
2.78864 16.0289 1.5795 1
2.37207 2.66763 17.9448 1
14.9958 21.3573 1.52135 0
15.2541 18.1319 0.408551 0
2.31564 11.7792 1.78951 0
14.5041 23.4032 1.63879 0
6.91531 18.3269 0.344379 0
3.66538 20.3322 1.39622 1
11.6467 14.5259 1.08386 0
4.31687 14.4793 27.4299 1
3.78967 7.24716 0.34645 0
12.0646 19.9775 1.06306 0
9.737 16.2723 1.95198 0
9.07794 11.8381 1.46115 0
3.75955 3.93137 0.354677 0
1.28895 10.4737 1.70391 0
6.03096 22.0413 0.228097 0
1.72724 7.3271 24.3206 0
4.85645 16.3246 2.12733 0
8.83458 18.6554 1.57275 0
7.9303 23.1987 1.24517 0
6.52633 7.83598 2.12589 0
14.5812 16.089 17.1518 0
5.20974 21.0683 0.906238 0
8.21277 15.5481 29.0086 0
0.759529 4.91773 2.72004 0
16.0972 21.4629 11.8287 1
8.23435 20.3297 0.495639 0
15.4419 15.8259 0.797256 1
0.712544 14.7764 5.34705 1
5.9103 11.3418 0.544585 0
9.44263 17.5441 0.24733 1
0.462953 11.0068 2.24631 0
13.0992 15.0842 1.42528 1
6.18867 9.42329 0.346315 0
2.7991 12.3208 0.652681 0
4.04291 11.4195 1.15734 0
0.589491 1.21713 1.46958 1
11.2275 11.8667 1.21916 1
10.0088 20.1478 2.17465 0
9.91183 15.252 0.758269 0
1.89105 3.6241 1.92944 0
15.9793 23.7788 1.48767 0
3.29392 20.9096 1.80991 0
11.3733 15.1239 1.81957 0
11.9137 20.1529 0.39026 0
10.9607 19.516 1.5626 0
4.30999 20.3506 24.1572 0
11.5756 23.8333 1.86408 0
7.0486 11.4978 2.14822 0
9.58684 20.0965 10.3614 0
11.7351 17.035 2.13334 0
13.6505 15.4577 1.0956 0
13.5451 18.2036 2.12257 0
9.21094 13.3461 1.75492 0
13.8275 16.8798 1.7766 1
11.9131 12.0098 0.715368 1
18.7743 19.983 0.815764 0
10.3069 22.5277 0.960441 0
5.22491 17.7255 0.894912 0
17.8396 21.6875 21.273 0
17.1086 23.1121 0.79355 0
0.996704 17.318 0.589265 0
9.03475 21.5371 0.828984 0
12.0808 17.8114 1.94131 0
18.8529 19.4946 0.485779 0
3.62481 15.9066 24.0622 0
13.6107 21.7422 21.8837 1
3.63951 15.484 1.06934 0
0.229198 5.65238 0.936099 0
15.6096 19.763 0.722654 0
0.284649 19.9106 0.524418 0
18.1157 18.4548 1.04662 0
12.4031 15.0331 24.8628 0
12.6568 21.1624 0.84711 0
15.8351 23.3632 1.02452 0
15.9071 17.1353 1.08145 0
5.39168 8.66466 0.338815 1
14.123 19.0254 0.244829 0
5.1816 23.3281 2.22899 1
0.360093 20.5798 2.02265 0
5.69435 6.28436 0.956875 0
9.28781 16.2914 0.738907 0
3.7802 10.0827 1.03125 0
5.52713 11.0816 17.7612 0
13.23 19.037 0.578043 0
12.8656 14.1419 1.25437 0
9.36959 14.6181 2.02893 1
18.1538 22.4765 1.71733 0
11.3703 16.6606 1.33984 0
400 50 500
0.025 0.0125 10000 3000 15 1e+06 300000 2 2
0 14.0854 6.61432 4.63914 4.03903 13.4237 6.26551 5.55601 7.30933 14.9375 7.76089 5.95081 1.32334 12.2654 16.5741 2.26624 4.05321 9.49246 2.27122 17.584 14.0997 2.52362 6.69637 3.95475 6.44351 7.99694 8.56146 15.7478 3.15421 8.56571 1.85341 11.6036 6.65102 3.31476 4.96627 1.68908 14.8126 8.02335 15.0618 14.0717 15.1923 8.46002 8.07378 9.54218 14.9812 11.7054 7.68682 10.8603 11.736 15.6655 10.2941 10.7352 7.62273 7.14798 5.83872 13.8171 5.59275 5.15087 10.1394 15.7322 7.24688 8.02846 6.88382 15.2018 13.4076 7.34795 16.1883 5.4168 4.38026 8.01783 1.16837 3.45887 11.5937 8.37715 2.78663 11.3438 14.7162 4.47287 11.0318 4.78155 9.81491 14.1143 14.1072 16.2808 13.8302 13.001 7.47923 17.7892 0.681455 16.6462 4.35804 4.05873 14.0574 8.16253 19.1155 1.42115 8.40506 16.3503 13.184 16.8384 14.798 
14.0854 0 13.5679 17.3987 17.3554 6.34762 13.1601 10.5594 13.7394 12.5766 6.40297 8.22201 13.016 11.8805 2.72223 13.2328 15.7666 14.3865 12.4704 4.33781 7.6556 11.6463 7.43732 15.0776 18.5598 12.7553 17.2288 5.2021 15.7806 12.2087 12.3329 2.63372 7.51483 16.4569 9.25444 12.983 14.1369 15.7533 2.26738 16.8855 17.0604 6.44832 12.268 9.87063 2.23187 3.26288 11.1484 6.64686 7.25882 1.76825 16.8873 10.3828 16.6323 6.9853 10.2253 13.6492 16.8984 19.195 15.236 1.78584 6.85424 11.3847 9.61155 14.2763 11.8138 10.8818 2.18283 18.0716 18.0359 9.83259 15.2275 16.1517 16.1571 5.74011 16.8111 10.4906 14.488 12.1132 3.13125 9.59124 10.283 5.3723 8.29155 2.71615 15.0019 3.34167 6.69108 3.76408 13.999 2.9276 10.0669 16.8483 2.09902 13.5152 5.32336 12.8404 9.84897 4.97046 5.02554 2.89473 4.60143 
6.61432 13.5679 0 5.6804 6.30348 9.95218 0.506363 10.1681 13.2444 9.04972 9.02514 8.03698 5.62028 6.37056 16.2893 8.38048 10.6672 15.3482 7.79306 15.6695 10.0174 6.88517 8.27183 10.521 5.86127 1.72238 3.70045 12.8754 4.9398 2.54099 5.72838 11.8629 8.3789 5.68785 6.04889 5.13732 8.51435 2.31146 13.5131 7.46391 8.57877 7.17758 2.08169 13.8074 15.2801 10.381 12.6305 13.5731 14.6953 15.3361 4.2186 5.47864 3.06665 8.5314 3.60443 7.53454 4.18009 10.0411 3.57486 14.7411 8.40318 2.67649 11.0284 8.91187 7.61261 2.78031 15.207 5.97316 10.2744 3.92454 6.82599 5.09167 5.04888 8.57876 7.39889 6.00091 8.33924 2.65076 10.599 5.55008 4.73022 11.0747 9.74582 16.2377 7.30552 11.0787 8.87391 16.6576 5.94328 15.2696 5.28052 5.44382 12.5609 13.9327 17.4736 5.68734 4.07816 13.6847 10.3766 15.6748 12.121 
4.63914 17.3987 5.6804 0 0.974136 15.141 5.6885 10.1605 11.7497 14.6958 11.5102 9.85818 4.93029 12.0387 20.0494 6.86702 7.6617 13.9119 6.89004 20.3029 15.4291 6.8222 10.4767 7.91041 1.84717 7.40136 5.33384 17.8917 1.6886 8.21911 5.59314 15.1641 10.4883 1.33033 8.25634 4.73143 13.9906 5.60951 17.9134 12.0749 13.339 11.1084 7.74692 14.1626 18.6613 14.5517 12.3251 15.2272 16.1792 19.102 7.59981 11.1022 4.57677 10.8934 7.48082 13.0447 1.89788 4.85348 8.25307 18.8722 10.9079 8.19814 11.452 14.3861 13.2837 7.95361 19.3434 0.783173 5.79459 9.02304 3.78781 1.30843 9.47187 11.7269 2.96492 11.6496 13.75 5.48412 14.2677 7.85556 10.2888 16.1178 15.2375 19.8514 12.5363 15.5959 11.2579 20.9056 4.21338 19.6211 7.38368 0.603746 16.9066 12.6508 22.0024 5.1246 9.30639 18.6286 15.2961 19.9209 17.0336 
4.03903 17.3554 6.30348 0.974136 0 15.4524 6.24598 9.59488 10.9546 15.3528 11.3082 9.59317 4.56429 12.6721 19.9701 6.18838 6.76048 13.1012 6.31011 20.4224 15.8189 6.39083 10.2558 7.04718 2.71981 8.02167 6.28054 18.1312 1.6363 8.81638 5.2563 15.0413 10.2509 0.898513 8.12655 4.45564 14.7292 6.46927 17.991 12.9502 14.2045 11.1797 8.32977 13.5747 18.5169 14.6112 11.6724 14.8197 15.7334 19.0309 8.51805 11.6256 5.49563 10.6868 7.68327 13.7699 2.82269 3.94259 9.08529 18.881 10.7254 8.7045 10.9198 15.1261 13.9119 8.37347 19.35 1.56532 4.82065 9.39425 3.05524 1.32015 10.3447 11.6366 2.02281 12.1904 14.5072 5.71298 14.228 7.76547 10.7817 16.377 15.6636 19.7436 13.3299 15.7217 11.0451 20.9275 3.72455 19.6751 7.28966 0.872334 16.9798 11.8698 22.0863 4.759 9.70331 18.8424 15.5267 19.9485 17.2486 
13.4237 6.34762 9.95218 15.141 15.4524 0 9.722 12.4324 16.2278 6.24694 7.98561 9.12186 12.1144 5.99715 8.49734 13.6176 16.4882 17.5854 12.7431 6.19756 1.37316 11.6057 8.47413 15.9461 15.7373 8.55253 13.1444 3.00161 13.8271 7.77574 11.5957 6.81181 8.64537 14.616 8.74745 11.8513 7.8896 11.6647 4.85256 11.0136 10.9871 5.29596 8.05804 13.6984 8.57944 4.00029 14.0865 11.2077 12.1963 7.74121 12.1071 5.05896 12.8226 8.19471 7.82234 7.52305 14.0137 18.3902 10.2998 6.44159 7.92703 7.29562 12.1374 7.99292 5.64319 7.264 6.79828 15.6301 17.8004 6.14194 14.3481 14.1331 10.8508 6.62533 15.67 4.89423 8.27606 9.74479 5.47613 8.75916 5.42693 1.29824 1.96262 8.77542 8.98561 3.04981 8.1695 7.79331 13.0428 6.38101 9.12065 14.7196 4.34145 16.3715 8.04707 12.0028 5.90617 3.86537 1.33051 6.9466 2.48524 
6.26551 13.1601 0.506363 5.6885 6.24598 9.722 0 9.67907 12.7909 9.14839 8.53085 7.5309 5.22268 6.4503 15.8823 7.96522 10.312 14.8855 7.35569 15.3536 9.85179 6.42368 7.76969 10.142 6.02628 1.83136 4.16062 12.6159 4.80657 2.5798 5.29425 11.4125 7.87566 5.5776 5.54262 4.7415 8.71266 2.80332 13.1619 7.85112 8.93766 6.74714 2.08636 13.3045 14.8437 9.99312 12.1409 13.0711 14.1921 14.9275 4.72099 5.4143 3.47899 8.03274 3.12308 7.7243 4.31442 9.89755 4.00916 14.3638 7.90735 2.52762 10.5283 9.10899 7.68181 2.47828 14.8313 6.04286 10.0437 3.62601 6.54613 4.99243 5.4839 8.10671 7.21513 5.96215 8.56217 2.16907 10.1681 5.04373 4.61653 10.8156 9.61024 15.8193 7.58691 10.7341 8.37673 16.2966 5.60292 14.9171 4.77536 5.40232 12.2005 13.4686 17.147 5.27931 3.81909 13.4136 10.0912 15.3116 11.8402 
5.55601 10.5594 10.1681 10.1605 9.59488 12.4324 9.67907 0 3.82781 16.159 4.59188 3.35774 5.38355 13.8352 12.5938 3.56592 5.38301 5.53234 3.2848 14.6937 13.5328 3.52286 3.95832 4.66 11.9152 10.8508 13.1891 13.8576 8.5684 11.0364 4.86563 7.92933 3.78766 8.85227 4.64456 5.74473 16.6748 12.2275 12.1857 17.167 18.0532 7.2354 10.6662 4.00699 10.7656 9.29163 2.46261 5.63307 6.34506 11.8052 14.3641 11.941 12.2678 4.25944 7.33834 15.7423 10.817 9.71797 13.6084 12.3418 4.51918 10.1619 1.38002 17.0161 14.6933 9.27883 12.7387 10.9432 8.1473 9.25647 6.60604 8.91485 15.0589 5.87565 8.12141 12.4934 16.7388 7.5186 8.0602 5.02038 11.1152 12.6207 13.7981 12.1657 16.2799 10.7812 4.35317 14.2913 5.9504 13.4411 5.08234 9.56603 11.2942 4.15577 15.8804 5.2085 9.62925 14.2066 11.668 13.454 12.8817 
7.30933 13.7394 13.2444 11.7497 10.9546 16.2278 12.7909 3.82781 0 19.9209 8.29225 7.18552 7.79224 17.5292 15.4105 5.07997 4.619 2.18316 5.48423 18.0193 17.3496 6.37295 7.76472 4.06649 13.5964 14.1898 15.7865 17.502 10.4338 14.4892 7.53734 11.1858 7.58999 10.4362 8.32023 8.25608 20.3467 15.0633 15.5853 20.5355 21.5031 11.061 14.0759 4.58669 13.498 12.9246 2.64684 7.68705 7.87678 14.7364 17.3 15.6656 14.844 8.03355 10.8746 19.3943 12.8979 9.60198 16.798 15.5157 8.30076 13.6744 4.22284 20.6991 18.4368 12.8093 15.8683 12.4862 7.74492 12.9227 7.96606 10.7041 18.2712 9.62508 9.0636 16.2325 20.3813 10.6413 11.5911 8.62857 14.8131 16.3558 17.6234 14.9038 19.8239 14.4156 8.08092 17.3438 7.92508 16.6663 8.58901 11.2207 14.7616 0.953498 19.0249 7.67474 13.3078 17.785 15.4134 16.5926 16.5373 
14.9375 12.5766 9.04972 14.6958 15.3528 6.24694 9.14839 16.159 19.9209 0 12.4975 12.8959 13.6759 2.70565 14.7178 16.0212 18.7666 21.6743 15.2102 11.8904 5.04406 14.0477 12.5232 18.4143 14.5363 7.33665 10.7101 8.54633 13.9549 6.57277 13.4316 12.6478 12.7021 14.722 11.6133 13.2547 1.88653 9.5524 11.044 5.70787 5.21533 9.31622 7.07356 18.5022 14.8066 9.86727 18.3038 16.6141 17.7063 13.984 8.77653 4.30118 10.8518 12.4324 9.31675 2.14663 13.025 19.0422 7.13081 12.641 12.1678 6.92759 16.3348 1.84378 1.53368 7.59513 12.9666 14.8968 19.0684 7.10986 15.4868 14.1316 6.80967 11.228 16.3366 3.70862 2.36216 10.4808 11.1623 11.3525 5.20537 7.38853 4.38284 15.0165 3.61492 9.2429 12.5698 13.7739 14.352 12.4268 11.4874 14.4908 10.5882 20.3142 13.635 13.6498 6.7105 9.37361 7.55404 13.0222 8.48114 
7.76089 6.40297 9.02514 11.5102 11.3082 7.98561 8.53085 4.59188 8.29225 12.4975 0 1.82572 6.79982 10.5493 8.81717 6.83871 9.45713 9.6031 6.06756 10.2753 9.17888 5.27368 1.06626 8.79452 12.919 8.95307 12.6466 9.26574 9.83106 8.78798 6.1013 3.85098 1.11718 10.4221 3.30269 6.85362 13.3725 11.3341 7.73287 14.7385 15.3812 3.18145 8.58948 6.00573 7.2367 4.70388 6.10575 4.64236 5.7923 7.91825 13.073 8.61605 11.8586 0.621999 5.44007 12.5409 11.3978 12.82 11.8211 8.1241 0.634759 7.82458 4.15207 13.6637 11.1596 7.00314 8.56079 12.2435 11.6329 6.44419 8.92129 10.212 13.1169 1.36547 10.5293 9.06761 13.5383 6.8102 3.55726 3.7665 7.97037 8.06359 9.52569 8.52065 13.4089 6.19114 0.288106 10.1584 7.75305 9.13878 4.20517 10.9245 6.79395 8.38974 11.6169 6.61265 6.71391 9.62623 7.12209 9.2457 8.29004 
5.95081 8.22201 8.03698 9.85818 9.59317 9.12186 7.5309 3.35774 7.18552 12.8959 1.82572 0 5.04508 10.68 10.6391 5.04898 7.74433 8.79435 4.25659 12.0126 10.1893 3.45115 0.79461 7.10841 11.3533 8.2915 11.5087 10.758 8.17021 8.29598 4.34634 5.67598 0.708656 8.71836 1.99035 5.14536 13.5324 10.3 9.46409 14.4139 15.1875 3.88172 8.00622 5.97261 9.03086 6.28775 5.41323 5.6267 6.71159 9.74326 12.2181 8.75428 10.6642 1.2396 4.64849 12.6325 9.91011 10.9947 11.1603 9.93002 1.41046 7.35672 3.46539 13.8571 11.4612 6.47882 10.3715 10.6094 9.81831 6.21273 7.1152 8.55128 12.5425 2.75922 8.72825 9.27924 13.6355 5.577 5.29998 2.49256 7.98096 9.39978 10.4433 10.3329 13.3109 7.73878 1.5391 11.9713 5.97591 10.9232 2.82874 9.26322 8.49899 7.46424 13.404 4.85377 6.55383 11.1949 8.4377 11.0499 9.776 
1.32334 13.016 5.62028 4.93029 4.56429 12.1144 5.22268 5.38355 7.79224 13.6759 6.79982 5.04508 0 11.019 15.562 2.77948 5.15708 9.95429 2.33148 16.3956 12.7783 1.91001 5.73685 4.92988 6.59361 6.87308 8.01495 14.4764 3.2634 7.38705 0.699371 10.5988 5.7181 3.70919 3.79151 0.48318 13.6147 7.28001 13.8892 13.0733 14.1532 7.212 6.90534 9.37747 14.0348 10.5156 7.72025 10.2981 11.2509 14.6384 9.53128 9.44834 7.07433 6.17834 4.52057 12.6206 5.43355 6.36676 9.19068 14.6244 6.24282 6.79474 6.60049 14.0003 12.1434 6.08074 15.0858 5.70661 5.69931 6.71075 2.28469 3.63264 10.6613 7.2788 3.80645 10.0573 13.5379 3.27033 9.92479 3.5481 8.5272 12.8256 12.7839 15.2992 12.7081 11.7756 6.52824 16.6824 0.99122 15.5041 3.10243 4.32658 12.8802 8.56836 17.9623 0.195375 7.10069 15.0951 11.9017 15.7207 13.5334 
12.2654 11.8805 6.37056 12.0387 12.6721 5.99715 6.4503 13.8352 17.5292 2.70565 10.5493 10.68 11.019 0 14.312 13.4341 16.1384 19.3676 12.6434 12.158 5.24408 11.4965 10.409 15.8119 11.9757 4.65045 8.36449 8.84173 11.2564 3.87153 10.8065 11.4048 10.5824 12.0272 9.21418 10.5887 2.8525 7.0854 10.7712 5.04241 5.20012 7.42137 4.37067 16.4893 14.0496 8.81622 16.0818 14.9392 16.0703 13.4756 6.70798 1.93859 8.3845 10.3866 6.75451 1.9937 10.414 16.3394 4.92088 12.3251 10.1362 4.23947 14.1453 3.18208 1.24631 4.94928 12.7156 12.2724 16.3678 4.60926 12.7903 11.4393 5.0554 9.38902 13.6312 1.51252 2.989 7.79804 9.88447 8.90454 2.72033 7.29006 4.68424 14.5066 3.13149 8.59457 10.5758 13.786 11.6698 12.3666 8.98927 11.8142 10.1037 17.9822 13.9941 11.0014 4.22156 9.71988 7.10171 12.9203 8.47526 
16.5741 2.72223 16.2893 20.0494 19.9701 8.49734 15.8823 12.5938 15.4105 14.7178 8.81717 10.6391 15.562 14.312 0 15.5441 17.9301 15.732 14.8285 4.13361 9.6827 14.09 9.87895 17.2207 21.249 15.4548 19.9465 6.54627 18.4147 14.8892 14.87 4.97072 9.93246 19.0727 11.8456 15.5602 16.3867 18.4684 3.68121 19.3495 19.4361 9.16579 14.9642 11.1545 1.92516 5.95067 12.7659 7.83362 8.08285 0.957641 19.5632 12.9297 19.3541 9.42662 12.9392 15.986 19.5976 21.6299 17.8879 2.09131 9.33162 14.0818 11.4882 16.4874 14.1174 13.596 1.85712 20.7344 20.376 12.5365 17.7304 18.7889 18.7602 8.334 19.3314 12.9842 16.7687 14.8117 5.8052 12.2092 12.8982 7.33264 10.3421 0.622696 17.3999 5.72966 9.10154 2.31162 16.5343 2.73692 12.6846 19.4907 4.2094 15.0477 4.06461 15.3809 12.5398 5.97629 7.25046 2.19152 6.3001 
2.26624 13.2328 8.38048 6.86702 6.18838 13.6176 7.96522 3.56592 5.07997 16.0212 6.83871 5.04898 2.77948 13.4341 15.5441 0 2.87561 7.26031 0.874689 17.056 14.4774 2.04008 5.84358 2.40694 8.69031 9.54223 10.7141 15.6189 5.42032 9.98234 2.70149 10.6381 5.74289 5.53673 4.87215 3.25993 16.1306 10.0477 14.5073 15.811 16.8641 8.37591 9.52102 7.43855 13.8239 11.2744 5.48492 9.13521 9.90171 14.6825 12.3051 11.7283 9.77157 6.28425 6.70479 15.1443 7.8511 6.23443 11.955 14.9627 6.45687 9.29376 4.94391 16.5074 14.4909 8.50069 15.3979 7.63591 4.83372 8.92154 3.13702 5.72034 13.428 7.76671 4.5768 12.3313 16.0909 5.91075 10.3487 4.91859 10.8168 14.1194 14.5873 15.1841 15.3456 12.6837 6.5515 16.9935 2.85084 15.9698 4.64613 6.29975 13.5342 5.91047 18.45 2.69518 9.32157 16.1249 13.1601 16.0844 14.6426 
4.05321 15.7666 10.6672 7.6617 6.76048 16.4882 10.312 5.38301 4.619 18.7666 9.45713 7.74433 5.15708 16.1384 17.9301 2.87561 0 6.59265 3.7496 19.7314 17.3529 4.91105 8.52898 0.728501 9.47852 12.0166 12.3906 18.4365 6.68073 12.5441 5.33525 13.1386 8.40689 6.44343 7.74614 5.61844 18.7671 12.002 17.1865 18.1246 19.2442 11.2317 12.0617 8.49163 16.1285 14.0276 6.31784 10.914 11.467 17.1128 14.2679 14.4945 11.4714 8.94963 9.47747 17.7738 9.13497 4.98696 14.1881 17.5285 9.14974 11.9356 6.65251 19.1513 17.2331 11.1891 17.9476 8.32579 3.14635 11.7022 4.12849 6.8556 15.6377 10.5004 4.75304 15.1015 18.6946 8.42742 13.0107 7.79092 13.5764 16.9676 17.4592 17.5214 17.8544 15.4635 9.17652 19.5274 4.72819 18.5791 7.5039 7.21767 16.2342 5.57197 21.0496 5.15149 12.1009 18.9157 16.006 18.65 17.4571 
9.49246 14.3865 15.3482 13.9119 13.1012 17.5854 14.8855 5.53234 2.18316 21.6743 9.6031 8.79435 9.95429 19.3676 15.732 7.26031 6.59265 0 7.63369 18.7217 18.7782 8.46303 9.26232 6.12243 15.759 16.2252 17.959 18.5709 12.6142 16.4808 9.67087 11.9701 9.08208 12.6036 10.168 10.4131 22.2063 17.2118 16.3953 22.571 23.5056 12.588 16.0847 4.57883 13.8079 14.0371 3.49901 7.90169 7.76939 15.1603 19.4384 17.4716 17.0167 9.45781 12.8165 21.2712 15.0803 11.5066 18.8841 16.1195 9.73129 15.6359 5.46175 22.5483 20.2181 14.7596 16.4277 14.6416 9.63222 14.7847 10.1341 12.8814 20.3539 10.9676 11.1815 18.0207 22.2663 12.724 12.615 10.5219 16.6475 17.5785 19.1046 15.1793 21.7762 15.5067 9.43401 17.8131 10.1073 17.295 10.5342 13.3894 15.6542 1.41985 19.5482 9.83112 15.1597 18.764 16.6638 17.1468 17.6316 
2.27122 12.4704 7.79306 6.89004 6.31011 12.7431 7.35569 3.2848 5.48423 15.2102 6.06756 4.25659 2.33148 12.6434 14.8285 0.874689 3.7496 7.63369 0 16.2401 13.6043 1.17903 5.04937 3.2603 8.66819 8.86331 10.3462 14.758 5.33343 9.26259 2.06507 9.89527 4.95945 5.57437 3.99747 2.78106 15.3647 9.5803 13.6923 15.1727 16.1979 7.5052 8.81286 7.27526 13.1412 10.437 5.47146 8.67581 9.51042 13.9534 11.816 10.912 9.40575 5.4961 5.89638 14.3825 7.67397 6.84033 11.3629 14.1861 5.65541 8.54061 4.61933 15.7379 13.6825 7.72861 14.6262 7.67125 5.56552 8.10271 3.34367 5.6667 12.838 6.94276 4.90707 11.5126 15.3383 5.24613 9.54609 4.04985 10.0049 13.2499 13.7174 14.4861 14.6323 11.8361 5.77948 16.225 2.70073 15.177 3.79027 6.30038 12.7131 6.24108 17.658 2.19931 8.50268 15.2721 12.2913 15.3063 13.7829 
17.584 4.33781 15.6695 20.3029 20.4224 6.19756 15.3536 14.6937 18.0193 11.8904 10.2753 12.0126 16.3956 12.158 4.13361 17.056 19.7314 18.7217 16.2401 0 6.98687 15.2897 11.2196 19.0694 21.1995 14.4719 19.1005 3.36109 18.7948 13.758 15.7527 6.83429 11.3321 19.5351 12.6201 16.2718 13.7108 17.6026 2.54869 17.1168 16.962 9.25369 13.9671 14.2075 5.56124 5.88073 15.4539 10.9645 11.5017 4.06812 18.2448 11.2235 18.6751 10.7884 12.8351 13.517 19.4794 22.7344 16.454 2.68206 10.6023 13.1329 13.8446 13.7299 11.6488 12.8905 2.5191 20.898 21.7547 11.745 18.6724 19.1441 17.0476 9.29879 20.1871 11.09 14.1463 14.8291 6.72095 12.8511 11.481 4.90183 7.62002 4.71762 15.0368 4.70704 10.555 2.14422 17.3855 1.52677 13.3086 19.8035 3.53338 17.8295 1.85282 16.2389 11.6163 2.51683 5.36283 1.95412 3.72111 
14.0997 7.6556 10.0174 15.4291 15.8189 1.37316 9.85179 13.5328 17.3496 5.04406 9.17888 10.1893 12.7783 5.24408 9.6827 14.4774 17.3529 18.7782 13.6043 6.98687 0 12.4444 9.58542 16.8427 15.8707 8.48424 12.962 3.63221 14.217 7.66313 12.3077 8.18316 9.76108 15.014 9.61577 12.4765 6.78258 11.5183 6.00411 10.1357 9.98668 6.31247 8.01354 14.9816 9.88345 5.36693 15.2834 12.5556 13.5551 8.97264 11.7033 4.73812 12.7357 9.33856 8.34403 6.53285 14.1658 18.9471 9.88039 7.6008 9.06692 7.34292 13.3182 6.8445 4.66191 7.47602 7.92259 15.8633 18.4773 6.42467 14.9598 14.5005 10.2583 7.81341 16.2009 4.41973 7.19897 10.1691 6.83248 9.5678 5.31456 2.35027 0.661221 9.9998 8.04998 4.4005 9.34436 8.76964 13.67 7.39939 9.88944 15.0478 5.60588 17.5357 8.79795 12.6826 6.12402 4.50262 2.68414 7.98936 3.44331 
2.52362 11.6463 6.88517 6.8222 6.39083 11.6057 6.42368 3.52286 6.37295 14.0477 5.27368 3.45115 1.91001 11.4965 14.09 2.04008 4.91105 8.46303 1.17903 15.2897 12.4444 0 4.21699 4.43851 8.50329 7.83619 9.69923 13.688 5.16798 8.18824 1.34311 9.12445 4.15758 5.56785 2.86176 2.22964 14.2368 8.81069 12.7484 14.1739 15.1671 6.40297 7.7527 7.4902 12.4711 9.44413 5.92553 8.4295 9.35975 13.1915 11.0042 9.7476 8.77042 4.67036 4.74271 13.2589 7.31722 7.55048 10.4274 13.3267 4.79211 7.43319 4.69787 14.6069 12.5222 6.60431 13.776 7.60206 6.46551 6.93808 3.6919 5.53325 11.8997 6.0036 5.31022 10.3463 14.2223 4.26858 8.64481 2.87988 8.84383 12.1473 12.5485 13.7823 13.5546 10.8111 4.9886 15.378 2.66893 14.2805 2.61125 6.21886 11.7565 7.0477 16.7592 1.72242 7.33774 14.2275 11.1928 14.4412 12.7178 
6.69637 7.43732 8.27183 10.4767 10.2558 8.47413 7.76969 3.95832 7.76472 12.5232 1.06626 0.79461 5.73685 10.409 9.87895 5.84358 8.52898 9.26232 5.04937 11.2196 9.58542 4.21699 0 7.88664 11.9171 8.36427 11.8311 10.0116 8.79362 8.28822 5.03792 4.9098 0.180647 9.37231 2.34748 5.80015 13.2574 10.5657 8.67131 14.3491 15.0661 3.32652 8.03995 6.09628 8.3022 5.51445 5.81183 5.30136 6.42569 8.97575 12.3977 8.47176 11.0151 0.453364 4.75626 12.3837 10.4251 11.7669 11.2432 9.13912 0.620862 7.33203 3.82947 13.569 11.1231 6.47408 9.58197 11.2164 10.6088 6.07017 7.85584 9.1749 12.5881 1.99177 9.46318 8.96925 13.3867 5.93228 4.50556 2.83712 7.74734 8.69305 9.87153 9.58636 13.1442 6.97552 0.791416 11.1825 6.68753 10.129 3.24525 9.88766 7.70868 7.97323 12.6099 5.54897 6.38287 10.4308 7.73449 10.2584 9.03006 
3.95475 15.0776 10.521 7.91041 7.04718 15.9461 10.142 4.66 4.06649 18.4143 8.79452 7.10841 4.92988 15.8119 17.2207 2.40694 0.728501 6.12243 3.2603 19.0694 16.8427 4.43851 7.88664 0 9.74783 11.8005 12.4484 17.834 6.80055 12.2899 5.01726 12.4471 7.75913 6.64608 7.22693 5.4061 18.4811 11.9741 16.5273 17.9845 19.0786 10.6699 11.8164 7.79024 15.413 13.3961 5.62106 10.1858 10.7437 16.4086 14.2448 14.126 11.5182 8.30018 9.10141 17.491 9.27961 5.60363 14.072 16.8436 8.50735 11.6407 5.92424 18.8614 16.8825 10.8678 17.2596 8.60686 3.7991 11.3219 4.23558 7.00988 15.5332 9.86757 5.08083 14.7303 18.426 8.18151 12.3513 7.3068 13.2123 16.3911 16.969 16.8078 17.6314 14.842 8.5163 18.8359 4.63592 17.902 7.04911 7.43085 15.5817 5.01794 20.3691 4.89771 11.7217 18.2971 15.428 17.9643 16.8532 
6.44351 18.5598 5.86127 1.84717 2.71981 15.7373 6.02628 11.9152 13.5964 14.5363 12.919 11.3533 6.59361 11.9757 21.249 8.69031 9.47852 15.759 8.66819 21.1995 15.8707 8.50329 11.9171 9.74783 0 7.49474 4.30036 18.597 3.34772 8.33829 7.21895 16.4471 11.9471 3.16568 9.62132 6.32908 13.6123 5.03928 18.8901 11.2506 12.5397 12.1574 7.91845 15.9221 19.9551 15.5805 14.1262 16.8355 17.8207 20.2942 6.65842 11.3202 3.79091 12.3133 8.40582 12.7172 1.72812 6.18329 7.67326 19.9494 12.2995 8.52878 13.1791 13.9989 13.2157 8.47374 20.4217 1.15837 7.40557 9.60556 5.63246 3.00224 8.69998 12.9951 4.74049 11.818 13.3184 6.45418 15.444 9.1806 10.5913 16.8011 15.607 21.0913 12.0048 16.5118 12.6816 21.9536 5.97053 20.6255 8.72381 2.39111 17.8964 14.4959 22.949 6.78321 9.83147 19.3746 16.0375 20.9648 17.7882 
7.99694 12.7553 1.72238 7.40136 8.02167 8.55253 1.83136 10.8508 14.1898 7.33665 8.95307 8.2915 6.87308 4.65045 15.4548 9.54223 12.0166 16.2252 8.86331 14.4719 8.48424 7.83619 8.36427 11.8005 7.49474 0 4.62869 11.5284 6.62519 0.843625 6.8412 11.321 8.49877 7.38689 6.38225 6.40233 6.8878 3.13213 12.4509 6.34723 7.33543 6.59479 0.50507 14.2325 14.6155 9.50417 13.2861 13.5905 14.7363 14.5151 4.21497 3.83264 4.27238 8.54287 3.64332 5.89731 5.85285 11.7224 2.87896 13.7769 8.36837 1.37501 11.542 7.28344 5.89117 1.98796 14.2329 7.67595 11.8679 2.92544 8.34912 6.79521 4.25517 8.26271 9.04631 4.32354 6.7499 3.63171 9.94628 5.92206 3.17138 9.73818 8.16475 15.463 5.83785 10.0123 8.85174 15.6159 7.35026 14.2016 5.77914 7.16433 11.5422 14.8057 16.3035 6.90375 2.92497 12.3644 9.1193 14.6468 10.8364 
8.56146 17.2288 3.70045 5.33384 6.28054 13.1444 4.16062 13.1891 15.7865 10.7101 12.6466 11.5087 8.01495 8.36449 19.9465 10.7141 12.3906 17.959 10.3462 19.1005 12.962 9.69923 11.8311 12.4484 4.30036 4.62869 0 16.1344 5.73722 5.37068 8.38298 15.5633 11.9224 6.15523 9.52851 7.57119 9.56091 1.4995 17.0535 6.95435 8.24528 10.8707 5.13336 17.0362 18.9741 14.0131 15.6216 17.1162 18.2173 18.9966 2.35825 8.22488 0.942565 12.1246 7.28 8.73547 3.46217 10.1817 3.5965 18.3416 12.0169 5.97647 14.2168 9.93333 9.54854 6.35533 18.8029 5.10883 11.0481 7.45048 8.26246 5.62963 4.43243 12.2666 8.08957 8.59826 9.22223 5.93279 14.2903 9.02562 7.72008 14.3516 12.5726 19.9122 7.8443 14.6127 12.4773 20.2148 7.904 18.8078 8.68455 5.5032 16.1278 16.5809 20.9309 8.15044 7.51652 16.9781 13.7474 19.2399 15.4602 
15.7478 5.2021 12.8754 17.8917 18.1312 3.00161 12.6159 13.8576 17.502 8.54633 9.26574 10.758 14.4764 8.84173 6.54627 15.6189 18.4365 18.5709 14.758 3.36109 3.63221 13.688 10.0116 17.834 18.597 11.5284 16.1344 0 16.4957 10.7638 13.895 6.79952 10.1604 17.2701 10.8561 14.2717 10.3545 14.65 3.02949 13.7677 13.6009 7.30448 11.03 14.3098 7.2434 4.57816 15.1203 11.3718 12.1778 6.02483 15.1027 8.0533 15.791 9.64206 10.448 10.1574 16.8691 20.8327 13.2916 4.48778 9.40314 10.2445 13.2876 10.3815 8.29216 10.1399 4.69412 18.4219 20.0743 8.99744 16.753 16.8207 13.7948 8.02345 18.1671 7.85649 10.7874 12.4272 5.95602 10.974 8.42333 1.80085 4.25995 6.98021 11.6807 3.08638 9.50874 5.252 15.4428 3.97627 11.3898 17.4387 3.20425 17.4907 5.16596 14.3433 8.80116 0.879234 2.60578 4.58582 0.981949 
3.15421 15.7806 4.9398 1.6886 1.6363 13.8271 4.80657 8.5684 10.4338 13.9549 9.83106 8.17021 3.2634 11.2564 18.4147 5.42032 6.68073 12.6142 5.33343 18.7948 14.217 5.16798 8.79362 6.80055 3.34772 6.62519 5.73722 16.4957 0 7.38499 3.91386 13.5096 8.80295 0.798849 6.59345 3.04484 13.4487 5.56025 16.372 11.9844 13.2013 9.55925 6.8877 12.5754 17.0006 12.9959 10.802 13.5507 14.5129 17.4708 7.76386 10.1089 4.84025 9.21301 6.04768 12.4723 2.48424 5.10138 8.04108 17.2843 9.23269 7.18904 9.83269 13.8464 12.4853 6.80171 17.7543 2.4519 5.48454 7.79496 2.56621 0.381343 9.39616 10.0832 2.51519 10.6856 13.2593 4.08318 12.65 6.20707 9.24545 14.7432 14.0776 18.2045 12.1573 14.092 9.5766 19.3265 2.63274 18.0631 5.7326 1.09409 15.3617 11.3032 20.4666 3.456 8.11448 17.2061 13.8909 18.3452 15.6123 
8.56571 12.2087 2.54099 8.21911 8.81638 7.77574 2.5798 11.0364 14.4892 6.57277 8.78798 8.29598 7.38705 3.87153 14.8892 9.98234 12.5441 16.4808 9.26259 13.758 7.66313 8.18824 8.28822 12.2899 8.33829 0.843625 5.37068 10.7638 7.38499 0 7.28711 10.9067 8.43411 8.15741 6.46425 6.92898 6.24953 3.88923 11.7968 6.14386 7.02511 6.21714 0.50397 14.2667 14.128 8.94691 13.4411 13.4283 14.5795 13.9583 4.67918 2.99107 5.07524 8.42444 3.71019 5.25401 6.69315 12.4695 3.11345 13.1602 8.22988 0.963412 11.6376 6.6406 5.10206 1.81853 13.6107 8.5093 12.5458 2.47352 8.99393 7.5716 4.3309 7.98791 9.76948 3.48029 6.15315 4.11674 9.49012 6.03576 2.36207 8.98171 7.33172 14.9235 5.36984 9.36649 8.71242 14.9622 7.93756 13.5402 5.95776 7.9651 10.9101 15.0645 15.5973 7.39933 2.37219 11.608 8.3965 14.0009 10.0968 
1.85341 12.3329 5.72838 5.59314 5.2563 11.5957 5.29425 4.86563 7.53734 13.4316 6.1013 4.34634 0.699371 10.8065 14.87 2.70149 5.33525 9.67087 2.06507 15.7527 12.3077 1.34311 5.03792 5.01726 7.21895 6.8412 8.38298 13.895 3.91386 7.28711 0 9.90491 5.01873 4.39397 3.13424 0.897427 13.4638 7.54602 13.2384 13.1247 14.1668 6.60707 6.82216 8.82934 13.3369 9.8721 7.25724 9.63681 10.6047 13.9482 9.76765 9.16542 7.44978 5.47997 4.16527 12.4739 5.98466 6.98653 9.29954 13.9508 5.54687 6.62342 6.02891 13.8442 11.898 5.8578 14.4109 6.36458 6.20756 6.38579 2.92167 4.28862 10.7745 6.59951 4.47972 9.77331 13.4114 3.21035 9.24948 2.92905 8.2459 12.2668 12.3412 14.6039 12.6464 11.1537 5.82928 16.009 1.66645 14.8415 2.50549 4.99034 12.2312 8.26678 17.3042 0.511714 6.7823 14.4972 11.3339 15.0502 12.9446 
11.6036 2.63372 11.8629 15.1641 15.0413 6.81181 11.4125 7.92933 11.1858 12.6478 3.85098 5.67598 10.5988 11.4048 4.97072 10.6381 13.1386 11.9701 9.89527 6.83429 8.18316 9.12445 4.9098 12.4471 16.4471 11.321 15.5633 6.79952 13.5096 10.9067 9.90491 0 4.96788 14.1464 6.91823 10.6108 13.9689 14.1357 4.42807 16.2108 16.5804 4.7308 10.8672 7.5634 3.50798 2.82709 8.63535 4.58041 5.45621 4.0673 15.5329 9.65903 14.8805 4.45702 8.33437 13.3254 14.8394 16.6706 14.015 4.41282 4.36177 9.99849 7.01583 14.1748 11.6163 9.35335 4.81637 15.8687 15.4574 8.43767 12.7597 13.8871 15.1053 3.45205 14.3614 9.91355 14.2525 10.081 1.52028 7.30864 9.33336 6.26454 8.73105 4.70435 14.5146 3.96283 4.13691 6.38895 11.5676 5.51951 7.78054 14.5944 3.70956 11.0177 7.95113 10.4163 8.55175 6.86029 5.55307 5.52754 5.94669 
6.65102 7.51483 8.3789 10.4883 10.2509 8.64537 7.87566 3.78766 7.58999 12.7021 1.11718 0.708656 5.7181 10.5824 9.93246 5.74289 8.40689 9.08208 4.95945 11.3321 9.76108 4.15758 0.180647 7.75913 11.9471 8.49877 11.9224 10.1604 8.80295 8.43411 5.01873 4.96788 0 9.37057 2.41499 5.79635 13.4314 10.6681 8.78463 14.5039 15.2273 3.50643 8.17999 5.92875 8.33466 5.65109 5.6312 5.19886 6.31641 9.03518 12.5165 8.64557 11.0999 0.543647 4.88151 12.5558 10.4691 11.7029 11.3774 9.2268 0.757643 7.47959 3.6489 13.7439 11.3005 6.61832 9.66682 11.2322 10.5232 6.23075 7.81364 9.18429 12.7282 2.13712 9.42449 9.14488 13.5589 6.01265 4.61327 2.91104 7.91732 8.85395 10.0494 9.63011 13.3096 7.11748 0.831087 11.2661 6.66025 10.2269 3.30519 9.89699 7.8274 7.79427 12.7071 5.52861 6.54658 10.5714 7.89644 10.3473 9.1792 
3.31476 16.4569 5.68785 1.33033 0.898513 14.616 5.5776 8.85227 10.4362 14.722 10.4221 8.71836 3.70919 12.0272 19.0727 5.53673 6.44343 12.6036 5.57437 19.5351 15.014 5.56785 9.37231 6.64608 3.16568 7.38689 6.15523 17.2701 0.798849 8.15741 4.39397 14.1464 9.37057 0 7.23029 3.57445 14.1808 6.13627 17.0986 12.6021 13.8349 10.2887 7.66246 12.8496 17.6246 13.7177 10.998 13.9944 14.9255 18.1331 8.28556 10.9016 5.30005 9.80109 6.82414 13.2093 2.74024 4.36865 8.68189 17.9833 9.836 7.98066 10.1564 14.5785 13.2594 7.60028 18.4522 2.10283 4.91586 8.59285 2.47013 0.603055 10.0026 10.739 1.9377 11.4764 13.9807 4.8712 13.3295 6.86722 10.041 15.5225 14.8762 18.848 12.8521 14.8365 10.1606 20.0303 2.92169 18.7802 6.39141 0.787444 16.0872 11.332 21.1941 3.90453 8.91317 17.9742 14.6646 19.0517 16.3814 
4.96627 9.25444 6.04889 8.25634 8.12655 8.74745 5.54262 4.64456 8.32023 11.6133 3.30269 1.99035 3.79151 9.21418 11.8456 4.87215 7.74614 10.168 3.99747 12.6201 9.61577 2.86176 2.34748 7.22693 9.62132 6.38225 9.52851 10.8561 6.59345 6.46425 3.13424 6.91823 2.41499 7.23029 0 3.72915 12.0435 8.30979 10.1042 12.6078 13.4469 3.55446 6.13416 7.85279 10.4073 6.74007 6.99438 7.58973 8.68907 10.9095 10.2391 7.34578 8.6944 2.70861 2.75821 11.1037 8.09602 10.115 9.23085 10.8391 2.67883 5.55712 5.17456 12.3901 10.1203 4.67069 11.3023 8.97454 9.22693 4.61771 6.05581 6.97191 10.6367 3.51726 7.59767 7.91592 12.0983 3.60411 6.14505 0.503282 6.49533 9.29147 9.75041 11.6181 11.643 8.04292 3.07707 12.8965 4.78243 11.7126 0.903119 7.68098 9.09709 8.77351 14.1721 3.62702 4.9962 11.4223 8.33993 11.932 9.89208 
1.68908 12.983 5.13732 4.73143 4.45564 11.8513 4.7415 5.74473 8.25608 13.2547 6.85362 5.14536 0.48318 10.5887 15.5602 3.25993 5.61844 10.4131 2.78106 16.2718 12.4765 2.22964 5.80015 5.4061 6.32908 6.40233 7.57119 14.2717 3.04484 6.92898 0.897427 10.6108 5.79635 3.57445 3.72915 0 13.1645 6.80967 13.781 12.5916 13.6742 7.04797 6.44419 9.71983 14.072 10.3988 8.11426 10.5143 11.4918 14.6289 9.05703 9.04624 6.63251 6.23196 4.17079 12.1698 5.0893 6.56299 8.70751 14.5632 6.27573 6.35672 6.92365 13.5514 11.7237 5.66202 15.0276 5.49631 6.01334 6.33372 2.49708 3.42332 10.1781 7.24379 3.91962 9.65481 13.0817 2.81507 9.87333 3.43022 8.12586 12.5987 12.4628 15.3151 12.2392 11.6242 6.58963 16.6195 1.19404 15.4174 2.96531 4.13124 12.7697 9.02214 17.8651 0.581945 6.71928 14.9088 11.685 15.6514 13.3377 
14.8126 14.1369 8.51435 13.9906 14.7292 7.8896 8.71266 16.6748 20.3467 1.88653 13.3725 13.5324 13.6147 2.8525 16.3867 16.1306 18.7671 22.2063 15.3647 13.7108 6.78258 14.2368 13.2574 18.4811 13.6123 6.8878 9.56091 10.3545 13.4487 6.24953 13.4638 13.9689 13.4314 14.1808 12.0435 13.1645 0 8.57301 12.7349 3.8861 3.32882 10.2207 6.74642 19.3309 16.3539 11.2617 18.9326 17.6969 18.8169 15.6172 7.44019 4.78597 9.84145 13.2269 9.51437 0.995574 12.2182 18.5461 5.9778 14.3282 12.974 6.84055 16.9977 0.397691 2.35456 7.63609 14.6739 14.0994 18.7553 7.427 15.2299 13.5796 5.35516 12.1818 15.9117 4.30502 0.484409 10.3496 12.457 11.7182 5.56308 9.09429 6.12672 16.6532 1.89599 10.7962 13.4081 15.5502 14.187 14.1813 11.7784 13.8573 12.2105 20.8164 15.4753 13.6156 7.04762 11.1962 9.15505 14.769 10.2233 
8.02335 15.7533 2.31146 5.60951 6.46927 11.6647 2.80332 12.2275 15.0633 9.5524 11.3341 10.3 7.28001 7.0854 18.4684 10.0477 12.002 17.2118 9.5803 17.6026 11.5183 8.81069 10.5657 11.9741 5.03928 3.13213 1.4995 14.65 5.56025 3.88923 7.54602 14.1357 10.6681 6.13627 8.30979 6.80967 8.57301 0 15.5553 6.48235 7.73565 9.42496 3.63622 15.9778 17.5244 12.529 14.6836 15.8662 16.9828 17.5202 2.27081 6.78989 1.30181 10.8346 5.91533 7.68342 3.73823 10.4089 2.66338 16.8491 10.7106 4.47696 13.1738 8.95972 8.30173 4.87247 17.3096 5.59199 11.0341 5.95698 7.92594 5.55287 3.87709 10.8821 8.0509 7.19258 8.28177 4.77853 12.8387 7.80747 6.24733 12.8638 11.1486 18.443 6.99022 13.1145 11.1796 18.7172 7.34467 17.3093 7.50466 5.61792 14.6317 15.8115 19.4322 7.38989 6.01772 15.4905 12.2514 17.743 13.9674 
15.0618 2.26738 13.5131 17.9134 17.991 4.85256 13.1619 12.1857 15.5853 11.044 7.73287 9.46409 13.8892 10.7712 3.68121 14.5073 17.1865 16.3953 13.6923 2.54869 6.00411 12.7484 8.67131 16.5273 18.8901 12.4509 17.0535 3.02949 16.372 11.7968 13.2384 4.42807 8.78463 17.0986 10.1042 13.781 12.7349 15.5553 0 15.8121 15.8333 6.81276 11.9476 11.9497 4.21461 3.38567 13.0578 8.80845 9.48676 3.03666 16.4058 9.53746 16.5602 8.24102 10.4884 12.3718 17.1821 20.2126 14.6629 1.59704 8.0537 11.084 11.3844 12.8245 10.494 10.7403 1.94853 18.5318 19.2121 9.6141 16.1599 16.7278 15.4125 6.75245 17.6888 9.51878 13.1269 12.4678 4.17616 10.3528 9.63579 3.65558 6.66428 4.03517 13.8175 2.44087 8.01124 3.16583 14.8802 1.75668 10.8157 17.3988 1.01238 15.4419 4.09543 13.729 9.53794 2.70879 3.66979 2.20941 2.63118 
14.0717 16.8855 7.46391 12.0749 12.9502 11.0136 7.85112 17.167 20.5355 5.70787 14.7385 14.4139 13.0733 5.04241 19.3495 15.811 18.1246 22.571 15.1727 17.1168 10.1357 14.1739 14.3491 17.9845 11.2506 6.34723 6.95435 13.7677 11.9844 6.14386 13.1247 16.2108 14.5039 12.6021 12.6078 12.5916 3.8861 6.48235 15.8121 0 1.29281 11.8419 6.5009 20.3858 19.0278 13.7545 19.5818 19.3292 20.4802 18.5047 4.59896 6.56397 7.53462 14.4402 9.85375 3.68068 10.1842 16.891 3.96177 17.3676 14.2242 7.06159 17.7799 4.10254 5.48696 7.94544 17.7574 11.9836 17.4684 8.29924 14.194 12.0105 2.60551 13.7667 14.4956 6.3963 3.40481 9.92718 14.701 12.1785 6.91546 12.2964 9.51935 19.5329 2.1273 13.6254 14.6991 18.8066 13.3966 17.3935 12.0847 12.1003 15.143 21.1517 18.9336 13.1299 8.02608 14.6377 12.1433 17.9531 13.4751 
15.1923 17.0604 8.57877 13.339 14.2045 10.9871 8.93766 18.0532 21.5031 5.21533 15.3812 15.1875 14.1532 5.20012 19.4361 16.8641 19.2442 23.5056 16.1979 16.962 9.98668 15.1671 15.0661 19.0786 12.5397 7.33543 8.24528 13.6009 13.2013 7.02511 14.1668 16.5804 15.2273 13.8349 13.4469 13.6742 3.32882 7.73565 15.8333 1.29281 0 12.3832 7.42734 21.1433 19.2416 14.0163 20.4404 19.9162 21.0617 18.6239 5.89103 6.94335 8.81306 15.1243 10.7154 3.46549 11.4524 18.1421 5.16039 17.4122 14.8963 7.89365 18.5981 3.43282 5.34766 8.77903 17.7815 13.262 18.6804 8.99655 15.3618 13.24 3.86906 14.3371 15.7157 6.66886 2.85799 10.9574 15.0612 13.0388 7.4372 12.2399 9.34421 19.6585 2.06957 13.7501 15.3631 18.7423 14.522 17.3503 12.9805 13.3501 15.2298 22.0889 18.7482 14.2 8.68792 14.4558 12.1882 17.9261 13.3984 
8.46002 6.44832 7.17758 11.1084 11.1797 5.29596 6.74714 7.2354 11.061 9.31622 3.18145 3.88172 7.212 7.42137 9.16579 8.37591 11.2317 12.588 7.5052 9.25369 6.31247 6.40297 3.32652 10.6699 12.1574 6.59479 10.8707 7.30448 9.55925 6.21714 6.60707 4.7308 3.50643 10.2887 3.55446 7.04797 10.2207 9.42496 6.81276 11.8419 12.3832 0 6.1484 9.18614 8.10346 3.44342 9.12654 7.53982 8.68158 8.20838 10.8092 5.50592 10.2261 3.15569 3.77954 9.41488 10.4753 13.5787 9.33048 7.79285 2.88412 5.28889 7.14302 10.5027 7.98455 4.62272 8.26509 11.7411 12.7706 3.74466 9.49647 9.91522 10.4881 1.96843 10.9672 5.92289 10.4054 5.7042 3.42169 3.6786 4.94856 5.74596 6.56275 9.07869 10.3679 4.57829 3.25994 9.80811 8.19246 8.51271 4.11015 10.5882 5.80287 11.2976 10.9074 7.06908 3.90816 7.89035 4.78999 8.82088 6.34485 
8.07378 12.268 2.08169 7.74692 8.32977 8.05804 2.08636 10.6662 14.0759 7.07356 8.58948 8.00622 6.90534 4.37067 14.9642 9.52102 12.0617 16.0847 8.81286 13.9671 8.01354 7.7527 8.03995 11.8164 7.91845 0.50507 5.13336 11.03 6.8877 0.50397 6.82216 10.8672 8.17999 7.66246 6.13416 6.44419 6.74642 3.63622 11.9476 6.5009 7.42734 6.1484 0 13.9668 14.1423 9.0138 13.0853 13.2314 14.38 14.0261 4.66675 3.40314 4.76461 8.19932 3.37685 5.75114 6.25513 11.9689 3.23546 13.2777 8.01568 0.883402 11.3073 7.13834 5.59762 1.58784 13.7331 8.05464 12.0421 2.44717 8.49205 7.07858 4.54822 7.85415 9.26656 3.91927 6.64251 3.63671 9.47976 5.69025 2.69933 9.2384 7.70847 14.9776 5.82462 9.50943 8.49925 15.1128 7.44232 13.6978 5.58392 7.48181 11.0409 14.6667 15.7985 6.92184 2.42782 11.8643 8.61528 14.1444 10.3338 
9.54218 9.87063 13.8074 14.1626 13.5747 13.6984 13.3045 4.00699 4.58669 18.5022 6.00573 5.97261 9.37747 16.4893 11.1545 7.43855 8.49163 4.57883 7.27526 14.2075 14.9816 7.4902 6.09628 7.79024 15.9221 14.2325 17.0362 14.3098 12.5754 14.2667 8.82934 7.5634 5.92875 12.8496 7.85279 9.71983 19.3309 15.9778 11.9497 20.3858 21.1433 9.18614 13.9668 0 9.22992 9.89831 2.17736 3.32286 3.30693 10.5843 18.0255 14.5507 16.1325 6.10407 10.5945 18.4708 14.8058 13.3003 17.0831 11.5785 6.35867 13.3293 2.82183 19.6336 17.1512 12.4506 11.8729 14.9447 11.568 12.1498 10.5536 12.9215 18.4877 7.30915 12.0112 15.0303 19.4729 11.2029 8.41333 8.32522 13.8422 13.5027 15.3928 10.6054 19.2373 11.3116 5.937 13.2392 9.95574 12.758 8.53708 13.5698 11.2729 4.00523 14.98 9.19834 12.4726 14.4202 12.6407 12.5888 13.4071 
14.9812 2.23187 15.2801 18.6613 18.5169 8.57944 14.8437 10.7656 13.498 14.8066 7.2367 9.03086 14.0348 14.0496 1.92516 13.8239 16.1285 13.8079 13.1412 5.56124 9.88345 12.4711 8.3022 15.413 19.9551 14.6155 18.9741 7.2434 17.0006 14.128 13.3369 3.50798 8.33466 17.6246 10.4073 14.072 16.3539 17.5244 4.21461 19.0278 19.2416 8.10346 14.1423 9.22992 0 5.28921 10.852 5.90861 6.18684 1.50328 18.799 12.4898 18.321 7.85728 11.8 15.8477 18.3454 19.9727 17.2014 2.9671 7.79716 13.2614 9.62119 16.499 14.0235 12.6847 3.04268 19.3707 18.6563 11.6951 16.1461 17.3792 18.1894 6.96001 17.7586 12.6331 16.6988 13.5807 4.6857 10.8085 12.324 7.58521 10.5216 1.41101 17.1779 5.56635 7.5123 4.09948 14.9897 4.03867 11.2785 18.0881 4.29617 13.1253 5.87247 13.8484 11.7558 6.86839 7.25715 3.66065 6.74826 
11.7054 3.26288 10.381 14.5517 14.6112 4.00029 9.99312 9.29163 12.9246 9.86727 4.70388 6.28775 10.5156 8.81622 5.95067 11.2744 14.0276 14.0371 10.437 5.88073 5.36693 9.44413 5.51445 13.3961 15.5805 9.50417 14.0131 4.57816 12.9959 8.94691 9.8721 2.82709 5.65109 13.7177 6.74007 10.3988 11.2617 12.529 3.38567 13.7545 14.0163 3.44342 9.0138 9.89831 5.28921 0 10.5667 7.23289 8.2008 5.0131 13.625 7.20424 13.4474 5.1187 7.17773 10.676 13.8864 16.855 11.9752 4.38308 4.89575 8.13124 8.71319 11.4464 8.90826 7.65794 4.85392 15.1831 15.9067 6.58708 12.7917 13.3542 12.9167 3.52858 14.3104 7.36955 11.5712 9.13478 1.50425 6.97331 7.04415 3.60753 5.9055 5.97889 11.9473 1.49239 4.95639 6.37326 11.5059 5.0696 7.43376 14.03 2.3733 12.9277 7.4792 10.3583 6.59077 4.92557 2.79032 5.38461 3.61354 
7.68682 11.1484 12.6305 12.3251 11.6724 14.0865 12.1409 2.46261 2.64684 18.3038 6.10575 5.41323 7.72025 16.0818 12.7659 5.48492 6.31784 3.49901 5.47146 15.4539 15.2834 5.92553 5.81183 5.62106 14.1262 13.2861 15.6216 15.1203 10.802 13.4411 7.25724 8.63535 5.6312 10.998 6.99438 8.11426 18.9326 14.6836 13.0578 19.5818 20.4404 9.12654 13.0853 2.17736 10.852 10.5667 0 5.05412 5.33329 12.1005 16.8262 14.1621 14.6949 5.98026 9.73216 18.0208 13.1342 11.1621 16.0612 12.9161 6.25381 12.5479 1.98363 19.262 16.8743 11.6619 13.2582 13.1008 9.40862 11.5564 8.62185 11.1292 17.5074 7.47083 10.0094 14.6916 19.0222 9.98118 9.16849 7.40596 13.3722 14.0893 15.6175 12.2572 18.6291 12.0449 5.94169 14.7175 8.16992 14.0755 7.5076 11.7453 12.2714 2.38552 16.4107 7.55679 11.9155 15.3472 13.1702 13.9824 14.1719 
10.8603 6.64686 13.5731 15.2272 14.8197 11.2077 13.0711 5.63307 7.68705 16.6141 4.64236 5.6267 10.2981 14.9392 7.83362 9.13521 10.914 7.90169 8.67581 10.9645 12.5556 8.4295 5.30136 10.1858 16.8355 13.5905 17.1162 11.3718 13.5507 13.4283 9.63681 4.58041 5.19886 13.9944 7.58973 10.5143 17.6969 15.8662 8.80845 19.3292 19.9162 7.53982 13.2314 3.32286 5.90861 7.23289 5.05412 0 1.15257 7.26561 17.6823 13.0397 16.2836 5.06103 10.0348 16.9286 15.4736 15.3423 16.4617 8.3086 5.22307 12.4649 4.28185 17.9562 15.4004 11.6454 8.58296 16.0009 13.777 11.0595 11.995 13.9249 17.7582 5.57921 13.5805 13.4305 17.9095 11.1932 5.73589 8.09187 12.4791 10.7986 13.0466 7.29016 17.9074 8.5168 4.74031 9.92253 11.0956 9.49022 8.45296 14.6237 8.22797 7.24363 11.6697 10.1034 11.3085 11.3827 10.0226 9.29351 10.5271 
11.736 7.25882 14.6953 16.1792 15.7334 12.1963 14.1921 6.34506 7.87678 17.7063 5.7923 6.71159 11.2509 16.0703 8.08285 9.90171 11.467 7.76939 9.51042 11.5017 13.5551 9.35975 6.42569 10.7437 17.8207 14.7363 18.2173 12.1778 14.5129 14.5795 10.6047 5.45621 6.31641 14.9255 8.68907 11.4918 18.8169 16.9828 9.48676 20.4802 21.0617 8.68158 14.38 3.30693 6.18684 8.2008 5.33329 1.15257 0 7.6317 18.8177 14.1764 17.3758 6.19999 11.1705 18.0576 16.4958 16.0502 17.6091 8.8213 6.36798 13.6161 4.96565 19.0716 16.512 12.7946 9.04757 16.9571 14.4233 12.212 12.8503 14.8835 18.909 6.7249 14.4137 14.5601 19.0357 12.2878 6.72265 9.19218 13.6246 11.7187 14.0643 7.50064 19.0494 9.41897 5.88466 10.2783 12.0114 9.99557 9.54018 15.5755 8.99314 7.31039 12.0471 11.0575 12.4604 12.1249 10.9793 9.73712 11.3707 
15.6655 1.76825 15.3361 19.102 19.0309 7.74121 14.9275 11.8052 14.7364 13.984 7.91825 9.74326 14.6384 13.4756 0.957641 14.6825 17.1128 15.1603 13.9534 4.06812 8.97264 13.1915 8.97575 16.4086 20.2942 14.5151 18.9966 6.02483 17.4708 13.9583 13.9482 4.0673 9.03518 18.1331 10.9095 14.6289 15.6172 17.5202 3.03666 18.5047 18.6239 8.20838 14.0261 10.5843 1.50328 5.0131 12.1005 7.26561 7.6317 0 18.6349 12.0503 18.4003 8.52263 11.9816 15.1851 18.6412 20.7379 16.9697 1.56828 8.41896 13.1432 10.7414 15.7317 13.326 12.6483 1.55789 19.7846 19.5099 11.5944 16.8186 17.8444 17.862 7.39453 18.4156 12.1242 15.9886 13.8552 4.85017 11.2674 11.9932 6.62758 9.62726 1.03628 16.5782 4.88099 8.20421 2.6583 15.6138 2.5535 11.743 18.5451 3.40679 14.4155 4.4183 14.4585 11.6039 5.55275 6.46268 2.15737 5.66266 
10.2941 16.8873 4.2186 7.59981 8.51805 12.1071 4.72099 14.3641 17.3 8.77653 13.073 12.2181 9.53128 6.70798 19.5632 12.3051 14.2679 19.4384 11.816 18.2448 11.7033 11.0042 12.3977 14.2448 6.65842 4.21497 2.35825 15.1027 7.76386 4.67918 9.76765 15.5329 12.5165 8.28556 10.2391 9.05703 7.44019 2.27081 16.4058 4.59896 5.89103 10.8092 4.66675 18.0255 18.799 13.625 16.8262 17.6823 18.8177 18.6349 0 7.04946 3.02374 12.6215 7.64759 6.69949 5.70315 12.4513 1.82298 17.8065 12.4687 5.54193 15.2463 7.79369 7.78955 6.19807 18.2515 7.43715 13.2012 7.10882 10.1797 7.72098 2.13601 12.4573 10.2189 7.2873 7.06248 6.85109 14.1446 9.74531 6.78156 13.3754 11.2323 19.6024 5.63692 13.9933 12.9485 19.5637 9.61529 18.1339 9.49382 7.70005 15.5464 18.0325 20.0959 9.63493 7.04717 15.9718 12.8988 18.6149 14.535 
10.7352 10.3828 5.47864 11.1022 11.6256 5.05896 5.4143 11.941 15.6656 4.30118 8.61605 8.75428 9.44834 1.93859 12.9297 11.7283 14.4945 17.4716 10.912 11.2235 4.73812 9.7476 8.47176 14.126 11.3202 3.83264 8.22488 8.0533 10.1089 2.99107 9.16542 9.65903 8.64557 10.9016 7.34578 9.04624 4.78597 6.78989 9.53746 6.56397 6.94335 5.50592 3.40314 14.5507 12.4898 7.20424 14.1621 13.0397 14.1764 12.0503 7.04946 0 8.02622 8.44808 5.0246 3.92553 9.6571 15.1053 5.24093 11.0276 8.19809 2.92214 12.2186 5.10365 2.78339 3.41046 11.4476 11.4433 14.9642 2.8096 11.3684 10.3388 5.87585 7.47419 12.3577 0.608953 4.9251 6.34075 8.14447 7.06456 0.921211 6.33462 4.36039 13.066 4.89419 7.21253 8.63916 12.6537 10.1791 11.2199 7.18789 10.7983 8.76468 16.0941 13.0763 9.40946 2.40986 8.92261 5.92332 11.7362 7.50426 
7.62273 16.6323 3.06665 4.57677 5.49563 12.8226 3.47899 12.2678 14.844 10.8518 11.8586 10.6642 7.07433 8.3845 19.3541 9.77157 11.4714 17.0167 9.40575 18.6751 12.7357 8.77042 11.0151 11.5182 3.79091 4.27238 0.942565 15.791 4.84025 5.07524 7.44978 14.8805 11.0999 5.30005 8.6944 6.63251 9.84145 1.30181 16.5602 7.53462 8.81306 10.2261 4.76461 16.1325 18.321 13.4474 14.6949 16.2836 17.3758 18.4003 3.02374 8.02622 0 11.3228 6.55639 8.96553 2.67954 9.42762 3.884 17.8042 11.2261 5.55475 13.3114 10.225 9.60286 5.82045 18.2693 4.44911 10.2113 6.94903 7.34541 4.75534 4.94856 11.5398 7.23774 8.45076 9.5367 5.09039 13.647 8.19311 7.4355 13.9964 12.3861 19.2969 8.21406 14.1219 11.6797 19.7111 6.96358 18.3168 7.83571 4.6856 15.6156 15.6392 20.4917 7.2111 7.05881 16.6202 13.3465 18.7302 15.078 
7.14798 6.9853 8.5314 10.8934 10.6868 8.19471 8.03274 4.25944 8.03355 12.4324 0.621999 1.2396 6.17834 10.3866 9.42662 6.28425 8.94963 9.45781 5.4961 10.7884 9.33856 4.67036 0.453364 8.30018 12.3133 8.54287 12.1246 9.64206 9.21301 8.42444 5.47997 4.45702 0.543647 9.80109 2.70861 6.23196 13.2269 10.8346 8.24102 14.4402 15.1243 3.15569 8.19932 6.10407 7.85728 5.1187 5.98026 5.06103 6.19999 8.52263 12.6215 8.44808 11.3228 0 4.9743 12.3706 10.8035 12.2202 11.4195 8.69044 0.273605 7.46321 3.99928 13.53 11.0571 6.62073 9.13218 11.6287 11.0577 6.14305 8.30658 9.59409 12.7421 1.62287 9.91274 8.92666 13.372 6.25494 4.06974 3.18371 7.75663 8.36266 9.64848 9.13656 13.1788 6.59035 0.368786 10.7323 7.13302 9.68577 3.61161 10.3067 7.28452 8.19758 12.1663 5.99141 6.43705 10.042 7.40881 9.81033 8.66173 
5.83872 10.2253 3.60443 7.48082 7.68327 7.82234 3.12308 7.33834 10.8746 9.31675 5.44007 4.64849 4.52057 6.75451 12.9392 6.70479 9.47747 12.8165 5.89638 12.8351 8.34403 4.74271 4.75626 9.10141 8.40582 3.64332 7.28 10.448 6.04768 3.71019 4.16527 8.33437 4.88151 6.82414 2.75821 4.17079 9.51437 5.91533 10.4884 9.85375 10.7154 3.77954 3.37685 10.5945 11.8 7.17773 9.73216 10.0348 11.1705 11.9816 7.64759 5.0246 6.55639 4.9743 0 8.54547 6.70866 10.605 6.51299 11.5542 4.82712 2.82385 7.93263 9.87922 7.78733 1.94339 12.0261 8.06296 10.1829 2.22476 6.62797 6.37438 7.89656 4.988 7.865 5.62915 9.52216 1.99701 7.15875 2.3262 4.11201 8.69872 8.30241 12.8339 8.96044 8.13132 5.30461 13.5495 5.35527 12.2203 2.28674 7.00392 9.49191 11.406 14.5594 4.45534 2.62353 11.1632 7.84348 12.5605 9.56856 
13.8171 13.6492 7.53454 13.0447 13.7699 7.52305 7.7243 15.7423 19.3943 2.14663 12.5409 12.6325 12.6206 1.9937 15.986 15.1443 17.7738 21.2712 14.3825 13.517 6.53285 13.2589 12.3837 17.491 12.7172 5.89731 8.73547 10.1574 12.4723 5.25401 12.4739 13.3254 12.5558 13.2093 11.1037 12.1698 0.995574 7.68342 12.3718 3.68068 3.46549 9.41488 5.75114 18.4708 15.8477 10.676 18.0208 16.9286 18.0576 15.1851 6.69949 3.92553 8.96553 12.3706 8.54547 0 11.291 17.5719 5.13913 13.9537 12.1221 5.85163 16.0968 1.38771 1.88222 6.65533 14.3194 13.1728 17.7651 6.48643 14.2362 12.6089 4.68353 11.3823 14.9287 3.4981 1.00343 9.35477 11.8068 10.768 4.65155 8.77452 5.89743 16.2209 1.55371 10.3228 12.5646 15.2788 13.1915 13.885 10.8166 12.8987 11.7844 19.8768 15.3157 12.6224 6.11383 11.0188 8.7356 14.4606 9.93452 
5.59275 16.8984 4.18009 1.89788 2.82269 14.0137 4.31442 10.817 12.8979 13.025 11.3978 9.91011 5.43355 10.414 19.5976 7.8511 9.13497 15.0803 7.67397 19.4794 14.1658 7.31722 10.4251 9.27961 1.72812 5.85285 3.46217 16.8691 2.48424 6.69315 5.98466 14.8394 10.4691 2.74024 8.09602 5.0893 12.2182 3.73823 17.1821 10.1842 11.4524 10.4753 6.25513 14.8058 18.3454 13.8864 13.1342 15.4736 16.4958 18.6412 5.70315 9.6571 2.67954 10.8035 6.70866 11.291 0 6.74827 6.39676 18.2618 10.7703 6.83025 12.0129 12.6109 11.6594 6.74972 18.7338 1.88176 7.59281 7.8791 5.04413 2.27938 7.58363 11.3915 4.6538 10.1706 11.9568 4.78601 13.7936 7.6348 8.90512 15.0735 13.9152 19.4558 10.707 14.7964 11.1722 20.2575 5.01043 18.9213 7.19301 2.04637 16.1916 13.7553 21.2342 5.60914 8.10904 17.6465 14.3096 19.2684 16.0603 
5.15087 19.195 10.0411 4.85348 3.94259 18.3902 9.89755 9.71797 9.60198 19.0422 12.82 10.9947 6.36676 16.3394 21.6299 6.23443 4.98696 11.5066 6.84033 22.7344 18.9471 7.55048 11.7669 5.60363 6.18329 11.7224 10.1817 20.8327 5.10138 12.4695 6.98653 16.6706 11.7029 4.36865 10.115 6.56299 18.5461 10.4089 20.2126 16.891 18.1421 13.5787 11.9689 13.3003 19.9727 16.855 11.1621 15.3423 16.0502 20.7379 12.4513 15.1053 9.42762 12.2202 10.605 17.5719 6.74827 0 13.01 20.8631 12.3412 12.2078 11.0909 18.9438 17.5606 11.7255 21.3159 5.13699 1.87491 12.6141 4.0829 4.97145 14.2855 13.5144 2.75801 15.6956 18.3491 8.83451 16.1677 9.90916 14.2162 19.1608 18.8802 21.3062 17.2157 18.1381 12.5338 22.9178 5.39108 21.7911 9.46875 4.79204 19.2082 10.5536 24.2628 6.5115 12.9681 21.4602 18.2479 21.9733 19.8948 
10.1394 15.236 3.57486 8.25307 9.08529 10.2998 4.00916 13.6084 16.798 7.13081 11.8211 11.1603 9.19068 4.92088 17.8879 11.955 14.1881 18.8841 11.3629 16.454 9.88039 10.4274 11.2432 14.072 7.67326 2.87896 3.5965 13.2916 8.04108 3.11345 9.29954 14.015 11.3774 8.68189 9.23085 8.70751 5.9778 2.66338 14.6629 3.96177 5.16039 9.33048 3.23546 17.0831 17.2014 11.9752 16.0612 16.4617 17.6091 16.9697 1.82298 5.24093 3.884 11.4195 6.51299 5.13913 6.39676 13.01 0 16.0899 11.2418 4.05208 14.365 6.35599 6.04336 4.82313 16.529 8.25531 13.5203 5.58687 10.2334 8.08481 1.47506 11.0817 10.5558 5.46544 5.65817 6.16044 12.5868 8.7591 5.02728 11.5739 9.41033 17.9518 4.33305 12.2668 11.7254 17.8125 9.46109 16.3802 8.57983 8.2223 13.8242 17.4658 18.3063 9.26112 5.46571 14.1625 11.1208 16.8721 12.7389 
15.7322 1.78584 14.7411 18.8722 18.881 6.44159 14.3638 12.3418 15.5157 12.641 8.1241 9.93002 14.6244 12.3251 2.09131 14.9627 17.5285 16.1195 14.1861 2.68206 7.6008 13.3267 9.13912 16.8436 19.9494 13.7769 18.3416 4.48778 17.2843 13.1602 13.9508 4.41282 9.2268 17.9833 10.8391 14.5632 14.3282 16.8491 1.59704 17.3676 17.4122 7.79285 13.2777 11.5785 2.9671 4.38308 12.9161 8.3086 8.8213 1.56828 17.8065 11.0276 17.8042 8.69044 11.5542 13.9537 18.2618 20.8631 16.0899 0 8.54242 12.4028 11.3966 14.4203 12.0784 11.9933 0.472241 19.5218 19.7479 10.8921 16.8619 17.6496 16.8921 7.35581 18.4293 11.0404 14.7176 13.497 4.70194 11.1434 11.0688 5.2526 8.26112 2.49246 15.3888 3.82683 8.41153 2.05814 15.6128 1.18162 11.6165 18.3366 2.26805 15.276 3.53876 14.4538 10.8522 3.98657 5.22931 1.12242 4.2088 
7.24688 6.85424 8.40318 10.9079 10.7254 7.92703 7.90735 4.51918 8.30076 12.1678 0.634759 1.41046 6.24282 10.1362 9.33162 6.45687 9.14974 9.73129 5.65541 10.6023 9.06692 4.79211 0.620862 8.50735 12.2995 8.36837 12.0169 9.40314 9.23269 8.22988 5.54687 4.36177 0.757643 9.836 2.67883 6.27573 12.974 10.7106 8.0537 14.2242 14.8963 2.88412 8.01568 6.35867 7.79716 4.89575 6.25381 5.22307 6.36798 8.41896 12.4687 8.19809 11.2261 0.273605 4.82712 12.1221 10.7703 12.3412 11.2418 8.54242 0 7.26736 4.27289 13.2751 10.797 6.43296 8.98838 11.6365 11.2088 5.92505 8.39986 9.6132 12.5532 1.37971 9.99977 8.67198 13.1229 6.17546 3.89233 3.13648 7.51594 8.10724 9.37532 9.05714 12.9436 6.36019 0.483601 10.5899 7.20732 9.52172 3.57969 10.3251 7.08904 8.46974 12.0028 6.05854 6.21191 9.81451 7.15174 9.66007 8.42209 
8.02846 11.3847 2.67649 8.19814 8.7045 7.29562 2.52762 10.1619 13.6744 6.92759 7.82458 7.35672 6.79474 4.23947 14.0818 9.29376 11.9356 15.6359 8.54061 13.1329 7.34292 7.43319 7.33203 11.6407 8.52878 1.37501 5.97647 10.2445 7.18904 0.963412 6.62342 9.99849 7.47959 7.98066 5.55712 6.35672 6.84055 4.47696 11.084 7.06159 7.89365 5.28889 0.883402 13.3293 13.2614 8.13124 12.5479 12.4649 13.6161 13.1432 5.54193 2.92214 5.55475 7.46321 2.82385 5.85163 6.83025 12.2078 4.05208 12.4028 7.26736 0 10.7224 7.22089 5.40795 0.886437 12.8593 8.56996 12.1467 1.56707 8.5605 7.41666 5.2939 7.03337 9.46993 3.49688 6.79862 3.55871 8.60263 5.1452 2.09152 8.4469 7.08562 14.0942 6.14945 8.64418 7.74973 14.2481 7.4303 12.8364 5.10169 7.88072 10.1705 14.2234 14.9585 6.78629 1.55066 11.0683 7.79335 13.2772 9.52324 
6.88382 9.61155 11.0284 11.452 10.9198 12.1374 10.5283 1.38002 4.22284 16.3348 4.15207 3.46539 6.60049 14.1453 11.4882 4.94391 6.65251 5.46175 4.61933 13.8446 13.3182 4.69787 3.82947 5.92424 13.1791 11.542 14.2168 13.2876 9.83269 11.6376 6.02891 7.01583 3.6489 10.1564 5.17456 6.92365 16.9977 13.1738 11.3844 17.7799 18.5981 7.14302 11.3073 2.82183 9.62119 8.71319 1.98363 4.28185 4.96565 10.7414 15.2463 12.2186 13.3114 3.99928 7.93263 16.0968 12.0129 11.0909 14.365 11.3966 4.27289 10.7224 0 17.3218 14.9147 9.83664 11.771 12.2352 9.49801 9.65854 7.95764 10.1878 15.7898 5.51295 9.4889 12.7395 17.0996 8.40637 7.36835 5.62089 11.4453 12.1862 13.6432 11.0302 16.751 10.2021 3.97406 13.2899 7.23937 12.5278 5.7874 10.8532 10.5457 4.2409 14.9281 6.41682 10.0079 13.5623 11.2555 12.4931 12.3267 
15.2018 14.2763 8.91187 14.3861 15.1261 7.99292 9.10899 17.0161 20.6991 1.84378 13.6637 13.8571 14.0003 3.18208 16.4874 16.5074 19.1513 22.5483 15.7379 13.7299 6.8445 14.6069 13.569 18.8614 13.9989 7.28344 9.93333 10.3815 13.8464 6.6406 13.8442 14.1748 13.7439 14.5785 12.3901 13.5514 0.397691 8.95972 12.8245 4.10254 3.43282 10.5027 7.13834 19.6336 16.499 11.4464 19.262 17.9562 19.0716 15.7317 7.79369 5.10365 10.225 13.53 9.87922 1.38771 12.6109 18.9438 6.35599 14.4203 13.2751 7.22089 17.3218 0 2.56723 8.00965 14.7572 14.492 19.1512 7.77668 15.6239 13.9772 5.69572 12.4589 16.309 4.60339 0.743193 10.7368 12.6676 12.0709 5.90095 9.17439 6.18475 16.7668 2.20138 10.9347 13.7049 15.5986 14.5776 14.2414 12.1381 14.2541 12.3269 21.1611 15.4783 13.9999 7.39412 11.2132 9.27544 14.8333 10.2877 
13.4076 11.8138 7.61261 13.2837 13.9119 5.64319 7.68181 14.6933 18.4368 1.53368 11.1596 11.4612 12.1434 1.24631 14.1174 14.4909 17.2331 20.2181 13.6825 11.6488 4.66191 12.5222 11.1231 16.8825 13.2157 5.89117 9.54854 8.29216 12.4853 5.10206 11.898 11.6163 11.3005 13.2594 10.1203 11.7237 2.35456 8.30173 10.494 5.48696 5.34766 7.98455 5.59762 17.1512 14.0235 8.90826 16.8743 15.4004 16.512 13.326 7.78955 2.78339 9.60286 11.0571 7.78733 1.88222 11.6594 17.5606 6.04336 12.0784 10.797 5.40795 14.9147 2.56723 0 6.06293 12.441 13.5186 17.5541 5.58647 13.9683 12.6735 5.99278 9.92848 14.8438 2.20443 2.6755 8.95542 10.1061 9.84665 3.67836 6.8923 4.03569 14.3622 3.38851 8.47796 11.2145 13.3974 12.8252 12.0028 9.97046 13.0555 9.92148 18.8489 13.4557 12.1166 5.18799 9.15818 6.86811 12.5785 8.0531 
7.34795 10.8818 2.78031 7.95361 8.37347 7.264 2.47828 9.27883 12.8093 7.59513 7.00314 6.47882 6.08074 4.94928 13.596 8.50069 11.1891 14.7596 7.72861 12.8905 7.47602 6.60431 6.47408 10.8678 8.47374 1.98796 6.35533 10.1399 6.80171 1.81853 5.8578 9.35335 6.61832 7.60028 4.67069 5.66202 7.63609 4.87247 10.7403 7.94544 8.77903 4.62272 1.58784 12.4506 12.6847 7.65794 11.6619 11.6454 12.7946 12.6483 6.19807 3.41046 5.82045 6.62073 1.94339 6.65533 6.74972 11.7255 4.82313 11.9933 6.43296 0.886437 9.83664 8.00965 6.06293 0 12.4566 8.39504 11.5538 1.14871 7.95812 7.06244 6.12144 6.27643 8.97102 4.01472 7.61857 2.93037 8.00336 4.2605 2.50128 8.34019 7.29302 13.5756 7.01859 8.30319 6.91636 13.8908 6.77748 12.497 4.22718 7.58321 9.79571 13.3485 14.6933 6.05669 1.3623 10.9354 7.61353 12.9103 9.3621 
16.1883 2.18283 15.207 19.3434 19.35 6.79828 14.8313 12.7387 15.8683 12.9666 8.56079 10.3715 15.0858 12.7156 1.85712 15.3979 17.9476 16.4277 14.6262 2.5191 7.92259 13.776 9.58197 17.2596 20.4217 14.2329 18.8029 4.69412 17.7543 13.6107 14.4109 4.81637 9.66682 18.4522 11.3023 15.0276 14.6739 17.3096 1.94853 17.7574 17.7815 8.26509 13.7331 11.8729 3.04268 4.85392 13.2582 8.58296 9.04757 1.55789 18.2515 11.4476 18.2693 9.13218 12.0261 14.3194 18.7338 21.3159 16.529 0.472241 8.98838 12.8593 11.771 14.7572 12.441 12.4566 0 19.9936 20.1897 11.3527 17.3201 18.1199 17.317 7.81366 18.89 11.4481 15.0694 13.9693 5.16143 11.6096 11.505 5.58284 8.58378 2.3441 15.7659 4.26223 8.84857 1.60207 16.0737 0.996785 12.0829 18.8073 2.70542 15.6095 3.15867 14.9146 11.3087 4.12191 5.61416 0.72434 4.50051 
5.4168 18.0716 5.97316 0.783173 1.56532 15.6301 6.04286 10.9432 12.4862 14.8968 12.2435 10.6094 5.70661 12.2724 20.7344 7.63591 8.32579 14.6416 7.67125 20.898 15.8633 7.60206 11.2164 8.60686 1.15837 7.67595 5.10883 18.4219 2.4519 8.5093 6.36458 15.8687 11.2322 2.10283 8.97454 5.49631 14.0994 5.59199 18.5318 11.9836 13.262 11.7411 8.05464 14.9447 19.3707 15.1831 13.1008 16.0009 16.9571 19.7846 7.43715 11.4433 4.44911 11.6287 8.06296 13.1728 1.88176 5.13699 8.25531 19.5218 11.6365 8.56996 12.2352 14.492 13.5186 8.39504 19.9936 0 6.27212 9.4923 4.53803 2.07599 9.39573 12.4245 3.58313 11.9733 13.8357 6.06957 14.9424 8.56229 10.6593 16.6385 15.645 20.5472 12.5762 16.1931 11.9945 21.5476 4.99654 20.2493 8.09338 1.38394 17.5283 13.3935 22.6141 5.90049 9.75595 19.1732 15.8355 20.5612 17.5795 
4.38026 18.0359 10.2744 5.79459 4.82065 17.8004 10.0437 8.1473 7.74492 19.0684 11.6329 9.81831 5.69931 16.3678 20.376 4.83372 3.14635 9.63222 5.56552 21.7547 18.4773 6.46551 10.6088 3.7991 7.40557 11.8679 11.0481 20.0743 5.48454 12.5458 6.20756 15.4574 10.5232 4.91586 9.22693 6.01334 18.7553 11.0341 19.2121 17.4684 18.6804 12.7706 12.0421 11.568 18.6563 15.9067 9.40862 13.777 14.4233 19.5099 13.2012 14.9642 10.2113 11.0577 10.1829 17.7651 7.59281 1.87491 13.5203 19.7479 11.2088 12.1467 9.49801 19.1512 17.5541 11.5538 20.1897 6.27212 0 12.3197 3.59576 5.48471 14.8805 12.4625 2.98433 15.5683 18.6035 8.62408 15.091 9.10411 14.0515 18.4679 18.4748 20.0178 17.5707 17.2571 11.3448 21.7893 4.82858 20.7271 8.70399 5.54676 18.2217 8.69446 23.2078 5.80089 12.6971 20.6493 17.5298 20.8672 19.115 
8.01783 9.83259 3.92454 9.02304 9.39425 6.14194 3.62601 9.25647 12.9227 7.10986 6.44419 6.21273 6.71075 4.60926 12.5365 8.92154 11.7022 14.7847 8.10271 11.745 6.42467 6.93808 6.07017 11.3219 9.60556 2.92544 7.45048 8.99744 7.79496 2.47352 6.38579 8.43767 6.23075 8.59285 4.61771 6.33372 7.427 5.95698 9.6141 8.29924 8.99655 3.74466 2.44717 12.1498 11.6951 6.58708 11.5564 11.0595 12.212 11.5944 7.10882 2.8096 6.94903 6.14305 2.22476 6.48643 7.8791 12.6141 5.58687 10.8921 5.92505 1.56707 9.65854 7.77668 5.58647 1.14871 11.3527 9.4923 12.3197 0 8.73505 8.07591 6.75935 5.55169 9.85652 3.4102 7.48238 3.78201 7.03584 4.29566 1.91021 7.1988 6.28959 12.5384 7.09824 7.17439 6.40001 12.7703 7.49771 11.3704 4.38894 8.62732 8.67917 13.3912 13.5511 6.65754 0.400069 9.78924 6.46526 11.7927 8.21426 
1.16837 15.2275 6.82599 3.78781 3.05524 14.3481 6.54613 6.60604 7.96606 15.4868 8.92129 7.1152 2.28469 12.7903 17.7304 3.13702 4.12849 10.1341 3.34367 18.6724 14.9598 3.6919 7.85584 4.23558 5.63246 8.34912 8.26246 16.753 2.56621 8.99393 2.92167 12.7597 7.81364 2.47013 6.05581 2.49708 15.2299 7.92594 16.1599 14.194 15.3618 9.49647 8.49205 10.5536 16.1461 12.7917 8.62185 11.995 12.8503 16.8186 10.1797 11.3684 7.34541 8.30658 6.62797 14.2362 5.04413 4.0829 10.2334 16.8619 8.39986 8.5605 7.95764 15.6239 13.9683 7.95812 17.3201 4.53803 3.59576 8.73505 0 2.77952 11.6531 9.50646 1.61833 11.9727 15.0989 5.02875 12.16 5.83112 10.4558 15.0904 14.9304 17.4419 14.1259 14.0598 8.64064 18.9198 1.31082 17.7612 5.38712 3.25527 15.1524 8.86347 20.2254 2.43437 9.10911 17.3774 14.1723 17.9644 15.8131 
3.45887 16.1517 5.09167 1.30843 1.32015 14.1331 4.99243 8.91485 10.7041 14.1316 10.212 8.55128 3.63264 11.4393 18.7889 5.72034 6.8556 12.8814 5.6667 19.1441 14.5005 5.53325 9.1749 7.00988 3.00224 6.79521 5.62963 16.8207 0.381343 7.5716 4.28862 13.8871 9.18429 0.603055 6.97191 3.42332 13.5796 5.55287 16.7278 12.0105 13.24 9.91522 7.07858 12.9215 17.3792 13.3542 11.1292 13.9249 14.8835 17.8444 7.72098 10.3388 4.75534 9.59409 6.37438 12.6089 2.27938 4.97145 8.08481 17.6496 9.6132 7.41666 10.1878 13.9772 12.6735 7.06244 18.1199 2.07599 5.48471 8.07591 2.77952 0 9.41316 10.4586 2.50039 10.9096 13.3783 4.39701 13.0207 6.5828 9.4856 15.063 14.3493 18.5809 12.2492 14.4396 9.95776 19.6902 2.96829 18.4225 6.10873 0.712768 15.7181 11.5827 20.8217 3.82604 8.38748 17.537 14.2171 18.7082 15.9425 
11.5937 16.1571 5.04888 9.47187 10.3447 10.8508 5.4839 15.0589 18.2712 6.80967 13.1169 12.5425 10.6613 5.0554 18.7602 13.428 15.6377 20.3539 12.838 17.0476 10.2583 11.8997 12.5881 15.5332 8.69998 4.25517 4.43243 13.7948 9.39616 4.3309 10.7745 15.1053 12.7282 10.0026 10.6367 10.1781 5.35516 3.87709 15.4125 2.60551 3.86906 10.4881 4.54822 18.4877 18.1894 12.9167 17.5074 17.7582 18.909 17.862 2.13601 5.87585 4.94856 12.7421 7.89656 4.68353 7.58363 14.2855 1.47506 16.8921 12.5532 5.2939 15.7898 5.69572 5.99278 6.12144 17.317 9.39573 14.8805 6.75935 11.6531 9.41316 0 12.3062 11.9032 5.9577 4.95777 7.63171 13.6428 10.1733 5.8744 12.1457 9.72545 18.8636 3.51629 13.0686 13.0364 18.5277 10.9141 17.0943 10.0123 9.49498 14.6255 18.9351 18.8978 10.7336 6.58135 14.6734 11.7932 17.612 13.3287 
8.37715 5.74011 8.57876 11.7269 11.6366 6.62533 8.10671 5.87565 9.62508 11.228 1.36547 2.75922 7.2788 9.38902 8.334 7.76671 10.5004 10.9676 6.94276 9.29879 7.81341 6.0036 1.99177 9.86757 12.9951 8.26271 12.2666 8.02345 10.0832 7.98791 6.59951 3.45205 2.13712 10.739 3.51726 7.24379 12.1818 10.8821 6.75245 13.7667 14.3371 1.96843 7.85415 7.30915 6.96001 3.52858 7.47083 5.57921 6.7249 7.39453 12.4573 7.47419 11.5398 1.62287 4.988 11.3823 11.3915 13.5144 11.0817 7.35581 1.37971 7.03337 5.51295 12.4589 9.92848 6.27643 7.81366 12.4245 12.4625 5.55169 9.50646 10.4586 12.3062 0 11.0792 7.88842 12.3717 6.64787 2.65468 3.87624 6.89995 6.74548 8.16311 8.12451 12.3297 4.98397 1.54634 9.41347 8.26425 8.28064 4.3512 11.1627 5.77038 9.7464 10.7574 7.10503 5.76897 8.43957 5.79492 8.46126 7.04244 
2.78663 16.8111 7.39889 2.96492 2.02281 15.67 7.21513 8.12141 9.0636 16.3366 10.5293 8.72825 3.80645 13.6312 19.3314 4.5768 4.75304 11.1815 4.90707 20.1871 16.2009 5.31022 9.46318 5.08083 4.74049 9.04631 8.08957 18.1671 2.51519 9.76948 4.47972 14.3614 9.42449 1.9377 7.59767 3.91962 15.9117 8.0509 17.6888 14.4956 15.7157 10.9672 9.26656 12.0112 17.7586 14.3104 10.0094 13.5805 14.4137 18.4156 10.2189 12.3577 7.23774 9.91274 7.865 14.9287 4.6538 2.75801 10.5558 18.4293 9.99977 9.46993 9.4889 16.309 14.8438 8.97102 18.89 3.58313 2.98433 9.85652 1.61833 2.50039 11.9032 11.0792 0 12.9506 15.7369 6.07651 13.7286 7.33708 11.4647 16.4725 16.1264 19.0493 14.659 15.5438 10.2499 20.4874 2.81663 19.3099 6.87864 2.61687 16.6786 9.99547 21.7662 3.97549 10.2101 18.8175 15.5716 19.5268 17.2411 
11.3438 10.4906 6.00091 11.6496 12.1904 4.89423 5.96215 12.4934 16.2325 3.70862 9.06761 9.27924 10.0573 1.51252 12.9842 12.3313 15.1015 18.0207 11.5126 11.09 4.41973 10.3463 8.96925 14.7303 11.818 4.32354 8.59826 7.85649 10.6856 3.48029 9.77331 9.91355 9.14488 11.4764 7.91592 9.65481 4.30502 7.19258 9.51878 6.3963 6.66886 5.92289 3.91927 15.0303 12.6331 7.36955 14.6916 13.4305 14.5601 12.1242 7.2873 0.608953 8.45076 8.92666 5.62915 3.4981 10.1706 15.6956 5.46544 11.0404 8.67198 3.49688 12.7395 4.60339 2.20443 4.01472 11.4481 11.9733 15.5683 3.4102 11.9727 10.9096 5.9577 7.88842 12.9506 0 4.48347 6.9443 8.39375 7.64583 1.53016 6.18818 3.98253 13.1486 4.60145 7.25458 9.10372 12.5993 10.7864 11.1686 7.77926 11.3576 8.79124 16.6484 12.9407 10.0184 3.01014 8.73281 5.86493 11.7014 7.37103 
14.7162 14.488 8.33924 13.75 14.5072 8.27606 8.56217 16.7388 20.3813 2.36216 13.5383 13.6355 13.5379 2.989 16.7687 16.0909 18.6946 22.2663 15.3383 14.1463 7.19897 14.2223 13.3867 18.426 13.3184 6.7499 9.22223 10.7874 13.2593 6.15315 13.4114 14.2525 13.5589 13.9807 12.0983 13.0817 0.484409 8.28177 13.1269 3.40481 2.85799 10.4054 6.64251 19.4729 16.6988 11.5712 19.0222 17.9095 19.0357 15.9886 7.06248 4.9251 9.5367 13.372 9.52216 1.00343 11.9568 18.3491 5.65817 14.7176 13.1229 6.79862 17.0996 0.743193 2.6755 7.61857 15.0694 13.8357 18.6035 7.48238 15.0989 13.3783 4.95777 12.3717 15.7369 4.48347 0 10.268 12.7366 11.7577 5.65449 9.49584 6.54664 17.0249 1.45819 11.1505 13.5641 15.9686 14.0821 14.5927 11.7985 13.6349 12.5823 20.8703 15.9184 13.5457 7.11223 11.6338 9.52649 15.1775 10.6343 
4.47287 12.1132 2.65076 5.48412 5.71298 9.74479 2.16907 7.5186 10.6413 10.4808 6.8102 5.577 3.27033 7.79804 14.8117 5.91075 8.42742 12.724 5.24613 14.8291 10.1691 4.26858 5.93228 8.18151 6.45418 3.63171 5.93279 12.4272 4.08318 4.11674 3.21035 10.081 6.01265 4.8712 3.60411 2.81507 10.3496 4.77853 12.4678 9.92718 10.9574 5.7042 3.63671 11.2029 13.5807 9.13478 9.98118 11.1932 12.2878 13.8552 6.85109 6.34075 5.09039 6.25494 1.99701 9.35477 4.78601 8.83451 6.16044 13.497 6.17546 3.55871 8.40637 10.7368 8.95542 2.93037 13.9693 6.06957 8.62408 3.78201 5.02875 4.39701 7.63171 6.64787 6.07651 6.9443 10.268 0 9.00807 3.1033 5.43054 10.6663 10.0648 14.6737 9.4509 10.1237 6.61668 15.5073 3.87201 14.1924 2.75183 5.01306 11.4671 11.306 16.5461 3.28532 4.13362 13.1521 9.82563 14.519 11.557 
11.0318 3.13125 10.599 14.2677 14.228 5.47613 10.1681 8.0602 11.5911 11.1623 3.55726 5.29998 9.92479 9.88447 5.8052 10.3487 13.0107 12.615 9.54609 6.72095 6.83248 8.64481 4.50556 12.3513 15.444 9.94628 14.2903 5.95602 12.65 9.49012 9.24948 1.52028 4.61327 13.3295 6.14505 9.87333 12.457 12.8387 4.17616 14.701 15.0612 3.42169 9.47976 8.41333 4.6857 1.50425 9.16849 5.73589 6.72265 4.85017 14.1446 8.14447 13.647 4.06974 7.15875 11.8068 13.7936 16.1677 12.5868 4.70194 3.89233 8.60263 7.36835 12.6676 10.1061 8.00336 5.16143 14.9424 15.091 7.03584 12.16 13.0207 13.6428 2.65468 13.7286 8.39375 12.7366 9.00807 0 6.46741 7.83937 5.10657 7.34666 5.67567 12.995 2.90424 3.8351 6.75995 10.9124 5.63681 6.94263 13.7171 3.24247 11.5441 8.11702 9.7532 7.1223 6.19416 4.29266 5.80663 5.02048 
4.78155 9.59124 5.55008 7.85556 7.76547 8.75916 5.04373 5.02038 8.62857 11.3525 3.7665 2.49256 3.5481 8.90454 12.2092 4.91859 7.79092 10.5219 4.04985 12.8511 9.5678 2.87988 2.83712 7.3068 9.1806 5.92206 9.02562 10.974 6.20707 6.03576 2.92905 7.30864 2.91104 6.86722 0.503282 3.43022 11.7182 7.80747 10.3528 12.1785 13.0388 3.6786 5.69025 8.32522 10.8085 6.97331 7.40596 8.09187 9.19218 11.2674 9.74531 7.06456 8.19311 3.18371 2.3262 10.768 7.6348 9.90916 8.7591 11.1434 3.13648 5.1452 5.62089 12.0709 9.84665 4.2605 11.6096 8.56229 9.10411 4.29566 5.83112 6.5828 10.1733 3.87624 7.33708 7.64583 11.7577 3.1033 6.46741 0 6.19419 9.36771 9.66879 11.9983 11.2611 8.22916 3.55079 13.1977 4.53602 11.9876 0.475815 7.28795 9.34212 9.11827 14.4351 3.39789 4.68371 11.5689 8.42636 12.2267 10.0199 
9.81491 10.283 4.73022 10.2888 10.7817 5.42693 4.61653 11.1152 14.8131 5.20537 7.97037 7.98096 8.5272 2.72033 12.8982 10.8168 13.5764 16.6475 10.0049 11.481 5.31456 8.84383 7.74734 13.2123 10.5913 3.17138 7.72008 8.42333 9.24545 2.36207 8.2459 9.33336 7.91732 10.041 6.49533 8.12586 5.56308 6.24733 9.63579 6.91546 7.4372 4.94856 2.69933 13.8422 12.324 7.04415 13.3722 12.4791 13.6246 11.9932 6.78156 0.921211 7.4355 7.75663 4.11201 4.65155 8.90512 14.2162 5.02728 11.0688 7.51594 2.09152 11.4453 5.90095 3.67836 2.50128 11.505 10.6593 14.0515 1.91021 10.4558 9.4856 5.8744 6.89995 11.4647 1.53016 5.65449 5.43054 7.83937 6.19419 0 6.65366 5.01697 12.9911 5.44015 7.24309 7.97107 12.7875 9.2611 11.3561 6.29872 9.96467 8.80149 15.2619 13.3288 8.48829 1.51402 9.27559 6.12355 11.845 7.78933 
14.1143 5.3723 11.0747 16.1178 16.377 1.29824 10.8156 12.6207 16.3558 7.38853 8.06359 9.39978 12.8256 7.29006 7.33264 14.1194 16.9676 17.5785 13.2499 4.90183 2.35027 12.1473 8.69305 16.3911 16.8011 9.73818 14.3516 1.80085 14.7432 8.98171 12.2668 6.26454 8.85395 15.5225 9.29147 12.5987 9.09429 12.8638 3.65558 12.2964 12.2399 5.74596 9.2384 13.5027 7.58521 3.60753 14.0893 10.7986 11.7187 6.62758 13.3754 6.33462 13.9964 8.36266 8.69872 8.77452 15.0735 19.1608 11.5739 5.2526 8.10724 8.4469 12.1862 9.17439 6.8923 8.34019 5.58284 16.6385 18.4679 7.1988 15.0904 15.063 12.1457 6.74548 16.4725 6.18818 9.49584 10.6663 5.10657 9.36771 6.65366 0 3.00943 7.65233 10.2546 2.30637 8.28038 6.51281 13.7797 5.1109 9.76445 15.6727 3.28991 16.4245 6.75273 12.7003 7.00034 2.62669 0.964041 5.68695 1.18714 
14.1072 8.29155 9.74582 15.2375 15.6636 1.96262 9.61024 13.7981 17.6234 4.38284 9.52569 10.4433 12.7839 4.68424 10.3421 14.5873 17.4592 19.1046 13.7174 7.62002 0.661221 12.5485 9.87153 16.969 15.607 8.16475 12.5726 4.25995 14.0776 7.33172 12.3412 8.73105 10.0494 14.8762 9.75041 12.4628 6.12672 11.1486 6.66428 9.51935 9.34421 6.56275 7.70847 15.3928 10.5216 5.9055 15.6175 13.0466 14.0643 9.62726 11.2323 4.36039 12.3861 9.64848 8.30241 5.89743 13.9152 18.8802 9.41033 8.26112 9.37532 7.08562 13.6432 6.18475 4.03569 7.29302 8.58378 15.645 18.4748 6.28959 14.9304 14.3493 9.72545 8.16311 16.1264 3.98253 6.54664 10.0648 7.34666 9.66879 5.01697 3.00943 0 10.6556 7.42349 5.01168 9.67669 9.42364 13.6528 8.05752 9.96621 14.8761 6.25283 17.841 9.4206 12.6972 5.96316 5.12303 3.2918 8.64859 4.10302 
16.2808 2.71615 16.2377 19.8514 19.7436 8.77542 15.8193 12.1657 14.9038 15.0165 8.52065 10.3329 15.2992 14.5066 0.622696 15.1841 17.5214 15.1793 14.4861 4.71762 9.9998 13.7823 9.58636 16.8078 21.0913 15.463 19.9122 6.98021 18.2045 14.9235 14.6039 4.70435 9.63011 18.848 11.6181 15.3151 16.6532 18.443 4.03517 19.5329 19.6585 9.07869 14.9776 10.6054 1.41101 5.97889 12.2572 7.29016 7.50064 1.03628 19.6024 13.066 19.2969 9.13656 12.8339 16.2209 19.4558 21.3062 17.9518 2.49246 9.05714 14.0942 11.0302 16.7668 14.3622 13.5756 2.3441 20.5472 20.0178 12.5384 17.4419 18.5809 18.8636 8.12451 19.0493 13.1486 17.0249 14.6737 5.67567 11.9983 12.9911 7.65233 10.6556 0 17.6117 5.91255 8.8016 2.93428 16.2641 3.28033 12.4721 19.2862 4.44292 14.5207 4.68575 15.1155 12.5616 6.45512 7.49885 2.76519 6.66631 
13.8302 15.0019 7.30552 12.5363 13.3299 8.98561 7.58691 16.2799 19.8239 3.61492 13.4089 13.3109 12.7081 3.13149 17.3999 15.3456 17.8544 21.7762 14.6323 15.0368 8.04998 13.5546 13.1442 17.6314 12.0048 5.83785 7.8443 11.6807 12.1573 5.36984 12.6464 14.5146 13.3096 12.8521 11.643 12.2392 1.89599 6.99022 13.8175 2.1273 2.06957 10.3679 5.82462 19.2373 17.1779 11.9473 18.6291 17.9074 19.0494 16.5782 5.63692 4.89419 8.21406 13.1788 8.96044 1.55371 10.707 17.2157 4.33305 15.3888 12.9436 6.14945 16.751 2.20138 3.38851 7.01859 15.7659 12.5762 17.5707 7.09824 14.1259 12.2492 3.51629 12.3297 14.659 4.60145 1.45819 9.4509 12.995 11.2611 5.44015 10.2546 7.42349 17.6117 0 11.7001 13.4038 16.7668 13.1777 15.3634 11.2457 12.4593 13.191 20.3664 16.8439 12.7338 6.76537 12.5464 10.16 15.9321 11.4248 
13.001 3.34167 11.0787 15.5959 15.7217 3.04981 10.7341 10.7812 14.4156 9.2429 6.19114 7.73878 11.7756 8.59457 5.72966 12.6837 15.4635 15.5067 11.8361 4.70704 4.4005 10.8111 6.97552 14.842 16.5118 10.0123 14.6127 3.08638 14.092 9.36649 11.1537 3.96283 7.11748 14.8365 8.04292 11.6242 10.7962 13.1145 2.44087 13.6254 13.7501 4.57829 9.50943 11.3116 5.56635 1.49239 12.0449 8.5168 9.41897 4.88099 13.9933 7.21253 14.1219 6.59035 8.13132 10.3228 14.7964 18.1381 12.2668 3.82683 6.36019 8.64418 10.2021 10.9347 8.47796 8.30319 4.26223 16.1931 17.2571 7.17439 14.0598 14.4396 13.0686 4.98397 15.5438 7.25458 11.1505 10.1237 2.90424 8.22916 7.24309 2.30637 5.01168 5.91255 11.7001 0 6.43999 5.60395 12.7605 4.19631 8.67452 15.0971 1.55881 14.4108 6.43786 11.627 7.09741 3.45614 1.7199 4.6357 2.12713 
7.47923 6.69108 8.87391 11.2579 11.0451 8.1695 8.37673 4.35317 8.08092 12.5698 0.288106 1.5391 6.52824 10.5758 9.10154 6.5515 9.17652 9.43401 5.77948 10.555 9.34436 4.9886 0.791416 8.5163 12.6816 8.85174 12.4773 9.50874 9.5766 8.71242 5.82928 4.13691 0.831087 10.1606 3.07707 6.58963 13.4081 11.1796 8.01124 14.6991 15.3631 3.25994 8.49925 5.937 7.5123 4.95639 5.94169 4.74031 5.88466 8.20421 12.9485 8.63916 11.6797 0.368786 5.30461 12.5646 11.1722 12.5338 11.7254 8.41153 0.483601 7.74973 3.97406 13.7049 11.2145 6.91636 8.84857 11.9945 11.3448 6.40001 8.64064 9.95776 13.0364 1.54634 10.2499 9.10372 13.5641 6.61668 3.8351 3.55079 7.97107 8.28038 9.67669 8.8016 13.4038 6.43999 0 10.4463 7.47793 9.42415 3.98012 10.6704 7.06821 8.20228 11.9027 6.34028 6.68233 9.8813 7.33398 9.53303 8.53125 
17.7892 3.76408 16.6576 20.9056 20.9275 7.79331 16.2966 14.2913 17.3438 13.7739 10.1584 11.9713 16.6824 13.786 2.31162 16.9935 19.5274 17.8131 16.225 2.14422 8.76964 15.378 11.1825 18.8359 21.9536 15.6159 20.2148 5.252 19.3265 14.9622 16.009 6.38895 11.2661 20.0303 12.8965 16.6195 15.5502 18.7172 3.16583 18.8066 18.7423 9.80811 15.1128 13.2392 4.09948 6.37326 14.7175 9.92253 10.2783 2.6583 19.5637 12.6537 19.7111 10.7323 13.5495 15.2788 20.2575 22.9178 17.8125 2.05814 10.5899 14.2481 13.2899 15.5986 13.3974 13.8908 1.60207 21.5476 21.7893 12.7703 18.9198 19.6902 18.5277 9.41347 20.4874 12.5993 15.9686 15.5073 6.75995 13.1977 12.7875 6.51281 9.42364 2.93428 16.7668 5.60395 10.4463 0 17.6709 1.43391 13.6702 20.3743 4.09672 17.0481 1.77355 16.5119 12.7009 4.49292 6.73673 0.989093 5.34431 
0.681455 13.999 5.94328 4.21338 3.72455 13.0428 5.60292 5.9504 7.92508 14.352 7.75305 5.97591 0.99122 11.6698 16.5343 2.85084 4.72819 10.1073 2.70073 17.3855 13.67 2.66893 6.68753 4.63592 5.97053 7.35026 7.904 15.4428 2.63274 7.93756 1.66645 11.5676 6.66025 2.92169 4.78243 1.19404 14.187 7.34467 14.8802 13.3966 14.522 8.19246 7.44232 9.95574 14.9897 11.5059 8.16992 11.0956 12.0114 15.6138 9.61529 10.1791 6.96358 7.13302 5.35527 13.1915 5.01043 5.39108 9.46109 15.6128 7.20732 7.4303 7.23937 14.5776 12.8252 6.77748 16.0737 4.99654 4.82858 7.49771 1.31082 2.96829 10.9141 8.26425 2.81663 10.7864 14.0821 3.87201 10.9124 4.53602 9.2611 13.7797 13.6528 16.2641 13.1777 12.7605 7.47793 17.6709 0 16.495 4.08602 3.61653 13.871 8.76127 18.9536 1.15926 7.87882 16.0696 12.8615 16.7101 14.5038 
16.6462 2.9276 15.2696 19.6211 19.6751 6.38101 14.9171 13.4411 16.6663 12.4268 9.13878 10.9232 15.5041 12.3666 2.73692 15.9698 18.5791 17.295 15.177 1.52677 7.39939 14.2805 10.129 17.902 20.6255 14.2016 18.8078 3.97627 18.0631 13.5402 14.8415 5.51951 10.2269 18.7802 11.7126 15.4174 14.1813 17.3093 1.75668 17.3935 17.3503 8.51271 13.6978 12.758 4.03867 5.0696 14.0755 9.49022 9.99557 2.5535 18.1339 11.2199 18.3168 9.68577 12.2203 13.885 18.9213 21.7911 16.3802 1.18162 9.52172 12.8364 12.5278 14.2414 12.0028 12.497 0.996785 20.2493 20.7271 11.3704 17.7612 18.4225 17.0943 8.28064 19.3099 11.1686 14.5927 14.1924 5.63681 11.9876 11.3561 5.1109 8.05752 3.28033 15.3634 4.19631 9.42415 1.43391 16.495 0 12.4559 19.0994 2.72979 16.4403 2.48109 15.3387 11.2916 3.30567 5.3047 0.610041 3.95847 
4.35804 10.0669 5.28052 7.38368 7.28966 9.12065 4.77536 5.08234 8.58901 11.4874 4.20517 2.82874 3.10243 8.98927 12.6846 4.64613 7.5039 10.5342 3.79027 13.3086 9.88944 2.61125 3.24525 7.04911 8.72381 5.77914 8.68455 11.3898 5.7326 5.95776 2.50549 7.78054 3.30519 6.39141 0.903119 2.96531 11.7784 7.50466 10.8157 12.0847 12.9805 4.11015 5.58392 8.53708 11.2785 7.43376 7.5076 8.45296 9.54018 11.743 9.49382 7.18789 7.83571 3.61161 2.28674 10.8166 7.19301 9.46875 8.57983 11.6165 3.57969 5.10169 5.7874 12.1381 9.97046 4.22718 12.0829 8.09338 8.70399 4.38894 5.38712 6.10873 10.0123 4.3512 6.87864 7.77926 11.7985 2.75183 6.94263 0.475815 6.29872 9.76445 9.96621 12.4721 11.2457 8.67452 3.98012 13.6702 4.08602 12.4559 0 6.81455 9.80438 9.12189 14.9006 2.9592 4.78493 11.997 8.82939 12.6983 10.4408 
4.05873 16.8483 5.44382 0.603746 0.872334 14.7196 5.40232 9.56603 11.2207 14.4908 10.9245 9.26322 4.32658 11.8142 19.4907 6.29975 7.21767 13.3894 6.30038 19.8035 15.0478 6.21886 9.88766 7.43085 2.39111 7.16433 5.5032 17.4387 1.09409 7.9651 4.99034 14.5944 9.89699 0.787444 7.68098 4.13124 13.8573 5.61792 17.3988 12.1003 13.3501 10.5882 7.48181 13.5698 18.0881 14.03 11.7453 14.6237 15.5755 18.5451 7.70005 10.7983 4.6856 10.3067 7.00392 12.8987 2.04637 4.79204 8.2223 18.3366 10.3251 7.88072 10.8532 14.2541 13.0555 7.58321 18.8073 1.38394 5.54676 8.62732 3.25527 0.712768 9.49498 11.1627 2.61687 11.3576 13.6349 5.01306 13.7171 7.28795 9.96467 15.6727 14.8761 19.2862 12.4593 15.0971 10.6704 20.3743 3.61653 19.0994 6.81455 0 16.3903 12.1141 21.491 4.52092 8.92484 18.165 14.8383 19.3911 16.5699 
14.0574 2.09902 12.5609 16.9066 16.9798 4.34145 12.2005 11.2942 14.7616 10.5882 6.79395 8.49899 12.8802 10.1037 4.2094 13.5342 16.2342 15.6542 12.7131 3.53338 5.60588 11.7565 7.70868 15.5817 17.8964 11.5422 16.1278 3.20425 15.3617 10.9101 12.2312 3.70956 7.8274 16.0872 9.09709 12.7697 12.2105 14.6317 1.01238 15.143 15.2298 5.80287 11.0409 11.2729 4.29617 2.3733 12.2714 8.22797 8.99314 3.40679 15.5464 8.76468 15.6156 7.28452 9.49191 11.7844 16.1916 19.2082 13.8242 2.26805 7.08904 10.1705 10.5457 12.3269 9.92148 9.79571 2.70542 17.5283 18.2217 8.67917 15.1524 15.7181 14.6255 5.77038 16.6786 8.79124 12.5823 11.4671 3.24247 9.34212 8.80149 3.28991 6.25283 4.44292 13.191 1.55881 7.06821 4.09672 13.871 2.72979 9.80438 16.3903 0 14.6567 5.10716 12.7207 8.62071 3.15737 3.05594 3.11463 2.51579 
8.16253 13.5152 13.9327 12.6508 11.8698 16.3715 13.4686 4.15577 0.953498 20.3142 8.38974 7.46424 8.56836 17.9822 15.0477 5.91047 5.57197 1.41985 6.24108 17.8295 17.5357 7.0477 7.97323 5.01794 14.4959 14.8057 16.5809 17.4907 11.3032 15.0645 8.26678 11.0177 7.79427 11.332 8.77351 9.02214 20.8164 15.8115 15.4419 21.1517 22.0889 11.2976 14.6667 4.00523 13.1253 12.9277 2.38552 7.24363 7.31039 14.4155 18.0325 16.0941 15.6392 8.19758 11.406 19.8768 13.7553 10.5536 17.4658 15.276 8.46974 14.2234 4.2409 21.1611 18.8489 13.3485 15.6095 13.3935 8.69446 13.3912 8.86347 11.5827 18.9351 9.7464 9.99547 16.6484 20.8703 11.306 11.5441 9.11827 15.2619 16.4245 17.841 14.5207 20.3664 14.4108 8.20228 17.0481 8.76127 16.4403 9.12189 12.1141 14.6567 0 18.7556 8.44035 13.7688 17.7283 15.4958 16.3329 16.5378 
19.1155 5.32336 17.4736 22.0024 22.0863 8.04707 17.147 15.8804 19.0249 13.635 11.6169 13.404 17.9623 13.9941 4.06461 18.45 21.0496 19.5482 17.658 1.85282 8.79795 16.7592 12.6099 20.3691 22.949 16.3035 20.9309 5.16596 20.4666 15.5973 17.3042 7.95113 12.7071 21.1941 14.1721 17.8651 15.4753 19.4322 4.09543 18.9336 18.7482 10.9074 15.7985 14.98 5.87247 7.4792 16.4107 11.6697 12.0471 4.4183 20.0959 13.0763 20.4917 12.1663 14.5594 15.3157 21.2342 24.2628 18.3063 3.53876 12.0028 14.9585 14.9281 15.4783 13.4557 14.6933 3.15867 22.6141 23.2078 13.5511 20.2254 20.8217 18.8978 10.7574 21.7662 12.9407 15.9184 16.5461 8.11702 14.4351 13.3288 6.75273 9.4206 4.68575 16.8439 6.43786 11.9027 1.77355 18.9536 2.48109 14.9006 21.491 5.10716 18.7556 0 17.7991 13.4341 4.29758 7.20703 2.43534 5.57355 
1.42115 12.8404 5.68734 5.1246 4.759 12.0028 5.27931 5.2085 7.67474 13.6498 6.61265 4.85377 0.195375 11.0014 15.3809 2.69518 5.15149 9.83112 2.19931 16.2389 12.6826 1.72242 5.54897 4.89771 6.78321 6.90375 8.15044 14.3433 3.456 7.39933 0.511714 10.4163 5.52861 3.90453 3.62702 0.581945 13.6156 7.38989 13.729 13.1299 14.2 7.06908 6.92184 9.19834 13.8484 10.3583 7.55679 10.1034 11.0575 14.4585 9.63493 9.40946 7.2111 5.99141 4.45534 12.6224 5.60914 6.5115 9.26112 14.4538 6.05854 6.78629 6.41682 13.9999 12.1166 6.05669 14.9146 5.90049 5.80089 6.65754 2.43437 3.82604 10.7336 7.10503 3.97549 10.0184 13.5457 3.28532 9.7532 3.39789 8.48829 12.7003 12.6972 15.1155 12.7338 11.627 6.34028 16.5119 1.15926 15.3387 2.9592 4.52092 12.7207 8.44035 17.7991 0 7.04978 14.9559 11.7731 15.5517 13.3974 
8.40506 9.84897 4.07816 9.30639 9.70331 5.90617 3.81909 9.62925 13.3078 6.7105 6.71391 6.55383 7.10069 4.22156 12.5398 9.32157 12.1009 15.1597 8.50268 11.6163 6.12402 7.33774 6.38287 11.7217 9.83147 2.92497 7.51652 8.80116 8.11448 2.37219 6.7823 8.55175 6.54658 8.91317 4.9962 6.71928 7.04762 6.01772 9.53794 8.02608 8.68792 3.90816 2.42782 12.4726 11.7558 6.59077 11.9155 11.3085 12.4604 11.6039 7.04717 2.40986 7.05881 6.43705 2.62353 6.11383 8.10904 12.9681 5.46571 10.8522 6.21191 1.55066 10.0079 7.39412 5.18799 1.3623 11.3087 9.75595 12.6971 0.400069 9.10911 8.38748 6.58135 5.76897 10.2101 3.01014 7.11223 4.13362 7.1223 4.68371 1.51402 7.00034 5.96316 12.5616 6.76537 7.09741 6.68233 12.7009 7.87882 11.2916 4.78493 8.92484 8.62071 13.7688 13.4341 7.04978 0 9.60689 6.30094 11.7287 8.04341 
16.3503 4.97046 13.6847 18.6286 18.8424 3.86537 13.4136 14.2066 17.785 9.37361 9.62623 11.1949 15.0951 9.71988 5.97629 16.1249 18.9157 18.764 15.2721 2.51683 4.50262 14.2275 10.4308 18.2971 19.3746 12.3644 16.9781 0.879234 17.2061 11.608 14.4972 6.86029 10.5714 17.9742 11.4223 14.9088 11.1962 15.4905 2.70879 14.6377 14.4558 7.89035 11.8643 14.4202 6.86839 4.92557 15.3472 11.3827 12.1249 5.55275 15.9718 8.92261 16.6202 10.042 11.1632 11.0188 17.6465 21.4602 14.1625 3.98657 9.81451 11.0683 13.5623 11.2132 9.15818 10.9354 4.12191 19.1732 20.6493 9.78924 17.3774 17.537 14.6734 8.43957 18.8175 8.73281 11.6338 13.1521 6.19416 11.5689 9.27559 2.62669 5.12303 6.45512 12.5464 3.45614 9.8813 4.49292 16.0696 3.30567 11.997 18.165 3.15737 17.7283 4.29758 14.9559 9.60689 0 3.33912 3.91237 1.59513 
13.184 5.02554 10.3766 15.2961 15.5267 1.33051 10.0912 11.668 15.4134 7.55404 7.12209 8.4377 11.9017 7.10171 7.25046 13.1601 16.006 16.6638 12.2913 5.36283 2.68414 11.1928 7.73449 15.428 16.0375 9.1193 13.7474 2.60578 13.8909 8.3965 11.3339 5.55307 7.89644 14.6646 8.33993 11.685 9.15505 12.2514 3.66979 12.1433 12.1882 4.78999 8.61528 12.6407 7.25715 2.79032 13.1702 10.0226 10.9793 6.46268 12.8988 5.92332 13.3465 7.40881 7.84348 8.7356 14.3096 18.2479 11.1208 5.22931 7.15174 7.79335 11.2555 9.27544 6.86811 7.61353 5.61416 15.8355 17.5298 6.46526 14.1723 14.2171 11.7932 5.79492 15.5716 5.86493 9.52649 9.82563 4.29266 8.42636 6.12355 0.964041 3.2918 7.49885 10.16 1.7199 7.33398 6.73673 12.8615 5.3047 8.82939 14.8383 3.05594 15.4958 7.20703 11.7731 6.30094 3.33912 0 5.83747 1.75109 
16.8384 2.89473 15.6748 19.9209 19.9485 6.9466 15.3116 13.454 16.5926 13.0222 9.2457 11.0499 15.7207 12.9203 2.19152 16.0844 18.65 17.1468 15.3063 1.95412 7.98936 14.4412 10.2584 17.9643 20.9648 14.6468 19.2399 4.58582 18.3452 14.0009 15.0502 5.52754 10.3473 19.0517 11.932 15.6514 14.769 17.743 2.20941 17.9531 17.9261 8.82088 14.1444 12.5888 3.66065 5.38461 13.9824 9.29351 9.73712 2.15737 18.6149 11.7362 18.7302 9.81033 12.5605 14.4606 19.2684 21.9733 16.8721 1.12242 9.66007 13.2772 12.4931 14.8333 12.5785 12.9103 0.72434 20.5612 20.8672 11.7927 17.9644 18.7082 17.612 8.46126 19.5268 11.7014 15.1775 14.519 5.80663 12.2267 11.845 5.68695 8.64859 2.76519 15.9321 4.6357 9.53303 0.989093 16.7101 0.610041 12.6983 19.3911 3.11463 16.3329 2.43534 15.5517 11.7287 3.91237 5.83747 0 4.54621 
14.798 4.60143 12.121 17.0336 17.2486 2.48524 11.8402 12.8817 16.5373 8.48114 8.29004 9.776 13.5334 8.47526 6.3001 14.6426 17.4571 17.6316 13.7829 3.72111 3.44331 12.7178 9.03006 16.8532 17.7882 10.8364 15.4602 0.981949 15.6123 10.0968 12.9446 5.94669 9.1792 16.3814 9.89208 13.3377 10.2233 13.9674 2.63118 13.4751 13.3984 6.34485 10.3338 13.4071 6.74826 3.61354 14.1719 10.5271 11.3707 5.66266 14.535 7.50426 15.078 8.66173 9.56856 9.93452 16.0603 19.8948 12.7389 4.2088 8.42209 9.52324 12.3267 10.2877 8.0531 9.3621 4.50051 17.5795 19.115 8.21426 15.8131 15.9425 13.3287 7.04244 17.2411 7.37103 10.6343 11.557 5.02048 10.0199 7.78933 1.18714 4.10302 6.66631 11.4248 2.12713 8.53125 5.34431 14.5038 3.95847 10.4408 16.5699 2.51579 16.5378 5.57355 13.3974 8.04341 1.59513 1.75109 4.54621 0 
