100
10.6675 11.543 0.541242 0
4.08578 16.3892 0.576667 1
5.48886 22.824 1.90768 0
12.784 15.055 21.7085 1
18.2751 19.3862 1.09276 0
17.6422 23.5889 1.08009 0
15.6651 23.7315 0.432525 0
5.24612 20.2294 15.8946 1
0.753934 10.2975 0.915528 0
14.8526 18.1308 2.2666 0
7.33687 18.1802 5.77508 0
13.1523 21.8057 1.29489 0
0.618254 23.0546 1.20575 0
7.76788 16.3087 0.67218 0
9.52331 9.61055 2.14763 0
17.7499 19.9808 1.93381 0
5.32291 22.8875 2.03378 0
1.61486 3.40259 0.730714 0
14.1116 22.7487 0.930924 1
9.67475 21.245 0.884494 1
7.13476 7.4661 1.72477 0
2.45968 15.5674 1.02662 0
12.845 14.4345 1.10919 0
14.1799 23.7774 1.46866 0
9.81492 15.6806 1.7201 0
11.7702 21.0354 5.43789 0
13.8173 17.2114 0.933008 0
9.4107 16.1683 0.78002 0
2.3091 8.9715 0.344405 0
14.2583 21.1205 2.26232 0
16.7652 18.6845 1.93223 0
9.07711 13.3443 1.56121 1
15.989 21.7074 10.8294 0
18.4769 19.9324 3.63298 0
10.6304 15.1442 0.681917 0
18.7329 22.7278 1.03393 0
7.45952 21.5778 1.27503 0
5.55969 15.5307 1.56925 0
12.3465 17.4282 1.40165 0
3.6955 12.8488 1.40584 0
3.84147 19.1377 1.09105 0
17.4492 23.311 2.03551 0
15.4334 19.6018 1.67897 0
1.89358 5.61963 1.48676 1
6.77621 17.9713 0.84782 0
2.86813 16.5004 0.953233 0
17.0129 17.8786 23.1578 0
8.50199 14.8876 1.39189 0
7.6813 9.51808 0.242398 0
17.9938 23.2366 1.30228 0
3.00212 12.5941 1.19281 0
0.982012 6.878 1.96828 0
14.0517 18.9883 1.00685 0
0.933827 10.2952 1.44209 0
10.4426 14.5653 1.16372 0
16.1402 17.3196 1.43705 0
5.59438 8.47721 1.14869 1
6.21131 11.8426 26.3839 0
4.61339 13.451 1.09398 0
11.9435 12.4423 0.705184 1
12.9974 18.9053 1.45124 0
16.9976 21.1394 1.27414 0
9.19424 12.5496 1.68898 0
8.91234 17.1893 1.20307 1
13.4239 21.1221 0.912123 0
10.563 22.014 1.70647 0
0.229864 7.89405 1.94791 0
8.58162 23.9381 0.294209 0
7.41402 15.3019 0.962181 1
9.89794 10.3884 1.80938 0
16.4831 17.5236 1.07888 0
7.42018 21.1364 1.48935 0
9.54498 10.5696 1.69587 1
4.49557 17.0518 9.28184 1
2.39966 19.5135 1.92336 0
3.66778 7.7905 1.84208 0
12.4295 14.1772 1.56445 1
3.81016 9.56509 22.4894 0
11.3627 15.3781 1.99519 0
0.477286 4.84688 1.58588 0
2.61524 5.55008 17.2588 0
17.2567 19.503 22.4962 1
6.90903 17.8811 18.338 0
13.0942 14.8084 0.76623 0
10.047 22.6666 0.28592 0
12.3956 12.8834 1.70732 0
8.12469 13.9166 1.6798 1
14.3708 15.249 2.027 0
18.3951 23.4113 1.11644 0
8.10005 15.9348 1.67242 0
17.351 22.3089 0.72571 0
16.8444 20.1777 0.55939 0
11.5096 22.1659 0.241661 1
16.2998 23.0294 2.16177 0
1.98134 14.7162 2.09534 0
8.49135 22.7562 0.223925 0
8.39612 19.8385 0.618803 0
0.734664 15.392 0.855909 0
17.948 21.7449 0.423588 0
13.5153 15.2598 1.03488 0
400 50 500
0.025 0.0125 10000 3000 15 1e+06 300000 2 2
0 9.33521 25.2002 8.54321 12.2489 29.3863 3.62151 18.6122 29.2099 3.84285 12.0518 29.8721 18.8176 19.6853 29.1057 10.7744 18.4502 15.9291 14.1535 17.9106 32.1999 19.6688 22.428 29.4895 20.2962 29.6401 5.85136 27.3485 6.33487 23.0762 15.2239 9.45093 19.0227 27.8559 19.7768 30.2487 18.8623 3.55875 24.2776 10.6908 30.5723 16.3052 28.6679 32.7373 11.448 18.9715 29.6217 17.0834 19.7691 32.5653 4.31925 9.13484 12.1355 22.4083 15.7872 10.4399 13.9158 18.0541 22.8888 14.5598 15.9413 18.4495 17.0361 20.7016 13.4712 11.2139 27.0113 24.4937 11.8276 25.9135 32.4526 19.9152 22.3322 3.56566 21.7371 21.8315 11.4156 18.0111 17.1633 10.0802 12.4744 25.0078 18.9873 24.7075 17.8237 10.1058 17.4316 13.1167 18.9708 28.184 18.4375 6.77519 29.7997 25.0484 20.9131 27.8464 17.7783 24.6598 22.5842 20.3791 25.1351 
9.33521 0 24.7282 12.6823 20.4888 31.8177 12.7345 16.245 36.8867 13.1551 3.81785 30.4364 10.4998 26.9876 28.8223 18.0563 10.2896 11.319 20.7314 13.3308 32.1159 22.7741 29.2958 35.0634 17.8759 33.7257 15.1414 34.9366 15.1953 28.7594 19.1389 3.32002 17.0691 35.1176 23.6899 31.4488 24.5908 12.8935 29.4549 15.9883 31.6703 21.7174 36.7075 40.1211 14.714 15.597 36.8145 25.1651 28.2774 40.2004 13.5719 18.462 12.0106 28.6363 15.7924 5.18984 23.0925 22.2451 30.569 8.29315 24.8716 14.5299 25.9536 18.0935 22.8064 8.59727 25.1958 28.7483 20.8634 28.5658 32.9451 18.3614 29.4201 5.89507 27.9097 24.8177 15.9589 13.1186 10.6984 10.0069 20.4147 29.9722 19.3995 26.296 9.82285 18.7211 23.7302 18.8021 26.2671 34.7359 25.5212 2.96851 33.0053 22.9401 21.8209 32.8652 24.2355 31.1205 29.4705 27.1611 28.7009 
25.2002 24.7282 0 17.0294 23.2353 10.3636 24.8224 8.83298 29.0408 26.8221 22.2222 6.08408 21.6769 22.0442 4.0976 20.2755 21.1618 14.4372 18.483 13.1637 7.38782 9.69286 21.5496 20.5651 7.57594 15.5709 26.3171 27.3739 29.8433 17.5672 12.7125 21.4082 7.85974 26.2219 11.6125 7.76998 16.5194 26.2045 16.3512 16.7254 7.80998 15.5151 30.4947 30.171 14.292 10.2675 27.0879 24.1515 27.4813 31.243 25.5713 28.2873 13.4046 19.1874 9.49396 19.5623 33.9119 12.4479 25.1302 17.9452 27.9614 11.6123 28.4504 7.64381 31.2494 16.1769 3.87781 13.4456 26.7293 9.08642 8.37721 6.48284 22.3622 23.8742 18.7329 9.1745 15.4408 13.7069 17.2054 15.6447 36.1576 15.9571 6.25983 5.60588 20.6998 33.1182 17.987 16.555 21.7478 23.4589 20.7895 25.7773 12.9203 4.44116 5.01495 17.6006 18.5346 21.0825 21.6933 20.378 11.5443 
8.54321 12.6823 17.0294 0 9.81272 20.9134 7.80807 11.9397 24.6259 9.79699 12.9405 21.3884 17.9067 14.6998 20.7932 6.53905 17.3762 11.7225 8.30498 13.1439 23.8029 11.2292 16.7491 22.4449 13.4259 21.6655 9.53994 22.6479 12.8407 16.096 6.93411 10.336 12.01 22.6515 11.5973 21.7101 11.9099 9.17887 16.8951 3.35465 22.0374 9.0442 24.7406 27.6618 2.9074 12.985 24.3032 13.6969 17.2286 27.8721 8.60336 12.104 5.51324 15.9629 8.05247 9.7011 17.9373 9.96685 18.4376 12.4026 15.0698 13 15.9991 13.9077 15.9223 7.48356 19.3103 16.546 12.033 17.4534 23.9618 12.5495 16.9579 8.55905 15.2344 13.3954 3.33159 13.5013 14.3828 4.7971 19.2242 17.482 10.7706 16.1664 16.6547 16.2537 11.107 6.15042 14 22.0759 13.153 11.8815 21.4993 17.5904 12.4885 20.3812 11.6437 18.4623 16.9277 14.618 16.9033 
12.2489 20.4888 23.2353 9.81272 0 22.7673 8.76422 20.8485 16.9823 9.88011 21.8839 25.6804 27.5302 7.85444 26.1593 3.40742 27.0211 21.5068 5.03701 22.8137 28.5416 14.2195 10.8668 18.8723 22.0562 20.8108 7.59144 15.1526 11.2538 12.92 10.5254 19.0849 20.6323 15.7985 13.0403 25.155 9.44661 9.59806 14.649 7.47087 25.5691 8.375 16.4322 20.577 10.6794 22.2406 17.5768 4.8346 7.80089 20.3365 8.46282 6.86532 15.0857 11.6079 16.369 18.9703 11.2969 11.4904 10.6978 22.1216 5.3152 22.4828 6.19567 22.5677 8.25002 17.2545 26.4334 16.1218 3.70253 19.5446 28.0024 20.7451 10.5582 14.8323 11.0918 15.8961 8.69381 23.2122 24.1867 14.6063 15.6725 15.5695 17.6348 20.0642 26.3042 12.677 7.44195 6.68879 7.19777 16.641 6.98064 18.5715 22.0977 25.2315 18.2209 18.0148 7.41811 13.3851 10.9937 9.09092 17.6258 
29.3863 31.8177 10.3636 20.9134 22.7673 0 27.7437 17.9275 21.9307 29.7029 30.1544 6.17081 31.0865 18.1506 8.8719 20.9237 30.5342 23.2932 17.8069 22.5207 8.66402 9.72012 16.2952 11.8551 17.1807 5.98428 28.3849 20.6815 32.3327 11.8962 14.2098 28.627 16.9032 19.1252 9.99395 4.1376 13.5518 29.1351 9.98182 18.915 4.51803 14.5088 23.8744 22.0179 18.074 19.7331 19.4537 21.5223 23.9649 23.3639 28.2015 29.2438 19.8125 13.8728 16.2063 27.0137 34.0552 11.7344 19.9826 26.5628 26.107 21.0296 26.2018 17.4065 30.9245 23.4242 13.6485 7.19737 26.4566 3.47701 6.98053 15.5958 17.2054 29.2553 13.7957 7.56525 18.0077 23.1114 26.4521 21.8444 37.9718 9.13053 12.7717 5.77812 29.9804 34.8615 15.573 17.1847 18.1997 15.7682 17.5276 32.06 2.81313 14.7855 10.2999 9.2194 15.8318 14.6927 16.3706 16.1333 5.23769 
3.62151 12.7345 24.8224 7.80807 8.76422 27.7437 0 19.2997 25.7456 2.01642 15.0639 28.9432 21.5966 16.4022 28.5274 7.79297 21.1792 17.6068 11.3203 19.4381 31.4666 18.09 19.2543 26.6698 20.8987 27.3601 2.51934 23.9144 5.03376 20.3232 13.5768 12.3137 19.5275 24.5071 17.8506 29.0632 16.2061 1.41125 21.6918 8.84263 29.4186 13.8959 25.1265 29.3313 10.5561 20.0056 26.2815 13.5868 16.1691 29.0992 0.988186 5.87492 12.6483 19.4638 15.7894 12.927 11.2544 16.0939 19.4567 16.8643 12.324 19.7119 13.4184 21.352 10.26 12.7985 27.0917 22.2621 8.22063 24.2756 31.4906 20.2113 19.0857 6.84022 18.8267 20.2024 9.87257 19.6399 19.3661 10.968 11.4488 22.4874 18.5685 23.5328 20.5132 8.56039 14.5859 10.7889 15.7007 25.0485 15.2532 10.3372 27.8501 25.3109 20.1791 25.2506 14.8557 21.5954 19.402 17.2687 23.158 
18.6122 16.245 8.83298 11.9397 20.8485 17.9275 19.2997 0 31.6859 21.1335 13.4689 14.8673 13.1674 22.7622 12.8273 17.4583 12.6209 5.61009 17.259 4.59405 16.1113 11.9383 23.4665 25.4793 1.7142 21.8354 21.3464 29.782 24.2206 20.5869 11.6902 12.959 1.0285 29.1031 13.8644 16.3169 17.7593 20.5329 20.1637 13.3863 16.4358 15.4904 32.571 33.7468 10.1943 1.96738 30.3833 23.4691 27.1172 34.4738 20.2108 24.0423 6.65148 21.586 4.57768 11.0604 29.8757 13.5257 26.4407 9.11227 26.1244 3.13688 26.8955 2.08952 27.8006 8.0264 8.97344 18.005 23.6892 15.4225 17.2102 2.40006 24.0686 16.48 20.9337 13.0541 12.1581 5.18744 8.55707 8.53639 30.6721 20.183 5.76997 12.179 12.0901 27.8579 18.363 14.7325 22.2322 27.1528 21.218 17.6858 19.9528 6.759 7.90883 22.6274 19.0057 23.994 23.6421 21.6897 16.8615 
29.2099 36.8867 29.0408 24.6259 16.9823 21.9307 25.7456 31.6859 0 26.7395 37.5648 27.6864 42.0787 9.93577 29.7712 18.8543 41.5159 34.7218 16.3209 35.2919 30.4744 20.1385 8.26823 10.5621 32.1343 16.3891 24.3506 1.9835 27.5175 11.512 20.2946 34.916 30.9937 2.8486 18.0792 25.9603 13.9696 26.5186 12.7395 21.3021 26.3747 16.5514 2.37987 3.85549 23.7103 33.5687 2.83256 12.1644 10.3657 3.35541 25.3995 22.4947 28.3442 10.1506 27.397 34.3111 23.6731 18.1646 6.34525 36.5082 14.9388 34.3663 14.0758 32.6012 20.6978 31.6521 32.9178 15.7658 18.5596 20.6997 28.9069 30.3644 7.80504 31.5474 10.7685 19.9487 21.8013 35.8354 37.9438 28.9384 29.9662 13.2829 26.3299 23.6361 40.8021 27.6069 13.8295 18.6321 10.6469 6.20939 11.4733 35.3008 19.4956 32.8803 25.1902 12.7457 13.2122 7.97121 8.08762 10.2437 17.8912 
3.84285 13.1551 26.8221 9.79699 9.88011 29.7029 2.01642 21.1335 26.7395 0 15.8725 30.9585 22.5891 17.6899 30.5395 9.44677 22.2049 19.1426 12.9955 21.0351 33.4827 20.0714 20.6285 28.2603 22.7552 29.1768 2.42756 24.9648 3.09176 21.9719 15.5614 13.2247 21.4003 25.6737 19.7799 31.0684 17.9226 0.618324 23.4123 10.8259 31.4256 15.7216 25.9624 30.4059 12.567 21.7564 27.4523 14.5977 16.8511 30.0792 1.56039 5.40914 14.4892 21.0082 17.7353 14.0708 10.104 18.0225 20.5321 18.1242 12.7069 21.3961 13.794 23.1995 9.67341 14.339 29.0473 24.1055 8.578 26.2396 33.5049 22.124 20.3925 7.40259 20.3957 22.1738 11.8782 21.2016 20.6852 12.7048 9.54413 24.2319 20.5654 25.5413 21.5636 6.772 16.221 12.6641 17.0079 26.4291 16.647 10.4934 29.7533 27.238 22.1933 26.9555 16.4443 23.0463 20.7678 18.7085 25.0635 
12.0518 3.81785 22.2222 12.9405 21.8839 30.1544 15.0639 13.4689 37.5648 15.8725 0 28.1318 6.89505 27.6342 26.2714 19.0575 6.6134 8.11096 21.2443 9.9885 29.5639 21.6762 29.6497 34.6513 14.9911 32.6807 17.5704 35.5877 18.2577 28.543 18.5865 2.8174 14.3878 35.5732 22.8799 29.3426 24.5335 15.5091 28.9875 16.28 29.5236 21.6465 37.6244 40.5796 14.3162 12.5158 37.2049 26.3159 29.6548 40.8118 15.9921 20.933 10.6074 28.6833 13.9487 3.38258 25.9669 21.6205 31.3505 4.7546 26.6637 11.3305 27.7151 15.137 25.3194 6.82585 22.2521 27.8981 22.8383 27.0709 30.5668 15.7467 29.8885 8.49095 27.9503 23.5821 15.941 9.69198 6.96825 9.07378 23.8423 29.3956 17.4402 24.4675 6.08706 21.9224 23.9737 19.0257 26.9302 34.8118 26.0929 6.60264 31.6165 19.9669 19.9171 32.2431 24.5357 31.2217 29.8299 27.5269 27.5656 
29.8721 30.4364 6.08408 21.3884 25.6804 6.17081 28.9432 14.8673 27.6864 30.9585 28.1318 0 27.7564 22.5834 2.94228 23.2013 27.2436 20.4772 20.6593 19.2466 2.96421 11.4777 21.2693 17.928 13.6591 12.1441 30.0756 26.2893 33.8482 16.8886 15.6784 27.126 13.871 24.8461 12.7522 2.20135 17.3494 30.3532 15.1862 20.2784 2.01197 17.3585 29.4934 28.049 18.4948 16.3504 25.3387 25.4636 28.364 29.3405 29.5745 31.552 18.7086 18.7924 14.7641 25.3287 36.8554 14.1963 25.0005 23.9663 29.7789 17.6954 30.0621 13.7247 33.9226 21.8394 8.26128 12.139 29.3539 7.14478 2.58441 12.4835 22.1635 28.9997 18.5449 9.85636 19.1187 19.791 23.2883 20.9302 39.9264 14.4881 11.1799 5.62532 26.7838 36.8226 19.2037 19.3194 22.4762 21.6274 21.6489 31.244 8.97855 9.93969 8.98787 15.1633 19.6172 20.0825 21.3755 20.6598 9.9485 
18.8176 10.4998 21.6769 17.9067 27.5302 31.0865 21.5966 13.1674 42.0787 22.5891 6.89505 27.7564 0 32.3059 25.3789 24.4075 0.578445 7.95988 25.9666 8.58972 28.5267 24.0721 33.895 37.6609 14.1274 34.689 24.1157 40.0981 25.091 32.0221 22.0562 9.36839 14.1952 39.8264 25.6829 29.3714 28.3856 22.1833 32.0713 21.0117 29.4543 25.6093 42.4401 44.7562 18.3712 11.4551 41.3411 31.6035 35.1205 45.1916 22.5579 27.4602 13.7727 32.537 15.7432 8.73901 32.6906 24.7857 36.1035 5.57528 32.5866 10.1194 33.5943 14.033 31.8323 10.4927 20.503 30.4043 28.9799 28.4587 29.9199 15.5362 34.2782 15.29 31.8174 25.6244 20.33 8.01357 4.65219 13.2372 30.7373 32.294 18.5612 25.3227 1.27674 28.786 28.2521 23.5069 31.641 38.552 30.7153 13.4217 33.0305 18.2927 20.9243 34.9802 28.8665 35.0815 34.078 31.8459 29.5947 
19.6853 26.9876 22.0442 14.6998 7.85444 18.1506 16.4022 22.7622 9.93577 17.6899 27.6342 22.5834 32.3059 0 23.904 9.04146 31.7505 25.1761 6.39911 25.9484 25.547 12.3773 3.08304 11.4204 23.4852 14.607 15.4412 7.96599 19.0746 6.47316 11.0758 24.9803 22.2087 8.20108 10.4353 21.449 5.52536 17.3667 8.46462 11.3934 21.8873 7.27362 10.1375 13.1646 13.9612 24.5357 9.95155 3.93246 5.82586 13.22 16.2238 14.4139 18.6771 4.61364 18.2651 24.3951 17.5299 9.77222 3.80345 26.7309 8.55113 25.1786 8.35462 23.9824 14.2495 21.8316 25.7723 10.9545 10.5923 15.5729 24.4932 21.8206 2.70496 21.7669 4.44493 13.091 11.9762 26.4603 28.3079 19.0987 22.9367 9.42731 17.9437 17.4089 31.0321 20.1149 4.40304 8.79905 0.723878 8.79303 1.597 25.5058 16.6872 25.2159 17.4367 11.215 3.76409 5.7006 3.18682 2.02756 12.9903 
29.1057 28.8223 4.0976 20.7932 26.1593 8.8719 28.5274 12.8273 29.7712 30.5395 26.2714 2.94228 25.3789 23.904 0 23.4203 24.885 18.3967 21.2266 16.9951 3.29703 12.0381 22.9105 20.3663 11.4462 14.7511 29.8784 28.2713 33.5169 18.6322 15.7884 25.5025 11.885 26.9226 13.649 5.12421 18.4834 29.9249 17.0874 20.1408 4.95415 18.0393 31.462 30.3893 17.9727 14.1162 27.5455 26.4728 29.5804 31.6163 29.2318 31.6364 17.4537 20.4516 13.5173 23.6523 37.1289 14.8585 26.6134 21.9203 30.5831 15.4499 30.9632 11.4343 34.3268 20.2745 5.38883 14.0289 29.7639 9.07487 4.56305 10.5264 23.781 27.9046 20.119 10.8377 18.9015 17.5104 21.0196 19.6958 39.7489 16.4894 10.1216 6.49525 24.4648 36.6761 20.1952 19.5837 23.7158 23.8379 22.8243 29.8673 11.6776 7.24334 8.36064 17.5095 20.6731 21.9865 23.0325 22.0685 11.8808 
10.7744 18.0563 20.2755 6.53905 3.40742 20.9237 7.79297 17.4583 18.8543 9.44677 19.0575 23.2013 24.4075 9.04146 23.4203 0 23.8847 18.159 3.54876 19.4258 25.9822 11.7586 11.6687 18.8769 18.6932 19.8165 7.65266 16.9212 11.634 12.5394 7.63294 16.3059 17.265 17.2414 10.9473 22.8943 8.48111 8.99007 13.9685 4.07237 23.2909 6.48557 18.6649 22.201 7.2768 18.8346 18.9851 7.26402 10.7141 22.1857 7.88833 8.38812 11.6984 11.6881 13.0054 15.9946 13.7093 9.2461 12.5208 18.932 8.72058 19.0774 9.57569 19.2033 10.9747 14.0218 23.3212 14.8209 6.48821 17.5502 25.6189 17.4247 11.6219 12.7271 11.0408 13.6525 5.32224 19.8327 20.9129 11.3291 17.0481 14.7981 14.4707 17.5837 23.1643 13.9382 6.79485 3.88243 8.31801 17.4103 7.69918 16.4704 20.6364 22.0192 15.2743 17.5087 7.06767 13.8897 11.8283 9.60584 15.9949 
18.4502 10.2896 21.1618 17.3762 27.0211 30.5342 21.1792 12.6209 41.5159 22.2049 6.6134 27.2436 0.578445 31.7505 24.885 23.8847 0 7.38608 25.4165 8.0515 28.044 23.4945 33.3284 37.0825 13.6038 34.1174 23.6973 39.5357 24.7407 31.4455 21.4823 9.00038 13.6491 39.2584 25.1045 28.8451 27.814 21.7901 31.493 20.4669 28.9316 25.0406 41.8857 44.186 17.8106 10.9259 40.7707 31.0719 34.5961 44.6252 22.1446 27.036 13.203 31.9642 15.1659 8.28882 32.3015 24.2083 35.549 5.02029 32.0933 9.58698 33.0971 13.5188 31.403 9.94712 20.0427 29.8272 28.5079 27.8948 29.4208 14.9948 33.7145 14.9379 31.2449 25.0497 19.7753 7.48029 4.08938 12.6917 30.4404 31.7156 17.9941 24.768 0.721944 28.4496 27.6884 22.9514 31.0871 37.9768 30.1592 13.1848 32.4683 17.822 20.3619 34.4023 28.3037 34.5082 33.5113 31.2815 29.0215 
15.9291 11.319 14.4372 11.7225 21.5068 23.2932 17.6068 5.61009 34.7218 19.1426 8.11096 20.4772 7.95988 25.1761 18.3967 18.159 7.38608 0 19.0352 2.08186 21.665 16.141 26.4666 29.7646 6.97466 26.7341 19.9777 32.7569 22.0985 24.2748 14.4638 8.24317 6.61123 32.3411 17.8081 21.8991 20.8339 18.6017 24.2132 14.3225 22.029 18.1705 35.2812 37.1983 11.3089 4.413 33.7856 25.029 28.6594 37.7347 18.5887 23.0863 6.56656 24.9295 7.81167 6.38849 28.7873 17.0174 28.9724 3.52772 26.7874 3.2297 27.702 7.07014 27.2459 4.81043 14.1592 22.4617 23.6693 20.5545 22.8129 7.99884 26.9287 13.0543 24.2242 17.6649 13.3899 2.08357 3.35905 7.01543 28.3959 24.3975 10.6384 17.5151 6.76748 25.8755 20.9374 16.4766 24.5529 30.8483 23.5802 13.2797 25.1381 11.8703 13.0434 27.0509 21.5716 27.4512 26.6487 24.4893 21.6355 
14.1535 20.7314 18.483 8.30498 5.03701 17.8069 11.3203 17.259 16.3209 12.9955 21.2443 20.6593 25.9666 6.39911 21.2266 3.54876 25.4165 19.0352 0 19.9823 23.535 9.2243 8.57324 15.3709 18.2363 16.3275 11.1556 14.3433 15.1224 9.00299 5.94808 18.6109 16.8633 14.3982 8.00505 20.1185 4.94011 12.5365 10.4225 4.9962 20.5322 3.34084 16.4913 19.4081 7.72892 18.8832 16.0842 6.21027 9.86016 19.5741 11.437 11.4826 12.4772 8.25939 12.6814 17.9964 16.3147 6.4632 10.1634 20.397 9.48446 19.3671 10.0321 18.7482 13.2863 15.477 21.8549 11.4042 8.73533 14.5364 22.968 16.738 8.69644 15.7628 7.58365 10.8597 5.67065 20.4606 22.0752 12.7358 20.2882 11.2605 13.247 15.0516 24.6962 17.2063 3.28305 2.57707 5.70683 14.164 4.84868 19.4441 17.3059 20.849 13.4985 13.96 3.63769 10.5796 8.74585 6.4435 12.7343 
17.9106 13.3308 13.1637 13.1439 22.8137 22.5207 19.4381 4.59405 35.2919 21.0351 9.9885 19.2466 8.58972 25.9484 16.9951 19.4258 8.0515 2.08186 19.9823 0 20.2188 16.107 27.0241 29.749 5.58778 26.347 21.7609 33.3463 24.0238 24.533 15.0055 10.3055 5.6176 32.8222 17.911 20.8043 21.3305 20.4813 24.3018 15.4706 20.8994 18.795 35.9803 37.5992 12.3365 2.89626 34.2007 26.0888 29.7417 38.2186 20.4127 24.8008 7.7282 25.3402 7.95296 8.4637 30.5496 17.3114 29.7188 5.25945 28.1225 1.55151 29.0008 5.5609 28.8896 6.71348 12.4737 22.3331 25.1697 19.9892 21.4885 6.94733 27.543 15.1056 24.6536 17.4294 14.4313 0.601874 4.04172 8.62036 30.3589 24.4041 10.193 16.7725 7.55126 27.7899 21.6249 17.4056 25.355 31.1256 24.3621 15.3525 24.5341 10.1883 12.4557 26.954 22.2669 27.8238 27.2044 25.1152 21.3193 
32.1999 32.1159 7.38782 23.8029 28.5416 8.66402 31.4666 16.1113 30.4744 33.4827 29.5639 2.96421 28.5267 25.547 3.29703 25.9822 28.044 21.665 23.535 20.2188 0 14.3223 24.2046 20.5191 14.7001 14.6161 32.7047 29.1246 36.419 19.8123 18.4007 28.7959 15.1763 27.6437 15.6754 4.53733 20.3078 32.8719 18.0766 22.9165 4.146 20.2532 32.3289 30.6805 20.9415 17.3543 28.0668 28.4171 31.3282 32.0154 32.1351 34.2971 20.6832 21.7281 16.7346 26.948 39.6687 17.0783 27.9368 25.1912 32.71 18.6801 33.0065 14.6647 36.7717 23.561 8.17246 15.0448 32.2008 10.0741 2.07641 13.8214 25.1017 31.1071 21.4929 12.782 21.7183 20.7218 24.2276 22.9243 42.5731 17.3495 13.2658 8.48456 27.6444 39.4805 22.1513 22.107 25.4403 24.3642 24.6113 33.1341 11.3854 10.2621 11.3144 17.845 22.5714 22.9579 24.3081 23.6206 12.8559 
19.6688 22.7741 9.69286 11.2292 14.2195 9.72012 18.09 11.9383 20.1385 20.0714 21.6762 11.4777 24.0721 12.3773 12.0381 11.7586 23.4945 16.141 9.2243 16.107 14.3223 0 12.1846 13.6495 12.1204 11.0101 18.9052 18.3239 22.797 8.74742 4.51426 19.7551 11.1154 17.4336 2.06607 11.1554 6.85674 19.4916 8.22757 9.24753 11.5446 6.00125 21.315 21.9075 8.44824 13.8973 18.5913 14.5228 17.7953 22.7313 18.5979 20.139 11.0691 10.0023 8.33127 18.3532 25.3793 2.82451 15.612 18.8687 18.5461 14.9078 18.9438 12.5621 22.4517 14.8579 13.395 6.34203 17.8813 6.24514 13.8634 10.3173 12.9307 19.6778 9.43529 2.16683 8.29226 16.6984 19.4988 12.8044 28.6645 8.29726 6.2802 5.85295 22.8428 25.5485 8.30432 7.88074 12.0602 15.251 11.0973 22.6795 10.3367 12.9344 5.13082 10.9102 8.84333 12.247 12.3441 10.795 5.92941 
22.428 29.2958 21.5496 16.7491 10.8668 16.2952 19.2543 23.4665 8.26823 20.6285 29.6497 21.2693 33.895 3.08304 22.9105 11.6687 33.3284 26.4666 8.57324 27.0241 24.2046 12.1846 0 8.3937 23.9831 12.1023 18.4258 6.32757 22.1138 4.41842 12.0271 27.0846 22.8035 5.94603 10.1242 19.9026 5.7136 20.2786 6.31946 13.3944 20.3396 8.30443 9.15842 10.9355 15.5635 25.3321 7.55617 6.95659 8.06102 11.297 19.1362 17.492 20.1327 2.47688 19.1378 26.3376 20.5318 9.98415 3.7322 28.3361 11.4525 26.1086 11.1254 24.4603 17.2568 23.5275 25.3841 9.20436 13.6748 14.1305 22.9569 22.2374 0.910209 24.295 2.81956 12.3818 13.7389 27.5671 29.7053 20.8447 26.0138 7.21539 18.2302 16.4801 32.6184 23.1979 5.68749 10.6241 3.67893 5.80128 4.00173 27.9987 14.5058 25.1004 17.3104 8.50398 5.114 2.6331 0.182931 2.13534 11.3723 
29.4895 35.0634 20.5651 22.4449 18.8723 11.8551 26.6698 25.4793 10.5621 28.2603 34.6513 17.928 37.6609 11.4204 20.3663 18.8769 37.0825 29.7646 15.3709 29.749 20.5191 13.6495 8.3937 0 25.4284 5.97969 26.2258 9.77583 30.0693 6.4265 16.0666 32.3945 24.5912 7.99244 11.9815 15.9885 10.6708 27.8385 5.66536 19.2859 16.3732 13.4346 12.7685 10.1685 20.4154 27.4466 7.85171 15.339 16.1379 11.556 26.7161 25.6718 24.2383 7.28233 21.9555 31.2694 28.9251 13.0477 10.9995 32.3403 19.8335 28.5151 19.454 25.8171 25.6491 27.9837 24.352 7.49763 21.9569 11.5331 18.782 23.6193 9.06363 30.7587 7.86677 12.459 19.1254 30.3424 33.1235 25.5778 34.3205 5.36771 19.7164 14.9603 36.417 31.4426 12.0906 16.5495 11.9203 4.45479 11.9163 34.2812 9.19943 24.8368 17.8694 2.96994 11.8204 5.77159 8.33182 9.8099 9.05931 
20.2962 17.8759 7.57594 13.4259 22.0562 17.1807 20.8987 1.7142 32.1343 22.7552 14.9911 13.6591 14.1274 23.4852 11.4462 18.6932 13.6038 6.97466 18.2363 5.58778 14.7001 12.1204 23.9831 25.4284 0 21.4509 22.8974 30.2627 25.8455 20.8598 12.4864 14.6072 1.43474 29.4899 14.1277 15.2446 18.3149 22.151 20.276 14.6365 15.3278 16.2241 33.13 34.0266 11.4898 2.69155 30.6989 24.4354 28.0617 34.8251 21.7976 25.5232 8.26727 21.9906 5.68825 12.7031 31.3543 13.999 27.0953 10.5022 27.2917 4.03638 28.0254 0.513402 29.2002 9.73246 7.31986 17.9308 25.0131 14.9234 15.9122 1.8141 24.63 18.1933 21.3662 12.972 13.3713 6.13406 9.62947 10.2162 32.2985 20.2133 5.841 11.5296 13.1288 29.4591 19.0845 15.7618 22.9896 27.3666 21.9728 19.3759 19.3645 5.07596 7.59302 22.5246 19.7213 24.3306 24.1549 22.2948 16.6092 
29.6401 33.7257 15.5709 21.6655 20.8108 5.98428 27.3601 21.8354 16.3891 29.1768 32.6807 12.1441 34.689 14.607 14.7511 19.8165 34.1174 26.7341 16.3275 26.347 14.6161 11.0101 12.1023 5.97969 21.4509 0 27.467 15.3606 31.4433 8.17805 14.7547 30.7523 20.8606 13.6758 10.0957 10.1136 11.4347 28.6707 6.24681 18.9631 10.4796 13.4644 18.4854 16.1333 19.1353 23.7667 13.7684 18.4035 20.1492 17.5355 27.62 27.6361 22.0738 9.99766 19.0641 29.3632 31.7577 11.7004 15.5127 29.6964 23.0921 24.9659 22.9594 21.7697 28.5033 25.8577 19.1766 5.14875 24.3199 6.59725 12.8284 19.7048 12.9721 30.2241 10.2093 9.14302 18.4053 26.9488 30.048 23.7978 36.4686 5.28796 16.1623 10.1397 33.5004 33.4326 13.382 16.5982 14.8675 10.1808 14.4638 33.4467 3.23789 19.9867 13.9316 3.78753 13.4015 9.94552 12.1245 12.6275 5.1347 
5.85136 15.1414 26.3171 9.53994 7.59144 28.3849 2.51934 21.3464 24.3506 2.42756 17.5704 30.0756 24.1157 15.4412 29.8784 7.65266 23.6973 19.9777 11.1556 21.7609 32.7047 18.9052 18.4258 26.2258 22.8974 27.467 0 22.5934 3.98428 20.025 14.4554 14.8287 21.4989 23.3442 18.3966 30.0248 16.092 2.37968 21.5577 9.79758 30.3993 14.1044 23.5446 28.0376 12.0503 22.1731 25.1224 12.2329 14.4243 27.6851 1.58178 3.36265 14.7225 18.948 17.5913 15.4398 8.81412 16.6507 18.1749 19.3527 10.2969 21.956 11.387 23.3662 7.74893 15.1831 28.8085 22.4685 6.16195 24.9547 32.5842 22.0863 18.146 9.26703 18.3636 20.9424 10.9889 21.9884 21.8348 13.2014 9.87236 22.4111 20.1136 24.5534 23.0302 6.80325 14.2915 11.2049 14.7743 24.2162 14.4758 12.6251 28.2441 27.1271 21.522 25.0659 14.4572 20.8944 18.5587 16.5635 23.5773 
27.3485 34.9366 27.3739 22.6479 15.1526 20.6815 23.9144 29.782 1.9835 24.9648 35.5877 26.2893 40.0981 7.96599 28.2713 16.9212 39.5357 32.7569 14.3433 33.3463 29.1246 18.3239 6.32757 9.77583 30.2627 15.3606 22.5934 0 25.8545 9.80697 18.3434 32.944 29.1044 1.82826 16.2593 24.6414 12.04 24.7246 11.1853 19.3215 25.0635 14.5872 3.20461 5.44504 21.7288 31.6548 3.04254 10.3673 8.91973 5.26549 23.5983 20.8675 26.368 8.32174 25.4654 32.3304 22.3842 16.2736 4.46024 34.5271 13.4579 32.4362 12.6656 30.734 19.3213 29.6691 31.2455 14.2425 16.9145 19.2266 27.6288 28.502 5.83095 29.6307 8.9076 18.236 19.8178 33.8868 35.9722 26.955 28.5681 11.8094 24.4758 22.0406 38.8217 26.113 11.8517 16.6487 8.68044 5.32206 9.49482 33.3817 18.3652 31.1361 23.4065 11.6196 11.2325 6.30926 6.14895 8.27098 16.4037 
6.33487 15.1953 29.8433 12.8407 11.2538 32.3327 5.03376 24.2206 27.5175 3.09176 18.2577 33.8482 25.091 19.0746 33.5169 11.634 24.7407 22.0985 15.1224 24.0238 36.419 22.797 22.1138 30.0693 25.8455 31.4433 3.98428 25.8545 0 23.9345 18.3147 15.7443 24.4918 26.75 22.3532 33.8769 20.0521 3.70199 25.5038 13.6039 34.2437 18.0882 26.491 31.2871 15.5606 24.8193 28.5194 15.6137 17.2902 30.8053 4.2858 5.06562 17.5787 22.7873 20.8139 16.7742 7.97583 20.6029 21.5209 20.8876 12.8351 24.4307 13.8625 26.2885 8.48809 17.313 32.1215 26.4523 8.95872 28.8917 36.3784 25.2133 21.7664 9.80283 22.2257 24.8597 14.7301 24.1689 23.4829 15.7718 6.45309 26.3668 23.5938 28.3752 24.1263 3.78681 18.222 15.1672 18.4375 27.867 18.2266 12.3332 32.2248 30.3244 25.1595 28.995 18.3597 24.6382 22.237 20.3324 27.5546 
23.0762 28.7594 17.5672 16.096 12.92 11.8962 20.3232 20.5869 11.512 21.9719 28.543 16.8886 32.0221 6.47316 18.6322 12.5394 31.4455 24.2748 9.00299 24.533 19.8123 8.74742 4.41842 6.4265 20.8598 8.17805 20.025 9.80697 23.9345 0 10.0343 26.1882 19.8119 8.73911 6.73632 15.4872 4.24625 21.5275 1.99453 12.8881 15.9239 7.05403 12.9373 13.1705 14.2314 22.5241 9.84391 10.2258 12.1769 13.9886 20.4179 19.7852 18.3506 1.9775 16.5864 25.1644 23.634 7.2574 8.14208 26.5701 14.9149 23.4492 14.8031 21.3064 20.3671 22.0099 21.4385 4.78777 16.2899 9.74388 18.5406 19.0612 5.32649 24.3441 2.03665 8.43881 12.8005 25.1071 27.6077 19.4905 28.5732 2.95427 15.0194 12.2852 30.7574 25.5965 5.7509 10.1317 6.69443 6.59257 6.30102 27.8897 10.2412 21.369 13.7107 5.09486 5.57514 3.54369 4.50892 4.46513 6.96342 
15.2239 19.1389 12.7125 6.93411 10.5254 14.2098 13.5768 11.6902 20.2946 15.5614 18.5865 15.6784 22.0562 11.0758 15.7884 7.63294 21.4823 14.4638 5.94808 15.0055 18.4007 4.51426 12.0271 16.0666 12.4864 14.7547 14.4554 18.3434 18.3147 10.0343 0 16.3527 11.1689 17.8781 4.66685 15.5705 6.37013 14.9796 10.4057 4.73557 15.9439 3.81669 20.9943 22.7436 4.42813 13.4629 19.3289 12.0372 15.6219 23.273 14.0962 15.8966 8.32508 10.4887 7.19687 15.2041 21.3405 3.10795 14.7847 16.5619 15.3867 14.1443 15.9732 12.992 18.5744 11.9799 15.9534 9.66743 14.0322 10.7332 18.1549 10.8994 12.5379 15.4872 9.77481 6.64606 3.80984 15.5437 17.7408 9.51278 24.2696 10.8569 7.30059 10.1092 20.785 21.1595 6.68423 3.8429 10.5422 16.5044 9.52784 18.7005 14.5997 14.9013 7.69755 13.739 7.32844 13.0279 12.2082 10.1136 9.97544 
9.45093 3.32002 21.4082 10.336 19.0849 28.627 12.3137 12.959 34.916 13.2247 2.8174 27.126 9.36839 24.9803 25.5025 16.3059 9.00038 8.24317 18.6109 10.3055 28.7959 19.7551 27.0846 32.3945 14.6072 30.7523 14.8287 32.944 15.7443 26.1882 16.3527 0 13.7661 32.9852 20.7972 28.1624 22.1033 12.83 26.7466 13.6904 28.3782 19.2123 34.9183 37.9961 11.9803 12.4021 34.6391 23.5536 26.8651 38.184 13.2564 18.1885 8.82259 26.2231 12.5243 1.90731 23.3284 19.436 28.6686 5.64275 23.8465 11.3994 24.8985 14.8426 22.5736 5.2939 21.9242 25.8505 20.0255 25.4197 29.6301 15.0493 27.2885 5.94504 25.491 21.752 13.4574 10.1646 8.2444 6.95462 21.5544 27.2084 16.1215 23.0565 8.38208 19.4674 21.4319 16.4728 24.2707 32.3513 23.456 5.06651 29.9007 19.68 18.558 30.0838 21.9767 28.7462 27.2634 24.9539 25.6822 
19.0227 17.0691 7.85974 12.01 20.6323 16.9032 19.5275 1.0285 30.9937 21.4003 14.3878 13.871 14.1952 22.2087 11.885 17.265 13.6491 6.61123 16.8633 5.6176 15.1763 11.1154 22.8035 24.5912 1.43474 20.8606 21.4989 29.1044 24.4918 19.8119 11.1689 13.7661 0 28.3818 13.0774 15.2985 17.1114 20.7934 19.3267 13.2056 15.4216 14.9372 31.9331 32.9811 10.0554 2.90618 29.6315 23.0689 26.7034 33.7386 20.4181 24.1015 6.93014 20.8686 4.26358 11.8792 29.9314 12.8313 25.8508 10.0964 25.8754 4.14142 26.6167 1.94013 27.7669 8.71666 8.24974 17.1048 23.5788 14.4237 16.2338 1.38791 23.4284 17.039 20.2287 12.1452 11.944 6.20878 9.58541 8.9524 30.9443 19.3177 4.87794 11.1596 13.1185 28.0862 17.8056 14.3724 21.6984 26.3581 20.682 18.4075 18.9439 6.107 6.9291 21.7223 18.4454 23.2481 22.9773 21.0707 15.9124 
27.8559 35.1176 26.2219 22.6515 15.7985 19.1252 24.5071 29.1031 2.8486 25.6737 35.5732 24.8461 39.8264 8.20108 26.9226 17.2414 39.2584 32.3411 14.3982 32.8222 27.6437 17.4336 5.94603 7.99244 29.4899 13.6758 23.3442 1.82826 26.75 8.73911 17.8781 32.9852 28.3818 0 15.3857 23.1359 11.5098 25.3958 9.90015 19.2999 23.5525 14.2191 4.81074 5.01134 21.5083 31.0067 1.77857 11.1436 10.2079 5.39748 24.2587 21.833 26.0573 7.51713 24.8912 32.2715 23.7068 15.5826 5.24304 34.2726 14.65 31.8463 13.9362 29.9494 20.5784 29.4727 30.0996 12.9196 17.8768 17.8512 26.0951 27.7072 5.70189 29.9638 8.17958 17.1587 19.6803 33.3759 35.6029 26.7906 29.7749 10.4344 23.6653 20.798 38.55 27.2257 11.6314 16.5514 8.92391 3.54209 9.60197 33.6984 16.7352 30.0998 22.4462 9.9775 11.0482 5.19836 5.76368 8.05001 15.0426 
19.7768 23.6899 11.6125 11.5973 13.0403 9.99395 17.8506 13.8644 18.0792 19.7799 22.8799 12.7522 25.6829 10.4353 13.649 10.9473 25.1045 17.8081 8.00505 17.911 15.6754 2.06607 10.1242 11.9815 14.1277 10.0957 18.3966 16.2593 22.3532 6.73632 4.66685 20.7972 13.0774 15.3857 0 12.1156 4.91562 19.2256 6.40755 9.11315 12.5313 4.66527 19.2496 19.9068 9.04239 15.8104 16.5713 12.8257 15.9734 20.7005 18.2601 19.3058 12.3365 7.93817 10.0182 19.5161 24.3158 1.75742 13.582 20.3661 17.0355 16.7709 17.3545 14.5784 21.2858 16.1173 15.3727 5.05921 16.7403 6.60329 14.9925 12.3336 10.8792 20.1533 7.36933 2.89588 8.39629 18.4948 21.1646 13.8619 27.9914 6.62016 8.28992 7.23099 24.4368 24.8784 6.54625 7.1926 10.1631 13.2883 9.22955 23.3511 10.0345 14.9819 7.1863 9.39256 7.03218 10.2083 10.2825 8.78428 5.3584 
30.2487 31.4488 7.76998 21.7101 25.155 4.1376 29.0632 16.3169 25.9603 31.0684 29.3426 2.20135 29.3714 21.449 5.12421 22.8943 28.8451 21.8991 20.1185 20.8043 4.53733 11.1554 19.9026 15.9885 15.2446 10.1136 30.0248 24.6414 33.8769 15.4872 15.5705 28.1624 15.2985 23.1359 12.1156 0 16.42 30.4737 13.6824 20.2742 0.438702 16.7804 27.8439 26.146 18.8029 17.9195 23.5343 24.5412 27.2681 27.4781 29.6357 31.2817 19.548 17.435 15.6644 26.4159 36.4188 13.7021 23.6293 25.3398 28.9816 19.2606 29.1911 15.3626 33.4014 22.8703 10.3559 10.6994 28.8535 5.88029 3.05598 13.9169 20.8078 29.6281 17.256 9.27267 19.1908 21.3667 24.8352 21.7276 39.8144 12.9136 12.0519 5.54786 28.3555 36.6993 18.3575 19.0269 21.4042 19.8346 20.6333 32.0723 6.90181 11.8973 9.67443 13.3089 18.7161 18.5261 19.996 19.476 8.53505 
18.8623 24.5908 16.5194 11.9099 9.44661 13.5518 16.2061 17.7593 13.9696 17.9226 24.5335 17.3494 28.3856 5.52536 18.4834 8.48111 27.814 20.8339 4.94011 21.3305 20.3078 6.85674 5.7136 10.6708 18.3149 11.4347 16.092 12.04 20.0521 4.24625 6.37013 22.1033 17.1114 11.5098 4.91562 16.42 0 17.452 5.49015 8.6604 16.853 2.89119 14.8217 16.3806 10.2385 19.6194 12.9649 8.12763 11.097 16.9062 16.3627 16.2202 14.6177 4.17181 13.4277 21.1698 20.6201 4.35324 8.84144 22.8593 12.5926 20.3977 12.7714 18.7984 17.4346 18.1524 20.2507 6.6827 13.0584 10.5764 19.416 16.59 6.31739 20.1 3.44295 7.64576 8.6549 21.8788 24.1071 15.5456 25.0547 6.3205 12.6204 12.0038 27.1114 22.0056 2.03653 5.88811 5.25187 10.2842 4.34095 23.6582 12.6702 19.7413 11.9433 9.04455 2.29966 6.72368 5.89132 4.00519 8.32486 
3.55875 12.8935 26.2045 9.17887 9.59806 29.1351 1.41125 20.5329 26.5186 0.618324 15.5091 30.3532 22.1833 17.3667 29.9249 8.99007 21.7901 18.6017 12.5365 20.4813 32.8719 19.4916 20.2786 27.8385 22.151 28.6707 2.37968 24.7246 3.70199 21.5275 14.9796 12.83 20.7934 25.3958 19.2256 30.4737 17.452 0 22.942 10.2443 30.8295 15.2091 25.792 30.1602 11.9523 21.171 27.1738 14.3604 16.7212 29.8643 1.14315 5.58089 13.8862 20.6003 17.1189 13.6184 10.5128 17.4683 20.2809 17.6474 12.6619 20.824 13.7539 22.5968 9.91332 13.7942 28.4303 23.5881 8.52428 25.6693 32.9014 21.5114 20.0651 7.07788 19.9789 21.5994 11.2829 20.6557 20.1956 12.1192 10.1514 23.7529 19.9476 24.9438 21.142 7.35135 15.7787 12.1309 16.6776 26.0798 16.2875 10.3 29.2115 26.6239 21.5802 26.4919 16.0184 22.6716 20.4209 18.3352 24.5203 
24.2776 29.4549 16.3512 16.8951 14.649 9.98182 21.6918 20.1637 12.7395 23.4123 28.9875 15.1862 32.0713 8.46462 17.0874 13.9685 31.493 24.2132 10.4225 24.3018 18.0766 8.22757 6.31946 5.66536 20.276 6.24681 21.5577 11.1853 25.5038 1.99453 10.4057 26.7466 19.3267 9.90015 6.40755 13.6824 5.49015 22.942 0 13.8291 14.116 8.00234 14.3747 13.9142 14.7738 22.1242 10.7461 12.1842 14.1672 14.9096 21.8525 21.5042 18.5817 3.94643 16.4255 25.6058 25.5143 7.38416 10.0018 26.7115 16.8735 23.1297 16.783 20.6976 22.2574 22.3207 20.2277 3.06296 18.104 8.06721 16.7252 18.463 7.22906 25.3128 4.02148 7.44778 13.5644 24.8885 27.5684 19.9145 30.3215 0.968241 14.4621 10.8978 30.8202 27.3139 7.29216 11.1834 8.66723 7.18168 8.22173 28.7681 8.25021 20.3394 12.8843 3.56983 7.2338 4.90687 6.39046 6.45043 5.24408 
10.6908 15.9883 16.7254 3.35465 7.47087 18.915 8.84263 13.3863 21.3021 10.8259 16.28 20.2784 21.0117 11.3934 20.1408 4.07237 20.4669 14.3225 4.9962 15.4706 22.9165 9.24753 13.3944 19.2859 14.6365 18.9631 9.79758 19.3215 13.6039 12.8881 4.73557 13.6904 13.2056 19.2999 9.11315 20.2742 8.6604 10.2443 13.8291 0 20.6399 5.85314 21.4814 24.3095 3.20966 14.7735 20.9488 10.7179 14.3379 24.5342 9.36666 11.5623 7.77717 12.6506 8.95301 13.009 17.2355 7.37505 15.1581 15.4536 12.7712 15.0525 13.591 15.1453 14.7537 10.5197 19.5457 13.8144 10.4145 15.4424 22.7917 13.4115 13.6096 11.4867 11.9259 11.3632 1.31489 15.9027 17.2369 7.77513 19.6582 14.4843 10.6883 14.7735 19.7454 16.5641 7.75842 2.81384 10.703 18.7484 9.83106 15.0016 19.1477 18.1228 11.8165 17.3672 8.28986 15.1331 13.5731 11.2636 14.4672 
30.5723 31.6703 7.80998 22.0374 25.5691 4.51803 29.4186 16.4358 26.3747 31.4256 29.5236 2.01197 29.4543 21.8873 4.95415 23.2909 28.9316 22.029 20.5322 20.8994 4.146 11.5446 20.3396 16.3732 15.3278 10.4796 30.3993 25.0635 34.2437 15.9239 15.9439 28.3782 15.4216 23.5525 12.5313 0.438702 16.853 30.8295 14.116 20.6399 0 17.1953 28.2654 26.5349 19.13 18.0096 23.9396 24.9753 27.7062 27.874 29.998 31.6773 19.7949 17.8724 15.8966 26.621 36.8284 14.1089 24.0659 25.4829 29.4114 19.3527 29.6239 15.4317 33.8166 23.0846 10.2518 11.1361 29.2666 6.31791 2.618 14.0367 21.2449 29.915 17.6944 9.68098 19.5474 21.4573 24.9351 21.9833 40.1967 13.3438 12.2831 5.88962 28.4501 37.0823 18.7878 19.4205 21.8417 20.2424 21.0697 32.3273 7.2572 11.8582 9.93048 13.7106 19.1487 18.9557 20.4327 19.9146 8.9729 
16.3052 21.7174 15.5151 9.0442 8.375 14.5088 13.8959 15.4904 16.5514 15.7216 21.6465 17.3585 25.6093 7.27362 18.0393 6.48557 25.0406 18.1705 3.34084 18.795 20.2532 6.00125 8.30443 13.4346 16.2241 13.4644 14.1044 14.5872 18.0882 7.05403 3.81669 19.2123 14.9372 14.2191 4.66527 16.7804 2.89119 15.2091 8.00234 5.85314 17.1953 0 17.1881 19.1526 7.36748 17.2774 15.7398 8.65534 12.1049 19.5959 14.168 14.737 11.8384 7.04057 11.0134 18.2861 19.655 3.18599 10.968 20.0622 12.5459 17.958 12.964 16.7242 16.6213 15.3084 19.0455 8.38634 12.0753 11.2065 19.6424 14.5824 8.76248 17.3366 6.30794 7.5311 5.76823 19.3253 21.4011 12.6778 23.4957 8.70446 10.7871 11.7704 24.3332 20.395 2.87259 3.18931 6.76553 13.166 5.74869 20.8472 14.1515 18.2456 10.6255 11.5606 3.51564 9.58672 8.48707 6.32635 9.51301 
28.6679 36.7075 30.4947 24.7406 16.4322 23.8744 25.1265 32.571 2.37987 25.9624 37.6244 29.4934 42.4401 10.1375 31.462 18.6649 41.8857 35.2812 16.4913 35.9803 32.3289 21.315 9.15842 12.7685 33.13 18.4854 23.5446 3.20461 26.491 12.9373 20.9943 34.9183 31.9331 4.81074 19.2496 27.8439 14.8217 25.792 14.3747 21.4814 28.2654 17.1881 0 5.70129 24.0979 34.4113 5.19342 11.6137 9.20085 4.6067 24.698 21.4299 28.806 11.3487 28.1747 34.4389 22.1009 19.1347 6.33666 36.8657 13.712 35.1367 12.7605 33.6099 19.2558 31.9595 34.3599 17.4351 17.5634 22.4252 30.8276 31.3912 8.5048 31.2072 11.8814 21.3351 22.1103 36.5062 38.4365 29.2221 28.5034 15.0114 27.3883 25.204 41.1669 26.2898 14.3596 18.9349 10.7993 8.33945 11.7322 34.9599 21.5286 34.1902 26.4264 14.7733 13.72 9.48102 8.99109 10.8903 19.6013 
32.7373 40.1211 30.171 27.6618 20.577 22.0179 29.3313 33.7468 3.85549 30.4059 40.5796 28.049 44.7562 13.1646 30.3893 22.201 44.186 37.1983 19.4081 37.5992 30.6805 21.9075 10.9355 10.1685 34.0266 16.1333 28.0376 5.44504 31.2871 13.1705 22.7436 37.9961 32.9811 5.01134 19.9068 26.146 16.3806 30.1602 13.9142 24.3095 26.5349 19.1526 5.70129 0 26.4776 35.6758 3.41584 15.8084 14.2082 1.64248 29.0316 26.285 30.9836 12.2716 29.6486 37.2725 27.5246 20.294 9.88024 39.2145 18.779 36.5688 17.927 34.4696 24.553 34.441 34.0309 16.7261 22.338 21.3843 28.9501 32.2248 10.7125 34.9281 12.9741 21.3576 24.674 38.1624 40.4845 31.7709 33.8211 14.2195 28.1856 24.6123 43.4808 31.4492 16.6223 21.555 13.8885 6.73393 14.6003 38.6696 19.3635 34.2427 26.7703 12.8937 16.0474 9.77633 10.7543 13.0529 18.6862 
11.448 14.714 14.292 2.9074 10.6794 18.074 10.5561 10.1943 23.7103 12.567 14.3162 18.4948 18.3712 13.9612 17.9727 7.2768 17.8106 11.3089 7.72892 12.3365 20.9415 8.44824 15.5635 20.4154 11.4898 19.1353 12.0503 21.7288 15.5606 14.2314 4.42813 11.9803 10.0554 21.5083 9.04239 18.8029 10.2385 11.9523 14.7738 3.20966 19.13 7.36748 24.0979 26.4776 0 11.564 23.0723 13.7582 17.4074 26.8477 11.2822 14.2755 4.74829 14.4046 5.83831 10.9424 20.0597 7.53607 17.7645 12.7986 15.9808 11.8616 16.7953 11.9948 17.7509 7.96456 16.7958 14.0801 13.5234 14.6291 21.0651 10.3547 15.9151 11.2298 13.6727 10.6043 2.09535 12.79 14.3609 5.31031 21.8681 15.2639 8.06521 13.2598 17.0952 18.8411 9.89307 5.18512 13.3127 20.5225 12.3658 14.3153 18.7735 15.2217 9.63405 18.1536 10.5008 16.9531 15.7461 13.4896 14.2449 
18.9715 15.597 10.2675 12.985 22.2406 19.7331 20.0056 1.96738 33.5687 21.7564 12.5158 16.3504 11.4551 24.5357 14.1162 18.8346 10.9259 4.413 18.8832 2.89626 17.3543 13.8973 25.3321 27.4466 2.69155 23.7667 22.1731 31.6548 24.8193 22.5241 13.4629 12.4021 2.90618 31.0067 15.8104 17.9195 19.6194 21.171 22.1242 14.7735 18.0096 17.2774 34.4113 35.6758 11.564 0 32.3053 25.0816 28.739 36.3848 20.9477 25.0133 7.50072 23.4906 6.27186 10.4989 30.834 15.4241 28.2435 7.91519 27.5447 1.34506 28.3532 2.69187 28.9073 7.93028 9.74635 19.9717 24.9236 17.3196 18.598 4.13937 25.916 16.5355 22.8308 15.0195 13.5994 3.44771 6.93798 9.05184 31.2461 22.149 7.73602 14.0186 10.4414 28.5221 20.1471 16.3282 23.9876 29.0972 22.9771 17.3236 21.8254 7.45731 9.83517 24.5937 20.7912 25.9146 25.509 23.5222 18.8132 
29.6217 36.8145 27.0879 24.3032 17.5768 19.4537 26.2815 30.3833 2.83256 27.4523 37.2049 25.3387 41.3411 9.95155 27.5455 18.9851 40.7707 33.7856 16.0842 34.2007 28.0668 18.5913 7.55617 7.85171 30.6989 13.7684 25.1224 3.04254 28.5194 9.84391 19.3289 34.6391 29.6315 1.77857 16.5713 23.5343 12.9649 27.1738 10.7461 20.9488 23.9396 15.7398 5.19342 3.41584 23.0723 32.3053 0 12.9176 11.8598 4.16716 26.0364 23.5917 27.5686 8.86392 26.2527 33.8886 25.3551 16.9042 7.00235 35.8009 16.3469 33.1834 15.6019 31.1481 22.2551 31.0341 30.9613 13.668 19.6343 18.4807 26.4325 28.903 7.39887 31.7006 9.56242 18.1465 21.2844 34.7619 37.0697 28.3699 31.4747 11.1523 24.86 21.582 40.0658 28.9546 13.2346 18.1798 10.6726 3.71266 11.3208 35.4301 16.9304 31.0756 23.5176 10.2343 12.6695 6.39085 7.37664 9.68518 15.7158 
17.0834 25.1651 24.1515 13.6969 4.8346 21.5223 13.5868 23.4691 12.1644 14.5977 26.3159 25.4636 31.6035 3.93246 26.4728 7.26402 31.0719 25.029 6.21027 26.0888 28.4171 14.5228 6.95659 15.339 24.4354 18.4035 12.2329 10.3673 15.6137 10.2258 12.0372 23.5536 23.0689 11.1436 12.8257 24.5412 8.12763 14.3604 12.1842 10.7179 24.9753 8.65534 11.6137 15.8084 13.7582 25.0816 12.9176 0 3.66 15.5154 13.2376 10.7584 18.4674 8.47392 18.8914 23.2554 13.5978 11.7171 5.94316 26.0861 4.68965 25.5332 4.67952 24.9466 10.3178 21.1519 27.7005 14.3983 6.83703 18.6818 27.543 22.9112 6.39759 19.6013 8.19522 15.6782 11.6632 26.5477 27.9479 18.4213 19.0944 13.1524 19.3089 20.043 30.3502 16.3424 6.2822 8.75342 3.54673 12.4417 4.01351 23.3515 20.2921 26.8544 19.2808 15.1079 5.84648 9.58969 7.03522 5.79437 16.291 
19.7691 28.2774 27.4813 17.2286 7.80089 23.9649 16.1691 27.1172 10.3657 16.8511 29.6548 28.364 35.1205 5.82586 29.5804 10.7141 34.5961 28.6594 9.86016 29.7417 31.3282 17.7953 8.06102 16.1379 28.0617 20.1492 14.4243 8.91973 17.2902 12.1769 15.6219 26.8651 26.7034 10.2079 15.9734 27.2681 11.097 16.7212 14.1672 14.3379 27.7062 12.1049 9.20085 14.2082 17.4074 28.739 11.8598 3.66 0 13.5733 15.6575 12.2304 22.1037 10.2284 22.54 26.6751 13.5002 15.0413 5.26568 29.6312 4.57327 29.193 3.74641 28.5719 10.4029 24.7066 31.1067 16.7675 8.37157 21.3895 30.3089 26.516 7.22609 22.5669 10.1933 18.7427 15.312 30.1972 31.5438 21.989 19.6497 15.1131 22.8534 23.0974 33.8752 17.2417 9.49431 12.4116 5.88836 12.4667 6.75608 26.2814 22.4173 30.3504 22.6929 16.5617 8.95563 10.4777 8.05618 7.83238 18.8158 
32.5653 40.2004 31.243 27.8721 20.3365 23.3639 29.0992 34.4738 3.35541 30.0792 40.8118 29.3405 45.1916 13.22 31.6163 22.1857 44.6252 37.7347 19.5741 38.2186 32.0154 22.7313 11.297 11.556 34.8251 17.5355 27.6851 5.26549 30.8053 13.9886 23.273 38.184 33.7386 5.39748 20.7005 27.4781 16.9062 29.8643 14.9096 24.5342 27.874 19.5959 4.6067 1.64248 26.8477 36.3848 4.16716 15.5154 13.5733 0 28.7473 25.7669 31.4293 12.897 30.2848 37.5372 26.684 20.9636 9.6936 39.6308 18.1378 37.2359 17.2315 35.2784 23.795 34.8073 35.1142 17.8102 21.8474 22.5716 30.3209 33.0339 10.9468 34.8901 13.57 22.3134 24.981 38.7729 40.9906 32.1097 33.0569 15.2941 28.9901 25.7217 43.9149 30.7801 16.9552 21.8271 13.9377 7.80322 14.7281 38.6422 20.7517 35.2424 27.6789 14.18 16.3547 10.4946 11.1141 13.3591 19.8307 
4.31925 13.5719 25.5713 8.60336 8.46282 28.2015 0.988186 20.2108 25.3995 1.56039 15.9921 29.5745 22.5579 16.2238 29.2318 7.88833 22.1446 18.5887 11.437 20.4127 32.1351 18.5979 19.1362 26.7161 21.7976 27.62 1.58178 23.5983 4.2858 20.4179 14.0962 13.2564 20.4181 24.2587 18.2601 29.6357 16.3627 1.14315 21.8525 9.36666 29.998 14.168 24.698 29.0316 11.2822 20.9477 26.0364 13.2376 15.6575 28.7473 0 4.94265 13.5619 19.4714 16.6269 13.9015 10.2667 16.5032 19.1515 17.8491 11.6757 20.6713 12.7703 22.2553 9.32807 13.7815 27.9116 22.5533 7.54397 24.7436 32.1102 21.0747 18.922 7.69075 18.8538 20.6869 10.4622 20.6188 20.3535 11.921 10.6208 22.6716 19.3281 24.1211 21.4813 7.6755 14.6674 11.1246 15.5345 24.9374 15.1459 11.0915 28.2178 26.1598 20.8739 25.3967 14.8974 21.5328 19.2782 17.1959 23.5298 
9.13484 18.462 28.2873 12.104 6.86532 29.2438 5.87492 24.0423 22.4947 5.40914 20.933 31.552 27.4602 14.4139 31.6364 8.38812 27.036 23.0863 11.4826 24.8008 34.2971 20.139 17.492 25.6718 25.5232 27.6361 3.36265 20.8675 5.06562 19.7852 15.8966 18.1885 24.1015 21.833 19.3058 31.2817 16.2202 5.58089 21.5042 11.5623 31.6773 14.737 21.4299 26.285 14.2755 25.0133 23.5917 10.7584 12.2304 25.7669 4.94265 0 17.5143 18.4381 20.0334 18.7647 5.83345 17.6241 16.5907 22.6294 7.77298 24.894 8.81007 26.0081 4.38639 18.3273 31.0408 22.8479 3.95797 25.906 33.9903 24.5661 17.0611 12.6077 17.943 22.0387 12.8548 25.0613 25.0771 16.1866 8.83465 22.4174 22.2155 25.9458 26.3643 5.812 14.2544 12.2584 13.8247 23.1572 13.7556 15.8771 28.7821 29.4964 23.358 24.88 14.2704 20.0798 17.6004 15.8626 24.2146 
12.1355 12.0106 13.4046 5.51324 15.0857 19.8125 12.6483 6.65148 28.3442 14.4892 10.6074 18.7086 13.7727 18.6771 17.4537 11.6984 13.203 6.56656 12.4772 7.7282 20.6832 11.0691 20.1327 24.2383 8.26727 22.0738 14.7225 26.368 17.5787 18.3506 8.32508 8.82259 6.93014 26.0573 12.3365 19.548 14.6177 13.8862 18.5817 7.77717 19.7949 11.8384 28.806 30.9836 4.74829 7.50072 27.5686 18.4674 22.1037 31.4293 13.5619 17.5143 0 18.7769 3.95454 7.30291 23.3383 11.203 22.4797 8.24403 20.3957 7.48989 21.2728 8.71056 21.4232 3.79235 14.8936 17.3167 17.5288 16.5985 21.2695 7.77994 20.5392 10.4758 18.0543 12.9904 6.82376 8.13768 9.631 2.24207 24.0317 18.9188 7.53365 14.2989 12.4972 21.2065 14.5169 9.92884 18.0391 24.8258 17.0801 12.5413 21.0937 12.9132 9.87608 21.7275 15.1406 21.3254 20.3156 18.1014 16.9627 
22.4083 28.6363 19.1874 15.9629 11.6079 13.8728 19.4638 21.586 10.1506 21.0082 28.6833 18.7924 32.537 4.61364 20.4516 11.6881 31.9642 24.9295 8.25939 25.3402 21.7281 10.0023 2.47688 7.28233 21.9906 9.99766 18.948 8.32174 22.7873 1.9775 10.4887 26.2231 20.8686 7.51713 7.93817 17.435 4.17181 20.6003 3.94643 12.6506 17.8724 7.04057 11.3487 12.2716 14.4046 23.4906 8.86392 8.47392 10.2284 12.897 19.4714 18.4381 18.7769 0 17.3963 25.3258 22.0078 8.06719 6.20873 27.0206 13.143 24.3404 12.9682 22.4548 18.7294 22.3242 23.0398 6.74204 14.8055 11.6539 20.4902 20.2162 3.37523 23.9425 0.733013 10.0134 12.766 25.8998 28.224 19.7137 27.1542 4.88541 16.1798 14.0407 31.264 24.2309 5.00525 9.83791 4.92884 6.12991 4.71583 27.5711 12.1937 22.8421 15.0904 6.63732 4.63069 2.552 2.58648 2.68643 8.90151 
15.7872 15.7924 9.49396 8.05247 16.369 16.2063 15.7894 4.57768 27.397 17.7353 13.9487 14.7641 15.7432 18.2651 13.5173 13.0054 15.1659 7.81167 12.6814 7.95296 16.7346 8.33127 19.1378 21.9555 5.68825 19.0641 17.5913 25.4654 20.8139 16.5864 7.19687 12.5243 4.26358 24.8912 10.0182 15.6644 13.4277 17.1189 16.4255 8.95301 15.8966 11.0134 28.1747 29.6486 5.83831 6.27186 26.2527 18.8914 22.54 30.2848 16.6269 20.0334 3.95454 17.3963 0 10.8367 25.8455 9.35843 21.9814 10.6325 21.6138 6.97095 22.3618 6.19913 23.5874 7.25356 11.3155 14.6613 19.3475 13.1571 17.32 4.53376 19.6936 14.3882 16.7152 9.93348 7.68328 8.52243 11.1705 6.19203 27.2366 16.5895 3.61355 10.5508 14.519 24.2947 13.8802 10.1576 17.7158 23.1783 16.7053 16.4799 17.7304 9.53857 6.0338 19.2414 14.5246 19.8726 19.3166 17.2851 13.9353 
10.4399 5.18984 19.5623 9.7011 18.9703 27.0137 12.927 11.0604 34.3111 14.0708 3.38258 25.3287 8.73901 24.3951 23.6523 15.9946 8.28882 6.38849 17.9964 8.4637 26.948 18.3532 26.3376 31.2694 12.7031 29.3632 15.4398 32.3304 16.7742 25.1644 15.2041 1.90731 11.8792 32.2715 19.5161 26.4159 21.1698 13.6184 25.6058 13.009 26.621 18.2861 34.4389 37.2725 10.9424 10.4989 33.8886 23.2554 26.6751 37.5372 13.9015 18.7647 7.30291 25.3258 10.8367 0 24.1203 18.2415 28.1387 4.14963 23.9239 9.51325 24.949 12.9359 23.1232 3.58963 20.0214 24.5445 20.2548 23.8635 27.8178 13.1745 26.5995 7.12664 24.5929 20.2931 12.6071 8.35798 6.77931 5.69153 22.7919 26.0182 14.4043 21.3875 7.60597 20.5438 20.654 15.7207 23.6982 31.4519 22.8392 6.89171 28.3822 17.7747 16.8614 28.8697 21.2252 27.8679 26.5186 24.2217 24.2605 
13.9158 23.0925 33.9119 17.9373 11.2969 34.0552 11.2544 29.8757 23.6731 10.104 25.9669 36.8554 32.6906 17.5299 37.1289 13.7093 32.3015 28.7873 16.3147 30.5496 39.6687 25.3793 20.5318 28.9251 31.3543 31.7577 8.81412 22.3842 7.97583 23.634 21.3405 23.3284 29.9314 23.7068 24.3158 36.4188 20.6201 10.5128 25.5143 17.2355 36.8284 19.655 22.1009 27.5246 20.0597 30.834 25.3551 13.5978 13.5002 26.684 10.2667 5.83345 23.3383 22.0078 25.8455 24.1203 0 22.7217 18.638 28.1089 9.17011 30.6893 9.77669 31.8401 3.28115 23.9965 36.774 27.2945 7.59934 30.8409 39.227 30.3793 19.9024 17.4803 21.6486 27.1475 18.5445 30.7894 30.6202 21.9558 6.53658 26.4698 27.923 31.2302 31.6548 5.26854 18.5852 17.567 17.0991 25.7426 17.3402 20.2766 33.2855 35.2777 28.9379 28.6377 18.4436 23.1601 20.5981 19.3235 28.8891 
18.0541 22.2451 12.4479 9.96685 11.4904 11.7344 16.0939 13.5257 18.1646 18.0225 21.6205 14.1963 24.7857 9.77222 14.8585 9.2461 24.2083 17.0174 6.4632 17.3114 17.0783 2.82451 9.98415 13.0477 13.999 11.7004 16.6507 16.2736 20.6029 7.2574 3.10795 19.436 12.8313 15.5826 1.75742 13.7021 4.35324 17.4683 7.38416 7.37505 14.1089 3.18599 19.1347 20.294 7.53607 15.4241 16.9042 11.7171 15.0413 20.9636 16.5032 17.6241 11.203 8.06719 9.35843 18.2415 22.7217 0 13.1935 19.3696 15.7247 16.2797 16.1195 14.4764 19.7389 14.9366 16.0746 6.58189 15.1761 8.31898 16.5151 12.2567 10.6434 18.5243 7.40832 4.43009 6.71289 17.8792 20.3518 12.5543 26.2758 7.77909 8.26998 8.59373 23.5249 23.1608 5.55229 5.45224 9.39559 13.8376 8.40749 21.7893 11.7791 15.4445 7.68328 10.6478 6.12355 10.5179 10.1559 8.35833 7.09343 
22.8888 30.569 25.1302 18.4376 10.6978 19.9826 19.4567 26.4407 6.34525 20.5321 31.3505 25.0005 36.1035 3.80345 26.6134 12.5208 35.549 28.9724 10.1634 29.7188 27.9368 15.612 3.7322 10.9995 27.0953 15.5127 18.1749 4.46024 21.5209 8.14208 14.7847 28.6686 25.8508 5.24304 13.582 23.6293 8.84144 20.2809 10.0018 15.1581 24.0659 10.968 6.33666 9.88024 17.7645 28.2435 7.00235 5.94316 5.26568 9.6936 19.1515 16.5907 22.4797 6.20873 21.9814 28.1387 18.638 13.1935 0 30.5291 9.49992 28.92 8.87512 27.586 15.4533 25.6242 28.9358 12.9298 12.6341 17.8626 26.6825 25.396 2.83872 25.2027 6.49439 15.9955 15.7737 30.2361 32.1107 22.888 24.5915 10.8643 21.4533 20.1617 34.8303 22.0005 8.10555 12.5983 4.46345 7.20105 5.39999 28.9564 18.093 28.5432 20.7371 11.7839 7.46134 5.57729 3.63337 4.83755 15.1022 
14.5598 8.29315 17.9452 12.4026 22.1216 26.5628 16.8643 9.11227 36.5082 18.1242 4.7546 23.9663 5.57528 26.7309 21.9203 18.932 5.02029 3.52772 20.397 5.25945 25.1912 18.8687 28.3361 32.3403 10.5022 29.6964 19.3527 34.5271 20.8876 26.5701 16.5619 5.64275 10.0964 34.2726 20.3661 25.3398 22.8593 17.6474 26.7115 15.4536 25.4829 20.0622 36.8657 39.2145 12.7986 7.91519 35.8009 26.0861 29.6312 39.6308 17.8491 22.6294 8.24403 27.0206 10.6325 4.14963 28.1089 19.3696 30.5291 0 27.261 6.66525 28.2445 10.5895 26.9434 4.93778 17.6536 25.2083 23.7963 23.6954 26.3225 11.4832 28.7099 11.2761 26.2975 20.5616 14.7554 4.93962 2.63259 7.68002 26.9401 26.9857 13.8087 20.7938 4.30124 24.665 22.6845 17.9319 26.0669 33.066 25.1401 10.6487 28.2842 15.3633 16.2664 29.7308 23.2969 29.5694 28.519 26.2797 24.5663 
15.9413 24.8716 27.9614 15.0698 5.3152 26.107 12.324 26.1244 14.9388 12.7069 26.6637 29.7789 32.5866 8.55113 30.5831 8.72058 32.0933 26.7874 9.48446 28.1225 32.71 18.5461 11.4525 19.8335 27.2917 23.0921 10.2969 13.4579 12.8351 14.9149 15.3867 23.8465 25.8754 14.65 17.0355 28.9816 12.5926 12.6619 16.8735 12.7712 29.4114 12.5459 13.712 18.779 15.9808 27.5447 16.3469 4.68965 4.57327 18.1378 11.6757 7.77298 20.3957 13.143 21.6138 23.9239 9.17011 15.7247 9.49992 27.261 0 27.7977 1.09498 27.8045 5.9549 22.4487 31.3306 19.0335 4.13764 23.1636 31.9471 25.9266 10.7768 19.0218 12.883 19.9281 13.968 28.5156 29.4001 19.8446 15.1279 17.8416 22.6461 24.2564 31.382 12.6702 10.6245 11.6609 8.22753 16.5728 8.67999 22.6376 24.9576 30.2622 22.9828 19.7646 10.2946 14.0621 11.5049 10.4737 20.8693 
18.4495 14.5299 11.6123 13 22.4828 21.0296 19.7119 3.13688 34.3663 21.3961 11.3305 17.6954 10.1194 25.1786 15.4499 19.0774 9.58698 3.2297 19.3671 1.55151 18.6801 14.9078 26.1086 28.5151 4.03638 24.9659 21.956 32.4362 24.4307 23.4492 14.1443 11.3994 4.14142 31.8463 16.7709 19.2606 20.3977 20.824 23.1297 15.0525 19.3527 17.958 35.1367 36.5688 11.8616 1.34506 33.1834 25.5332 29.193 37.2359 20.6713 24.894 7.48989 24.3404 6.97095 9.51325 30.6893 16.2797 28.92 6.66525 27.7977 0 28.6399 4.01654 28.8841 7.26667 10.995 21.0639 25.0175 18.559 19.9387 5.43688 26.6622 15.84 23.6671 16.1304 13.9374 2.1067 5.59309 8.75633 30.8235 23.1918 8.85511 15.2974 9.09752 28.1679 20.8145 16.7947 24.6083 30.0365 23.6047 16.3895 23.0851 8.70517 11.0439 25.6884 21.4587 26.795 26.2874 24.2496 19.9744 
17.0361 25.9536 28.4504 15.9991 6.19567 26.2018 13.4184 26.8955 14.0758 13.794 27.7151 30.0621 33.5943 8.35462 30.9632 9.57569 33.0971 27.702 10.0321 29.0008 33.0065 18.9438 11.1254 19.454 28.0254 22.9594 11.387 12.6656 13.8625 14.8031 15.9732 24.8985 26.6167 13.9362 17.3545 29.1911 12.7714 13.7539 16.783 13.591 29.6239 12.964 12.7605 17.927 16.7953 28.3532 15.6019 4.67952 3.74641 17.2315 12.7703 8.81007 21.2728 12.9682 22.3618 24.949 9.77669 16.1195 8.87512 28.2445 1.09498 28.6399 0 28.5387 6.65651 23.4112 31.8798 19.0717 5.23041 23.3428 32.1807 26.6243 10.395 20.1088 12.7666 20.2346 14.7566 29.4041 30.3563 20.7861 15.9074 17.7502 23.2615 24.5855 32.3841 13.5486 10.8599 12.3173 8.11806 16.03 8.68469 23.7296 24.9435 30.8724 23.4982 19.5443 10.4754 13.697 11.1615 10.3385 20.9702 
20.7016 18.0935 7.64381 13.9077 22.5677 17.4065 21.352 2.08952 32.6012 23.1995 15.137 13.7247 14.033 23.9824 11.4343 19.2033 13.5188 7.07014 18.7482 5.5609 14.6647 12.5621 24.4603 25.8171 0.513402 21.7697 23.3662 30.734 26.2885 21.3064 12.992 14.8426 1.94013 29.9494 14.5784 15.3626 18.7984 22.5968 20.6976 15.1453 15.4317 16.7242 33.6099 34.4696 11.9948 2.69187 31.1481 24.9466 28.5719 35.2784 22.2553 26.0081 8.71056 22.4548 6.19913 12.9359 31.8401 14.4764 27.586 10.5895 27.8045 4.01654 28.5387 0 29.698 10.0451 7.12279 18.3205 25.5182 15.2222 15.9327 2.24516 25.1119 18.5481 21.8342 13.3673 13.8817 6.08293 9.59143 10.6249 32.7412 20.6205 6.28846 11.7964 13.0649 29.9122 19.5828 16.2749 23.4897 27.8012 22.4728 19.6545 19.633 4.84991 7.95999 22.9048 20.2188 24.7847 24.6315 22.7818 16.9638 
13.4712 22.8064 31.2494 15.9223 8.25002 30.9245 10.26 27.8006 20.6978 9.67341 25.3194 33.9226 31.8323 14.2495 34.3268 10.9747 31.403 27.2459 13.2863 28.8896 36.7717 22.4517 17.2568 25.6491 29.2002 28.5033 7.74893 19.3213 8.48809 20.3671 18.5744 22.5736 27.7669 20.5784 21.2858 33.4014 17.4346 9.91332 22.2574 14.7537 33.8166 16.6213 19.2558 24.553 17.7509 28.9073 22.2551 10.3178 10.4029 23.795 9.32807 4.38639 21.4232 18.7294 23.5874 23.1232 3.28115 19.7389 15.4533 26.9434 5.9549 28.8841 6.65651 29.698 0 22.5358 34.2615 24.0938 4.57104 27.7573 36.2522 28.104 16.6367 16.975 18.376 24.1459 16.0678 29.1809 29.3569 20.2743 9.26888 23.2155 25.3986 28.3021 30.7274 7.13595 15.3981 14.7485 13.8184 22.5139 14.0694 20.1655 30.0833 32.8765 26.2449 25.3612 15.2298 19.8866 17.3251 16.0444 25.7336 
11.2139 8.59727 16.1769 7.48356 17.2545 23.4242 12.7985 8.0264 31.6521 14.339 6.82585 21.8394 10.4927 21.8316 20.2745 14.0218 9.94712 4.81043 15.477 6.71348 23.561 14.8579 23.5275 27.9837 9.73246 25.8577 15.1831 29.6691 17.313 22.0099 11.9799 5.2939 8.71666 29.4727 16.1173 22.8703 18.1524 13.7942 22.3207 10.5197 23.0846 15.3084 31.9595 34.441 7.96456 7.93028 31.0341 21.1519 24.7066 34.8073 13.7815 18.3273 3.79235 22.3242 7.25356 3.58963 23.9965 14.9366 25.6242 4.93778 22.4487 7.26667 23.4112 10.0451 22.5358 0 16.9624 21.1078 19.1231 20.2829 24.3519 9.92323 23.8677 8.60647 21.595 16.7565 9.85983 6.86258 6.95574 2.74464 23.6473 22.6821 10.8363 17.8026 9.22569 21.0834 17.8523 13.0376 21.1608 28.4184 20.2452 9.69345 24.8117 14.7793 13.2842 25.5036 18.4541 24.8761 23.7102 21.4482 20.7403 
27.0113 25.1958 3.87781 19.3103 26.4334 13.6485 27.0917 8.97344 32.9178 29.0473 22.2521 8.26128 20.503 25.7723 5.38883 23.3212 20.0427 14.1592 21.8549 12.4737 8.17246 13.395 25.3841 24.352 7.31986 19.1766 28.8085 31.2455 32.1215 21.4385 15.9534 21.9242 8.24974 30.0996 15.3727 10.3559 20.2507 28.4303 20.2277 19.5457 10.2518 19.0455 34.3599 34.0309 16.7958 9.74635 30.9613 27.7005 31.1067 35.1142 27.9116 31.0408 14.8936 23.0398 11.3155 20.0214 36.774 16.0746 28.9358 17.6536 31.3306 10.995 31.8798 7.12279 34.2615 16.9624 0 17.3099 29.8092 12.8271 9.85143 7.14578 26.186 25.2367 22.5716 13.0281 18.2332 12.9192 16.3747 17.0487 38.5309 19.8238 8.86383 9.42856 19.6895 35.5611 21.6264 19.754 25.445 27.3255 24.4704 26.6467 16.3498 2.29034 8.42048 21.3968 22.1951 24.9576 25.5305 24.1563 15.374 
24.4937 28.7483 13.4456 16.546 16.1218 7.19737 22.2621 18.005 15.7658 24.1055 27.8981 12.139 30.4043 10.9545 14.0289 14.8209 29.8272 22.4617 11.4042 22.3331 15.0448 6.34203 9.20436 7.49763 17.9308 5.14875 22.4685 14.2425 26.4523 4.78777 9.66743 25.8505 17.1048 12.9196 5.05921 10.6994 6.6827 23.5881 3.06296 13.8144 11.1361 8.38634 17.4351 16.7261 14.0801 19.9717 13.668 14.3983 16.7675 17.8102 22.5533 22.8479 17.3167 6.74204 14.6613 24.5445 27.2945 6.58189 12.9298 25.2083 19.0335 21.0639 19.0717 18.3205 24.0938 21.1078 17.3099 0 19.7408 5.00739 13.753 16.1218 10.1108 25.1003 6.61157 4.96312 13.2688 22.9303 25.816 18.908 31.6747 2.51628 12.2361 7.91398 29.1791 28.6036 8.71221 11.4802 11.0197 10.0159 10.3872 28.3665 5.99097 17.5561 10.3795 4.62448 8.86734 7.96963 9.29667 8.93596 2.19054 
11.8276 20.8634 26.7293 12.033 3.70253 26.4566 8.22063 23.6892 18.5596 8.578 22.8383 29.3539 28.9799 10.5923 29.7639 6.48821 28.5079 23.6693 8.73533 25.1697 32.2008 17.8813 13.6748 21.9569 25.0131 24.3199 6.16195 16.9145 8.95872 16.2899 14.0322 20.0255 23.5788 17.8768 16.7403 28.8535 13.0584 8.52428 18.104 10.4145 29.2666 12.0753 17.5634 22.338 13.5234 24.9236 19.6343 6.83703 8.37157 21.8474 7.54397 3.95797 17.5288 14.8055 19.3475 20.2548 7.59934 15.1761 12.6341 23.7963 4.13764 25.0175 5.23041 25.5182 4.57104 19.1231 29.8092 19.7408 0 23.2458 31.6912 23.8252 13.195 14.9848 14.367 19.5901 11.7159 25.5118 26.063 16.6551 12.364 19.0451 20.9581 23.7324 27.8068 9.52578 11.0303 10.1965 10.0439 19.271 10.0899 18.5544 25.7283 28.4932 21.7183 21.3617 10.9326 16.2888 13.7733 12.1672 21.2978 
25.9135 28.5658 9.08642 17.4534 19.5446 3.47701 24.2756 15.4225 20.6997 26.2396 27.0709 7.14478 28.4587 15.5729 9.07487 17.5502 27.8948 20.5545 14.5364 19.9892 10.0741 6.24514 14.1305 11.5331 14.9234 6.59725 24.9547 19.2266 28.8917 9.74388 10.7332 25.4197 14.4237 17.8512 6.60329 5.88029 10.5764 25.6693 8.06721 15.4424 6.31791 11.2065 22.4252 21.3843 14.6291 17.3196 18.4807 18.6818 21.3895 22.5716 24.7436 25.906 16.5985 11.6539 13.1571 23.8635 30.8409 8.31898 17.8626 23.6954 23.1636 18.559 23.3428 15.2222 27.7573 20.2829 12.8271 5.00739 23.2458 0 8.92026 13.2114 15.0277 25.8336 11.4286 4.08825 14.5308 20.5891 23.8066 18.5646 34.5916 7.42354 9.91756 3.55111 27.3068 31.4775 12.5454 13.7693 15.5239 14.7786 14.7575 28.7033 4.58941 13.4533 7.53903 8.59203 12.876 12.9734 14.2345 13.6085 2.8248 
32.4526 32.9451 8.37721 23.9618 28.0024 6.98053 31.4906 17.2102 28.9069 33.5049 30.5668 2.58441 29.9199 24.4932 4.56305 25.6189 29.4208 22.8129 22.968 21.4885 2.07641 13.8634 22.9569 18.782 15.9122 12.8284 32.5842 27.6288 36.3784 18.5406 18.1549 29.6301 16.2338 26.0951 14.9925 3.05598 19.416 32.9014 16.7252 22.7917 2.618 19.6424 30.8276 28.9501 21.0651 18.598 26.4325 27.543 30.3089 30.3209 32.1102 33.9903 21.2695 20.4902 17.32 27.8178 39.227 16.5151 26.6825 26.3225 31.9471 19.9387 32.1807 15.9327 36.2522 24.3519 9.85143 13.753 31.6912 8.92026 0 14.8527 23.8625 31.5799 20.3116 12.1113 21.6491 22.0156 25.5239 23.4956 42.4216 15.9428 13.7479 8.04988 28.9888 39.3133 21.3306 21.7377 24.4384 22.7487 23.6557 33.7979 9.59123 11.7996 11.5722 16.1987 21.7069 21.5517 23.0495 22.5253 11.5909 
19.9152 18.3614 6.48284 12.5495 20.7451 15.5958 20.2113 2.40006 30.3644 22.124 15.7467 12.4835 15.5362 21.8206 10.5264 17.4247 14.9948 7.99884 16.738 6.94733 13.8214 10.3173 22.2374 23.6193 1.8141 19.7048 22.0863 28.502 25.2133 19.0612 10.8994 15.0493 1.38791 27.7072 12.3336 13.9169 16.59 21.5114 18.463 13.4115 14.0367 14.5824 31.3912 32.2248 10.3547 4.13937 28.903 22.9112 26.516 33.0339 21.0747 24.5661 7.77994 20.2162 4.53376 13.1745 30.3793 12.2567 25.396 11.4832 25.9266 5.43688 26.6243 2.24516 28.104 9.92323 7.14578 16.1218 23.8252 13.2114 14.8527 0 22.8983 18.0924 19.5992 11.1614 12.1171 7.53025 10.9443 9.90834 31.6561 18.3994 4.0438 9.88085 14.4754 28.75 17.428 14.3158 21.3428 25.5589 20.3265 19.6127 17.6959 5.13726 5.80589 20.7199 18.0603 22.5406 22.4078 20.5816 14.8252 
22.3322 29.4201 22.3622 16.9579 10.5582 17.2054 19.0857 24.0686 7.80504 20.3925 29.8885 22.1635 34.2782 2.70496 23.781 11.6219 33.7145 26.9287 8.69644 27.543 25.1017 12.9307 0.910209 9.06363 24.63 12.9721 18.146 5.83095 21.7664 5.32649 12.5379 27.2885 23.4284 5.70189 10.8792 20.8078 6.31739 20.0651 7.22906 13.6096 21.2449 8.76248 8.5048 10.7125 15.9151 25.916 7.39887 6.39759 7.22609 10.9468 18.922 17.0611 20.5392 3.37523 19.6936 26.5995 19.9024 10.6434 2.83872 28.7099 10.7768 26.6622 10.395 25.1119 16.6367 23.8677 26.186 10.1108 13.195 15.0277 23.8625 22.8983 0 24.3162 3.66523 13.2054 14.0342 28.0788 30.1413 21.1647 25.4916 8.12208 18.9093 17.338 33.0015 22.7188 6.02619 10.8825 3.3879 6.10404 3.92965 28.0393 15.4069 25.861 18.0613 9.34023 5.41445 3.3024 0.851383 2.44014 12.2757 
3.56566 5.89507 23.8742 8.55905 14.8323 29.2553 6.84022 16.48 31.5474 7.40259 8.49095 28.9997 15.29 21.7669 27.9046 12.7271 14.9379 13.0543 15.7628 15.1056 31.1071 19.6778 24.295 30.7587 18.1933 30.2241 9.26703 29.6307 9.80283 24.3441 15.4872 5.94504 17.039 29.9638 20.1533 29.6281 20.1 7.07788 25.3128 11.4867 29.915 17.3366 31.2072 34.9281 11.2298 16.5355 31.7006 19.6013 22.5669 34.8901 7.69075 12.6077 10.4758 23.9425 14.3882 7.12664 17.4803 18.5243 25.2027 11.2761 19.0218 15.84 20.1088 18.5481 16.975 8.60647 25.2367 25.1003 14.9848 25.8336 31.5799 18.0924 24.3162 0 23.2365 21.8313 11.8413 15.128 13.9057 8.24572 15.6735 25.9496 17.8584 24.169 14.3263 13.523 18.9437 14.2124 21.0432 29.9254 20.3867 3.75542 30.0002 23.1449 20.0285 28.8407 19.3796 26.3318 24.4622 22.183 25.4402 
21.7371 27.9097 18.7329 15.2344 11.0918 13.7957 18.8267 20.9337 10.7685 20.3957 27.9503 18.5449 31.8174 4.44493 20.119 11.0408 31.2449 24.2242 7.58365 24.6536 21.4929 9.43529 2.81956 7.86677 21.3662 10.2093 18.3636 8.9076 22.2257 2.03665 9.77481 25.491 20.2287 8.17958 7.36933 17.256 3.44295 19.9789 4.02148 11.9259 17.6944 6.30794 11.8814 12.9741 13.6727 22.8308 9.56242 8.19522 10.1933 13.57 18.8538 17.943 18.0543 0.733013 16.7152 24.5929 21.6486 7.40832 6.49439 26.2975 12.883 23.6671 12.7666 21.8342 18.376 21.595 22.5716 6.61157 14.367 11.4286 20.3116 19.5992 3.66523 23.2365 0 9.56298 12.0337 25.211 27.5138 18.9821 26.6925 4.98645 15.5694 13.6728 30.544 23.7462 4.31369 9.11425 4.65904 6.86276 4.30953 26.858 12.2465 22.3198 14.5457 7.00169 3.97325 3.2816 2.96048 2.42947 8.72727 
21.8315 24.8177 9.1745 13.3954 15.8961 7.56525 20.2024 13.0541 19.9487 22.1738 23.5821 9.85636 25.6244 13.091 10.8377 13.6525 25.0497 17.6649 10.8597 17.4294 12.782 2.16683 12.3818 12.459 12.972 9.14302 20.9424 18.236 24.8597 8.43881 6.64606 21.752 12.1452 17.1587 2.89588 9.27267 7.64576 21.5994 7.44778 11.3632 9.68098 7.5311 21.3351 21.3576 10.6043 15.0195 18.1465 15.6782 18.7427 22.3134 20.6869 22.0387 12.9904 10.0134 9.93348 20.2931 27.1475 4.43009 15.9955 20.5616 19.9281 16.1304 20.2346 13.3673 24.1459 16.7565 13.0281 4.96312 19.5901 4.08825 12.1113 11.1614 13.2054 21.8313 9.56298 0 10.4426 18.0291 21.0034 14.8207 30.6468 7.27331 7.28441 4.36676 24.4187 27.53 9.39708 9.81086 12.8823 14.628 11.9867 24.797 8.21504 12.9431 5.45796 9.57708 9.85103 11.9775 12.5232 11.3117 4.00839 
11.4156 15.9589 15.4408 3.33159 8.69381 18.0077 9.87257 12.1581 21.8013 11.8782 15.941 19.1187 20.33 11.9762 18.9015 5.32224 19.7753 13.3899 5.67065 14.4313 21.7183 8.29226 13.7389 19.1254 13.3713 18.4053 10.9889 19.8178 14.7301 12.8005 3.80984 13.4574 11.944 19.6803 8.39629 19.1908 8.6549 11.2829 13.5644 1.31489 19.5474 5.76823 22.1103 24.674 2.09535 13.5994 21.2844 11.6632 15.312 24.981 10.4622 12.8548 6.82376 12.766 7.68328 12.6071 18.5445 6.71289 15.7737 14.7554 13.968 13.9374 14.7566 13.8817 16.0678 9.85983 18.2332 13.2688 11.7159 14.5308 21.6491 12.1171 14.0342 11.8413 12.0337 10.4426 0 14.8853 16.4049 7.13738 20.8606 14.1517 9.37854 13.664 19.0566 17.7781 8.05172 3.17815 11.312 18.8949 10.3871 15.212 18.3931 16.8088 10.5587 17.0505 8.6334 15.2931 13.9204 11.6331 13.7454 
18.0111 13.1186 13.7069 13.5013 23.2122 23.1114 19.6399 5.18744 35.8354 21.2016 9.69198 19.791 8.01357 26.4603 17.5104 19.8327 7.48029 2.08357 20.4606 0.601874 20.7218 16.6984 27.5671 30.3424 6.13406 26.9488 21.9884 33.8868 24.1689 25.1071 15.5437 10.1646 6.20878 33.3759 18.4948 21.3667 21.8788 20.6557 24.8885 15.9027 21.4573 19.3253 36.5062 38.1624 12.79 3.44771 34.7619 26.5477 30.1972 38.7729 20.6188 25.0613 8.13768 25.8998 8.52243 8.35798 30.7894 17.8792 30.2361 4.93962 28.5156 2.1067 29.4041 6.08293 29.1809 6.86258 12.9192 22.9303 25.5118 20.5891 22.0156 7.53025 28.0788 15.128 25.211 18.0291 14.8853 0 3.5094 8.90775 30.4758 24.9957 10.7947 17.3665 6.99478 27.943 22.1479 17.8852 25.8619 31.6995 24.8718 15.2269 25.1323 10.6403 13.0564 27.5506 22.7891 28.3881 27.7478 25.6486 21.9208 
17.1633 10.6984 17.2054 14.3828 24.1867 26.4521 19.3661 8.55707 37.9438 20.6852 6.96825 23.2883 4.65219 28.3079 21.0196 20.9129 4.08938 3.35905 22.0752 4.04172 24.2276 19.4988 29.7053 33.1235 9.62947 30.048 21.8348 35.9722 23.4829 27.6077 17.7408 8.2444 9.58541 35.6029 21.1646 24.8352 24.1071 20.1956 27.5684 17.2369 24.9351 21.4011 38.4365 40.4845 14.3609 6.93798 37.0697 27.9479 31.5438 40.9906 20.3535 25.0771 9.631 28.224 11.1705 6.77931 30.6202 20.3518 32.1107 2.63259 29.4001 5.59309 30.3563 9.59143 29.3569 6.95574 16.3747 25.816 26.063 23.8066 25.5239 10.9443 30.1413 13.9057 27.5138 21.0034 16.4049 3.5094 0 9.58597 29.5642 27.7563 13.9107 20.683 3.53332 27.2645 24.1288 19.5458 27.6682 34.1725 26.711 13.1949 28.3791 14.1078 16.2727 30.4082 24.7571 30.754 29.8879 27.7013 24.9624 
10.0802 10.0069 15.6447 4.7971 14.6063 21.8444 10.968 8.53639 28.9384 12.7048 9.07378 20.9302 13.2372 19.0987 19.6958 11.3291 12.6917 7.01543 12.7358 8.62036 22.9243 12.8044 20.8447 25.5778 10.2162 23.7978 13.2014 26.955 15.7718 19.4905 9.51278 6.95462 8.9524 26.7906 13.8619 21.7276 15.5456 12.1192 19.9145 7.77513 21.9833 12.6778 29.2221 31.7709 5.31031 9.05184 28.3699 18.4213 21.989 32.1097 11.921 16.1866 2.24207 19.7137 6.19203 5.69153 21.9558 12.5543 22.888 7.68002 19.8446 8.75633 20.7861 10.6249 20.2743 2.74464 17.0487 18.908 16.6551 18.5646 23.4956 9.90834 21.1647 8.24572 18.9821 14.8207 7.13738 8.90775 9.58597 0 22.2074 20.3329 9.75043 16.4183 11.9703 19.4704 15.1609 10.3116 18.4246 25.8281 17.5149 10.3447 22.9993 15.0166 12.0539 23.1912 15.7554 22.2629 21.0269 18.7533 18.7332 
12.4744 20.4147 36.1576 19.2242 15.6725 37.9718 11.4488 30.6721 29.9662 9.54413 23.8423 39.9264 30.7373 22.9367 39.7489 17.0481 30.4404 28.3959 20.2882 30.3589 42.5731 28.6645 26.0138 34.3205 32.2985 36.4686 9.87236 28.5681 6.45309 28.5732 24.2696 21.5544 30.9443 29.7749 27.9914 39.8144 25.0547 10.1514 30.3215 19.6582 40.1967 23.4957 28.5034 33.8211 21.8681 31.2461 31.4747 19.0944 19.6497 33.0569 10.6208 8.83465 24.0317 27.1542 27.2366 22.7919 6.53658 26.2758 24.5915 26.9401 15.1279 30.8235 15.9074 32.7412 9.26888 23.6473 38.5309 31.6747 12.364 34.5916 42.4216 31.6561 25.4916 15.6735 26.6925 30.6468 20.8606 30.4758 29.5642 22.2074 0 31.2407 29.9295 34.3787 29.8713 3.11688 23.0866 20.8382 22.4041 31.5104 22.4425 17.4473 37.5941 36.7596 31.3908 33.664 23.0898 28.6373 26.1054 24.5285 33.0007 
25.0078 29.9722 15.9571 17.482 15.5695 9.13053 22.4874 20.183 13.2829 24.2319 29.3956 14.4881 32.294 9.42731 16.4894 14.7981 31.7156 24.3975 11.2605 24.4041 17.3495 8.29726 7.21539 5.36771 20.2133 5.28796 22.4111 11.8094 26.3668 2.95427 10.8569 27.2084 19.3177 10.4344 6.62016 12.9136 6.3205 23.7529 0.968241 14.4843 13.3438 8.70446 15.0114 14.2195 15.2639 22.149 11.1523 13.1524 15.1131 15.2941 22.6716 22.4174 18.9188 4.88541 16.5895 26.0182 26.4698 7.77909 10.8643 26.9857 17.8416 23.1918 17.7502 20.6205 23.2155 22.6821 19.8238 2.51628 19.0451 7.42354 15.9428 18.3994 8.12208 25.9496 4.98645 7.27331 14.1517 24.9957 27.7563 20.3329 31.2407 0 14.4404 10.4298 31.0511 28.2245 8.1808 11.8937 9.63503 7.50192 9.18744 29.3635 7.31031 20.038 12.731 2.89989 8.15142 5.61303 7.27689 7.41587 4.60858 
18.9873 19.3995 6.25983 10.7706 17.6348 12.7717 18.5685 5.76997 26.3299 20.5654 17.4402 11.1799 18.5612 17.9437 10.1216 14.4707 17.9941 10.6384 13.247 10.193 13.2658 6.2802 18.2302 19.7164 5.841 16.1623 20.1136 24.4758 23.5938 15.0194 7.30059 16.1215 4.87794 23.6653 8.28992 12.0519 12.6204 19.9476 14.4621 10.6883 12.2831 10.7871 27.3883 28.1856 8.06521 7.73602 24.86 19.3089 22.8534 28.9901 19.3281 22.2155 7.53365 16.1798 3.61355 14.4043 27.923 8.26998 21.4533 13.8087 22.6461 8.85511 23.2615 6.28846 25.3986 10.8363 8.86383 12.2361 20.9581 9.91756 13.7479 4.0438 18.9093 17.8584 15.5694 7.28441 9.37854 10.7947 13.9107 9.75043 29.9295 14.4404 0 7.03421 17.397 26.9063 13.5824 10.9952 17.5003 21.5296 16.4885 20.0746 14.5041 7.6161 2.47988 16.8577 14.203 18.4968 18.3988 16.6233 11.1279 
24.7075 26.296 5.60588 16.1664 20.0642 5.77812 23.5328 12.179 23.6361 25.5413 24.4675 5.62532 25.3227 17.4089 6.49525 17.5837 24.768 17.5151 15.0516 16.7725 8.48456 5.85295 16.4801 14.9603 11.5296 10.1397 24.5534 22.0406 28.3752 12.2852 10.1092 23.0565 11.1596 20.798 7.23099 5.54786 12.0038 24.9438 10.8978 14.7735 5.88962 11.7704 25.204 24.6123 13.2598 14.0186 21.582 20.043 23.0974 25.7217 24.1211 25.9458 14.2989 14.0407 10.5508 21.3875 31.2302 8.59373 20.1617 20.7938 24.2564 15.2974 24.5855 11.7964 28.3021 17.8026 9.42856 7.91398 23.7324 3.55111 8.04988 9.88085 17.338 24.169 13.6728 4.36676 13.664 17.3665 20.683 16.4183 34.3787 10.4298 7.03421 0 24.2088 31.2686 13.761 13.7013 17.2258 17.9224 16.343 26.739 7.8368 9.91879 4.55434 11.9949 14.2178 15.7314 16.6084 15.578 5.94597 
17.8237 9.82285 20.6998 16.6547 26.3042 29.9804 20.5132 12.0901 40.8021 21.5636 6.08706 26.7838 1.27674 31.0321 24.4648 23.1643 0.721944 6.76748 24.6962 7.55126 27.6444 22.8428 32.6184 36.417 13.1288 33.5004 23.0302 38.8217 24.1263 30.7574 20.785 8.38208 13.1185 38.55 24.4368 28.3555 27.1114 21.142 30.8202 19.7454 28.4501 24.3332 41.1669 43.4808 17.0952 10.4414 40.0658 30.3502 33.8752 43.9149 21.4813 26.3643 12.4972 31.264 14.519 7.60597 31.6548 23.5249 34.8303 4.30124 31.382 9.09752 32.3841 13.0649 30.7274 9.22569 19.6895 29.1791 27.8068 27.3068 28.9888 14.4754 33.0015 14.3263 30.544 24.4187 19.0566 6.99478 3.53332 11.9703 29.8713 31.0511 17.397 24.2088 0 27.8461 26.9754 22.2331 30.3681 37.2831 29.4412 12.6841 31.8853 17.4513 19.7806 33.7474 27.59 33.8091 32.8013 30.5692 28.3974 
10.1058 18.7211 33.1182 16.2537 12.677 34.8615 8.56039 27.8579 27.6069 6.772 21.9224 36.8226 28.786 20.1149 36.6761 13.9382 28.4496 25.8755 17.2063 27.7899 39.4805 25.5485 23.1979 31.4426 29.4591 33.4326 6.80325 26.113 3.78681 25.5965 21.1595 19.4674 28.0862 27.2257 24.8784 36.6993 22.0056 7.35135 27.3139 16.5641 37.0823 20.395 26.2898 31.4492 18.8411 28.5221 28.9546 16.3424 17.2417 30.7801 7.6755 5.812 21.2065 24.2309 24.2947 20.5438 5.26854 23.1608 22.0005 24.665 12.6702 28.1679 13.5486 29.9122 7.13595 21.0834 35.5611 28.6036 9.52578 31.4775 39.3133 28.75 22.7188 13.523 23.7462 27.53 17.7781 27.943 27.2645 19.4704 3.11688 28.2245 26.9063 31.2686 27.8461 0 20.0543 17.7218 19.5534 28.784 19.534 15.7973 34.5088 33.8309 28.3223 30.6912 20.0804 25.8064 23.2979 21.6342 29.9043 
17.4316 23.7302 17.987 11.107 7.44195 15.573 14.5859 18.363 13.8295 16.221 23.9737 19.2037 28.2521 4.40304 20.1952 6.79485 27.6884 20.9374 3.28305 21.6249 22.1513 8.30432 5.68749 12.0906 19.0845 13.382 14.2915 11.8517 18.222 5.7509 6.68423 21.4319 17.8056 11.6314 6.54625 18.3575 2.03653 15.7787 7.29216 7.75842 18.7878 2.87259 14.3596 16.6223 9.89307 20.1471 13.2346 6.2822 9.49431 16.9552 14.6674 14.2544 14.5169 5.00525 13.8802 20.654 18.5852 5.55229 8.10555 22.6845 10.6245 20.8145 10.8599 19.5828 15.3981 17.8523 21.6264 8.71221 11.0303 12.5454 21.3306 17.428 6.02619 18.9437 4.31369 9.39708 8.05172 22.1479 24.1288 15.1609 23.0866 8.1808 13.5824 13.761 26.9754 20.0543 0 4.95926 3.91913 11.0189 2.90607 22.5867 14.7021 20.9484 13.226 10.7751 0.644434 7.40733 5.86923 3.59656 10.3533 
13.1167 18.8021 16.555 6.15042 6.68879 17.1847 10.7889 14.7325 18.6321 12.6641 19.0257 19.3194 23.5069 8.79905 19.5837 3.88243 22.9514 16.4766 2.57707 17.4056 22.107 7.88074 10.6241 16.5495 15.7618 16.5982 11.2049 16.6487 15.1672 10.1317 3.8429 16.4728 14.3724 16.5514 7.1926 19.0269 5.88811 12.1309 11.1834 2.81384 19.4205 3.18931 18.9349 21.555 5.18512 16.3282 18.1798 8.75342 12.4116 21.8271 11.1246 12.2584 9.92884 9.83791 10.1576 15.7207 17.567 5.45224 12.5983 17.9319 11.6609 16.7947 12.3173 16.2749 14.7485 13.0376 19.754 11.4802 10.1965 13.7693 21.7377 14.3158 10.8825 14.2124 9.11425 9.81086 3.17815 17.8852 19.5458 10.3116 20.8382 11.8937 10.9952 13.7013 22.2331 17.7218 4.95926 0 8.13865 15.935 7.20907 17.7776 17.0939 18.6096 11.5401 14.7461 5.51027 12.3198 10.8042 8.5023 12.4082 
18.9708 26.2671 21.7478 14 7.19777 18.1997 15.7007 22.2322 10.6469 17.0079 26.9302 22.4762 31.641 0.723878 23.7158 8.31801 31.0871 24.5529 5.70683 25.355 25.4403 12.0602 3.67893 11.9203 22.9896 14.8675 14.7743 8.68044 18.4375 6.69443 10.5422 24.2707 21.6984 8.92391 10.1631 21.4042 5.25187 16.6776 8.66723 10.703 21.8417 6.76553 10.7993 13.8885 13.3127 23.9876 10.6726 3.54673 5.88836 13.9377 15.5345 13.8247 18.0391 4.92884 17.7158 23.6982 17.0991 9.39559 4.46345 26.0669 8.22753 24.6083 8.11806 23.4897 13.8184 21.1608 25.445 11.0197 10.0439 15.5239 24.4384 21.3428 3.3879 21.0432 4.65904 12.8823 11.312 25.8619 27.6682 18.4246 22.4041 9.63503 17.5003 17.2258 30.3681 19.5534 3.91913 8.13865 0 9.44401 1.01685 24.7819 16.8362 24.8334 17.0771 11.5652 3.29863 6.25616 3.79951 2.24772 13.0029 
28.184 34.7359 23.4589 22.0759 16.641 15.7682 25.0485 27.1528 6.20939 26.4291 34.8118 21.6274 38.552 8.79303 23.8379 17.4103 37.9768 30.8483 14.164 31.1256 24.3642 15.251 5.80128 4.45479 27.3666 10.1808 24.2162 5.32206 27.867 6.59257 16.5044 32.3513 26.3581 3.54209 13.2883 19.8346 10.2842 26.0798 7.18168 18.7484 20.2424 13.166 8.33945 6.73393 20.5225 29.0972 3.71266 12.4417 12.4667 7.80322 24.9374 23.1572 24.8258 6.12991 23.1783 31.4519 25.7426 13.8376 7.20105 33.066 16.5728 30.0365 16.03 27.8012 22.5139 28.4184 27.3255 10.0159 19.271 14.7786 22.7487 25.5589 6.10404 29.9254 6.86276 14.628 18.8949 31.6995 34.1725 25.8281 31.5104 7.50192 21.5296 17.9224 37.2831 28.784 11.0189 15.935 9.44401 0 9.79678 33.5927 13.2921 27.5098 20.0519 6.55564 10.5506 3.61546 5.66143 7.80485 12.0281 
18.4375 25.5212 20.7895 13.153 6.98064 17.5276 15.2532 21.218 11.4733 16.647 26.0929 21.6489 30.7153 1.597 22.8243 7.69918 30.1592 23.5802 4.84868 24.3621 24.6113 11.0973 4.00173 11.9163 21.9728 14.4638 14.4758 9.49482 18.2266 6.30102 9.52784 23.456 20.682 9.60197 9.22955 20.6333 4.34095 16.2875 8.22173 9.83106 21.0697 5.74869 11.7322 14.6003 12.3658 22.9771 11.3208 4.01351 6.75608 14.7281 15.1459 13.7556 17.0801 4.71583 16.7053 22.8392 17.3402 8.40749 5.39999 25.1401 8.67999 23.6047 8.68469 22.4728 14.0694 20.2452 24.4704 10.3872 10.0899 14.7575 23.6557 20.3265 3.92965 20.3867 4.30953 11.9867 10.3871 24.8718 26.711 17.5149 22.4425 9.18744 16.4885 16.343 29.4412 19.534 2.90607 7.20907 1.01685 9.79678 0 24.1111 16.2814 23.8368 16.0908 11.3081 2.29282 6.41983 4.15221 2.11168 12.3047 
6.77519 2.96851 25.7773 11.8815 18.5715 32.06 10.3372 17.6858 35.3008 10.4934 6.60264 31.244 13.4217 25.5058 29.8673 16.4704 13.1848 13.2797 19.4441 15.3525 33.1341 22.6795 27.9987 34.2812 19.3759 33.4467 12.6251 33.3817 12.3332 27.8897 18.7005 5.06651 18.4075 33.6984 23.3511 32.0723 23.6582 10.3 28.7681 15.0016 32.3273 20.8472 34.9599 38.6696 14.3153 17.3236 35.4301 23.3515 26.2814 38.6422 11.0915 15.8771 12.5413 27.5711 16.4799 6.89171 20.2766 21.7893 28.9564 10.6487 22.6376 16.3895 23.7296 19.6545 20.1655 9.69345 26.6467 28.3665 18.5544 28.7033 33.7979 19.6127 28.0393 3.75542 26.858 24.797 15.212 15.2269 13.1949 10.3447 17.4473 29.3635 20.0746 26.739 12.6841 15.7973 22.5867 17.7776 24.7819 33.5927 24.1111 0 33.01 24.4445 22.3985 32.2625 23.042 29.9894 28.1676 25.8794 28.5455 
29.7997 33.0053 12.9203 21.4993 22.0977 2.81313 27.8501 19.9528 19.4956 29.7533 31.6165 8.97855 33.0305 16.6872 11.6776 20.6364 32.4683 25.1381 17.3059 24.5341 11.3854 10.3367 14.5058 9.19943 19.3645 3.23789 28.2441 18.3652 32.2248 10.2412 14.5997 29.9007 18.9439 16.7352 10.0345 6.90181 12.6702 29.2115 8.25021 19.1477 7.2572 14.1515 21.5286 19.3635 18.7735 21.8254 16.9304 20.2921 22.4173 20.7517 28.2178 28.7821 21.0937 12.1937 17.7304 28.3822 33.2855 11.7791 18.093 28.2842 24.9576 23.0851 24.9435 19.633 30.0833 24.8117 16.3498 5.99097 25.7283 4.58941 9.59123 17.6959 15.4069 30.0002 12.2465 8.21504 18.3931 25.1323 28.3791 22.9993 37.5941 7.31031 14.5041 7.8368 31.8853 34.5088 14.7021 17.0939 16.8362 13.2921 16.2814 33.01 0 17.3613 12.1064 6.75765 14.8544 12.6249 14.5571 14.6618 4.6922 
25.0484 22.9401 4.44116 17.5904 25.2315 14.7855 25.3109 6.759 32.8803 27.238 19.9669 9.93969 18.2927 25.2159 7.24334 22.0192 17.822 11.8703 20.849 10.1883 10.2621 12.9344 25.1004 24.8368 5.07596 19.9867 27.1271 31.1361 30.3244 21.369 14.9013 19.68 6.107 30.0998 14.9819 11.8973 19.7413 26.6239 20.3394 18.1228 11.8582 18.2456 34.1902 34.2427 15.2217 7.45731 31.0756 26.8544 30.3504 35.2424 26.1598 29.4964 12.9132 22.8421 9.53857 17.7747 35.2777 15.4445 28.5432 15.3633 30.2622 8.70517 30.8724 4.84991 32.8765 14.7793 2.29034 17.5561 28.4932 13.4533 11.7996 5.13726 25.861 23.1449 22.3198 12.9431 16.8088 10.6403 14.1078 15.0166 36.7596 20.038 7.6161 9.91879 17.4513 33.8309 20.9484 18.6096 24.8334 27.5098 23.8368 24.4445 17.3613 0 7.80616 21.8669 21.5448 24.912 25.2561 23.7172 15.7792 
20.9131 21.8209 5.01495 12.4885 18.2209 10.2999 20.1791 7.90883 25.1902 22.1933 19.9171 8.98787 20.9243 17.4367 8.36064 15.2743 20.3619 13.0434 13.4985 12.4557 11.3144 5.13082 17.3104 17.8694 7.59302 13.9316 21.522 23.4065 25.1595 13.7107 7.69755 18.558 6.9291 22.4462 7.1863 9.67443 11.9433 21.5802 12.8843 11.8165 9.93048 10.6255 26.4264 26.7703 9.63405 9.83517 23.5176 19.2808 22.6929 27.6789 20.8739 23.358 9.87608 15.0904 6.0338 16.8614 28.9379 7.68328 20.7371 16.2664 22.9828 11.0439 23.4982 7.95999 26.2449 13.2842 8.42048 10.3795 21.7183 7.53903 11.5722 5.80589 18.0613 20.0285 14.5457 5.45796 10.5587 13.0564 16.2727 12.0539 31.3908 12.731 2.47988 4.55434 19.7806 28.3223 13.226 11.5401 17.0771 20.0519 16.0908 22.3985 12.1064 7.80616 0 14.9478 13.8057 17.2478 17.4684 15.9121 9.01944 
27.8464 32.8652 17.6006 20.3812 18.0148 9.2194 25.2506 22.6274 12.7457 26.9555 32.2431 15.1633 34.9802 11.215 17.5095 17.5087 34.4023 27.0509 13.96 26.954 17.845 10.9102 8.50398 2.96994 22.5246 3.78753 25.0659 11.6196 28.995 5.09486 13.739 30.0838 21.7223 9.9775 9.39256 13.3089 9.04455 26.4919 3.56983 17.3672 13.7106 11.5606 14.7733 12.8937 18.1536 24.5937 10.2343 15.1079 16.5617 14.18 25.3967 24.88 21.7275 6.63732 19.2414 28.8697 28.6377 10.6478 11.7839 29.7308 19.7646 25.6884 19.5443 22.9048 25.3612 25.5036 21.3968 4.62448 21.3617 8.59203 16.1987 20.7199 9.34023 28.8407 7.00169 9.57708 17.0505 27.5506 30.4082 23.1912 33.664 2.89989 16.8577 11.9949 33.7474 30.6912 10.7751 14.7461 11.5652 6.55564 11.3081 32.2625 6.75765 21.8669 14.9478 0 10.6511 6.20665 8.50554 9.32348 6.08976 
17.7783 24.2355 18.5346 11.6437 7.41811 15.8318 14.8557 19.0057 13.2122 16.4443 24.5357 19.6172 28.8665 3.76409 20.6731 7.06767 28.3037 21.5716 3.63769 22.2669 22.5714 8.84333 5.114 11.8204 19.7213 13.4015 14.4572 11.2325 18.3597 5.57514 7.32844 21.9767 18.4454 11.0482 7.03218 18.7161 2.29966 16.0184 7.2338 8.28986 19.1487 3.51564 13.72 16.0474 10.5008 20.7912 12.6695 5.84648 8.95563 16.3547 14.8974 14.2704 15.1406 4.63069 14.5246 21.2252 18.4436 6.12355 7.46134 23.2969 10.2946 21.4587 10.4754 20.2188 15.2298 18.4541 22.1951 8.86734 10.9326 12.876 21.7069 18.0603 5.41445 19.3796 3.97325 9.85103 8.6334 22.7891 24.7571 15.7554 23.0898 8.15142 14.203 14.2178 27.59 20.0804 0.644434 5.51027 3.29863 10.5506 2.29282 23.042 14.8544 21.5448 13.8057 10.6511 0 6.95228 5.29436 2.99968 10.5976 
24.6598 31.1205 21.0825 18.4623 13.3851 14.6927 21.5954 23.994 7.97121 23.0463 31.2217 20.0825 35.0815 5.7006 21.9865 13.8897 34.5082 27.4512 10.5796 27.8238 22.9579 12.247 2.6331 5.77159 24.3306 9.94552 20.8944 6.30926 24.6382 3.54369 13.0279 28.7462 23.2481 5.19836 10.2083 18.5261 6.72368 22.6716 4.90687 15.1331 18.9557 9.58672 9.48102 9.77633 16.9531 25.9146 6.39085 9.58969 10.4777 10.4946 21.5328 20.0798 21.3254 2.552 19.8726 27.8679 23.1601 10.5179 5.57729 29.5694 14.0621 26.795 13.697 24.7847 19.8866 24.8761 24.9576 7.96963 16.2888 12.9734 21.5517 22.5406 3.3024 26.3318 3.2816 11.9775 15.2931 28.3881 30.754 22.2629 28.6373 5.61303 18.4968 15.7314 33.8091 25.8064 7.40733 12.3198 6.25616 3.61546 6.41983 29.9894 12.6249 24.912 17.2478 6.20665 6.95228 0 2.56205 4.33777 10.1493 
22.5842 29.4705 21.6933 16.9277 10.9937 16.3706 19.402 23.6421 8.08762 20.7678 29.8299 21.3755 34.078 3.18682 23.0325 11.8283 33.5113 26.6487 8.74585 27.2044 24.3081 12.3441 0.182931 8.33182 24.1549 12.1245 18.5587 6.14895 22.237 4.50892 12.2082 27.2634 22.9773 5.76368 10.2825 19.996 5.89132 20.4209 6.39046 13.5731 20.4327 8.48707 8.99109 10.7543 15.7461 25.509 7.37664 7.03522 8.05618 11.1141 19.2782 17.6004 20.3156 2.58648 19.3166 26.5186 20.5981 10.1559 3.63337 28.519 11.5049 26.2874 11.1615 24.6315 17.3251 23.7102 25.5305 9.29667 13.7733 14.2345 23.0495 22.4078 0.851383 24.4622 2.96048 12.5232 13.9204 27.7478 29.8879 21.0269 26.1054 7.27689 18.3988 16.6084 32.8013 23.2979 5.86923 10.8042 3.79951 5.66143 4.15221 28.1676 14.5571 25.2561 17.4684 8.50554 5.29436 2.56205 0 2.31179 11.4691 
20.3791 27.1611 20.378 14.618 9.09092 16.1333 17.2687 21.6897 10.2437 18.7085 27.5269 20.6598 31.8459 2.02756 22.0685 9.60584 31.2815 24.4893 6.4435 25.1152 23.6206 10.795 2.13534 9.8099 22.2948 12.6275 16.5635 8.27098 20.3324 4.46513 10.1136 24.9539 21.0707 8.05001 8.78428 19.476 4.00519 18.3352 6.45043 11.2636 19.9146 6.32635 10.8903 13.0529 13.4896 23.5222 9.68518 5.79437 7.83238 13.3591 17.1959 15.8626 18.1014 2.68643 17.2851 24.2217 19.3235 8.35833 4.83755 26.2797 10.4737 24.2496 10.3385 22.7818 16.0444 21.4482 24.1563 8.93596 12.1672 13.6085 22.5253 20.5816 2.44014 22.183 2.42947 11.3117 11.6331 25.6486 27.7013 18.7533 24.5285 7.41587 16.6233 15.578 30.5692 21.6342 3.59656 8.5023 2.24772 7.80485 2.11168 25.8794 14.6618 23.7172 15.9121 9.32348 2.99968 4.33777 2.31179 0 10.9908 
25.1351 28.7009 11.5443 16.9033 17.6258 5.23769 23.158 16.8615 17.8912 25.0635 27.5656 9.9485 29.5947 12.9903 11.8808 15.9949 29.0215 21.6355 12.7343 21.3193 12.8559 5.92941 11.3723 9.05931 16.6092 5.1347 23.5773 16.4037 27.5546 6.96342 9.97544 25.6822 15.9124 15.0426 5.3584 8.53505 8.32486 24.5203 5.24408 14.4672 8.9729 9.51301 19.6013 18.6862 14.2449 18.8132 15.7158 16.291 18.8158 19.8307 23.5298 24.2146 16.9627 8.90151 13.9353 24.2605 28.8891 7.09343 15.1022 24.5663 20.8693 19.9744 20.9702 16.9638 25.7336 20.7403 15.374 2.19054 21.2978 2.8248 11.5909 14.8252 12.2757 25.4402 8.72727 4.00839 13.7454 21.9208 24.9624 18.7332 33.0007 4.60858 11.1279 5.94597 28.3974 29.9043 10.3533 12.4082 13.0029 12.0281 12.3047 28.5455 4.6922 15.7792 9.01944 6.08976 10.5976 10.1493 11.4691 10.9908 0 
