100
16.9946 17.7239 0.54061 0
11.8077 13.9917 1.16668 0
12.6867 16.6021 1.91948 0
9.78974 11.9855 1.85316 0
15.2562 15.8231 0.897016 0
13.4153 19.119 23.3419 0
18.8361 21.471 1.00685 1
2.4922 7.1402 27.8233 0
12.7622 18.7563 5.17619 0
7.2905 14.145 1.90826 1
5.31138 14.4124 2.09771 0
8.71672 21.6289 0.500361 0
5.66842 6.17256 1.41207 0
3.33854 9.10915 1.90596 0
7.81447 19.8146 0.950259 0
2.70537 15.084 1.27695 1
5.77367 10.2855 2.08639 0
9.76906 12.8116 19.6028 1
2.17536 23.9533 1.41475 0
1.54764 13.5428 0.447911 0
11.4273 18.3487 1.57128 0
18.5172 21.2129 1.76932 0
13.6902 15.849 1.42126 0
6.20362 6.73134 0.500656 0
6.9829 19.3813 1.00787 0
10.2219 22.926 1.77635 1
0.336461 5.64438 1.52695 1
6.39448 14.7473 1.46242 0
18.0739 22.0957 1.04378 1
5.01221 8.8119 0.323461 0
12.118 22.1343 0.328342 0
4.0948 5.16705 1.12238 0
15.5757 20.555 19.6578 0
1.5775 10.9302 0.306742 0
0.687378 8.29515 13.2383 0
10.3987 12.2603 1.97868 0
5.4723 21.5072 0.816203 0
11.7096 19.519 1.23273 1
10.5165 15.2949 1.25035 0
12.5147 23.0856 1.86793 0
11.1999 22.3415 1.96903 0
1.28157 8.03743 1.93982 0
8.39059 21.9229 1.21229 0
14.6977 15.9061 1.88933 0
13.2384 15.588 1.72243 0
1.64266 5.95837 1.16798 0
6.78401 6.93976 1.54619 0
7.2925 13.5593 0.929931 0
12.4959 20.484 0.496084 0
7.73541 13.1682 0.218717 0
17.6771 21.2984 1.76888 0
13.7019 18.4292 1.13742 1
0.0178069 2.83512 5.58231 0
16.2676 16.3274 1.59642 0
5.76538 20.1909 0.366963 0
18.4046 20.6878 12.1009 1
0.78352 23.9197 0.817338 0
16.4357 17.953 1.80145 0
16.3406 19.9084 1.99067 0
17.5551 19.7125 2.15796 0
13.79 14.4038 1.55375 0
9.86151 23.6 1.39871 0
14.0442 23.5157 1.60887 0
7.33426 16.8657 0.395421 0
3.4466 12.3148 1.19144 0
12.9948 16.5731 2.1424 1
7.97855 21.1945 0.907474 0
13.6862 16.817 1.08691 0
5.24428 20.5509 0.406595 0
6.99659 17.6943 0.559216 1
16.0785 22.8917 2.14652 0
14.0544 19.3652 1.1098 0
6.02838 12.8179 1.87249 1
12.9383 13.2155 1.62121 0
1.74991 20.7296 0.672552 1
6.91438 23.7127 1.0758 0
3.40509 11.8383 1.62297 0
13.8472 20.6495 1.93875 0
12.7192 21.7826 1.10032 0
5.87092 14.3819 0.980973 0
11.6068 23.7554 1.18268 0
7.74233 14.0248 0.426778 0
12.7389 21.1217 0.261734 0
5.61582 18.8107 1.95363 0
4.75636 13.6064 1.55698 0
1.49155 8.69458 23.6387 0
0.948442 17.3072 1.15933 0
17.0386 21.8682 1.44474 0
10.8515 20.0445 1.17486 0
4.20713 18.8803 1.57385 1
10.6656 21.7858 1.53806 0
17.264 21.3574 2.15162 0
9.82314 17.6325 2.54535 1
2.78364 5.40467 1.33437 0
14.1293 22.6801 12.3103 0
0.719215 6.58965 2.2278 0
10.6549 17.9609 0.901392 0
13.4162 18.1357 2.12394 0
0.360802 15.6041 2.22222 0
0.249024 8.47308 0.828191 0
400 50 500
0.025 0.0125 10000 3000 15 1e+06 300000 6 9
0 43.1294 44.7112 19.9907 37.2012 33.5544 26.1235 20.5563 28.8959 39.7728 33.461 29.9877 35.3519 20.6463 37.6132 37.19 32.6163 16.1502 23.2152 49.0917 37.2538 24.0947 34.8016 30.4422 50.3342 45.6023 3.04158 6.7433 49.5236 13.5277 48.1681 42.9322 42.9395 30.2512 39.1062 39.7966 10.6402 53.5254 42.4415 19.1532 15.3869 49.0002 33.045 35.329 33.8507 43.4579 25.4107 19.1157 11.1547 46.9723 31.8227 42.8004 32.3751 43.0794 8.67249 28.2626 36.1397 23.9653 28.3967 28.914 44.9966 14.5518 27.9218 55.1231 13.6473 24.2721 55.5752 34.1685 39.4902 13.8768 41.9947 20.2336 37.2652 26.1001 27.9507 46.8097 20.4153 49.7807 15.0876 23.6614 55.109 52.9062 48.459 32.7064 29.4437 18.7595 14.8933 32.8505 42.6136 38.9756 49.1385 61.7362 22.2074 11.0908 39.6738 15.475 35.1514 31.0894 20.8231 48.6708 55.294 
43.1294 0 23.1589 51.1667 53.3645 29.6228 17.7976 24.5645 47.6638 34.9414 11.9542 43.2691 25.3374 58.7196 23.4019 40.1247 42.1537 49.1539 46.9146 56.796 6.40981 59.8438 45.8509 17.7115 32.8493 23.7166 42.4392 48.184 27.2621 31.0626 36.0936 36.5693 27.7888 16.6343 54.7686 22.1045 35.904 46.9843 40.5269 30.0674 34.7539 8.62081 17.5641 48.6888 18.9595 23.1452 24.1981 46.8431 32.6036 46.8817 11.5969 17.1045 11.633 52.6195 50.5209 31.1983 10.8164 61.5281 15.1091 21.5752 48.5304 33.0022 58.7126 32.2805 51.1188 34.4868 59.5513 9.58336 4.401 32.9688 19.7355 33.2072 22.7062 65.2071 26.3888 27.2928 45.8576 33.836 54.0307 19.4831 40.3318 41.1358 13.0751 58.2891 35.3571 25.6158 47.624 42.2937 42.6431 52.2476 14.0506 23.5982 34.2646 33.0643 7.94294 33.5939 53.543 40.2389 23.5422 25.2037 28.6554 
44.7112 23.1589 0 42.7913 36.7878 14.0812 22.5517 24.9431 34.1087 14.8714 17.4641 28.7627 10.0982 52.464 7.28525 21.6894 26.2014 42.5098 36.2281 36.287 20.3608 51.8083 29.1479 15.8878 9.81527 0.930377 42.5914 46.9288 5.33976 38.1279 13.1096 15.1592 5.75664 16.9278 37.6427 4.91489 34.3401 24.0572 19.7481 25.7591 44.2757 18.862 35.927 32.1307 11.4874 1.31096 19.3258 38.3278 38.0256 25.3884 21.5749 6.06616 19.9084 33.4374 49.0185 47.1081 15.5092 54.3788 22.4582 15.9889 27.9348 30.3668 48.0186 11.376 46.3527 24.1441 37.7199 26.1058 20.3486 41.2455 3.91944 45.2695 7.49906 58.634 42.3415 4.17603 36.5827 10.6899 49.4229 27.6097 17.3079 17.9818 13.1004 44.9726 21.4371 34.5728 41.4513 26.2278 22.0606 34.6737 12.7438 21.4882 25.3887 33.8003 29.5351 29.8203 37.9369 25.0409 25.3662 3.99203 10.5861 
19.9907 51.1667 42.7913 0 19.4412 28.8028 33.7213 26.9406 12.7157 31.7791 39.3868 16.813 32.7863 10.0981 35.7798 26.2329 20.2275 3.84123 7.36088 32.3971 44.7574 9.08846 20.3935 34.1235 44.5072 43.4744 17.338 14.8575 46.1732 29.8111 40.4724 34.3363 38.7228 34.8454 21.1497 38.4206 17.3609 41.8605 31.7921 21.0994 34.1878 54.2338 47.2172 19.4478 35.2288 41.4988 27.4063 4.53754 27.1701 33.9996 39.868 43.6571 39.5574 26.7868 14.9546 46.468 41.2971 11.5984 36.5317 30.7353 30.8914 18.761 8.52623 50.4841 7.9682 18.7606 39.305 44.362 46.8399 31.7148 41.6526 38.8571 35.8403 15.8896 44.879 43.1094 6.21742 43.4019 9.65811 34.3252 46.7706 43.7299 51.4393 12.7626 21.7256 33.2108 5.21535 20.3838 30.9249 22.0382 51.7856 63.4913 17.9424 21.1925 50.6511 17.8146 16.9258 19.9204 28.2454 46.1577 52.3823 
37.2012 53.3645 36.7878 19.4412 0 24.2501 39.0967 33.7687 8.44604 22.162 41.7868 10.4359 28.9421 27.9004 31.6838 15.1564 11.2534 22.602 14.0049 13.0405 47.4812 24.4708 7.73955 35.9422 34.1175 37.1143 34.1918 33.5532 38.0471 42.8237 28.847 23.1636 31.2715 37.2668 1.92921 34.0289 30.0113 25.8456 18.8727 27.6185 48.6774 53.3228 55.7375 4.7563 34.5254 35.7415 30.3398 18.3002 40.5826 17.7207 44.0626 40.262 43.0518 7.95305 34.1 59.2513 42.5482 27.6243 41.5934 32.0536 13.8682 28.681 17.5301 40.3876 27.3384 20.1888 19.9844 49.616 49.0553 45.5952 37.5033 52.7258 32.1472 31.5358 56.3689 35.2016 16.7999 32.63 29.0384 42.0525 33.4624 29.983 48.7413 11.0491 18.0276 44.1664 23.1851 11.1358 16.9419 3.21984 48.7117 58.1471 21.4328 33.3402 55.7081 27.1294 2.69169 13.1262 35.3427 38.8876 43.7483 
33.5544 29.6228 14.0812 28.8028 24.2501 0 18.9624 17.1255 20.2938 7.44127 18.821 15.0777 4.72148 38.6138 7.63356 10.5721 13.0551 28.7817 22.1479 27.5103 24.2235 37.7743 16.54 13.4379 16.9177 14.7134 31.0069 34.5046 17.4548 30.5861 14.7572 10.4754 10.0834 14.9624 25.4651 10.1916 22.9191 22.3893 12.4607 14.6802 37.2019 29.0748 35.8839 19.4955 10.6931 12.8186 10.9544 24.3914 29.5877 18.8979 22.019 16.2343 20.6414 23.0184 36.4056 43.6812 18.9288 40.4012 20.6272 10.1524 19.5561 19.0913 33.9671 22.2796 32.9157 10.4762 31.2489 27.7195 25.4834 33.8822 13.6707 39.5695 7.99 44.6825 39.5486 14.4191 22.5855 16.2522 35.934 23.5682 21.6954 19.8823 24.6787 31.2718 7.38554 28.8609 27.8516 13.1463 14.0886 22.7783 24.7452 35.328 12.0895 23.609 33.2185 18.0794 24.9074 11.4843 18.3043 17.3551 23.6553 
26.1235 17.7976 22.5517 33.7213 39.0967 18.9624 0 6.82137 32.128 26.2395 7.38665 28.6609 16.9266 40.9413 17.307 28.7686 28.5902 31.4846 30.2437 45.6077 11.4989 42.2057 32.3348 6.79284 31.1133 23.4728 25.038 30.6344 27.889 16.2001 31.5902 29.0003 23.6314 5.62393 40.7686 18.252 18.1245 40.9349 31.4226 12.8188 21.9165 22.8869 17.1291 34.7852 11.3314 21.595 8.91279 29.5542 16.7814 37.833 6.22578 18.5592 6.34735 40.4013 32.9675 25.2797 10.1473 43.7889 2.81126 8.86057 38.1457 15.2472 41.6034 33.9255 33.3216 18.9698 49.9911 10.8659 13.7216 19.0781 18.8922 22.7223 16.6156 47.4223 20.8453 26.0102 28.8033 31.2871 36.2359 5.11499 37.9071 37.1333 22.6476 42.0628 21.6934 12.0607 29.9257 28.787 32.976 38.749 23.4141 35.968 18.0973 15.4874 17.1822 15.9511 38.6728 26.4654 5.74734 26.3856 32.5313 
20.5563 24.5645 24.9431 26.9406 33.7687 17.1255 6.82137 0 26.2792 24.5304 13.427 23.4423 16.8595 34.1552 18.3668 25.415 23.9898 24.6632 23.815 41.6314 18.2055 35.3849 27.5961 9.89392 32.106 25.8664 19.032 24.365 30.08 13.6787 31.3878 27.6008 24.4261 9.73262 35.541 20.1268 11.5458 39.4827 29.0719 6.38844 20.219 29.0704 22.008 29.7533 13.6032 23.7771 6.3047 22.8381 13.1655 35.1473 13.0377 22.3517 12.9767 36.0695 26.675 27.0186 15.9081 36.9787 9.61733 8.99848 34.7984 8.43935 34.92 35.9818 26.5846 13.6785 46.6547 17.4571 20.3952 16.9532 21.8308 22.4475 17.85 40.6441 23.3209 27.6876 22.1956 31.9365 29.5355 8.30137 38.1498 36.7659 27.9779 35.7446 17.5112 11.8409 23.1054 24.2098 30.2424 33.8192 28.6265 41.2105 12.3463 9.49435 23.7723 9.14094 33.0483 21.8549 1.57402 28.9329 35.4552 
28.8959 47.6638 34.1087 12.7157 8.44604 20.2938 32.128 26.2792 0 20.9231 35.7866 5.38685 24.9262 22.4072 27.9116 14.4653 8.4916 15.1812 5.97527 20.4112 41.502 19.9536 7.74193 29.9608 33.7611 34.6223 25.8689 25.6792 36.4964 34.4935 29.1352 22.9773 29.1662 31.1287 10.3752 30.4854 21.5978 29.2945 19.7538 19.9473 40.2645 48.7577 48.2694 6.85202 29.4153 32.9101 23.7578 10.4085 32.2052 21.3324 37.5507 36.4588 36.7307 14.5123 26.4784 51.0378 36.9613 23.024 34.7739 26.0886 18.176 20.4776 14.4314 39.9811 20.1112 13.2937 27.1541 42.901 43.2755 37.2098 33.9612 44.3688 28.2086 27.2837 48.3279 33.4627 8.65734 32.4713 22.2759 34.5697 34.9594 31.7344 44.825 10.9989 13.0257 36.1029 15.4497 8.57143 18.5827 10.1112 44.9551 55.545 14.0453 24.9976 49.1389 18.9537 6.95028 9.11994 27.8411 36.9047 42.5832 
39.7728 34.9414 14.8714 31.7791 22.162 7.44127 26.2395 24.5304 20.9231 0 25.1796 15.6121 9.96673 41.867 11.5408 7.02316 12.4631 32.5888 24.5364 22.0027 30.1801 40.2774 14.7516 20.2931 12.866 15.0892 37.0446 39.8759 15.9376 37.8764 8.8076 3.19277 9.18886 21.827 22.8803 13.1813 29.2686 14.9557 5.60475 21.5256 44.5022 32.8064 42.9498 17.6489 16.7539 13.9666 18.3943 27.7477 36.7491 12.0784 28.7318 19.2883 27.2383 18.6229 41.5712 51.1095 24.7365 43.1669 27.7104 17.3795 13.6455 25.6529 35.3374 19.059 37.1659 15.6066 24.726 34.3477 31.1094 41.1688 16.3666 46.9774 12.2371 47.4936 46.9383 13.0447 25.7518 11.6558 40.0292 30.9519 15.5473 13.1345 27.5498 31.2326 10.7176 36.2955 31.9594 12.4146 7.71212 19.8711 27.3528 36.019 17.6076 30.4431 39.4659 24.4516 23.5768 12.0247 25.7361 16.7262 21.8316 
33.461 11.9542 17.4641 39.3868 41.7868 18.821 7.38665 13.427 35.7866 25.1796 0 31.5439 15.213 47.3146 14.2653 29.3698 30.6844 37.5618 34.9663 46.3313 5.72153 48.1825 34.4341 5.85678 26.9209 18.3193 32.2581 37.7397 22.6898 23.3278 28.5843 27.4108 20.1063 4.68233 43.2742 14.1484 24.9725 38.8786 30.737 18.3359 28.6239 15.6598 18.6581 37.1828 8.42895 16.7959 12.2453 35.0073 24.1013 37.2445 4.11443 12.3856 2.44475 41.7077 40.0609 29.7469 2.80717 50.0069 5.76685 9.75641 38.3138 21.688 46.8033 28.6309 39.8816 22.5603 49.8348 9.25823 7.55554 26.0166 13.5547 28.72 13.5 53.8146 24.9279 21.4055 33.959 27.4274 42.8747 11.4284 34.1989 34.0659 15.3116 46.3497 23.7687 18.6731 36.0781 30.8424 32.6433 40.8893 16.1097 28.6157 22.3107 22.6683 14.3993 22.0838 41.8146 28.6894 12.7593 20.9239 26.5349 
29.9877 43.2691 28.7627 16.813 10.4359 15.0777 28.6609 23.4423 5.38685 15.6121 31.5439 0 19.7645 26.8485 22.7112 9.46347 3.41746 18.4734 9.46022 19.4919 37.2596 24.8405 4.86333 25.6872 28.4741 29.2616 26.9588 27.9015 31.1111 33.4135 23.9936 17.8192 23.7806 26.9645 12.133 25.2504 21.2083 25.2213 14.9836 17.4435 39.5934 43.8594 45.354 6.3507 24.6643 27.5768 19.9199 13.4342 31.378 17.6628 33.6785 31.3033 32.7111 13.5056 29.0749 49.4612 32.478 27.8216 31.1632 21.7877 15.1442 19.1479 19.7335 34.6655 23.3832 9.78897 25.6795 39.2026 38.9167 36.3785 28.74 43.3374 23.0488 32.1315 46.3377 28.0761 11.4032 27.2201 25.9101 31.695 30.0536 26.9462 39.7219 16.2304 8.03223 34.213 18.3098 3.57086 14.1626 10.4431 39.813 50.2229 11.1926 24.0978 45.3251 17.5776 10.2764 3.73615 25.0139 31.5213 37.2052 
35.3519 25.3374 10.0982 32.7863 28.9421 4.72148 16.9266 16.8595 24.9262 9.96673 15.213 19.7645 0 42.3866 3.03173 14.8344 17.7708 32.4172 26.4175 31.4825 20.2835 41.838 21.217 10.5345 15.3071 10.8614 33.0414 37.0884 14.3031 30.5325 14.7657 12.3192 7.67521 12.0467 30.1204 5.67402 24.7901 24.1095 15.5363 16.203 37.0298 24.3839 33.185 24.1859 6.78792 8.78888 10.62 28.2963 29.9336 22.0372 18.815 11.5409 17.2945 27.3362 39.1231 42.1706 14.8656 44.3534 18.0519 8.30076 23.2865 20.8236 38.3729 19.7717 36.2655 14.0719 34.6552 24.3969 21.338 33.7956 9.07455 38.8592 3.28519 48.5903 37.7714 11.4774 26.5971 15.0784 39.3319 21.9018 21.361 20.2764 19.9655 35.9202 11.9225 27.993 31.3531 17.8581 17.5002 27.3836 20.049 30.8907 15.2921 24.7662 29.5182 20.102 29.6284 16.1995 17.7178 13.7724 20.3356 
20.6463 58.7196 52.464 10.0981 27.9004 38.6138 40.9413 34.1552 22.4072 41.867 47.3146 26.8485 42.3866 0 45.3301 36.2962 30.2659 10.0456 17.4352 40.9049 52.3537 4.49867 30.1491 42.4849 54.5629 53.1834 19.1031 13.9404 56.0517 33.2835 50.5699 44.4342 48.6215 42.9939 29.3503 47.9481 23.0471 51.7002 41.8304 29.1045 36.0307 62.6452 52.2536 28.8411 44.1683 51.1603 35.8896 14.2555 30.64 43.7213 47.1664 52.8866 47.1184 35.6926 12.4637 48.8922 49.4893 3.31932 43.691 39.4202 40.4243 25.7198 11.4197 60.4964 7.82054 28.3201 47.8467 51.0388 54.5281 34.3073 51.0649 40.8775 45.3265 6.50007 48.2885 52.9981 16.1711 53.4769 5.56718 40.5093 56.856 53.7913 60.3524 18.4492 31.6954 37.7533 11.3457 30.4136 40.8807 30.8409 60.7753 72.7765 27.2003 26.452 57.1553 25.2308 25.2239 30.016 35.2218 55.9432 62.2594 
37.6132 23.4019 7.28525 35.7798 31.6838 7.63356 17.307 18.3668 27.9116 11.5408 14.2653 22.7112 3.03173 45.3301 0 17.211 20.594 35.3381 29.4469 33.4742 18.8343 44.8405 23.9447 10.5626 13.9161 8.1129 35.4156 39.664 11.9169 31.9066 14.4771 13.3282 6.32838 11.9485 32.7935 2.64695 27.1549 24.6137 17.126 18.5548 38.2792 21.7477 32.746 26.9317 6.14524 5.98011 12.3893 31.28 31.532 23.5148 18.1617 8.61785 16.5469 29.6445 41.7427 42.543 13.3904 47.3348 17.973 9.40807 25.1584 23.1773 41.4043 17.6712 39.103 17.0393 36.1904 23.5202 19.6249 35.12 6.05602 39.7736 0.765398 51.5608 37.9893 9.34034 29.5998 13.9914 42.1786 22.4056 20.6049 20.0178 17.0874 38.8982 14.93 28.9158 34.2418 20.668 19.2483 29.9912 17.124 27.8592 18.1746 26.8237 28.2133 22.5764 32.4696 19.1034 19.0188 11.1276 17.7514 
37.19 40.1247 21.6894 26.2329 15.1564 10.5721 28.7686 25.415 14.4653 7.02316 29.3698 9.46347 14.8344 36.2962 17.211 0 6.0606 27.6235 18.8723 16.9974 34.7955 34.2769 7.75676 23.8561 19.4983 21.9822 34.2689 36.1881 22.9552 37.733 14.6826 8.55562 16.1202 25.3545 15.9533 19.3195 27.2385 16.4453 5.61438 20.8491 44.2824 38.9396 45.8866 10.6275 21.2505 20.6889 20.0359 22.6107 36.1695 10.047 32.4335 25.569 31.1175 12.5034 37.6199 52.4314 29.4863 37.2766 30.7433 20.2943 9.4226 24.1633 28.8636 25.7772 32.4405 13.3452 21.3036 38.1464 36.0317 40.9454 22.7147 47.3661 17.7851 41.581 48.6603 20.0667 20.5653 18.1313 35.111 32.9179 20.5914 17.4974 33.9943 24.3583 8.25727 37.1744 27.262 5.93891 5.42636 12.9972 33.8838 42.9934 15.4338 29.2372 43.7568 22.727 16.5623 6.51309 26.8484 23.7376 28.7928 
32.6163 42.1537 26.2014 20.2275 11.2534 13.0551 28.5902 23.9898 8.4916 12.4631 30.6844 3.41746 17.7708 30.2659 20.594 6.0606 0 21.806 12.8709 17.8325 36.3479 28.2182 3.77124 24.8723 25.2763 26.6355 29.6157 30.9339 28.2017 34.9628 20.6669 14.4993 20.9907 26.2483 12.6163 23.0299 23.3168 21.9093 11.5665 18.4229 41.3155 42.1202 45.5717 6.5371 23.2784 25.0673 19.69 16.7682 33.0926 14.543 33.1723 29.2085 32.0705 12.0979 32.2053 50.588 31.3392 31.2161 30.9296 21.0171 12.3933 20.817 22.9229 31.509 26.6892 10.4794 23.5483 38.8086 37.8674 38.0389 26.5256 44.8303 21.0142 35.5205 47.2144 25.2027 14.7266 23.9799 29.2663 32.0695 26.6509 23.5304 37.6814 18.8828 6.972 35.2569 21.5696 0.24167 10.8032 10.2388 37.703 47.6883 12.2876 25.8838 44.7831 19.2728 11.8764 2.14121 25.5345 28.739 34.2236 
16.1502 49.1539 42.5098 3.84123 22.602 28.7817 31.4846 24.6632 15.1812 32.5888 37.5618 18.4734 32.4172 10.0456 35.3381 27.6235 21.806 0 9.28689 35.3815 42.7547 10.7267 22.5625 32.57 45.067 43.2464 13.5202 11.1599 46.2361 26.3175 41.3816 35.3429 38.8436 33.1482 24.3895 37.946 14.2994 43.694 33.2368 19.2474 30.4756 52.7456 44.1883 22.0323 34.1352 41.2027 25.9253 5.03976 23.6557 36.0526 37.6946 42.8413 37.5215 29.6112 11.5019 42.8706 39.6433 12.4674 34.2765 29.4202 33.1875 16.2719 12.0827 50.8681 4.95191 18.3843 42.2266 41.9117 44.8924 28.0858 41.0354 35.1823 35.3165 16.4523 41.4459 43.1989 7.07942 44.0651 7.49139 31.6308 47.9042 45.0148 50.3321 16.5913 22.1086 29.9815 1.64171 21.9906 32.609 24.9854 50.7447 62.7313 17.1786 18.0534 48.1456 15.5615 20.2026 21.1398 25.8578 46.0491 52.4328 
23.2152 46.9146 36.2281 7.36088 14.0049 22.1479 30.2437 23.815 5.97527 24.5364 34.9663 9.46022 26.4175 17.4352 29.4469 18.8723 12.8709 9.28689 0 26.3671 40.5718 15.799 13.2907 29.3477 37.3348 36.8568 20.2207 19.7196 39.2997 30.0574 33.174 27.0217 31.8462 30.2981 15.899 32.0915 16.973 34.5954 24.4329 17.472 35.443 49.0598 45.3991 12.8084 29.7178 34.9595 22.723 4.43322 27.6126 26.8361 36.1048 37.6622 35.5274 20.4867 20.5048 46.812 36.5438 18.6349 33.0148 25.6639 23.9056 16.7363 12.0894 43.3876 14.2377 12.8585 33.1283 41.1058 42.5205 32.5403 35.4459 39.7672 29.5966 22.9618 44.4942 36.2308 2.79988 36.1855 16.5717 31.8814 39.4208 36.3696 45.7439 11.9732 14.8501 32.3443 9.47697 13.0306 23.6011 16.0188 46.0006 57.3028 12.6786 20.6513 47.4256 15.3666 11.9551 12.5952 25.3015 39.4198 45.4939 
49.0917 56.796 36.287 32.3971 13.0405 27.5103 45.6077 41.6314 20.4112 22.0027 46.3313 19.4919 31.4825 40.9049 33.4742 16.9974 17.8325 35.3815 26.3671 0 51.6834 37.3387 14.6626 40.8533 30.3254 36.288 46.0504 46.0859 35.6635 52.748 24.8244 21.1281 30.5591 42.3517 11.5675 35.1795 40.6986 17.2925 16.6077 36.2467 59.0274 54.7445 62.7348 13.764 38.1077 35.5895 36.7544 30.7909 50.8019 11.2289 49.4307 41.2192 48.1115 6.02509 46.8168 68.3991 46.3148 40.471 47.6806 37.2722 8.3871 38.529 30.2196 36.0291 40.2141 28.3006 6.94548 55.1436 52.8178 55.7811 38.2881 62.6386 34.1364 44.2359 64.9369 33.4141 29.0673 28.7238 42.0324 49.5093 26.8984 23.479 49.3051 23.2819 24.1486 53.0621 35.8034 17.5976 14.3394 10.3962 49.0144 56.1222 30.1154 43.5412 60.7282 36.967 15.6915 19.906 43.1455 37.0935 40.2821 
37.2538 6.40981 20.3608 44.7574 47.4812 24.2235 11.4989 18.2055 41.502 30.1801 5.72153 37.2596 20.2835 52.3537 18.8343 34.7955 36.3479 42.7547 40.5718 51.6834 0 53.4389 40.0868 11.5755 30.157 21.0937 36.39 42.0661 25.1797 25.8068 32.591 32.1609 24.0746 10.3767 48.9512 18.1043 29.6221 43.2331 35.7805 23.6581 30.2092 12.1589 16.119 42.8597 13.5762 20.0062 17.8866 40.4392 27.0764 42.2504 5.43462 14.4885 5.23723 47.2119 44.4024 28.8239 5.45078 55.1419 8.91756 15.4745 43.5564 26.6341 52.3283 30.7975 44.7849 28.2603 54.9058 6.24879 2.24157 28.0523 16.5372 29.3777 18.0862 58.846 23.8973 24.5152 39.4708 30.9007 47.7183 13.8408 37.6208 37.9206 14.0034 52.0313 29.4557 20.5696 41.2302 36.5013 37.7819 46.5309 14.9623 26.6186 27.95 26.9142 9.40794 27.1978 47.5323 34.3713 17.2419 23.2186 27.9165 
24.0947 59.8438 51.8083 9.08846 24.4708 37.7743 42.2057 35.3849 19.9536 40.2774 48.1825 24.8405 41.838 4.49867 44.8405 34.2769 28.2182 10.7267 15.799 37.3387 53.4389 0 27.6018 43.0509 53.1093 52.4752 22.1911 17.568 55.0592 36.0895 48.818 42.6452 47.6028 43.7068 25.7788 47.4839 24.8572 49.0906 39.6813 29.8466 39.3716 63.2042 54.5969 25.9609 44.2912 50.5214 36.3516 13.6244 33.4171 40.9981 48.4109 52.7456 48.2111 32.383 16.4029 52.1408 50.1871 3.1599 45.0002 39.7424 37.5265 26.9985 7.27415 59.1833 10.5442 27.8396 44.2519 52.629 55.562 37.4096 50.732 44.2024 44.9128 7.33082 51.2199 51.9908 15.2411 51.9331 9.25748 42.2951 54.8555 51.6711 60.5078 14.4058 30.5835 40.2135 12.3154 28.3385 38.5315 27.5357 60.8628 72.5767 27.0233 28.5026 58.8505 26.2679 21.7793 28.2672 36.5845 55.1144 61.2614 
34.8016 45.8509 29.1479 20.3935 7.73955 16.54 32.3348 27.5961 7.74193 14.7516 34.4341 4.86333 21.217 30.1491 23.9447 7.75676 3.77124 22.5625 13.2907 14.6626 40.0868 27.6018 0 28.6311 27.1961 29.5096 31.7671 32.4742 30.6881 38.131 22.1998 16.1959 23.7191 30.0135 8.94168 26.2932 26.0573 21.5548 12.4199 21.8546 44.373 45.6008 49.2811 2.99753 26.9369 28.0742 23.4433 17.5883 36.1496 13.6075 36.9433 32.5234 35.8377 8.72143 33.5264 54.0003 35.0424 30.702 34.6916 24.7823 10.6338 23.8864 21.6354 33.4843 27.5138 13.9669 20.8206 42.5794 41.5819 41.1371 29.7712 48.0407 24.4118 34.9292 50.7333 27.7694 15.6297 25.7898 29.846 35.7354 27.5983 24.2746 41.0029 16.6703 10.7432 38.6959 22.5975 3.59784 10.9919 6.4687 40.9783 50.5742 15.6294 28.8823 48.5523 22.3207 8.83588 5.87134 29.1519 31.4074 36.5494 
30.4422 17.7115 15.8878 34.1235 35.9422 13.4379 6.79284 9.89392 29.9608 20.2931 5.85678 25.6872 10.5345 42.4849 10.5626 23.8561 24.8723 32.57 29.3477 40.8533 11.5755 43.0509 28.6311 0 24.3219 16.8157 28.8181 33.9469 21.206 22.3323 24.9597 22.8306 16.8707 1.53558 37.4441 11.4706 20.9752 34.6408 25.7178 13.3924 28.394 20.1757 22.6743 31.3542 4.53925 14.8765 6.72057 29.6696 22.4528 32.2192 8.58671 12.534 7.2781 36.0632 36.2185 31.9806 7.20931 45.0359 7.52522 3.89963 32.9904 17.3187 41.2897 27.2347 35.2843 16.7819 44.6726 14.296 13.3172 25.3973 12.3789 29.4675 9.85409 48.9686 27.4393 19.2378 28.4983 24.5149 38.3364 11.9078 31.1648 30.5095 18.2822 40.5887 17.9358 18.7026 31.1565 25.0351 27.4833 35.0944 18.8695 31.4037 16.6693 19.361 19.9887 17.4183 35.9579 22.8592 9.8874 19.7908 26.1039 
50.3342 32.8493 9.81527 44.5072 34.1175 16.9177 31.1133 32.106 33.7611 12.866 26.9209 28.4741 15.3071 54.5629 13.9161 19.4983 25.2763 45.067 37.3348 30.3254 30.157 53.1093 27.1961 24.3219 0 9.15891 47.8641 51.4133 6.07245 45.7394 5.53785 11.0092 7.68109 25.5993 34.4933 12.9514 39.6989 15.4294 15.296 31.2364 52.1634 27.709 45.5374 29.9265 19.7885 10.1933 25.9175 40.353 45.2259 19.1061 31.0255 15.8462 29.3542 28.9294 53.288 56.1977 25.1846 55.9683 31.479 23.2634 22.5039 35.792 48.1875 6.29006 49.4666 27.1967 30.2846 35.8023 30.16 48.9767 13.6289 53.6818 14.5531 60.2949 51.5344 5.64395 38.3971 1.6019 52.4154 36.2277 7.49987 8.67927 21.651 43.8497 22.9584 42.8295 44.3054 25.2113 17.4197 31.4243 21.0327 25.8866 28.9504 39.9872 39.35 34.8917 35.8625 24.8852 32.8619 8.03086 9.98513 
45.6023 23.7166 0.930377 43.4744 37.1143 14.7134 23.4728 25.8664 34.6223 15.0892 18.3193 29.2616 10.8614 53.1834 8.1129 21.9822 26.6355 43.2464 36.8568 36.288 21.0937 52.4752 29.5096 16.8157 9.15891 0 43.4682 47.7746 4.42729 39.0583 12.7566 15.1821 5.90436 17.8491 37.9284 5.80892 35.2138 23.6857 19.8114 26.6266 45.2048 19.1288 36.7361 32.483 12.4178 2.14797 20.2272 39.024 38.9532 25.3116 22.426 6.69056 20.7622 33.5806 49.8556 47.9895 16.3152 55.0675 23.3563 16.9065 27.9617 31.2389 48.6007 10.4599 47.127 24.8689 37.55 26.8933 21.0153 42.1757 4.76469 46.1884 8.36278 59.331 43.2145 3.58233 37.2614 10.1261 50.1931 28.5263 16.6585 17.4768 13.2645 45.4497 22.0375 35.4977 42.2045 26.6544 22.1283 34.9412 12.8431 21.0708 26.151 34.704 30.2146 30.6758 38.3189 25.5318 26.2947 3.07742 9.69172 
3.04158 42.4392 42.5914 17.338 34.1918 31.0069 25.038 19.032 25.8689 37.0446 32.2581 26.9588 33.0414 19.1031 35.4156 34.2689 29.6157 13.5202 20.2207 46.0504 36.39 22.1911 31.7671 28.8181 47.8641 43.4682 0 5.88959 47.2917 14.2416 45.5247 40.1871 40.5598 28.7624 36.1004 37.6808 8.26147 50.6405 39.5667 16.8648 17.2274 47.8954 33.5449 32.2881 31.977 41.3203 23.4037 16.1812 11.6443 44.0062 30.9621 40.9958 31.368 40.0378 8.18479 29.95 34.8598 22.4026 27.4754 26.988 41.9877 12.239 25.4794 52.798 11.6469 21.4802 52.5355 33.7724 38.6315 15.2393 40.0292 22.0364 35.108 24.9442 29.1854 44.5184 17.4218 47.2575 13.5642 23.1298 52.4529 50.177 47.0074 29.9685 26.6153 19.0493 12.1625 29.8489 39.6874 35.9419 47.6458 60.2139 19.4417 9.59206 39.5159 12.9821 32.1683 28.1174 19.5048 46.5224 53.1518 
6.7433 48.184 46.9288 14.8575 33.5532 34.5046 30.6344 24.365 25.6792 39.8759 37.7397 27.9015 37.0884 13.9404 39.664 36.1881 30.9339 11.1599 19.7196 46.0859 42.0661 17.568 32.4742 33.9469 51.4133 47.7746 5.88959 0 51.3896 19.9449 48.58 42.9187 44.3831 34.0271 35.3877 42.059 12.9764 52.6229 41.7003 21.264 22.1208 53.3994 39.3646 32.4511 36.7772 45.6339 28.1155 15.3056 17.4124 45.4761 36.6546 45.8281 36.9811 40.1828 2.33714 35.0028 40.2711 17.2557 33.1503 31.7662 43.0291 16.7877 22.0655 56.6703 7.45694 24.3482 52.8213 39.6204 44.305 20.5746 44.6375 26.9663 39.4339 19.3766 34.6397 48.5099 17.0371 50.6667 8.40989 28.9637 55.4198 52.8918 52.2213 27.5482 29.1864 24.8994 10.3726 31.151 41.5044 35.7324 52.8161 65.321 22.4856 15.1539 45.3973 17.1315 31.2468 29.7568 24.9944 50.7852 57.3946 
49.5236 27.2621 5.33976 46.1732 38.0471 17.4548 27.889 30.08 36.4964 15.9376 22.6898 31.1111 14.3031 56.0517 11.9169 22.9552 28.2017 46.2361 39.2997 35.6635 25.1797 55.0592 30.6881 21.206 6.07245 4.42729 47.2917 51.3896 0 43.3867 11.0093 15.1181 7.45636 22.2651 38.6556 9.956 39.0309 21.4629 19.7562 30.4278 49.5777 21.7068 40.9935 33.5826 16.764 6.34929 24.2731 41.8097 43.212 24.4594 26.786 10.6941 25.1282 33.6606 53.4132 52.3938 20.5942 57.7626 27.7802 21.0859 27.5579 35.0548 50.7496 6.03673 50.3165 27.8937 36.1105 31.1071 24.9162 46.5254 9.15799 50.6083 12.3146 62.0627 47.6061 3.06894 39.9626 7.47707 53.353 32.9494 13.2488 14.7506 15.6303 47.0756 24.4762 39.9015 45.2893 28.1841 22.0308 35.6059 14.9838 20.5215 29.3608 38.733 34.1174 34.389 39.5142 27.3882 30.575 2.06425 6.2097 
13.5277 31.0626 38.1279 29.8111 42.8237 30.5861 16.2001 13.6787 34.4935 37.8764 23.3278 33.4135 30.5325 33.2835 31.9066 37.733 34.9628 26.3175 30.0574 52.748 25.8068 36.0895 38.131 22.3323 45.7394 39.0583 14.2416 19.9449 43.3867 0 45.039 41.0124 38.0591 21.5451 44.7331 33.461 13.0856 52.7478 42.0151 16.884 6.62691 37.9469 19.5182 39.6467 26.6405 37.0388 19.9712 27.1479 2.67561 47.7374 20.6134 34.6738 21.6131 46.8524 22.0852 16.7946 26.135 36.5588 17.6292 22.5002 46.8195 14.2671 38.3237 49.3683 25.6363 24.6466 58.4362 21.6415 27.9545 3.29608 34.7101 9.92921 31.3423 39.1855 15.1555 41.1549 27.5583 45.6045 27.7791 12.0666 51.8241 50.3772 38.6116 41.4954 29.4889 5.53724 24.7215 35.2019 42.9048 43.6965 39.43 51.8631 22.702 9.4966 26.6325 15.8381 41.4099 32.9647 12.8881 42.0771 48.4361 
48.1681 36.0936 13.1096 40.4724 28.847 14.7572 31.5902 31.3878 29.1352 8.8076 28.5843 23.9936 14.7657 50.5699 14.4771 14.6826 20.6669 41.3816 33.174 24.8244 32.591 48.818 22.1998 24.9597 5.53785 12.7566 45.5247 48.58 11.0093 45.039 0 6.17447 8.52738 26.3908 29.1299 14.5268 37.5675 10.9481 9.97501 29.4359 51.6059 31.8788 47.1815 24.812 20.6201 12.9579 25.0831 36.5134 44.211 13.5964 32.5731 19.0381 30.934 23.4217 50.3174 56.8693 27.304 51.7616 32.4322 23.0661 16.9665 33.8035 43.5455 11.6239 45.9731 24.2413 25.1186 37.7734 32.9412 48.3265 16.3634 53.5977 15.2262 56.0829 52.3905 9.31602 34.5049 3.94414 48.8307 36.6241 6.94854 5.54986 25.9539 38.8624 19.4972 42.7414 40.7659 20.5715 11.9962 26.0661 25.4551 31.3166 26.1735 38.366 41.9717 32.7211 30.7073 20.5829 32.368 12.6814 15.5224 
42.9322 36.5693 15.1592 34.3363 23.1636 10.4754 29.0003 27.6008 22.9773 3.19277 27.4108 17.8192 12.3192 44.4342 13.3282 8.55562 14.4993 35.3429 27.0217 21.1281 32.1609 42.6452 16.1959 22.8306 11.0092 15.1821 40.1871 42.9187 15.1181 41.0124 6.17447 0 9.437 24.3524 23.6366 14.4915 32.4469 11.9699 4.67225 24.715 47.6358 33.7351 45.4988 18.9186 19.0071 14.4801 21.4088 30.4341 39.9165 10.3964 31.1153 20.2556 29.5703 18.5746 44.5743 54.0252 26.714 45.5941 30.3227 20.1555 12.7812 28.8434 37.3983 17.2992 39.9966 18.7225 23.0102 36.6489 32.9214 44.3067 17.335 50.0445 14.0748 49.9141 49.7841 12.5219 28.4141 9.59524 42.8136 33.8075 12.5886 9.99859 28.1943 32.861 13.7323 39.32 34.7841 14.4082 6.98219 20.572 27.8886 35.5825 20.7454 33.6351 41.5293 27.6352 24.8578 14.4266 28.7703 16.2627 20.6055 
42.9395 27.7888 5.75664 38.7228 31.2715 10.0834 23.6314 24.4261 29.1662 9.18886 20.1063 23.7806 7.67521 48.6215 6.32838 16.1202 20.9907 38.8436 31.8462 30.5591 24.0746 47.6028 23.7191 16.8707 7.68109 5.90436 40.5598 44.3831 7.45636 38.0591 8.52738 9.437 0 18.2238 32.0498 6.00079 32.3359 19.2346 13.9965 23.7903 44.4921 24.3538 38.7435 26.675 12.3904 5.05036 18.2543 34.3726 37.5539 19.7529 24.1332 10.9793 22.4814 27.6936 46.3451 48.8459 18.7767 50.3096 24.2112 15.5941 22.1948 28.3898 43.3478 12.2873 42.9984 20.5583 32.2189 29.2632 24.4849 41.2988 8.12396 46.0807 7.01769 54.6118 44.2624 4.38838 32.515 7.6639 46.0172 28.7329 14.3011 13.9622 18.7581 39.8663 17.0199 35.2156 37.9321 20.9923 16.3071 29.0526 18.4554 26.8757 22.1173 32.4326 33.4656 27.5819 32.5485 20.0463 25.1845 7.75076 13.6617 
30.2512 16.6343 16.9278 34.8454 37.2668 14.9624 5.62393 9.73262 31.1287 21.827 4.68233 26.9645 12.0467 42.9939 11.9485 25.3545 26.2483 33.1482 30.2981 42.3517 10.3767 43.7068 30.0135 1.53558 25.5993 17.8491 28.7624 34.0271 22.2651 21.5451 26.3908 24.3524 18.2238 0 38.7929 12.682 21.0967 36.1448 27.2532 13.9037 27.4612 19.6751 21.1479 32.7074 5.83498 15.9767 7.57563 30.4316 21.8306 33.7543 7.07904 13.1385 5.83157 37.524 36.3205 30.6286 6.49714 45.6128 6.04783 5.23131 34.5106 17.5761 42.1669 28.3017 35.6835 17.8848 46.2024 12.7919 12.2341 24.5382 13.288 28.3446 11.2233 49.4889 26.0434 20.4184 29.3361 25.8437 38.7136 10.7032 32.5249 31.9397 18.2455 41.6684 19.2929 17.6645 31.6989 26.4158 29.0153 36.4809 18.8971 31.4881 17.6344 19.2211 18.5565 17.8095 37.2218 24.2152 9.48322 20.7698 26.967 
39.1062 54.7686 37.6427 21.1497 1.92921 25.4651 40.7686 35.541 10.3752 22.8803 43.2742 12.133 30.1204 29.3503 32.7935 15.9533 12.6163 24.3895 15.899 11.5675 48.9512 25.7788 8.94168 37.4441 34.4933 37.9284 36.1004 35.3877 38.6556 44.7331 29.1299 23.6366 32.0498 38.7929 0 35.077 31.9357 25.3919 19.1977 29.4315 50.6009 54.4984 57.4827 6.09168 35.8724 36.6346 31.9682 20.165 42.5003 17.3766 45.641 41.3272 44.5966 7.04662 35.8914 61.137 43.955 28.917 43.2335 33.568 13.4501 30.574 18.7041 40.7298 29.08 21.918 18.5008 51.2236 50.4834 47.514 38.53 54.639 33.2857 32.7334 58.2227 35.8702 18.697 32.9745 30.6985 43.8123 33.4153 29.9084 49.7967 11.9281 19.5083 46.0283 25.0155 12.475 17.142 3.06923 49.7344 58.8987 23.2229 35.2532 57.2797 29.0193 4.22706 14.5854 37.1145 39.5835 44.2403 
39.7966 22.1045 4.91489 38.4206 34.0289 10.1916 18.252 20.1268 30.4854 13.1813 14.1484 25.2504 5.67402 47.9481 2.64695 19.3195 23.0299 37.946 32.0915 35.1795 18.1043 47.4839 26.2932 11.4706 12.9514 5.80892 37.6808 42.059 9.956 33.461 14.5268 14.4915 6.00079 12.682 35.077 0 29.4323 25.1378 18.6424 20.8594 39.7104 19.673 32.8043 29.2885 6.94083 3.67413 14.419 33.9174 33.2563 24.8595 18.2089 6.25553 16.547 31.6279 44.1649 43.2483 12.7791 49.9704 18.5275 11.1386 26.8085 25.4609 44.0399 15.9078 41.6634 19.6734 37.5005 23.2697 18.6095 36.6217 3.49758 40.9342 2.65133 54.1914 38.5847 7.77136 32.2437 13.3216 44.7434 23.3624 20.081 19.9513 14.7201 41.4602 17.5347 30.1405 36.833 23.0928 20.8561 32.2241 14.6871 25.2187 20.7723 28.8965 27.5068 24.9375 34.9021 21.6098 20.6256 8.8841 15.4984 
10.6402 35.904 34.3401 17.3609 30.0113 22.9191 18.1245 11.5458 21.5978 29.2686 24.9725 21.2083 24.7901 23.0471 27.1549 27.2385 23.3168 14.2994 16.973 40.6986 29.6221 24.8572 26.0573 20.9752 39.6989 35.2138 8.26147 12.9764 39.0309 13.0856 37.5675 32.4469 32.3359 21.0967 31.9357 29.4323 0 43.3449 32.2649 8.60345 18.6676 40.6073 29.9034 27.194 23.8639 33.0659 15.2302 14.2059 10.6592 37.2129 24.3075 32.9098 24.4322 34.6992 15.2434 29.859 27.4204 26.0547 20.7991 18.8554 35.6376 3.97765 25.8506 44.555 15.2988 13.9885 46.7991 27.9924 31.839 15.6341 31.838 22.8345 26.852 29.4685 27.7663 36.2653 14.4868 39.1405 18.1435 17.4886 44.5137 42.3844 39.2547 28.4871 19.2034 15.8765 12.6591 23.5579 32.6488 31.1528 39.8427 52.3451 11.8861 3.84791 34.1192 4.84692 28.4537 21.5399 12.3805 38.2651 44.8944 
53.5254 46.9843 24.0572 41.8605 25.8456 22.3893 40.9349 39.4827 29.2945 14.9557 38.8786 25.2213 24.1095 51.7002 24.6137 16.4453 21.9093 43.694 34.5954 17.2925 43.2331 49.0906 21.5548 34.6408 15.4294 23.6857 50.6405 52.6229 21.4629 52.7478 10.9481 11.9699 19.2346 36.1448 25.3919 25.1378 43.3449 0 11.0895 36.1529 59.374 42.7819 57.2437 23.193 30.6035 23.884 33.3431 38.6544 51.5121 8.17128 42.7313 29.9703 41.1384 18.487 54.0155 65.9951 37.858 52.2128 42.1613 32.1073 11.98 39.9914 42.7828 20.0104 48.5937 29.3587 15.3506 48.1337 43.7151 56.0327 27.2512 61.9275 25.379 56.401 61.7423 20.1898 36.6194 13.9878 51.1256 45.7718 9.99738 6.99686 36.8113 36.8362 24.1446 51.2495 43.4781 21.7163 11.1394 22.6486 36.2695 40.8948 31.4593 44.9494 52.6398 38.6586 28.2904 22.8771 40.691 23.3241 24.6738 
42.4415 40.5269 19.7481 31.7921 18.8727 12.4607 31.4226 29.0719 19.7538 5.60475 30.737 14.9836 15.5363 41.8304 17.126 5.61438 11.5665 33.2368 24.4329 16.6077 35.7805 39.6813 12.4199 25.7178 15.296 19.8114 39.5667 41.7003 19.7562 42.0151 9.97501 4.67225 13.9965 27.2532 19.1977 18.6424 32.2649 11.0895 0 25.2548 48.6261 38.1416 48.3069 14.8969 22.3218 19.0022 23.1804 28.2211 40.6526 6.51235 34.2223 24.6198 32.7555 13.9103 43.1754 55.9561 30.3388 42.7165 33.0467 22.6041 8.222 28.9601 34.006 21.5376 38.0542 18.2765 19.1263 39.8678 36.7128 45.2795 21.6885 51.4092 17.8309 47.0034 51.9276 17.1935 26.1753 13.7794 40.7233 35.9732 15.2172 11.9911 32.7106 29.0006 13.0616 40.9119 32.8732 11.4168 2.31733 16.129 32.4404 40.244 20.3789 33.9571 45.0522 27.603 20.7555 12.1218 30.3879 20.9334 25.1035 
19.1532 30.0674 25.7591 21.0994 27.6185 14.6802 12.8188 6.38844 19.9473 21.5256 18.3359 17.4435 16.203 29.1045 18.5548 20.8491 18.4229 19.2474 17.472 36.2467 23.6581 29.8466 21.8546 13.3924 31.2364 26.6266 16.8648 21.264 30.4278 16.884 29.4359 24.715 23.7903 13.9037 29.4315 20.8594 8.60345 36.1529 25.2548 0 23.4434 33.5408 28.3247 23.7934 15.603 24.479 6.96883 16.8104 15.3993 30.8611 18.8411 24.6331 18.4635 30.4964 23.4296 32.1674 20.4005 31.7099 15.6156 10.6242 29.978 4.62709 28.8093 35.9744 21.9125 7.94606 41.6814 23.6576 25.7463 20.1022 23.3735 26.5817 18.2639 35.5949 28.9037 27.672 15.9876 30.7532 24.9774 14.6348 36.3756 34.4738 31.4879 29.3737 12.6075 16.845 17.796 18.6553 26.047 27.8842 31.9913 44.3276 6.2537 8.94373 29.9818 4.16787 26.773 16.3415 7.92507 29.6717 36.3003 
15.3869 34.7539 44.2757 34.1878 48.6774 37.2019 21.9165 20.219 40.2645 44.5022 28.6239 39.5934 37.0298 36.0307 38.2792 44.2824 41.3155 30.4756 35.443 59.0274 30.2092 39.3716 44.373 28.394 52.1634 45.2048 17.2274 22.1208 49.5777 6.62691 51.6059 47.6358 44.4921 27.4612 50.6009 39.7104 18.6676 59.374 48.6261 23.4434 0 42.3155 20.3619 45.7367 32.8165 43.2319 26.5234 32.1153 8.22657 54.3039 25.4088 40.4686 26.6435 53.0854 23.9054 12.8904 31.3982 39.35 22.8586 28.9 53.2994 20.5063 42.5489 55.591 28.8402 31.1084 64.8423 25.1719 32.2139 3.3466 40.7379 4.84684 37.688 41.4065 13.2585 47.4516 32.8047 52.0783 30.4681 17.205 58.3609 56.9672 43.6677 46.4244 36.0283 9.95378 28.9784 41.5561 49.4868 49.7438 44.5394 56.7333 29.1202 15.4956 29.1378 22.0632 47.1016 39.3576 19.3189 48.1839 54.4275 
49.0002 8.62081 18.862 54.2338 53.3228 29.0748 22.8869 29.0704 48.7577 32.8064 15.6598 43.8594 24.3839 62.6452 21.7477 38.9396 42.1202 52.7456 49.0598 54.7445 12.1589 63.2042 45.6008 20.1757 27.709 19.1288 47.8954 53.3994 21.7068 37.9469 31.8788 33.7351 24.3538 19.6751 54.4984 19.673 40.6073 42.7819 38.1416 33.5408 42.3155 0 26.1486 48.567 19.4021 19.3155 26.8535 49.7457 39.1325 44.1006 17.385 13.5266 16.6417 51.2995 55.7206 39.7109 13.2128 65.2115 20.6619 23.5156 46.3576 37.2188 61.1238 25.8142 55.3578 36.2208 56.5497 17.4672 10.1016 40.2091 16.457 41.2224 21.2217 69.1343 34.8579 22.592 48.4688 28.9561 58.3837 25.9271 34.9348 36.3489 6.08608 59.7003 35.8356 32.728 51.3266 42.2172 40.4062 51.7284 6.83326 15.0169 36.4978 38.3127 16.5213 37.4846 53.9299 40.4466 28.4129 19.6877 21.6342 
33.045 17.5641 35.927 47.2172 55.7375 35.8839 17.1291 22.008 48.2694 42.9498 18.6581 45.354 33.185 52.2536 32.746 45.8866 45.5717 44.1883 45.3991 62.7348 16.119 54.5969 49.2811 22.6743 45.5374 36.7361 33.5449 39.3646 40.9935 19.5182 47.1815 45.4988 38.7435 21.1479 57.4827 32.8043 29.9034 57.2437 48.3069 28.3247 20.3619 26.1486 0 51.6052 26.6581 35.3646 25.9983 43.675 21.9609 54.7776 14.6117 30.3451 16.2626 57.4828 41.555 13.7237 20.4209 55.4503 15.2606 25.7396 55.2429 28.7946 55.637 46.7637 44.4586 35.5654 67.0632 9.93157 17.1392 19.891 32.0119 17.3305 31.9864 58.3791 9.10452 39.9704 43.4418 46.0802 46.8758 13.7068 52.8526 52.6891 29.6875 57.369 38.7477 14.5222 42.5466 45.7767 49.9666 55.6301 30.6772 41.1559 34.3466 26.1386 10.0812 30.0638 55.0563 43.4341 20.4385 39.1018 44.0278 
35.329 48.6888 32.1307 19.4478 4.7563 19.4955 34.7852 29.7533 6.85202 17.6489 37.1828 6.3507 24.1859 28.8411 26.9317 10.6275 6.5371 22.0323 12.8084 13.764 42.8597 25.9609 2.99753 31.3542 29.9265 32.483 32.2881 32.4511 33.5826 39.6467 24.812 18.9186 26.675 32.7074 6.09168 29.2885 27.194 23.193 14.8969 23.7934 45.7367 48.567 51.6052 0 29.813 31.0635 25.945 17.2359 37.5456 15.0555 39.5743 35.516 38.5157 7.76753 33.3093 55.79 37.8736 29.1032 37.2131 27.4807 11.5918 25.385 19.6061 36.2159 26.9577 16.0768 20.3788 45.1732 44.3972 42.5589 32.7678 49.5758 27.3919 33.2448 52.6882 30.6874 15.4164 28.4866 29.0685 37.9789 29.9139 26.5145 43.9959 14.1206 13.4186 40.5575 22.2842 6.40589 13.2208 4.09311 43.9743 53.5414 17.5414 30.2589 51.2076 23.8145 5.94855 8.49501 31.3221 34.343 39.3911 
33.8507 18.9595 11.4874 35.2288 34.5254 10.6931 11.3314 13.6032 29.4153 16.7539 8.42895 24.6643 6.78792 44.1683 6.14524 21.2505 23.2784 34.1352 29.7178 38.1077 13.5762 44.2912 26.9369 4.53925 19.7885 12.4178 31.977 36.7772 16.764 26.6405 20.6201 19.0071 12.3904 5.83498 35.8724 6.94083 23.8639 30.6035 22.3218 15.603 32.8165 19.4021 26.6581 29.813 0 10.4161 8.6652 30.6983 26.5786 28.8248 12.1344 9.05098 10.5669 33.7115 38.984 36.463 8.23666 46.5048 11.8334 5.01143 29.9931 19.9896 41.8027 22.7748 37.3251 16.8599 41.4347 17.6435 14.7905 29.7639 8.22768 33.9938 5.40571 50.583 31.8726 14.712 29.2884 20.01 40.4115 16.4462 26.6913 26.1626 16.22 40.3215 16.6439 23.2029 32.8417 23.4074 24.2606 33.3047 16.61 28.7582 17.3087 22.7898 22.7424 19.7699 34.8729 21.4346 13.9138 15.4444 21.8886 
43.4579 23.1452 1.31096 41.4988 35.7415 12.8186 21.595 23.7771 32.9101 13.9666 16.7959 27.5768 8.78888 51.1603 5.98011 20.6889 25.0673 41.2027 34.9595 35.5895 20.0062 50.5214 28.0742 14.8765 10.1933 2.14797 41.3203 45.6339 6.34929 37.0388 12.9579 14.4801 5.05036 15.9767 36.6346 3.67413 33.0659 23.884 19.0022 24.479 43.2319 19.3155 35.3646 31.0635 10.4161 0 18.0915 37.0312 36.8872 24.8017 20.9097 6.08715 19.2385 32.5789 47.7193 46.3226 14.9916 53.0839 21.6232 14.8003 27.2157 29.0909 46.7735 12.362 45.0418 22.8402 37.2382 25.6094 20.1359 40.1761 3.48053 44.3164 6.2151 57.3364 41.5872 4.61081 35.2922 10.8967 48.112 26.6777 17.6201 18.0393 13.7165 43.7977 20.1874 33.5787 40.1417 25.1 21.3038 33.685 13.4406 22.6486 24.0785 32.5695 29.2768 28.531 36.8405 23.8629 24.2392 5.21383 11.8372 
25.4107 24.1981 19.3258 27.4063 30.3398 10.9544 8.91279 6.3047 23.7578 18.3943 12.2453 19.9199 10.62 35.8896 12.3893 20.0359 19.69 25.9253 22.723 36.7544 17.8866 36.3516 23.4433 6.72057 25.9175 20.2272 23.4037 28.1155 24.2731 19.9712 25.0831 21.4088 18.2543 7.57563 31.9682 14.419 15.2302 33.3431 23.1804 6.96883 26.5234 26.8535 25.9983 25.945 8.6652 18.0915 0 22.949 19.3136 29.433 13.8097 17.7143 12.982 31.4948 30.3189 32.7834 13.9185 38.3808 11.2682 3.66219 29.4536 11.3299 34.6049 30.0589 28.8337 10.4641 41.3308 19.2834 19.8008 23.252 16.6255 28.6623 11.9585 42.3567 28.7697 21.722 21.7916 25.6909 31.9087 12.8956 31.853 30.4676 24.5461 34.1546 12.7807 17.9113 24.5455 19.8841 24.5306 29.8755 25.034 37.36 10.0676 14.4781 25.4386 11.125 30.0716 17.5719 7.36692 23.3031 29.9115 
19.1157 46.8431 38.3278 4.53754 18.3002 24.3914 29.5542 22.8381 10.4085 27.7477 35.0073 13.4342 28.2963 14.2555 31.28 22.6107 16.7682 5.03976 4.43322 30.7909 40.4392 13.6244 17.5883 29.6696 40.353 39.024 16.1812 15.3056 41.8097 27.1479 36.5134 30.4341 34.3726 30.4316 20.165 33.9174 14.2059 38.6544 28.2211 16.8104 32.1153 49.7457 43.675 17.2359 30.6983 37.0312 22.949 0 24.5899 31.0315 35.6437 39.1222 35.2649 24.9195 16.0737 43.9375 36.8593 16.0571 32.3643 26.2357 28.2218 14.9286 12.0948 46.2507 9.95962 14.2465 37.561 40.2951 42.4949 29.3808 37.1323 36.6083 31.3283 20.3071 41.9719 38.7526 2.04592 39.3011 12.5057 30.4934 42.9674 40.0372 46.9055 14.3586 17.4449 30.0211 5.04971 16.9518 27.5707 20.4276 47.2492 58.9626 13.4057 18.0368 46.6079 13.815 16.1027 16.1469 24.2082 41.7406 48.0189 
11.1547 32.6036 38.0256 27.1701 40.5826 29.5877 16.7814 13.1655 32.2052 36.7491 24.1013 31.378 29.9336 30.64 31.532 36.1695 33.0926 23.6557 27.6126 50.8019 27.0764 33.4171 36.1496 22.4528 45.2259 38.9532 11.6443 17.4124 43.212 2.67561 44.211 39.9165 37.5539 21.8306 42.5003 33.2563 10.6592 51.5121 40.6526 15.3993 8.22657 39.1325 21.9609 37.5456 26.5786 36.8872 19.3136 24.5899 0 46.2086 21.748 34.9468 22.5891 44.8642 19.5942 19.3572 26.8954 33.9088 18.5535 22.1545 45.1157 12.2801 35.6759 49.1366 22.9735 22.9299 56.6257 23.3516 29.271 5.01786 34.758 12.1771 31.0134 36.5816 17.8306 40.8515 25.0678 44.9992 25.1492 13.2363 51.0663 49.4602 39.4085 38.947 27.9126 7.60723 22.0645 33.3333 41.4248 41.5681 40.1886 52.7169 20.9216 7.28689 28.6277 13.8366 39.0914 31.143 12.6651 42.0049 48.4638 
46.9723 46.8817 25.3884 33.9996 17.7207 18.8979 37.833 35.1473 21.3324 12.0784 37.2445 17.6628 22.0372 43.7213 23.5148 10.047 14.543 36.0526 26.8361 11.2289 42.2504 40.9981 13.6075 32.2192 19.1061 25.3116 44.0062 45.4761 24.4594 47.7374 13.5964 10.3964 19.7529 33.7543 17.3766 24.8595 37.2129 8.17128 6.51235 30.8611 54.3039 44.1006 54.7776 15.0555 28.8248 24.8017 29.433 31.0315 46.2086 0 40.7329 30.645 39.2678 10.6828 46.72 62.1335 36.8033 44.1315 39.5177 29.0501 3.94345 34.2039 34.6231 24.9044 40.9905 23.3835 12.6757 46.3801 43.1354 50.9633 27.7282 57.3062 24.2362 48.2944 58.202 22.2976 29.0232 17.5042 43.4079 42.294 16.3389 12.8197 38.4812 28.6788 18.2977 46.973 35.9626 14.3251 4.90874 14.5462 38.1283 44.8959 25.4647 39.282 51.5443 32.7571 20.1316 15.8898 36.5201 25.9385 29.0763 
31.8227 11.5969 21.5749 39.868 44.0626 22.019 6.22578 13.0377 37.5507 28.7318 4.11443 33.6785 18.815 47.1664 18.1617 32.4335 33.1723 37.6946 36.1048 49.4307 5.43462 48.4109 36.9433 8.58671 31.0255 22.426 30.9621 36.6546 26.786 20.6134 32.5731 31.1153 24.1332 7.07904 45.641 18.2089 24.3075 42.7313 34.2223 18.8411 25.4088 17.385 14.6117 39.5743 12.1344 20.9097 13.8097 35.6437 21.748 40.7329 0 16.3851 1.67181 44.5754 38.9915 25.7129 6.41077 50.0132 3.51535 12.2294 41.5744 21.4711 47.6462 32.7079 39.5365 24.2617 53.2336 5.71294 7.67515 23.0365 17.6624 25.0965 17.3992 53.646 20.866 25.5189 34.8061 31.5116 42.4383 8.55588 38.2805 38.0775 18.2654 47.7904 26.2006 15.5625 36.1419 33.3481 36.035 43.4108 19.1497 31.3575 23.6726 21.5093 11.647 22.145 43.8709 31.1056 11.9557 24.999 30.4884 
42.8004 17.1045 6.06616 43.6571 40.262 16.2343 18.5592 22.3517 36.4588 19.2883 12.3856 31.3033 11.5409 52.8866 8.61785 25.569 29.2085 42.8413 37.6622 41.2192 14.4885 52.7456 32.5234 12.534 15.8462 6.69056 40.9958 45.8281 10.6941 34.6738 19.0381 20.2556 10.9793 13.1385 41.3272 6.25553 32.9098 29.9703 24.6198 24.6331 40.4686 13.5266 30.3451 35.516 9.05098 6.08715 17.7143 39.1222 34.9468 30.645 16.3851 0 14.7685 37.8326 48.0328 42.0977 10.0381 55.0937 17.8769 14.0623 32.8328 29.0406 49.7082 16.4253 46.2232 24.949 43.1803 20.4359 14.328 37.6259 2.93131 40.9574 8.2557 59.2418 37.2469 10.2296 37.5675 16.756 49.3134 23.3724 23.346 24.0317 8.48003 47.4557 23.4398 30.5644 41.6135 29.2798 26.8803 38.4793 8.51088 19.8902 25.7515 31.7143 23.5312 28.8009 41.0848 27.7154 22.4213 8.76037 14.1585 
32.3751 11.633 19.9084 39.5574 43.0518 20.6414 6.34735 12.9767 36.7307 27.2383 2.44475 32.7111 17.2945 47.1184 16.5469 31.1175 32.0705 37.5215 35.5274 48.1115 5.23723 48.2111 35.8377 7.2781 29.3542 20.7622 31.368 36.9811 25.1282 21.6131 30.934 29.5703 22.4814 5.83157 44.5966 16.547 24.4322 41.1384 32.7555 18.4635 26.6435 16.6417 16.2626 38.5157 10.5669 19.2385 12.982 35.2649 22.5891 39.2678 1.67181 14.7685 0 43.3406 39.3145 27.335 4.87762 49.9048 4.03882 11.0581 40.1924 21.3996 47.1991 31.06 39.5607 23.4403 51.8048 7.11228 7.41907 24.1612 15.9979 26.5194 15.7829 53.6115 22.5025 23.8474 34.3419 29.8447 42.5034 9.56674 36.6144 36.4318 17.0524 47.1068 25.1086 16.7304 35.9945 32.2399 34.6026 42.3059 17.9066 30.2548 22.98 21.8316 12.7249 21.9627 42.9444 30.028 12.057 23.3516 28.8956 
43.0794 52.6195 33.4374 26.7868 7.95305 23.0184 40.4013 36.0695 14.5123 18.6229 41.7077 13.5056 27.3362 35.6926 29.6445 12.5034 12.0979 29.6112 20.4867 6.02509 47.2119 32.383 8.72143 36.0632 28.9294 33.5806 40.0378 40.1828 33.6606 46.8524 23.4217 18.5746 27.6936 37.524 7.04662 31.6279 34.6992 18.487 13.9103 30.4964 53.0854 51.2995 57.4828 7.76753 33.7115 32.5789 31.4948 24.9195 44.8642 10.6828 44.5754 37.8326 43.3406 0 40.9827 62.6627 41.9466 35.5407 42.6044 32.3486 6.75933 32.6062 25.4828 35.0193 34.4936 22.5645 12.6418 50.2751 48.5017 49.8553 34.9315 56.7608 30.2441 39.4821 59.3122 31.0929 23.1469 27.3547 36.4448 44.0861 26.9858 23.462 46.161 18.9071 18.7384 47.3398 29.955 11.8722 11.6307 4.85547 45.9751 54.1542 24.3053 37.5914 56.044 31.0397 10.6285 14.2211 37.6065 34.8353 38.8686 
8.67249 50.5209 49.0185 14.9546 34.1 36.4056 32.9675 26.675 26.4784 41.5712 40.0609 29.0749 39.1231 12.4637 41.7427 37.6199 32.2053 11.5019 20.5048 46.8168 44.4024 16.4029 33.5264 36.2185 53.288 49.8556 8.18479 2.33714 53.4132 22.0852 50.3174 44.5743 46.3451 36.3205 35.8914 44.1649 15.2434 54.0155 43.1754 23.4296 23.9054 55.7206 41.555 33.3093 38.984 47.7193 30.3189 16.0737 19.5942 46.72 38.9915 48.0328 39.3145 40.9827 0 36.794 42.5829 15.7344 35.4869 33.9757 44.1362 19.0045 21.5159 58.6275 7.08189 26.1378 53.6208 41.9431 46.6412 22.5468 46.7938 28.7351 41.5316 17.5015 36.62 50.5096 17.9335 52.5029 7.14901 31.2898 57.1173 54.5171 54.4981 27.4047 30.8573 27.1243 11.0287 32.4153 42.8787 36.4275 55.0848 67.5737 24.3376 17.4895 47.7005 19.277 31.7022 31.1413 27.3206 52.8518 59.4496 
28.2626 31.1983 47.1081 46.468 59.2513 43.6812 25.2797 27.0186 51.0378 51.1095 29.7469 49.4612 42.1706 48.8922 42.543 52.4314 50.588 42.8706 46.812 68.3991 28.8239 52.1408 54.0003 31.9806 56.1977 47.9895 29.95 35.0028 52.3938 16.7946 56.8693 54.0252 48.8459 30.6286 61.137 43.2483 29.859 65.9951 55.9561 32.1674 12.8904 39.7109 13.7237 55.79 36.463 46.3226 32.7834 43.9375 19.3572 62.1335 25.7129 42.0977 27.335 62.6627 36.794 0 32.0967 52.2111 24.7259 33.9453 61.8001 30.5772 54.9408 58.3663 41.5967 40.1086 73.6359 22.6438 30.238 14.7978 43.2362 8.06357 41.8329 54.2955 4.92658 50.8829 44.3435 56.4721 43.3259 20.2719 63.1443 62.4109 42.7804 58.2888 44.4378 15.3382 41.3121 50.8194 57.2249 59.8775 43.7533 54.7256 38.3709 26.1693 23.7982 32.1231 57.9834 48.4958 25.6154 50.6643 56.1851 
36.1397 10.8164 15.5092 41.2971 42.5482 18.9288 10.1473 15.9081 36.9613 24.7365 2.80717 32.478 14.8656 49.4893 13.3904 29.4863 31.3392 39.6433 36.5438 46.3148 5.45078 50.1871 35.0424 7.20931 25.1846 16.3152 34.8598 40.2711 20.5942 26.135 27.304 26.714 18.7767 6.49714 43.955 12.7791 27.4204 37.858 30.3388 20.4005 31.3982 13.2128 20.4209 37.8736 8.23666 14.9916 13.9185 36.8593 26.8954 36.8033 6.41077 10.0381 4.87762 41.9466 42.5829 32.0967 0 52.1088 8.55557 10.9275 38.151 24.006 48.4984 26.4394 42.1552 23.8996 49.4623 10.6177 6.56192 28.8149 11.599 31.3891 12.6398 55.9849 27.2284 19.5812 35.7059 25.8193 45.1755 14.2169 32.5796 32.6973 12.5132 47.6908 24.5451 21.4528 38.196 31.4805 32.354 41.4504 13.3045 25.8259 23.868 25.2689 14.8257 24.2912 42.7466 29.4229 15.3607 18.7413 24.0896 
23.9653 61.5281 54.3788 11.5984 27.6243 40.4012 43.7889 36.9787 23.024 43.1669 50.0069 27.8216 44.3534 3.31932 47.3348 37.2766 31.2161 12.4674 18.6349 40.471 55.1419 3.1599 30.702 45.0359 55.9683 55.0675 22.4026 17.2557 57.7626 36.5588 51.7616 45.5941 50.3096 45.6128 28.917 49.9704 26.0547 52.2128 42.7165 31.7099 39.35 65.2115 55.4503 29.1032 46.5048 53.0839 38.3808 16.0571 33.9088 44.1315 50.0132 55.0937 49.9048 35.5407 15.7344 52.2111 52.1088 0 46.5591 41.8499 40.6755 28.5421 10.3192 62.0011 10.9931 30.2971 47.3768 54.0158 57.297 37.6173 53.1648 44.1968 47.3747 4.32694 51.5863 54.6973 17.8158 54.819 8.88531 43.5421 57.8661 54.7074 62.7208 17.4409 33.299 40.9675 13.929 31.3433 41.6067 30.6943 63.1093 74.9648 29.3428 29.5448 60.1717 27.9527 24.9331 31.1853 38.0987 57.7562 63.9709 
28.3967 15.1091 22.4582 36.5317 41.5934 20.6272 2.81126 9.61733 34.7739 27.7104 5.76685 31.1632 18.0519 43.691 17.973 30.7433 30.9296 34.2765 33.0148 47.6806 8.91756 45.0002 34.6916 7.52522 31.479 23.3563 27.4754 33.1503 27.7802 17.6292 32.4322 30.3227 24.2112 6.04783 43.2335 18.5275 20.7991 42.1613 33.0467 15.6156 22.8586 20.6619 15.2606 37.2131 11.8334 21.6232 11.2682 32.3643 18.5535 39.5177 3.51535 17.8769 4.03882 42.6044 35.4869 24.7259 8.55557 46.5591 0 10.4963 40.0485 18.0239 44.4099 33.7957 36.0426 21.5509 51.8377 8.13587 11.1582 20.2615 18.6416 23.0824 17.2385 50.1648 20.0651 26.1645 31.6029 31.7927 38.935 5.66226 38.5052 37.9799 20.9851 44.8042 23.9832 12.9066 32.7121 31.1188 34.7138 41.1349 21.8127 34.2383 20.7749 18.0008 14.4277 18.7546 41.2497 28.8221 8.46928 26.1383 32.0183 
28.914 21.5752 15.9889 30.7353 32.0536 10.1524 8.86057 8.99848 26.0886 17.3795 9.75641 21.7877 8.30076 39.4202 9.40807 20.2943 21.0171 29.4202 25.6639 37.2722 15.4745 39.7424 24.7823 3.89963 23.2634 16.9065 26.988 31.7662 21.0859 22.5002 23.0661 20.1555 15.5941 5.23131 33.568 11.1386 18.8554 32.1073 22.6041 10.6242 28.9 23.5156 25.7396 27.4807 5.01143 14.8003 3.66219 26.2357 22.1545 29.0501 12.2294 14.0623 11.0581 32.3486 33.9757 33.9453 10.9275 41.8499 10.4963 0 29.5608 14.9786 37.6738 26.9843 32.445 12.9721 41.3414 17.9266 17.1897 25.7212 13.0812 30.578 8.86328 45.8693 29.6355 18.7001 24.9596 23.2068 35.5252 13.6808 29.6236 28.5702 20.9497 36.7683 14.0639 19.7068 28.0756 21.1845 24.2273 31.2498 21.4139 33.7039 13.0168 17.8926 23.7806 14.785 32.0583 18.987 9.61218 19.9808 26.5453 
44.9966 48.5304 27.9348 30.8914 13.8682 19.5561 38.1457 34.7984 18.176 13.6455 38.3138 15.1442 23.2865 40.4243 25.1584 9.4226 12.3933 33.1875 23.9056 8.3871 43.5564 37.5265 10.6338 32.9904 22.5039 27.9617 41.9877 43.0291 27.5579 46.8195 16.9665 12.7812 22.1948 34.5106 13.4501 26.8085 35.6376 11.98 8.222 29.978 53.2994 46.3576 55.2429 11.5918 29.9931 27.2157 29.4536 28.2218 45.1157 3.94345 41.5744 32.8328 40.1924 6.75933 44.1362 61.8001 38.151 40.6755 40.0485 29.5608 0 32.9184 30.9921 28.4751 38.1394 22.1911 11.881 47.2755 44.6132 49.9826 29.9016 56.5587 25.8351 44.7856 58.0716 25.1826 26.2611 20.9101 40.4262 42.3396 20.2277 16.7042 40.9284 24.8802 17.4124 46.5103 33.2293 12.1564 5.95544 10.6686 40.6485 48.0742 24.1977 38.0145 52.7055 31.4116 16.3439 14.099 36.2476 28.8941 32.4861 
14.5518 33.0022 30.3668 18.761 28.681 19.0913 15.2472 8.43935 20.4776 25.6529 21.688 19.1479 20.8236 25.7198 23.1773 24.1633 20.817 16.2719 16.7363 38.529 26.6341 26.9985 23.8864 17.3187 35.792 31.2389 12.239 16.7877 35.0548 14.2671 33.8035 28.8434 28.3898 17.5761 30.574 25.4609 3.97765 39.9914 28.9601 4.62709 20.5063 37.2188 28.7946 25.385 19.9896 29.0909 11.3299 14.9286 12.2801 34.2039 21.4711 29.0406 21.3996 32.6062 19.0045 30.5772 24.006 28.5421 18.0239 14.9786 32.9184 0 26.9884 40.5928 18.1972 10.8205 44.3587 25.6598 28.8126 17.2523 27.9019 24.1944 22.8766 32.212 27.8971 32.296 14.6543 35.2668 21.1876 15.5858 40.7519 38.7198 35.5853 28.654 15.9639 15.6842 14.694 21.0579 29.5159 29.4433 36.1411 48.5875 8.74945 5.09689 31.9218 1.57102 27.4277 18.8871 9.58625 34.2887 40.918 
27.9218 58.7126 48.0186 8.52623 17.5301 33.9671 41.6034 34.92 14.4314 35.3374 46.8033 19.7335 38.3729 11.4197 41.4043 28.8636 22.9229 12.0827 12.0894 30.2196 52.3283 7.27415 21.6354 41.2897 48.1875 48.6007 25.4794 22.0655 50.7496 38.3237 43.5455 37.3983 43.3478 42.1669 18.7041 44.0399 25.8506 42.7828 34.006 28.8093 42.5489 61.1238 55.637 19.6061 41.8027 46.7735 34.6049 12.0948 35.6759 34.6231 47.6462 49.7082 47.1991 25.4828 21.5159 54.9408 48.4984 10.3192 44.4099 37.6738 30.9921 26.9884 0 54.3955 14.6134 24.946 37.102 52.3756 54.337 40.1637 47.4341 47.2644 41.5893 14.0295 53.4039 47.6946 12.8583 46.9026 14.7027 42.5702 49.2166 45.9096 57.8273 7.1328 26.5868 41.7181 13.6288 23.0003 32.6201 20.6807 58.0747 69.2564 24.6572 29.6915 58.6923 25.9078 14.8596 23.4042 36.3006 51.0356 56.886 
55.1231 32.2805 11.376 50.4841 40.3876 22.2796 33.9255 35.9818 39.9811 19.059 28.6309 34.6655 19.7717 60.4964 17.6712 25.7772 31.509 50.8681 43.3876 36.0291 30.7975 59.1833 33.4843 27.2347 6.29006 10.4599 52.798 56.6703 6.03673 49.3683 11.6239 17.2992 12.2873 28.3017 40.7298 15.9078 44.555 20.0104 21.5376 35.9744 55.591 25.8142 46.7637 36.2159 22.7748 12.362 30.0589 46.2507 49.1366 24.9044 32.7079 16.4253 31.06 35.0193 58.6275 58.3663 26.4394 62.0011 33.7957 26.9843 28.4751 40.5928 54.3955 0 55.1452 32.7344 35.3051 36.8435 30.3396 52.5225 15.1561 56.645 18.1417 66.3241 53.5587 8.34127 44.3277 7.75923 58.1362 38.9855 10.3085 13.0258 19.8056 50.1333 28.8064 45.9338 50.0304 31.4508 23.6135 37.6626 18.9877 20.9561 34.3621 44.4582 39.4789 39.8332 42.1504 31.0371 36.5277 7.70891 4.80554 
13.6473 51.1188 46.3527 7.9682 27.3384 32.9157 33.3216 26.5846 20.1112 37.1659 39.8816 23.3832 36.2655 7.82054 39.103 32.4405 26.6892 4.95191 14.2377 40.2141 44.7849 10.5442 27.5138 35.2843 49.4666 47.127 11.6469 7.45694 50.3165 25.6363 45.9731 39.9966 42.9984 35.6835 29.08 41.6634 15.2988 48.5937 38.0542 21.9125 28.8402 55.3578 44.4586 26.9577 37.3251 45.0418 28.8337 9.95962 22.9735 40.9905 39.5365 46.2232 39.5607 34.4936 7.08189 41.5967 42.1552 10.9931 36.0426 32.445 38.1394 18.1972 14.6134 55.1452 0 22.4402 47.0862 43.2809 46.9796 26.8713 44.6096 33.6657 39.0145 14.1748 40.7299 47.3109 11.9804 48.525 3.09041 32.7191 52.5804 49.7557 53.3798 20.3245 26.5543 29.9749 5.21261 26.8789 37.4895 29.8231 53.8586 66.0715 20.9854 18.6395 49.3689 17.8784 24.8637 25.9356 27.5808 50.0063 56.4815 
24.2721 34.4868 24.1441 18.7606 20.1888 10.4762 18.9698 13.6785 13.2937 15.6066 22.5603 9.78897 14.0719 28.3201 17.0393 13.3452 10.4794 18.3843 12.8585 28.3006 28.2603 27.8396 13.9669 16.7819 27.1967 24.8689 21.4802 24.3482 27.8937 24.6466 24.2413 18.7225 20.5583 17.8848 21.918 19.6734 13.9885 29.3587 18.2765 7.94606 31.1084 36.2208 35.5654 16.0768 16.8599 22.8402 10.4641 14.2465 22.9299 23.3835 24.2617 24.949 23.4403 22.5645 26.1378 40.1086 23.8996 30.2971 21.5509 12.9721 22.1911 10.8205 24.946 32.7344 22.4402 0 33.7992 29.6564 30.088 27.7936 22.8927 34.4493 17.0819 34.5223 36.7699 24.8766 12.6235 26.3719 25.4639 21.9094 31.1123 28.7202 32.9179 23.8069 5.21496 24.7783 17.3966 10.7109 18.7161 20.1408 33.2009 44.7412 2.10404 15.9038 35.8668 9.38501 19.7049 8.39618 15.246 27.6657 34.0762 
55.5752 59.5513 37.7199 39.305 19.9844 31.2489 49.9911 46.6547 27.1541 24.726 49.8348 25.6795 34.6552 47.8467 36.1904 21.3036 23.5483 42.2266 33.1283 6.94548 54.9058 44.2519 20.8206 44.6726 30.2846 37.55 52.5355 52.8213 36.1105 58.4362 25.1186 23.0102 32.2189 46.2024 18.5008 37.5005 46.7991 15.3506 19.1263 41.6814 64.8423 56.5497 67.0632 20.3788 41.4347 37.2382 41.3308 37.561 56.6257 12.6757 53.2336 43.1803 51.8048 12.6418 53.6208 73.6359 49.4623 47.3768 51.8377 41.3414 11.881 44.3587 37.102 35.3051 47.0862 33.7992 0 58.9113 55.8098 61.5508 40.2826 68.2459 36.9111 51.0986 69.9442 34.3172 35.7843 28.7347 48.95 54.2195 25.3371 22.285 50.8065 30.1074 29.2036 58.3255 42.5944 23.3069 17.2022 17.2708 50.3893 56.0768 35.7372 49.4314 64.1733 42.8189 22.6369 25.485 48.1139 37.7948 39.8948 
34.1685 9.58336 26.1058 44.362 49.616 27.7195 10.8659 17.4571 42.901 34.3477 9.25823 39.2026 24.3969 51.0388 23.5202 38.1464 38.8086 41.9117 41.1058 55.1436 6.24879 52.629 42.5794 14.296 35.8023 26.8933 33.7724 39.6204 31.1071 21.6415 37.7734 36.6489 29.2632 12.7919 51.2236 23.2697 27.9924 48.1337 39.8678 23.6576 25.1719 17.4672 9.93157 45.1732 17.6435 25.6094 19.2834 40.2951 23.3516 46.3801 5.71294 20.4359 7.11228 50.2751 41.9431 22.6438 10.6177 54.0158 8.13587 17.9266 47.2755 25.6598 52.3756 36.8435 43.2809 29.6564 58.9113 0 7.61755 23.418 22.2062 23.7737 22.7548 57.4554 17.7217 30.1961 39.6195 36.4238 46.0592 10.6659 43.1891 43.2209 20.1369 52.9264 31.8378 16.1388 40.3136 38.9886 41.7095 49.0425 21.1111 32.3515 28.9105 24.7556 6.32454 26.5485 49.3381 36.727 16.1166 29.1962 34.1089 
39.4902 4.401 20.3486 46.8399 49.0553 25.4834 13.7216 20.3952 43.2755 31.1094 7.55554 38.9167 21.338 54.5281 19.6249 36.0317 37.8674 44.8924 42.5205 52.8178 2.24157 55.562 41.5819 13.3172 30.16 21.0153 38.6315 44.305 24.9162 27.9545 32.9412 32.9214 24.4849 12.2341 50.4834 18.6095 31.839 43.7151 36.7128 25.7463 32.2139 10.1016 17.1392 44.3972 14.7905 20.1359 19.8008 42.4949 29.271 43.1354 7.67515 14.328 7.41907 48.5017 46.6412 30.238 6.56192 57.297 11.1582 17.1897 44.6132 28.8126 54.337 30.3396 46.9796 30.088 55.8098 7.61755 0 30.1359 16.6583 31.2036 18.8992 61.0231 25.3222 24.5247 41.4854 31.0057 49.9217 16.0357 37.6562 38.163 12.578 53.8889 31.034 22.6661 43.3775 38.0124 38.7747 47.9996 13.5622 24.7951 29.8661 29.1524 9.20711 29.3454 49.1928 35.9299 19.4587 22.9039 27.1804 
13.8768 32.9688 41.2455 31.7148 45.5952 33.8822 19.0781 16.9532 37.2098 41.1688 26.0166 36.3785 33.7956 34.3073 35.12 40.9454 38.0389 28.0858 32.5403 55.7811 28.0523 37.4096 41.1371 25.3973 48.9767 42.1757 15.2393 20.5746 46.5254 3.29608 48.3265 44.3067 41.2988 24.5382 47.514 36.6217 15.6341 56.0327 45.2795 20.1022 3.3466 40.2091 19.891 42.5589 29.7639 40.1761 23.252 29.3808 5.01786 50.9633 23.0365 37.6259 24.1612 49.8553 22.5468 14.7978 28.8149 37.6173 20.2615 25.7212 49.9826 17.2523 40.1637 52.5225 26.8713 27.7936 61.5508 23.418 30.1359 0 37.7712 7.23463 34.5441 39.951 14.0739 44.3389 29.9547 48.8608 28.7466 14.6091 55.1028 53.6704 41.2125 43.7328 32.6931 7.48797 26.5388 38.2791 46.1431 46.5844 42.0579 54.3883 25.8178 12.3007 27.9181 18.8165 44.0849 36.0668 16.1148 45.178 51.4874 
41.9947 19.7355 3.91944 41.6526 37.5033 13.6707 18.8922 21.8308 33.9612 16.3666 13.5547 28.74 9.07455 51.0649 6.05602 22.7147 26.5256 41.0354 35.4459 38.2881 16.5372 50.732 29.7712 12.3789 13.6289 4.76469 40.0292 44.6375 9.15799 34.7101 16.3634 17.335 8.12396 13.288 38.53 3.49758 31.838 27.2512 21.6885 23.3735 40.7379 16.457 32.0119 32.7678 8.22768 3.48053 16.6255 37.1323 34.758 27.7282 17.6624 2.93131 15.9979 34.9315 46.7938 43.2362 11.599 53.1648 18.6416 13.0812 29.9016 27.9019 47.4341 15.1561 44.6096 22.8927 40.2826 22.2062 16.6583 37.7712 0 41.5666 5.8493 57.3584 38.4538 7.99773 35.5047 14.374 47.6975 23.8978 21.0836 21.5085 11.2804 44.9425 20.986 30.9491 39.8711 26.5872 23.9494 35.6579 11.2088 21.8675 23.8651 30.9667 25.7964 27.517 38.3962 25.1054 22.105 7.51007 13.7267 
20.2336 33.2072 45.2695 38.8571 52.7258 39.5695 22.7223 22.4475 44.3688 46.9774 28.72 43.3374 38.8592 40.8775 39.7736 47.3661 44.8303 35.1823 39.7672 62.6386 29.3777 44.2024 48.0407 29.4675 53.6818 46.1884 22.0364 26.9663 50.6083 9.92921 53.5977 50.0445 46.0807 28.3446 54.639 40.9342 22.8345 61.9275 51.4092 26.5817 4.84684 41.2224 17.3305 49.5758 33.9938 44.3164 28.6623 36.6083 12.1771 57.3062 25.0965 40.9574 26.5194 56.7608 28.7351 8.06357 31.3891 44.1968 23.0824 30.578 56.5587 24.1944 47.2644 56.645 33.6657 34.4493 68.2459 23.7737 31.2036 7.23463 41.5666 0 39.1287 46.2363 9.1405 48.7042 37.1885 53.7354 35.3146 17.6691 60.2015 59.0561 43.2317 50.9556 39.1658 10.8726 33.6608 45.0683 52.4339 53.6252 44.1505 55.9822 32.5481 19.3858 26.8414 25.7654 51.2646 42.8092 21.2976 49.0745 55.0849 
37.2652 22.7062 7.49906 35.8403 32.1472 7.99 16.6156 17.85 28.2086 12.2371 13.5 23.0488 3.28519 45.3265 0.765398 17.7851 21.0142 35.3165 29.5966 34.1364 18.0862 44.9128 24.4118 9.85409 14.5531 8.36278 35.108 39.4339 12.3146 31.3423 15.2262 14.0748 7.01769 11.2233 33.2857 2.65133 26.852 25.379 17.8309 18.2639 37.688 21.2217 31.9864 27.3919 5.40571 6.2151 11.9585 31.3283 31.0134 24.2362 17.3992 8.2557 15.7829 30.2441 41.5316 41.8329 12.6398 47.3747 17.2385 8.86328 25.8351 22.8766 41.5893 18.1417 39.0145 17.0819 36.9111 22.7548 18.8992 34.5441 5.8493 39.1287 0 51.5857 37.2667 9.83814 29.6779 14.6718 42.0953 21.7205 21.3114 20.7637 16.6887 39.2037 15.1977 28.2787 34.1937 21.0952 19.9371 30.5067 16.7643 27.713 18.1391 26.4238 27.4601 22.3215 32.8827 19.4741 18.4594 11.4151 18.0443 
26.1001 65.2071 58.634 15.8896 31.5358 44.6825 47.4223 40.6441 27.2837 47.4936 53.8146 32.1315 48.5903 6.50007 51.5608 41.581 35.5205 16.4523 22.9618 44.2359 58.846 7.33082 34.9292 48.9686 60.2949 59.331 24.9442 19.3766 62.0627 39.1855 56.0829 49.9141 54.6118 49.4889 32.7334 54.1914 29.4685 56.401 47.0034 35.5949 41.4065 69.1343 58.3791 33.2448 50.583 57.3364 42.3567 20.3071 36.5816 48.2944 53.646 59.2418 53.6115 39.4821 17.5015 54.2955 55.9849 4.32694 50.1648 45.8693 44.7856 32.212 14.0295 66.3241 14.1748 34.5223 51.0986 57.4554 61.0231 39.951 57.3584 46.2363 51.5857 0 54.0123 58.9986 22.1033 59.1458 11.5159 46.8889 62.167 58.9942 66.7841 21.0055 37.6077 43.8574 17.8142 35.6449 45.8623 34.6568 67.193 79.1254 33.5064 32.791 63.5389 31.7308 28.8538 35.5092 41.6959 62.037 68.2717 
27.9507 26.3888 42.3415 44.879 56.3689 39.5486 20.8453 23.3209 48.3279 46.9383 24.9279 46.3377 37.7714 48.2885 37.9893 48.6603 47.2144 41.4459 44.4942 64.9369 23.8973 51.2199 50.7333 27.4393 51.5344 43.2145 29.1854 34.6397 47.6061 15.1555 52.3905 49.7841 44.2624 26.0434 58.2227 38.5847 27.7663 61.7423 51.9276 28.9037 13.2585 34.8579 9.10452 52.6882 31.8726 41.5872 28.7697 41.9719 17.8306 58.202 20.866 37.2469 22.5025 59.3122 36.62 4.92658 27.2284 51.5863 20.0651 29.6355 58.0716 27.8971 53.4039 53.5587 40.7299 36.7699 69.9442 17.7217 25.3222 14.0739 38.4538 9.1405 37.2667 54.0123 0 46.1659 42.168 51.8572 42.7436 15.9864 58.5619 57.9394 37.8571 56.2224 40.8321 12.2251 39.8388 47.4401 53.2978 56.7808 38.8291 49.8651 35.1566 23.9473 19.1592 29.3902 55.2724 45.094 21.8362 45.8516 51.3084 
46.8097 27.2928 4.17603 43.1094 35.2016 14.4191 26.0102 27.6876 33.4627 13.0447 21.4055 28.0761 11.4774 52.9981 9.34034 20.0667 25.2027 43.1989 36.2308 33.4141 24.5152 51.9908 27.7694 19.2378 5.64395 3.58233 44.5184 48.5099 3.06894 41.1549 9.31602 12.5219 4.38838 20.4184 35.8702 7.77136 36.2653 20.1898 17.1935 27.672 47.4516 22.592 39.9704 30.6874 14.712 4.61081 21.722 38.7526 40.8515 22.2976 25.5189 10.2296 23.8474 31.0929 50.5096 50.8829 19.5812 54.6973 26.1645 18.7001 25.1826 32.296 47.6946 8.34127 47.3109 24.8766 34.3172 30.1961 24.5247 44.3389 7.99773 48.7042 9.83814 58.9986 46.1659 0 36.9003 6.5448 50.3404 31.1151 13.1322 13.8989 16.6404 44.0842 21.4082 37.911 42.2669 25.191 19.4981 32.8351 16.1407 23.0878 26.3792 36.1179 33.7098 31.5758 36.6038 24.3487 28.283 3.74318 9.27359 
20.4153 45.8576 36.5827 6.21742 16.7999 22.5855 28.8033 22.1956 8.65734 25.7518 33.959 11.4032 26.5971 16.1711 29.5998 20.5653 14.7266 7.07942 2.79988 29.0673 39.4708 15.2411 15.6297 28.4983 38.3971 37.2614 17.4218 17.0371 39.9626 27.5583 34.5049 28.4141 32.515 29.3361 18.697 32.2437 14.4868 36.6194 26.1753 15.9876 32.8047 48.4688 43.4418 15.4164 29.2884 35.2922 21.7916 2.04592 25.0678 29.0232 34.8061 37.5675 34.3419 23.1469 17.9335 44.3435 35.7059 17.8158 31.6029 24.9596 26.2611 14.6543 12.8583 44.3277 11.9804 12.6235 35.7843 39.6195 41.4854 29.9547 35.5047 37.1885 29.6779 22.1033 42.168 36.9003 0 37.3275 14.5515 30.0717 40.9372 37.9971 45.4577 14.067 15.5369 30.0891 6.96816 14.9117 25.5297 18.7543 45.7724 57.3617 11.9889 18.2418 45.9432 13.3948 14.7494 14.1057 23.6259 39.9403 46.1722 
49.7807 33.836 10.6899 43.4019 32.63 16.2522 31.2871 31.9365 32.4713 11.6558 27.4274 27.2201 15.0784 53.4769 13.9914 18.1313 23.9799 44.0651 36.1855 28.7238 30.9007 51.9331 25.7898 24.5149 1.6019 10.1261 47.2575 50.6667 7.47707 45.6045 3.94414 9.59524 7.6639 25.8437 32.9745 13.3216 39.1405 13.9878 13.7794 30.7532 52.0783 28.9561 46.0802 28.4866 20.01 10.8967 25.6909 39.3011 44.9992 17.5042 31.5116 16.756 29.8447 27.3547 52.5029 56.4721 25.8193 54.819 31.7927 23.2068 20.9101 35.2668 46.9026 7.75923 48.525 26.3719 28.7347 36.4238 31.0057 48.8608 14.374 53.7354 14.6718 59.1458 51.8572 6.5448 37.3275 0 51.4492 36.3922 6.77248 7.39911 22.9259 42.4562 21.9761 42.867 43.3454 23.9061 15.8742 29.9066 22.3416 27.4753 28.1818 39.5765 40.1666 34.3121 34.4129 23.6749 32.7595 9.35217 11.5839 
15.0876 54.0307 49.4229 9.65811 29.0384 35.934 36.2359 29.5355 22.2759 40.0292 42.8747 25.9101 39.3319 5.56718 42.1786 35.111 29.2663 7.49139 16.5717 42.0324 47.7183 9.25748 29.846 38.3364 52.4154 50.1931 13.5642 8.40989 53.353 27.7791 48.8307 42.8136 46.0172 38.7136 30.6985 44.7434 18.1435 51.1256 40.7233 24.9774 30.4681 58.3837 46.8758 29.0685 40.4115 48.112 31.9087 12.5057 25.1492 43.4079 42.4383 49.3134 42.5034 36.4448 7.14901 43.3259 45.1755 8.88531 38.935 35.5252 40.4262 21.1876 14.7027 58.1362 3.09041 25.4639 48.95 46.0592 49.9217 28.7466 47.6975 35.3146 42.0953 11.5159 42.7436 50.3404 14.5515 51.4492 0 35.4508 55.3833 52.5051 56.4544 21.0739 29.4733 32.3568 8.11099 29.4465 40.0651 31.6893 56.9377 69.16 24.0448 21.332 52.0938 20.9211 26.4727 28.6308 30.4892 53.0632 59.5253 
23.6614 19.4831 27.6097 34.3252 42.0525 23.5682 5.11499 8.30137 34.5697 30.9519 11.4284 31.695 21.9018 40.5093 22.4056 32.9179 32.0695 31.6308 31.8814 49.5093 13.8408 42.2951 35.7354 11.9078 36.2277 28.5263 23.1298 28.9637 32.9494 12.0666 36.6241 33.8075 28.7329 10.7032 43.8123 23.3624 17.4886 45.7718 35.9732 14.6348 17.205 25.9271 13.7068 37.9789 16.4462 26.6777 12.8956 30.4934 13.2363 42.294 8.55588 23.3724 9.56674 44.0861 31.2898 20.2719 14.2169 43.5421 5.66226 13.6808 42.3396 15.5858 42.5702 38.9855 32.7191 21.9094 54.2195 10.6659 16.0357 14.6091 23.8978 17.6691 21.7205 46.8889 15.9864 31.1151 30.0717 36.3922 35.4508 0 42.9956 42.1585 26.6089 43.8497 25.3769 7.25126 30.0082 32.2821 37.4001 42.0269 27.4499 39.8199 20.6437 14.1217 16.65 16.698 41.3496 29.9283 6.73198 31.4054 37.4536 
55.109 40.3318 17.3079 46.7706 33.4624 21.6954 37.9071 38.1498 34.9594 15.5473 34.1989 30.0536 21.361 56.856 20.6049 20.5914 26.6509 47.9042 39.4208 26.8984 37.6208 54.8555 27.5983 31.1648 7.49987 16.6585 52.4529 55.4198 13.2488 51.8241 6.94854 12.5886 14.3011 32.5249 33.4153 20.081 44.5137 9.99738 15.2172 36.3756 58.3609 34.9348 52.8526 29.9139 26.6913 17.6201 31.853 42.9674 51.0663 16.3389 38.2805 23.346 36.6144 26.9858 57.1173 63.1443 32.5796 57.8661 38.5052 29.6236 20.2277 40.7519 49.2166 10.3085 52.5804 31.1123 25.3371 43.1891 37.6562 55.1028 21.0836 60.2015 21.3114 62.167 58.5619 13.1322 40.9372 6.77248 55.3833 42.9956 0 3.52374 28.8502 44.0233 26.2606 49.3297 47.3678 26.5229 16.6932 30.4365 28.1647 31.256 33.0709 45.2999 46.8415 39.6676 35.6058 26.8635 39.0685 15.2984 15.0967 
52.9062 41.1358 17.9818 43.7299 29.983 19.8823 37.1333 36.7659 31.7344 13.1345 34.0659 26.9462 20.2764 53.7913 20.0178 17.4974 23.5304 45.0148 36.3696 23.479 37.9206 51.6711 24.2746 30.5095 8.67927 17.4768 50.177 52.8918 14.7506 50.3772 5.54986 9.99859 13.9622 31.9397 29.9084 19.9513 42.3844 6.99686 11.9911 34.4738 56.9672 36.3489 52.6891 26.5145 26.1626 18.0393 30.4676 40.0372 49.4602 12.8197 38.0775 24.0317 36.4318 23.462 54.5171 62.4109 32.6973 54.7074 37.9799 28.5702 16.7042 38.7198 45.9096 13.0258 49.7557 28.7202 22.285 43.2209 38.163 53.6704 21.5085 59.0561 20.7637 58.9942 57.9394 13.8989 37.9971 7.39911 52.5051 42.1585 3.52374 0 30.3078 40.6047 23.7133 48.213 44.5483 23.3893 13.3103 26.9394 29.7046 33.8986 30.7369 43.4172 47.2646 37.5557 32.1579 23.8918 37.791 16.7005 17.6771 
48.459 13.0751 13.1004 51.4393 48.7413 24.6787 22.6476 27.9779 44.825 27.5498 15.3116 39.7219 19.9655 60.3524 17.0874 33.9943 37.6814 50.3321 45.7439 49.3051 14.0034 60.5078 41.0029 18.2822 21.651 13.2645 47.0074 52.2213 15.6303 38.6116 25.9539 28.1943 18.7581 18.2455 49.7967 14.7201 39.2547 36.8113 32.7106 31.4879 43.6677 6.08608 29.6875 43.9959 16.22 13.7165 24.5461 46.9055 39.4085 38.4812 18.2654 8.48003 17.0524 46.161 54.4981 42.7804 12.5132 62.7208 20.9851 20.9497 40.9284 35.5853 57.8273 19.8056 53.3798 32.9179 50.8065 20.1369 12.578 41.2125 11.2804 43.2317 16.6887 66.7841 37.8571 16.6404 45.4577 22.9259 56.4544 26.6089 28.8502 30.3078 0 55.8232 31.8 33.7787 49.0127 37.755 35.006 46.9352 0.993718 13.3235 33.5035 37.4613 20.8641 35.6011 49.5567 36.1627 27.6378 13.6221 15.7891 
32.7064 58.2891 44.9726 12.7626 11.0491 31.2718 42.0628 35.7446 10.9989 31.2326 46.3497 16.2304 35.9202 18.4492 38.8982 24.3583 18.8828 16.5913 11.9732 23.2819 52.0313 14.4058 16.6703 40.5887 43.8497 45.4497 29.9685 27.5482 47.0756 41.4954 38.8624 32.861 39.8663 41.6684 11.9281 41.4602 28.4871 36.8362 29.0006 29.3737 46.4244 59.7003 57.369 14.1206 40.3215 43.7977 34.1546 14.3586 38.947 28.6788 47.7904 47.4557 47.1068 18.9071 27.4047 58.2888 47.6908 17.4409 44.8042 36.7683 24.8802 28.654 7.1328 50.1333 20.3245 23.8069 30.1074 52.9264 53.8889 43.7328 44.9425 50.9556 39.2037 21.0055 56.2224 44.0842 14.067 42.4562 21.0739 43.8497 44.0233 40.6047 55.8232 0 24.0245 44.156 17.8193 18.8934 27.3343 14.2688 55.9536 66.4462 24.1295 32.2801 59.2318 27.3192 8.54727 19.9348 37.2463 47.6166 53.0587 
29.4437 35.3571 21.4371 21.7256 18.0276 7.38554 21.6934 17.5112 13.0257 10.7176 23.7687 8.03223 11.9225 31.6954 14.93 8.25727 6.972 22.1086 14.8501 24.1486 29.4557 30.5835 10.7432 17.9358 22.9584 22.0375 26.6153 29.1864 24.4762 29.4889 19.4972 13.7323 17.0199 19.2929 19.5083 17.5347 19.2034 24.1446 13.0616 12.6075 36.0283 35.8356 38.7477 13.4186 16.6439 20.1874 12.7807 17.4449 27.9126 18.2977 26.2006 23.4398 25.1086 18.7384 30.8573 44.4378 24.5451 33.299 23.9832 14.0639 17.4124 15.9639 26.5868 28.8064 26.5543 5.21496 29.2036 31.8378 31.034 32.6931 20.986 39.1658 15.1977 37.6077 40.8321 21.4082 15.5369 21.9761 29.4733 25.3769 26.2606 23.7133 31.8 24.0245 0 29.1219 21.3696 7.15081 13.5567 17.2102 31.931 42.7102 7.31763 21.0148 37.8155 14.5678 18.2345 4.92371 19.0094 24.57 30.6804 
18.7595 25.6158 34.5728 33.2108 44.1664 28.8609 12.0607 11.8409 36.1029 36.2955 18.6731 34.213 27.993 37.7533 28.9158 37.1744 35.2569 29.9815 32.3443 53.0621 20.5696 40.2135 38.6959 18.7026 42.8295 35.4977 19.0493 24.8994 39.9015 5.53724 42.7414 39.32 35.2156 17.6645 46.0283 30.1405 15.8765 51.2495 40.9119 16.845 9.95378 32.728 14.5222 40.5575 23.2029 33.5787 17.9113 30.0211 7.60723 46.973 15.5625 30.5644 16.7304 47.3398 27.1243 15.3382 21.4528 40.9675 12.9066 19.7068 46.5103 15.6842 41.7181 45.9338 29.9749 24.7783 58.3255 16.1388 22.6661 7.48797 30.9491 10.8726 28.2787 43.8574 12.2251 37.911 30.0891 42.867 32.3568 7.25126 49.3297 48.213 33.7787 44.156 29.1219 0 28.3455 35.4876 42.0715 44.6501 34.637 46.9199 23.0719 12.0298 21.1103 17.1678 43.048 33.1606 10.5602 38.4339 44.5881 
14.8933 47.624 41.4513 5.21535 23.1851 27.8516 29.9257 23.1054 15.4497 31.9594 36.0781 18.3098 31.3531 11.3457 34.2418 27.262 21.5696 1.64171 9.47697 35.8034 41.2302 12.3154 22.5975 31.1565 44.3054 42.2045 12.1625 10.3726 45.2893 24.7215 40.7659 34.7841 37.9321 31.6989 25.0155 36.833 12.6591 43.4781 32.8732 17.796 28.9784 51.3266 42.5466 22.2842 32.8417 40.1417 24.5455 5.04971 22.0645 35.9626 36.1419 41.6135 35.9945 29.955 11.0287 41.3121 38.196 13.929 32.7121 28.0756 33.2293 14.694 13.6288 50.0304 5.21261 17.3966 42.5944 40.3136 43.3775 26.5388 39.8711 33.6608 34.1937 17.8142 39.8388 42.2669 6.96816 43.3454 8.11099 30.0082 47.3678 44.5483 49.0127 17.8193 21.3696 28.3455 0 21.7654 32.356 25.4229 49.4431 61.5004 16.068 16.4119 46.5387 14.0329 20.8768 20.7515 24.2794 45.0429 51.4726 
32.8505 42.2937 26.2278 20.3838 11.1358 13.1463 28.787 24.2098 8.57143 12.4146 30.8424 3.57086 17.8581 30.4136 20.668 5.93891 0.24167 21.9906 13.0306 17.5976 36.5013 28.3385 3.59784 25.0351 25.2113 26.6544 29.8489 31.151 28.1841 35.2019 20.5715 14.4082 20.9923 26.4158 12.475 23.0928 23.5579 21.7163 11.4168 18.6553 41.5561 42.2172 45.7767 6.40589 23.4074 25.1 19.8841 16.9518 33.3333 14.3251 33.3481 29.2798 32.2399 11.8722 32.4153 50.8194 31.4805 31.3433 31.1188 21.1845 12.1564 21.0579 23.0003 31.4508 26.8789 10.7109 23.3069 38.9886 38.0124 38.2791 26.5872 45.0683 21.0952 35.6449 47.4401 25.191 14.9117 23.9061 29.4465 32.2821 26.5229 23.3893 37.755 18.8934 7.15081 35.4876 21.7654 0 10.6193 10.0663 37.7705 47.7126 12.5246 26.1251 44.9548 19.5139 11.8093 2.35588 25.7533 28.7383 34.1941 
42.6136 42.6431 22.0606 30.9249 16.9419 14.0886 32.976 30.2424 18.5827 7.71212 32.6433 14.1626 17.5002 40.8807 19.2483 5.42636 10.8032 32.609 23.6011 14.3394 37.7819 38.5315 10.9919 27.4833 17.4197 22.1283 39.6874 41.5044 22.0308 42.9048 11.9962 6.98219 16.3071 29.0153 17.142 20.8561 32.6488 11.1394 2.31733 26.047 49.4868 40.4062 49.9666 13.2208 24.2606 21.3038 24.5306 27.5707 41.4248 4.90874 36.035 26.8803 34.6026 11.6307 42.8787 57.2249 32.354 41.6067 34.7138 24.2273 5.95544 29.5159 32.6201 23.6135 37.4895 18.7161 17.2022 41.7095 38.7747 46.1431 23.9494 52.4339 19.9371 45.8623 53.2978 19.4981 25.5297 15.8742 40.0651 37.4001 16.6932 13.3103 35.006 27.3343 13.5567 42.0715 32.356 10.6193 0 14.0837 34.7439 42.5327 20.8139 34.5715 47.0027 28.1005 18.96 11.7482 31.612 23.2358 27.2953 
38.9756 52.2476 34.6737 22.0382 3.21984 22.7783 38.749 33.8192 10.1112 19.8711 40.8893 10.4431 27.3836 30.8409 29.9912 12.9972 10.2388 24.9854 16.0188 10.3962 46.5309 27.5357 6.4687 35.0944 31.4243 34.9412 35.9419 35.7324 35.6059 43.6965 26.0661 20.572 29.0526 36.4809 3.06923 32.2241 31.1528 22.6486 16.129 27.8842 49.7438 51.7284 55.6301 4.09311 33.3047 33.685 29.8755 20.4276 41.5681 14.5462 43.4108 38.4793 42.3059 4.85547 36.4275 59.8775 41.4504 30.6943 41.1349 31.2498 10.6686 29.4433 20.6807 37.6626 29.8231 20.1408 17.2708 49.0425 47.9996 46.5844 35.6579 53.6252 30.5067 34.6568 56.7808 32.8351 18.7543 29.9066 31.6893 42.0269 30.4365 26.9394 46.9352 14.2688 17.2102 44.6501 25.4229 10.0663 14.0837 0 46.8507 55.881 21.6313 34.2841 55.021 27.874 5.82625 12.3181 35.3859 36.5543 41.1741 
49.1385 14.0506 12.7438 51.7856 48.7117 24.7452 23.4141 28.6265 44.9551 27.3528 16.1097 39.813 20.049 60.7753 17.124 33.8838 37.703 50.7447 46.0006 49.0144 14.9623 60.8628 40.9783 18.8695 21.0327 12.8431 47.6458 52.8161 14.9838 39.43 25.4551 27.8886 18.4554 18.8971 49.7344 14.6871 39.8427 36.2695 32.4404 31.9913 44.5394 6.83326 30.6772 43.9743 16.61 13.4406 25.034 47.2492 40.1886 38.1283 19.1497 8.51088 17.9066 45.9751 55.0848 43.7533 13.3045 63.1093 21.8127 21.4139 40.6485 36.1411 58.0747 18.9877 53.8586 33.2009 50.3893 21.1111 13.5622 42.0579 11.2088 44.1505 16.7643 67.193 38.8291 16.1407 45.7724 22.3416 56.9377 27.4499 28.1647 29.7046 0.993718 55.9536 31.931 34.637 49.4431 37.7705 34.7439 46.8507 0 12.6012 33.8434 38.1179 21.8527 36.1202 49.5788 36.2254 28.3266 13.0042 14.8961 
61.7362 23.5982 21.4882 63.4913 58.1471 35.328 35.968 41.2105 55.545 36.019 28.6157 50.2229 30.8907 72.7765 27.8592 42.9934 47.6883 62.7313 57.3028 56.1222 26.6186 72.5767 50.5742 31.4037 25.8866 21.0708 60.2139 65.321 20.5215 51.8631 31.3166 35.5825 26.8757 31.4881 58.8987 25.2187 52.3451 40.8948 40.244 44.3276 56.7333 15.0169 41.1559 53.5414 28.7582 22.6486 37.36 58.9626 52.7169 44.8959 31.3575 19.8902 30.2548 54.1542 67.5737 54.7256 25.8259 74.9648 34.2383 33.7039 48.0742 48.5875 69.2564 20.9561 66.0715 44.7412 56.0768 32.3515 24.7951 54.3883 21.8675 55.9822 27.713 79.1254 49.8651 23.0878 57.3617 27.4753 69.16 39.8199 31.256 33.8986 13.3235 66.4462 42.7102 46.9199 61.5004 47.7126 42.5327 55.881 12.6012 0 45.6239 50.7045 31.3979 48.4841 59.3888 46.5114 40.9275 19.3484 16.2231 
22.2074 34.2646 25.3887 17.9424 21.4328 12.0895 18.0973 12.3463 14.0453 17.6076 22.3107 11.1926 15.2921 27.2003 18.1746 15.4338 12.2876 17.1786 12.6786 30.1154 27.95 27.0233 15.6294 16.6693 28.9504 26.151 19.4417 22.4856 29.3608 22.702 26.1735 20.7454 22.1173 17.6344 23.2229 20.7723 11.8861 31.4593 20.3789 6.2537 29.1202 36.4978 34.3466 17.5414 17.3087 24.0785 10.0676 13.4057 20.9216 25.4647 23.6726 25.7515 22.98 24.3053 24.3376 38.3709 23.868 29.3428 20.7749 13.0168 24.1977 8.74945 24.6572 34.3621 20.9854 2.10404 35.7372 28.9105 29.8661 25.8178 23.8651 32.5481 18.1391 33.5064 35.1566 26.3792 11.9889 28.1818 24.0448 20.6437 33.0709 30.7369 33.5035 24.1295 7.31763 23.0719 16.068 12.5246 20.8139 21.6313 33.8434 45.6239 0 13.8422 35.1826 7.29341 20.722 10.2641 13.9197 29.0208 35.508 
11.0908 33.0643 33.8003 21.1925 33.3402 23.609 15.4874 9.49435 24.9976 30.4431 22.6683 24.0978 24.7662 26.452 26.8237 29.2372 25.8838 18.0534 20.6513 43.5412 26.9142 28.5026 28.8823 19.361 39.9872 34.704 9.59206 15.1539 38.733 9.4966 38.366 33.6351 32.4326 19.2211 35.2532 28.8965 3.84791 44.9494 33.9571 8.94373 15.4956 38.3127 26.1386 30.2589 22.7898 32.5695 14.4781 18.0368 7.28689 39.282 21.5093 31.7143 21.8316 37.5914 17.4895 26.1693 25.2689 29.5448 18.0008 17.8926 38.0145 5.09689 29.6915 44.4582 18.6395 15.9038 49.4314 24.7556 29.1524 12.3007 30.9667 19.3858 26.4238 32.791 23.9473 36.1179 18.2418 39.5765 21.332 14.1217 45.2999 43.4172 37.4613 32.2801 21.0148 12.0298 16.4119 26.1251 34.5715 34.2841 38.1179 50.7045 13.8422 0 30.7618 6.61438 31.9137 23.9729 9.91278 37.7804 44.3842 
39.6738 7.94294 29.5351 50.6511 55.7081 33.2185 17.1822 23.7723 49.1389 39.4659 14.3993 45.3251 29.5182 57.1553 28.2133 43.7568 44.7831 48.1456 47.4256 60.7282 9.40794 58.8505 48.5523 19.9887 39.35 30.2146 39.5159 45.3973 34.1174 26.6325 41.9717 41.5293 33.4656 18.5565 57.2797 27.5068 34.1192 52.6398 45.0522 29.9818 29.1378 16.5213 10.0812 51.2076 22.7424 29.2768 25.4386 46.6079 28.6277 51.5443 11.647 23.5312 12.7249 56.044 47.7005 23.7982 14.8257 60.1717 14.4277 23.7806 52.7055 31.9218 58.6923 39.4789 49.3689 35.8668 64.1733 6.32454 9.20711 27.9181 25.7964 26.8414 27.4601 63.5389 19.1592 33.7098 45.9432 40.1666 52.0938 16.65 46.8415 47.2646 20.8641 59.2318 37.8155 21.1103 46.5387 44.9548 47.0027 55.021 21.8527 31.3979 35.1826 30.7618 0 32.8435 55.5091 42.7293 22.4124 32.0987 36.1471 
15.475 33.5939 29.8203 17.8146 27.1294 18.0794 15.9511 9.14094 18.9537 24.4516 22.0838 17.5776 20.102 25.2308 22.5764 22.727 19.2728 15.5615 15.3666 36.967 27.1978 26.2679 22.3207 17.4183 34.8917 30.6758 12.9821 17.1315 34.389 15.8381 32.7211 27.6352 27.5819 17.8095 29.0193 24.9375 4.84692 38.6586 27.603 4.16787 22.0632 37.4846 30.0638 23.8145 19.7699 28.531 11.125 13.815 13.8366 32.7571 22.145 28.8009 21.9627 31.0397 19.277 32.1231 24.2912 27.9527 18.7546 14.785 31.4116 1.57102 25.9078 39.8332 17.8784 9.38501 42.8189 26.5485 29.3454 18.8165 27.517 25.7654 22.3215 31.7308 29.3902 31.5758 13.3948 34.3121 20.9211 16.698 39.6676 37.5557 35.6011 27.3192 14.5678 17.1678 14.0329 19.5139 28.1005 27.874 36.1202 48.4841 7.29341 6.61438 32.8435 0 25.9036 17.3591 10.4324 33.704 40.3263 
35.1514 53.543 37.9369 16.9258 2.69169 24.9074 38.6728 33.0483 6.95028 23.5768 41.8146 10.2764 29.6284 25.2239 32.4696 16.5623 11.8764 20.2026 11.9551 15.6915 47.5323 21.7793 8.83588 35.9579 35.8625 38.3189 32.1683 31.2468 39.5142 41.4099 30.7073 24.8578 32.5485 37.2218 4.22706 34.9021 28.4537 28.2904 20.7555 26.773 47.1016 53.9299 55.0563 5.94855 34.8729 36.8405 30.0716 16.1027 39.0914 20.1316 43.8709 41.0848 42.9444 10.6285 31.7022 57.9834 42.7466 24.9331 41.2497 32.0583 16.3439 27.4277 14.8596 42.1504 24.8637 19.7049 22.6369 49.3381 49.1928 44.0849 38.3962 51.2646 32.8827 28.8538 55.2724 36.6038 14.7494 34.4129 26.4727 41.3496 35.6058 32.1579 49.5567 8.54727 18.2345 43.048 20.8768 11.8093 18.96 5.82625 49.5788 59.3888 20.722 31.9137 55.5091 25.9036 0 13.4862 34.6182 40.243 45.3384 
31.0894 40.2389 25.0409 19.9204 13.1262 11.4843 26.4654 21.8549 9.11994 12.0247 28.6894 3.73615 16.1995 30.016 19.1034 6.51309 2.14121 21.1398 12.5952 19.906 34.3713 28.2672 5.87134 22.8592 24.8852 25.5318 28.1174 29.7568 27.3882 32.9647 20.5829 14.4266 20.0463 24.2152 14.5854 21.6098 21.5399 22.8771 12.1218 16.3415 39.3576 40.4466 43.4341 8.49501 21.4346 23.8629 17.5719 16.1469 31.143 15.8898 31.1056 27.7154 30.028 14.2211 31.1413 48.4958 29.4229 31.1853 28.8221 18.987 14.099 18.8871 23.4042 31.0371 25.9356 8.39618 25.485 36.727 35.9299 36.0668 25.1054 42.8092 19.4741 35.5092 45.094 24.3487 14.1057 23.6749 28.6308 29.9283 26.8635 23.8918 36.1627 19.9348 4.92371 33.1606 20.7515 2.35588 11.7482 12.3181 36.2254 46.5114 10.2641 23.9729 42.7293 17.3591 13.4862 0 23.3977 27.7855 33.496 
20.8231 23.5422 25.3662 28.2454 35.3427 18.3043 5.74734 1.57402 27.8411 25.7361 12.7593 25.0139 17.7178 35.2218 19.0188 26.8484 25.5345 25.8578 25.3015 43.1455 17.2419 36.5845 29.1519 9.8874 32.8619 26.2947 19.5048 24.9944 30.575 12.8881 32.368 28.7703 25.1845 9.48322 37.1145 20.6256 12.3805 40.691 30.3879 7.92507 19.3189 28.4129 20.4385 31.3221 13.9138 24.2392 7.36692 24.2082 12.6651 36.5201 11.9557 22.4213 12.057 37.6065 27.3206 25.6154 15.3607 38.0987 8.46928 9.61218 36.2476 9.58625 36.3006 36.5277 27.5808 15.246 48.1139 16.1166 19.4587 16.1148 22.105 21.2976 18.4594 41.6959 21.8362 28.283 23.6259 32.7595 30.4892 6.73198 39.0685 37.791 27.6378 37.2463 19.0094 10.5602 24.2794 25.7533 31.612 35.3859 28.3266 40.9275 13.9197 9.91278 22.4124 10.4324 34.6182 23.3977 0 29.3423 35.8009 
48.6708 25.2037 3.99203 46.1577 38.8876 17.3551 26.3856 28.9329 36.9047 16.7262 20.9239 31.5213 13.7724 55.9432 11.1276 23.7376 28.739 46.0491 39.4198 37.0935 23.2186 55.1144 31.4074 19.7908 8.03086 3.07742 46.5224 50.7852 2.06425 42.0771 12.6814 16.2627 7.75076 20.7698 39.5835 8.8841 38.2651 23.3241 20.9334 29.6717 48.1839 19.6877 39.1018 34.343 15.4444 5.21383 23.3031 41.7406 42.0049 25.9385 24.999 8.76037 23.3516 34.8353 52.8518 50.6643 18.7413 57.7562 26.1383 19.9808 28.8941 34.2887 51.0356 7.70891 50.0063 27.6657 37.7948 29.1962 22.9039 45.178 7.51007 49.0745 11.4151 62.037 45.8516 3.74318 39.9403 9.35217 53.0632 31.4054 15.2984 16.7005 13.6221 47.6166 24.57 38.4339 45.0429 28.7383 23.2358 36.5543 13.0042 19.3484 29.0208 37.7804 32.0987 33.704 40.243 27.7855 29.3423 0 6.6294 
55.294 28.6554 10.5861 52.3823 43.7483 23.6553 32.5313 35.4552 42.5832 21.8316 26.5349 37.2052 20.3356 62.2594 17.7514 28.7928 34.2236 52.4328 45.4939 40.2821 27.9165 61.2614 36.5494 26.1039 9.98513 9.69172 53.1518 57.3946 6.2097 48.4361 15.5224 20.6055 13.6617 26.967 44.2403 15.4984 44.8944 24.6738 25.1035 36.3003 54.4275 21.6342 44.0278 39.3911 21.8886 11.8372 29.9115 48.0189 48.4638 29.0763 30.4884 14.1585 28.8956 38.8686 59.4496 56.1851 24.0896 63.9709 32.0183 26.5453 32.4861 40.918 56.886 4.80554 56.4815 34.0762 39.8948 34.1089 27.1804 51.4874 13.7267 55.0849 18.0443 68.2717 51.3084 9.27359 46.1722 11.5839 59.5253 37.4536 15.0967 17.6771 15.7891 53.0587 30.6804 44.5881 51.4726 34.1941 27.2953 41.1741 14.8961 16.2231 35.508 44.3842 36.1471 40.3263 45.3384 33.496 35.8009 6.6294 0 
