100
14.8863 18.9068 24.5222 0
14.39 19.9492 16.3797 0
10.3464 23.2413 2.05185 0
11.3941 20.0158 1.40107 0
17.4785 19.1663 1.61192 1
11.597 13.5643 1.44404 1
14.5803 18.4716 0.942911 0
0.184105 10.4987 0.698293 0
6.251 6.93656 3.28684 0
7.62526 10.805 1.23997 0
4.79783 16.776 2.01653 0
10.1776 23.9518 6.36534 0
0.332388 19.0877 1.80478 0
4.51318 10.266 1.33238 0
9.26257 15.024 2.03827 1
7.27415 17.0615 1.07267 0
13.2733 21.1432 0.45393 0
6.22061 12.9418 1.04572 0
18.5284 19.9193 9.29061 0
1.90523 13.0534 1.5029 0
3.3334 8.32789 0.308125 0
2.47378 15.2882 10.0145 0
16.4507 23.1207 1.83318 0
3.99675 21.616 1.29932 0
16.8971 20.9684 1.70573 1
18.5992 22.3513 2.03163 0
6.85731 6.87061 1.63577 0
5.08502 15.531 1.75753 0
14.8328 23.1049 1.05931 0
17.404 19.7006 2.22199 0
10.3285 22.2763 1.58621 0
5.94342 19.9339 0.49378 0
7.64354 21.9804 0.96947 0
11.654 20.3778 10.9128 0
7.798 21.3681 1.61683 0
1.66008 17.0767 0.340014 0
3.99434 10.0792 1.47472 0
8.70213 17.5113 0.332172 0
7.29959 17.0794 1.01945 0
2.52321 3.48117 0.282896 0
1.33913 20.0539 0.785746 0
2.57724 20.5784 0.287623 0
5.76907 10.6813 0.688745 0
16.2256 22.0422 0.251271 0
15.4064 22.3442 1.76501 0
7.36892 23.4766 1.4741 0
18.1961 21.746 28.3794 0
8.22621 10.2421 0.454102 0
18.5201 22.4735 1.65984 0
14.3403 14.4498 0.641285 1
4.42845 22.8244 1.94213 1
0.657594 20.4842 0.7853 1
2.55448 9.914 12.4862 0
1.29115 11.9273 0.636014 0
3.33319 19.896 1.81911 0
12.396 19.7262 0.558158 1
3.63552 14.5061 8.44711 0
18.6985 21.4074 0.51165 0
18.4442 19.985 1.93651 0
1.85665 6.13561 1.88236 0
13.3996 17.8095 2.08176 0
16.6303 18.0987 1.5893 1
10.8057 13.3812 1.61254 0
6.68641 23.5293 0.989711 0
10.3025 13.1701 0.467748 0
12.8845 18.523 1.54297 1
7.07246 13.5323 1.8592 0
13.2653 17.2246 3.25502 0
9.85441 23.3707 0.232264 0
12.1606 23.965 1.03605 0
10.9432 10.9701 1.88702 0
15.0456 15.2082 0.57887 1
0.4591 10.2459 0.78404 0
13.1402 15.6765 1.9233 0
7.33628 10.9945 1.36244 0
6.99713 14.9025 1.80192 0
7.44918 18.1022 1.44638 0
5.82548 7.13015 21.7398 1
9.53026 15.368 1.24268 0
0.661552 4.46496 1.15661 0
8.90244 14.4785 1.17409 0
9.19087 13.6914 0.955605 0
5.77022 9.53105 0.327564 1
8.0725 20.3912 0.739935 0
3.84423 10.0929 1.27012 0
8.79333 18.2157 1.78936 0
11.8091 18.7179 0.595434 0
12.3365 21.1384 2.05016 0
13.1883 22.7485 1.60219 0
8.04577 13.9511 1.60027 0
8.63594 22.2794 0.240829 1
15.492 16.5534 1.36294 0
1.78879 18.3714 1.56438 0
8.39282 21.3651 26.2218 0
9.9483 14.7422 0.986367 0
6.84563 9.01686 1.16867 0
0.245411 21.5497 2.37497 0
0.910511 2.05927 1.53747 0
2.90906 9.59914 8.11142 0
7.71012 9.91147 1.14669 0
400 50 500
0.025 0.0125 10000 3000 15 1e+06 300000 6 9
0 5.18785 2.76897 5.19266 5.06942 2.74888 3.79177 5.33141 4.92517 6.31737 1.35634 4.57433 5.9794 6.48291 2.18181 6.66798 3.9201 2.53122 2.79413 2.50845 5.39806 2.74183 5.06812 4.33817 2.99114 5.06329 5.72564 2.89158 4.21355 3.2797 6.08899 1.06607 4.29264 4.88414 5.752 5.73682 0.2815 6.05954 1.54517 0.791397 3.53752 5.35887 4.48738 4.89672 3.91787 3.10514 0.335246 6.87535 3.41942 0.840074 3.98033 3.84714 3.88015 5.05519 5.72954 2.04065 5.49884 2.32974 4.57647 3.32926 1.01779 3.18668 3.7816 6.46791 3.95951 3.09949 2.39112 2.70959 3.30567 4.21765 5.59071 2.37963 2.55146 3.88937 3.37865 4.24387 4.77379 5.54459 4.96019 3.63082 4.32014 1.91343 3.14155 3.16029 4.29019 3.45537 3.40646 2.34715 4.40016 2.62926 6.10173 4.32577 6.28144 1.6611 4.39343 6.90911 5.2431 4.38937 3.99148 7.27199 4.9396 
5.18785 0 4.76851 1.33926 6.6065 7.6939 8.2904 6.13187 0.753169 1.14558 5.26752 1.07183 4.70084 3.11378 6.26733 4.81952 7.81271 7.61645 5.00722 2.89218 8.61749 4.09342 0.390118 7.95068 3.87831 1.73679 2.21691 5.55774 1.43743 7.4283 3.7777 4.9177 2.0178 5.48198 5.97879 3.71749 4.93452 3.31278 6.45379 4.66298 5.98917 1.13057 0.749991 9.02326 6.15281 5.82922 4.95103 5.25106 6.95576 5.57764 4.31006 6.73744 2.32573 2.5442 3.34254 3.24728 3.40573 3.10079 6.81496 6.81388 5.52735 6.19233 6.34047 1.62614 4.44543 8.09899 5.85836 7.43953 7.90082 7.1977 8.35984 2.91859 7.72243 6.69056 6.92173 8.8822 4.09137 8.97975 1.78214 8.51822 3.48866 5.38573 3.86628 5.9065 1.18699 5.94175 7.92756 6.79163 7.81361 2.89307 4.57522 2.10539 1.12211 4.34553 9.04763 2.25967 8.75 1.65595 4.60466 3.96251 0.994743 
2.76897 4.76851 0 4.05811 2.48789 3.7081 3.79093 2.59018 4.16289 5.66562 4.0139 3.76468 3.41608 7.22144 4.94666 4.1685 6.68666 4.88474 5.16197 2.17208 8.15899 4.7049 4.4681 7.10656 0.917245 5.56032 4.14992 5.43105 4.56328 6.03864 3.85343 1.70687 5.01603 7.03238 2.98314 3.47704 2.56143 7.03602 4.21226 2.04696 1.27815 4.32759 4.03969 4.31411 1.54788 1.06078 2.46116 4.29207 6.17216 2.29279 1.38186 1.98709 2.54599 5.94659 3.62482 3.1347 6.67749 2.02242 7.16805 2.0775 2.07327 1.42695 1.63426 5.41564 5.91031 4.12131 1.31135 5.35622 5.96946 6.92943 8.31433 2.31033 4.66344 6.55537 2.1891 4.41884 2.28607 8.31338 3.61225 6.10631 2.10891 1.16578 0.981707 5.75559 4.46808 1.2154 6.09028 5.09718 3.04522 2.05203 3.59044 5.09733 5.60387 3.81949 4.58174 6.96878 8.01204 3.27452 1.29116 8.11221 4.03415 
5.19266 1.33926 4.05811 0 5.54187 7.40298 7.78916 4.98047 0.65822 1.70992 5.60574 0.726037 3.3824 4.45218 6.67412 3.48039 8.35008 7.71712 5.6953 2.68895 9.34273 4.80496 0.962571 8.56272 3.14181 3.02545 0.923692 6.21947 2.45172 7.8826 2.43889 4.65883 3.12226 6.52824 4.75558 2.38465 4.91599 4.63986 6.62718 4.52677 5.16519 0.295847 1.20675 8.3713 5.26307 5.08804 4.90186 3.91184 7.53993 5.38529 3.29169 5.92825 1.52514 3.80385 2.00406 3.54726 4.6822 2.87956 7.66129 6.13403 5.28166 5.46734 5.49896 1.36787 5.41285 7.82183 5.28927 7.71196 8.23424 7.91743 9.17101 2.81528 7.73218 7.4187 6.24608 8.40638 2.89631 9.6669 0.519038 8.74378 2.37664 4.90287 3.08335 6.58665 2.17983 5.1315 8.28701 7.1336 7.03992 2.59479 3.24535 3.22197 1.63808 4.7671 8.57187 3.44453 9.41377 0.833321 3.59316 5.29376 0.428041 
5.06942 6.6065 2.48789 5.54187 0 4.8668 4.18338 0.847108 5.8883 7.25172 6.39426 5.53485 3.08205 9.40876 7.22887 3.7819 8.88488 6.69636 7.63033 4.51396 10.4341 7.19274 6.24371 9.34715 3.00274 7.74182 5.21797 7.86811 6.76835 8.21386 4.11819 4.02651 7.30617 9.52018 1.49613 3.81822 4.91346 9.31246 6.32355 4.4452 1.56381 5.83768 5.96676 3.95694 1.18496 1.99736 4.8039 3.63411 8.47696 4.3927 2.29724 1.68562 4.2934 8.23802 4.17474 5.6051 9.02366 4.40582 9.59729 2.43572 4.16096 2.06252 1.43653 6.73614 8.39409 5.18771 2.80446 7.37927 7.98452 9.28699 10.6588 4.6914 6.33617 8.94694 2.49829 4.73186 2.72026 10.5381 5.02464 7.91795 3.1655 3.16902 2.93736 8.17703 6.61979 1.64205 8.12666 7.27156 2.43496 4.35075 3.34375 7.39648 7.17953 6.293 4.85564 8.86579 10.2332 4.95509 2.00685 10.3071 5.68926 
2.74888 7.6939 3.7081 7.40298 4.8668 0 1.37227 5.50362 7.29237 8.77382 3.68317 6.90475 7.03906 9.23101 3.80191 7.81113 4.88253 2.23322 5.1977 4.81754 6.50541 5.39264 7.50528 5.4131 4.4708 7.78264 7.70933 5.07655 6.89006 4.23984 7.56144 2.78063 7.02599 7.28986 6.11396 7.18503 2.91923 8.80543 2.64025 3.05113 3.47221 7.62536 6.95447 2.6048 3.77586 3.14636 2.86152 7.8724 4.875 2.1329 5.06599 3.18895 5.91219 7.80371 7.32397 4.74522 8.23356 4.60962 6.45643 2.43311 2.16655 2.89809 3.4587 8.75774 6.53773 0.421405 2.44143 3.18116 3.67553 5.78671 6.95951 4.77538 1.73359 5.66277 2.37998 1.60094 5.97689 6.4554 7.04996 3.29777 5.80276 2.5906 4.58953 5.20703 6.93263 3.42108 3.84142 3.47678 2.95312 4.85522 7.23996 7.06383 8.7272 4.33838 1.72636 9.58293 6.16359 6.5698 4.90963 10.0197 7.24628 
3.79177 8.2904 3.79093 7.78916 4.18338 1.37227 0 4.9396 7.79116 9.30242 4.9074 7.39161 6.79899 10.1632 5.14091 7.57371 6.25189 3.59013 6.43603 5.40977 7.87256 6.52541 8.05023 6.78324 4.67784 8.62741 7.94033 6.36557 7.68058 5.61173 7.50873 3.47231 7.91301 8.54499 5.59146 7.13844 3.89279 9.79446 3.97795 3.86168 3.09366 8.04141 7.54042 1.2334 3.28739 2.91743 3.80943 7.55795 6.24099 3.02001 5.00107 2.54639 6.26426 8.75121 7.34905 5.6316 9.26443 5.20355 7.80401 1.902 2.95403 2.56447 2.94104 9.15673 7.719 1.40124 2.50386 4.55026 5.03016 7.15273 8.33171 5.42188 3.07706 7.01469 1.80171 0.629561 5.88271 7.81216 7.37392 4.58511 5.86656 2.91073 4.76459 6.52183 7.68065 3.07245 5.197 4.84212 1.89215 5.39733 7.02865 7.96385 9.24782 5.44761 0.790998 10.3285 7.52298 6.97278 4.77995 10.9902 7.70361 
5.33141 6.13187 2.59018 4.98047 0.847108 5.50362 4.9396 0 5.39224 6.67941 6.60268 5.06574 2.26246 9.0516 7.51302 2.94255 9.22512 7.18913 7.72417 4.35558 10.7294 7.19828 5.75523 9.66331 2.84717 7.40093 4.55888 8.01437 6.45734 8.56464 3.34248 4.26596 7.03967 9.5116 0.660793 3.06746 5.14035 9.01269 6.6957 4.63453 2.05078 5.27478 5.543 4.78838 1.72776 2.44053 5.03662 2.78703 8.7485 4.74398 1.92596 2.39725 3.87598 7.95994 3.44645 5.55434 8.78014 4.28325 9.75206 3.11102 4.51161 2.61509 2.05186 6.09978 8.35618 5.85062 3.25643 7.79815 8.41042 9.51766 10.9015 4.55581 6.86893 9.14552 3.18939 5.50957 2.08898 10.8663 4.46192 8.42081 2.64327 3.50762 2.74591 8.34299 6.28239 2.11352 8.54412 7.61877 3.25678 4.17163 2.52521 7.13501 6.60536 6.38047 5.64009 8.37728 10.5631 4.47834 1.68927 9.94672 5.17592 
4.92517 0.753169 4.16289 0.65822 5.8883 7.29237 7.79116 5.39224 0 1.51322 5.19682 0.400965 3.95772 3.84702 6.24398 4.10906 7.87601 7.42021 5.15841 2.48374 8.80449 4.25514 0.365458 8.06198 3.25389 2.37511 1.58105 5.69384 1.80546 7.43864 3.07198 4.51533 2.47022 5.89514 5.22784 2.9872 4.65694 4.00185 6.29343 4.32029 5.34747 0.571944 0.590157 8.45951 5.48817 5.21827 4.65712 4.53505 7.04635 5.21424 3.5973 6.10407 1.64707 3.14724 2.62514 3.1307 4.02666 2.68894 7.08159 6.23196 5.1367 5.58951 5.69371 1.55434 4.79476 7.70571 5.31877 7.34067 7.83949 7.37804 8.60477 2.5629 7.47664 6.87523 6.34196 8.39626 3.34182 9.14211 1.03893 8.39566 2.74999 4.88121 3.22469 6.05634 1.53234 5.30493 7.88184 6.73138 7.1971 2.43744 3.83993 2.56906 1.45693 4.31865 8.56214 2.98589 8.8966 0.936697 3.89524 4.70624 0.251033 
6.31737 1.14558 5.66562 1.70992 7.25172 8.77382 9.30242 6.67941 1.51322 0 6.41049 1.91408 4.93753 3.33572 7.40219 4.87366 8.92034 8.75948 6.08975 3.95633 9.66241 5.17895 1.26861 9.0382 4.75204 2.44383 2.25507 6.64368 2.49286 8.55347 3.85878 5.99319 2.96492 6.35859 6.42338 3.91075 6.05974 3.73333 7.59887 5.76577 6.82699 1.4142 1.83378 9.96939 6.94641 6.7164 6.07163 5.31567 8.05522 6.67369 4.99623 7.58752 3.12788 3.24195 3.49748 4.39244 4.01304 4.16445 7.81422 7.73899 6.61025 7.0904 7.16812 0.906449 5.40287 9.18368 6.83197 8.58344 9.04026 8.25227 9.36672 4.00825 8.8584 7.74513 7.84946 9.90567 4.59094 10.0381 2.22735 9.66325 4.08656 6.39187 4.71382 6.98395 2.27391 6.78813 9.06446 7.93185 8.68899 3.92952 4.76104 3.0351 0.0760808 5.48486 10.0715 1.92741 9.81771 2.39854 5.29763 4.05024 1.63326 
1.35634 5.26752 4.0139 5.60574 6.39426 3.68317 4.9074 6.60268 5.19682 6.41049 0 4.91068 7.00531 5.86975 1.08717 7.63918 2.85415 2.52454 1.52879 3.11327 4.18413 1.79269 5.24756 3.18898 4.04959 4.68895 6.29216 1.54243 4.02943 2.3053 6.93907 2.36778 3.88926 3.63958 6.97795 6.61361 1.48098 5.34926 1.33876 1.96829 4.87992 5.70933 4.667 6.08107 5.25787 4.45063 1.59124 7.89437 2.1957 2.16644 5.09521 5.20327 4.53952 4.46771 6.5344 2.06704 4.71871 2.99831 3.22181 4.67086 2.36499 4.5425 5.1332 6.74209 2.86069 3.94653 3.74745 2.17447 2.64372 2.91559 4.30113 2.91545 2.80581 2.55308 4.71463 5.2718 5.80112 4.38846 5.49035 3.26271 5.26045 3.26076 4.19663 1.80408 4.18566 4.79752 2.68564 1.53462 5.72208 3.29147 7.09425 3.89029 6.38958 0.944604 5.40545 6.61345 4.09731 4.88492 5.15505 6.56818 5.2754 
4.57433 1.07183 3.76468 0.726037 5.53485 6.90475 7.39161 5.06574 0.400965 1.91408 4.91068 0 3.74863 4.0754 5.97156 3.96892 7.63409 7.08277 4.96927 2.10697 8.61676 4.07949 0.717732 7.84075 2.8577 2.52362 1.59658 5.4939 1.8116 7.17573 2.94947 4.13101 2.49174 5.84269 4.93292 2.81911 4.30279 4.17259 5.97025 3.94986 4.95631 0.800079 0.573076 8.05899 5.1039 4.82122 4.29834 4.38289 6.81909 4.83658 3.23878 5.71129 1.26389 3.25223 2.4886 2.84551 4.13437 2.30969 6.93984 5.83219 4.7535 5.19154 5.304 1.894 4.71287 7.31922 4.91789 7.03601 7.5474 7.19141 8.44656 2.19996 7.12448 6.69268 5.94206 7.99754 3.04373 8.94174 0.894274 8.08046 2.42417 4.48211 2.83198 5.86085 1.54907 4.9126 7.59556 6.44276 6.80147 2.05008 3.65287 2.59409 1.85732 4.0564 8.16342 3.33098 8.68941 0.587542 3.53407 4.95167 0.368305 
5.9794 4.70084 3.41608 3.3824 3.08205 7.03906 6.79899 2.26246 3.95772 4.93753 7.00531 3.74863 0 7.80394 8.05223 0.776866 9.83506 8.28112 7.75419 4.06832 11.1715 7.02759 4.31184 10.194 2.98979 6.27042 2.6846 8.16634 5.47368 9.22769 1.16867 4.99385 6.13866 9.18276 1.73444 1.02724 5.72338 7.92083 7.50755 5.1903 3.70545 3.6451 4.31257 6.87928 3.54163 3.93057 5.64575 0.895964 9.19532 5.6679 2.04386 4.32051 2.92482 6.97312 1.44315 5.38023 7.84955 4.10743 9.84984 4.89701 5.46126 4.24965 3.88422 4.20384 8.00051 7.43535 4.59999 8.67186 9.27714 9.82598 11.1973 4.29455 8.07795 9.38306 4.99848 7.41174 1.20842 11.3932 2.91967 9.49056 1.78245 4.57974 2.83935 8.53004 5.23758 3.72941 9.38352 8.31539 5.3464 3.86374 0.262778 6.24165 4.86147 6.48848 7.55909 6.80049 11.1026 3.21683 2.14089 8.66279 3.70928 
6.48291 3.11378 7.22144 4.45218 9.40876 9.23101 10.1632 9.0516 3.84702 3.33572 5.86975 4.0754 7.80394 0 6.5225 7.93047 7.52902 8.3852 4.7999 5.057 7.73745 4.11112 3.49833 7.45279 6.45587 1.66989 5.30216 5.29146 2.6612 7.40212 6.88804 6.71125 2.26266 3.96429 8.98247 6.83018 6.31922 0.679301 7.20832 6.30201 8.49953 4.2255 3.53929 11.1192 8.74295 8.23634 6.38723 8.36359 6.65588 7.16252 7.14611 9.18673 5.17852 1.42847 6.45611 4.53158 1.34172 5.2263 5.77336 9.06715 7.20998 8.55203 8.85566 4.23713 3.51682 9.57961 8.01564 7.84758 8.11534 6.48739 7.25017 4.94924 8.67145 6.02728 9.16199 10.6773 7.10003 8.17662 4.88594 8.9237 6.45029 7.46143 6.49495 5.51659 2.78957 8.43629 8.07707 7.12093 10.1594 5.16952 7.68599 2.20354 3.39366 4.99592 10.834 1.71023 8.03178 4.64552 7.41829 0.898373 4.09661 
2.18181 6.26733 4.94666 6.67412 7.22887 3.80191 5.14091 7.51302 6.24398 7.40219 1.08717 5.97156 8.05223 6.5225 0 8.70088 1.78359 2.0327 1.76112 4.19984 3.21649 2.43832 6.27405 2.16327 5.076 5.51936 7.37476 1.40877 4.96427 1.21842 8.01883 3.24781 4.73102 3.63625 7.92926 7.68979 2.38852 5.94228 1.16336 2.91709 5.67871 6.76752 5.69993 6.36495 6.06137 5.24285 2.48602 8.94472 1.24968 2.85248 6.10588 5.89793 5.62661 5.17959 7.61769 3.12718 5.27497 4.08181 2.66518 5.28417 3.07941 5.2747 5.89416 7.7794 3.18341 3.96293 4.47703 1.32614 1.65521 2.10725 3.44334 4.00261 2.46931 1.88519 5.30843 5.39164 6.8448 3.37115 6.57182 2.40522 6.32319 4.0599 5.22507 1.43809 5.14562 5.5976 1.66459 0.598793 6.2566 4.3766 8.15015 4.71527 7.38601 1.92877 5.50299 7.44514 3.07231 5.96532 6.14303 7.13639 6.33371 
6.66798 4.81952 4.1685 3.48039 3.7819 7.81113 7.57371 2.94255 4.10906 4.87366 7.63918 3.96892 0.776866 7.93047 8.70088 0 10.4842 9.01213 8.29889 4.62238 11.7803 7.53284 4.44096 10.826 3.68005 6.47649 2.65157 8.73462 5.75954 9.89 1.04249 5.70741 6.43703 9.61629 2.34988 1.16652 6.40549 8.11084 8.20562 5.87668 4.48059 3.70745 4.542 7.63288 4.30943 4.70724 6.33299 0.44203 9.81723 6.39673 2.7883 5.08597 3.35503 7.22096 1.48499 5.91844 8.10321 4.68615 10.3898 5.67174 6.19505 5.02628 4.65334 4.06 8.44062 8.20889 5.37072 9.37162 9.9727 10.4144 11.7744 4.84578 8.82281 9.95926 5.77264 8.18517 1.90864 12.0182 3.0865 10.214 2.37875 5.33413 3.53022 9.10249 5.50734 4.50541 10.0743 8.98946 6.09681 4.42187 0.578372 6.54031 4.79883 7.06932 8.33177 6.78607 11.7316 3.49899 2.90597 8.76116 3.85836 
3.9201 7.81271 6.68666 8.35008 8.88488 4.88253 6.25189 9.22512 7.87601 8.92034 2.85415 7.63409 9.83506 7.52902 1.78359 10.4842 0 2.67707 2.86475 5.9601 1.62735 3.75478 7.86643 0.533736 6.85571 6.82136 9.09116 2.31459 6.43297 0.676899 9.79306 4.97992 6.07814 3.92841 9.66778 9.46752 4.14732 6.88492 2.56841 4.68112 7.3222 8.41916 7.31004 7.47913 7.70372 6.8876 4.23882 10.7279 0.886481 4.49573 7.87933 7.4522 7.38005 6.32835 9.38637 4.81901 6.20034 5.85115 2.23181 6.78036 4.72849 6.87238 7.50462 9.38068 4.01246 4.9051 6.09029 1.70164 1.30042 1.31466 2.10924 5.75631 3.2025 1.5969 6.78624 6.35027 8.62732 1.65548 8.28588 2.10285 8.10622 5.73102 7.00514 2.02804 6.64666 7.24316 1.14147 1.61332 7.65127 6.14216 9.93373 6.04035 8.91275 3.58816 6.42663 8.69894 1.35048 7.67763 7.90666 7.9932 7.98828 
2.53122 7.61645 4.88474 7.71712 6.69636 2.23322 3.59013 7.18913 7.42021 8.75948 2.52454 7.08277 8.28112 8.3852 2.0327 9.01213 2.67707 0 3.75392 5.0384 4.28754 4.28061 7.53541 3.21074 5.36025 7.20088 8.25473 3.44134 6.48598 2.06837 8.53067 3.32283 6.40127 5.66305 7.72585 8.1672 2.81167 7.8462 1.19553 3.26492 5.16045 7.8743 6.94958 4.81032 5.52274 4.75111 2.84119 9.16737 2.81809 2.61543 6.23784 5.112 6.40596 6.99038 8.19847 4.37379 7.19881 4.86096 4.48373 4.3814 2.81997 4.6339 5.26282 8.97143 5.18403 2.22839 3.93287 0.99125 1.44232 3.70858 4.77887 4.90185 0.526423 3.68611 4.3632 3.67393 7.10395 4.22321 7.49141 1.23291 6.7354 3.75238 5.50616 3.44585 6.61352 5.09014 1.60838 1.51052 5.11632 5.16023 8.4354 6.40696 8.7296 3.44664 3.75338 9.11847 3.93297 6.91913 6.17577 9.05894 7.45012 
2.79413 5.00722 5.16197 5.6953 7.63033 5.1977 6.43603 7.72417 5.15841 6.08975 1.52879 4.96927 7.75419 4.7999 1.76112 8.29889 2.86475 3.75392 0 3.68656 3.64818 0.913831 5.1014 2.94849 4.97108 3.95932 6.51481 0.555095 3.59691 2.62348 7.46783 3.67614 3.21383 2.11175 8.01503 7.18712 2.83607 4.19989 2.68632 3.21686 6.18363 5.72132 4.57424 7.60816 6.54914 5.77045 2.94792 8.61105 1.98251 3.6325 6.02659 6.59197 4.98703 3.50911 7.02419 2.38053 3.52578 3.6529 2.09568 6.11686 3.80888 5.91364 6.46895 6.60839 1.43022 5.44126 5.13795 3.0803 3.31551 2.22225 3.50849 3.4607 4.13906 1.72434 6.1698 6.7924 6.59272 3.98532 5.7196 4.13539 5.97175 4.60855 5.10433 0.900678 3.82528 6.10163 3.27878 2.35536 7.19421 3.89069 7.79691 3.17562 6.08686 1.344 6.92324 5.85156 3.74641 5.12226 6.14758 5.38334 5.30254 
2.50845 2.89218 2.17208 2.68895 4.51396 4.81754 5.40977 4.35558 2.48374 3.95633 3.11327 2.10697 4.06832 5.057 4.19984 4.62238 5.9601 5.0384 3.68656 0 7.17467 2.97804 2.68788 6.25804 1.52006 3.40501 3.23694 4.1123 2.40879 5.41654 3.847 2.03698 2.84431 5.22098 4.50753 3.53879 2.22989 4.86467 3.98174 1.84511 3.44879 2.86971 2.14518 6.20479 3.71192 3.17998 2.21311 4.92554 5.23611 2.73069 2.47913 4.12993 1.42947 3.77587 3.42927 1.31371 4.52366 0.208792 5.78197 4.05394 2.65564 3.50281 3.80351 3.99369 4.04497 5.2281 3.03618 5.10388 5.65819 5.79562 7.15206 0.226421 5.04324 5.33711 4.15505 5.99478 2.92149 7.43294 2.4574 6.10037 2.28627 2.52472 1.61035 4.48015 2.34242 3.38336 5.72912 4.58584 5.12264 0.20543 4.11167 2.92657 3.90973 2.45179 6.1599 4.94408 7.15377 1.88093 2.67246 5.9446 2.46311 
5.39806 8.61749 8.15899 9.34273 10.4341 6.50541 7.87256 10.7294 8.80449 9.66241 4.18413 8.61676 11.1715 7.73745 3.21649 11.7803 1.62735 4.28754 3.64818 7.17467 0 4.54987 8.73559 1.10937 8.23263 7.36956 10.1522 3.12719 7.18624 2.2936 11.0177 6.46383 6.71139 3.80699 11.1394 10.7134 5.59773 7.06163 4.15806 6.11955 8.87713 9.36876 8.21857 9.0969 9.25979 8.44117 5.69804 12.0547 1.99119 6.04344 9.27931 9.04467 8.55271 6.74145 10.589 5.93005 6.40162 7.09633 1.96416 8.38651 6.27422 8.44825 9.07624 10.2335 4.35092 6.51447 7.65774 3.32483 2.86611 1.42646 0.727157 6.95714 4.80961 1.93042 8.39612 7.95164 9.97281 0.460383 9.35258 3.54013 9.40808 7.26673 8.37907 2.75742 7.4305 8.79682 2.69903 3.19416 9.27403 7.36972 11.2479 6.65209 9.66667 4.72472 8.02162 9.12575 0.495026 8.75015 9.33469 8.03291 8.95068 
2.74183 4.09342 4.7049 4.80496 7.19274 5.39264 6.52541 7.19828 4.25514 5.17895 1.79269 4.07949 7.02759 4.11112 2.43832 7.53284 3.75478 4.28061 0.913831 2.97804 4.54987 0 4.19012 3.86004 4.37714 3.10504 5.64174 1.46541 2.68631 3.45544 6.66408 3.41704 2.33579 2.32751 7.43111 6.40026 2.6913 3.5663 3.11881 2.9409 5.83025 4.8208 3.66872 7.63797 6.17701 5.44179 2.79292 7.86425 2.88038 3.56049 5.41159 6.32346 4.1891 2.74395 6.21231 1.6733 2.92749 2.98211 2.88824 5.93655 3.69409 5.63684 6.14238 5.6955 1.24672 5.68894 4.90306 3.75324 4.07572 3.12364 4.3697 2.75299 4.59334 2.62013 6.00364 6.94877 5.89851 4.89542 4.85386 4.842 5.25246 4.34275 4.49881 1.81386 2.91207 5.75029 4.06112 3.03139 7.04417 3.18313 7.05125 2.30724 5.17513 1.0808 7.0917 5.0212 4.65929 4.26468 5.56462 4.78186 4.406 
5.06812 0.390118 4.4681 0.962571 6.24371 7.50528 8.05023 5.75523 0.365458 1.26861 5.24756 0.717732 4.31184 3.49833 6.27405 4.44096 7.86643 7.53541 5.1014 2.68788 8.73559 4.19012 0 8.02928 3.56652 2.07262 1.86191 5.64544 1.62008 7.45422 3.40034 4.72464 2.25518 5.7118 5.5933 3.33186 4.8064 3.67765 6.38979 4.50032 5.67018 0.784497 0.586289 8.74857 5.82111 5.52699 4.81448 4.87064 7.02245 5.40629 3.94992 6.42347 1.98162 2.86468 2.96085 3.19508 3.73732 2.89611 6.97189 6.52815 5.34166 5.8948 6.01886 1.51427 4.64045 7.91508 5.59458 7.40891 7.89022 7.3109 8.50733 2.74129 7.61564 6.8053 6.63724 8.6495 3.70716 9.08554 1.39256 8.47649 3.11233 5.13997 3.54529 6.002 1.35023 5.62543 7.92508 6.78012 7.50946 2.66484 4.18829 2.34961 1.22384 4.34539 8.81526 2.62511 8.84751 1.28863 4.24662 4.35101 0.604626 
4.33817 7.95068 7.10656 8.56272 9.34715 5.4131 6.78324 9.66331 8.06198 9.0382 3.18898 7.84075 10.194 7.45279 2.16327 10.826 0.533736 3.21074 2.94849 6.25804 1.10937 3.86004 8.02928 0 7.22933 6.85972 9.33285 2.3947 6.54535 1.18547 10.1034 5.40349 6.14327 3.70991 10.0897 9.78649 4.55131 6.79455 3.05271 5.08035 7.78715 8.61498 7.4863 8.01125 8.16949 7.35156 4.64771 11.0833 1.02775 4.95445 8.26523 7.94066 7.66403 6.31548 9.68686 5.06663 6.11363 6.16227 1.91013 7.27869 5.18628 7.34983 7.97962 9.54146 3.94858 5.43863 6.56217 2.23334 1.82554 1.01333 1.5787 6.0475 3.73622 1.42711 7.28757 6.884 8.98897 1.20787 8.52811 2.59454 8.44762 6.18394 7.3776 2.05945 6.7718 7.70734 1.66322 2.08931 8.16514 6.4464 10.2829 6.09726 9.03501 3.83743 6.96024 8.7024 0.910295 7.92069 8.30594 7.86366 8.18795 
2.99114 3.87831 0.917245 3.14181 3.00274 4.4708 4.67784 2.84717 3.25389 4.75204 4.04959 2.8577 2.98979 6.45587 5.076 3.68005 6.85571 5.36025 4.97108 1.52006 8.23263 4.37714 3.56652 7.22933 0 4.78627 3.27328 5.31997 3.79762 6.24116 3.182 2.03878 4.30978 6.67564 3.05535 2.81322 2.73361 6.32351 4.52575 2.201 2.11296 3.41041 3.16188 5.23132 2.30501 1.96485 2.65688 3.88565 6.24528 2.75456 1.05924 2.85921 1.62909 5.24316 2.88641 2.71631 6.0212 1.43635 7.04546 2.99472 2.57156 2.33844 2.46662 4.50155 5.51352 4.89087 2.1758 5.69166 6.29362 6.92436 8.30823 1.71197 5.21356 6.50715 3.10635 5.30244 1.78286 8.43376 2.70232 6.54666 1.38212 1.8812 0.15046 5.67003 3.67308 2.06382 6.39715 5.32583 3.94379 1.3493 3.11134 4.39844 4.68963 3.64415 5.46669 6.10115 8.1395 2.3582 1.18748 7.35263 3.11948 
5.06329 1.73679 5.56032 3.02545 7.74182 7.78264 8.62741 7.40093 2.37511 2.44383 4.68895 2.52362 6.27042 1.66989 5.51936 6.47649 6.82136 7.20088 3.95932 3.40501 7.36956 3.10504 2.07262 6.85972 4.78627 0 3.93443 4.50681 0.997341 6.55889 5.4437 5.15605 0.799868 3.92305 7.35756 5.33786 4.86696 1.65174 6.00546 4.77701 6.83776 2.85425 1.95807 9.5348 7.07608 6.58409 4.92119 6.89732 5.93607 5.67024 5.48762 7.533 3.53964 0.817408 4.99154 3.03742 1.66897 3.58167 5.46329 7.4412 5.69165 6.90715 7.19435 3.22544 3.03324 8.15277 6.39974 6.80759 7.16996 5.99363 7.01453 3.31134 7.4204 5.49349 7.53879 9.16608 5.48744 7.77035 3.39062 7.90437 4.82451 5.8557 4.82511 4.80928 1.12247 6.77571 7.16189 6.10004 8.52304 3.50883 6.17627 0.804473 2.47156 3.75465 9.32627 1.9285 7.57391 3.06257 5.7561 2.56759 2.62356 
5.72564 2.21691 4.14992 0.923692 5.21797 7.70933 7.94033 4.55888 1.58105 2.25507 6.29216 1.59658 2.6846 5.30216 7.37476 2.65157 9.09116 8.25473 6.51481 3.23694 10.1522 5.64174 1.86191 9.33285 3.27328 3.93443 0 7.02509 3.37228 8.59171 1.61727 5.05564 4.04487 7.43641 4.23115 1.65736 5.4444 5.52966 7.21833 5.00266 5.10674 1.08636 2.12217 8.3958 5.13752 5.10798 5.41393 3.09177 8.30582 5.79922 3.11809 5.86149 1.85277 4.72122 1.24269 4.27267 5.59717 3.40073 8.51778 6.17617 5.66542 5.4891 5.41348 1.54895 6.30945 8.13074 5.44531 8.33827 8.88485 8.73146 10.011 3.40452 8.21909 8.23843 6.28903 8.56752 2.49787 10.4609 0.805371 9.33625 2.16495 5.13784 3.17757 7.39553 3.10121 5.08709 8.9495 7.79961 6.98142 3.0985 2.5061 4.14489 2.17911 5.50453 8.73086 4.14374 10.1999 1.41362 3.40773 6.11817 1.34955 
2.89158 5.55774 5.43105 6.21947 7.86811 5.07655 6.36557 8.01437 5.69384 6.64368 1.54243 5.4939 8.16634 5.29146 1.40877 8.73462 2.31459 3.44134 0.555095 4.1123 3.12719 1.46541 5.64544 2.3947 5.31997 4.50681 7.02509 0 4.15083 2.11087 7.9296 3.85965 3.76676 2.24211 8.33892 7.63865 2.98493 4.67403 2.47354 3.42372 6.38187 6.25386 5.11221 7.56442 6.75529 5.95826 3.09751 9.03381 1.4301 3.70881 6.37918 6.73628 5.4527 4.03334 7.49216 2.82906 3.99298 4.05927 1.73771 6.21313 3.90544 6.0694 6.6488 7.15475 1.82912 5.28368 5.27865 2.67804 2.8466 1.7087 3.04088 3.88894 3.86809 1.22877 6.25705 6.67748 6.98917 3.4491 6.22589 3.69466 6.38605 4.77567 5.45852 0.372282 4.37742 6.29942 2.7948 1.97141 7.26259 4.31355 8.22088 3.72699 6.64032 1.68242 6.79977 6.39034 3.20349 5.62435 6.48062 5.83681 5.83205 
4.21355 1.43743 4.56328 2.45172 6.76835 6.89006 7.68058 6.45734 1.80546 2.49286 4.02943 1.8116 5.47368 2.6612 4.96427 5.75954 6.43297 6.48598 3.59691 2.40879 7.18624 2.68631 1.62008 6.54535 3.79762 0.997341 3.37228 4.15083 0 6.0865 4.75299 4.2096 0.680347 4.0959 6.44915 4.5983 3.99594 2.55542 5.29632 3.85401 5.84091 2.36466 1.2528 8.56161 6.08176 5.58708 4.03927 6.16325 5.56439 4.76227 4.53508 6.53578 2.63609 1.51895 4.28897 2.17368 2.38171 2.58787 5.37781 6.45147 4.76614 5.91151 6.19741 3.06304 3.02205 7.27174 5.41511 6.19654 6.61614 5.76962 6.92243 2.32128 6.65829 5.26226 6.55008 8.23165 4.60413 7.554 2.70539 7.28993 3.92809 4.87685 3.84146 4.49187 0.273354 5.77863 6.6284 5.51689 7.52932 2.51158 5.40603 0.783044 2.49039 3.08582 8.39344 2.69744 7.32927 2.26669 4.7956 3.55621 2.02384 
3.2797 7.4283 6.03864 7.8826 8.21386 4.23984 5.61173 8.56464 7.43864 8.55347 2.3053 7.17573 9.22769 7.40212 1.21842 9.89 0.676899 2.06837 2.62348 5.41654 2.2936 3.45544 7.45422 1.18547 6.24116 6.55889 8.59171 2.11087 6.0865 0 9.22689 4.33226 5.79025 4.03481 9.01616 8.8942 3.51693 6.78096 1.8934 4.05228 6.65061 7.96911 6.88595 6.84249 7.03175 6.21651 3.60414 10.1224 0.883705 3.82835 7.25353 6.77542 6.84414 6.13252 8.8298 4.33582 6.09824 5.29537 2.53609 6.10383 4.06128 6.19727 6.82998 8.96479 3.91732 4.28464 5.41682 1.07738 0.849443 1.68129 2.72112 5.22052 2.59408 1.78109 6.1102 5.7363 8.01927 2.33121 7.78826 1.73728 7.51585 5.0652 6.39121 1.91254 6.28386 6.57188 0.74049 0.945927 6.98049 5.5916 9.3341 5.76265 8.54098 3.12086 5.81967 8.46655 2.02638 7.1813 7.2711 7.93135 7.53581 
6.08899 3.7777 3.85343 2.43889 4.11819 7.56144 7.50873 3.34248 3.07198 3.85878 6.93907 2.94947 1.16867 6.88804 8.01883 1.04249 9.79306 8.53067 7.46783 3.847 11.0177 6.66408 3.40034 10.1034 3.182 5.4437 1.61727 7.9296 4.75299 9.22689 0 5.20922 5.43273 8.67683 2.87573 0.376421 5.81498 7.07342 7.63373 5.30436 4.4552 2.66515 3.52153 7.73563 4.36931 4.59149 5.75546 1.47856 9.08275 5.93479 2.51781 5.14691 2.48088 6.19693 0.466352 5.10054 7.0793 3.9431 9.54385 5.62927 5.75354 4.94807 4.69428 3.07735 7.51006 7.97378 5.1409 8.79548 9.38244 9.62791 10.968 4.06165 8.39542 9.15833 5.73769 8.13465 1.62641 11.2799 2.05928 9.69977 1.79991 4.99557 3.04153 8.3008 4.49572 4.46116 9.47196 8.35591 6.22932 3.65701 0.941637 5.53574 3.7833 6.29303 8.28987 5.75989 11.0006 2.512 2.72894 7.71923 2.82182 
1.06607 4.9177 1.70687 4.65883 4.02651 2.78063 3.47231 4.26596 4.51533 5.99319 2.36778 4.13101 4.99385 6.71125 3.24781 5.70741 4.97992 3.32283 3.67614 2.03698 6.46383 3.41704 4.72464 5.40349 2.03878 5.15605 5.05564 3.85965 4.2096 4.33226 5.20922 0 4.45241 5.69275 4.68839 4.84469 0.88699 6.37855 2.52576 0.476139 2.52222 4.86759 4.17564 4.41453 2.89643 2.10007 0.778081 5.8874 4.48302 0.745149 2.96592 2.92383 3.21254 5.31423 4.88624 2.19556 5.89201 1.82924 5.57826 2.5252 0.623548 2.24099 2.79509 5.99945 4.66372 3.1914 1.48654 3.68408 4.29359 5.26773 6.64622 2.00057 3.20055 4.92048 2.59764 4.02402 3.79999 6.60936 4.34371 4.50903 3.41267 0.935222 2.18582 4.15697 4.2183 2.43977 4.40731 3.39206 3.63905 2.08155 5.13375 4.50785 5.94671 2.38922 4.18665 6.87216 6.30745 3.82728 2.95224 7.55508 4.47796 
4.29264 2.0178 5.01603 3.12226 7.30617 7.02599 7.91301 7.03967 2.47022 2.96492 3.88926 2.49174 6.13866 2.26266 4.73102 6.43703 6.07814 6.40127 3.21383 2.84431 6.71139 2.33579 2.25518 6.14327 4.30978 0.799868 4.04487 3.76676 0.680347 5.79025 5.43273 4.45241 0 3.46495 7.06311 5.27449 4.10679 2.02051 5.20591 4.052 6.29141 3.01979 1.9303 8.85712 6.55546 6.00732 4.16658 6.83865 5.19625 4.92892 5.11371 6.95823 3.27074 0.933843 4.96842 2.28925 1.74605 2.99884 4.84934 6.81173 4.96413 6.31206 6.64509 3.63072 2.44377 7.3893 5.75692 6.0128 6.38413 5.31267 6.40206 2.71506 6.62412 4.80744 6.90521 8.43803 5.23909 7.09752 3.38567 7.1099 4.55836 5.20039 4.36886 4.08468 0.945534 6.22477 6.37999 5.30819 7.90954 2.97892 6.07671 0.103335 2.97595 2.95488 8.59651 2.72578 6.88796 2.94081 5.36224 3.12713 2.69533 
4.88414 5.48198 7.03238 6.52824 9.52018 7.28986 8.54499 9.5116 5.89514 6.35859 3.63958 5.84269 9.18276 3.96429 3.63625 9.61629 3.92841 5.66305 2.11175 5.22098 3.80699 2.32751 5.7118 3.70991 6.67564 3.92305 7.43641 2.24211 4.0959 4.03481 8.67683 5.69275 3.46495 0 9.71898 8.45647 4.89731 3.285 4.71295 5.21987 8.14784 6.45927 5.32173 9.71989 8.4988 7.75231 5.00657 9.97926 3.16332 5.72418 7.69138 8.61519 6.27078 3.16982 8.21238 3.9595 2.65398 5.25466 1.86402 8.18325 5.88946 7.93021 8.45377 7.0847 1.18317 7.51414 7.17559 4.83134 4.86739 2.69761 3.28753 5.00273 6.10459 2.33152 8.24201 8.88886 8.10688 4.25762 6.71008 5.75405 7.43909 6.62696 6.79075 2.22416 4.36877 8.06728 4.77422 4.16417 9.2746 5.42179 9.17655 3.37663 6.38105 3.30361 9.01614 5.46597 4.14549 6.17747 7.86096 4.22648 6.10145 
5.752 5.97879 2.98314 4.75558 1.49613 6.11396 5.59146 0.660793 5.22784 6.42338 6.97795 4.93292 1.73444 8.98247 7.92926 2.34988 9.66778 7.72585 8.01503 4.50753 11.1394 7.43111 5.5933 10.0897 3.05535 7.35756 4.23115 8.33892 6.44915 9.01616 2.87573 4.68839 7.06311 9.71898 0 2.64659 5.54215 8.99326 7.16898 5.02078 2.64347 5.04392 5.44582 5.44745 2.3475 3.00539 5.44329 2.15537 9.15061 5.22233 2.02888 3.04588 3.81981 7.96583 3.04979 5.7647 8.80914 4.46434 10.0735 3.74594 4.99252 3.21628 2.68209 5.78001 8.54859 6.47034 3.80641 8.29233 8.90622 9.89039 11.2772 4.72068 7.42722 9.49886 3.82835 6.16583 1.88926 11.2965 4.24485 8.95875 2.53368 3.99877 2.93238 8.67877 6.25336 2.69892 9.03466 8.07243 3.91712 4.31205 1.9932 7.16174 6.34802 6.67825 6.29759 8.19223 10.9951 4.34932 1.86955 9.87014 4.99754 
5.73682 3.71749 3.47704 2.38465 3.81822 7.18503 7.13844 3.06746 2.9872 3.91075 6.61361 2.81911 1.02724 6.83018 7.68979 1.16652 9.46752 8.1672 7.18712 3.53879 10.7134 6.40026 3.33186 9.78649 2.81322 5.33786 1.65736 7.63865 4.5983 8.8942 0.376421 4.84469 5.27449 8.45647 2.64659 0 5.46439 6.9806 7.28198 4.94997 4.09279 2.63656 3.3914 7.38123 4.01732 4.22101 5.4026 1.56564 8.76871 5.56739 2.14373 4.79228 2.21162 6.06988 0.417342 4.81157 6.95139 3.62441 9.27095 5.26265 5.38416 4.57969 4.33859 3.18212 7.28308 7.59736 4.76489 8.44529 9.03504 9.33118 10.6792 3.75723 8.02662 8.86663 5.37156 7.76495 1.2593 10.9682 1.95138 9.34086 1.43234 4.61999 2.67146 8.00885 4.34877 4.09686 9.1268 8.01615 5.88146 3.3445 0.862219 5.37781 3.83471 5.98996 7.92069 5.78083 10.6865 2.33448 2.35996 7.67777 2.7364 
0.2815 4.93452 2.56143 4.91599 4.91346 2.91923 3.89279 5.14035 4.65694 6.05974 1.48098 4.30279 5.72338 6.31922 2.38852 6.40549 4.14732 2.81167 2.83607 2.22989 5.59773 2.6913 4.8064 4.55131 2.73361 4.86696 5.4444 2.98493 3.99594 3.51693 5.81498 0.88699 4.10679 4.89731 5.54215 5.46439 0 5.9164 1.81912 0.535427 3.40231 5.08497 4.22766 4.96179 3.77891 2.97551 0.112747 6.61926 3.61091 0.878702 3.73661 3.76077 3.59866 4.89458 5.45258 1.83147 5.37326 2.04958 4.69563 3.287 1.00339 3.08781 3.66402 6.19674 3.92732 3.28583 2.30403 2.98091 3.57293 4.38326 5.76381 2.10529 2.82172 4.0335 3.34471 4.37168 4.51624 5.75909 4.67987 3.9112 4.05126 1.79075 2.88406 3.27458 4.06164 3.31985 3.67009 2.59343 4.37833 2.34856 5.84129 4.14483 6.02261 1.61824 4.52508 6.69336 5.45929 4.11057 3.75947 7.12263 4.66727 
6.05954 3.31278 7.03602 4.63986 9.31246 8.80543 9.79446 9.01269 4.00185 3.73333 5.34926 4.17259 7.92083 0.679301 5.94228 8.11084 6.88492 7.8462 4.19989 4.86467 7.06163 3.5663 3.67765 6.79455 6.32351 1.65174 5.52966 4.67403 2.55542 6.78096 7.07342 6.37855 2.02051 3.285 8.99326 6.9806 5.9164 0 6.68302 5.94855 8.31059 4.4433 3.60933 10.7925 8.57597 8.02094 5.99217 8.53556 6.01734 6.77758 7.09036 8.97126 5.17359 1.09029 6.62648 4.1831 0.684795 5.01686 5.09785 8.79935 6.84332 8.31908 8.66372 4.61226 2.87482 9.13997 7.7385 7.26832 7.51182 5.82228 6.5711 4.73158 8.15493 5.36777 8.88971 10.2879 7.13121 7.50214 5.02998 8.33426 6.46336 7.1746 6.37748 4.88341 2.73992 8.24341 7.46719 6.54096 9.90473 4.99859 7.82336 1.93892 3.78291 4.51054 10.4415 2.30622 7.36051 4.71426 7.34927 1.2214 4.25248 
1.54517 6.45379 4.21226 6.62718 6.32355 2.64025 3.97795 6.6957 6.29343 7.59887 1.33876 5.97025 7.50755 7.20832 1.16336 8.20562 2.56841 1.19553 2.68632 3.98174 4.15806 3.11881 6.38979 3.05271 4.52575 6.00546 7.21833 2.47354 5.29632 1.8934 7.63373 2.52576 5.20591 4.71295 7.16898 7.28198 1.81912 6.68302 0 2.33418 4.75983 6.76766 5.80354 5.20333 5.14035 4.32663 1.87971 8.40289 2.31508 1.95175 5.48971 4.88803 5.38821 5.80585 7.27112 3.20651 6.04578 3.82015 3.82646 4.23075 2.1841 4.30402 4.93658 7.84769 4.10078 2.81688 3.52397 1.16615 1.76982 3.21639 4.49059 3.82416 1.47617 3.04028 4.24369 4.23385 6.30563 4.22388 6.43708 2.11945 5.86448 3.18865 4.67579 2.57321 5.42964 4.68156 1.88157 0.963907 5.15389 4.12356 7.6368 5.21215 7.57152 2.25161 4.34843 7.92306 3.91889 5.84974 5.47642 7.90024 6.33855 
0.791397 4.66298 2.04696 4.52677 4.4452 3.05113 3.86168 4.63453 4.32029 5.76577 1.96829 3.94986 5.1903 6.30201 2.91709 5.87668 4.68112 3.26492 3.21686 1.84511 6.11955 2.9409 4.50032 5.08035 2.201 4.77701 5.00266 3.42372 3.85401 4.05228 5.30436 0.476139 4.052 5.21987 5.02078 4.94997 0.535427 5.94855 2.33418 0 2.9682 4.71427 3.93412 4.84806 3.33695 2.55362 0.456316 6.08625 4.12995 0.91923 3.20125 3.39537 3.15014 4.89405 4.95174 1.77131 5.447 1.64826 5.1523 2.99981 0.914654 2.71089 3.25266 5.83874 4.18758 3.44655 1.96248 3.49971 4.09699 4.88318 6.26757 1.76022 3.21867 4.5163 3.07083 4.3895 3.98386 6.28822 4.25629 4.40118 3.53033 1.40721 2.35146 3.73268 3.88488 2.88602 4.19766 3.12831 4.11241 1.93347 5.31082 4.10218 5.72371 1.91723 4.54936 6.53856 5.98922 3.70627 3.22685 7.13493 4.30786 
3.53752 5.98917 1.27815 5.16519 1.56381 3.47221 3.09366 2.05078 5.34747 6.82699 4.87992 4.95631 3.70545 8.49953 5.67871 4.48059 7.3222 5.16045 6.18363 3.44879 8.87713 5.83025 5.67018 7.78715 2.11296 6.83776 5.10674 6.38187 5.84091 6.65061 4.4552 2.52222 6.29141 8.14784 2.64347 4.09279 3.40231 8.31059 4.75983 2.9682 0 5.44848 5.27481 3.30856 0.382765 0.436052 3.29066 4.47807 6.92813 2.83371 2.00922 0.763191 3.7031 7.22066 4.34355 4.33906 7.94077 3.29402 8.09793 1.19187 2.60304 0.574735 0.357054 6.49023 7.0614 3.8357 1.24282 5.81946 6.42648 7.75098 9.11599 3.58042 4.8243 7.42608 1.29496 3.7087 2.83443 8.976 4.68383 6.38864 2.94723 1.62476 2.12491 6.67684 5.74229 0.0824687 6.56707 5.70895 1.88026 3.33004 3.93542 6.37167 6.76162 4.86638 3.85827 8.21349 8.67108 4.4297 1.74701 9.39035 5.19604 
5.35887 1.13057 4.32759 0.295847 5.83768 7.62536 8.04141 5.27478 0.571944 1.4142 5.70933 0.800079 3.6451 4.2255 6.76752 3.70745 8.41916 7.8743 5.72132 2.86971 9.36876 4.8208 0.784497 8.61498 3.41041 2.85425 1.08636 6.25386 2.36466 7.96911 2.66515 4.86759 3.01979 6.45927 5.04392 2.63656 5.08497 4.4433 6.76766 4.71427 5.44848 0 1.16169 8.6417 5.55156 5.36346 5.07625 4.1431 7.59649 5.5865 3.58544 6.21123 1.78492 3.64909 2.24478 3.64318 4.52074 3.06656 7.65288 6.40484 5.49112 5.74179 5.78412 1.13256 5.36456 8.0429 5.54544 7.83602 8.3471 7.94233 9.1746 2.97968 7.90588 7.44039 6.51661 8.65615 3.18945 9.70288 0.814504 8.87929 2.67239 5.14643 3.35704 6.61785 2.09137 5.41355 8.39459 7.242 7.32094 2.79107 3.49876 3.11671 1.34254 4.8485 8.82183 3.16523 9.4551 1.06889 3.88692 5.05437 0.433977 
4.48738 0.749991 4.03969 1.20675 5.96676 6.95447 7.54042 5.543 0.590157 1.83378 4.667 0.573076 4.31257 3.53929 5.69993 4.542 7.31004 6.94958 4.57424 2.14518 8.21857 3.66872 0.586289 7.4863 3.16188 1.95807 2.12217 5.11221 1.2528 6.88595 3.52153 4.17564 1.9303 5.32173 5.44582 3.3914 4.22766 3.60933 5.80354 3.93412 5.27481 1.16169 0 8.27821 5.45343 5.10014 4.23824 4.95565 6.47381 4.84492 3.67268 6.01708 1.67554 2.67922 3.06132 2.61066 3.56131 2.35395 6.49144 6.07398 4.78832 5.45958 5.62838 2.07961 4.21164 7.36152 5.11117 6.82541 7.31045 6.79225 8.01501 2.18056 7.03297 6.28878 6.1812 8.13257 3.56109 8.5591 1.46368 7.8914 2.91777 4.63598 3.16004 5.4732 0.984839 5.22472 7.34731 6.20059 7.08419 2.1431 4.22203 2.03181 1.7951 3.77135 8.29804 2.9406 8.31564 1.1094 3.95993 4.42446 0.779746 
4.89672 9.02326 4.31411 8.3713 3.95694 2.6048 1.2334 4.78838 8.45951 9.96939 6.08107 8.05899 6.87928 11.1192 6.36495 7.63288 7.47913 4.81032 7.60816 6.20479 9.0969 7.63797 8.74857 8.01125 5.23132 9.5348 8.3958 7.56442 8.56161 6.84249 7.73563 4.41453 8.85712 9.71989 5.44745 7.38123 4.96179 10.7925 5.20333 4.84806 3.30856 8.6417 8.27821 0 3.36695 3.29392 4.86843 7.54567 7.47385 4.08385 5.3173 2.589 6.85927 9.72827 7.64761 6.60948 10.2942 6.00675 9.02967 2.23728 3.97694 2.91217 3.04276 9.72459 8.85288 2.59311 3.17206 5.77792 6.24592 8.38553 9.56313 6.25274 4.29194 8.24255 2.12524 1.2584 6.12927 9.02665 7.9167 5.75945 6.24802 3.68734 5.28871 7.73314 8.53211 3.31855 6.41319 6.07498 1.53828 6.15869 7.12784 8.91617 9.90938 6.5572 1.27468 11.1482 8.74 7.58648 5.05404 11.9686 8.34225 
3.91787 6.15281 1.54788 5.26307 1.18496 3.77586 3.28739 1.72776 5.48817 6.94641 5.25787 5.1039 3.54163 8.74295 6.06137 4.30943 7.70372 5.52274 6.54914 3.71192 9.25979 6.17701 5.82111 8.16949 2.30501 7.07608 5.13752 6.75529 6.08176 7.03175 4.36931 2.89643 6.55546 8.4988 2.3475 4.01732 3.77891 8.57597 5.14035 3.33695 0.382765 5.55156 5.45343 3.36695 0 0.818817 3.66758 4.27334 7.31075 3.21636 2.01946 0.781867 3.8415 7.48767 4.29714 4.65957 8.22492 3.56851 8.47413 1.40525 2.98577 0.897076 0.346526 6.5637 7.40275 4.12503 1.61953 6.1947 6.80051 8.13251 9.49823 3.85689 5.17592 7.8056 1.49438 3.88669 2.77222 9.35778 4.76853 6.74833 2.97337 2.00607 2.29395 7.05287 5.97021 0.463808 6.94217 6.09056 1.86831 3.58003 3.78244 6.63842 6.87907 5.22646 4.02936 8.39372 9.05283 4.55923 1.73247 9.63707 5.32365 
3.10514 5.82922 1.06078 5.08804 1.99736 3.14636 2.91743 2.44053 5.21827 6.7164 4.45063 4.82122 3.93057 8.23634 5.24285 4.70724 6.8876 4.75111 5.77045 3.17998 8.44117 5.44179 5.52699 7.35156 1.96485 6.58409 5.10798 5.95826 5.58708 6.21651 4.59149 2.10007 6.00732 7.75231 3.00539 4.22101 2.97551 8.02094 4.32663 2.55362 0.436052 5.36346 5.10014 3.29392 0.818817 0 2.86346 4.73942 6.49232 2.3978 2.08635 0.951026 3.59036 6.93082 4.43766 3.98822 7.62862 3.01141 7.67045 1.06921 2.16702 0.381809 0.701506 6.43478 6.67871 3.52678 0.820092 5.39296 6.00138 7.31663 8.68067 3.29264 4.42936 6.99438 1.18188 3.54424 2.96588 8.54108 4.62566 5.98182 2.97919 1.19172 2.00676 6.24975 5.50485 0.355782 6.1406 5.2743 1.98445 3.07993 4.14727 6.08401 6.6536 4.46134 3.70076 8.02684 8.23619 4.32032 1.86327 9.1219 5.08342 
0.335246 4.95103 2.46116 4.90186 4.8039 2.86152 3.80943 5.03662 4.65712 6.07163 1.59124 4.29834 5.64575 6.38723 2.48602 6.33299 4.23882 2.84119 2.94792 2.21311 5.69804 2.79292 4.81448 4.64771 2.65688 4.92119 5.41393 3.09751 4.03927 3.60414 5.75546 0.778081 4.16658 5.00657 5.44329 5.4026 0.112747 5.99217 1.87971 0.456316 3.29066 5.07625 4.23824 4.86843 3.66758 2.86346 0 6.54171 3.71279 0.790145 3.65113 3.64818 3.56479 4.96444 5.39822 1.88378 5.45501 2.02755 4.80735 3.17705 0.901442 2.97507 3.55154 6.19213 4.03111 3.23461 2.19158 3.04459 3.64091 4.49017 5.8697 2.09849 2.83056 4.1431 3.23555 4.29622 4.43968 5.85524 4.65508 3.9579 3.9851 1.67817 2.80731 3.3864 4.09804 3.20821 3.74135 2.67595 4.27016 2.32349 5.76705 4.2068 6.03326 1.72285 4.4508 6.73632 5.55487 4.09137 3.6683 7.19581 4.66138 
6.87535 5.25106 4.29207 3.91184 3.63411 7.8724 7.55795 2.78703 4.53505 5.31567 7.89437 4.38289 0.895964 8.36359 8.94472 0.44203 10.7279 9.16737 8.61105 4.92554 12.0547 7.86425 4.87064 11.0833 3.88565 6.89732 3.09177 9.03381 6.16325 10.1224 1.47856 5.8874 6.83865 9.97926 2.15537 1.56564 6.61926 8.53556 8.40289 6.08625 4.47807 4.1431 4.95565 7.54567 4.27334 4.73942 6.54171 0 10.0819 6.55635 2.9302 5.03783 3.70887 7.63466 1.91024 6.23198 8.51641 4.97558 10.7055 5.66102 6.34753 5.03818 4.61977 4.50009 8.80036 8.26199 5.44223 9.5669 10.1726 10.702 12.0694 5.15088 8.95542 10.2543 5.75771 8.16003 2.10359 12.281 3.50687 10.3798 2.64988 5.45137 3.7352 9.39939 5.91436 4.5105 10.2793 9.21105 6.00748 4.72243 0.814206 6.94199 5.24085 7.36008 8.30227 7.22787 11.9914 3.89789 3.00613 9.19744 4.28409 
3.41942 6.95576 6.17216 7.53993 8.47696 4.875 6.24099 8.7485 7.04635 8.05522 2.1957 6.81909 9.19532 6.65588 1.24968 9.81723 0.886481 2.81809 1.98251 5.23611 1.99119 2.88038 7.02245 1.02775 6.24528 5.93607 8.30582 1.4301 5.56439 0.883705 9.08275 4.48302 5.19625 3.16332 9.15061 8.76871 3.61091 6.01734 2.31508 4.12995 6.92813 7.59649 6.47381 7.47385 7.31075 6.49232 3.71279 10.0819 0 4.1018 7.28972 7.14203 6.63842 5.44322 8.66379 4.03889 5.33255 5.14448 1.67947 6.5169 4.32904 6.52299 7.14347 8.53617 3.14254 4.97284 5.7259 1.85078 1.73202 0.91178 2.19641 5.0241 3.33039 0.902434 6.53708 6.42539 7.99329 2.20112 7.50094 2.6208 7.44043 5.30832 6.39231 1.14411 5.78327 6.84696 1.62262 1.39888 7.46591 5.42608 9.27837 5.15705 8.0494 2.80991 6.5212 7.8125 1.91791 6.8934 7.34352 7.14077 7.16821 
0.840074 5.57764 2.29279 5.38529 4.3927 2.1329 3.02001 4.74398 5.21424 6.67369 2.16644 4.83658 5.6679 7.16252 2.85248 6.39673 4.49573 2.61543 3.6325 2.73069 6.04344 3.56049 5.40629 4.95445 2.75456 5.67024 5.79922 3.70881 4.76227 3.82835 5.93479 0.745149 4.92892 5.72418 5.22233 5.56739 0.878702 6.77758 1.95175 0.91923 2.83371 5.5865 4.84492 4.08385 3.21636 2.3978 0.790145 6.55635 4.1018 0 3.62615 3.06105 3.95359 5.74316 5.62106 2.63971 6.24454 2.52689 5.36508 2.50448 0.23296 2.42395 3.04169 6.7163 4.78872 2.52734 1.62509 3.07218 3.68623 4.94376 6.29537 2.66549 2.46299 4.65088 2.54876 3.51512 4.48852 6.14683 5.08172 3.82356 4.13534 1.23777 2.89826 3.9598 4.80026 2.75352 3.81266 2.88331 3.56361 2.79543 5.82011 4.97328 6.63013 2.48171 3.67152 7.45203 5.84217 4.55616 3.57798 7.97816 5.18924 
3.98033 4.31006 1.38186 3.29169 2.29724 5.06599 5.00107 1.92596 3.5973 4.99623 5.09521 3.23878 2.04386 7.14611 6.10588 2.7883 7.87933 6.23784 6.02659 2.47913 9.27931 5.41159 3.94992 8.26523 1.05924 5.48762 3.11809 6.37918 4.53508 7.25353 2.51781 2.96592 5.11371 7.69138 2.02888 2.14373 3.73661 7.09036 5.48971 3.20125 2.00922 3.58544 3.67268 5.3173 2.01946 2.08635 3.65113 2.9302 7.28972 3.62615 0 2.75211 1.99762 6.03454 2.35182 3.74122 6.85458 2.43708 8.10389 3.14306 3.41787 2.45383 2.30045 4.5588 6.51992 5.47352 2.63134 6.64993 7.25882 7.98001 9.36475 2.6918 6.03614 7.56546 3.25398 5.62905 0.910909 9.47163 2.78347 7.44966 0.954285 2.54749 0.922359 6.72918 4.36643 1.99965 7.37039 6.32691 3.86972 2.28495 2.20997 5.2091 4.92602 4.70266 5.78637 6.56966 9.17547 2.66174 0.301478 8.04331 3.40558 
3.84714 6.73744 1.98709 5.92825 1.68562 3.18895 2.54639 2.39725 6.10407 7.58752 5.20327 5.71129 4.32051 9.18673 5.89793 5.08597 7.4522 5.112 6.59197 4.12993 9.04467 6.32346 6.42347 7.94066 2.85921 7.533 5.86149 6.73628 6.53578 6.77542 5.14691 2.92383 6.95823 8.61519 3.04588 4.79228 3.76077 8.97126 4.88803 3.39537 0.763191 6.21123 6.01708 2.589 0.781867 0.951026 3.64818 5.03783 7.14203 3.06105 2.75211 0 4.46178 7.88123 5.06306 4.91761 8.57429 3.96237 8.41953 0.756605 2.84625 0.686681 0.454964 7.25292 7.56699 3.50277 1.45787 5.86752 6.45836 7.99929 9.33843 4.24365 4.71784 7.71184 0.812965 3.13058 3.54168 9.10584 5.4469 6.31496 3.69843 1.98872 2.87948 7.00661 6.44979 0.799504 6.60862 5.85141 1.12016 4.02644 4.56282 7.0347 7.52249 5.31239 3.26854 8.95189 8.80131 5.1895 2.47766 10.0727 5.95573 
3.88015 2.32573 2.54599 1.52514 4.2934 5.91219 6.26426 3.87598 1.64707 3.12788 4.53952 1.26389 2.92482 5.17852 5.62661 3.35503 7.38005 6.40596 4.98703 1.42947 8.55271 4.1891 1.98162 7.66403 1.62909 3.53964 1.85277 5.4527 2.63609 6.84414 2.48088 3.21254 3.27074 6.27078 3.81981 2.21162 3.59866 5.17359 5.38821 3.15014 3.7031 1.78492 1.67554 6.85927 3.8415 3.59036 3.56479 3.70887 6.63842 3.95359 1.99762 4.46178 0 4.15502 2.03946 2.62512 5.01116 1.57101 7.06418 4.62337 3.82799 3.96619 4.04781 2.89247 5.09149 6.33278 3.76416 6.52259 7.08307 7.15486 8.48889 1.62457 6.36637 6.68138 4.73481 6.88216 1.96923 8.82736 1.13806 7.50158 1.2921 3.38427 1.58596 5.82443 2.43386 3.66228 7.15631 6.01471 5.56113 1.26764 2.90632 3.37187 3.06416 3.83346 7.04757 4.58314 8.55307 0.729991 2.2869 6.07217 1.49477 
5.05519 2.5442 5.94659 3.80385 8.23802 7.80371 8.75121 7.95994 3.14724 3.24195 4.46771 3.25223 6.97312 1.42847 5.17959 7.22096 6.32835 6.99038 3.50911 3.77587 6.74145 2.74395 2.86468 6.31548 5.24316 0.817408 4.72122 4.03334 1.51895 6.13252 6.19693 5.31423 0.933843 3.16982 7.96583 6.06988 4.89458 1.09029 5.80585 4.89405 7.22066 3.64909 2.67922 9.72827 7.48767 6.93082 4.96444 7.63466 5.44322 5.74316 6.03454 7.88123 4.15502 0 5.7389 3.12314 0.882407 3.92678 4.8023 7.7157 5.7972 7.23007 7.57363 4.04035 2.39343 8.15126 6.65642 6.49715 6.80333 5.40291 6.34164 3.64134 7.26127 4.91448 7.80706 9.25819 6.12297 7.15777 4.13771 7.5846 5.44698 6.09462 5.301 4.30037 1.73746 7.15333 6.77791 5.77451 8.81898 3.91249 6.89423 0.849312 3.2738 3.57773 9.414 2.3911 6.97933 3.75665 6.28725 2.24124 3.39108 
5.72954 3.34254 3.62482 2.00406 4.17474 7.32397 7.34905 3.44645 2.62514 3.49748 6.5344 2.4886 1.44315 6.45611 7.61769 1.48499 9.38637 8.19847 7.02419 3.42927 10.589 6.21231 2.96085 9.68686 2.88641 4.99154 1.24269 7.49216 4.28897 8.8298 0.466352 4.88624 4.96842 8.21238 3.04979 0.417342 5.45258 6.62648 7.27112 4.95174 4.34355 2.24478 3.06132 7.64761 4.29714 4.43766 5.39822 1.91024 8.66379 5.62106 2.35182 5.06306 2.03946 5.7389 0 4.66421 6.6213 3.53615 9.0952 5.49412 5.44914 4.80551 4.6081 2.76488 7.04684 7.7403 4.9301 8.42844 9.00935 9.19381 10.5279 3.63969 8.084 8.72084 5.60471 7.9778 1.52619 10.8578 1.60216 9.35281 1.52142 4.74017 2.7536 7.86387 4.03281 4.34105 9.09458 7.9701 6.16543 3.24431 1.26555 5.0715 3.42148 5.86608 8.13596 5.37535 10.5808 2.04565 2.59699 7.29596 2.37425 
2.04065 3.24728 3.1347 3.54726 5.6051 4.74522 5.6316 5.55434 3.1307 4.39244 2.06704 2.84551 5.38023 4.53158 3.12718 5.91844 4.81901 4.37379 2.38053 1.31371 5.93005 1.6733 3.19508 5.06663 2.71631 3.03742 4.27267 2.82906 2.17368 4.33582 5.10054 2.19556 2.28925 3.9595 5.7647 4.81157 1.83147 4.1831 3.20651 1.77131 4.33906 3.64318 2.61066 6.60948 4.65957 3.98822 1.88378 6.23198 4.03889 2.63971 3.74122 4.91761 2.62512 3.12314 4.66421 0 3.70511 1.30881 4.47364 4.65613 2.67862 4.23994 4.67365 4.67901 2.8027 5.11672 3.59189 4.21514 4.70882 4.52974 5.86833 1.08734 4.50746 4.05779 4.74035 6.14995 4.23406 6.21375 3.4673 5.28168 3.59902 3.02101 2.83322 3.20032 2.26248 4.26311 4.75267 3.60117 5.77137 1.51907 5.41778 2.33503 4.36562 1.23199 6.30798 4.86846 5.94462 2.85905 3.90246 5.36428 3.2092 
5.49884 3.40573 6.67749 4.6822 9.02366 8.23356 9.26443 8.78014 4.02666 4.01304 4.71871 4.13437 7.84955 1.34172 5.27497 8.10321 6.20034 7.19881 3.52578 4.52366 6.40162 2.92749 3.73732 6.11363 6.0212 1.66897 5.59717 3.99298 2.38171 6.09824 7.0793 5.89201 1.74605 2.65398 8.80914 6.95139 5.37326 0.684795 6.04578 5.447 7.94077 4.52074 3.56131 10.2942 8.22492 7.62862 5.45501 8.51641 5.33255 6.24454 6.85458 8.57429 5.01116 0.882407 6.6213 3.70511 0 4.65707 4.43762 8.35679 6.32512 7.90941 8.2894 4.84956 2.19004 8.55693 7.29256 6.60024 6.83383 5.14578 5.92876 4.36841 7.52078 4.68738 8.44289 9.74045 6.98038 6.8386 5.02011 7.66117 6.30117 6.72323 6.08888 4.19903 2.61197 7.87036 6.78719 5.87315 9.46961 4.67608 7.77365 1.64792 4.0527 3.90999 9.89139 2.83145 6.69103 4.6344 7.09852 1.86286 4.27152 
2.32974 3.10079 2.02242 2.87956 4.40582 4.60962 5.20355 4.28325 2.68894 4.16445 2.99831 2.30969 4.10743 5.2263 4.08181 4.68615 5.85115 4.86096 3.6529 0.208792 7.09633 2.98211 2.89611 6.16227 1.43635 3.58167 3.40073 4.05927 2.58787 5.29537 3.9431 1.82924 2.99884 5.25466 4.46434 3.62441 2.04958 5.01686 3.82015 1.64826 3.29402 3.06656 2.35395 6.00675 3.56851 3.01141 2.02755 4.97558 5.14448 2.52689 2.43708 3.96237 1.57101 3.92678 3.53615 1.30881 4.65707 0 5.74771 3.86604 2.44873 3.32665 3.64686 4.19298 4.08559 5.02058 2.84102 4.95161 5.51301 5.72906 7.09384 0.288818 4.85512 5.27867 3.966 5.78737 2.9399 7.34447 2.63047 5.93643 2.32683 2.32348 1.54121 4.424 2.53203 3.22655 5.58802 4.45001 4.94159 0.303603 4.16356 3.078 4.11758 2.3849 5.95243 5.14426 7.06219 2.0641 2.61145 6.11058 2.6636 
4.57647 6.81496 7.16805 7.66129 9.59729 6.45643 7.80401 9.75206 7.08159 7.81422 3.22181 6.93984 9.84984 5.77336 2.66518 10.3898 2.23181 4.48373 2.09568 5.78197 1.96416 2.88824 6.97189 1.91013 7.04546 5.46329 8.51778 1.73771 5.37781 2.53609 9.54385 5.57826 4.84934 1.86402 10.0735 9.27095 4.69563 5.09785 3.82646 5.1523 8.09793 7.65288 6.49144 9.02967 8.47413 7.67045 4.80735 10.7055 1.67947 5.36508 8.10389 8.41953 7.06418 4.8023 9.0952 4.47364 4.43762 5.74771 0 7.86049 5.57431 7.76308 8.35486 8.44084 2.43005 6.59062 6.96643 3.52825 3.38026 0.918919 1.55356 5.55599 4.98718 0.800302 7.89588 8.03444 8.68709 2.40544 7.73614 4.25745 8.06741 6.4819 7.1819 1.42129 5.63532 8.01548 3.25266 3.01021 8.87599 5.98624 9.89131 4.78127 7.82434 3.40131 8.13877 7.17716 2.28197 7.15094 8.21229 6.08588 7.25135 
3.32926 6.81388 2.0775 6.13403 2.43572 2.43311 1.902 3.11102 6.23196 7.73899 4.67086 5.83219 4.89701 9.06715 5.28417 5.67174 6.78036 4.3814 6.11686 4.05394 8.38651 5.93655 6.52815 7.27869 2.99472 7.4412 6.17617 6.21313 6.45147 6.10383 5.62927 2.5252 6.81173 8.18325 3.74594 5.26265 3.287 8.79935 4.23075 2.99981 1.19187 6.40484 6.07398 2.23728 1.40525 1.06921 3.17705 5.66102 6.5169 2.50448 3.14306 0.756605 4.62337 7.7157 5.49412 4.65613 8.35679 3.86604 7.86049 0 2.31147 0.691009 1.06439 7.48787 7.18287 2.75349 1.06437 5.16635 5.74864 7.39137 8.70979 4.13044 3.97449 7.13034 0.112896 2.51737 4.00359 8.42905 5.68067 5.57469 4.04729 1.63533 3.05155 6.4618 6.39628 1.17355 5.90197 5.19381 1.11705 3.98517 5.12727 6.88033 7.67809 4.8885 2.66804 8.97443 8.12545 5.35145 2.90376 9.93886 6.10936 
1.01779 5.52735 2.07327 5.28166 4.16096 2.16655 2.95403 4.51161 5.1367 6.61025 2.36499 4.7535 5.46126 7.20998 3.07941 6.19505 4.72849 2.81997 3.80888 2.65564 6.27422 3.69409 5.34166 5.18628 2.57156 5.69165 5.66542 3.90544 4.76614 4.06128 5.75354 0.623548 4.96413 5.88946 4.99252 5.38416 1.00339 6.84332 2.1841 0.914654 2.60304 5.49112 4.78832 3.97694 2.98577 2.16702 0.901442 6.34753 4.32904 0.23296 3.41787 2.84625 3.82799 5.7972 5.44914 2.67862 6.32512 2.44873 5.57431 2.31147 0 2.2016 2.81556 6.623 4.93067 2.57363 1.40191 3.30045 3.91448 5.16637 6.52133 2.60884 2.64275 4.86694 2.36143 3.4752 4.28823 6.37931 4.96171 4.03534 3.95369 1.00492 2.71274 4.16457 4.7909 2.52262 4.04214 3.11618 3.38667 2.7046 5.61767 5.01276 6.5646 2.62149 3.63484 7.4459 6.07468 4.44974 3.36159 8.03652 5.10119 
3.18668 6.19233 1.42695 5.46734 2.06252 2.89809 2.56447 2.61509 5.58951 7.0904 4.5425 5.19154 4.24965 8.55203 5.2747 5.02628 6.87238 4.6339 5.91364 3.50281 8.44825 5.63684 5.8948 7.34983 2.33844 6.90715 5.4891 6.0694 5.91151 6.19727 4.94807 2.24099 6.31206 7.93021 3.21628 4.57969 3.08781 8.31908 4.30402 2.71089 0.574735 5.74179 5.45958 2.91217 0.897076 0.381809 2.97507 5.03818 6.52299 2.42395 2.45383 0.686681 3.96619 7.23007 4.80551 4.23994 7.90941 3.32665 7.76308 0.691009 2.2016 0 0.635549 6.81552 6.88031 3.26106 0.799731 5.32983 5.93138 7.36745 8.71804 3.60291 4.28021 7.06619 0.803123 3.18786 3.32167 8.52786 5.00659 5.85664 3.35649 1.30598 2.38475 6.34656 5.83818 0.529938 6.07612 5.26273 1.62837 3.41356 4.47333 6.3861 7.02807 4.62813 3.34212 8.37967 8.22286 4.69594 2.21973 9.43359 5.45791 
3.7816 6.34047 1.63426 5.49896 1.43653 3.4587 2.94104 2.05186 5.69371 7.16812 5.1332 5.304 3.88422 8.85566 5.89416 4.65334 7.50462 5.26282 6.46895 3.80351 9.07624 6.14238 6.01886 7.97962 2.46662 7.19435 5.41348 6.6488 6.19741 6.82998 4.69428 2.79509 6.64509 8.45377 2.68209 4.33859 3.66402 8.66372 4.93658 3.25266 0.357054 5.78412 5.62838 3.04276 0.346526 0.701506 3.55154 4.61977 7.14347 3.04169 2.30045 0.454964 4.04781 7.57363 4.6081 4.67365 8.2894 3.64686 8.35486 1.06439 2.81556 0.635549 0 6.81586 7.37817 3.7996 1.41887 5.96534 6.5666 7.98048 9.33677 3.93264 4.89965 7.66931 1.15056 3.54028 3.08704 9.16005 5.01269 6.48246 3.24919 1.87366 2.47458 6.93533 6.09931 0.420326 6.71156 5.89386 1.56928 3.68629 4.12344 6.72484 7.10216 5.1624 3.68323 8.56773 8.85502 4.77262 2.02378 9.74611 5.53886 
6.46791 1.62614 5.41564 1.36787 6.73614 8.75774 9.15673 6.09978 1.55434 0.906449 6.74209 1.894 4.20384 4.23713 7.7794 4.06 9.38068 8.97143 6.60839 3.99369 10.2335 5.6955 1.51427 9.54146 4.50155 3.22544 1.54895 7.15475 3.06304 8.96479 3.07735 5.99945 3.63072 7.0847 5.78001 3.18212 6.19674 4.61226 7.84769 5.83874 6.49023 1.13256 2.07961 9.72459 6.5637 6.43478 6.19213 4.50009 8.53617 6.7163 4.5588 7.25292 2.89247 4.04035 2.76488 4.67901 4.84956 4.19298 8.44084 7.48787 6.623 6.81552 6.81586 0 6.06797 9.17539 6.65605 8.89236 9.38577 8.81094 9.98479 4.09365 9.01839 8.30438 7.60027 9.77422 4.0239 10.5895 1.8095 9.94956 3.61182 6.26996 4.43669 7.50901 2.80809 6.46091 9.42486 8.27651 8.3698 3.92117 4.00601 3.71356 0.844455 5.85092 9.9397 2.81207 10.3547 2.19388 4.85739 4.95637 1.53141 
3.95951 4.44543 5.91031 5.41285 8.39409 6.53773 7.719 8.35618 4.79476 5.40287 2.86069 4.71287 8.00051 3.51682 3.18341 8.44062 4.01246 5.18403 1.43022 4.04497 4.35092 1.24672 4.64045 3.94858 5.51352 3.03324 6.30945 1.82912 3.02205 3.91732 7.51006 4.66372 2.44377 1.18317 8.54859 7.28308 3.92732 2.87482 4.10078 4.18758 7.0614 5.36456 4.21164 8.85288 7.40275 6.67871 4.03111 8.80036 3.14254 4.78872 6.51992 7.56699 5.09149 2.39343 7.04684 2.8027 2.19004 4.08559 2.43005 7.18287 4.93067 6.88031 7.37817 6.06797 0 6.80722 6.1496 4.49101 4.67475 3.0133 3.98174 3.82868 5.56339 2.53207 7.24941 8.11627 6.92421 4.76457 5.56626 5.52275 6.25596 5.58853 5.6252 2.01085 3.29027 6.98209 4.61858 3.77149 8.28955 4.24455 7.99629 2.36875 5.41662 2.30927 8.25402 4.78314 4.58693 5.02039 6.69592 4.01421 4.98938 
3.09949 8.09899 4.12131 7.82183 5.18771 0.421405 1.40124 5.85062 7.70571 9.18368 3.94653 7.31922 7.43535 9.57961 3.96293 8.20889 4.9051 2.22839 5.44126 5.2281 6.51447 5.68894 7.91508 5.43863 4.89087 8.15277 8.13074 5.28368 7.27174 4.28464 7.97378 3.1914 7.3893 7.51414 6.47034 7.59736 3.28583 9.13997 2.81688 3.44655 3.8357 8.0429 7.36152 2.59311 4.12503 3.52678 3.23461 8.26199 4.97284 2.52734 5.47352 3.50277 6.33278 8.15126 7.7403 5.11672 8.55693 5.02058 6.59062 2.75349 2.57363 3.26106 3.7996 9.17539 6.80722 0 2.84438 3.21012 3.65597 5.88099 7.0031 5.18132 1.70487 5.79192 2.68981 1.45413 6.38422 6.43482 7.47064 3.18392 6.21941 3.01014 5.00886 5.38895 7.32082 3.7884 3.82343 3.58556 3.15511 5.26925 7.63943 7.42425 9.13771 4.65039 1.54921 9.96732 6.14959 6.98857 5.31138 10.3573 7.6621 
2.39112 5.85836 1.31135 5.28927 2.80446 2.44143 2.50386 3.25643 5.31877 6.83197 3.74745 4.91789 4.59999 8.01564 4.47703 5.37072 6.09029 3.93287 5.13795 3.03618 7.65774 4.90306 5.59458 6.56217 2.1758 6.39974 5.44531 5.27865 5.41511 5.41682 5.1409 1.48654 5.75692 7.17559 3.80641 4.76489 2.30403 7.7385 3.52397 1.96248 1.24282 5.54544 5.11117 3.17206 1.61953 0.820092 2.19158 5.44223 5.7259 1.62509 2.63134 1.45787 3.76416 6.65642 4.9301 3.59189 7.29256 2.84102 6.96643 1.06437 1.40191 0.799731 1.41887 6.65605 6.1496 2.84438 0 4.57664 5.18387 6.56804 7.92022 3.09558 3.62084 6.26687 1.15145 3.127 3.54131 7.74536 4.87011 5.16439 3.41852 0.572019 2.26786 5.55138 5.37208 1.16761 5.32426 4.47818 2.17979 2.98663 4.79879 5.82383 6.77477 3.87241 3.2915 7.97722 7.44033 4.47822 2.46821 8.88354 5.21844 
2.70959 7.43953 5.35622 7.71196 7.37927 3.18116 4.55026 7.79815 7.34067 8.58344 2.17447 7.03601 8.67186 7.84758 1.32614 9.37162 1.70164 0.99125 3.0803 5.10388 3.32483 3.75324 7.40891 2.23334 5.69166 6.80759 8.33827 2.67804 6.19654 1.07738 8.79548 3.68408 6.0128 4.83134 8.29233 8.44529 2.98091 7.26832 1.16615 3.49971 5.81946 7.83602 6.82541 5.77792 6.1947 5.39296 3.04459 9.5669 1.85078 3.07218 6.64993 5.86752 6.52259 6.49715 8.42844 4.21514 6.60024 4.95161 3.52825 5.16635 3.30045 5.32983 5.96534 8.89236 4.49101 3.21012 4.57664 0 0.614061 2.72659 3.79299 4.93438 1.51671 2.73814 5.16224 4.66032 7.47091 3.29643 7.54884 1.09723 7.02969 4.29567 5.84164 2.61072 6.35851 5.74394 0.747644 0.727371 5.98594 5.25511 8.80248 6.00335 8.56163 3.11242 4.74258 8.73601 2.99857 6.95374 6.62934 8.46099 7.40354 
3.30567 7.90082 5.96946 8.23424 7.98452 3.67553 5.03016 8.41042 7.83949 9.04026 2.64372 7.5474 9.27714 8.11534 1.65521 9.9727 1.30042 1.44232 3.31551 5.65819 2.86611 4.07572 7.89022 1.82554 6.29362 7.16996 8.88485 2.8466 6.61614 0.849443 9.38244 4.29359 6.38413 4.86739 8.90622 9.03504 3.57293 7.51182 1.76982 4.09699 6.42648 8.3471 7.31045 6.24592 6.80051 6.00138 3.64091 10.1726 1.73202 3.68623 7.25882 6.45836 7.08307 6.80333 9.00935 4.70882 6.83383 5.51301 3.38026 5.74864 3.91448 5.93138 6.5666 9.38577 4.67475 3.65597 5.18387 0.614061 0 2.50668 3.40398 5.4812 1.95416 2.63053 5.74038 5.08679 8.07456 2.782 8.09037 0.889676 7.62417 4.90915 6.44381 2.70026 6.79271 6.35146 0.167515 1.11017 6.53728 5.81581 9.40495 6.36654 9.02185 3.5555 5.15556 9.09344 2.49408 7.49081 7.2411 8.68265 7.91346 
4.21765 7.1977 6.92943 7.91743 9.28699 5.78671 7.15273 9.51766 7.37804 8.25227 2.91559 7.19141 9.82598 6.48739 2.10725 10.4144 1.31466 3.70858 2.22225 5.79562 1.42646 3.12364 7.3109 1.01333 6.92436 5.99363 8.73146 1.7087 5.76962 1.68129 9.62791 5.26773 5.31267 2.69761 9.89039 9.33118 4.38326 5.82228 3.21639 4.88318 7.75098 7.94233 6.79225 8.38553 8.13251 7.31663 4.49017 10.702 0.91178 4.94376 7.98001 7.99929 7.15486 5.40291 9.19381 4.52974 5.14578 5.72906 0.918919 7.39137 5.16637 7.36745 7.98048 8.81094 3.0133 5.88099 6.56804 2.72659 2.50668 0 1.38695 5.57489 4.22651 0.507369 7.41555 7.33429 8.63629 1.78603 7.93334 3.36951 8.05213 6.12644 7.06783 1.33688 6.01094 7.66914 2.36939 2.31062 8.35778 5.99401 9.89142 5.25757 8.25475 3.34518 7.42849 7.79397 1.58048 7.33254 8.05619 6.86973 7.52451 
5.59071 8.35984 8.31433 9.17101 10.6588 6.95951 8.33171 10.9015 8.60477 9.36672 4.30113 8.44656 11.1973 7.25017 3.44334 11.7744 2.10924 4.77887 3.50849 7.15206 0.727157 4.3697 8.50733 1.5787 8.30823 7.01453 10.011 3.04088 6.92243 2.72112 10.968 6.64622 6.40206 3.28753 11.2772 10.6792 5.76381 6.5711 4.49059 6.26757 9.11599 9.1746 8.01501 9.56313 9.49823 8.68067 5.8697 12.0694 2.19641 6.29537 9.36475 9.33843 8.48889 6.34164 10.5279 5.86833 5.92876 7.09384 1.55356 8.70979 6.52133 8.71804 9.33677 9.98479 3.98174 7.0031 7.92022 3.79299 3.40398 1.38695 0 6.92922 5.30521 1.81532 8.7279 8.45243 10.012 1.15424 9.22061 4.14714 9.41995 7.49313 8.45113 2.67193 7.17721 9.03448 3.24097 3.54032 9.64327 7.35258 11.2573 6.33455 9.37628 4.70942 8.53181 8.70442 1.21848 8.62678 9.44277 7.48807 8.76679 
2.37963 2.91859 2.31033 2.81528 4.6914 4.77538 5.42188 4.55581 2.5629 4.00825 2.91545 2.19996 4.29455 4.94924 4.00261 4.84578 5.75631 4.90185 3.4607 0.226421 6.95714 2.75299 2.74129 6.0475 1.71197 3.31134 3.40452 3.88894 2.32128 5.22052 4.06165 2.00057 2.71506 5.00273 4.72068 3.75723 2.10529 4.73158 3.82416 1.76022 3.58042 2.97968 2.18056 6.25274 3.85689 3.29264 2.09849 5.15088 5.0241 2.66549 2.6918 4.24365 1.62457 3.64134 3.63969 1.08734 4.36841 0.288818 5.55599 4.13044 2.60884 3.60291 3.93264 4.09365 3.82868 5.18132 3.09558 4.93438 5.4812 5.57489 6.92922 0 4.92652 5.11455 4.22882 5.9972 3.14742 7.21904 2.61515 5.94357 2.5126 2.56549 1.81027 4.2573 2.27938 3.51241 5.54835 4.40142 5.21289 0.431733 4.3369 2.79306 3.96506 2.23282 6.16161 4.9102 6.94117 2.02566 2.87753 5.8312 2.56298 
2.55146 7.72243 4.66344 7.73218 6.33617 1.73359 3.07706 6.86893 7.47664 8.8584 2.80581 7.12448 8.07795 8.67145 2.46931 8.82281 3.2025 0.526423 4.13906 5.04324 4.80961 4.59334 7.61564 3.73622 5.21356 7.4204 8.21909 3.86809 6.65829 2.59408 8.39542 3.20055 6.62412 6.10459 7.42722 8.02662 2.82172 8.15493 1.47617 3.21867 4.8243 7.90588 7.03297 4.29194 5.17592 4.42936 2.83056 8.95542 3.33039 2.46299 6.03614 4.71784 6.36637 7.26127 8.084 4.50746 7.52078 4.85512 4.98718 3.97449 2.64275 4.28021 4.89965 9.01839 5.56339 1.70487 3.62084 1.51671 1.95416 4.22651 5.30521 4.92652 0 4.18771 3.94756 3.14792 6.92089 4.7358 7.47468 1.60228 6.59553 3.50699 5.35536 3.90168 6.76722 4.75775 2.12134 1.98968 4.65318 5.14736 8.24453 6.63732 8.82445 3.68743 3.22696 9.32267 4.44815 6.91899 5.951 9.37336 7.48897 
3.88937 6.69056 6.55537 7.4187 8.94694 5.66277 7.01469 9.14552 6.87523 7.74513 2.55308 6.69268 9.38306 6.02728 1.88519 9.95926 1.5969 3.68611 1.72434 5.33711 1.93042 2.62013 6.8053 1.42711 6.50715 5.49349 8.23843 1.22877 5.26226 1.78109 9.15833 4.92048 4.80744 2.33152 9.49886 8.86663 4.0335 5.36777 3.04028 4.5163 7.42608 7.44039 6.28878 8.24255 7.8056 6.99438 4.1431 10.2543 0.902434 4.65088 7.56546 7.71184 6.68138 4.91448 8.72084 4.05779 4.68738 5.27867 0.800302 7.13034 4.86694 7.06619 7.66931 8.30438 2.53207 5.79192 6.26687 2.73814 2.63053 0.507369 1.81532 5.11455 4.18771 0 7.1611 7.2372 8.19981 2.29299 7.44206 3.51724 7.605 5.80271 6.64858 0.857786 5.50376 7.34383 2.51452 2.21005 8.12728 5.53741 9.4421 4.75323 7.74748 2.89465 7.34047 7.30523 2.08166 6.84302 7.65279 6.43987 7.02382 
3.37865 6.92173 2.1891 6.24608 2.49829 2.37998 1.80171 3.18939 6.34196 7.84946 4.71463 5.94206 4.99848 9.16199 5.30843 5.77264 6.78624 4.3632 6.1698 4.15505 8.39612 6.00364 6.63724 7.28757 3.10635 7.53879 6.28903 6.25705 6.55008 6.1102 5.73769 2.59764 6.90521 8.24201 3.82835 5.37156 3.34471 8.88971 4.24369 3.07083 1.29496 6.51661 6.1812 2.12524 1.49438 1.18188 3.23555 5.75771 6.53708 2.54876 3.25398 0.812965 4.73481 7.80706 5.60471 4.74035 8.44289 3.966 7.89588 0.112896 2.36143 0.803123 1.15056 7.60027 7.24941 2.68981 1.15145 5.16224 5.74038 7.41555 8.7279 4.22882 3.94756 7.1611 0 2.4139 4.11237 8.43251 5.79321 5.54923 4.15959 1.71969 3.16383 6.50111 6.49708 1.27943 5.89498 5.20552 1.04157 4.08855 5.22994 6.97309 7.78869 4.95125 2.56335 9.07906 8.12934 5.46268 3.01324 10.0323 6.22018 
4.24387 8.8822 4.41884 8.40638 4.73186 1.60094 0.629561 5.50957 8.39626 9.90567 5.2718 7.99754 7.41174 10.6773 5.39164 8.18517 6.35027 3.67393 6.7924 5.99478 7.95164 6.94877 8.6495 6.884 5.30244 9.16608 8.56752 6.67748 8.23165 5.7363 8.13465 4.02402 8.43803 8.88886 6.16583 7.76495 4.37168 10.2879 4.23385 4.3895 3.7087 8.65615 8.13257 1.2584 3.88669 3.54424 4.29622 8.16003 6.42539 3.51512 5.62905 3.13058 6.88216 9.25819 7.9778 6.14995 9.74045 5.78737 8.03444 2.51737 3.4752 3.18786 3.54028 9.77422 8.11627 1.45413 3.127 4.66032 5.08679 7.33429 8.45243 5.9972 3.14792 7.2372 2.4139 0 6.50835 7.85513 7.99559 4.54486 6.49612 3.51571 5.39092 6.80476 8.24186 3.69052 5.25422 5.03498 2.3583 5.99035 7.64382 8.48497 9.85206 5.88 0.165888 10.8945 7.57482 7.58727 5.40571 11.4919 8.31354 
4.77379 4.09137 2.28607 2.89631 2.72026 5.97689 5.88271 2.08898 3.34182 4.59094 5.80112 3.04373 1.20842 7.10003 6.8448 1.90864 8.62732 7.10395 6.59272 2.92149 9.97281 5.89851 3.70716 8.98897 1.78286 5.48744 2.49787 6.98917 4.60413 8.01927 1.62641 3.79999 5.23909 8.10688 1.88926 1.2593 4.51624 7.13121 6.30563 3.98386 2.83443 3.18945 3.56109 6.12927 2.77222 2.96588 4.43968 2.10359 7.99329 4.48852 0.910909 3.54168 1.96923 6.12297 1.52619 4.23406 6.98038 2.9399 8.68709 4.00359 4.28823 3.32167 3.08704 4.0239 6.92421 6.38422 3.54131 7.47091 8.07456 8.63629 10.012 3.14742 6.92089 8.19981 4.11237 6.50835 0 10.1896 2.37923 8.30542 0.683969 3.44915 1.6324 7.34991 4.39546 2.83769 8.1793 7.10754 4.6402 2.71611 1.33377 5.33989 4.51675 5.30772 6.66347 6.31559 9.8981 2.46082 1.10275 7.9852 3.11495 
5.54459 8.97975 8.31338 9.6669 10.5381 6.4554 7.81216 10.8663 9.14211 10.0381 4.38846 8.94174 11.3932 8.17662 3.37115 12.0182 1.65548 4.22321 3.98532 7.43294 0.460383 4.89542 9.08554 1.20787 8.43376 7.77035 10.4609 3.4491 7.554 2.33121 11.2799 6.60936 7.09752 4.25762 11.2965 10.9682 5.75909 7.50214 4.22388 6.28822 8.976 9.70288 8.5591 9.02665 9.35778 8.54108 5.85524 12.281 2.20112 6.14683 9.47163 9.10584 8.82736 7.15777 10.8578 6.21375 6.8386 7.34447 2.40544 8.42905 6.37931 8.52786 9.16005 10.5895 4.76457 6.43482 7.74536 3.29643 2.782 1.78603 1.15424 7.21904 4.7358 2.29299 8.43251 7.85513 10.1896 0 9.65842 3.36728 9.64111 7.38002 8.58172 3.08591 7.79351 8.89675 2.61521 3.26741 9.28007 7.6244 11.4785 7.04132 10.0403 4.99393 7.91649 9.5457 0.305036 9.05326 9.51367 8.4841 9.28107 
4.96019 1.78214 3.61225 0.519038 5.02464 7.04996 7.37392 4.46192 1.03893 2.22735 5.49035 0.894274 2.91967 4.88594 6.57182 3.0865 8.28588 7.49141 5.7196 2.4574 9.35258 4.85386 1.39256 8.52811 2.70232 3.39062 0.805371 6.22589 2.70539 7.78826 2.05928 4.34371 3.38567 6.71008 4.24485 1.95138 4.67987 5.02998 6.43708 4.25629 4.68383 0.814504 1.46368 7.9167 4.76853 4.62566 4.65508 3.50687 7.50094 5.08172 2.78347 5.4469 1.13806 4.13771 1.60216 3.4673 5.02011 2.63047 7.73614 5.68067 4.96171 5.00659 5.01269 1.8095 5.56626 7.47064 4.87011 7.54884 8.09037 7.93334 9.22061 2.61515 7.47468 7.44206 5.79321 7.99559 2.37923 9.65842 0 8.55636 1.86035 4.51256 2.63134 6.59684 2.44334 4.6532 8.15274 7.00169 6.56241 2.33179 2.80143 3.48813 2.15494 4.69916 8.16052 3.94862 9.39641 0.608261 3.08468 5.74318 0.789681 
3.63082 8.51822 6.10631 8.74378 7.91795 3.29777 4.58511 8.42081 8.39566 9.66325 3.26271 8.08046 9.49056 8.9237 2.40522 10.214 2.10285 1.23291 4.13539 6.10037 3.54013 4.842 8.47649 2.59454 6.54666 7.90437 9.33625 3.69466 7.28993 1.73728 9.69977 4.50903 7.1099 5.75405 8.95875 9.34086 3.9112 8.33426 2.11945 4.40118 6.38864 8.87929 7.8914 5.75945 6.74833 5.98182 3.9579 10.3798 2.6208 3.82356 7.44966 6.31496 7.50158 7.5846 9.35281 5.28168 7.66117 5.93643 4.25745 5.57469 4.03534 5.85664 6.48246 9.94956 5.52275 3.18392 5.16439 1.09723 0.889676 3.36951 4.14714 5.94357 1.60228 3.51724 5.54923 4.54486 8.30542 3.36728 8.55636 0 7.91244 4.98177 6.69438 3.57262 7.44834 6.31911 1.00508 1.81074 6.2427 6.23948 9.63873 7.10006 9.63985 4.20437 4.59122 9.83271 3.10916 7.96908 7.39633 9.51751 8.44868 
4.32014 3.48866 2.10891 2.37664 3.1655 5.80276 5.86656 2.64327 2.74999 4.08656 5.26045 2.42417 1.78245 6.45029 6.32319 2.37875 8.10622 6.7354 5.97175 2.28627 9.40808 5.25246 3.11233 8.44762 1.38212 4.82451 2.16495 6.38605 3.92809 7.51585 1.79991 3.41267 4.55836 7.43909 2.53368 1.43234 4.05126 6.46336 5.86448 3.53033 2.94723 2.67239 2.91777 6.24802 2.97337 2.97919 3.9851 2.64988 7.44043 4.13534 0.954285 3.69843 1.2921 5.44698 1.52142 3.59902 6.30117 2.32683 8.06741 4.04729 3.95369 3.35649 3.24919 3.61182 6.25596 6.21941 3.41852 7.02969 7.62417 8.05213 9.41995 2.5126 6.59553 7.605 4.15959 6.49612 0.683969 9.64111 1.86035 7.91244 0 3.21908 1.24261 6.75076 3.72454 2.93124 7.72024 6.62235 4.81785 2.0815 1.84011 4.65886 4.01463 4.71053 6.6565 5.7358 9.35371 1.83664 1.24843 7.33974 2.53785 
1.91343 5.38573 1.16578 4.90287 3.16902 2.5906 2.91073 3.50762 4.88121 6.39187 3.26076 4.48211 4.57974 7.46143 4.0599 5.33413 5.73102 3.75238 4.60855 2.52472 7.26673 4.34275 5.13997 6.18394 1.8812 5.8557 5.13784 4.77567 4.87685 5.0652 4.99557 0.935222 5.20039 6.62696 3.99877 4.61999 1.79075 7.1746 3.18865 1.40721 1.62476 5.14643 4.63598 3.68734 2.00607 1.19172 1.67817 5.45137 5.30832 1.23777 2.54749 1.98872 3.38427 6.09462 4.74017 3.02101 6.72323 2.32348 6.4819 1.63533 1.00492 1.30598 1.87366 6.26996 5.58853 3.01014 0.572019 4.29567 4.90915 6.12644 7.49313 2.56549 3.50699 5.80271 1.71969 3.51571 3.44915 7.38002 4.51256 4.98177 3.21908 0 1.99895 5.06195 4.84481 1.5428 5.03995 4.11969 2.75152 2.49533 4.75614 5.26546 6.33757 3.32379 3.6816 7.46773 7.07563 4.07801 2.4454 8.32541 4.79839 
3.14155 3.86628 0.981707 3.08335 2.93736 4.58953 4.76459 2.74591 3.22469 4.71382 4.19663 2.83198 2.83935 6.49495 5.22507 3.53022 7.00514 5.50616 5.10433 1.61035 8.37907 4.49881 3.54529 7.3776 0.15046 4.82511 3.17757 5.45852 3.84146 6.39121 3.04153 2.18582 4.36886 6.79075 2.93238 2.67146 2.88406 6.37748 4.67579 2.35146 2.12491 3.35704 3.16004 5.28871 2.29395 2.00676 2.80731 3.7352 6.39231 2.89826 0.922359 2.87948 1.58596 5.301 2.7536 2.83322 6.08888 1.54121 7.1819 3.05155 2.71274 2.38475 2.47458 4.43669 5.6252 5.00886 2.26786 5.84164 6.44381 7.06783 8.45113 1.81027 5.35536 6.64858 3.16383 5.39092 1.6324 8.58172 2.63134 6.69438 1.24261 1.99895 0 5.80987 3.7076 2.08062 6.54749 5.47621 3.97532 1.43063 2.96115 4.45914 4.65009 3.78083 5.55461 6.10062 8.28772 2.31571 1.07071 7.39264 3.08062 
3.16029 5.9065 5.75559 6.58665 8.17703 5.20703 6.52183 8.34299 6.05634 6.98395 1.80408 5.86085 8.53004 5.51659 1.43809 9.10249 2.02804 3.44585 0.900678 4.48015 2.75742 1.81386 6.002 2.05945 5.67003 4.80928 7.39553 0.372282 4.49187 1.91254 8.3008 4.15697 4.08468 2.22416 8.67877 8.00885 3.27458 4.88341 2.57321 3.73268 6.67684 6.61785 5.4732 7.73314 7.05287 6.24975 3.3864 9.39939 1.14411 3.9598 6.72918 7.00661 5.82443 4.30037 7.86387 3.20032 4.19903 4.424 1.42129 6.4618 4.16457 6.34656 6.93533 7.50901 2.01085 5.38895 5.55138 2.61072 2.70026 1.33688 2.67193 4.2573 3.90168 0.857786 6.50111 6.80476 7.34991 3.08591 6.59684 3.57262 6.75076 5.06195 5.80987 0 4.72329 6.59438 2.62925 1.94129 7.49444 4.68083 8.58684 4.04013 6.98226 2.04231 6.92111 6.67397 2.84574 5.99573 6.82482 6.02199 6.1973 
4.29019 1.18699 4.46808 2.17983 6.61979 6.93263 7.68065 6.28239 1.53234 2.27391 4.18566 1.54907 5.23758 2.78957 5.14562 5.50734 6.64666 6.61352 3.82528 2.34242 7.4305 2.91207 1.35023 6.7718 3.67308 1.12247 3.10121 4.37742 0.273354 6.28386 4.49572 4.2183 0.945534 4.36877 6.25336 4.34877 4.06164 2.73992 5.42964 3.88488 5.74229 2.09137 0.984839 8.53211 5.97021 5.50485 4.09804 5.91436 5.78327 4.80026 4.36643 6.44979 2.43386 1.73746 4.03281 2.26248 2.61197 2.53203 5.63532 6.39628 4.7909 5.83818 6.09931 2.80809 3.29027 7.32082 5.37208 6.35851 6.79271 6.01094 7.17721 2.27938 6.76722 5.50376 6.49708 8.24186 4.39546 7.79351 2.44334 7.44834 3.72454 4.84481 3.7076 4.72329 0 5.68246 6.8101 5.68877 7.46208 2.42535 5.16365 1.04697 2.26633 3.24652 8.40476 2.65518 7.56513 2.02327 4.63386 3.6879 1.75217 
3.45537 5.94175 1.2154 5.1315 1.64205 3.42108 3.07245 2.11352 5.30493 6.78813 4.79752 4.9126 3.72941 8.43629 5.5976 4.50541 7.24316 5.09014 6.10163 3.38336 8.79682 5.75029 5.62543 7.70734 2.06382 6.77571 5.08709 6.29942 5.77863 6.57188 4.46116 2.43977 6.22477 8.06728 2.69892 4.09686 3.31985 8.24341 4.68156 2.88602 0.0824687 5.41355 5.22472 3.31855 0.463808 0.355782 3.20821 4.5105 6.84696 2.75352 1.99965 0.799504 3.66228 7.15333 4.34105 4.26311 7.87036 3.22655 8.01548 1.17355 2.52262 0.529938 0.420326 6.46091 6.98209 3.7884 1.16761 5.74394 6.35146 7.66914 9.03448 3.51241 4.75775 7.34383 1.27943 3.69052 2.83769 8.89675 4.6532 6.31911 2.93124 1.5428 2.08062 6.59438 5.68246 0 6.49157 5.62987 1.90924 3.26722 3.9567 6.30452 6.72318 4.7849 3.84158 8.16221 8.59185 4.39002 1.74423 9.3264 5.15624 
3.40646 7.92756 6.09028 8.28701 8.12666 3.84142 5.197 8.54412 7.88184 9.06446 2.68564 7.59556 9.38352 8.07707 1.66459 10.0743 1.14147 1.60838 3.27878 5.72912 2.69903 4.06112 7.92508 1.66322 6.39715 7.16189 8.9495 2.7948 6.6284 0.74049 9.47196 4.40731 6.37999 4.77422 9.03466 9.1268 3.67009 7.46719 1.88157 4.19766 6.56707 8.39459 7.34731 6.41319 6.94217 6.1406 3.74135 10.2793 1.62262 3.81266 7.37039 6.60862 7.15631 6.77791 9.09458 4.75267 6.78719 5.58802 3.25266 5.90197 4.04214 6.07612 6.71156 9.42486 4.61858 3.82343 5.32426 0.747644 0.167515 2.36939 3.24097 5.54835 2.12134 2.51452 5.89498 5.25422 8.1793 2.61521 8.15274 1.00508 7.72024 5.03995 6.54749 2.62925 6.8101 6.49157 0 1.15341 6.69791 5.89013 9.50812 6.35973 9.04741 3.58302 5.32277 9.08208 2.32681 7.55126 7.35773 8.63086 7.9607 
2.34715 6.79163 5.09718 7.1336 7.27156 3.47678 4.84212 7.61877 6.73138 7.93185 1.53462 6.44276 8.31539 7.12093 0.598793 8.98946 1.61332 1.51052 2.35536 4.58584 3.19416 3.03139 6.78012 2.08931 5.32583 6.10004 7.79961 1.97141 5.51689 0.945927 8.35591 3.39206 5.30819 4.16417 8.07243 8.01615 2.59343 6.54096 0.963907 3.12831 5.70895 7.242 6.20059 6.07498 6.09056 5.2743 2.67595 9.21105 1.39888 2.88331 6.32691 5.85141 6.01471 5.77451 7.9701 3.60117 5.87315 4.45001 3.01021 5.19381 3.11618 5.26273 5.89386 8.27651 3.77149 3.58556 4.47818 0.727371 1.11017 2.31062 3.54032 4.40142 1.98968 2.21005 5.20552 5.03498 7.10754 3.26741 7.00169 1.81074 6.62235 4.11969 5.47621 1.94129 5.68877 5.62987 1.15341 0 6.1045 4.75085 8.4289 5.29557 7.91294 2.44711 5.13475 8.02757 2.96241 6.3994 6.33695 7.7342 6.80817 
4.40016 7.81361 3.04522 7.03992 2.43496 2.95312 1.89215 3.25678 7.1971 8.68899 5.72208 6.80147 5.3464 10.1594 6.2566 6.09681 7.65127 5.11632 7.19421 5.12264 9.27403 7.04417 7.50946 8.16514 3.94379 8.52304 6.98142 7.26259 7.52932 6.98049 6.22932 3.63905 7.90954 9.2746 3.91712 5.88146 4.37833 9.90473 5.15389 4.11241 1.88026 7.32094 7.08419 1.53828 1.86831 1.98445 4.27016 6.00748 7.46591 3.56361 3.86972 1.12016 5.56113 8.81898 6.16543 5.77137 9.46961 4.94159 8.87599 1.11705 3.38667 1.62837 1.56928 8.3698 8.28955 3.15511 2.17979 5.98594 6.53728 8.35778 9.64327 5.21289 4.65318 8.12728 1.04157 2.3583 4.6402 9.28007 6.56241 6.2427 4.81785 2.75152 3.97532 7.49444 7.46208 1.90924 6.69791 6.1045 0 5.03919 5.59682 7.98021 8.62496 5.98903 2.46447 10.0076 8.97997 6.29056 3.59152 11.0358 7.05589 
2.62926 2.89307 2.05203 2.59479 4.35075 4.85522 5.39733 4.17163 2.43744 3.92952 3.29147 2.05008 3.86374 5.16952 4.3766 4.42187 6.14216 5.16023 3.89069 0.20543 7.36972 3.18313 2.66484 6.4464 1.3493 3.50883 3.0985 4.31355 2.51158 5.5916 3.65701 2.08155 2.97892 5.42179 4.31205 3.3445 2.34856 4.99859 4.12356 1.93347 3.33004 2.79107 2.1431 6.15869 3.58003 3.07993 2.32349 4.72243 5.42608 2.79543 2.28495 4.02644 1.26764 3.91249 3.24431 1.51907 4.67608 0.303603 5.98624 3.98517 2.7046 3.41356 3.68629 3.92117 4.24455 5.26925 2.98663 5.25511 5.81581 5.99401 7.35258 0.431733 5.14736 5.53741 4.08855 5.99035 2.71611 7.6244 2.33179 6.23948 2.0815 2.49533 1.43063 4.68083 2.42535 3.26722 5.89013 4.75085 5.03919 0 3.90874 3.06432 3.87986 2.64916 6.15592 4.99289 7.34398 1.77287 2.48528 6.06097 2.39668 
6.10173 4.57522 3.59044 3.24535 3.34375 7.23996 7.02865 2.52521 3.83993 4.76104 7.09425 3.65287 0.262778 7.68599 8.15015 0.578372 9.93373 8.4354 7.79691 4.11167 11.2479 7.05125 4.18829 10.2829 3.11134 6.17627 2.5061 8.22088 5.40603 9.3341 0.941637 5.13375 6.07671 9.17655 1.9932 0.862219 5.84129 7.82336 7.6368 5.31082 3.93542 3.49876 4.22203 7.12784 3.78244 4.14727 5.76705 0.814206 9.27837 5.82011 2.20997 4.56282 2.90632 6.89423 1.26555 5.41778 7.77365 4.16356 9.89131 5.12727 5.61767 4.47333 4.12344 4.00601 7.99629 7.63943 4.79879 8.80248 9.40495 9.89142 11.2573 4.3369 8.24453 9.4421 5.22994 7.64382 1.33377 11.4785 2.80143 9.63873 1.84011 4.75614 2.96115 8.58684 5.16365 3.9567 9.50812 8.4289 5.59682 3.90874 0 6.17996 4.68511 6.5484 7.79238 6.64029 11.19 3.14053 2.33181 8.53696 3.58973 
4.32577 2.10539 5.09733 3.22197 7.39648 7.06383 7.96385 7.13501 2.56906 3.0351 3.89029 2.59409 6.24165 2.20354 4.71527 6.54031 6.04035 6.40696 3.17562 2.92657 6.65209 2.30724 2.34961 6.09726 4.39844 0.804473 4.14489 3.72699 0.783044 5.76265 5.53574 4.50785 0.103335 3.37663 7.16174 5.37781 4.14483 1.93892 5.21215 4.10218 6.37167 3.11671 2.03181 8.91617 6.63842 6.08401 4.2068 6.94199 5.15705 4.97328 5.2091 7.0347 3.37187 0.849312 5.0715 2.33503 1.64792 3.078 4.78127 6.88033 5.01276 6.3861 6.72484 3.71356 2.36875 7.42425 5.82383 6.00335 6.36654 5.25757 6.33455 2.79306 6.63732 4.75323 6.97309 8.48497 5.33989 7.04132 3.48813 7.10006 4.65886 5.26546 4.45914 4.04013 1.04697 6.30452 6.35973 5.29557 7.98021 3.06432 6.17996 0 3.048 2.96056 8.64291 2.73266 6.83456 3.04414 5.45629 3.05999 2.79534 
6.28144 1.12211 5.60387 1.63808 7.17953 8.7272 9.24782 6.60536 1.45693 0.0760808 6.38958 1.85732 4.86147 3.39366 7.38601 4.79883 8.91275 8.7296 6.08686 3.90973 9.66667 5.17513 1.22384 9.03501 4.68963 2.47156 2.17911 6.64032 2.49039 8.54098 3.7833 5.94671 2.97595 6.38105 6.34802 3.83471 6.02261 3.78291 7.57152 5.72371 6.76162 1.34254 1.7951 9.90938 6.87907 6.6536 6.03326 5.24085 8.0494 6.63013 4.92602 7.52249 3.06416 3.2738 3.42148 4.36562 4.0527 4.11758 7.82434 7.67809 6.5646 7.02807 7.10216 0.844455 5.41662 9.13771 6.77477 8.56163 9.02185 8.25475 9.37628 3.96506 8.82445 7.74748 7.78869 9.85206 4.51675 10.0403 2.15494 9.63985 4.01463 6.33757 4.65009 6.98226 2.26633 6.72318 9.04741 7.91294 8.62496 3.87986 4.68511 3.048 0 5.46636 10.0179 1.9996 9.81829 2.33443 5.22745 4.11473 1.5702 
1.6611 4.34553 3.81949 4.7671 6.293 4.33838 5.44761 6.38047 4.31865 5.48486 0.944604 4.0564 6.48848 4.99592 1.92877 7.06932 3.58816 3.44664 1.344 2.45179 4.72472 1.0808 4.34539 3.83743 3.64415 3.75465 5.50453 1.68242 3.08582 3.12086 6.29303 2.38922 2.95488 3.30361 6.67825 5.98996 1.61824 4.51054 2.25161 1.91723 4.86638 4.8485 3.77135 6.5572 5.22646 4.46134 1.72285 7.36008 2.80991 2.48171 4.70266 5.31239 3.83346 3.57773 5.86608 1.23199 3.90999 2.3849 3.40131 4.8885 2.62149 4.62813 5.1624 5.85092 2.30927 4.65039 3.87241 3.11242 3.5555 3.34518 4.70942 2.23282 3.68743 2.89465 4.95125 5.88 5.30772 4.99393 4.69916 4.20437 4.71053 3.32379 3.78083 2.04231 3.24652 4.7849 3.58302 2.44711 5.98903 2.64916 6.5484 2.96056 5.46636 0 6.02507 5.6755 4.72075 4.09094 4.81345 5.73178 4.41541 
4.39343 9.04763 4.58174 8.57187 4.85564 1.72636 0.790998 5.64009 8.56214 10.0715 5.40545 8.16342 7.55909 10.834 5.50299 8.33177 6.42663 3.75338 6.92324 6.1599 8.02162 7.0917 8.81526 6.96024 5.46669 9.32627 8.73086 6.79977 8.39344 5.81967 8.28987 4.18665 8.59651 9.01614 6.29759 7.92069 4.52508 10.4415 4.34843 4.54936 3.85827 8.82183 8.29804 1.27468 4.02936 3.70076 4.4508 8.30227 6.5212 3.67152 5.78637 3.26854 7.04757 9.414 8.13596 6.30798 9.89139 5.95243 8.13877 2.66804 3.63484 3.34212 3.68323 9.9397 8.25402 1.54921 3.2915 4.74258 5.15556 7.42849 8.53181 6.16161 3.22696 7.34047 2.56335 0.165888 6.66347 7.91649 8.16052 4.59122 6.6565 3.6816 5.55461 6.92111 8.40476 3.84158 5.32277 5.13475 2.46447 6.15592 7.79238 8.64291 10.0179 6.02507 0 11.0577 7.63862 7.75295 5.56103 11.6466 8.4794 
6.90911 2.25967 6.96878 3.44453 8.86579 9.58293 10.3285 8.37728 2.98589 1.92741 6.61345 3.33098 6.80049 1.71023 7.44514 6.78607 8.69894 9.11847 5.85156 4.94408 9.12575 5.0212 2.62511 8.7024 6.10115 1.9285 4.14374 6.39034 2.69744 8.46655 5.75989 6.87216 2.72578 5.46597 8.19223 5.78083 6.69336 2.30622 7.92306 6.53856 8.21349 3.16523 2.9406 11.1482 8.39372 8.02684 6.73632 7.22787 7.8125 7.45203 6.56966 8.95189 4.58314 2.3911 5.37535 4.86846 2.83145 5.14426 7.17716 8.97443 7.4459 8.37967 8.56773 2.81207 4.78314 9.96732 7.97722 8.73601 9.09344 7.79397 8.70442 4.9102 9.32267 7.30523 9.07906 10.8945 6.31559 9.5457 3.94862 9.83271 5.7358 7.46773 6.10062 6.67397 2.65518 8.16221 9.08208 8.02757 10.0076 4.99289 6.64029 2.73266 1.9996 5.6755 11.0577 0 9.3699 3.91214 6.86431 2.22306 3.20258 
5.2431 8.75 8.01204 9.41377 10.2332 6.16359 7.52298 10.5631 8.8966 9.81771 4.09731 8.68941 11.1026 8.03178 3.07231 11.7316 1.35048 3.93297 3.74641 7.15377 0.495026 4.65929 8.84751 0.910295 8.1395 7.57391 10.1999 3.20349 7.32927 2.02638 11.0006 6.30745 6.88796 4.14549 10.9951 10.6865 5.45929 7.36051 3.91889 5.98922 8.67108 9.4551 8.31564 8.74 9.05283 8.23619 5.55487 11.9914 1.91791 5.84217 9.17547 8.80131 8.55307 6.97933 10.5808 5.94462 6.69103 7.06219 2.28197 8.12545 6.07468 8.22286 8.85502 10.3547 4.58693 6.14959 7.44033 2.99857 2.49408 1.58048 1.21848 6.94117 4.44815 2.08166 8.12934 7.57482 9.8981 0.305036 9.39641 3.10916 9.35371 7.07563 8.28772 2.84574 7.56513 8.59185 2.32681 2.96241 8.97997 7.34398 11.19 6.83456 9.81829 4.72075 7.63862 9.3699 0 8.7903 9.21533 8.36722 9.03144 
4.38937 1.65595 3.27452 0.833321 4.95509 6.5698 6.97278 4.47834 0.936697 2.39854 4.88492 0.587542 3.21683 4.64552 5.96532 3.49899 7.67763 6.91913 5.12226 1.88093 8.75015 4.26468 1.28863 7.92069 2.3582 3.06257 1.41362 5.62435 2.26669 7.1813 2.512 3.82728 2.94081 6.17747 4.34932 2.33448 4.11057 4.71426 5.84974 3.70627 4.4297 1.06889 1.1094 7.58648 4.55923 4.32032 4.09137 3.89789 6.8934 4.55616 2.66174 5.1895 0.729991 3.75665 2.04565 2.85905 4.6344 2.0641 7.15094 5.35145 4.44974 4.69594 4.77262 2.19388 5.02039 6.98857 4.47822 6.95374 7.49081 7.33254 8.62678 2.02566 6.91899 6.84302 5.46268 7.58727 2.46082 9.05326 0.608261 7.96908 1.83664 4.07801 2.31571 5.99573 2.02327 4.39002 7.55126 6.3994 6.29056 1.77287 3.14053 3.04414 2.33443 4.09094 7.75295 3.91214 8.7903 0 2.95911 5.52689 0.766346 
3.99148 4.60466 1.29116 3.59316 2.00685 4.90963 4.77995 1.68927 3.89524 5.29763 5.15505 3.53407 2.14089 7.41829 6.14303 2.90597 7.90666 6.17577 6.14758 2.67246 9.33469 5.56462 4.24662 8.30594 1.18748 5.7561 3.40773 6.48062 4.7956 7.2711 2.72894 2.95224 5.36224 7.86096 1.86955 2.35996 3.75947 7.34927 5.47642 3.22685 1.74701 3.88692 3.95993 5.05404 1.73247 1.86327 3.6683 3.00613 7.34352 3.57798 0.301478 2.47766 2.2869 6.28725 2.59699 3.90246 7.09852 2.61145 8.21229 2.90376 3.36159 2.21973 2.02378 4.85739 6.69592 5.31138 2.46821 6.62934 7.2411 8.05619 9.44277 2.87753 5.951 7.65279 3.01324 5.40571 1.10275 9.51367 3.08468 7.39633 1.24843 2.4454 1.07071 6.82482 4.63386 1.74423 7.35773 6.33695 3.59152 2.48528 2.33181 5.45629 5.22745 4.81345 5.56103 6.86431 9.21533 2.95911 0 8.31613 3.70529 
7.27199 3.96251 8.11221 5.29376 10.3071 10.0197 10.9902 9.94672 4.70624 4.05024 6.56818 4.95167 8.66279 0.898373 7.13639 8.76116 7.9932 9.05894 5.38334 5.9446 8.03291 4.78186 4.35101 7.86366 7.35263 2.56759 6.11817 5.83681 3.55621 7.93135 7.71923 7.55508 3.12713 4.22648 9.87014 7.67777 7.12263 1.2214 7.90024 7.13493 9.39035 5.05437 4.42446 11.9686 9.63707 9.1219 7.19581 9.19744 7.14077 7.97816 8.04331 10.0727 6.07217 2.24124 7.29596 5.36428 1.86286 6.11058 6.08588 9.93886 8.03652 9.43359 9.74611 4.95637 4.01421 10.3573 8.88354 8.46099 8.68265 6.86973 7.48807 5.8312 9.37336 6.43987 10.0323 11.4919 7.9852 8.4841 5.74318 9.51751 7.33974 8.32541 7.39264 6.02199 3.6879 9.3264 8.63086 7.7342 11.0358 6.06097 8.53696 3.05999 4.11473 5.73178 11.6466 2.22306 8.36722 5.52689 8.31613 0 4.95375 
4.9396 0.994743 4.03415 0.428041 5.68926 7.24628 7.70361 5.17592 0.251033 1.63326 5.2754 0.368305 3.70928 4.09661 6.33371 3.85836 7.98828 7.45012 5.30254 2.46311 8.95068 4.406 0.604626 8.18795 3.11948 2.62356 1.34955 5.83205 2.02384 7.53581 2.82182 4.47796 2.69533 6.10145 4.99754 2.7364 4.66727 4.25248 6.33855 4.30786 5.19604 0.433977 0.779746 8.34225 5.32365 5.08342 4.66138 4.28409 7.16821 5.18924 3.40558 5.95573 1.49477 3.39108 2.37425 3.2092 4.27152 2.6636 7.25135 6.10936 5.10119 5.45791 5.53886 1.53141 4.98938 7.6621 5.21844 7.40354 7.91346 7.52451 8.76679 2.56298 7.48897 7.02382 6.22018 8.31354 3.11495 9.28107 0.789681 8.44868 2.53785 4.79839 3.08062 6.1973 1.75217 5.15624 7.9607 6.80817 7.05589 2.39668 3.58973 2.79534 1.5702 4.41541 8.4794 3.20258 9.03144 0.766346 3.70529 4.95375 0 
