Thế hệ thứ: 0
13 2.48827e+06
15 2.5827e+06
5 1.73534e+06
11 1.88608e+06
Thế hệ thứ: 1
5 1.73534e+06
15 2.4266e+06
13 1.86375e+06
14 2.42553e+06
Thế hệ thứ: 2
13 1.86375e+06
5 1.73534e+06
14 2.42553e+06
15 2.4266e+06
16 2.97982e+06
Thế hệ thứ: 3
15 2.4266e+06
16 2.59885e+06
13 1.67723e+06
14 2.08918e+06
Thế hệ thứ: 4
13 1.67723e+06
14 2.08918e+06
16 2.59885e+06
15 2.4266e+06
Thế hệ thứ: 5
13 1.67723e+06
14 2.08918e+06
16 2.59885e+06
15 2.4266e+06
Thế hệ thứ: 6
13 1.67723e+06
14 2.08918e+06
16 2.59885e+06
15 2.4266e+06
Thế hệ thứ: 7
13 1.67723e+06
14 2.08918e+06
16 2.59885e+06
15 2.4266e+06
Thế hệ thứ: 8
13 1.67723e+06
14 2.08918e+06
16 2.59885e+06
15 2.4266e+06
Thế hệ thứ: 9
13 1.67723e+06
14 2.08918e+06
16 2.59885e+06
15 2.4266e+06
Thế hệ thứ: 10
13 1.67723e+06
16 2.59885e+06
15 2.4266e+06
14 2.02016e+06
Thế hệ thứ: 11
13 1.67723e+06
16 2.59885e+06
15 2.4266e+06
14 2.02016e+06
Thế hệ thứ: 12
13 1.67723e+06
16 2.59885e+06
15 2.4266e+06
14 2.02016e+06
Thế hệ thứ: 13
13 1.67723e+06
16 2.59885e+06
15 2.4266e+06
14 2.02016e+06
Thế hệ thứ: 14
13 1.67723e+06
16 2.59885e+06
15 2.4266e+06
14 1.95282e+06
Thế hệ thứ: 15
13 1.67723e+06
14 1.95282e+06
16 2.59885e+06
15 2.4266e+06
Thế hệ thứ: 16
13 1.67723e+06
14 1.95282e+06
16 2.59885e+06
15 2.4266e+06
Thế hệ thứ: 17
13 1.67723e+06
14 1.95282e+06
16 2.59885e+06
15 2.4266e+06
Thế hệ thứ: 18
13 1.67723e+06
14 1.95282e+06
16 2.59885e+06
15 2.4266e+06
Thế hệ thứ: 19
13 1.67723e+06
14 1.95282e+06
16 2.59885e+06
15 2.4266e+06
12 1.6771e+06
Thế hệ thứ: 20
14 1.95282e+06
12 1.66116e+06
16 2.59885e+06
15 2.4266e+06
13 1.67723e+06
Thế hệ thứ: 21
14 1.95282e+06
12 1.66116e+06
16 2.59885e+06
15 2.4266e+06
13 1.67723e+06
Thế hệ thứ: 22
14 1.95282e+06
12 1.66116e+06
16 2.59885e+06
15 2.4266e+06
13 1.67723e+06
Thế hệ thứ: 23
14 1.95282e+06
12 1.66116e+06
16 2.59885e+06
15 2.4266e+06
13 1.67723e+06
Thế hệ thứ: 24
14 1.95282e+06
12 1.66116e+06
16 2.59885e+06
15 2.4266e+06
13 1.67723e+06
Thế hệ thứ: 25
14 1.95282e+06
12 1.66116e+06
16 2.59885e+06
15 2.4266e+06
13 1.67723e+06
Thế hệ thứ: 26
14 1.95282e+06
12 1.66116e+06
16 2.59885e+06
15 2.4266e+06
13 1.67723e+06
Thế hệ thứ: 27
14 1.95282e+06
16 2.59885e+06
12 1.66116e+06
15 2.4266e+06
13 1.67723e+06
Thế hệ thứ: 28
14 1.95282e+06
16 2.59885e+06
12 1.66116e+06
15 2.4266e+06
13 1.67723e+06
Thế hệ thứ: 29
14 1.95282e+06
16 2.59885e+06
12 1.66116e+06
15 2.4266e+06
13 1.67723e+06
