Thế hệ thứ: 0
36 9.93854e+06
25 5.42913e+06
29 8.23497e+06
38 1.43125e+07
54 1.9822e+07
135 5.70178e+07
44 1.56533e+07
22 3.4142e+06
37 1.19784e+07
28 7.60404e+06
47 1.68615e+07
116 3.26915e+07
133 4.78254e+07
127 4.5496e+07
68 2.37256e+07
142 5.83779e+07
156 6.16232e+07
107 2.77299e+07
134 5.53039e+07
Thế hệ thứ: 1
22 3.4142e+06
37 1.19784e+07
36 9.93854e+06
156 6.16232e+07
25 5.42913e+06
28 7.60404e+06
116 3.26915e+07
29 8.23497e+06
38 1.43125e+07
107 2.77299e+07
83 2.40919e+07
44 1.56533e+07
119 3.46511e+07
92 2.48234e+07
70 1.95099e+07
53 1.5813e+07
120 3.55067e+07
143 4.22609e+07
Thế hệ thứ: 2
36 9.93854e+06
22 3.4142e+06
25 5.42913e+06
156 6.16232e+07
120 3.55067e+07
119 3.46511e+07
29 8.23497e+06
92 2.48234e+07
28 7.60404e+06
143 4.22609e+07
107 2.77299e+07
53 1.5813e+07
116 3.26915e+07
164 6.56825e+07
83 2.40919e+07
70 1.95099e+07
44 1.042e+07
46 1.34965e+07
152 5.86364e+07
121 3.86732e+07
49 1.37718e+07
Thế hệ thứ: 3
25 5.42913e+06
22 3.4142e+06
53 1.5813e+07
83 2.40919e+07
28 7.60404e+06
116 3.26915e+07
120 3.55067e+07
119 3.46511e+07
143 4.22609e+07
29 8.23497e+06
107 2.77299e+07
92 2.48234e+07
121 3.86732e+07
44 1.042e+07
36 8.39311e+06
63 1.7359e+07
157 5.52218e+07
164 6.51549e+07
49 1.23715e+07
82 1.89883e+07
Thế hệ thứ: 4
29 8.23497e+06
53 1.5813e+07
120 3.55067e+07
25 5.42913e+06
82 1.89883e+07
22 3.4142e+06
119 3.46511e+07
143 4.22609e+07
36 8.39311e+06
28 7.60404e+06
107 2.77299e+07
116 3.26915e+07
92 2.48234e+07
63 1.7359e+07
164 6.51549e+07
157 5.52218e+07
44 1.042e+07
49 1.23715e+07
85 2.40644e+07
132 3.67025e+07
Thế hệ thứ: 5
143 4.22609e+07
49 1.23715e+07
29 8.23497e+06
36 8.39311e+06
25 5.42913e+06
63 1.7359e+07
82 1.89883e+07
85 2.40644e+07
22 3.4142e+06
28 7.60404e+06
157 5.52218e+07
132 3.67025e+07
119 3.46511e+07
107 2.77299e+07
92 2.48234e+07
44 1.042e+07
57 1.6199e+07
138 4.2087e+07
117 3.23487e+07
164 5.85197e+07
53 1.53803e+07
123 3.52327e+07
Thế hệ thứ: 6
157 5.52218e+07
49 1.23715e+07
117 3.23487e+07
143 4.22609e+07
119 3.46511e+07
36 8.39311e+06
123 3.52327e+07
25 5.42913e+06
107 2.77299e+07
132 3.67025e+07
82 1.89883e+07
92 2.48234e+07
85 2.40644e+07
22 3.4142e+06
44 1.042e+07
138 4.2087e+07
136 3.92115e+07
94 2.76235e+07
37 8.61796e+06
65 1.61721e+07
29 7.01458e+06
165 5.82285e+07
55 1.39774e+07
Thế hệ thứ: 7
117 3.23487e+07
143 4.22609e+07
49 1.23715e+07
119 3.46511e+07
25 5.42913e+06
123 3.52327e+07
37 8.61796e+06
22 3.4142e+06
107 2.77299e+07
82 1.89883e+07
132 3.67025e+07
36 8.39311e+06
92 2.48234e+07
85 2.40644e+07
44 1.042e+07
138 4.2087e+07
136 3.92115e+07
94 2.76235e+07
29 7.01458e+06
65 1.61721e+07
165 5.82285e+07
55 1.39774e+07
88 2.4079e+07
146 5.03517e+07
145 4.79827e+07
71 1.89268e+07
158 5.50972e+07
Thế hệ thứ: 8
107 2.77299e+07
49 1.23715e+07
117 3.23487e+07
143 4.22609e+07
94 2.76235e+07
88 2.4079e+07
29 7.01458e+06
119 3.46511e+07
25 5.42913e+06
123 3.52327e+07
22 3.4142e+06
37 8.61796e+06
158 5.50972e+07
131 3.65055e+07
65 1.61721e+07
82 1.89883e+07
132 3.67025e+07
92 2.48234e+07
71 1.89268e+07
36 8.39311e+06
85 2.40644e+07
44 1.042e+07
138 4.2087e+07
146 5.03517e+07
165 5.82285e+07
145 4.79827e+07
55 1.39774e+07
136 3.92115e+07
173 6.21216e+07
59 1.55371e+07
Thế hệ thứ: 9
123 3.52327e+07
92 2.48234e+07
107 2.77299e+07
117 3.23487e+07
143 4.22609e+07
94 2.76235e+07
29 7.01458e+06
88 2.4079e+07
119 3.46511e+07
25 5.42913e+06
44 1.042e+07
37 8.61796e+06
22 3.4142e+06
36 8.39311e+06
139 4.08753e+07
85 2.40644e+07
158 5.50972e+07
131 3.65055e+07
65 1.61721e+07
82 1.89883e+07
132 3.67025e+07
165 5.82285e+07
145 4.79827e+07
55 1.39774e+07
71 1.88353e+07
136 3.92115e+07
173 6.21216e+07
59 1.55371e+07
108 2.77936e+07
51 1.12823e+07
157 4.84553e+07
160 5.63816e+07
Thế hệ thứ: 10
123 3.52327e+07
107 2.77299e+07
160 5.63816e+07
92 2.48234e+07
59 1.55371e+07
165 5.82285e+07
117 3.23487e+07
143 4.22609e+07
51 1.12823e+07
88 2.4079e+07
29 7.01458e+06
145 4.79827e+07
119 3.46511e+07
25 5.42913e+06
44 1.042e+07
22 3.4142e+06
85 2.40644e+07
139 4.08753e+07
108 2.77936e+07
158 5.50972e+07
131 3.65055e+07
65 1.61721e+07
82 1.89883e+07
132 3.67025e+07
55 1.39774e+07
173 6.21216e+07
157 4.84553e+07
136 3.92115e+07
39 7.28917e+06
161 5.69623e+07
98 2.70626e+07
40 8.72615e+06
174 6.44263e+07
84 2.0874e+07
50 1.09135e+07
116 3.0059e+07
76 1.80897e+07
Thế hệ thứ: 11
132 3.67025e+07
123 3.52327e+07
92 2.48234e+07
160 5.63816e+07
107 2.77299e+07
82 1.89883e+07
76 1.80897e+07
59 1.55371e+07
29 7.01458e+06
88 2.4079e+07
116 3.0059e+07
165 5.82285e+07
84 2.0874e+07
143 4.22609e+07
117 3.23487e+07
57 1.54815e+07
161 5.69623e+07
51 1.12823e+07
174 6.44263e+07
55 1.39774e+07
39 7.28917e+06
173 6.21216e+07
145 4.79827e+07
119 3.46511e+07
25 5.42913e+06
40 8.72615e+06
44 1.042e+07
22 3.4142e+06
157 4.84553e+07
131 3.65055e+07
65 1.61721e+07
50 1.09135e+07
136 3.92115e+07
139 4.08753e+07
85 2.40644e+07
98 2.70626e+07
108 2.77936e+07
158 5.50972e+07
177 6.53426e+07
168 6.03363e+07
Thế hệ thứ: 12
123 3.52327e+07
139 4.08753e+07
132 3.67025e+07
107 2.77299e+07
120 3.47285e+07
22 3.4142e+06
165 5.82285e+07
168 6.03363e+07
59 1.55371e+07
29 7.01458e+06
116 3.0059e+07
50 1.09135e+07
131 3.65055e+07
65 1.61721e+07
61 1.59821e+07
177 6.53426e+07
84 2.0874e+07
117 3.23487e+07
143 4.22609e+07
57 1.54815e+07
51 1.12823e+07
174 6.44263e+07
55 1.39774e+07
39 7.28917e+06
173 6.21216e+07
136 3.92115e+07
119 3.46511e+07
25 5.42913e+06
108 2.77936e+07
40 8.72615e+06
44 1.042e+07
98 2.70626e+07
118 3.41991e+07
82 1.79388e+07
96 2.33693e+07
163 4.74652e+07
Thế hệ thứ: 13
132 3.67025e+07
139 4.08753e+07
116 3.0059e+07
96 2.33693e+07
82 1.79388e+07
57 1.54815e+07
117 3.23487e+07
143 4.22609e+07
25 5.42913e+06
107 2.77299e+07
51 1.12823e+07
40 8.72615e+06
39 7.28917e+06
136 3.92115e+07
174 6.44263e+07
22 3.4142e+06
168 6.03363e+07
165 5.82285e+07
55 1.39774e+07
173 6.21216e+07
108 2.77936e+07
131 3.65055e+07
65 1.61721e+07
50 1.09135e+07
177 6.53426e+07
61 1.59821e+07
98 2.70626e+07
44 1.042e+07
84 2.0874e+07
163 4.74652e+07
45 1.06542e+07
125 3.3618e+07
149 4.30021e+07
33 6.08968e+06
59 1.54848e+07
Thế hệ thứ: 14
116 3.0059e+07
96 2.33693e+07
108 2.77936e+07
139 4.08753e+07
173 6.21216e+07
136 3.92115e+07
59 1.54848e+07
163 4.74652e+07
167 5.2687e+07
53 1.38214e+07
45 1.06542e+07
57 1.54815e+07
82 1.79388e+07
143 4.22609e+07
117 3.23487e+07
25 5.42913e+06
107 2.77299e+07
50 1.09135e+07
65 1.61721e+07
51 1.12823e+07
40 8.72615e+06
39 7.28917e+06
174 6.44263e+07
44 1.042e+07
33 6.08968e+06
125 3.3618e+07
22 3.4142e+06
61 1.59821e+07
177 6.53426e+07
168 6.03363e+07
98 2.70626e+07
149 4.30021e+07
84 2.0874e+07
55 1.39774e+07
133 3.54867e+07
137 3.98432e+07
Thế hệ thứ: 15
163 4.74652e+07
149 4.30021e+07
139 4.08753e+07
108 2.77936e+07
116 3.0059e+07
96 2.33693e+07
125 3.3618e+07
33 6.08968e+06
137 3.98432e+07
173 6.21216e+07
52 1.25305e+07
136 3.92115e+07
55 1.39774e+07
53 1.38214e+07
167 5.2687e+07
22 3.4142e+06
82 1.79388e+07
177 6.53426e+07
42 9.71292e+06
117 3.23487e+07
143 4.22609e+07
25 5.42913e+06
107 2.77299e+07
50 1.09135e+07
84 2.0874e+07
51 1.12823e+07
133 3.54867e+07
48 1.01321e+07
168 6.03363e+07
40 8.72615e+06
39 7.28917e+06
174 6.44263e+07
98 2.70626e+07
65 1.53193e+07
160 4.69559e+07
135 3.88652e+07
Thế hệ thứ: 16
22 3.4142e+06
163 4.74652e+07
71 1.76797e+07
173 6.21216e+07
135 3.88652e+07
150 4.04459e+07
96 2.33693e+07
116 3.0059e+07
108 2.77936e+07
117 3.23487e+07
42 9.71292e+06
25 5.42913e+06
98 2.70626e+07
125 3.3618e+07
107 2.77299e+07
33 6.08968e+06
137 3.98432e+07
48 1.01321e+07
168 6.03363e+07
52 1.25305e+07
136 3.92115e+07
133 3.54867e+07
55 1.39774e+07
40 8.72615e+06
167 5.2687e+07
53 1.38214e+07
160 4.69559e+07
174 6.44263e+07
50 1.09135e+07
82 1.79388e+07
177 6.53426e+07
84 2.0874e+07
51 1.12823e+07
39 7.28917e+06
65 1.53193e+07
56 1.4368e+07
94 2.28085e+07
72 1.78132e+07
158 4.67703e+07
Thế hệ thứ: 17
22 3.4142e+06
52 1.25305e+07
136 3.92115e+07
163 4.74652e+07
71 1.76797e+07
173 6.21216e+07
135 3.88652e+07
116 3.0059e+07
96 2.33693e+07
150 4.04459e+07
72 1.78132e+07
25 5.42913e+06
94 2.28085e+07
108 2.77936e+07
50 1.09135e+07
174 6.44263e+07
160 4.69559e+07
133 3.54867e+07
42 9.71292e+06
117 3.23487e+07
56 1.4368e+07
65 1.53193e+07
39 7.28917e+06
98 2.70626e+07
125 3.3618e+07
107 2.77299e+07
51 1.12823e+07
55 1.39774e+07
33 6.08968e+06
137 3.98432e+07
40 8.72615e+06
84 2.0874e+07
177 6.53426e+07
53 1.38214e+07
167 5.2687e+07
48 1.01321e+07
168 6.03363e+07
82 1.79388e+07
158 4.63786e+07
34 6.84386e+06
43 9.75805e+06
64 1.52343e+07
Thế hệ thứ: 18
52 1.25305e+07
136 3.92115e+07
22 3.4142e+06
51 1.12823e+07
163 4.74652e+07
135 3.88652e+07
71 1.76797e+07
173 6.21216e+07
158 4.63786e+07
150 4.04459e+07
96 2.33693e+07
116 3.0059e+07
72 1.78132e+07
82 1.79388e+07
48 1.01321e+07
94 2.28085e+07
25 5.42913e+06
55 1.39774e+07
108 2.77936e+07
167 5.2687e+07
53 1.38214e+07
33 6.08968e+06
137 3.98432e+07
50 1.09135e+07
160 4.69559e+07
174 6.44263e+07
177 6.53426e+07
133 3.54867e+07
40 8.72615e+06
117 3.23487e+07
42 9.71292e+06
56 1.4368e+07
65 1.53193e+07
39 7.28917e+06
98 2.70626e+07
84 2.0874e+07
125 3.3618e+07
107 2.77299e+07
34 6.84386e+06
43 9.75805e+06
64 1.52343e+07
41 9.15942e+06
170 5.82424e+07
35 6.87068e+06
Thế hệ thứ: 19
22 3.4142e+06
52 1.25305e+07
136 3.92115e+07
34 6.84386e+06
51 1.12823e+07
35 6.87068e+06
163 4.74652e+07
173 6.21216e+07
135 3.88652e+07
71 1.76797e+07
158 4.63786e+07
116 3.0059e+07
96 2.33693e+07
150 4.04459e+07
72 1.78132e+07
82 1.79388e+07
65 1.53193e+07
94 2.28085e+07
133 3.54867e+07
55 1.39774e+07
108 2.77936e+07
170 5.82424e+07
40 8.72615e+06
53 1.38214e+07
167 5.2687e+07
39 7.28917e+06
33 6.08968e+06
137 3.98432e+07
42 9.71292e+06
117 3.23487e+07
56 1.4368e+07
50 1.09135e+07
107 2.77299e+07
125 3.3618e+07
84 2.0874e+07
174 6.44263e+07
160 4.69559e+07
177 6.53426e+07
98 2.70626e+07
43 9.75805e+06
64 1.52343e+07
41 9.15942e+06
30 5.2098e+06
48 9.99532e+06
153 4.33697e+07
Thế hệ thứ: 20
52 1.25305e+07
136 3.92115e+07
22 3.4142e+06
41 9.15942e+06
34 6.84386e+06
51 1.12823e+07
35 6.87068e+06
43 9.75805e+06
163 4.74652e+07
71 1.76797e+07
135 3.88652e+07
173 6.21216e+07
158 4.63786e+07
150 4.04459e+07
96 2.33693e+07
116 3.0059e+07
72 1.78132e+07
107 2.77299e+07
82 1.79388e+07
65 1.53193e+07
125 3.3618e+07
94 2.28085e+07
133 3.54867e+07
84 2.0874e+07
153 4.33697e+07
55 1.39774e+07
98 2.70626e+07
177 6.53426e+07
108 2.77936e+07
40 8.72615e+06
170 5.82424e+07
167 5.2687e+07
53 1.38214e+07
39 7.28917e+06
50 1.09135e+07
33 6.08968e+06
137 3.98432e+07
160 4.69559e+07
174 6.44263e+07
117 3.23487e+07
42 9.71292e+06
30 5.2098e+06
48 9.99532e+06
68 1.75899e+07
64 1.4323e+07
Thế hệ thứ: 21
22 3.4142e+06
52 1.25305e+07
136 3.92115e+07
35 6.87068e+06
51 1.12823e+07
40 8.72615e+06
170 5.82424e+07
53 1.38214e+07
167 5.2687e+07
41 9.15942e+06
34 6.84386e+06
39 7.28917e+06
64 1.4323e+07
43 9.75805e+06
163 4.74652e+07
173 6.21216e+07
135 3.88652e+07
71 1.76797e+07
158 4.63786e+07
116 3.0059e+07
96 2.33693e+07
150 4.04459e+07
72 1.78132e+07
107 2.77299e+07
48 9.99532e+06
82 1.79388e+07
50 1.09135e+07
33 6.08968e+06
65 1.53193e+07
137 3.98432e+07
174 6.44263e+07
160 4.69559e+07
125 3.3618e+07
94 2.28085e+07
133 3.54867e+07
42 9.71292e+06
117 3.23487e+07
84 2.0874e+07
55 1.39774e+07
153 4.33697e+07
30 5.2098e+06
98 2.70626e+07
177 6.53426e+07
108 2.77936e+07
68 1.75899e+07
100 2.73632e+07
152 4.122e+07
Thế hệ thứ: 22
52 1.25305e+07
136 3.92115e+07
22 3.4142e+06
153 4.33697e+07
35 6.87068e+06
35 6.87068e+06
51 1.12823e+07
167 5.2687e+07
42 7.45112e+06
34 6.84386e+06
39 7.28917e+06
64 1.4323e+07
43 9.75805e+06
163 4.74652e+07
135 3.88652e+07
173 6.21216e+07
158 4.63786e+07
150 4.04459e+07
96 2.33693e+07
116 3.0059e+07
72 1.78132e+07
107 2.77299e+07
48 9.99532e+06
82 1.79388e+07
152 4.122e+07
98 2.70626e+07
50 1.09135e+07
177 6.53426e+07
33 6.08968e+06
137 3.98432e+07
160 4.69559e+07
174 6.44263e+07
108 2.77936e+07
125 3.3618e+07
91 2.22036e+07
94 2.28085e+07
133 3.54867e+07
117 3.23487e+07
84 2.0874e+07
100 2.73632e+07
95 2.33577e+07
56 1.37781e+07
71 1.51822e+07
30 4.69576e+06
171 5.72494e+07
Thế hệ thứ: 23
42 7.45112e+06
34 6.84386e+06
133 3.54867e+07
96 2.33693e+07
150 4.04459e+07
116 3.0059e+07
22 3.4142e+06
136 3.92115e+07
91 2.22036e+07
94 2.28085e+07
107 2.77299e+07
153 4.33697e+07
48 9.99532e+06
82 1.79388e+07
160 4.69559e+07
174 6.44263e+07
73 1.71626e+07
152 4.122e+07
51 1.12823e+07
35 6.87068e+06
35 6.87068e+06
167 5.2687e+07
125 3.3618e+07
50 1.09135e+07
177 6.53426e+07
108 2.77936e+07
39 7.28917e+06
64 1.4323e+07
43 9.75805e+06
171 5.72494e+07
163 4.74652e+07
33 6.08968e+06
137 3.98432e+07
135 3.88652e+07
173 6.21216e+07
158 4.63786e+07
117 3.23487e+07
84 2.0874e+07
95 2.33577e+07
71 1.51822e+07
30 4.69576e+06
60 1.20141e+07
119 3.24364e+07
100 2.54414e+07
Thế hệ thứ: 24
71 1.51822e+07
42 7.45112e+06
34 6.84386e+06
96 2.33693e+07
150 4.04459e+07
116 3.0059e+07
133 3.54867e+07
22 3.4142e+06
153 4.33697e+07
136 3.92115e+07
94 2.28085e+07
91 2.22036e+07
35 6.87068e+06
35 6.87068e+06
51 1.12823e+07
117 3.23487e+07
107 2.77299e+07
95 2.33577e+07
30 4.69576e+06
48 9.99532e+06
82 1.79388e+07
174 6.44263e+07
160 4.69559e+07
60 1.20141e+07
152 4.122e+07
73 1.71626e+07
177 6.53426e+07
167 5.2687e+07
119 3.24364e+07
100 2.54414e+07
125 3.3618e+07
50 1.09135e+07
137 3.98432e+07
108 2.77936e+07
39 7.28917e+06
64 1.4323e+07
43 9.75805e+06
163 4.74652e+07
171 5.72494e+07
33 6.08968e+06
173 6.21216e+07
135 3.88652e+07
84 2.0874e+07
158 4.63786e+07
Thế hệ thứ: 25
153 4.33697e+07
42 7.45112e+06
34 6.84386e+06
163 4.74652e+07
171 5.72494e+07
96 2.33693e+07
150 4.04459e+07
133 3.54867e+07
51 1.12823e+07
35 6.87068e+06
35 6.87068e+06
22 3.4142e+06
30 4.69576e+06
136 3.92115e+07
91 2.22036e+07
94 2.28085e+07
135 3.88652e+07
173 6.21216e+07
107 2.77299e+07
95 2.33577e+07
72 1.40464e+07
84 2.0874e+07
82 1.79388e+07
160 4.69559e+07
174 6.44263e+07
73 1.71626e+07
152 4.122e+07
60 1.20141e+07
33 6.08968e+06
177 6.53426e+07
167 5.2687e+07
100 2.54414e+07
158 4.63786e+07
125 3.3618e+07
50 1.09135e+07
137 3.98432e+07
108 2.77936e+07
39 7.28917e+06
119 2.84385e+07
49 9.73888e+06
Thế hệ thứ: 26
153 4.33697e+07
174 6.44263e+07
160 4.69559e+07
34 6.84386e+06
42 7.45112e+06
108 2.77936e+07
82 1.79388e+07
163 4.74652e+07
171 5.72494e+07
150 4.04459e+07
96 2.33693e+07
119 2.84385e+07
133 3.54867e+07
60 1.20141e+07
152 4.122e+07
73 1.71626e+07
35 6.87068e+06
35 6.87068e+06
51 1.12823e+07
49 9.73888e+06
33 6.08968e+06
22 3.4142e+06
30 4.69576e+06
39 7.28917e+06
167 5.2687e+07
100 2.54414e+07
94 2.28085e+07
91 2.22036e+07
173 6.21216e+07
158 4.63786e+07
107 2.77299e+07
95 2.33577e+07
84 2.0874e+07
72 1.40464e+07
125 3.3618e+07
145 3.95414e+07
177 6.53426e+07
137 3.65537e+07
50 1.07703e+07
75 1.75735e+07
Thế hệ thứ: 27
153 4.33697e+07
34 6.84386e+06
42 7.45112e+06
174 6.44263e+07
75 1.75735e+07
108 2.77936e+07
82 1.79388e+07
171 5.72494e+07
95 2.33577e+07
96 2.33693e+07
150 4.04459e+07
119 2.84385e+07
133 3.54867e+07
50 1.07703e+07
72 1.40464e+07
84 2.0874e+07
73 1.71626e+07
152 4.122e+07
60 1.20141e+07
35 6.87068e+06
35 6.87068e+06
51 1.12823e+07
49 9.73888e+06
33 6.08968e+06
125 3.3618e+07
22 3.4142e+06
30 4.69576e+06
39 7.28917e+06
167 5.2687e+07
100 2.54414e+07
145 3.95414e+07
91 2.22036e+07
94 2.28085e+07
137 3.65537e+07
173 6.21216e+07
177 6.53426e+07
158 4.63786e+07
107 2.77299e+07
169 5.46235e+07
163 4.66938e+07
Thế hệ thứ: 28
153 4.33697e+07
22 3.4142e+06
31 5.74057e+06
75 1.75735e+07
174 6.44263e+07
34 6.84386e+06
42 7.45112e+06
30 4.69576e+06
39 7.28917e+06
169 5.46235e+07
108 2.77936e+07
82 1.79388e+07
171 5.72494e+07
107 2.77299e+07
95 2.33577e+07
100 2.54414e+07
150 4.04459e+07
96 2.33693e+07
119 2.84385e+07
133 3.54867e+07
94 2.28085e+07
91 2.22036e+07
50 1.07703e+07
84 2.0874e+07
72 1.40464e+07
60 1.20141e+07
152 4.122e+07
73 1.71626e+07
35 6.87068e+06
35 6.87068e+06
51 1.12823e+07
49 9.73888e+06
177 6.53426e+07
173 6.21216e+07
33 6.08968e+06
145 3.95414e+07
125 3.3618e+07
137 3.65537e+07
62 1.3613e+07
168 4.49667e+07
Thế hệ thứ: 29
153 4.33697e+07
22 3.4142e+06
42 7.45112e+06
34 6.84386e+06
169 4.52791e+07
75 1.75735e+07
32 5.08151e+06
49 9.73888e+06
30 4.69576e+06
39 7.28917e+06
137 3.65537e+07
108 2.77936e+07
82 1.79388e+07
33 6.08968e+06
145 3.95414e+07
168 4.49667e+07
107 2.77299e+07
95 2.33577e+07
100 2.54414e+07
125 3.3618e+07
96 2.33693e+07
150 4.04459e+07
119 2.84385e+07
62 1.3613e+07
133 3.54867e+07
91 2.22036e+07
94 2.28085e+07
50 1.07703e+07
72 1.40464e+07
84 2.0874e+07
73 1.71626e+07
152 4.122e+07
60 1.20141e+07
51 1.12823e+07
35 6.87068e+06
35 6.87068e+06
178 5.40341e+07
97 2.40127e+07
Thế hệ thứ: 30
72 1.40464e+07
84 2.0874e+07
33 6.08968e+06
153 4.33697e+07
22 3.4142e+06
95 2.33577e+07
75 1.75735e+07
169 4.52791e+07
42 7.45112e+06
34 6.84386e+06
91 2.22036e+07
94 2.28085e+07
100 2.54414e+07
49 9.73888e+06
32 5.08151e+06
50 1.07703e+07
30 4.69576e+06
35 6.87068e+06
35 6.87068e+06
51 1.12823e+07
39 7.28917e+06
137 3.65537e+07
125 3.3618e+07
150 4.04459e+07
96 2.33693e+07
108 2.77936e+07
82 1.79388e+07
73 1.71626e+07
152 4.122e+07
60 1.20141e+07
119 2.84385e+07
62 1.3613e+07
145 3.95414e+07
133 3.54867e+07
107 2.77299e+07
168 4.49667e+07
178 5.40341e+07
97 2.40127e+07
144 3.83407e+07
Thế hệ thứ: 31
72 1.40464e+07
84 2.0874e+07
153 4.33697e+07
119 2.84385e+07
62 1.3613e+07
107 2.77299e+07
168 4.49667e+07
22 3.4142e+06
95 2.33577e+07
178 5.40341e+07
145 3.95414e+07
169 4.52791e+07
75 1.75735e+07
34 6.84386e+06
42 7.45112e+06
94 2.28085e+07
91 2.22036e+07
133 3.54867e+07
97 2.40127e+07
100 2.54414e+07
30 4.69576e+06
35 6.87068e+06
35 6.87068e+06
39 7.28917e+06
137 3.65537e+07
125 3.3618e+07
144 3.83407e+07
96 2.33693e+07
150 4.04459e+07
108 2.77936e+07
82 1.79388e+07
60 1.20141e+07
152 4.122e+07
73 1.71626e+07
33 5.08968e+06
46 9.299e+06
32 5.02379e+06
126 3.50467e+07
180 5.65155e+07
52 9.37122e+06
Thế hệ thứ: 32
178 5.40341e+07
72 1.40464e+07
84 2.0874e+07
62 1.3613e+07
52 9.37122e+06
39 7.28917e+06
119 2.84385e+07
153 4.33697e+07
168 4.49667e+07
107 2.77299e+07
22 3.4142e+06
95 2.33577e+07
133 3.54867e+07
97 2.40127e+07
180 5.65155e+07
126 3.50467e+07
145 3.95414e+07
137 3.65537e+07
75 1.75735e+07
169 4.52791e+07
42 7.45112e+06
34 6.84386e+06
32 5.02379e+06
91 2.22036e+07
94 2.28085e+07
152 4.122e+07
73 1.71626e+07
60 1.20141e+07
100 2.54414e+07
46 9.299e+06
125 3.3618e+07
144 3.83407e+07
33 5.08968e+06
108 2.77936e+07
150 4.04459e+07
96 2.33693e+07
30 4.69576e+06
35 6.87068e+06
35 6.87068e+06
82 1.79388e+07
Thế hệ thứ: 33
107 2.77299e+07
168 4.49667e+07
178 5.40341e+07
125 3.3618e+07
72 1.40464e+07
84 2.0874e+07
39 7.28917e+06
52 9.37122e+06
62 1.3613e+07
82 1.79388e+07
119 2.84385e+07
144 3.83407e+07
153 4.33697e+07
33 5.08968e+06
22 3.4142e+06
133 3.54867e+07
180 5.65155e+07
108 2.77936e+07
126 3.50467e+07
145 3.95414e+07
42 7.45112e+06
137 3.65537e+07
150 4.04459e+07
169 4.52791e+07
75 1.75735e+07
73 1.71626e+07
152 4.122e+07
60 1.20141e+07
101 2.31443e+07
32 5.02379e+06
94 2.28085e+07
91 2.22036e+07
30 4.69576e+06
46 9.299e+06
81 1.765e+07
147 4.01165e+07
35 5.24231e+06
Thế hệ thứ: 34
107 2.77299e+07
168 4.49667e+07
178 5.40341e+07
72 1.40464e+07
84 2.0874e+07
125 3.3618e+07
101 2.31443e+07
32 5.02379e+06
39 7.28917e+06
52 9.37122e+06
62 1.3613e+07
82 1.79388e+07
119 2.84385e+07
144 3.83407e+07
180 5.65155e+07
153 4.33697e+07
91 2.22036e+07
94 2.28085e+07
33 5.08968e+06
126 3.50467e+07
22 3.4142e+06
133 3.54867e+07
108 2.77936e+07
46 9.299e+06
145 3.95414e+07
42 7.45112e+06
30 4.69576e+06
137 3.65537e+07
150 4.04459e+07
75 1.75735e+07
169 4.52791e+07
35 5.24231e+06
60 1.20141e+07
152 4.122e+07
73 1.71626e+07
81 1.765e+07
147 4.01165e+07
172 5.16849e+07
Thế hệ thứ: 35
107 2.77299e+07
168 4.49667e+07
137 3.65537e+07
178 5.40341e+07
125 3.3618e+07
72 1.40464e+07
84 2.0874e+07
35 5.24231e+06
73 1.71626e+07
152 4.122e+07
60 1.20141e+07
32 5.02379e+06
101 2.31443e+07
91 2.22036e+07
94 2.28085e+07
52 9.37122e+06
82 1.79388e+07
119 2.84385e+07
144 3.83407e+07
81 1.765e+07
180 5.65155e+07
150 4.04459e+07
147 4.01165e+07
153 4.33697e+07
172 5.16849e+07
169 4.52791e+07
75 1.75735e+07
33 5.08968e+06
126 3.50467e+07
22 3.4142e+06
133 3.54867e+07
108 2.77936e+07
145 3.95414e+07
42 7.45112e+06
30 4.69576e+06
46 8.72604e+06
39 6.78982e+06
157 4.39824e+07
31 4.6958e+06
64 1.28616e+07
Thế hệ thứ: 36
107 2.77299e+07
168 4.49667e+07
157 4.39824e+07
178 5.40341e+07
72 1.40464e+07
84 2.0874e+07
125 3.3618e+07
33 5.08968e+06
60 1.20141e+07
152 4.122e+07
73 1.71626e+07
35 5.24231e+06
101 2.31443e+07
32 5.02379e+06
64 1.28616e+07
39 6.78982e+06
91 2.22036e+07
94 2.28085e+07
126 3.50467e+07
22 3.4142e+06
147 4.01165e+07
31 4.6958e+06
52 9.37122e+06
133 3.54867e+07
82 1.79388e+07
119 2.84385e+07
144 3.83407e+07
81 1.765e+07
108 2.77936e+07
180 5.65155e+07
145 3.95414e+07
42 7.45112e+06
30 4.69576e+06
150 4.04459e+07
46 8.72604e+06
153 4.33697e+07
172 5.16849e+07
106 2.64518e+07
75 1.75735e+07
169 4.52791e+07
139 3.62539e+07
Thế hệ thứ: 37
107 2.77299e+07
168 4.49667e+07
75 1.75735e+07
106 2.64518e+07
169 4.52791e+07
42 7.45112e+06
157 4.39824e+07
178 5.40341e+07
145 3.95414e+07
84 2.0874e+07
72 1.40464e+07
30 4.69576e+06
125 3.3618e+07
33 5.08968e+06
35 5.24231e+06
73 1.71626e+07
152 4.122e+07
60 1.20141e+07
32 5.02379e+06
101 2.31443e+07
139 3.62539e+07
39 6.78982e+06
64 1.28616e+07
91 2.22036e+07
94 2.28085e+07
150 4.04459e+07
126 3.50467e+07
22 3.4142e+06
31 4.6958e+06
147 4.01165e+07
46 8.72604e+06
52 9.37122e+06
133 3.54867e+07
82 1.79388e+07
44 8.3276e+06
119 2.84385e+07
144 3.83407e+07
53 1.12982e+07
81 1.765e+07
153 4.33697e+07
172 5.16849e+07
108 2.77936e+07
180 5.65155e+07
104 2.48447e+07
86 2.20414e+07
Thế hệ thứ: 38
144 3.83407e+07
104 2.48447e+07
107 2.77299e+07
168 4.49667e+07
75 1.75735e+07
106 2.64518e+07
169 4.52791e+07
86 2.20414e+07
133 3.54867e+07
180 5.65155e+07
42 7.45112e+06
108 2.77936e+07
178 5.40341e+07
157 4.39824e+07
145 3.95414e+07
172 5.16849e+07
153 4.33697e+07
72 1.40464e+07
84 2.0874e+07
53 1.12982e+07
81 1.765e+07
30 4.69576e+06
141 3.75052e+07
125 3.3618e+07
33 5.08968e+06
152 4.122e+07
73 1.71626e+07
35 5.24231e+06
101 2.31443e+07
32 5.02379e+06
139 3.62539e+07
64 1.28616e+07
39 6.78982e+06
82 1.79388e+07
91 2.22036e+07
94 2.28085e+07
119 2.84385e+07
44 8.3276e+06
150 4.04459e+07
126 3.50467e+07
22 3.4142e+06
147 4.01165e+07
31 4.6958e+06
46 8.72604e+06
52 9.37122e+06
61 1.17874e+07
Thế hệ thứ: 39
107 2.77299e+07
168 4.49667e+07
144 3.83407e+07
104 2.48447e+07
106 2.64518e+07
75 1.75735e+07
169 4.52791e+07
39 6.78982e+06
64 1.28616e+07
86 2.20414e+07
133 3.54867e+07
22 3.4142e+06
180 5.65155e+07
44 8.3276e+06
119 2.84385e+07
42 7.45112e+06
108 2.77936e+07
157 4.39824e+07
178 5.40341e+07
145 3.95414e+07
172 5.16849e+07
82 1.79388e+07
84 2.0874e+07
72 1.40464e+07
126 3.50467e+07
81 1.765e+07
53 1.12982e+07
30 4.69576e+06
125 3.3618e+07
141 3.75052e+07
91 2.22036e+07
94 2.28085e+07
150 4.04459e+07
33 5.08968e+06
35 5.24231e+06
73 1.71626e+07
152 4.122e+07
32 5.02379e+06
154 4.22291e+07
101 2.31443e+07
139 3.62539e+07
31 4.6958e+06
147 4.01165e+07
46 8.72604e+06
52 9.37122e+06
61 1.17874e+07
36 6.04275e+06
41 7.44807e+06
Thế hệ thứ: 40
86 2.20414e+07
144 3.83407e+07
104 2.48447e+07
107 2.77299e+07
168 4.49667e+07
46 8.72604e+06
169 4.52791e+07
75 1.75735e+07
106 2.64518e+07
31 4.6958e+06
147 4.01165e+07
64 1.28616e+07
39 6.78982e+06
101 2.31443e+07
154 4.22291e+07
32 5.02379e+06
133 3.54867e+07
22 3.4142e+06
180 5.65155e+07
119 2.84385e+07
44 8.3276e+06
33 5.08968e+06
42 7.45112e+06
108 2.77936e+07
178 5.40341e+07
157 4.39824e+07
139 3.62539e+07
145 3.95414e+07
172 5.16849e+07
73 1.71626e+07
35 5.24231e+06
152 4.122e+07
82 1.79388e+07
72 1.40464e+07
84 2.0874e+07
126 3.50467e+07
53 1.12982e+07
81 1.765e+07
30 4.69576e+06
141 3.75052e+07
125 3.3618e+07
94 2.28085e+07
91 2.22036e+07
150 4.04459e+07
52 9.37122e+06
61 1.17874e+07
36 6.04275e+06
41 7.44807e+06
Thế hệ thứ: 41
86 2.20414e+07
107 2.77299e+07
168 4.49667e+07
144 3.83407e+07
104 2.48447e+07
41 7.44807e+06
46 8.72604e+06
106 2.64518e+07
75 1.75735e+07
169 4.52791e+07
147 4.01165e+07
31 4.6958e+06
39 6.78982e+06
64 1.28616e+07
32 5.02379e+06
101 2.31443e+07
154 4.22291e+07
133 3.54867e+07
22 3.4142e+06
180 5.65155e+07
44 8.3276e+06
119 2.84385e+07
33 5.08968e+06
30 4.69576e+06
42 7.45112e+06
125 3.3618e+07
141 3.75052e+07
108 2.77936e+07
157 4.39824e+07
178 5.40341e+07
139 3.62539e+07
145 3.95414e+07
172 5.16849e+07
152 4.122e+07
35 5.24231e+06
73 1.71626e+07
94 2.28085e+07
91 2.22036e+07
82 1.79388e+07
150 4.04459e+07
84 2.0874e+07
72 1.40464e+07
126 3.50467e+07
52 9.37122e+06
61 1.17874e+07
81 1.765e+07
53 1.12982e+07
36 6.04275e+06
Thế hệ thứ: 42
46 8.72604e+06
82 1.79388e+07
86 2.20414e+07
144 3.83407e+07
104 2.48447e+07
107 2.77299e+07
168 4.49667e+07
41 7.44807e+06
39 6.78982e+06
64 1.28616e+07
169 4.52791e+07
75 1.75735e+07
106 2.64518e+07
81 1.765e+07
31 4.6958e+06
147 4.01165e+07
52 9.37122e+06
61 1.17874e+07
101 2.31443e+07
154 4.22291e+07
32 5.02379e+06
53 1.07572e+07
133 3.54867e+07
73 1.71626e+07
35 5.24231e+06
152 4.122e+07
94 2.28085e+07
91 2.22036e+07
22 3.4142e+06
36 6.04275e+06
180 5.65155e+07
119 2.84385e+07
44 8.3276e+06
33 5.08968e+06
30 4.69576e+06
42 7.45112e+06
141 3.75052e+07
125 3.3618e+07
108 2.77936e+07
178 5.40341e+07
157 4.39824e+07
139 3.62539e+07
145 3.95414e+07
172 5.16849e+07
150 4.04459e+07
72 1.40464e+07
84 2.0874e+07
126 3.50467e+07
Thế hệ thứ: 43
46 8.72604e+06
86 2.20414e+07
82 1.79388e+07
108 2.77936e+07
107 2.77299e+07
168 4.49667e+07
144 3.83407e+07
170 5.02218e+07
104 2.48447e+07
41 7.44807e+06
64 1.28616e+07
39 6.78982e+06
106 2.64518e+07
75 1.75735e+07
169 4.52791e+07
157 4.39824e+07
178 5.40341e+07
81 1.765e+07
147 4.01165e+07
31 4.6958e+06
52 9.37122e+06
139 3.62539e+07
61 1.17874e+07
32 5.02379e+06
101 2.31443e+07
154 4.22291e+07
53 1.07572e+07
133 3.54867e+07
145 3.95414e+07
152 4.122e+07
35 5.24231e+06
91 2.22036e+07
94 2.28085e+07
172 5.16849e+07
150 4.04459e+07
22 3.4142e+06
36 6.04275e+06
84 2.0874e+07
72 1.40464e+07
44 8.3276e+06
119 2.84385e+07
126 3.50467e+07
33 5.08968e+06
30 4.69576e+06
42 7.45112e+06
125 3.3618e+07
141 3.75052e+07
180 5.55155e+07
73 1.65101e+07
165 4.41469e+07
40 7.39139e+06
Thế hệ thứ: 44
46 8.72604e+06
82 1.79388e+07
86 2.20414e+07
42 7.45112e+06
108 2.77936e+07
107 2.77299e+07
168 4.49667e+07
30 4.69576e+06
170 5.02218e+07
104 2.48447e+07
144 3.83407e+07
41 7.44807e+06
31 4.6958e+06
147 4.01165e+07
33 5.08968e+06
39 6.78982e+06
64 1.28616e+07
169 4.52791e+07
75 1.75735e+07
106 2.64518e+07
178 5.40341e+07
157 4.39824e+07
22 3.4142e+06
36 6.04275e+06
81 1.765e+07
126 3.50467e+07
52 9.37122e+06
139 3.62539e+07
44 8.3276e+06
119 2.84385e+07
61 1.17874e+07
101 2.31443e+07
154 4.22291e+07
32 5.02379e+06
53 1.07572e+07
133 3.54867e+07
145 3.95414e+07
35 5.24231e+06
152 4.122e+07
84 2.0874e+07
72 1.40464e+07
94 2.28085e+07
91 2.22036e+07
172 5.16849e+07
150 4.04459e+07
141 3.75052e+07
125 3.3618e+07
180 5.55155e+07
73 1.65101e+07
165 4.41469e+07
Thế hệ thứ: 45
168 4.49667e+07
107 2.77299e+07
170 5.02218e+07
104 2.48447e+07
144 3.83407e+07
46 8.72604e+06
86 2.20414e+07
82 1.79388e+07
108 2.77936e+07
172 5.16849e+07
42 7.45112e+06
30 4.69576e+06
157 4.39824e+07
178 5.40341e+07
150 4.04459e+07
41 7.44807e+06
147 4.01165e+07
31 4.6958e+06
33 5.08968e+06
125 3.3618e+07
141 3.75052e+07
64 1.28616e+07
39 6.78982e+06
106 2.64518e+07
75 1.75735e+07
169 4.52791e+07
22 3.4142e+06
36 6.04275e+06
81 1.765e+07
126 3.50467e+07
52 9.37122e+06
139 3.62539e+07
180 5.55155e+07
119 2.84385e+07
44 8.3276e+06
73 1.65101e+07
61 1.17874e+07
165 4.41469e+07
32 5.02379e+06
101 2.31443e+07
154 4.22291e+07
53 1.07572e+07
133 3.54867e+07
145 3.95414e+07
152 4.122e+07
35 5.24231e+06
72 1.40464e+07
84 2.0874e+07
91 2.22036e+07
94 2.28085e+07
Thế hệ thứ: 46
144 3.83407e+07
104 2.48447e+07
170 5.02218e+07
168 4.49667e+07
107 2.77299e+07
46 8.72604e+06
152 4.122e+07
35 5.24231e+06
86 2.20414e+07
101 2.31443e+07
154 4.22291e+07
32 5.02379e+06
82 1.79388e+07
108 2.77936e+07
172 5.16849e+07
42 7.45112e+06
30 4.69576e+06
178 5.40341e+07
157 4.39824e+07
150 4.04459e+07
53 1.07572e+07
133 3.54867e+07
41 7.44807e+06
145 3.95414e+07
31 4.6958e+06
147 4.01165e+07
33 5.08968e+06
141 3.75052e+07
125 3.3618e+07
84 2.0874e+07
72 1.40464e+07
39 6.78982e+06
64 1.28616e+07
169 4.52791e+07
75 1.75735e+07
106 2.64518e+07
22 3.4142e+06
36 6.04275e+06
81 1.765e+07
165 4.41469e+07
126 3.50467e+07
52 9.37122e+06
94 2.28085e+07
91 2.22036e+07
139 3.62539e+07
180 5.55155e+07
44 8.3276e+06
119 2.84385e+07
73 1.65101e+07
61 1.17874e+07
Thế hệ thứ: 47
168 4.49667e+07
107 2.77299e+07
144 3.83407e+07
170 5.02218e+07
104 2.48447e+07
106 2.64518e+07
75 1.75735e+07
169 4.52791e+07
44 8.3276e+06
119 2.84385e+07
46 8.72604e+06
152 4.122e+07
35 5.24231e+06
86 2.20414e+07
32 5.02379e+06
101 2.31443e+07
154 4.22291e+07
82 1.79388e+07
165 4.41469e+07
73 1.65101e+07
108 2.77936e+07
81 1.765e+07
172 5.16849e+07
42 7.45112e+06
30 4.69576e+06
157 4.39824e+07
178 5.40341e+07
150 4.04459e+07
22 3.4142e+06
61 1.17874e+07
36 6.04275e+06
53 1.07572e+07
133 3.54867e+07
41 7.44807e+06
145 3.95414e+07
147 4.01165e+07
31 4.6958e+06
33 5.08968e+06
125 3.3618e+07
141 3.75052e+07
72 1.40464e+07
84 2.0874e+07
64 1.28616e+07
39 6.78982e+06
126 3.50467e+07
52 9.37122e+06
91 2.22036e+07
94 2.28085e+07
139 3.62539e+07
180 5.55155e+07
Thế hệ thứ: 48
104 2.48447e+07
170 5.02218e+07
144 3.83407e+07
168 4.49667e+07
107 2.77299e+07
39 6.78982e+06
64 1.28616e+07
169 4.52791e+07
106 2.64518e+07
75 1.75735e+07
119 2.84385e+07
44 8.3276e+06
46 8.72604e+06
35 5.24231e+06
152 4.122e+07
86 2.20414e+07
101 2.31443e+07
154 4.22291e+07
32 5.02379e+06
82 1.79388e+07
165 4.41469e+07
126 3.50467e+07
73 1.65101e+07
108 2.77936e+07
81 1.765e+07
52 9.37122e+06
172 5.16849e+07
42 7.45112e+06
94 2.28085e+07
91 2.22036e+07
178 5.40341e+07
157 4.39824e+07
150 4.04459e+07
139 3.62539e+07
22 3.4142e+06
61 1.17874e+07
36 6.04275e+06
53 1.07572e+07
133 3.54867e+07
41 7.44807e+06
145 3.95414e+07
31 4.6958e+06
147 4.01165e+07
33 5.08968e+06
141 3.75052e+07
125 3.3618e+07
84 2.0874e+07
72 1.40464e+07
180 5.55155e+07
30 4.65931e+06
54 1.13092e+07
Thế hệ thứ: 49
168 4.49667e+07
107 2.77299e+07
104 2.48447e+07
144 3.83407e+07
147 4.01165e+07
31 4.6958e+06
39 6.78982e+06
64 1.28616e+07
75 1.75735e+07
106 2.64518e+07
169 4.52791e+07
44 8.3276e+06
119 2.84385e+07
82 1.79388e+07
152 4.122e+07
35 5.24231e+06
33 5.08968e+06
86 2.20414e+07
125 3.3618e+07
141 3.75052e+07
32 5.02379e+06
101 2.31443e+07
154 4.22291e+07
72 1.40464e+07
84 2.0874e+07
165 4.41469e+07
126 3.50467e+07
73 1.65101e+07
108 2.77936e+07
81 1.765e+07
52 9.37122e+06
42 7.45112e+06
91 2.22036e+07
94 2.28085e+07
157 4.39824e+07
150 4.04459e+07
180 5.55155e+07
139 3.62539e+07
22 3.4142e+06
36 6.04275e+06
30 4.65931e+06
61 1.17874e+07
53 1.07572e+07
133 3.54867e+07
41 7.44807e+06
54 1.13092e+07
48 8.42316e+06
179 4.98807e+07
