Thế hệ thứ: 0
42 1.14568e+07
124 4.56944e+07
30 6.80979e+06
63 1.70701e+07
35 1.02799e+07
26 5.7633e+06
45 1.46688e+07
33 9.00941e+06
111 3.91382e+07
37 1.05687e+07
75 2.52674e+07
104 2.83388e+07
72 2.24202e+07
113 3.98997e+07
114 4.21761e+07
116 4.42005e+07
Thế hệ thứ: 1
124 4.56944e+07
35 1.02799e+07
37 1.05687e+07
33 9.00941e+06
42 1.14568e+07
26 5.7633e+06
30 6.80979e+06
63 1.70701e+07
104 2.83388e+07
80 2.423e+07
132 4.82165e+07
76 2.20952e+07
72 2.19769e+07
82 2.51849e+07
102 2.55943e+07
116 3.3219e+07
46 1.19791e+07
112 2.95355e+07
Thế hệ thứ: 2
85 2.40348e+07
124 4.56944e+07
63 1.70701e+07
104 2.83388e+07
116 3.3219e+07
112 2.95355e+07
76 2.20952e+07
30 6.80979e+06
102 2.55943e+07
33 9.00941e+06
26 5.7633e+06
56 1.29898e+07
74 1.7326e+07
46 1.02081e+07
134 4.81508e+07
20 4.68331e+06
23 5.53328e+06
44 9.26975e+06
119 4.35362e+07
Thế hệ thứ: 3
85 2.40348e+07
33 9.00941e+06
23 5.53328e+06
112 2.95355e+07
134 4.81508e+07
46 1.02081e+07
20 4.68331e+06
63 1.70701e+07
104 2.83388e+07
26 5.7633e+06
74 1.7326e+07
116 3.3219e+07
56 1.29898e+07
76 2.20952e+07
102 2.55943e+07
44 9.26975e+06
75 2.09677e+07
30 6.19654e+06
115 3.27904e+07
79 2.30985e+07
128 4.0478e+07
Thế hệ thứ: 4
112 2.95355e+07
134 4.81508e+07
116 3.3219e+07
33 9.00941e+06
79 2.30985e+07
85 2.40348e+07
46 1.02081e+07
128 4.0478e+07
20 4.68331e+06
56 1.29898e+07
76 2.20952e+07
102 2.55943e+07
63 1.70701e+07
44 9.26975e+06
104 2.83388e+07
115 3.27904e+07
74 1.7326e+07
32 5.30424e+06
14 4.5755e+06
75 2.0644e+07
117 3.86304e+07
80 2.38113e+07
Thế hệ thứ: 5
116 3.3219e+07
112 2.95355e+07
134 4.81508e+07
102 2.55943e+07
115 3.27904e+07
79 2.30985e+07
33 9.00941e+06
74 1.7326e+07
44 9.26975e+06
104 2.83388e+07
85 2.40348e+07
32 5.30424e+06
63 1.70701e+07
46 1.02081e+07
77 2.12716e+07
128 4.0478e+07
117 3.86304e+07
14 4.5755e+06
20 4.68331e+06
75 2.0644e+07
56 1.29898e+07
80 2.38113e+07
Thế hệ thứ: 6
44 9.26975e+06
102 2.55943e+07
80 2.38113e+07
112 2.95355e+07
116 3.3219e+07
77 2.12716e+07
128 4.0478e+07
56 1.29898e+07
115 3.27904e+07
79 2.30985e+07
33 9.00941e+06
74 1.7326e+07
104 2.83388e+07
14 4.5755e+06
85 2.40348e+07
20 4.68331e+06
75 2.0644e+07
32 5.30424e+06
63 1.70701e+07
46 1.02081e+07
117 3.70175e+07
30 5.19654e+06
121 3.86246e+07
140 4.40233e+07
Thế hệ thứ: 7
44 9.26975e+06
80 2.38113e+07
102 2.55943e+07
85 2.40348e+07
32 5.30424e+06
20 4.68331e+06
75 2.0644e+07
112 2.95355e+07
14 4.5755e+06
140 4.40233e+07
116 3.3219e+07
77 2.12716e+07
56 1.29898e+07
117 3.70175e+07
59 1.65821e+07
115 3.27904e+07
79 2.30985e+07
33 9.00941e+06
74 1.7326e+07
63 1.70701e+07
104 2.83388e+07
46 1.02081e+07
30 5.19654e+06
49 1.17776e+07
134 3.82278e+07
Thế hệ thứ: 8
44 9.26975e+06
59 1.65821e+07
115 3.27904e+07
102 2.55943e+07
80 2.38113e+07
85 2.40348e+07
79 2.30985e+07
32 5.30424e+06
74 1.7326e+07
20 4.68331e+06
63 1.70701e+07
49 1.17776e+07
75 2.0644e+07
104 2.83388e+07
112 2.95355e+07
46 1.02081e+07
140 4.40233e+07
14 4.5755e+06
116 3.3219e+07
134 3.82278e+07
30 5.19654e+06
77 2.12716e+07
56 1.29898e+07
37 8.1524e+06
131 3.72182e+07
128 3.59341e+07
124 3.38586e+07
Thế hệ thứ: 9
44 9.26975e+06
37 8.1524e+06
102 2.55943e+07
115 3.27904e+07
59 1.65821e+07
140 4.40233e+07
77 2.12716e+07
85 2.40348e+07
131 3.72182e+07
56 1.29898e+07
128 3.59341e+07
32 5.30424e+06
74 1.7326e+07
20 4.68331e+06
63 1.70701e+07
49 1.17776e+07
124 3.38586e+07
116 3.3219e+07
30 5.19654e+06
134 3.82278e+07
75 2.0644e+07
104 2.83388e+07
112 2.95355e+07
46 1.02081e+07
103 2.8095e+07
15 4.48759e+06
58 1.32429e+07
80 2.1279e+07
Thế hệ thứ: 10
29 4.90801e+06
140 4.40233e+07
44 9.26975e+06
37 8.1524e+06
103 2.8095e+07
102 2.55943e+07
80 2.1279e+07
124 3.38586e+07
116 3.3219e+07
115 3.27904e+07
59 1.65821e+07
134 3.82278e+07
30 5.19654e+06
15 4.48759e+06
20 4.68331e+06
46 1.02081e+07
77 2.12716e+07
85 2.40348e+07
131 3.72182e+07
56 1.29898e+07
58 1.32429e+07
75 2.0644e+07
32 5.30424e+06
128 3.59341e+07
74 1.7326e+07
104 2.83388e+07
63 1.70701e+07
112 2.95355e+07
22 4.81412e+06
52 1.11729e+07
Thế hệ thứ: 11
63 1.70701e+07
140 4.40233e+07
29 4.90801e+06
85 2.40348e+07
37 8.1524e+06
131 3.72182e+07
44 9.26975e+06
103 2.8095e+07
56 1.29898e+07
58 1.32429e+07
75 2.0644e+07
32 5.30424e+06
102 2.55943e+07
80 2.1279e+07
74 1.7326e+07
59 1.65821e+07
30 5.19654e+06
134 3.82278e+07
104 2.83388e+07
22 4.81412e+06
46 1.02081e+07
52 1.11729e+07
77 2.12716e+07
112 2.95355e+07
20 3.96948e+06
27 4.8461e+06
39 9.26713e+06
129 3.24967e+07
Thế hệ thứ: 12
29 4.90801e+06
140 4.40233e+07
63 1.70701e+07
80 2.1279e+07
30 5.19654e+06
134 3.82278e+07
22 4.81412e+06
46 1.02081e+07
85 2.40348e+07
37 8.1524e+06
52 1.11729e+07
131 3.72182e+07
44 9.26975e+06
39 9.26713e+06
103 2.8095e+07
56 1.29898e+07
58 1.32429e+07
112 2.95355e+07
75 2.0644e+07
129 3.24967e+07
32 5.30424e+06
102 2.55943e+07
20 3.96948e+06
74 1.7326e+07
104 2.83388e+07
77 2.0682e+07
28 4.81664e+06
36 8.08194e+06
61 1.59009e+07
59 1.57428e+07
Thế hệ thứ: 13
131 3.72182e+07
63 1.70701e+07
140 4.40233e+07
29 4.90801e+06
112 2.95355e+07
20 3.96948e+06
58 1.32429e+07
59 1.57428e+07
80 2.1279e+07
75 2.0644e+07
74 1.7326e+07
61 1.59009e+07
28 4.81664e+06
134 3.82278e+07
30 5.19654e+06
22 4.81412e+06
46 1.02081e+07
85 2.40348e+07
129 3.24967e+07
37 8.1524e+06
52 1.11729e+07
77 2.0682e+07
32 5.30424e+06
102 2.55943e+07
36 8.08194e+06
44 9.26975e+06
103 2.8095e+07
39 9.26713e+06
104 2.83388e+07
56 1.29898e+07
83 2.37529e+07
Thế hệ thứ: 14
83 2.37529e+07
58 1.32429e+07
129 3.24967e+07
103 2.8095e+07
39 9.26713e+06
37 8.1524e+06
131 3.72182e+07
29 4.90801e+06
140 4.40233e+07
63 1.70701e+07
52 1.11729e+07
112 2.95355e+07
77 2.0682e+07
20 3.96948e+06
30 5.19654e+06
134 3.82278e+07
79 2.12766e+07
104 2.83388e+07
80 2.1279e+07
59 1.57428e+07
56 1.29898e+07
75 2.0644e+07
74 1.7326e+07
61 1.59009e+07
32 5.30424e+06
28 4.81664e+06
102 2.55943e+07
36 8.08194e+06
44 9.26975e+06
22 4.81412e+06
46 1.02081e+07
86 2.3971e+07
114 3.18438e+07
Thế hệ thứ: 15
83 2.37529e+07
58 1.32429e+07
79 2.12766e+07
104 2.83388e+07
80 2.1279e+07
59 1.57428e+07
129 3.24967e+07
103 2.8095e+07
86 2.3971e+07
46 1.02081e+07
37 8.1524e+06
102 2.55943e+07
131 3.72182e+07
36 8.08194e+06
29 4.90801e+06
140 4.40233e+07
63 1.70701e+07
56 1.29898e+07
52 1.11729e+07
22 4.81412e+06
44 9.26975e+06
43 8.57428e+06
75 2.0644e+07
112 2.95355e+07
77 2.0682e+07
74 1.7326e+07
20 3.96948e+06
61 1.59009e+07
32 5.30424e+06
134 3.82278e+07
30 5.19654e+06
28 4.81664e+06
114 3.18438e+07
100 2.55498e+07
Thế hệ thứ: 16
46 1.02081e+07
58 1.32429e+07
114 3.18438e+07
79 2.12766e+07
104 2.83388e+07
80 2.1279e+07
59 1.57428e+07
84 2.35065e+07
134 3.82278e+07
30 5.19654e+06
129 3.24967e+07
112 2.95355e+07
103 2.8095e+07
140 4.40233e+07
29 4.90801e+06
86 2.3971e+07
77 2.0682e+07
74 1.7326e+07
20 3.96948e+06
28 4.81664e+06
37 8.1524e+06
102 2.55943e+07
61 1.59009e+07
131 3.72182e+07
36 8.08194e+06
63 1.70701e+07
32 5.30424e+06
100 2.55498e+07
43 8.57428e+06
75 2.0644e+07
56 1.29898e+07
52 1.11729e+07
22 4.81412e+06
44 9.26975e+06
Thế hệ thứ: 17
58 1.32429e+07
46 1.02081e+07
114 3.18438e+07
37 8.1524e+06
100 2.55498e+07
102 2.55943e+07
52 1.11729e+07
104 2.83388e+07
79 2.12766e+07
44 9.26975e+06
80 2.1279e+07
30 5.19654e+06
134 3.82278e+07
84 2.35065e+07
56 1.29898e+07
61 1.59009e+07
75 2.0644e+07
43 8.57428e+06
129 3.24967e+07
89 2.55466e+07
131 3.72182e+07
112 2.95355e+07
22 4.81412e+06
103 2.8095e+07
140 4.40233e+07
29 4.90801e+06
86 2.3971e+07
77 2.0682e+07
74 1.7326e+07
20 3.96948e+06
28 4.81664e+06
32 5.30424e+06
54 1.24386e+07
57 1.32104e+07
69 1.69804e+07
36 7.17152e+06
60 1.36037e+07
Thế hệ thứ: 18
104 2.83388e+07
79 2.12766e+07
112 2.95355e+07
46 1.02081e+07
58 1.32429e+07
100 2.55498e+07
114 3.18438e+07
29 4.90801e+06
140 4.40233e+07
102 2.55943e+07
52 1.11729e+07
22 4.81412e+06
54 1.24386e+07
60 1.36037e+07
44 9.26975e+06
80 2.1279e+07
74 1.7326e+07
84 2.35065e+07
134 3.82278e+07
30 5.19654e+06
89 2.55466e+07
131 3.72182e+07
36 7.17152e+06
56 1.29898e+07
61 1.59009e+07
69 1.69804e+07
57 1.32104e+07
77 2.0682e+07
75 2.0644e+07
32 5.30424e+06
28 4.81664e+06
20 3.96948e+06
129 3.24967e+07
86 2.3971e+07
103 2.8095e+07
87 2.53689e+07
64 1.69091e+07
43 7.57428e+06
Thế hệ thứ: 19
86 2.3971e+07
104 2.83388e+07
79 2.12766e+07
58 1.32429e+07
46 1.02081e+07
112 2.95355e+07
61 1.59009e+07
100 2.55498e+07
69 1.69804e+07
57 1.32104e+07
77 2.0682e+07
129 3.24967e+07
114 3.18438e+07
29 4.90801e+06
140 4.40233e+07
102 2.55943e+07
52 1.11729e+07
22 4.81412e+06
43 7.57428e+06
54 1.24386e+07
60 1.36037e+07
75 2.0644e+07
44 9.26975e+06
32 5.30424e+06
80 2.1279e+07
74 1.7326e+07
28 4.81664e+06
30 5.19654e+06
134 3.82278e+07
84 2.35065e+07
103 2.8095e+07
36 7.17152e+06
131 3.72182e+07
20 3.96948e+06
56 1.29898e+07
117 3.20428e+07
68 1.62324e+07
89 2.51637e+07
Thế hệ thứ: 20
104 2.83388e+07
79 2.12766e+07
86 2.3971e+07
80 2.1279e+07
46 1.02081e+07
58 1.32429e+07
81 2.20795e+07
20 3.96948e+06
56 1.29898e+07
112 2.95355e+07
74 1.7326e+07
61 1.59009e+07
100 2.55498e+07
69 1.69804e+07
28 4.81664e+06
57 1.32104e+07
77 2.0682e+07
129 3.24967e+07
117 3.20428e+07
114 3.18438e+07
29 4.90801e+06
140 4.40233e+07
68 1.62324e+07
84 2.35065e+07
134 3.82278e+07
30 5.19654e+06
102 2.55943e+07
52 1.11729e+07
22 4.81412e+06
43 7.57428e+06
54 1.24386e+07
60 1.36037e+07
103 2.8095e+07
89 2.51637e+07
75 2.0644e+07
131 3.72182e+07
36 7.17152e+06
44 9.26975e+06
32 5.30424e+06
49 1.10496e+07
Thế hệ thứ: 21
104 2.83388e+07
79 2.12766e+07
80 2.1279e+07
103 2.8095e+07
20 3.96948e+06
58 1.32429e+07
46 1.02081e+07
56 1.29898e+07
112 2.95355e+07
129 3.24967e+07
74 1.7326e+07
49 1.10496e+07
44 9.26975e+06
32 5.30424e+06
75 2.0644e+07
100 2.55498e+07
28 4.81664e+06
57 1.32104e+07
77 2.0682e+07
36 7.17152e+06
131 3.72182e+07
117 3.20428e+07
114 3.18438e+07
29 4.90801e+06
140 4.40233e+07
68 1.62324e+07
30 5.19654e+06
134 3.82278e+07
102 2.55943e+07
52 1.11729e+07
22 4.81412e+06
43 7.57428e+06
54 1.24386e+07
60 1.36037e+07
63 1.53327e+07
89 2.1838e+07
143 5.28433e+07
72 1.62743e+07
Thế hệ thứ: 22
20 3.96948e+06
46 1.02081e+07
114 3.18438e+07
117 3.20428e+07
104 2.83388e+07
79 2.12766e+07
80 2.1279e+07
103 2.8095e+07
29 4.90801e+06
140 4.40233e+07
58 1.32429e+07
68 1.62324e+07
22 4.81412e+06
134 3.82278e+07
30 5.19654e+06
72 1.62743e+07
56 1.29898e+07
112 2.95355e+07
129 3.24967e+07
143 5.28433e+07
74 1.7326e+07
49 1.10496e+07
89 2.1838e+07
44 9.26975e+06
32 5.30424e+06
63 1.53327e+07
102 2.55943e+07
43 7.57428e+06
60 1.36037e+07
100 2.55498e+07
52 1.11729e+07
28 4.81664e+06
57 1.32104e+07
131 3.72182e+07
55 1.23447e+07
36 7.17152e+06
78 2.04384e+07
Thế hệ thứ: 23
80 2.1279e+07
46 1.02081e+07
20 3.96948e+06
117 3.20428e+07
114 3.18438e+07
55 1.23447e+07
131 3.72182e+07
36 7.17152e+06
100 2.55498e+07
60 1.36037e+07
79 2.12766e+07
104 2.83388e+07
57 1.32104e+07
56 1.29898e+07
103 2.8095e+07
29 4.90801e+06
58 1.32429e+07
68 1.62324e+07
22 4.81412e+06
52 1.11729e+07
30 5.19654e+06
134 3.82278e+07
28 4.81664e+06
72 1.62743e+07
78 2.04384e+07
112 2.95355e+07
129 3.24967e+07
143 5.28433e+07
74 1.7326e+07
49 1.10496e+07
89 2.1838e+07
44 9.26975e+06
32 5.30424e+06
63 1.53327e+07
102 2.55943e+07
43 7.57428e+06
141 4.39635e+07
137 4.2757e+07
107 2.87115e+07
Thế hệ thứ: 24
55 1.23447e+07
131 3.72182e+07
36 7.17152e+06
141 4.3358e+07
20 3.96948e+06
46 1.02081e+07
112 2.95355e+07
129 3.24967e+07
143 5.28433e+07
117 3.20428e+07
114 3.18438e+07
29 4.90801e+06
100 2.55498e+07
60 1.36037e+07
74 1.7326e+07
104 2.83388e+07
44 9.26975e+06
107 2.87115e+07
49 1.10496e+07
89 2.1838e+07
57 1.32104e+07
56 1.29898e+07
103 2.8095e+07
32 5.30424e+06
63 1.53327e+07
58 1.32429e+07
68 1.62324e+07
102 2.55943e+07
22 4.81412e+06
43 7.57428e+06
52 1.11729e+07
134 3.82278e+07
30 5.19654e+06
28 4.81664e+06
137 4.2757e+07
72 1.62743e+07
84 1.86579e+07
Thế hệ thứ: 25
43 7.57428e+06
131 3.72182e+07
55 1.23447e+07
102 2.55943e+07
141 4.3358e+07
72 1.62743e+07
22 4.81412e+06
114 3.18438e+07
20 3.96948e+06
84 1.86579e+07
52 1.11729e+07
46 1.02081e+07
112 2.95355e+07
129 3.24967e+07
143 5.28433e+07
117 3.20428e+07
30 5.19654e+06
134 3.82278e+07
29 4.90801e+06
100 2.55498e+07
60 1.36037e+07
74 1.7326e+07
104 2.83388e+07
28 4.81664e+06
107 2.87115e+07
44 9.26975e+06
49 1.10496e+07
89 2.1838e+07
137 4.2757e+07
57 1.32104e+07
56 1.29898e+07
37 7.01265e+06
103 2.8095e+07
32 5.30424e+06
63 1.53327e+07
58 1.32429e+07
68 1.62324e+07
Thế hệ thứ: 26
28 4.81664e+06
49 1.10496e+07
55 1.23447e+07
131 3.72182e+07
43 7.57428e+06
107 2.87115e+07
44 9.26975e+06
58 1.32429e+07
102 2.55943e+07
89 2.1838e+07
137 4.2757e+07
141 4.3358e+07
63 1.53327e+07
72 1.62743e+07
22 4.81412e+06
114 3.18438e+07
32 5.30424e+06
20 3.96948e+06
52 1.11729e+07
84 1.86579e+07
57 1.32104e+07
56 1.29898e+07
46 1.02081e+07
112 2.95355e+07
103 2.8095e+07
37 7.01265e+06
129 3.24967e+07
143 5.28433e+07
117 3.20428e+07
134 3.82278e+07
30 5.19654e+06
29 4.90801e+06
100 2.55498e+07
68 1.62324e+07
60 1.36037e+07
74 1.7326e+07
104 2.83388e+07
92 2.53846e+07
Thế hệ thứ: 27
22 4.81412e+06
28 4.81664e+06
43 7.57428e+06
131 3.72182e+07
55 1.23447e+07
49 1.10496e+07
112 2.95355e+07
37 7.01265e+06
103 2.8095e+07
44 9.26975e+06
107 2.87115e+07
58 1.32429e+07
129 3.24967e+07
102 2.55943e+07
89 2.1838e+07
137 4.2757e+07
143 5.28433e+07
29 4.90801e+06
141 4.3358e+07
134 3.82278e+07
30 5.19654e+06
63 1.53327e+07
60 1.36037e+07
72 1.62743e+07
74 1.7326e+07
114 3.18438e+07
68 1.62324e+07
32 5.30424e+06
46 1.02081e+07
20 3.96948e+06
84 1.86579e+07
52 1.11729e+07
104 2.83388e+07
57 1.32104e+07
56 1.29898e+07
117 3.20428e+07
100 2.39697e+07
Thế hệ thứ: 28
28 4.81664e+06
57 1.32104e+07
55 1.23447e+07
131 3.72182e+07
43 7.57428e+06
68 1.62324e+07
22 4.45905e+06
32 5.30424e+06
49 1.10496e+07
112 2.95355e+07
103 2.8095e+07
37 7.01265e+06
46 1.02081e+07
107 2.87115e+07
44 9.26975e+06
20 3.96948e+06
58 1.32429e+07
129 3.24967e+07
52 1.11729e+07
84 1.86579e+07
102 2.55943e+07
104 2.83388e+07
117 3.20428e+07
89 2.1838e+07
137 4.2757e+07
143 5.28433e+07
29 4.90801e+06
100 2.39697e+07
56 1.29898e+07
141 4.3358e+07
30 5.19654e+06
134 3.82278e+07
63 1.53327e+07
60 1.36037e+07
72 1.62743e+07
74 1.7326e+07
114 3.18438e+07
Thế hệ thứ: 29
22 4.45905e+06
68 1.62324e+07
56 1.29898e+07
143 5.28433e+07
72 1.62743e+07
28 4.81664e+06
29 4.90801e+06
57 1.32104e+07
100 2.39697e+07
55 1.23447e+07
131 3.72182e+07
43 7.57428e+06
20 3.96948e+06
114 3.18438e+07
32 5.30424e+06
49 1.10496e+07
141 4.3358e+07
112 2.95355e+07
37 7.01265e+06
103 2.8095e+07
134 3.82278e+07
30 5.19654e+06
46 1.02081e+07
44 9.26975e+06
107 2.87115e+07
63 1.53327e+07
74 1.7326e+07
58 1.32429e+07
129 3.24967e+07
84 1.86579e+07
52 1.11729e+07
60 1.36037e+07
102 2.55943e+07
104 2.83388e+07
117 3.20428e+07
89 2.1838e+07
137 4.2757e+07
Thế hệ thứ: 30
68 1.62324e+07
22 4.45905e+06
56 1.29898e+07
28 4.81664e+06
72 1.62743e+07
129 3.24967e+07
29 4.90801e+06
57 1.32104e+07
52 1.11729e+07
84 1.86579e+07
117 3.20428e+07
100 2.39697e+07
112 2.95355e+07
60 1.36037e+07
55 1.23447e+07
131 3.72182e+07
43 7.57428e+06
20 3.96948e+06
32 5.30424e+06
89 2.1838e+07
49 1.10496e+07
141 4.3358e+07
102 2.55943e+07
104 2.83388e+07
103 2.8095e+07
37 7.01265e+06
30 5.19654e+06
134 3.82278e+07
137 4.2757e+07
46 1.02081e+07
107 2.87115e+07
44 9.26975e+06
63 1.53327e+07
74 1.7326e+07
58 1.32429e+07
143 5.2254e+07
114 3.06711e+07
Thế hệ thứ: 31
58 1.32429e+07
22 4.45905e+06
68 1.62324e+07
49 1.10496e+07
102 2.55943e+07
141 4.3358e+07
74 1.7326e+07
56 1.29898e+07
28 4.81664e+06
104 2.83388e+07
72 1.62743e+07
129 3.24967e+07
29 4.90801e+06
37 7.01265e+06
103 2.8095e+07
57 1.32104e+07
84 1.86579e+07
52 1.11729e+07
134 3.82278e+07
30 5.19654e+06
117 3.20428e+07
100 2.39697e+07
137 4.2757e+07
112 2.95355e+07
114 3.06711e+07
143 5.2254e+07
60 1.36037e+07
46 1.02081e+07
55 1.23447e+07
131 3.72182e+07
44 9.26975e+06
107 2.87115e+07
43 7.57428e+06
20 3.96948e+06
32 5.30424e+06
89 2.1838e+07
63 1.39703e+07
Thế hệ thứ: 32
68 1.62324e+07
22 4.45905e+06
58 1.32429e+07
60 1.36037e+07
49 1.10496e+07
141 4.3358e+07
102 2.55943e+07
114 3.06711e+07
143 5.2254e+07
74 1.7326e+07
56 1.29898e+07
28 4.81664e+06
104 2.83388e+07
32 5.30424e+06
72 1.62743e+07
129 3.24967e+07
20 3.96948e+06
29 4.90801e+06
103 2.8095e+07
37 7.01265e+06
46 1.02081e+07
57 1.32104e+07
43 7.57428e+06
116 3.17705e+07
52 1.11729e+07
84 1.86579e+07
55 1.23447e+07
131 3.72182e+07
30 5.19654e+06
63 1.39703e+07
117 3.20428e+07
100 2.39697e+07
107 2.87115e+07
44 9.26975e+06
137 4.2757e+07
112 2.95355e+07
89 2.1838e+07
135 3.80202e+07
Thế hệ thứ: 33
58 1.32429e+07
22 4.45905e+06
68 1.62324e+07
60 1.36037e+07
102 2.55943e+07
141 4.3358e+07
89 2.1838e+07
116 3.17705e+07
84 1.86579e+07
143 5.2254e+07
114 3.06711e+07
74 1.7326e+07
29 4.90801e+06
117 3.20428e+07
56 1.29898e+07
28 4.81664e+06
104 2.83388e+07
32 5.30424e+06
112 2.95355e+07
72 1.62743e+07
129 3.24967e+07
20 3.96948e+06
137 4.2757e+07
131 3.72182e+07
55 1.23447e+07
107 2.87115e+07
44 9.26975e+06
37 7.01265e+06
103 2.8095e+07
46 1.02081e+07
57 1.32104e+07
30 5.19654e+06
100 2.39697e+07
63 1.39703e+07
43 7.57428e+06
135 3.80202e+07
52 1.03387e+07
Thế hệ thứ: 34
68 1.62324e+07
22 4.45905e+06
58 1.32429e+07
30 5.19654e+06
57 1.32104e+07
60 1.36037e+07
131 3.72182e+07
55 1.23447e+07
102 2.55943e+07
141 4.3358e+07
89 2.1838e+07
44 9.26975e+06
107 2.87115e+07
116 3.17705e+07
84 1.86579e+07
63 1.39703e+07
114 3.06711e+07
143 5.2254e+07
74 1.7326e+07
103 2.8095e+07
37 7.01265e+06
29 4.90801e+06
52 1.03387e+07
117 3.20428e+07
100 2.39697e+07
56 1.29898e+07
28 4.81664e+06
32 5.30424e+06
112 2.95355e+07
135 3.80202e+07
43 7.57428e+06
46 1.02081e+07
72 1.62743e+07
129 3.24967e+07
20 3.96948e+06
137 4.2757e+07
105 2.83112e+07
Thế hệ thứ: 35
29 4.90801e+06
52 1.03387e+07
46 1.02081e+07
58 1.32429e+07
22 4.45905e+06
68 1.62324e+07
117 3.20428e+07
30 5.19654e+06
100 2.39697e+07
57 1.32104e+07
60 1.36037e+07
105 2.83112e+07
111 2.90251e+07
112 2.95355e+07
131 3.72182e+07
55 1.23447e+07
91 2.25849e+07
102 2.55943e+07
20 3.96948e+06
141 4.3358e+07
43 7.57428e+06
89 2.1838e+07
107 2.87115e+07
44 9.26975e+06
129 3.24967e+07
116 3.17705e+07
84 1.86579e+07
135 3.80202e+07
72 1.62743e+07
63 1.39703e+07
143 5.2254e+07
114 3.06711e+07
74 1.7326e+07
37 7.01265e+06
103 2.8095e+07
32 5.30424e+06
28 4.81664e+06
16 3.27639e+06
56 1.24481e+07
137 4.2084e+07
53 1.10248e+07
66 1.50067e+07
Thế hệ thứ: 36
29 4.90801e+06
52 1.03387e+07
89 2.1838e+07
137 4.2084e+07
58 1.32429e+07
46 1.02081e+07
112 2.95355e+07
111 2.90251e+07
53 1.10248e+07
84 1.86579e+07
116 3.17705e+07
28 4.81664e+06
66 1.50067e+07
135 3.80202e+07
22 4.45905e+06
68 1.62324e+07
117 3.20428e+07
30 5.19654e+06
100 2.39697e+07
72 1.62743e+07
63 1.39703e+07
60 1.36037e+07
105 2.83112e+07
16 3.27639e+06
143 5.2254e+07
114 3.06711e+07
74 1.7326e+07
131 3.72182e+07
37 7.01265e+06
102 2.55943e+07
91 2.25849e+07
20 3.96948e+06
32 5.30424e+06
141 4.3358e+07
43 7.57428e+06
103 2.8004e+07
44 9.26975e+06
107 2.87115e+07
129 3.24967e+07
38 7.25037e+06
57 1.23094e+07
Thế hệ thứ: 37
116 3.17705e+07
84 1.86579e+07
29 4.90801e+06
131 3.72182e+07
57 1.23094e+07
89 2.1838e+07
137 4.2084e+07
52 1.03387e+07
46 1.02081e+07
58 1.32429e+07
53 1.10248e+07
111 2.90251e+07
112 2.95355e+07
141 4.3358e+07
32 5.30424e+06
66 1.50067e+07
28 4.81664e+06
135 3.80202e+07
38 7.25037e+06
20 3.96948e+06
22 4.45905e+06
68 1.62324e+07
117 3.20428e+07
30 5.19654e+06
129 3.24967e+07
44 9.26975e+06
103 2.8004e+07
100 2.39697e+07
72 1.62743e+07
63 1.39703e+07
43 7.57428e+06
37 7.01265e+06
91 2.25849e+07
102 2.55943e+07
60 1.36037e+07
105 2.83112e+07
16 3.27639e+06
114 3.06711e+07
74 1.7326e+07
142 5.15104e+07
144 5.23255e+07
132 3.79263e+07
143 5.18975e+07
107 2.84571e+07
Thế hệ thứ: 38
102 2.55943e+07
91 2.25849e+07
142 5.15104e+07
132 3.79263e+07
52 1.03387e+07
116 3.17705e+07
84 1.86579e+07
29 4.90801e+06
131 3.72182e+07
143 5.18975e+07
137 4.2084e+07
89 2.1838e+07
57 1.23094e+07
38 7.25037e+06
46 1.02081e+07
58 1.32429e+07
60 1.36037e+07
112 2.95355e+07
111 2.90251e+07
53 1.10248e+07
141 4.3358e+07
32 5.30424e+06
28 4.81664e+06
66 1.50067e+07
56 1.20121e+07
135 3.80202e+07
107 2.84571e+07
20 3.96948e+06
105 2.83112e+07
16 3.27639e+06
114 3.06711e+07
22 4.45905e+06
68 1.62324e+07
117 3.20428e+07
30 5.19654e+06
129 3.24967e+07
44 9.26975e+06
103 2.8004e+07
74 1.7326e+07
100 2.39697e+07
72 1.62743e+07
63 1.39703e+07
43 7.57428e+06
37 7.01265e+06
144 5.23255e+07
19 3.48388e+06
Thế hệ thứ: 39
131 3.72182e+07
52 1.03387e+07
142 5.15104e+07
132 3.79263e+07
102 2.55943e+07
91 2.25849e+07
66 1.50067e+07
28 4.81664e+06
129 3.24967e+07
111 2.90251e+07
112 2.95355e+07
53 1.10248e+07
84 1.86579e+07
116 3.17705e+07
29 4.90801e+06
103 2.8004e+07
44 9.26975e+06
141 4.3358e+07
32 5.30424e+06
143 5.18975e+07
57 1.23094e+07
89 2.1838e+07
43 7.57428e+06
38 7.25037e+06
46 1.02081e+07
58 1.32429e+07
63 1.39703e+07
60 1.36037e+07
135 3.80202e+07
56 1.20121e+07
107 2.84571e+07
20 3.96948e+06
105 2.83112e+07
16 3.27639e+06
114 3.06711e+07
72 1.62743e+07
22 4.45905e+06
68 1.62324e+07
100 2.39697e+07
30 5.19654e+06
74 1.7326e+07
37 7.01265e+06
144 5.23255e+07
19 3.48388e+06
127 3.17758e+07
139 4.1935e+07
Thế hệ thứ: 40
131 3.72182e+07
100 2.39697e+07
102 2.55943e+07
91 2.25849e+07
132 3.79263e+07
52 1.03387e+07
28 4.81664e+06
66 1.50067e+07
129 3.24967e+07
53 1.10248e+07
112 2.95355e+07
111 2.90251e+07
16 3.27639e+06
144 4.81864e+07
114 3.06711e+07
116 3.17705e+07
84 1.86579e+07
29 4.90801e+06
72 1.62743e+07
103 2.8004e+07
44 9.26975e+06
141 4.3358e+07
32 5.30424e+06
57 1.23094e+07
89 2.1838e+07
43 7.57428e+06
37 7.01265e+06
38 7.25037e+06
46 1.02081e+07
74 1.7326e+07
58 1.32429e+07
63 1.39703e+07
60 1.36037e+07
56 1.20121e+07
135 3.80202e+07
30 5.19654e+06
107 2.84571e+07
105 2.83112e+07
19 3.48388e+06
127 3.17758e+07
139 4.1935e+07
143 4.40017e+07
23 3.59799e+06
69 1.6155e+07
Thế hệ thứ: 41
43 7.57428e+06
131 3.72182e+07
30 5.19654e+06
100 2.39697e+07
102 2.55943e+07
91 2.25849e+07
56 1.20121e+07
135 3.80202e+07
127 3.17758e+07
132 3.79263e+07
52 1.03387e+07
66 1.50067e+07
28 4.81664e+06
129 3.24967e+07
111 2.90251e+07
112 2.95355e+07
53 1.10248e+07
19 3.48388e+06
16 3.27639e+06
114 3.06711e+07
144 4.81864e+07
84 1.86579e+07
116 3.17705e+07
29 4.90801e+06
37 7.01265e+06
72 1.62743e+07
103 2.8004e+07
44 9.26975e+06
38 7.25037e+06
46 1.02081e+07
105 2.83112e+07
74 1.7326e+07
141 4.3358e+07
32 5.30424e+06
107 2.84571e+07
58 1.32429e+07
57 1.23094e+07
89 2.1838e+07
63 1.39703e+07
60 1.36037e+07
139 4.1935e+07
143 4.40017e+07
23 3.59799e+06
69 1.6155e+07
Thế hệ thứ: 42
131 3.72182e+07
43 7.57428e+06
135 3.80202e+07
56 1.20121e+07
102 2.55943e+07
91 2.25849e+07
57 1.23094e+07
89 2.1838e+07
30 5.19654e+06
100 2.39697e+07
127 3.17758e+07
132 3.79263e+07
52 1.03387e+07
28 4.81664e+06
66 1.50067e+07
129 3.24967e+07
53 1.10248e+07
112 2.95355e+07
111 2.90251e+07
60 1.36037e+07
19 3.48388e+06
16 3.27639e+06
144 4.81864e+07
114 3.06711e+07
116 3.17705e+07
84 1.86579e+07
29 4.90801e+06
63 1.39703e+07
139 4.1935e+07
37 7.01265e+06
72 1.62743e+07
103 2.8004e+07
44 9.26975e+06
38 7.25037e+06
69 1.6155e+07
46 1.02081e+07
105 2.83112e+07
74 1.7326e+07
143 4.40017e+07
141 4.3358e+07
32 5.30424e+06
107 2.84571e+07
58 1.32429e+07
23 3.59799e+06
86 2.18152e+07
Thế hệ thứ: 43
127 3.17758e+07
43 7.57428e+06
131 3.72182e+07
102 2.55943e+07
91 2.25849e+07
135 3.80202e+07
56 1.20121e+07
55 1.15317e+07
46 1.02081e+07
89 2.1838e+07
57 1.23094e+07
30 5.19654e+06
100 2.39697e+07
60 1.36037e+07
132 3.79263e+07
52 1.03387e+07
141 4.3358e+07
143 4.40017e+07
66 1.50067e+07
28 4.81664e+06
86 2.18152e+07
129 3.24967e+07
111 2.90251e+07
112 2.95355e+07
53 1.10248e+07
23 3.59799e+06
19 3.48388e+06
16 3.27639e+06
114 3.06711e+07
144 4.81864e+07
84 1.86579e+07
116 3.17705e+07
29 4.90801e+06
74 1.7326e+07
63 1.39703e+07
139 4.1935e+07
58 1.32429e+07
107 2.84571e+07
130 3.40948e+07
37 7.01265e+06
72 1.62743e+07
44 9.26975e+06
38 7.25037e+06
69 1.6155e+07
32 5.30424e+06
106 2.65585e+07
Thế hệ thứ: 44
127 3.17758e+07
69 1.6155e+07
131 3.72182e+07
43 7.57428e+06
56 1.20121e+07
135 3.80202e+07
102 2.55943e+07
91 2.25849e+07
38 7.25037e+06
55 1.15317e+07
46 1.02081e+07
57 1.23094e+07
89 2.1838e+07
30 5.19654e+06
58 1.32429e+07
100 2.39697e+07
120 3.09398e+07
44 9.26975e+06
132 3.79263e+07
72 1.62743e+07
52 1.03387e+07
141 4.3358e+07
143 4.40017e+07
28 4.81664e+06
66 1.50067e+07
130 3.40948e+07
37 7.01265e+06
86 2.18152e+07
129 3.24967e+07
74 1.7326e+07
53 1.10248e+07
112 2.95355e+07
111 2.90251e+07
23 3.59799e+06
19 3.48388e+06
107 2.84571e+07
16 3.27639e+06
114 3.06711e+07
144 4.81864e+07
63 1.39703e+07
139 4.1935e+07
84 1.86579e+07
29 4.90801e+06
32 5.30424e+06
106 2.65585e+07
20 3.48707e+06
60 1.35086e+07
Thế hệ thứ: 45
127 3.17758e+07
69 1.6155e+07
43 7.57428e+06
131 3.72182e+07
63 1.39703e+07
102 2.55943e+07
91 2.25849e+07
56 1.20121e+07
135 3.80202e+07
38 7.25037e+06
55 1.15317e+07
89 2.1838e+07
57 1.23094e+07
144 4.81864e+07
30 5.19654e+06
20 3.48707e+06
58 1.32429e+07
101 2.47732e+07
107 2.84571e+07
16 3.27639e+06
100 2.39697e+07
60 1.35086e+07
44 9.26975e+06
120 3.09398e+07
72 1.62743e+07
52 1.03387e+07
141 4.3358e+07
143 4.40017e+07
66 1.50067e+07
28 4.81664e+06
37 7.01265e+06
130 3.40948e+07
86 2.18152e+07
129 3.24967e+07
74 1.7326e+07
111 2.90251e+07
112 2.95355e+07
53 1.10248e+07
23 3.59799e+06
19 3.48388e+06
139 4.1935e+07
84 1.86579e+07
29 4.90801e+06
32 5.30424e+06
106 2.65585e+07
50 9.69493e+06
116 3.00568e+07
133 3.7479e+07
Thế hệ thứ: 46
55 1.15317e+07
127 3.17758e+07
69 1.6155e+07
131 3.72182e+07
43 7.57428e+06
133 3.7479e+07
63 1.39703e+07
91 2.25849e+07
102 2.55943e+07
135 3.80202e+07
56 1.20121e+07
38 7.25037e+06
107 2.84571e+07
101 2.47732e+07
129 3.24967e+07
57 1.23094e+07
89 2.1838e+07
74 1.7326e+07
53 1.10248e+07
112 2.95355e+07
111 2.90251e+07
144 4.81864e+07
30 5.19654e+06
20 3.48707e+06
58 1.32429e+07
23 3.59799e+06
19 3.48388e+06
139 4.1935e+07
16 3.27639e+06
100 2.39697e+07
84 1.86579e+07
60 1.35086e+07
120 3.09398e+07
44 9.26975e+06
29 4.90801e+06
32 5.30424e+06
106 2.65585e+07
72 1.62743e+07
52 1.03387e+07
28 4.81664e+06
66 1.50067e+07
50 9.69493e+06
86 2.18152e+07
116 3.00568e+07
141 4.3358e+07
143 4.40017e+07
130 3.40948e+07
37 7.01265e+06
26 4.56898e+06
Thế hệ thứ: 47
69 1.6155e+07
26 4.56898e+06
127 3.17758e+07
28 4.81664e+06
66 1.50067e+07
50 9.69493e+06
43 7.57428e+06
131 3.72182e+07
133 3.7479e+07
63 1.39703e+07
102 2.55943e+07
91 2.25849e+07
135 3.80202e+07
38 7.25037e+06
101 2.47732e+07
107 2.84571e+07
129 3.24967e+07
89 2.1838e+07
116 3.00568e+07
86 2.18152e+07
74 1.7326e+07
111 2.90251e+07
112 2.95355e+07
141 4.3358e+07
30 5.19654e+06
30 5.19654e+06
20 3.48707e+06
143 4.40017e+07
23 3.59799e+06
19 3.48388e+06
139 4.1935e+07
16 3.27639e+06
37 7.01265e+06
130 3.40948e+07
100 2.39697e+07
84 1.86579e+07
60 1.35086e+07
44 9.26975e+06
120 3.09398e+07
29 4.90801e+06
32 5.30424e+06
106 2.65585e+07
72 1.62743e+07
52 1.03387e+07
58 1.05913e+07
92 2.38983e+07
76 1.79748e+07
145 4.79671e+07
Thế hệ thứ: 48
43 7.57428e+06
16 3.27639e+06
145 4.79671e+07
26 4.56898e+06
130 3.40948e+07
52 1.03387e+07
100 2.39697e+07
84 1.86579e+07
127 3.17758e+07
29 4.81899e+06
50 9.69493e+06
66 1.50067e+07
28 4.81664e+06
131 3.72182e+07
133 3.7479e+07
44 9.26975e+06
91 2.25849e+07
102 2.55943e+07
92 2.38983e+07
135 3.80202e+07
32 5.30424e+06
106 2.65585e+07
107 2.84571e+07
101 2.47732e+07
129 3.24967e+07
89 2.1838e+07
72 1.62743e+07
86 2.18152e+07
116 3.00568e+07
58 1.05913e+07
74 1.7326e+07
112 2.95355e+07
111 2.90251e+07
141 4.3358e+07
30 5.19654e+06
30 5.19654e+06
20 3.48707e+06
143 4.40017e+07
76 1.79748e+07
23 3.59799e+06
19 3.48388e+06
139 4.1935e+07
71 1.60847e+07
63 1.2699e+07
126 3.06495e+07
38 6.37424e+06
Thế hệ thứ: 49
76 1.79748e+07
43 7.57428e+06
16 3.27639e+06
145 4.79671e+07
130 3.40948e+07
30 5.19654e+06
30 5.19654e+06
26 4.56898e+06
112 2.95355e+07
111 2.90251e+07
28 4.81664e+06
50 9.69493e+06
29 4.81899e+06
66 1.50067e+07
52 1.03387e+07
100 2.39697e+07
84 1.86579e+07
127 3.17758e+07
143 4.40017e+07
23 3.59799e+06
141 4.3358e+07
19 3.48388e+06
139 4.1935e+07
131 3.72182e+07
133 3.7479e+07
71 1.60847e+07
44 9.26975e+06
63 1.2699e+07
102 2.55943e+07
91 2.25849e+07
38 6.37424e+06
126 3.06495e+07
135 3.80202e+07
92 2.38983e+07
32 5.30424e+06
106 2.65585e+07
20 3.48707e+06
101 2.47732e+07
107 2.84571e+07
129 3.24967e+07
89 2.1838e+07
72 1.62743e+07
116 3.00568e+07
86 2.18152e+07
74 1.7326e+07
58 1.05913e+07
64 1.27153e+07
