Thế hệ thứ: 0
66 1.57271e+07
33 7.63429e+06
36 7.79021e+06
32 7.44837e+06
27 3.88424e+06
78 2.81089e+07
29 4.49658e+06
73 1.69634e+07
60 1.15143e+07
65 1.22722e+07
47 9.5409e+06
76 1.70872e+07
Thế hệ thứ: 1
66 1.3641e+07
73 1.69634e+07
60 1.15143e+07
29 4.49658e+06
65 1.22722e+07
76 1.70872e+07
47 9.5409e+06
38 6.91307e+06
40 7.22134e+06
27 3.88424e+06
30 5.43485e+06
77 1.83591e+07
48 9.69044e+06
69 1.36592e+07
70 1.60711e+07
78 1.85332e+07
58 1.10451e+07
42 8.6998e+06
46 9.01223e+06
Thế hệ thứ: 2
60 1.15143e+07
29 4.49658e+06
73 1.69634e+07
66 1.3641e+07
30 5.43485e+06
76 1.70872e+07
65 1.22722e+07
46 9.01223e+06
69 1.36592e+07
27 3.88424e+06
58 1.10451e+07
47 9.5409e+06
48 9.69044e+06
40 7.22134e+06
70 1.60711e+07
42 8.6998e+06
51 1.06916e+07
77 1.80322e+07
79 1.8229e+07
83 2.86729e+07
56 1.08296e+07
38 6.76958e+06
Thế hệ thứ: 3
47 9.5409e+06
29 4.49658e+06
60 1.15143e+07
51 1.06916e+07
40 7.22134e+06
73 1.69634e+07
30 5.43485e+06
38 6.76958e+06
65 1.22722e+07
76 1.70872e+07
46 9.01223e+06
42 8.6998e+06
27 3.88424e+06
58 1.10451e+07
79 1.8229e+07
48 9.69044e+06
56 1.08296e+07
61 1.18126e+07
41 8.11281e+06
71 1.34689e+07
78 1.8165e+07
77 1.75404e+07
75 1.70118e+07
80 2.14704e+07
85 2.35649e+07
Thế hệ thứ: 4
47 9.5409e+06
46 9.01223e+06
41 8.11281e+06
60 1.15143e+07
29 4.49658e+06
77 1.75404e+07
78 1.8165e+07
40 7.22134e+06
27 3.88424e+06
71 1.34689e+07
73 1.69634e+07
30 5.43485e+06
85 2.35649e+07
58 1.10451e+07
51 1.01349e+07
80 2.14704e+07
79 1.8229e+07
38 6.76958e+06
76 1.70872e+07
65 1.22722e+07
72 1.6447e+07
48 9.69044e+06
75 1.70118e+07
43 8.47882e+06
56 1.08296e+07
61 1.18126e+07
31 5.52391e+06
44 8.54177e+06
Thế hệ thứ: 5
47 9.5409e+06
31 5.52391e+06
30 5.43485e+06
46 9.01223e+06
41 8.11281e+06
60 1.15143e+07
58 1.10451e+07
51 1.01349e+07
48 9.69044e+06
29 4.49658e+06
77 1.75404e+07
27 3.88424e+06
75 1.70118e+07
79 1.8229e+07
44 8.54177e+06
43 8.47882e+06
78 1.8165e+07
61 1.18126e+07
38 6.76958e+06
40 7.22134e+06
65 1.22722e+07
76 1.70872e+07
71 1.34689e+07
85 2.02931e+07
56 1.01515e+07
73 1.60839e+07
72 1.50747e+07
Thế hệ thứ: 6
31 5.52391e+06
30 5.43485e+06
40 7.22134e+06
76 1.70872e+07
65 1.22722e+07
72 1.50747e+07
78 1.8165e+07
75 1.70118e+07
51 1.01349e+07
73 1.60839e+07
71 1.34689e+07
38 6.76958e+06
29 4.49658e+06
77 1.75404e+07
27 3.88424e+06
56 1.01515e+07
85 2.02931e+07
79 1.8229e+07
61 1.0994e+07
48 8.06429e+06
83 1.97402e+07
43 7.96352e+06
86 2.73247e+07
80 1.83389e+07
Thế hệ thứ: 7
73 1.60839e+07
31 5.52391e+06
27 3.88424e+06
43 7.96352e+06
30 5.43485e+06
40 7.22134e+06
65 1.22722e+07
76 1.70872e+07
71 1.34689e+07
72 1.50747e+07
48 8.06429e+06
75 1.70118e+07
38 6.76958e+06
29 4.49658e+06
61 1.0994e+07
56 1.01515e+07
82 1.79727e+07
34 6.21983e+06
79 1.72964e+07
51 8.66167e+06
86 1.89258e+07
15 3.80544e+06
Thế hệ thứ: 8
51 8.66167e+06
86 1.89258e+07
73 1.60839e+07
61 1.0994e+07
15 3.80544e+06
31 5.52391e+06
56 1.01515e+07
27 3.88424e+06
30 5.43485e+06
79 1.72964e+07
75 1.70118e+07
76 1.70872e+07
65 1.22722e+07
82 1.79727e+07
71 1.34689e+07
72 1.50747e+07
48 8.06429e+06
29 4.49658e+06
44 6.83296e+06
38 5.99279e+06
Thế hệ thứ: 9
51 8.66167e+06
86 1.89258e+07
38 5.99279e+06
29 4.49658e+06
31 5.52391e+06
61 1.0994e+07
65 1.22722e+07
56 1.01515e+07
27 3.88424e+06
30 5.43485e+06
82 1.79727e+07
71 1.34689e+07
72 1.50747e+07
48 8.06429e+06
44 6.83296e+06
24 3.56987e+06
80 1.55302e+07
83 1.79946e+07
18 3.41549e+06
52 8.84642e+06
Thế hệ thứ: 10
48 8.06429e+06
72 1.50747e+07
51 8.66167e+06
86 1.89258e+07
38 5.99279e+06
29 4.49658e+06
44 6.83296e+06
61 1.0994e+07
65 1.22722e+07
80 1.55302e+07
83 1.79946e+07
56 1.01515e+07
18 3.41549e+06
27 3.88424e+06
52 8.84642e+06
24 3.56987e+06
82 1.79727e+07
71 1.34689e+07
53 1.01476e+07
35 5.00479e+06
75 1.52914e+07
Thế hệ thứ: 11
72 1.50747e+07
75 1.52914e+07
48 8.06429e+06
56 1.01515e+07
71 1.34689e+07
51 8.66167e+06
86 1.89258e+07
38 5.99279e+06
29 4.49658e+06
44 6.83296e+06
52 8.84642e+06
24 3.56987e+06
61 1.0994e+07
65 1.22722e+07
18 3.41549e+06
27 3.88424e+06
80 1.55302e+07
35 5.00479e+06
82 1.79727e+07
83 1.79946e+07
67 1.34462e+07
37 5.80972e+06
87 2.82365e+07
55 1.00065e+07
Thế hệ thứ: 12
75 1.52914e+07
48 8.06429e+06
72 1.50747e+07
80 1.55302e+07
35 5.00479e+06
37 5.80972e+06
71 1.34689e+07
86 1.89258e+07
51 8.66167e+06
38 5.99279e+06
67 1.34462e+07
82 1.79727e+07
44 6.83296e+06
52 8.84642e+06
55 1.00065e+07
83 1.79946e+07
87 2.82365e+07
61 1.0994e+07
65 1.22722e+07
57 1.0007e+07
29 3.32169e+06
Thế hệ thứ: 13
29 3.32169e+06
44 6.83296e+06
80 1.55302e+07
35 5.00479e+06
67 1.34462e+07
72 1.50747e+07
75 1.52914e+07
48 8.06429e+06
82 1.79727e+07
37 5.80972e+06
57 1.0007e+07
87 2.82365e+07
83 1.79946e+07
55 1.00065e+07
61 1.0994e+07
71 1.34689e+07
65 1.22722e+07
51 8.66167e+06
86 1.89258e+07
52 8.84642e+06
38 5.99279e+06
25 2.9008e+06
Thế hệ thứ: 14
44 6.83296e+06
29 3.32169e+06
71 1.34689e+07
61 1.0994e+07
52 8.84642e+06
65 1.22722e+07
80 1.55302e+07
35 5.00479e+06
38 5.99279e+06
67 1.34462e+07
72 1.50747e+07
48 8.06429e+06
75 1.52914e+07
82 1.79727e+07
37 5.80972e+06
57 1.0007e+07
83 1.79946e+07
25 2.9008e+06
86 1.89258e+07
51 8.66167e+06
55 1.00065e+07
87 1.90696e+07
Thế hệ thứ: 15
75 1.52914e+07
48 8.06429e+06
72 1.50747e+07
29 3.32169e+06
44 6.83296e+06
87 1.90696e+07
71 1.34689e+07
25 2.9008e+06
61 1.0994e+07
52 8.84642e+06
82 1.79727e+07
65 1.22722e+07
37 5.80972e+06
57 1.0007e+07
83 1.79946e+07
80 1.55302e+07
35 5.00479e+06
51 8.66167e+06
86 1.89258e+07
38 5.99279e+06
55 1.00065e+07
67 1.34462e+07
Thế hệ thứ: 16
72 1.50747e+07
75 1.52914e+07
48 8.06429e+06
67 1.34462e+07
80 1.55302e+07
35 5.00479e+06
83 1.79946e+07
44 6.83296e+06
29 3.32169e+06
87 1.90696e+07
55 1.00065e+07
71 1.34689e+07
25 2.9008e+06
61 1.0994e+07
52 8.84642e+06
82 1.79727e+07
65 1.22722e+07
38 5.99279e+06
86 1.89258e+07
51 8.66167e+06
37 5.80972e+06
57 1.0007e+07
40 6.03767e+06
90 2.03977e+07
Thế hệ thứ: 17
75 1.52914e+07
48 8.06429e+06
29 3.32169e+06
80 1.55302e+07
35 5.00479e+06
83 1.79946e+07
67 1.34462e+07
87 1.90696e+07
61 1.0994e+07
55 1.00065e+07
25 2.9008e+06
52 8.84642e+06
71 1.34689e+07
44 6.83296e+06
82 1.79727e+07
65 1.22722e+07
38 5.99279e+06
51 8.66167e+06
86 1.89258e+07
40 6.03767e+06
37 5.80972e+06
57 1.0007e+07
90 2.03977e+07
62 1.15841e+07
72 1.50702e+07
Thế hệ thứ: 18
75 1.52914e+07
48 8.06429e+06
80 1.55302e+07
35 5.00479e+06
65 1.22722e+07
29 3.32169e+06
57 1.0007e+07
90 2.03977e+07
72 1.50702e+07
83 1.79946e+07
38 5.99279e+06
67 1.34462e+07
87 1.90696e+07
61 1.0994e+07
55 1.00065e+07
62 1.15841e+07
86 1.89258e+07
51 8.66167e+06
25 2.9008e+06
52 8.84642e+06
71 1.34689e+07
44 6.83296e+06
37 5.80972e+06
40 6.03767e+06
82 1.79727e+07
91 2.06485e+07
Thế hệ thứ: 19
75 1.52914e+07
48 8.06429e+06
65 1.22722e+07
80 1.55302e+07
35 5.00479e+06
62 1.15841e+07
51 8.66167e+06
86 1.89258e+07
52 8.84642e+06
29 3.32169e+06
57 1.0007e+07
90 2.03977e+07
71 1.34689e+07
44 6.83296e+06
40 6.03767e+06
37 5.80972e+06
72 1.50702e+07
82 1.79727e+07
83 1.79946e+07
55 1.00065e+07
38 5.99279e+06
67 1.34462e+07
87 1.90696e+07
61 1.0994e+07
91 2.06485e+07
25 2.9008e+06
89 1.9085e+07
Thế hệ thứ: 20
75 1.52914e+07
48 8.06429e+06
80 1.55302e+07
35 5.00479e+06
55 1.00065e+07
65 1.22722e+07
61 1.0994e+07
38 5.99279e+06
67 1.34462e+07
62 1.15841e+07
51 8.66167e+06
86 1.89258e+07
25 2.9008e+06
52 8.84642e+06
29 3.32169e+06
57 1.0007e+07
90 2.03977e+07
71 1.34689e+07
44 6.83296e+06
37 5.80972e+06
40 6.03767e+06
89 1.9085e+07
72 1.50702e+07
91 2.06485e+07
82 1.79727e+07
87 1.90696e+07
83 1.79946e+07
23 2.88315e+06
30 3.69275e+06
Thế hệ thứ: 21
75 1.52914e+07
48 8.06429e+06
23 2.88315e+06
55 1.00065e+07
80 1.55302e+07
35 5.00479e+06
91 2.06485e+07
90 2.03977e+07
65 1.22722e+07
71 1.34689e+07
82 1.79727e+07
61 1.0994e+07
44 6.83296e+06
38 5.99279e+06
40 6.03767e+06
37 5.80972e+06
67 1.34462e+07
62 1.15841e+07
51 8.66167e+06
86 1.89258e+07
83 1.79946e+07
89 1.9085e+07
25 2.9008e+06
87 1.90696e+07
72 1.50702e+07
52 8.84642e+06
29 3.32169e+06
57 1.0007e+07
30 3.69275e+06
92 2.13677e+07
Thế hệ thứ: 22
90 2.03977e+07
75 1.52914e+07
48 8.06429e+06
23 2.88315e+06
80 1.55302e+07
35 5.00479e+06
72 1.50702e+07
62 1.15841e+07
91 2.06485e+07
51 8.66167e+06
86 1.89258e+07
30 3.69275e+06
57 9.96315e+06
38 5.99279e+06
65 1.22722e+07
52 8.84642e+06
83 1.79946e+07
71 1.34689e+07
82 1.79727e+07
92 2.13677e+07
61 1.0994e+07
89 1.9085e+07
44 6.83296e+06
25 2.9008e+06
29 3.32169e+06
37 5.80972e+06
40 6.03767e+06
87 1.90696e+07
67 1.34462e+07
Thế hệ thứ: 23
23 2.88315e+06
90 2.03977e+07
62 1.15841e+07
75 1.52914e+07
48 8.06429e+06
29 3.32169e+06
80 1.55302e+07
35 5.00479e+06
83 1.79946e+07
91 2.06485e+07
51 8.66167e+06
86 1.89258e+07
57 9.96315e+06
38 5.99279e+06
40 6.03767e+06
37 5.80972e+06
30 3.69275e+06
65 1.22722e+07
52 8.84642e+06
87 1.90696e+07
71 1.34689e+07
82 1.79727e+07
92 2.13677e+07
61 1.0994e+07
89 1.9085e+07
44 6.83296e+06
25 2.9008e+06
67 1.30071e+07
72 1.45907e+07
Thế hệ thứ: 24
23 2.88315e+06
87 1.90696e+07
65 1.22722e+07
40 6.03767e+06
37 5.80972e+06
90 2.03977e+07
52 8.84642e+06
62 1.15841e+07
48 8.06429e+06
75 1.52914e+07
29 3.32169e+06
71 1.34689e+07
80 1.55302e+07
35 5.00479e+06
44 6.83296e+06
92 2.13677e+07
61 1.0994e+07
83 1.79946e+07
91 2.06485e+07
51 8.66167e+06
86 1.89258e+07
38 5.99279e+06
89 1.9085e+07
25 2.9008e+06
67 1.30071e+07
72 1.45907e+07
30 3.69275e+06
58 9.80056e+06
82 1.68701e+07
Thế hệ thứ: 25
23 2.88315e+06
44 6.83296e+06
92 2.13677e+07
40 6.03767e+06
37 5.80972e+06
65 1.22722e+07
87 1.90696e+07
61 1.0994e+07
25 2.9008e+06
91 2.06485e+07
52 8.84642e+06
67 1.30071e+07
51 8.66167e+06
86 1.89258e+07
62 1.15841e+07
75 1.52914e+07
48 8.06429e+06
72 1.45907e+07
58 9.80056e+06
29 3.32169e+06
71 1.34689e+07
38 5.99279e+06
82 1.68701e+07
30 3.69275e+06
80 1.55302e+07
35 5.00479e+06
89 1.9085e+07
83 1.76472e+07
90 2.03327e+07
Thế hệ thứ: 26
40 6.03767e+06
37 5.80972e+06
87 1.90696e+07
23 2.88315e+06
92 2.13677e+07
62 1.15841e+07
44 6.83296e+06
48 8.06429e+06
75 1.52914e+07
65 1.22722e+07
52 8.84642e+06
61 1.0994e+07
72 1.45907e+07
91 2.02633e+07
25 2.9008e+06
29 3.32169e+06
58 9.80056e+06
71 1.34689e+07
38 5.99279e+06
86 1.89258e+07
51 8.66167e+06
30 3.69275e+06
80 1.55302e+07
35 5.00479e+06
89 1.9085e+07
82 1.6769e+07
84 1.71381e+07
46 7.96678e+06
67 1.27767e+07
53 9.78857e+06
Thế hệ thứ: 27
38 5.99279e+06
62 1.15841e+07
53 9.78857e+06
87 1.90696e+07
67 1.27767e+07
40 6.03767e+06
37 5.80972e+06
82 1.6769e+07
23 2.88315e+06
80 1.55302e+07
35 5.00479e+06
84 1.71381e+07
58 9.80056e+06
29 3.32169e+06
46 7.96678e+06
44 6.83296e+06
89 1.9085e+07
48 8.06429e+06
65 1.22722e+07
52 8.84642e+06
61 1.0994e+07
91 2.02633e+07
25 2.9008e+06
51 8.66167e+06
86 1.89258e+07
71 1.34689e+07
30 3.69275e+06
76 1.36577e+07
95 2.45563e+07
93 2.05985e+07
77 1.38502e+07
Thế hệ thứ: 28
80 1.55302e+07
35 5.00479e+06
40 6.03767e+06
37 5.80972e+06
93 2.05985e+07
38 5.99279e+06
25 2.9008e+06
91 2.02633e+07
53 9.78857e+06
90 1.94661e+07
87 1.90696e+07
67 1.27767e+07
86 1.89258e+07
51 8.66167e+06
44 6.83296e+06
23 2.88315e+06
71 1.34689e+07
29 3.32169e+06
58 9.80056e+06
46 7.96678e+06
30 3.69275e+06
76 1.36577e+07
89 1.9085e+07
77 1.38502e+07
48 8.06429e+06
65 1.22722e+07
52 8.84642e+06
84 1.61381e+07
95 2.23926e+07
33 4.82799e+06
62 1.08523e+07
Thế hệ thứ: 29
40 6.03767e+06
37 5.80972e+06
87 1.90696e+07
90 1.94661e+07
80 1.55302e+07
35 5.00479e+06
91 2.02633e+07
25 2.9008e+06
53 9.78857e+06
62 1.08523e+07
93 2.05985e+07
52 8.84642e+06
67 1.27767e+07
86 1.89258e+07
51 8.66167e+06
38 5.99279e+06
23 2.88315e+06
71 1.34689e+07
58 9.80056e+06
29 3.32169e+06
30 3.69275e+06
76 1.36577e+07
89 1.9085e+07
77 1.38502e+07
48 8.06429e+06
65 1.22722e+07
84 1.61381e+07
95 2.23926e+07
33 4.82799e+06
46 6.57157e+06
Thế hệ thứ: 30
80 1.55302e+07
35 5.00479e+06
87 1.90696e+07
90 1.94661e+07
40 6.03767e+06
37 5.80972e+06
58 9.80056e+06
29 3.32169e+06
30 3.69275e+06
95 2.23926e+07
25 2.9008e+06
53 9.78857e+06
93 2.05985e+07
62 1.08523e+07
65 1.22722e+07
52 8.84642e+06
92 2.02045e+07
76 1.36577e+07
33 4.82799e+06
89 1.9085e+07
48 7.93163e+06
67 1.27767e+07
51 8.66167e+06
86 1.89258e+07
84 1.61381e+07
77 1.38502e+07
46 6.57157e+06
38 5.99279e+06
23 2.88315e+06
71 1.34689e+07
91 1.96485e+07
69 1.29538e+07
Thế hệ thứ: 31
58 9.80056e+06
29 3.32169e+06
90 1.94661e+07
87 1.90696e+07
80 1.55302e+07
35 5.00479e+06
51 8.66167e+06
86 1.89258e+07
23 2.88315e+06
37 5.80972e+06
40 6.03767e+06
84 1.61381e+07
52 8.84642e+06
30 3.69275e+06
95 2.23926e+07
77 1.38502e+07
69 1.29538e+07
71 1.34689e+07
25 2.9008e+06
64 1.10285e+07
53 9.78857e+06
62 1.08523e+07
93 2.05985e+07
65 1.22722e+07
38 5.99279e+06
46 6.57157e+06
76 1.36577e+07
33 4.82799e+06
89 1.9085e+07
67 1.27767e+07
48 7.93163e+06
92 1.95792e+07
Thế hệ thứ: 32
58 9.80056e+06
29 3.32169e+06
80 1.55302e+07
35 5.00479e+06
90 1.94661e+07
87 1.90696e+07
65 1.22722e+07
69 1.29538e+07
38 5.99279e+06
46 6.57157e+06
86 1.89258e+07
76 1.36577e+07
33 4.82799e+06
23 2.88315e+06
40 6.03767e+06
37 5.80972e+06
89 1.9085e+07
84 1.61381e+07
30 3.69275e+06
48 7.93163e+06
67 1.27767e+07
77 1.38502e+07
92 1.95792e+07
71 1.34689e+07
25 2.9008e+06
64 1.10285e+07
93 2.05985e+07
62 1.08523e+07
53 8.16506e+06
96 2.17649e+07
Thế hệ thứ: 33
40 6.03767e+06
87 1.90696e+07
90 1.94661e+07
53 8.16506e+06
58 9.80056e+06
29 3.32169e+06
64 1.10285e+07
89 1.9085e+07
35 5.00479e+06
80 1.55302e+07
84 1.61381e+07
92 1.95792e+07
30 3.69275e+06
71 1.34689e+07
67 1.27767e+07
48 7.93163e+06
65 1.22722e+07
69 1.29538e+07
93 2.05985e+07
46 6.57157e+06
25 2.9008e+06
86 1.89258e+07
77 1.38502e+07
76 1.36577e+07
33 4.82799e+06
23 2.88315e+06
96 2.17649e+07
38 5.71525e+06
62 1.07845e+07
Thế hệ thứ: 34
65 1.22722e+07
90 1.94661e+07
87 1.90696e+07
67 1.27767e+07
48 7.93163e+06
40 6.03767e+06
92 1.95792e+07
84 1.61381e+07
30 3.69275e+06
53 8.16506e+06
29 3.32169e+06
58 9.80056e+06
64 1.10285e+07
38 5.71525e+06
71 1.34689e+07
89 1.9085e+07
80 1.55302e+07
35 5.00479e+06
69 1.29538e+07
93 2.05985e+07
46 6.57157e+06
33 4.82799e+06
25 2.9008e+06
96 2.17649e+07
62 1.07845e+07
86 1.89258e+07
23 2.88315e+06
77 1.38502e+07
39 5.7436e+06
36 5.58634e+06
78 1.52966e+07
76 1.3655e+07
Thế hệ thứ: 35
23 2.88315e+06
39 5.7436e+06
76 1.3655e+07
78 1.52966e+07
62 1.07845e+07
48 7.93163e+06
67 1.27767e+07
90 1.94661e+07
87 1.90696e+07
65 1.22722e+07
46 6.57157e+06
77 1.38502e+07
92 1.95792e+07
84 1.61381e+07
30 3.69275e+06
33 4.82799e+06
53 8.16506e+06
58 9.80056e+06
64 1.10285e+07
71 1.34689e+07
38 5.71525e+06
86 1.89258e+07
25 2.9008e+06
89 1.9085e+07
35 5.00479e+06
80 1.55302e+07
96 2.17649e+07
69 1.29538e+07
93 2.05985e+07
28 3.30905e+06
41 5.96145e+06
36 5.20678e+06
29 3.32169e+06
Thế hệ thứ: 36
28 3.30905e+06
23 2.88315e+06
86 1.89258e+07
62 1.07845e+07
39 5.7436e+06
76 1.3655e+07
78 1.52966e+07
48 7.93163e+06
67 1.27767e+07
87 1.90696e+07
90 1.94661e+07
96 2.17649e+07
65 1.22722e+07
33 4.82799e+06
46 6.57157e+06
69 1.29538e+07
77 1.38502e+07
25 2.9008e+06
92 1.95792e+07
89 1.9085e+07
84 1.61381e+07
80 1.55302e+07
35 5.00479e+06
30 3.69275e+06
29 3.32169e+06
53 8.16506e+06
58 9.80056e+06
36 5.20678e+06
64 1.10285e+07
71 1.34689e+07
38 5.71525e+06
41 5.96145e+06
93 2.05985e+07
Thế hệ thứ: 37
28 3.30905e+06
23 2.88315e+06
80 1.55302e+07
35 5.00479e+06
86 1.89258e+07
39 5.7436e+06
76 1.3655e+07
78 1.52966e+07
62 1.07845e+07
67 1.27767e+07
48 7.93163e+06
90 1.94661e+07
87 1.90696e+07
30 3.69275e+06
96 2.17649e+07
71 1.34689e+07
41 5.96145e+06
29 3.32169e+06
65 1.22722e+07
33 4.82799e+06
53 8.16506e+06
46 6.57157e+06
69 1.29538e+07
77 1.38502e+07
58 9.80056e+06
25 2.9008e+06
92 1.95792e+07
36 5.20678e+06
89 1.9085e+07
93 2.05985e+07
84 1.61381e+07
64 1.10285e+07
97 2.20531e+07
38 5.59646e+06
Thế hệ thứ: 38
33 4.82799e+06
28 3.30905e+06
23 2.88315e+06
80 1.55302e+07
35 5.00479e+06
86 1.89258e+07
78 1.52966e+07
39 5.7436e+06
76 1.3655e+07
53 8.16506e+06
62 1.07845e+07
48 7.93163e+06
67 1.27767e+07
87 1.90696e+07
90 1.94661e+07
38 5.59646e+06
46 6.57157e+06
30 3.69275e+06
69 1.29538e+07
77 1.38502e+07
93 2.05985e+07
58 9.80056e+06
71 1.34689e+07
84 1.61381e+07
64 1.10285e+07
25 2.9008e+06
41 5.96145e+06
92 1.95792e+07
97 2.20531e+07
29 3.32169e+06
36 5.20678e+06
89 1.9085e+07
65 1.22722e+07
57 8.79451e+06
96 2.07655e+07
Thế hệ thứ: 39
28 3.30905e+06
23 2.88315e+06
33 4.82799e+06
80 1.55302e+07
35 5.00479e+06
86 1.89258e+07
89 1.9085e+07
84 1.61381e+07
76 1.3655e+07
39 5.7436e+06
78 1.52966e+07
53 8.16506e+06
62 1.07845e+07
64 1.10285e+07
48 7.93163e+06
67 1.27767e+07
96 2.07655e+07
25 2.9008e+06
90 1.94661e+07
87 1.90696e+07
65 1.22722e+07
38 5.59646e+06
41 5.96145e+06
46 6.57157e+06
30 3.69275e+06
69 1.29538e+07
77 1.38502e+07
93 2.05985e+07
92 1.95792e+07
57 8.79451e+06
97 2.20531e+07
58 9.80056e+06
29 3.32169e+06
36 5.20678e+06
71 1.34689e+07
Thế hệ thứ: 40
78 1.52966e+07
76 1.3655e+07
39 5.7436e+06
33 4.82799e+06
28 3.30905e+06
23 2.88315e+06
46 6.57157e+06
80 1.55302e+07
35 5.00479e+06
30 3.69275e+06
86 1.89258e+07
89 1.9085e+07
84 1.61381e+07
25 2.9008e+06
96 2.07655e+07
69 1.29538e+07
53 8.16506e+06
62 1.07845e+07
64 1.10285e+07
67 1.27767e+07
48 7.93163e+06
77 1.38502e+07
71 1.34689e+07
92 1.95792e+07
36 5.20678e+06
87 1.90696e+07
90 1.94661e+07
57 8.79451e+06
65 1.22722e+07
97 2.20531e+07
58 9.80056e+06
38 5.59646e+06
41 5.96145e+06
29 3.32169e+06
93 2.05574e+07
Thế hệ thứ: 41
58 9.80056e+06
78 1.52966e+07
76 1.3655e+07
39 5.7436e+06
28 3.30905e+06
23 2.88315e+06
33 4.82799e+06
92 1.95792e+07
46 6.57157e+06
80 1.55302e+07
35 5.00479e+06
36 5.20678e+06
30 3.69275e+06
90 1.94661e+07
86 1.89258e+07
89 1.9085e+07
84 1.61381e+07
96 2.07655e+07
25 2.9008e+06
69 1.29538e+07
53 8.16506e+06
62 1.07845e+07
57 8.79451e+06
64 1.10285e+07
93 2.05574e+07
29 3.32169e+06
48 7.93163e+06
67 1.27767e+07
38 5.59646e+06
77 1.38502e+07
65 1.22722e+07
41 5.96145e+06
71 1.34689e+07
97 2.20531e+07
87 1.90694e+07
Thế hệ thứ: 42
78 1.52966e+07
76 1.3655e+07
58 9.80056e+06
28 3.30905e+06
23 2.88315e+06
93 2.05574e+07
29 3.32169e+06
33 4.82799e+06
92 1.95792e+07
97 2.20531e+07
67 1.27767e+07
48 7.93163e+06
46 6.57157e+06
80 1.55302e+07
35 5.00479e+06
36 5.20678e+06
71 1.34689e+07
30 3.69275e+06
38 5.59646e+06
90 1.94661e+07
77 1.38502e+07
65 1.22722e+07
86 1.89258e+07
89 1.9085e+07
84 1.61381e+07
25 2.9008e+06
96 2.07655e+07
69 1.29538e+07
53 8.16506e+06
62 1.07845e+07
87 1.90694e+07
57 8.79451e+06
64 1.10285e+07
44 6.46595e+06
41 5.73529e+06
Thế hệ thứ: 43
58 9.80056e+06
78 1.52966e+07
76 1.3655e+07
48 7.90251e+06
96 2.07655e+07
25 2.9008e+06
93 2.05574e+07
28 3.30905e+06
23 2.88315e+06
29 3.32169e+06
33 4.82799e+06
92 1.95792e+07
97 2.20531e+07
44 6.46595e+06
69 1.29538e+07
53 8.16506e+06
62 1.07845e+07
67 1.27767e+07
57 8.79451e+06
87 1.90694e+07
46 6.57157e+06
80 1.55302e+07
35 5.00479e+06
36 5.20678e+06
64 1.10285e+07
71 1.34689e+07
30 3.69275e+06
38 5.59646e+06
41 5.73529e+06
89 1.9085e+07
90 1.94661e+07
77 1.38502e+07
65 1.22722e+07
86 1.89258e+07
84 1.61381e+07
70 1.30168e+07
Thế hệ thứ: 44
28 3.30905e+06
23 2.88315e+06
71 1.34689e+07
78 1.52966e+07
76 1.3655e+07
58 9.80056e+06
25 2.9008e+06
96 2.07655e+07
48 7.90251e+06
84 1.61381e+07
30 3.69275e+06
70 1.30168e+07
93 2.05574e+07
77 1.38502e+07
29 3.32169e+06
33 4.82799e+06
92 1.95792e+07
86 1.89258e+07
97 2.20531e+07
44 6.46595e+06
90 1.94661e+07
69 1.29538e+07
53 8.16506e+06
62 1.07845e+07
38 5.59646e+06
65 1.22722e+07
41 5.73529e+06
89 1.9085e+07
67 1.27767e+07
87 1.90694e+07
57 8.79451e+06
46 6.57157e+06
80 1.55302e+07
35 5.00479e+06
36 5.20678e+06
64 1.10285e+07
73 1.35784e+07
Thế hệ thứ: 45
28 3.30905e+06
23 2.88315e+06
71 1.34689e+07
30 3.69275e+06
89 1.9085e+07
73 1.35784e+07
78 1.52966e+07
76 1.3655e+07
57 8.79451e+06
87 1.90694e+07
58 9.80056e+06
80 1.55302e+07
35 5.00479e+06
48 7.90251e+06
96 2.07655e+07
25 2.9008e+06
84 1.61381e+07
36 5.20678e+06
46 6.57157e+06
93 2.05574e+07
70 1.30168e+07
77 1.38502e+07
29 3.32169e+06
33 4.82799e+06
92 1.95792e+07
64 1.10285e+07
86 1.89258e+07
97 2.20531e+07
44 6.46595e+06
67 1.27767e+07
90 1.94661e+07
69 1.29538e+07
53 8.16506e+06
62 1.07845e+07
38 5.59646e+06
65 1.22722e+07
41 5.73529e+06
Thế hệ thứ: 46
33 4.82799e+06
28 3.30905e+06
23 2.88315e+06
29 3.32169e+06
89 1.9085e+07
30 3.69275e+06
69 1.29538e+07
92 1.95792e+07
76 1.3655e+07
78 1.52966e+07
87 1.90694e+07
57 8.79451e+06
53 8.16506e+06
64 1.10285e+07
86 1.89258e+07
62 1.07845e+07
97 2.20531e+07
58 9.80056e+06
80 1.55302e+07
35 5.00479e+06
38 5.59646e+06
44 6.46595e+06
65 1.22722e+07
25 2.9008e+06
96 2.07655e+07
48 7.90251e+06
84 1.61381e+07
36 5.20678e+06
46 6.57157e+06
41 5.73529e+06
70 1.30168e+07
93 2.05574e+07
67 1.27767e+07
90 1.94661e+07
77 1.38502e+07
74 1.32398e+07
Thế hệ thứ: 47
70 1.30168e+07
93 2.05574e+07
28 3.30905e+06
23 2.88315e+06
33 4.82799e+06
77 1.38502e+07
65 1.22722e+07
29 3.32169e+06
89 1.9085e+07
30 3.69275e+06
69 1.29538e+07
90 1.94661e+07
92 1.95792e+07
48 7.90251e+06
96 2.07655e+07
25 2.9008e+06
78 1.52966e+07
76 1.3655e+07
57 8.79451e+06
87 1.90694e+07
53 8.16506e+06
64 1.10285e+07
86 1.89258e+07
62 1.07845e+07
97 2.20531e+07
84 1.61381e+07
36 5.20678e+06
58 9.80056e+06
80 1.55302e+07
35 5.00479e+06
46 6.57157e+06
41 5.73529e+06
38 5.59646e+06
67 1.27767e+07
74 1.32398e+07
44 6.46595e+06
31 3.96482e+06
Thế hệ thứ: 48
33 4.82799e+06
70 1.30168e+07
93 2.05574e+07
77 1.38502e+07
31 3.70613e+06
58 9.80056e+06
65 1.22722e+07
80 1.55302e+07
35 5.00479e+06
89 1.9085e+07
30 3.69275e+06
69 1.29538e+07
90 1.94661e+07
92 1.95792e+07
38 5.59646e+06
25 2.9008e+06
96 2.07655e+07
48 7.90251e+06
46 6.57157e+06
76 1.3655e+07
78 1.52966e+07
87 1.90694e+07
57 8.79451e+06
53 8.16506e+06
24 2.87245e+06
67 1.27767e+07
64 1.10285e+07
86 1.89258e+07
62 1.07845e+07
74 1.32398e+07
41 5.73529e+06
97 2.20531e+07
84 1.61381e+07
36 5.20678e+06
44 6.46595e+06
29 3.29004e+06
Thế hệ thứ: 49
53 8.16506e+06
70 1.30168e+07
33 4.82799e+06
76 1.3655e+07
78 1.52966e+07
87 1.90694e+07
57 8.79451e+06
67 1.27767e+07
24 2.87245e+06
77 1.38502e+07
58 9.80056e+06
31 3.70613e+06
64 1.10285e+07
86 1.89258e+07
65 1.22722e+07
80 1.55302e+07
35 5.00479e+06
62 1.07845e+07
74 1.32398e+07
41 5.73529e+06
89 1.9085e+07
30 3.69275e+06
69 1.29538e+07
90 1.94661e+07
92 1.95792e+07
29 3.29004e+06
97 2.20531e+07
38 5.59646e+06
84 1.61381e+07
48 7.90251e+06
96 2.07655e+07
25 2.9008e+06
46 6.57157e+06
36 5.20678e+06
44 6.46595e+06
32 4.77532e+06
93 2.03392e+07
