Thế hệ thứ: 0
29 6.59102e+06
32 1.06173e+07
26 5.65928e+06
44 1.57305e+07
31 7.13307e+06
49 1.67343e+07
34 1.09605e+07
42 1.36878e+07
98 3.54905e+07
37 1.15741e+07
25 5.5957e+06
93 3.46628e+07
88 2.68644e+07
80 1.72369e+07
82 2.15761e+07
91 3.18168e+07
89 3.17642e+07
102 3.9299e+07
Thế hệ thứ: 1
26 5.65928e+06
29 6.59102e+06
31 7.13307e+06
80 1.72369e+07
37 1.15741e+07
49 1.67343e+07
82 2.15761e+07
32 1.06173e+07
34 1.09605e+07
25 5.5957e+06
42 1.36878e+07
44 1.57305e+07
69 1.70297e+07
85 2.48584e+07
103 2.65981e+07
100 2.5399e+07
Thế hệ thứ: 2
29 6.59102e+06
26 5.65928e+06
100 2.5399e+07
31 7.13307e+06
80 1.72369e+07
103 2.65981e+07
25 5.5957e+06
112 3.60965e+07
34 8.669e+06
73 1.6753e+07
67 1.38005e+07
114 4.20334e+07
89 2.09142e+07
44 9.58617e+06
Thế hệ thứ: 3
26 5.65928e+06
29 6.59102e+06
31 7.13307e+06
80 1.72369e+07
89 2.09142e+07
103 2.65981e+07
100 2.5399e+07
112 3.60965e+07
25 5.5957e+06
114 4.20334e+07
67 1.38005e+07
73 1.6753e+07
34 8.669e+06
33 7.15913e+06
44 9.10505e+06
Thế hệ thứ: 4
112 3.60965e+07
29 6.59102e+06
26 5.65928e+06
31 7.13307e+06
80 1.72369e+07
89 2.09142e+07
103 2.65981e+07
100 2.5399e+07
25 5.5957e+06
114 4.20334e+07
67 1.38005e+07
73 1.6753e+07
33 7.15913e+06
44 9.10505e+06
55 1.32537e+07
45 1.24012e+07
35 7.89388e+06
Thế hệ thứ: 5
73 1.6753e+07
89 2.09142e+07
103 2.65981e+07
112 3.60965e+07
33 7.15913e+06
26 5.65928e+06
31 7.13307e+06
25 5.5957e+06
80 1.72369e+07
45 1.24012e+07
44 9.10505e+06
55 1.32537e+07
100 2.5399e+07
35 7.89388e+06
114 4.20334e+07
67 1.38005e+07
105 3.57582e+07
29 6.04926e+06
50 1.24687e+07
Thế hệ thứ: 6
89 2.09142e+07
103 2.65981e+07
73 1.6753e+07
44 9.10505e+06
112 3.60965e+07
26 5.65928e+06
33 7.15913e+06
29 6.04926e+06
55 1.32537e+07
31 7.13307e+06
35 7.89388e+06
25 5.5957e+06
80 1.72369e+07
114 4.20334e+07
67 1.38005e+07
107 3.24693e+07
50 1.1241e+07
82 2.05272e+07
100 2.45753e+07
23 4.79589e+06
Thế hệ thứ: 7
100 2.45753e+07
82 2.05272e+07
73 1.6753e+07
89 2.09142e+07
103 2.65981e+07
55 1.32537e+07
114 4.20334e+07
44 9.10505e+06
31 7.13307e+06
16 4.22347e+06
112 3.60965e+07
26 5.65928e+06
35 7.89388e+06
25 5.5957e+06
33 7.15913e+06
80 1.72369e+07
29 6.04926e+06
67 1.38005e+07
23 4.79589e+06
107 3.24693e+07
50 1.1241e+07
69 1.61533e+07
108 3.56206e+07
Thế hệ thứ: 8
89 2.09142e+07
103 2.65981e+07
82 2.05272e+07
73 1.6753e+07
100 2.45753e+07
16 4.22347e+06
112 3.60965e+07
26 5.65928e+06
23 4.79589e+06
35 7.89388e+06
25 5.5957e+06
108 3.56206e+07
55 1.32537e+07
114 4.20334e+07
53 1.23142e+07
69 1.61533e+07
32 6.74774e+06
33 7.15913e+06
50 1.1241e+07
80 1.72369e+07
44 9.10505e+06
107 3.24693e+07
29 6.04926e+06
67 1.38005e+07
81 2.04061e+07
40 8.96296e+06
Thế hệ thứ: 9
100 2.45753e+07
82 2.05272e+07
73 1.6753e+07
89 2.09142e+07
103 2.65981e+07
16 4.22347e+06
112 3.60965e+07
40 8.96296e+06
26 5.65928e+06
50 1.1241e+07
80 1.72369e+07
25 5.5957e+06
107 3.24693e+07
108 3.56206e+07
67 1.38005e+07
81 2.04061e+07
55 1.32537e+07
114 4.20334e+07
44 9.10505e+06
53 1.23142e+07
69 1.61533e+07
32 6.74774e+06
54 1.26809e+07
36 7.69354e+06
19 4.69329e+06
33 6.81651e+06
31 6.04706e+06
105 2.77745e+07
48 9.83683e+06
39 8.06917e+06
24 4.76624e+06
Thế hệ thứ: 10
89 2.09142e+07
103 2.65981e+07
82 2.05272e+07
73 1.6753e+07
43 8.74803e+06
100 2.45753e+07
112 3.60965e+07
16 4.22347e+06
81 2.04061e+07
55 1.32537e+07
114 4.20334e+07
44 9.10505e+06
53 1.23142e+07
69 1.61533e+07
39 8.06917e+06
50 1.1241e+07
36 7.69354e+06
80 1.72369e+07
48 9.83683e+06
107 3.24693e+07
54 1.26809e+07
105 2.77745e+07
24 4.76624e+06
67 1.38005e+07
31 6.04706e+06
19 4.69329e+06
15 4.20611e+06
29 5.2201e+06
35 6.71989e+06
20 4.71065e+06
108 3.42395e+07
Thế hệ thứ: 11
43 8.74803e+06
100 2.45753e+07
82 2.05272e+07
73 1.6753e+07
89 2.09142e+07
103 2.65981e+07
112 3.60965e+07
16 4.22347e+06
107 3.24693e+07
54 1.26809e+07
81 2.04061e+07
27 5.0557e+06
108 3.42395e+07
35 6.71989e+06
105 2.77745e+07
114 4.20334e+07
44 9.10505e+06
67 1.38005e+07
24 4.76624e+06
29 5.2201e+06
53 1.23142e+07
69 1.61533e+07
22 4.43582e+06
50 1.1241e+07
80 1.72369e+07
48 9.83683e+06
41 6.74422e+06
57 1.27128e+07
15 4.175e+06
33 5.90793e+06
Thế hệ thứ: 12
89 2.09142e+07
82 2.05272e+07
73 1.6753e+07
100 2.45753e+07
50 1.1241e+07
57 1.27128e+07
41 6.74422e+06
16 4.22347e+06
112 3.60965e+07
22 4.43582e+06
54 1.26809e+07
15 4.175e+06
114 4.20334e+07
80 1.72369e+07
81 2.04061e+07
35 6.71989e+06
108 3.42395e+07
27 5.0557e+06
48 9.83683e+06
33 5.90793e+06
24 4.76624e+06
67 1.38005e+07
46 8.74187e+06
29 5.2201e+06
53 1.23142e+07
69 1.61533e+07
107 2.63931e+07
17 4.26587e+06
23 4.50255e+06
Thế hệ thứ: 13
100 2.45753e+07
82 2.05272e+07
73 1.6753e+07
89 2.09142e+07
33 5.90793e+06
48 9.83683e+06
107 2.63931e+07
23 4.50255e+06
112 3.60965e+07
16 4.22347e+06
50 1.1241e+07
57 1.27128e+07
41 6.74422e+06
17 4.26587e+06
67 1.38005e+07
24 4.76624e+06
22 4.43582e+06
54 1.26809e+07
46 8.74187e+06
114 4.20334e+07
15 4.175e+06
80 1.72369e+07
69 1.61533e+07
81 2.04061e+07
27 5.0557e+06
108 3.42395e+07
53 1.16609e+07
36 6.23236e+06
32 5.08149e+06
Thế hệ thứ: 14
73 1.6753e+07
100 2.45753e+07
89 2.09142e+07
46 8.74187e+06
114 4.20334e+07
33 5.90793e+06
107 2.63931e+07
48 9.83683e+06
16 4.22347e+06
112 3.60965e+07
23 4.50255e+06
80 1.72369e+07
69 1.61533e+07
108 3.42395e+07
27 5.0557e+06
50 1.1241e+07
57 1.27128e+07
41 6.74422e+06
53 1.16609e+07
36 6.23236e+06
24 4.76624e+06
67 1.38005e+07
32 5.08149e+06
22 4.43582e+06
82 1.99204e+07
15 3.87199e+06
18 4.23128e+06
54 1.23789e+07
Thế hệ thứ: 15
18 4.23128e+06
50 1.1241e+07
89 2.09142e+07
100 2.45753e+07
67 1.38005e+07
73 1.6753e+07
41 6.74422e+06
57 1.27128e+07
53 1.16609e+07
82 1.99204e+07
15 3.87199e+06
46 8.74187e+06
54 1.23789e+07
32 5.08149e+06
114 4.20334e+07
33 5.90793e+06
48 9.83683e+06
107 2.63931e+07
112 3.60965e+07
80 1.72369e+07
69 1.61533e+07
36 6.23236e+06
27 5.0557e+06
108 3.42395e+07
26 4.71995e+06
25 4.42996e+06
16 4.18752e+06
Thế hệ thứ: 16
50 1.1241e+07
18 4.23128e+06
69 1.61533e+07
16 4.18752e+06
108 3.42395e+07
32 5.08149e+06
100 2.45753e+07
89 2.09142e+07
114 4.20334e+07
67 1.38005e+07
33 5.90793e+06
107 2.63931e+07
48 9.83683e+06
73 1.6753e+07
41 6.74422e+06
57 1.27128e+07
25 4.42996e+06
53 1.16609e+07
15 3.87199e+06
82 1.99204e+07
112 3.60965e+07
36 6.23236e+06
46 8.74187e+06
54 1.23789e+07
80 1.72369e+07
28 4.71999e+06
17 4.22615e+06
26 4.6764e+06
Thế hệ thứ: 17
48 9.83683e+06
107 2.63931e+07
19 4.14534e+06
50 1.1241e+07
57 1.27128e+07
41 6.74422e+06
69 1.61533e+07
25 4.42996e+06
108 3.42395e+07
89 2.09142e+07
67 1.38005e+07
28 4.71999e+06
53 1.16609e+07
82 1.99204e+07
15 3.87199e+06
32 5.08149e+06
100 2.45753e+07
36 6.23236e+06
80 1.72369e+07
114 4.20334e+07
46 8.74187e+06
26 4.6764e+06
33 5.90793e+06
27 4.67727e+06
112 3.60965e+07
54 1.23789e+07
73 1.6753e+07
37 6.50141e+06
Thế hệ thứ: 18
32 5.08149e+06
48 9.83683e+06
107 2.63931e+07
19 4.14534e+06
82 1.99204e+07
15 3.87199e+06
54 1.23789e+07
27 4.67727e+06
112 3.60965e+07
100 2.45753e+07
57 1.27128e+07
41 6.74422e+06
28 4.71999e+06
67 1.38005e+07
69 1.61533e+07
26 4.6764e+06
25 4.42996e+06
33 5.90793e+06
80 1.72369e+07
108 3.42395e+07
114 4.20334e+07
89 2.09142e+07
46 8.74187e+06
53 1.16609e+07
73 1.6753e+07
29 5.07135e+06
50 1.07141e+07
38 6.18986e+06
Thế hệ thứ: 19
57 1.27128e+07
28 4.71999e+06
67 1.38005e+07
48 9.83683e+06
107 2.63931e+07
32 5.08149e+06
69 1.61533e+07
26 4.6764e+06
19 4.14534e+06
15 3.87199e+06
82 1.99204e+07
25 4.42996e+06
50 1.07141e+07
54 1.23789e+07
53 1.16609e+07
27 4.67727e+06
112 3.60965e+07
89 2.09142e+07
47 9.18044e+06
33 5.90793e+06
29 5.07135e+06
100 2.45753e+07
80 1.72369e+07
46 8.74187e+06
108 3.42395e+07
73 1.6753e+07
114 4.20334e+07
41 6.74422e+06
38 6.18986e+06
Thế hệ thứ: 20
19 4.14534e+06
57 1.27128e+07
28 4.71999e+06
67 1.38005e+07
53 1.16609e+07
29 5.07135e+06
47 9.18044e+06
33 5.90793e+06
48 9.83683e+06
107 2.63931e+07
27 4.67727e+06
112 3.60965e+07
32 5.08149e+06
69 1.61533e+07
26 4.6764e+06
89 2.09142e+07
82 1.99204e+07
15 3.87199e+06
25 4.42996e+06
54 1.23789e+07
100 2.45753e+07
80 1.72369e+07
46 8.74187e+06
108 3.42395e+07
73 1.6753e+07
114 4.20334e+07
38 6.18986e+06
41 6.74422e+06
71 1.64947e+07
50 1.02013e+07
35 5.93623e+06
Thế hệ thứ: 21
53 1.16609e+07
27 4.67727e+06
112 3.60965e+07
57 1.27128e+07
35 5.93623e+06
19 4.14534e+06
28 4.71999e+06
67 1.38005e+07
47 9.18044e+06
29 5.07135e+06
107 2.63931e+07
48 9.83683e+06
15 3.87199e+06
82 1.99204e+07
100 2.45753e+07
80 1.72369e+07
71 1.64947e+07
46 8.74187e+06
108 3.42395e+07
32 5.08149e+06
69 1.61533e+07
26 4.6764e+06
73 1.6753e+07
89 2.09142e+07
41 6.74422e+06
38 6.18986e+06
25 4.42996e+06
54 1.23789e+07
114 4.20334e+07
96 2.30792e+07
50 1.02013e+07
95 2.27593e+07
33 5.84e+06
Thế hệ thứ: 22
19 4.14534e+06
27 4.67727e+06
112 3.60965e+07
53 1.16609e+07
54 1.23789e+07
32 5.08149e+06
57 1.27128e+07
69 1.61533e+07
35 5.93623e+06
15 3.87199e+06
82 1.99204e+07
33 5.84e+06
26 4.6764e+06
73 1.6753e+07
67 1.38005e+07
28 4.71999e+06
114 4.20334e+07
89 2.09142e+07
50 1.02013e+07
96 2.30792e+07
38 6.18986e+06
41 6.74422e+06
47 9.18044e+06
29 5.07135e+06
48 9.83683e+06
107 2.63931e+07
25 4.42996e+06
100 2.45753e+07
80 1.72369e+07
71 1.64947e+07
95 2.27593e+07
46 8.74187e+06
108 3.42395e+07
20 4.22318e+06
110 3.4925e+07
Thế hệ thứ: 23
20 4.22318e+06
54 1.23789e+07
107 2.63931e+07
48 9.83683e+06
29 5.07135e+06
47 9.18044e+06
19 4.14534e+06
53 1.16609e+07
27 4.67727e+06
112 3.60965e+07
33 5.84e+06
82 1.99204e+07
32 5.08149e+06
57 1.27128e+07
69 1.61533e+07
25 4.42996e+06
35 5.93623e+06
100 2.45753e+07
26 4.6764e+06
80 1.72369e+07
73 1.6753e+07
108 3.42395e+07
28 4.71999e+06
67 1.38005e+07
95 2.27593e+07
114 4.20334e+07
71 1.64947e+07
110 3.4925e+07
89 2.09142e+07
46 8.74187e+06
96 2.30792e+07
50 1.02013e+07
41 6.74422e+06
38 6.18986e+06
17 3.77262e+06
Thế hệ thứ: 24
54 1.23789e+07
47 9.18044e+06
29 5.07135e+06
107 2.63931e+07
48 9.83683e+06
46 8.74187e+06
28 4.71999e+06
67 1.38005e+07
95 2.27593e+07
114 4.20334e+07
19 4.14534e+06
57 1.27128e+07
53 1.16609e+07
27 4.67727e+06
112 3.60965e+07
50 1.02013e+07
96 2.30792e+07
82 1.99204e+07
71 1.64947e+07
32 5.08149e+06
110 3.4925e+07
38 6.18986e+06
41 6.74422e+06
89 2.09142e+07
37 5.40687e+06
69 1.61533e+07
17 3.77262e+06
25 4.42996e+06
100 2.45753e+07
26 4.6764e+06
80 1.72369e+07
73 1.6753e+07
108 3.42395e+07
20 4.19168e+06
52 1.02176e+07
Thế hệ thứ: 25
54 1.23789e+07
114 4.20334e+07
17 3.77262e+06
69 1.61533e+07
37 5.40687e+06
107 2.63931e+07
48 9.83683e+06
47 9.18044e+06
29 5.07135e+06
46 8.74187e+06
67 1.38005e+07
28 4.71999e+06
95 2.27593e+07
82 1.99204e+07
73 1.6753e+07
19 4.14534e+06
57 1.27128e+07
53 1.16609e+07
27 4.67727e+06
112 3.60965e+07
20 4.19168e+06
25 4.42996e+06
96 2.30792e+07
50 1.02013e+07
108 3.42395e+07
100 2.45753e+07
26 4.6764e+06
71 1.64947e+07
80 1.72369e+07
32 5.08149e+06
110 3.4925e+07
52 1.02176e+07
41 6.74422e+06
38 6.18986e+06
89 2.09142e+07
22 4.28791e+06
84 2.05976e+07
Thế hệ thứ: 26
46 8.74187e+06
114 4.20334e+07
54 1.23789e+07
26 4.6764e+06
17 3.77262e+06
37 5.40687e+06
69 1.61533e+07
48 9.83683e+06
107 2.63931e+07
29 5.07135e+06
47 9.18044e+06
71 1.64947e+07
80 1.72369e+07
28 4.71999e+06
67 1.38005e+07
38 6.18986e+06
41 6.74422e+06
95 2.27593e+07
32 5.08149e+06
110 3.4925e+07
82 1.99204e+07
73 1.6753e+07
19 4.14534e+06
27 4.67727e+06
112 3.60965e+07
57 1.27128e+07
52 1.02176e+07
84 2.05976e+07
53 1.16609e+07
22 4.28791e+06
96 2.30792e+07
50 1.02013e+07
89 2.09142e+07
25 4.42996e+06
20 4.19168e+06
108 3.42395e+07
100 2.45753e+07
Thế hệ thứ: 27
48 9.83683e+06
107 2.63931e+07
46 8.74187e+06
26 4.6764e+06
114 4.20334e+07
20 4.19168e+06
25 4.42996e+06
89 2.09142e+07
37 5.40687e+06
69 1.61533e+07
17 3.77262e+06
53 1.16609e+07
47 9.18044e+06
29 5.07135e+06
71 1.64947e+07
96 2.30792e+07
50 1.02013e+07
80 1.72369e+07
67 1.38005e+07
28 4.71999e+06
41 6.74422e+06
38 6.18986e+06
95 2.27593e+07
22 4.28791e+06
32 5.08149e+06
110 3.4925e+07
108 3.42395e+07
100 2.45753e+07
82 1.99204e+07
73 1.6753e+07
19 4.14534e+06
27 4.67727e+06
112 3.60965e+07
52 1.02176e+07
84 2.05976e+07
90 2.1806e+07
58 1.18219e+07
Thế hệ thứ: 28
58 1.18219e+07
26 4.6764e+06
96 2.30792e+07
50 1.02013e+07
108 3.42395e+07
48 9.83683e+06
107 2.63931e+07
32 5.08149e+06
46 8.74187e+06
110 3.4925e+07
84 2.05976e+07
114 4.20334e+07
25 4.42996e+06
20 4.19168e+06
112 3.60965e+07
27 4.67727e+06
100 2.45753e+07
89 2.09142e+07
73 1.6753e+07
17 3.77262e+06
37 5.40687e+06
69 1.61533e+07
52 1.02176e+07
53 1.16609e+07
29 5.07135e+06
47 9.18044e+06
71 1.64947e+07
82 1.99204e+07
80 1.72369e+07
28 4.71999e+06
67 1.38005e+07
38 6.18986e+06
41 6.74422e+06
95 2.27593e+07
22 4.28791e+06
90 2.1806e+07
19 4.14534e+06
109 3.47302e+07
Thế hệ thứ: 29
96 2.30792e+07
50 1.02013e+07
58 1.18219e+07
26 4.6764e+06
108 3.42395e+07
47 9.18044e+06
71 1.64947e+07
41 6.74422e+06
38 6.18986e+06
107 2.63931e+07
48 9.83683e+06
82 1.99204e+07
32 5.08149e+06
46 8.74187e+06
80 1.72369e+07
110 3.4925e+07
84 2.05976e+07
114 4.20334e+07
20 4.19168e+06
89 2.09142e+07
109 3.47302e+07
27 4.67727e+06
112 3.60965e+07
19 4.14534e+06
100 2.45753e+07
90 2.1806e+07
67 1.38005e+07
28 4.71999e+06
22 4.28791e+06
73 1.6753e+07
37 5.40687e+06
69 1.61533e+07
17 3.77262e+06
52 1.02176e+07
53 1.16609e+07
95 2.27593e+07
29 4.90785e+06
25 4.40139e+06
Thế hệ thứ: 30
58 1.18219e+07
26 4.6764e+06
96 2.30792e+07
50 1.02013e+07
90 2.1806e+07
25 4.40139e+06
47 9.18044e+06
95 2.27593e+07
108 3.42395e+07
29 4.90785e+06
71 1.64947e+07
38 6.18986e+06
41 6.74422e+06
48 9.83683e+06
107 2.63931e+07
28 4.71999e+06
67 1.38005e+07
82 1.99204e+07
32 5.08149e+06
46 8.74187e+06
22 4.28791e+06
73 1.6753e+07
17 3.77262e+06
37 5.40687e+06
69 1.61533e+07
80 1.72369e+07
110 3.4925e+07
84 2.05976e+07
114 4.20334e+07
20 4.19168e+06
89 2.09142e+07
109 3.47302e+07
52 1.02176e+07
53 1.16609e+07
112 3.60965e+07
27 4.67727e+06
19 4.14534e+06
100 2.45753e+07
111 3.58395e+07
Thế hệ thứ: 31
96 2.30792e+07
50 1.02013e+07
114 4.20334e+07
58 1.18219e+07
26 4.6764e+06
112 3.60965e+07
27 4.67727e+06
20 4.19168e+06
90 2.1806e+07
19 4.14534e+06
47 9.18044e+06
25 4.40139e+06
95 2.27593e+07
108 3.42395e+07
89 2.09142e+07
109 3.47302e+07
100 2.45753e+07
29 4.90785e+06
52 1.02176e+07
71 1.64947e+07
41 6.74422e+06
38 6.18986e+06
107 2.63931e+07
48 9.83683e+06
67 1.38005e+07
28 4.71999e+06
111 3.58395e+07
82 1.99204e+07
32 5.08149e+06
53 1.16609e+07
46 8.74187e+06
73 1.6753e+07
37 5.40687e+06
69 1.61533e+07
17 3.77262e+06
80 1.72369e+07
110 3.4925e+07
84 2.05976e+07
18 3.80073e+06
23 4.27775e+06
Thế hệ thứ: 32
58 1.18219e+07
114 4.20334e+07
96 2.30792e+07
50 1.02013e+07
18 3.80073e+06
112 3.60965e+07
20 4.19168e+06
90 2.1806e+07
19 4.14534e+06
73 1.6753e+07
25 4.40139e+06
47 9.18044e+06
95 2.27593e+07
46 8.74187e+06
84 2.05976e+07
89 2.09142e+07
82 1.99204e+07
80 1.72369e+07
69 1.61533e+07
37 5.40687e+06
17 3.77262e+06
100 2.45753e+07
32 5.08149e+06
53 1.16609e+07
29 4.90785e+06
52 1.02176e+07
71 1.64947e+07
38 6.18986e+06
41 6.74422e+06
48 9.83683e+06
107 2.63931e+07
28 4.71999e+06
67 1.38005e+07
23 4.27775e+06
111 3.25591e+07
27 4.64886e+06
Thế hệ thứ: 33
96 2.30792e+07
50 1.02013e+07
114 4.20334e+07
58 1.18219e+07
32 5.08149e+06
53 1.16609e+07
18 3.80073e+06
28 4.71999e+06
67 1.38005e+07
112 3.60965e+07
20 4.19168e+06
90 2.1806e+07
19 4.14534e+06
73 1.6753e+07
107 2.63931e+07
48 9.83683e+06
47 9.18044e+06
25 4.40139e+06
95 2.27593e+07
46 8.74187e+06
27 4.64886e+06
29 4.90785e+06
84 2.05976e+07
111 3.25591e+07
52 1.02176e+07
23 4.27775e+06
71 1.64947e+07
89 2.09142e+07
41 6.74422e+06
38 6.18986e+06
82 1.99204e+07
80 1.72369e+07
69 1.61533e+07
37 5.40687e+06
17 3.77262e+06
100 2.45753e+07
Thế hệ thứ: 34
100 2.45753e+07
67 1.38005e+07
58 1.18219e+07
114 4.20334e+07
96 2.30792e+07
50 1.02013e+07
111 3.25591e+07
32 5.08149e+06
53 1.16609e+07
18 3.80073e+06
37 5.40687e+06
69 1.61533e+07
17 3.77262e+06
25 4.40139e+06
47 9.18044e+06
52 1.02176e+07
112 3.60965e+07
20 4.19168e+06
90 2.1806e+07
19 4.14534e+06
73 1.6753e+07
48 9.83683e+06
107 2.63931e+07
23 4.27775e+06
41 6.74422e+06
38 6.18986e+06
95 2.27593e+07
80 1.72369e+07
89 2.09142e+07
46 8.74187e+06
71 1.64947e+07
29 4.90785e+06
84 2.05976e+07
82 1.99204e+07
28 4.52015e+06
Thế hệ thứ: 35
67 1.38005e+07
100 2.45753e+07
28 4.52015e+06
23 4.27775e+06
114 4.20334e+07
58 1.18219e+07
46 8.74187e+06
38 6.18986e+06
41 6.74422e+06
50 1.02013e+07
96 2.30792e+07
95 2.27593e+07
111 3.25591e+07
32 5.08149e+06
80 1.72369e+07
53 1.16609e+07
18 3.80073e+06
17 3.77262e+06
37 5.40687e+06
69 1.61533e+07
89 2.09142e+07
47 9.18044e+06
25 4.40139e+06
52 1.02176e+07
71 1.64947e+07
112 3.60965e+07
29 4.90785e+06
90 2.1806e+07
73 1.6753e+07
107 2.63931e+07
48 9.83683e+06
84 2.05976e+07
82 1.99204e+07
21 4.05615e+06
Thế hệ thứ: 36
111 3.25591e+07
69 1.61533e+07
37 5.40687e+06
17 3.77262e+06
23 4.27775e+06
89 2.09142e+07
100 2.45753e+07
67 1.38005e+07
28 4.52015e+06
71 1.64947e+07
114 4.20334e+07
58 1.18219e+07
29 4.90785e+06
112 3.60965e+07
25 4.40139e+06
47 9.18044e+06
46 8.74187e+06
41 6.74422e+06
38 6.18986e+06
73 1.6753e+07
96 2.30792e+07
50 1.02013e+07
95 2.27593e+07
52 1.02176e+07
21 4.05615e+06
82 1.99204e+07
90 2.1806e+07
80 1.72369e+07
53 1.16609e+07
84 2.05976e+07
107 2.63931e+07
48 9.83683e+06
18 3.80073e+06
32 5.01067e+06
42 8.16711e+06
Thế hệ thứ: 37
41 6.74422e+06
111 3.25591e+07
23 4.27775e+06
37 5.40687e+06
69 1.61533e+07
17 3.77262e+06
84 2.05976e+07
73 1.6753e+07
89 2.09142e+07
100 2.45753e+07
42 8.16711e+06
50 1.02013e+07
96 2.30792e+07
29 4.90785e+06
67 1.38005e+07
28 4.52015e+06
71 1.64947e+07
95 2.27593e+07
52 1.02176e+07
21 4.05615e+06
82 1.99204e+07
114 4.20334e+07
58 1.18219e+07
90 2.1806e+07
80 1.72369e+07
112 3.60965e+07
53 1.16609e+07
107 2.63931e+07
48 9.83683e+06
47 9.18044e+06
25 4.40139e+06
18 3.80073e+06
32 5.01067e+06
46 8.74187e+06
39 5.86271e+06
98 2.33732e+07
Thế hệ thứ: 38
111 3.25591e+07
41 6.74422e+06
58 1.18219e+07
114 4.20334e+07
107 2.63931e+07
48 9.83683e+06
17 3.77262e+06
69 1.61533e+07
37 5.40687e+06
23 4.27775e+06
96 2.30792e+07
50 1.02013e+07
84 2.05976e+07
73 1.6753e+07
71 1.64947e+07
89 2.09142e+07
42 8.16711e+06
90 2.1806e+07
29 4.90785e+06
80 1.72369e+07
112 3.60965e+07
67 1.38005e+07
28 4.52015e+06
53 1.16609e+07
18 3.80073e+06
95 2.27593e+07
52 1.02176e+07
21 4.05615e+06
32 5.01067e+06
47 9.18044e+06
25 4.40139e+06
82 1.99204e+07
39 5.86271e+06
46 8.74187e+06
98 2.33732e+07
102 2.43461e+07
60 1.37341e+07
Thế hệ thứ: 39
69 1.61533e+07
37 5.40687e+06
17 3.77262e+06
41 6.74422e+06
111 3.25591e+07
28 4.52015e+06
25 4.40139e+06
47 9.18044e+06
58 1.18219e+07
67 1.38005e+07
114 4.20334e+07
48 9.83683e+06
107 2.63931e+07
53 1.16609e+07
18 3.80073e+06
60 1.37341e+07
82 1.99204e+07
23 4.27775e+06
50 1.02013e+07
96 2.30792e+07
84 2.05976e+07
102 2.43461e+07
73 1.6753e+07
71 1.64947e+07
95 2.27593e+07
52 1.02176e+07
89 2.09142e+07
21 4.05615e+06
98 2.33732e+07
42 8.16711e+06
90 2.1806e+07
29 4.90785e+06
39 5.86271e+06
46 8.74187e+06
80 1.72369e+07
112 3.60965e+07
32 5.01067e+06
27 4.44743e+06
Thế hệ thứ: 40
37 5.40687e+06
69 1.61533e+07
17 3.77262e+06
80 1.72369e+07
111 3.25591e+07
41 6.74422e+06
112 3.60965e+07
28 4.52015e+06
71 1.64947e+07
47 9.18044e+06
25 4.40139e+06
58 1.18219e+07
18 3.80073e+06
32 5.01067e+06
95 2.27593e+07
67 1.38005e+07
114 4.20334e+07
52 1.02176e+07
27 4.44743e+06
48 9.83683e+06
107 2.63931e+07
89 2.09142e+07
53 1.16609e+07
21 4.05615e+06
98 2.33732e+07
42 8.16711e+06
60 1.37341e+07
82 1.99204e+07
90 2.1806e+07
29 4.90785e+06
23 4.27775e+06
96 2.30792e+07
50 1.02013e+07
84 2.05976e+07
102 2.43461e+07
46 8.74187e+06
39 5.86271e+06
73 1.6753e+07
Thế hệ thứ: 41
69 1.61533e+07
37 5.40687e+06
17 3.77262e+06
96 2.30792e+07
50 1.02013e+07
80 1.72369e+07
98 2.33732e+07
41 6.74422e+06
111 3.25591e+07
42 8.16711e+06
112 3.60965e+07
28 4.52015e+06
71 1.64947e+07
23 4.27775e+06
25 4.40139e+06
47 9.18044e+06
58 1.18219e+07
18 3.80073e+06
32 5.01067e+06
95 2.27593e+07
60 1.37341e+07
82 1.99204e+07
90 2.1806e+07
67 1.38005e+07
29 4.90785e+06
114 4.20334e+07
73 1.6753e+07
52 1.02176e+07
46 8.74187e+06
39 5.86271e+06
27 4.44743e+06
107 2.63931e+07
48 9.83683e+06
102 2.43461e+07
84 2.05976e+07
89 2.09142e+07
53 1.16609e+07
21 4.05615e+06
Thế hệ thứ: 42
37 5.40687e+06
69 1.61533e+07
17 3.77262e+06
102 2.43461e+07
80 1.72369e+07
96 2.30792e+07
50 1.02013e+07
107 2.63931e+07
48 9.83683e+06
67 1.38005e+07
29 4.90785e+06
98 2.33732e+07
114 4.20334e+07
73 1.6753e+07
41 6.74422e+06
111 3.25591e+07
42 8.16711e+06
112 3.60965e+07
52 1.02176e+07
28 4.52015e+06
71 1.64947e+07
23 4.27775e+06
39 5.86271e+06
46 8.74187e+06
47 9.18044e+06
25 4.40139e+06
21 4.05615e+06
58 1.18219e+07
18 3.80073e+06
53 1.16609e+07
32 5.01067e+06
89 2.09142e+07
95 2.27593e+07
27 4.44743e+06
60 1.37341e+07
84 2.05976e+07
82 1.99204e+07
90 2.1806e+07
Thế hệ thứ: 43
25 4.40139e+06
47 9.18044e+06
48 9.83683e+06
107 2.63931e+07
69 1.61533e+07
37 5.40687e+06
17 3.77262e+06
60 1.37341e+07
102 2.43461e+07
80 1.72369e+07
50 1.02013e+07
96 2.30792e+07
89 2.09142e+07
54 1.12693e+07
58 1.18219e+07
67 1.38005e+07
29 4.90785e+06
32 5.01067e+06
90 2.1806e+07
98 2.33732e+07
114 4.20334e+07
73 1.6753e+07
18 3.80073e+06
82 1.99204e+07
95 2.27593e+07
41 6.74422e+06
111 3.25591e+07
84 2.05976e+07
42 8.16711e+06
112 3.60965e+07
52 1.02176e+07
28 4.52015e+06
71 1.64947e+07
39 5.86271e+06
46 8.74187e+06
27 4.44289e+06
24 3.90096e+06
Thế hệ thứ: 44
80 1.72369e+07
48 9.83683e+06
107 2.63931e+07
25 4.40139e+06
47 9.18044e+06
37 5.40687e+06
69 1.61533e+07
17 3.77262e+06
60 1.37341e+07
102 2.43461e+07
111 3.25591e+07
84 2.05976e+07
96 2.30792e+07
50 1.02013e+07
89 2.09142e+07
54 1.12693e+07
46 8.74187e+06
39 5.86271e+06
58 1.18219e+07
27 4.44289e+06
67 1.38005e+07
112 3.60965e+07
29 4.90785e+06
71 1.64947e+07
32 5.01067e+06
24 3.90096e+06
52 1.02176e+07
90 2.1806e+07
98 2.33732e+07
114 4.20334e+07
73 1.6753e+07
18 3.80073e+06
82 1.99204e+07
95 2.27593e+07
41 6.74422e+06
42 8.0571e+06
28 4.50769e+06
43 8.08439e+06
Thế hệ thứ: 45
32 5.01067e+06
80 1.72369e+07
25 4.40139e+06
47 9.18044e+06
48 9.83683e+06
107 2.63931e+07
52 1.02176e+07
24 3.90096e+06
17 3.77262e+06
37 5.40687e+06
69 1.61533e+07
60 1.37341e+07
41 6.74422e+06
102 2.43461e+07
82 1.99204e+07
111 3.25591e+07
90 2.1806e+07
84 2.05976e+07
50 1.02013e+07
96 2.30792e+07
98 2.33732e+07
114 4.20334e+07
89 2.09142e+07
54 1.12693e+07
43 8.08439e+06
39 5.86271e+06
46 8.74187e+06
58 1.18219e+07
73 1.6753e+07
27 4.44289e+06
95 2.27593e+07
28 4.50769e+06
18 3.80073e+06
67 1.38005e+07
42 8.0571e+06
112 3.60965e+07
29 4.90785e+06
71 1.64947e+07
Thế hệ thứ: 46
39 5.86271e+06
46 8.74187e+06
32 5.01067e+06
80 1.72369e+07
58 1.18219e+07
73 1.6753e+07
25 4.40139e+06
47 9.18044e+06
48 9.83683e+06
107 2.63931e+07
52 1.02176e+07
24 3.90096e+06
37 5.40687e+06
69 1.61533e+07
17 3.77262e+06
60 1.37341e+07
41 6.74422e+06
102 2.43461e+07
82 1.99204e+07
111 3.25591e+07
27 4.44289e+06
90 2.1806e+07
95 2.27593e+07
84 2.05976e+07
96 2.30792e+07
50 1.02013e+07
98 2.33732e+07
114 4.20334e+07
28 4.50769e+06
89 2.09142e+07
67 1.38005e+07
18 3.80073e+06
54 1.12693e+07
43 8.08439e+06
71 1.64947e+07
29 4.90785e+06
112 3.56722e+07
19 3.86239e+06
42 7.91758e+06
Thế hệ thứ: 47
107 2.63931e+07
48 9.83683e+06
32 5.01067e+06
39 5.86271e+06
46 8.74187e+06
58 1.18219e+07
80 1.72369e+07
96 2.30792e+07
73 1.6753e+07
47 9.18044e+06
25 4.40139e+06
19 3.86239e+06
82 1.99204e+07
112 3.56722e+07
52 1.02176e+07
24 3.90096e+06
17 3.77262e+06
37 5.40687e+06
69 1.61533e+07
60 1.37341e+07
41 6.74422e+06
102 2.43461e+07
98 2.33732e+07
43 8.08439e+06
114 4.20334e+07
28 4.50769e+06
111 3.25591e+07
54 1.12693e+07
27 4.44289e+06
89 2.09142e+07
18 3.80073e+06
90 2.12292e+07
71 1.64947e+07
95 2.27593e+07
67 1.38005e+07
84 2.05976e+07
42 7.91758e+06
31 4.6814e+06
50 1.01306e+07
Thế hệ thứ: 48
107 2.63931e+07
48 9.83683e+06
67 1.38005e+07
39 5.86271e+06
46 8.74187e+06
32 5.01067e+06
80 1.72369e+07
58 1.18219e+07
42 7.91758e+06
96 2.30792e+07
73 1.6753e+07
18 3.80073e+06
25 4.40139e+06
47 9.18044e+06
19 3.86239e+06
90 2.12292e+07
71 1.64947e+07
82 1.99204e+07
112 3.56722e+07
52 1.02176e+07
24 3.90096e+06
37 5.40687e+06
69 1.61533e+07
17 3.77262e+06
60 1.37341e+07
41 6.74422e+06
50 1.01306e+07
102 2.43461e+07
31 4.6814e+06
98 2.33732e+07
43 8.08439e+06
114 4.20334e+07
84 2.05976e+07
28 4.50769e+06
95 2.27593e+07
111 3.25591e+07
54 1.12693e+07
27 4.44289e+06
89 2.09142e+07
Thế hệ thứ: 49
31 4.6814e+06
107 2.63931e+07
48 9.83683e+06
50 1.01306e+07
102 2.43461e+07
67 1.38005e+07
39 5.86271e+06
46 8.74187e+06
98 2.33732e+07
32 5.01067e+06
111 3.25591e+07
80 1.72369e+07
71 1.64947e+07
90 2.12292e+07
58 1.18219e+07
42 7.91758e+06
43 8.08439e+06
96 2.30792e+07
73 1.6753e+07
18 3.80073e+06
114 4.20334e+07
84 2.05976e+07
47 9.18044e+06
25 4.40139e+06
19 3.86239e+06
89 2.09142e+07
28 4.50769e+06
82 1.99204e+07
112 3.56722e+07
52 1.02176e+07
24 3.90096e+06
27 4.44289e+06
17 3.77262e+06
37 5.40687e+06
69 1.61533e+07
60 1.37341e+07
41 6.74422e+06
54 1.12693e+07
95 2.27593e+07
