Số khách: 100
Chi phí: 1.60907e+07
0 33 47 61 98 38 39 76 80 16 22 66 50 46 23 59 54 51 79 87 9 90 82 15 0 Role: 0
0 63 86 20 32 97 73 31 93 56 1 42 3 10 5 6 41 12 36 26 48 89 77 74 57 0 Role: 0
0 58 8 35 45 14 4 85 7 40 17 67 69 81 52 21 99 27 71 30 83 96 43 100 75 88 29 68 65 24 0 Role: 0
0 84 2 70 60 53 28 55 18 11 72 78 91 0 Role: 0
0 62 94 0 Role: 0
0 95 25 0 Role: 1
0 44 19 49 64 0 Role: 1
0 37 0 Role: 1
0 13 34 0 Role: 1
0 92 0 Role: 2

Số khách: 23
Chi phí: 3.15611e+06
0 65 24 41 12 19 74 26 37 10 34 81 64 77 89 29 48 3 42 0 Role: 0
0 4 7 23 80 11 0 Role: 1

Số khách: 83
Chi phí: 1.06188e+07
0 82 18 55 53 78 60 73 70 72 90 9 99 1 3 5 63 91 12 100 19 36 74 26 57 34 64 48 29 41 81 89 0 Role: 0
0 56 20 28 30 71 96 65 0 Role: 0
0 85 7 49 44 69 11 0 Role: 1
0 21 88 42 0 Role: 1
0 6 24 77 0 Role: 1
0 67 75 0 Role: 1
0 10 0 Role: 1
0 43 0 Role: 1
0 37 0 Role: 1
0 35 0 Role: 2
0 4 13 0 Role: 3
0 17 0 Role: 3
0 52 87 0 Role: 3
0 68 0 Role: 3
0 83 0 Role: 3
0 33 0 Role: 4
0 76 0 Role: 4
0 95 0 Role: 4
0 8 59 0 Role: 5
0 32 61 0 Role: 5
0 16 22 0 Role: 6
0 25 23 54 40 0 Role: 6
0 66 80 50 0 Role: 6
0 79 0 Role: 6
0 86 51 0 Role: 7
0 92 0 Role: 8

Số khách: 34
Chi phí: 3.50444e+06
0 10 3 37 26 19 12 6 24 65 41 89 0 Role: 0
0 8 59 69 11 0 Role: 1
0 79 52 0 Role: 1
0 66 44 85 64 0 Role: 1
0 63 5 0 Role: 1
0 29 21 13 0 Role: 1
0 68 48 87 0 Role: 1
0 67 43 49 75 0 Role: 1
0 33 0 Role: 2

Số khách: 85
Chi phí: 1.1826e+07
0 47 33 46 39 98 38 53 28 18 55 78 60 70 72 90 1 82 66 91 3 5 6 41 12 19 36 26 37 34 42 81 48 89 74 57 0 Role: 0
0 2 9 15 27 30 56 0 Role: 0
0 92 0 Role: 1
0 17 0 Role: 2
0 7 85 86 0 Role: 2
0 8 0 Role: 2
0 79 0 Role: 2
0 23 59 64 69 11 0 Role: 3
0 67 80 44 75 0 Role: 3
0 16 54 50 0 Role: 4
0 61 32 0 Role: 4
0 51 4 0 Role: 4
0 87 10 0 Role: 4
0 14 29 0 Role: 5
0 63 21 88 0 Role: 5
0 43 24 0 Role: 5
0 83 77 0 Role: 5
0 49 100 0 Role: 5
0 35 0 Role: 6
0 95 13 0 Role: 6
0 76 40 0 Role: 7
0 22 0 Role: 8
0 25 68 0 Role: 8

Số khách: 97
Chi phí: 1.49086e+07
0 84 2 70 60 53 28 55 18 11 72 78 91 0 Role: 0
0 63 86 20 32 97 73 31 93 56 1 42 3 10 5 6 41 12 36 26 48 89 77 74 57 0 Role: 0
0 58 8 35 45 14 4 85 17 40 67 69 81 52 21 99 27 30 71 83 96 43 100 75 88 29 68 65 24 0 Role: 0
0 33 47 61 98 38 39 76 80 16 22 66 50 46 23 59 54 51 79 87 9 90 82 15 0 Role: 0
0 95 25 0 Role: 1
0 44 19 49 64 0 Role: 1
0 37 0 Role: 1
0 13 34 0 Role: 1
0 92 0 Role: 2

Số khách: 73
Chi phí: 8.10193e+06
0 2 71 70 91 18 55 28 60 72 97 93 1 13 21 5 63 87 83 67 3 81 89 96 41 36 74 26 57 99 0 Role: 0
0 80 16 22 4 0 Role: 1
0 59 40 0 Role: 1
0 79 52 0 Role: 1
0 8 23 0 Role: 2
0 17 0 Role: 2
0 86 92 0 Role: 3
0 35 11 0 Role: 3
0 95 25 0 Role: 4
0 37 64 54 0 Role: 5
0 43 29 0 Role: 5
0 50 44 69 0 Role: 5
0 75 85 66 0 Role: 5
0 88 77 0 Role: 5
0 42 34 0 Role: 5
0 24 0 Role: 5
0 68 48 0 Role: 5
0 12 0 Role: 5
0 19 49 0 Role: 5
0 10 0 Role: 5
0 6 0 Role: 5
0 14 51 0 Role: 6
0 32 7 0 Role: 6

Số khách: 24
Chi phí: 3.25812e+06
0 65 24 41 12 19 74 26 37 10 57 34 81 64 77 89 29 48 3 42 0 Role: 0
0 4 7 23 80 11 0 Role: 1

Số khách: 88
Chi phí: 1.28629e+07
0 62 94 22 16 54 23 50 46 51 59 66 82 1 90 3 79 87 83 100 6 41 12 26 42 10 48 89 0 Role: 0
0 58 8 35 45 14 4 85 7 40 17 67 69 81 52 21 99 27 71 30 15 43 36 96 24 65 68 29 88 75 57 74 77 0 Role: 0
0 33 47 2 61 98 38 39 76 80 9 56 72 78 53 28 91 11 5 0 Role: 0
0 92 63 0 Role: 1
0 95 25 0 Role: 2
0 44 19 49 64 0 Role: 2
0 37 0 Role: 2
0 13 34 0 Role: 2

Số khách: 80
Chi phí: 9.68588e+06
0 82 18 55 53 78 60 73 70 72 90 9 99 1 3 5 63 91 12 100 19 36 74 26 57 34 64 48 29 41 81 89 0 Role: 0
0 62 27 2 94 15 8 28 56 30 65 71 96 0 Role: 0
0 4 13 0 Role: 1
0 17 0 Role: 1
0 52 87 0 Role: 1
0 68 0 Role: 1
0 83 0 Role: 1
0 85 7 49 44 69 11 0 Role: 2
0 21 88 42 0 Role: 2
0 6 24 77 0 Role: 2
0 67 75 0 Role: 2
0 10 0 Role: 2
0 43 0 Role: 2
0 37 0 Role: 2
0 86 14 51 0 Role: 3
0 16 22 0 Role: 4
0 25 23 54 40 0 Role: 4
0 66 80 50 0 Role: 4
0 79 0 Role: 4

Số khách: 90
Chi phí: 1.40483e+07
0 84 2 70 18 28 53 60 72 11 78 91 66 15 82 87 9 90 0 Role: 0
0 62 94 22 16 54 23 50 46 51 59 79 0 Role: 0
0 58 8 35 45 14 4 85 7 40 17 67 69 81 52 21 99 27 71 30 83 96 43 100 75 88 29 68 65 24 0 Role: 0
0 63 86 20 32 97 73 31 93 56 1 42 3 10 5 6 41 12 36 26 48 89 77 74 57 0 Role: 0
0 95 25 0 Role: 1
0 44 19 49 64 0 Role: 1
0 37 0 Role: 1
0 13 34 0 Role: 1

Số khách: 72
Chi phí: 7.13023e+06
0 82 18 55 53 78 60 73 70 72 90 9 99 1 3 5 63 91 12 100 19 36 74 26 57 34 64 48 29 41 81 89 0 Role: 0
0 86 14 51 0 Role: 1
0 16 22 0 Role: 2
0 25 23 54 40 0 Role: 2
0 66 80 50 0 Role: 2
0 79 0 Role: 2
0 4 13 0 Role: 3
0 17 0 Role: 3
0 52 87 0 Role: 3
0 68 0 Role: 3
0 83 0 Role: 3
0 85 7 49 44 69 11 0 Role: 4
0 21 88 42 0 Role: 4
0 6 24 77 0 Role: 4
0 67 75 0 Role: 4
0 10 0 Role: 4
0 43 0 Role: 4
0 37 0 Role: 4
0 8 59 0 Role: 5
0 32 61 0 Role: 5

Số khách: 76
Chi phí: 8.75663e+06
0 82 18 55 53 78 60 73 70 72 90 9 99 1 3 5 63 91 12 100 19 36 74 26 57 34 64 48 29 41 81 89 0 Role: 0
0 27 2 30 15 0 Role: 0
0 86 14 51 0 Role: 1
0 85 7 49 44 69 11 0 Role: 2
0 21 88 42 0 Role: 2
0 6 24 77 0 Role: 2
0 67 75 0 Role: 2
0 10 0 Role: 2
0 43 0 Role: 2
0 37 0 Role: 2
0 4 13 0 Role: 3
0 17 0 Role: 3
0 52 87 0 Role: 3
0 68 0 Role: 3
0 83 0 Role: 3
0 16 22 0 Role: 4
0 25 23 54 40 0 Role: 4
0 66 80 50 0 Role: 4
0 79 0 Role: 4
0 8 59 0 Role: 5
0 32 61 0 Role: 5

Số khách: 87
Chi phí: 1.23758e+07
0 84 2 70 55 18 28 53 60 72 78 9 90 29 11 82 15 91 24 43 65 68 10 3 88 75 77 12 96 89 26 74 41 0 Role: 0
0 80 76 39 38 98 61 47 33 5 63 48 21 1 42 57 71 30 36 6 81 99 0 Role: 0
0 62 94 22 16 54 23 50 46 51 59 66 69 52 79 87 83 56 100 67 0 Role: 0
0 95 25 0 Role: 1
0 44 19 49 64 0 Role: 1
0 85 37 0 Role: 1
0 13 34 0 Role: 1
0 32 86 0 Role: 2
0 4 7 40 0 Role: 3

Số khách: 42
Chi phí: 4.3081e+06
0 32 1 3 51 5 52 15 100 26 36 74 71 57 81 89 96 41 43 0 Role: 0
0 37 64 11 0 Role: 1
0 29 4 80 0 Role: 1
0 50 44 69 0 Role: 1
0 75 13 21 0 Role: 1
0 77 0 Role: 1
0 42 34 0 Role: 1
0 83 24 0 Role: 1
0 68 48 0 Role: 1
0 12 0 Role: 1
0 19 49 0 Role: 1
0 10 0 Role: 1
0 6 0 Role: 1

Số khách: 62
Chi phí: 5.90599e+06
0 82 18 55 53 78 60 73 72 90 9 99 1 3 5 63 91 12 19 100 36 41 29 48 81 64 34 57 26 74 89 0 Role: 0
0 85 7 49 44 69 11 0 Role: 1
0 21 88 42 0 Role: 1
0 6 24 77 0 Role: 1
0 67 75 0 Role: 1
0 10 0 Role: 1
0 43 0 Role: 1
0 37 0 Role: 1
0 86 14 51 0 Role: 2
0 4 22 16 0 Role: 3
0 25 23 54 40 0 Role: 3
0 66 80 50 0 Role: 3
0 52 79 0 Role: 3

Số khách: 46
Chi phí: 4.6367e+06
0 65 24 6 12 19 26 37 3 10 41 74 57 42 34 77 89 0 Role: 0
0 8 59 69 11 0 Role: 1
0 79 52 0 Role: 1
0 66 44 85 64 0 Role: 1
0 63 5 0 Role: 1
0 29 21 13 0 Role: 1
0 68 48 87 0 Role: 1
0 67 43 49 75 0 Role: 1
0 4 7 23 80 0 Role: 2
0 17 54 0 Role: 2
0 50 83 0 Role: 2

Số khách: 95
Chi phí: 1.46132e+07
0 33 47 2 61 98 38 39 76 80 9 72 78 53 28 91 11 0 Role: 0
0 58 8 35 45 14 4 85 7 40 17 67 69 81 52 21 99 27 71 30 15 75 88 29 68 65 24 96 43 0 Role: 0
0 63 86 20 32 97 73 31 93 56 1 42 3 10 5 6 41 12 36 26 48 89 77 74 57 0 Role: 0
0 62 94 22 16 54 23 50 46 51 59 66 82 79 87 90 100 83 0 Role: 0
0 95 25 0 Role: 1
0 44 19 49 64 0 Role: 1
0 37 0 Role: 1
0 13 34 0 Role: 1
0 92 0 Role: 2

Số khách: 69
Chi phí: 7.01688e+06
0 82 18 55 53 78 60 73 72 90 9 99 1 3 5 63 91 12 19 100 36 41 29 48 81 64 34 57 26 74 89 0 Role: 0
0 4 13 0 Role: 1
0 17 0 Role: 1
0 52 87 0 Role: 1
0 68 0 Role: 1
0 83 0 Role: 1
0 16 22 0 Role: 2
0 25 23 54 40 0 Role: 2
0 66 80 50 0 Role: 2
0 79 0 Role: 2
0 85 7 49 44 69 11 0 Role: 3
0 21 88 42 0 Role: 3
0 6 24 77 0 Role: 3
0 67 75 0 Role: 3
0 10 0 Role: 3
0 43 0 Role: 3
0 37 0 Role: 3
0 86 14 51 0 Role: 4
0 8 59 0 Role: 5

Số khách: 49
Chi phí: 4.99527e+06
0 82 18 55 53 78 60 73 70 72 90 9 99 1 3 5 63 91 12 100 19 36 74 26 57 34 64 48 29 41 0 Role: 0
0 85 7 49 44 69 11 0 Role: 1
0 21 88 42 0 Role: 1
0 6 24 77 0 Role: 1
0 67 75 0 Role: 1
0 10 0 Role: 1
0 43 0 Role: 1
0 37 0 Role: 1
0 86 14 51 0 Role: 2

Số khách: 94
Chi phí: 1.42493e+07
0 58 8 35 45 14 4 85 7 40 17 67 69 81 52 21 99 27 71 30 1 42 3 10 48 6 41 12 36 26 57 74 0 Role: 0
0 84 2 70 55 18 28 53 60 72 78 9 90 29 11 82 15 91 24 43 65 96 89 77 75 88 68 0 Role: 0
0 62 94 22 16 54 23 50 46 51 59 66 79 87 83 56 100 0 Role: 0
0 80 76 39 38 98 61 47 33 5 63 0 Role: 0
0 95 25 0 Role: 1
0 44 19 49 64 0 Role: 1
0 37 0 Role: 1
0 13 34 0 Role: 1
0 32 86 0 Role: 2

Số khách: 79
Chi phí: 9.25046e+06
0 82 18 55 53 78 60 73 70 72 90 9 99 1 3 5 63 91 12 100 19 36 74 26 57 34 64 48 29 41 81 89 0 Role: 0
0 62 14 27 2 94 15 8 28 30 56 96 65 71 0 Role: 0
0 4 13 0 Role: 1
0 17 0 Role: 1
0 52 87 0 Role: 1
0 68 0 Role: 1
0 83 0 Role: 1
0 85 7 49 44 69 11 0 Role: 2
0 21 88 42 0 Role: 2
0 6 24 77 0 Role: 2
0 67 75 0 Role: 2
0 10 0 Role: 2
0 43 0 Role: 2
0 37 0 Role: 2
0 86 22 16 0 Role: 3
0 25 23 54 40 0 Role: 3
0 66 80 50 0 Role: 3
0 79 0 Role: 3

Số khách: 59
Chi phí: 5.7638e+06
0 65 89 41 36 74 26 57 3 81 71 99 0 Role: 0
0 17 0 Role: 1
0 23 83 0 Role: 1
0 92 16 0 Role: 2
0 80 50 54 0 Role: 2
0 86 4 51 0 Role: 2
0 32 7 40 0 Role: 2
0 59 8 11 0 Role: 3
0 79 52 0 Role: 3
0 66 44 85 0 Role: 3
0 63 5 0 Role: 3
0 13 21 0 Role: 3
0 87 0 Role: 3
0 67 0 Role: 3
0 12 77 0 Role: 4
0 10 0 Role: 4
0 37 75 64 69 0 Role: 4
0 43 49 100 0 Role: 4
0 24 6 0 Role: 4
0 29 48 68 0 Role: 4
0 34 42 88 0 Role: 4
0 19 0 Role: 4
0 14 0 Role: 5

Số khách: 63
Chi phí: 6.41802e+06
0 2 9 27 3 1 15 56 30 26 36 74 71 57 81 89 6 41 12 19 29 42 37 0 Role: 0
0 95 22 34 64 69 0 Role: 1
0 59 8 11 0 Role: 2
0 79 52 0 Role: 2
0 66 85 75 44 0 Role: 2
0 63 5 0 Role: 2
0 13 21 88 0 Role: 2
0 10 87 0 Role: 2
0 49 43 0 Role: 2
0 92 16 0 Role: 3
0 50 23 0 Role: 3
0 51 4 0 Role: 3
0 32 7 0 Role: 3
0 25 54 86 40 0 Role: 4
0 17 0 Role: 4
0 80 77 83 24 0 Role: 4
0 14 0 Role: 5

Số khách: 78
Chi phí: 8.92946e+06
0 82 18 55 53 78 60 73 70 72 90 9 99 1 3 5 63 91 12 100 19 36 74 26 57 34 64 48 29 41 81 89 0 Role: 0
0 62 4 94 2 13 52 15 17 30 56 71 68 65 96 0 Role: 0
0 8 59 0 Role: 1
0 32 61 0 Role: 1
0 86 22 16 0 Role: 2
0 25 23 54 40 0 Role: 2
0 66 80 50 0 Role: 2
0 79 87 0 Role: 2
0 85 7 49 44 69 11 0 Role: 3
0 21 88 42 0 Role: 3
0 6 24 77 0 Role: 3
0 67 75 0 Role: 3
0 10 0 Role: 3
0 43 0 Role: 3
0 37 0 Role: 3

Số khách: 57
Chi phí: 5.67377e+06
0 65 89 41 36 74 26 57 3 81 71 99 0 Role: 0
0 59 8 11 0 Role: 1
0 79 52 0 Role: 1
0 66 44 85 0 Role: 1
0 63 5 0 Role: 1
0 13 21 0 Role: 1
0 87 0 Role: 1
0 67 0 Role: 1
0 92 16 0 Role: 2
0 80 50 54 0 Role: 2
0 86 4 51 0 Role: 2
0 32 7 40 0 Role: 2
0 12 77 0 Role: 3
0 10 0 Role: 3
0 37 75 64 69 0 Role: 3
0 43 49 100 0 Role: 3
0 24 6 0 Role: 3
0 29 48 68 0 Role: 3
0 34 42 88 0 Role: 3
0 19 0 Role: 3
0 14 0 Role: 4
0 17 0 Role: 5

Số khách: 40
Chi phí: 4.25562e+06
0 32 1 3 51 5 52 15 100 26 36 74 71 57 81 89 96 41 0 Role: 0
0 37 64 11 0 Role: 1
0 29 0 Role: 1
0 50 44 69 0 Role: 1
0 75 13 21 0 Role: 1
0 88 77 0 Role: 1
0 42 34 0 Role: 1
0 83 24 0 Role: 1
0 68 48 0 Role: 1
0 12 0 Role: 1
0 19 49 0 Role: 1
0 10 0 Role: 1
0 6 0 Role: 1

Số khách: 53
Chi phí: 5.21039e+06
0 2 9 27 3 1 15 56 30 26 36 74 71 57 81 89 6 41 12 19 29 37 42 48 0 Role: 0
0 8 59 69 11 0 Role: 1
0 79 52 0 Role: 1
0 66 44 85 75 64 0 Role: 1
0 63 5 0 Role: 1
0 13 21 88 0 Role: 1
0 10 87 0 Role: 1
0 67 43 49 0 Role: 1
0 25 54 86 40 0 Role: 2
0 17 0 Role: 2
0 80 77 83 24 0 Role: 2

Số khách: 52
Chi phí: 5.02195e+06
0 65 89 41 36 74 26 57 3 81 71 99 0 Role: 0
0 4 61 16 0 Role: 1
0 95 22 7 40 54 0 Role: 2
0 12 77 0 Role: 3
0 10 0 Role: 3
0 37 75 64 69 0 Role: 3
0 43 49 100 0 Role: 3
0 24 6 0 Role: 3
0 29 48 68 0 Role: 3
0 34 42 88 0 Role: 3
0 19 0 Role: 3
0 59 8 11 0 Role: 4
0 79 52 0 Role: 4
0 66 44 85 0 Role: 4
0 63 5 0 Role: 4
0 13 21 0 Role: 4
0 87 0 Role: 4
0 67 0 Role: 4

Số khách: 64
Chi phí: 6.61772e+06
0 65 89 41 36 74 26 57 3 81 71 99 0 Role: 0
0 95 22 0 Role: 1
0 59 8 11 0 Role: 2
0 79 52 0 Role: 2
0 66 44 85 0 Role: 2
0 63 5 0 Role: 2
0 13 21 0 Role: 2
0 87 0 Role: 2
0 67 0 Role: 2
0 35 0 Role: 3
0 25 76 0 Role: 3
0 14 40 0 Role: 3
0 61 0 Role: 4
0 92 16 0 Role: 5
0 23 50 80 54 0 Role: 5
0 86 4 51 0 Role: 5
0 32 7 0 Role: 5
0 33 0 Role: 6
0 12 77 0 Role: 7
0 10 0 Role: 7
0 37 75 64 69 0 Role: 7
0 43 49 100 0 Role: 7
0 24 6 0 Role: 7
0 29 48 68 0 Role: 7
0 34 42 88 0 Role: 7
0 19 0 Role: 7

Số khách: 91
Chi phí: 1.41879e+07
0 61 56 78 15 11 1 27 9 30 82 3 90 57 26 74 36 41 96 89 0 Role: 0
0 17 53 31 73 32 52 84 81 65 99 100 0 Role: 0
0 2 71 70 91 18 55 28 60 72 97 93 13 21 5 63 83 67 0 Role: 0
0 20 38 39 0 Role: 0
0 37 64 0 Role: 1
0 43 29 0 Role: 1
0 50 44 69 0 Role: 1
0 75 85 0 Role: 1
0 88 77 0 Role: 1
0 42 34 0 Role: 1
0 24 0 Role: 1
0 68 48 0 Role: 1
0 12 0 Role: 1
0 19 49 0 Role: 1
0 10 0 Role: 1
0 6 0 Role: 1
0 66 23 80 54 16 40 0 Role: 2
0 87 0 Role: 2
0 8 59 0 Role: 3
0 92 86 0 Role: 4
0 35 0 Role: 4
0 33 0 Role: 5
0 14 0 Role: 5
0 25 76 0 Role: 5
0 4 7 0 Role: 6
0 22 51 0 Role: 7

Số khách: 47
Chi phí: 4.71172e+06
0 81 3 57 71 26 74 41 89 65 99 42 29 12 19 0 Role: 0
0 92 69 16 0 Role: 1
0 80 50 54 75 0 Role: 1
0 86 4 51 0 Role: 1
0 32 7 40 64 0 Role: 1
0 59 8 11 0 Role: 2
0 79 52 0 Role: 2
0 66 44 85 0 Role: 2
0 63 5 0 Role: 2
0 13 21 88 0 Role: 2
0 10 87 0 Role: 2
0 67 43 49 0 Role: 2
0 6 0 Role: 3

Số khách: 38
Chi phí: 4.04025e+06
0 65 24 6 12 19 26 37 3 10 41 74 57 42 34 77 89 0 Role: 0
0 8 59 69 11 0 Role: 1
0 79 52 0 Role: 1
0 66 44 85 64 0 Role: 1
0 63 5 0 Role: 1
0 29 21 13 0 Role: 1
0 68 48 87 0 Role: 1
0 67 43 49 75 0 Role: 1

Số khách: 68
Chi phí: 6.64541e+06
0 82 18 55 53 78 60 73 70 72 90 9 99 1 3 5 63 91 12 100 19 36 74 26 57 34 64 48 29 41 81 89 0 Role: 0
0 86 14 51 0 Role: 1
0 16 22 0 Role: 2
0 25 23 54 40 0 Role: 2
0 66 80 50 0 Role: 2
0 79 0 Role: 2
0 4 13 0 Role: 3
0 17 0 Role: 3
0 52 87 0 Role: 3
0 68 0 Role: 3
0 83 0 Role: 3
0 85 7 49 44 69 11 0 Role: 4
0 21 88 42 0 Role: 4
0 6 24 77 0 Role: 4
0 67 75 0 Role: 4
0 10 0 Role: 4
0 43 0 Role: 4
0 37 0 Role: 4

Số khách: 37
Chi phí: 4.01736e+06
0 65 24 6 12 19 26 37 3 10 41 74 57 42 34 77 89 0 Role: 0
0 8 59 69 11 0 Role: 1
0 79 52 0 Role: 1
0 85 44 64 0 Role: 1
0 63 5 0 Role: 1
0 29 21 13 0 Role: 1
0 68 48 87 0 Role: 1
0 67 43 49 75 0 Role: 1

Số khách: 67
Chi phí: 6.63186e+06
0 82 18 55 53 78 60 73 70 72 90 9 99 1 3 5 63 91 12 100 19 36 74 26 57 34 64 48 29 41 81 89 0 Role: 0
0 86 22 16 0 Role: 1
0 25 23 54 40 0 Role: 1
0 66 80 50 0 Role: 1
0 79 0 Role: 1
0 4 13 0 Role: 2
0 17 0 Role: 2
0 52 87 0 Role: 2
0 68 0 Role: 2
0 83 0 Role: 2
0 85 7 49 44 69 11 0 Role: 3
0 21 88 42 0 Role: 3
0 6 24 77 0 Role: 3
0 67 75 0 Role: 3
0 10 0 Role: 3
0 43 0 Role: 3
0 37 0 Role: 3
0 8 0 Role: 4

Số khách: 56
Chi phí: 5.27388e+06
0 65 89 41 36 74 26 57 3 81 71 99 0 Role: 0
0 92 16 0 Role: 1
0 80 50 54 0 Role: 1
0 86 4 51 0 Role: 1
0 32 7 40 0 Role: 1
0 59 8 11 0 Role: 2
0 79 52 0 Role: 2
0 66 44 85 0 Role: 2
0 63 5 0 Role: 2
0 13 21 0 Role: 2
0 87 0 Role: 2
0 67 0 Role: 2
0 12 77 0 Role: 3
0 10 0 Role: 3
0 37 75 64 69 0 Role: 3
0 43 49 100 0 Role: 3
0 24 6 0 Role: 3
0 29 48 68 0 Role: 3
0 34 42 88 0 Role: 3
0 19 0 Role: 3
0 14 0 Role: 4

Số khách: 56
Chi phí: 5.27388e+06
0 65 89 41 36 74 26 57 3 81 71 99 0 Role: 0
0 12 77 0 Role: 1
0 10 0 Role: 1
0 37 75 64 69 0 Role: 1
0 43 49 100 0 Role: 1
0 24 6 0 Role: 1
0 29 48 68 0 Role: 1
0 34 42 88 0 Role: 1
0 19 0 Role: 1
0 59 8 11 0 Role: 2
0 79 52 0 Role: 2
0 66 44 85 0 Role: 2
0 63 5 0 Role: 2
0 13 21 0 Role: 2
0 87 0 Role: 2
0 67 0 Role: 2
0 92 16 0 Role: 3
0 80 50 54 0 Role: 3
0 86 4 51 0 Role: 3
0 32 7 40 0 Role: 3
0 14 0 Role: 4

Số khách: 35
Chi phí: 3.84437e+06
0 65 89 41 36 74 26 57 3 81 71 99 0 Role: 0
0 4 7 21 0 Role: 1
0 5 11 0 Role: 1
0 12 77 0 Role: 2
0 10 0 Role: 2
0 37 75 64 69 0 Role: 2
0 43 49 100 0 Role: 2
0 24 6 0 Role: 2
0 29 48 68 0 Role: 2
0 34 42 88 0 Role: 2
0 19 0 Role: 2

Số khách: 35
Chi phí: 3.84437e+06
0 65 89 41 36 74 26 57 3 81 71 99 0 Role: 0
0 12 77 0 Role: 1
0 10 0 Role: 1
0 37 75 64 69 0 Role: 1
0 43 49 100 0 Role: 1
0 24 6 0 Role: 1
0 29 48 68 0 Role: 1
0 34 42 88 0 Role: 1
0 19 0 Role: 1
0 4 7 21 0 Role: 2
0 5 11 0 Role: 2

