Số khách: 112
Chi phí: 2.3348e+07
0 182 87 169 92 153 9 120 0 Role: 0
0 124 187 163 71 98 186 95 55 104 96 83 62 0 Role: 0
0 61 130 137 178 175 0 Role: 0
0 58 141 7 53 33 198 134 149 192 29 117 67 170 0 Role: 0
0 65 122 73 164 0 Role: 0
0 179 158 68 11 0 Role: 0
0 94 0 Role: 0
0 76 39 103 115 31 136 25 74 48 167 183 99 188 80 176 112 41 162 0 Role: 0
0 88 69 64 0 Role: 1
0 72 161 0 Role: 1
0 90 106 123 0 Role: 1
0 23 191 135 0 Role: 1
0 43 0 Role: 1
0 10 0 Role: 1
0 194 0 Role: 1
0 199 21 197 0 Role: 2
0 119 5 3 140 0 Role: 2
0 20 52 0 Role: 2
0 56 0 Role: 2
0 32 85 0 Role: 2
0 14 0 Role: 2
0 181 4 0 Role: 3
0 111 57 0 Role: 3
0 102 40 0 Role: 3
0 49 0 Role: 3
0 160 0 Role: 3
0 54 171 78 0 Role: 4
0 156 0 Role: 4
0 159 0 Role: 4
0 24 0 Role: 4
0 146 0 Role: 4
0 93 0 Role: 5
0 166 0 Role: 5
0 129 0 Role: 5
0 101 0 Role: 6
0 13 126 0 Role: 6

Số khách: 82
Chi phí: 1.78254e+07
0 130 0 Role: 0
0 83 0 Role: 0
0 57 194 155 95 188 73 47 195 124 175 82 0 Role: 0
0 26 0 Role: 0
0 61 153 109 178 0 Role: 0
0 10 196 0 Role: 0
0 184 5 0 Role: 0
0 90 0 Role: 0
0 40 123 117 0 Role: 1
0 20 52 106 122 0 Role: 1
0 14 167 158 64 0 Role: 1
0 72 71 0 Role: 1
0 43 163 0 Role: 1
0 192 29 191 135 0 Role: 1
0 170 161 0 Role: 1
0 183 69 88 0 Role: 1
0 162 120 0 Role: 1
0 67 0 Role: 1
0 23 0 Role: 1
0 54 78 0 Role: 2
0 102 159 0 Role: 2
0 160 0 Role: 2
0 48 32 0 Role: 2
0 199 3 0 Role: 2
0 85 0 Role: 2
0 49 0 Role: 2
0 56 0 Role: 2
0 149 0 Role: 2
0 21 146 140 0 Role: 3
0 24 0 Role: 3
0 197 0 Role: 3
0 156 0 Role: 3
0 111 171 0 Role: 4
0 4 126 0 Role: 4
0 119 93 0 Role: 4
0 58 0 Role: 4
0 166 0 Role: 4
0 129 0 Role: 4
0 101 181 0 Role: 5
0 13 0 Role: 5

Số khách: 83
Chi phí: 1.98039e+07
0 85 161 0 Role: 0
0 145 79 0 Role: 0
0 7 0 Role: 0
0 122 103 192 196 0 Role: 0
0 40 109 178 29 162 167 76 135 61 25 0 Role: 0
0 195 136 118 0 Role: 0
0 91 0 Role: 0
0 18 0 Role: 0
0 124 171 0 Role: 1
0 140 0 Role: 1
0 120 88 64 0 Role: 1
0 23 72 0 Role: 1
0 194 170 71 0 Role: 1
0 123 117 191 106 0 Role: 1
0 130 0 Role: 1
0 10 183 69 0 Role: 1
0 175 0 Role: 1
0 83 0 Role: 1
0 119 158 0 Role: 2
0 52 90 0 Role: 2
0 48 149 0 Role: 2
0 67 0 Role: 2
0 43 0 Role: 2
0 21 197 146 0 Role: 3
0 24 32 0 Role: 3
0 3 5 0 Role: 3
0 56 0 Role: 3
0 14 0 Role: 3
0 49 0 Role: 3
0 163 160 20 0 Role: 3
0 58 4 0 Role: 4
0 159 102 0 Role: 4
0 57 111 0 Role: 4
0 199 0 Role: 4
0 156 0 Role: 4
0 126 0 Role: 5
0 166 0 Role: 5
0 93 0 Role: 5
0 129 78 0 Role: 5
0 54 0 Role: 6
0 101 0 Role: 6
0 13 0 Role: 7
0 181 0 Role: 7

Số khách: 104
Chi phí: 2.27092e+07
0 73 0 Role: 0
0 110 90 66 95 55 87 188 92 164 51 99 0 Role: 0
0 133 78 1 60 176 12 69 0 Role: 0
0 146 105 41 0 Role: 0
0 88 122 80 113 147 50 31 67 0 Role: 0
0 65 38 14 163 22 30 34 53 72 64 167 23 0 Role: 0
0 186 153 0 Role: 0
0 134 109 42 189 47 43 123 20 0 Role: 0
0 106 135 117 0 Role: 1
0 71 0 Role: 1
0 175 192 191 0 Role: 1
0 124 0 Role: 1
0 183 10 149 0 Role: 1
0 120 0 Role: 1
0 170 0 Role: 1
0 130 0 Role: 1
0 83 0 Role: 1
0 49 0 Role: 2
0 161 85 0 Role: 2
0 194 158 0 Role: 2
0 162 0 Role: 2
0 29 0 Role: 2
0 52 0 Role: 2
0 119 166 0 Role: 3
0 171 24 0 Role: 3
0 111 32 0 Role: 3
0 56 3 0 Role: 3
0 199 5 0 Role: 3
0 48 0 Role: 3
0 40 0 Role: 3
0 160 0 Role: 3
0 4 126 0 Role: 4
0 197 140 0 Role: 4
0 156 0 Role: 4
0 102 0 Role: 4
0 21 58 0 Role: 5
0 159 0 Role: 5
0 57 0 Role: 5
0 13 0 Role: 6
0 129 0 Role: 6
0 181 93 0 Role: 7
0 54 0 Role: 8
0 101 0 Role: 8

Số khách: 100
Chi phí: 2.13621e+07
0 143 0 Role: 0
0 188 123 0 Role: 0
0 93 0 Role: 0
0 103 100 25 124 191 22 43 0 Role: 0
0 21 26 51 28 0 Role: 0
0 37 105 176 150 80 65 71 53 68 0 Role: 0
0 141 110 8 96 73 170 194 106 0 Role: 0
0 197 111 63 174 127 92 20 122 32 52 66 38 112 155 34 136 0 Role: 0
0 4 58 88 0 Role: 1
0 162 0 Role: 1
0 175 192 64 0 Role: 1
0 14 167 90 0 Role: 1
0 183 0 Role: 1
0 40 117 0 Role: 1
0 130 85 0 Role: 1
0 72 161 0 Role: 1
0 10 29 0 Role: 1
0 23 135 0 Role: 1
0 120 0 Role: 1
0 69 149 0 Role: 1
0 67 0 Role: 1
0 83 0 Role: 1
0 156 57 0 Role: 2
0 171 163 158 0 Role: 2
0 160 0 Role: 2
0 56 0 Role: 2
0 49 0 Role: 2
0 199 140 119 5 0 Role: 3
0 102 0 Role: 3
0 24 48 0 Role: 3
0 3 0 Role: 3
0 101 146 181 0 Role: 4
0 166 0 Role: 4
0 78 129 0 Role: 4
0 159 0 Role: 4
0 54 0 Role: 5
0 126 0 Role: 5
0 13 0 Role: 6

Số khách: 92
Chi phí: 2.02275e+07
0 155 62 0 Role: 0
0 193 96 60 33 173 154 22 64 0 Role: 0
0 187 44 163 178 56 0 Role: 0
0 103 144 130 182 51 164 69 0 Role: 0
0 95 0 Role: 0
0 122 34 68 90 120 162 0 Role: 0
0 80 117 0 Role: 0
0 86 142 50 0 Role: 0
0 199 119 194 71 72 0 Role: 1
0 88 10 29 0 Role: 1
0 170 161 0 Role: 1
0 52 123 106 0 Role: 1
0 183 149 167 0 Role: 1
0 124 0 Role: 1
0 83 0 Role: 1
0 67 0 Role: 1
0 175 23 191 135 0 Role: 1
0 5 102 0 Role: 2
0 197 140 0 Role: 2
0 3 0 Role: 2
0 49 0 Role: 2
0 48 158 0 Role: 2
0 20 43 0 Role: 2
0 192 0 Role: 2
0 14 0 Role: 2
0 40 0 Role: 3
0 32 85 0 Role: 3
0 160 0 Role: 3
0 13 126 0 Role: 4
0 21 58 0 Role: 4
0 146 93 0 Role: 4
0 111 24 78 0 Role: 4
0 171 129 57 0 Role: 4
0 159 0 Role: 4
0 156 0 Role: 4
0 101 166 0 Role: 5
0 4 0 Role: 5
0 54 0 Role: 5
0 181 0 Role: 6

Số khách: 99
Chi phí: 2.11137e+07
0 133 69 0 Role: 0
0 81 0 Role: 0
0 13 58 4 153 112 87 79 195 149 120 64 0 Role: 0
0 192 132 143 169 35 46 155 98 151 61 179 0 Role: 0
0 193 99 0 Role: 0
0 150 118 96 0 Role: 0
0 170 130 9 89 10 6 110 125 122 25 135 124 0 Role: 0
0 103 145 82 0 Role: 0
0 199 194 0 Role: 1
0 175 88 0 Role: 1
0 20 106 72 0 Role: 1
0 90 158 123 0 Role: 1
0 56 0 Role: 1
0 43 52 117 0 Role: 1
0 67 0 Role: 1
0 23 29 0 Role: 1
0 162 71 0 Role: 1
0 83 0 Role: 1
0 183 167 0 Role: 1
0 191 0 Role: 1
0 49 0 Role: 2
0 161 0 Role: 2
0 14 0 Role: 2
0 160 163 0 Role: 2
0 5 166 0 Role: 3
0 129 32 0 Role: 3
0 3 0 Role: 3
0 48 0 Role: 3
0 40 0 Role: 3
0 85 0 Role: 3
0 126 0 Role: 4
0 197 140 0 Role: 4
0 156 0 Role: 4
0 24 0 Role: 4
0 119 57 0 Role: 5
0 171 78 0 Role: 5
0 111 0 Role: 5
0 102 159 0 Role: 5
0 146 0 Role: 5
0 21 181 93 0 Role: 6
0 54 0 Role: 7
0 101 0 Role: 7

Số khách: 93
Chi phí: 2.04545e+07
0 112 0 Role: 0
0 183 104 109 51 176 72 0 Role: 0
0 127 159 196 0 Role: 0
0 74 120 31 87 188 83 67 0 Role: 0
0 150 93 90 48 124 118 45 137 76 0 Role: 0
0 27 26 0 Role: 0
0 138 0 Role: 0
0 37 148 65 59 68 25 85 0 Role: 0
0 24 64 0 Role: 1
0 122 71 161 0 Role: 1
0 158 0 Role: 1
0 175 23 192 29 0 Role: 1
0 123 191 135 0 Role: 1
0 130 0 Role: 1
0 170 0 Role: 1
0 167 88 106 0 Role: 1
0 117 0 Role: 1
0 10 69 0 Role: 1
0 21 4 32 0 Role: 2
0 199 3 5 0 Role: 2
0 56 0 Role: 2
0 14 149 0 Role: 2
0 194 0 Role: 2
0 43 52 0 Role: 2
0 162 0 Role: 2
0 101 119 140 0 Role: 3
0 20 40 0 Role: 3
0 160 163 0 Role: 3
0 49 0 Role: 3
0 171 129 78 0 Role: 4
0 156 57 0 Role: 4
0 146 197 0 Role: 4
0 111 0 Role: 4
0 102 0 Role: 4
0 166 0 Role: 5
0 54 0 Role: 5
0 58 0 Role: 5
0 181 0 Role: 6
0 13 126 0 Role: 6

