Số khách: 34
Chi phí: 1.99023e+06
0 14 16 39 49 27 12 11 25 2 5 22 19 33 1 38 18 46 3 26 43 10 37 24 47 20 41 30 0 Role: 0
0 44 9 7 32 36 4 15 0 Role: 1

Số khách: 50
Chi phí: 2.7553e+06
0 6 28 22 49 27 11 23 30 20 33 46 43 14 10 37 24 12 35 19 38 18 3 47 41 25 39 0 Role: 0
0 50 21 13 16 5 2 31 0 Role: 1
0 40 34 8 44 9 4 32 15 0 Role: 2
0 48 36 29 1 7 42 17 45 26 0 Role: 2

Số khách: 44
Chi phí: 2.13994e+06
0 23 11 12 35 19 22 49 3 14 20 47 24 37 43 39 26 25 41 30 0 Role: 0
0 8 33 29 40 44 15 36 48 21 0 Role: 1
0 4 17 7 34 1 42 0 Role: 1
0 32 45 9 2 5 0 Role: 1
0 31 13 16 0 Role: 1
0 38 18 0 Role: 1

Số khách: 35
Chi phí: 2.03671e+06
0 16 39 49 27 12 11 2 31 14 25 5 22 19 33 1 18 38 3 26 46 43 10 37 24 47 20 41 30 0 Role: 0
0 44 9 7 32 36 4 15 0 Role: 1

Số khách: 47
Chi phí: 2.57965e+06
0 11 27 22 6 28 46 3 24 20 25 26 39 43 37 30 41 0 Role: 0
0 14 19 50 21 0 Role: 1
0 48 36 42 0 Role: 1
0 47 15 1 13 12 5 16 0 Role: 1
0 8 33 29 40 44 0 Role: 2
0 4 17 7 34 0 Role: 2
0 32 45 2 9 0 Role: 2
0 31 0 Role: 2
0 10 18 38 0 Role: 2

Số khách: 46
Chi phí: 2.30476e+06
0 11 27 22 6 28 46 3 24 20 25 41 30 37 14 43 26 39 19 12 47 0 Role: 0
0 40 29 33 8 44 15 36 48 21 0 Role: 1
0 4 17 42 1 7 34 0 Role: 1
0 32 45 9 2 5 0 Role: 1
0 31 13 16 0 Role: 1
0 10 18 38 0 Role: 1

Số khách: 49
Chi phí: 2.75363e+06
0 6 28 22 49 27 11 23 30 20 33 46 43 14 10 37 24 12 35 19 38 18 3 47 41 25 39 0 Role: 0
0 40 34 8 44 9 4 32 15 0 Role: 1
0 48 36 29 1 7 42 17 45 26 0 Role: 1
0 50 21 13 16 5 2 0 Role: 2

Số khách: 45
Chi phí: 2.19367e+06
0 14 3 49 22 19 35 12 11 23 20 30 41 25 26 39 43 37 24 47 10 0 Role: 0
0 8 33 29 40 44 15 36 48 21 0 Role: 1
0 4 17 7 34 1 42 0 Role: 1
0 32 45 9 2 5 0 Role: 1
0 31 13 16 0 Role: 1
0 38 18 0 Role: 1

Số khách: 50
Chi phí: 2.7553e+06
0 6 28 22 49 27 11 23 30 20 33 46 43 14 10 37 24 12 35 19 38 18 3 47 41 25 39 0 Role: 0
0 40 34 8 44 9 4 32 15 0 Role: 1
0 48 36 29 1 7 42 17 45 26 0 Role: 1
0 50 21 13 16 5 2 31 0 Role: 2

