Số khách: 37
Chi phí: 3.02356e+06
0 7 0 Role: 0
0 19 38 21 26 0 Role: 1
0 47 41 25 3 18 0 Role: 1
0 14 10 1 45 16 31 0 Role: 2
0 15 5 39 0 Role: 2
0 12 0 Role: 2
0 48 0 Role: 2
0 4 2 36 33 24 0 Role: 2
0 50 0 Role: 3
0 40 0 Role: 3
0 8 17 32 0 Role: 3
0 42 0 Role: 3
0 13 0 Role: 3
0 44 9 34 29 0 Role: 4

Số khách: 46
Chi phí: 6.30108e+06
0 5 36 13 3 16 23 41 47 15 35 0 Role: 0
0 10 7 22 49 0 Role: 0
0 48 18 46 0 Role: 0
0 30 2 25 12 19 33 26 43 24 37 20 0 Role: 0
0 14 17 38 1 45 0 Role: 1
0 4 31 39 8 0 Role: 1
0 32 42 0 Role: 1
0 40 29 50 21 34 9 0 Role: 2
0 44 0 Role: 3

Số khách: 41
Chi phí: 4.37807e+06
0 35 43 10 0 Role: 0
0 39 46 20 0 Role: 0
0 47 14 34 17 13 41 15 0 Role: 1
0 48 19 33 3 24 0 Role: 1
0 25 12 26 38 18 0 Role: 1
0 8 0 Role: 2
0 40 5 0 Role: 2
0 42 45 16 36 2 31 0 Role: 2
0 21 0 Role: 3
0 4 9 7 1 0 Role: 4
0 32 0 Role: 4
0 44 29 50 0 Role: 5

Số khách: 44
Chi phí: 5.57693e+06
0 25 2 30 43 0 Role: 0
0 4 17 0 Role: 0
0 32 21 49 35 19 7 8 10 24 22 11 41 46 33 0 Role: 0
0 47 14 3 38 39 26 15 0 Role: 1
0 9 18 42 16 0 Role: 2
0 48 1 12 36 5 31 0 Role: 2
0 45 0 Role: 2
0 34 13 0 Role: 3
0 40 0 Role: 4
0 44 29 50 0 Role: 4

Số khách: 40
Chi phí: 3.59467e+06
0 35 19 1 46 3 20 0 Role: 0
0 47 32 50 18 24 15 0 Role: 1
0 42 39 2 31 0 Role: 1
0 25 48 10 9 0 Role: 2
0 14 38 33 26 41 0 Role: 3
0 12 0 Role: 3
0 8 45 36 5 0 Role: 4
0 13 0 Role: 4
0 4 16 0 Role: 4
0 29 0 Role: 5
0 44 34 7 17 0 Role: 5
0 40 21 0 Role: 6

Số khách: 39
Chi phí: 3.05554e+06
0 9 7 1 45 39 16 11 41 20 26 25 0 Role: 0
0 48 19 38 10 31 0 Role: 1
0 2 0 Role: 1
0 47 50 29 40 18 15 0 Role: 2
0 8 34 17 33 5 0 Role: 2
0 4 12 32 36 42 14 24 0 Role: 2
0 3 0 Role: 2
0 21 13 0 Role: 3
0 44 0 Role: 4

Số khách: 45
Chi phí: 6.06494e+06
0 42 38 39 49 23 30 24 37 0 Role: 0
0 47 17 43 33 45 26 12 11 0 Role: 0
0 10 44 9 15 48 27 40 7 8 3 36 41 46 0 Role: 0
0 50 0 Role: 0
0 31 0 Role: 1
0 4 5 16 18 14 0 Role: 1
0 19 2 0 Role: 1
0 25 1 0 Role: 1
0 21 0 Role: 2
0 34 29 32 0 Role: 2
0 13 0 Role: 2

