Số khách: 50
Chi phí: 6.41281e+06
0 25 24 38 9 4 26 2 29 45 14 50 40 19 37 15 3 5 8 48 10 47 20 41 34 13 30 17 43 31 0 Role: 0
0 32 44 49 1 6 7 12 16 23 27 33 35 36 0 Role: 0
0 18 22 39 0 Role: 1
0 21 42 0 Role: 1
0 11 28 46 0 Role: 2

Số khách: 17
Chi phí: 2.1705e+06
0 36 5 30 17 2 43 31 10 13 48 34 41 20 47 0 Role: 0
0 44 22 12 0 Role: 1

Số khách: 45
Chi phí: 5.28618e+06
0 25 24 38 9 4 26 2 29 45 14 50 40 19 37 3 5 8 48 10 47 13 31 43 17 30 34 41 20 0 Role: 0
0 11 33 15 27 35 7 16 0 Role: 0
0 18 6 12 0 Role: 1
0 21 23 42 0 Role: 1
0 1 0 Role: 2
0 22 28 39 0 Role: 2

Số khách: 44
Chi phí: 4.33613e+06
0 25 24 38 9 4 26 2 29 45 14 50 40 19 37 15 3 5 8 48 10 31 43 17 30 13 34 41 20 47 0 Role: 0
0 44 33 0 Role: 1
0 1 0 Role: 2
0 39 11 28 46 0 Role: 2
0 22 6 12 0 Role: 2
0 7 42 0 Role: 2
0 18 0 Role: 3
0 21 23 0 Role: 3

Số khách: 26
Chi phí: 2.6081e+06
0 10 31 3 43 2 17 30 5 36 13 48 8 34 41 20 47 0 Role: 0
0 39 11 22 46 0 Role: 1
0 7 0 Role: 1
0 18 6 0 Role: 1
0 21 23 42 0 Role: 1

Số khách: 38
Chi phí: 3.3693e+06
0 25 29 2 26 45 4 9 38 14 50 40 19 37 15 3 5 8 48 10 47 13 31 43 17 30 34 41 20 0 Role: 0
0 1 0 Role: 1
0 39 11 28 46 0 Role: 1
0 22 6 12 0 Role: 1
0 23 42 0 Role: 1

Số khách: 49
Chi phí: 5.78028e+06
0 25 24 38 9 4 26 2 29 45 14 50 40 19 37 3 5 8 48 10 47 13 31 43 17 30 34 41 20 0 Role: 0
0 32 49 44 33 27 35 23 16 36 0 Role: 0
0 1 0 Role: 1
0 39 11 28 46 0 Role: 1
0 22 6 12 0 Role: 1
0 7 42 0 Role: 1
0 18 0 Role: 2
0 21 0 Role: 2

Số khách: 21
Chi phí: 2.57764e+06
0 7 17 2 6 3 5 8 13 10 20 41 34 30 43 31 47 0 Role: 0
0 39 44 28 11 12 0 Role: 1

Số khách: 39
Chi phí: 3.55364e+06
0 25 24 38 9 4 26 2 29 45 14 50 40 19 37 15 3 5 8 48 10 47 20 41 34 13 30 17 43 31 0 Role: 0
0 1 0 Role: 1
0 39 11 28 46 0 Role: 1
0 22 6 12 0 Role: 1
0 7 42 0 Role: 1

Số khách: 34
Chi phí: 3.27271e+06
0 25 24 38 9 4 26 2 29 45 14 50 40 19 37 15 3 5 8 48 10 31 43 17 30 13 34 41 20 47 0 Role: 0
0 18 21 12 0 Role: 1
0 23 42 0 Role: 1

Số khách: 41
Chi phí: 3.84607e+06
0 25 24 38 9 4 26 2 29 45 14 50 40 19 37 15 3 5 8 48 10 31 43 17 30 13 34 41 20 47 0 Role: 0
0 44 33 0 Role: 1
0 1 0 Role: 2
0 39 11 28 46 0 Role: 2
0 22 21 12 0 Role: 2
0 7 42 0 Role: 2

Số khách: 46
Chi phí: 5.6133e+06
0 25 24 38 9 4 26 2 29 45 14 50 40 19 37 15 3 5 8 48 10 31 43 17 30 13 34 41 20 47 0 Role: 0
0 16 23 27 33 35 36 0 Role: 0
0 1 0 Role: 1
0 39 28 46 0 Role: 1
0 22 6 12 0 Role: 1
0 7 42 0 Role: 1
0 18 21 0 Role: 2

Số khách: 42
Chi phí: 3.95717e+06
0 25 24 38 9 4 26 2 29 45 14 50 40 19 37 15 3 5 8 48 10 31 43 17 30 13 34 41 20 47 0 Role: 0
0 1 0 Role: 1
0 39 11 28 46 0 Role: 1
0 22 6 12 0 Role: 1
0 7 42 0 Role: 1
0 18 21 0 Role: 2
0 23 0 Role: 2

Số khách: 28
Chi phí: 2.91443e+06
0 16 23 5 35 27 3 33 36 8 13 31 43 17 30 34 41 20 47 0 Role: 0
0 1 0 Role: 1
0 39 11 28 46 0 Role: 1
0 22 6 12 0 Role: 1
0 7 42 0 Role: 1

Số khách: 31
Chi phí: 3.05487e+06
0 14 50 40 37 15 2 35 16 48 13 20 34 36 8 5 30 17 43 31 41 0 Role: 0
0 7 0 Role: 1
0 39 28 22 46 12 0 Role: 1
0 21 0 Role: 1
0 18 0 Role: 1
0 3 0 Role: 1
0 47 10 0 Role: 1

Số khách: 43
Chi phí: 4.29441e+06
0 25 24 38 9 4 26 2 29 45 14 50 40 19 37 15 3 5 8 48 10 31 43 17 30 13 34 41 20 47 0 Role: 0
0 18 0 Role: 1
0 21 23 0 Role: 1
0 44 33 0 Role: 2
0 1 0 Role: 3
0 39 11 28 46 0 Role: 3
0 22 12 0 Role: 3
0 7 42 0 Role: 3

Số khách: 27
Chi phí: 2.88566e+06
0 16 36 13 33 3 27 5 23 8 31 43 17 30 34 41 20 47 0 Role: 0
0 1 0 Role: 1
0 39 11 28 46 0 Role: 1
0 22 6 12 0 Role: 1
0 7 42 0 Role: 1

Số khách: 20
Chi phí: 2.51241e+06
0 7 17 2 6 3 5 8 13 10 20 47 43 30 34 41 0 Role: 0
0 39 44 28 11 12 0 Role: 1

Số khách: 19
Chi phí: 2.30603e+06
0 10 31 3 43 2 17 30 5 36 13 48 8 34 41 20 47 0 Role: 0
0 22 21 12 0 Role: 1

Số khách: 33
Chi phí: 3.15014e+06
0 24 38 45 29 2 26 4 9 14 50 40 19 37 15 3 5 8 48 10 47 13 31 43 17 30 34 41 20 0 Role: 0
0 18 6 12 0 Role: 1
0 23 42 0 Role: 1

Số khách: 47
Chi phí: 5.76636e+06
0 25 24 38 9 4 26 2 29 45 14 50 40 19 37 15 3 5 8 48 10 47 20 41 34 13 30 17 43 31 0 Role: 0
0 16 23 27 33 35 36 0 Role: 0
0 1 0 Role: 1
0 39 11 46 0 Role: 1
0 22 6 12 0 Role: 1
0 7 42 0 Role: 1
0 18 21 0 Role: 2
0 28 0 Role: 2

Số khách: 18
Chi phí: 2.24539e+06
0 36 5 30 17 2 43 31 10 13 48 34 47 20 41 8 0 Role: 0
0 22 21 12 0 Role: 1

Số khách: 32
Chi phí: 3.07288e+06
0 14 50 40 37 15 2 35 16 48 13 20 34 36 8 5 30 17 43 31 41 0 Role: 0
0 7 0 Role: 1
0 39 28 22 46 12 0 Role: 1
0 21 0 Role: 1
0 18 6 0 Role: 1
0 3 0 Role: 1
0 47 10 0 Role: 1

Số khách: 48
Chi phí: 5.77552e+06
0 25 24 38 9 4 26 2 29 45 14 50 40 19 37 15 3 5 8 48 10 31 43 17 30 13 34 41 20 47 0 Role: 0
0 16 23 27 35 36 0 Role: 0
0 1 0 Role: 1
0 39 11 28 46 0 Role: 1
0 6 12 0 Role: 1
0 7 42 0 Role: 1
0 44 33 22 0 Role: 2
0 18 21 0 Role: 3

