Số khách: 94
Chi phí: 9.97555e+06
0 70 131 80 5 0 Role: 0
0 10 97 13 82 0 Role: 0
0 165 107 86 18 127 141 124 0 Role: 1
0 61 8 0 Role: 1
0 56 121 58 27 0 Role: 2
0 30 39 175 0 Role: 3
0 145 69 177 0 Role: 3
0 100 0 Role: 3
0 24 7 91 41 0 Role: 3
0 44 148 57 0 Role: 3
0 118 147 120 142 0 Role: 3
0 133 0 Role: 3
0 194 0 Role: 3
0 184 0 Role: 3
0 126 0 Role: 4
0 169 0 Role: 5
0 90 33 181 0 Role: 5
0 71 62 200 0 Role: 5
0 6 185 0 Role: 6
0 161 129 99 1 106 170 0 Role: 6
0 196 52 143 187 64 0 Role: 7
0 157 0 Role: 7
0 154 173 25 0 Role: 7
0 51 186 112 0 Role: 7
0 93 0 Role: 8
0 146 0 Role: 9
0 55 188 0 Role: 10
0 193 103 0 Role: 10
0 150 4 162 119 0 Role: 10
0 122 78 172 0 Role: 10
0 20 0 Role: 10
0 98 0 Role: 11
0 11 0 Role: 11
0 22 2 199 54 0 Role: 12
0 117 43 0 Role: 12
0 31 0 Role: 12
0 65 0 Role: 12

Số khách: 109
Chi phí: 1.23571e+07
0 133 105 60 134 139 118 39 8 197 107 69 41 184 0 Role: 0
0 147 15 85 0 Role: 0
0 17 0 Role: 0
0 7 44 145 193 0 Role: 1
0 57 0 Role: 2
0 10 91 58 27 127 0 Role: 2
0 90 185 6 0 Role: 2
0 61 186 112 24 177 0 Role: 2
0 13 51 80 0 Role: 2
0 142 148 100 120 0 Role: 2
0 181 194 0 Role: 2
0 175 25 0 Role: 2
0 161 0 Role: 3
0 200 62 64 170 0 Role: 3
0 187 33 54 0 Role: 3
0 30 0 Role: 3
0 99 157 20 0 Role: 3
0 140 55 43 196 86 0 Role: 4
0 163 0 Role: 4
0 108 121 188 141 124 0 Role: 4
0 1 78 172 129 0 Role: 4
0 154 173 0 Role: 4
0 150 162 56 146 0 Role: 5
0 11 71 18 0 Role: 5
0 52 0 Role: 6
0 23 143 0 Role: 7
0 117 0 Role: 7
0 106 122 65 0 Role: 7
0 31 0 Role: 7
0 183 74 0 Role: 8
0 22 2 98 0 Role: 8
0 119 165 199 0 Role: 8
0 32 4 126 111 0 Role: 9
0 169 0 Role: 9
0 179 0 Role: 9
0 76 0 Role: 10
0 103 0 Role: 11
0 53 0 Role: 11
0 93 0 Role: 11
0 96 0 Role: 12

Số khách: 110
Chi phí: 1.8076e+07
0 170 197 87 0 Role: 0
0 173 19 1 0 Role: 0
0 189 20 41 185 101 0 Role: 0
0 200 0 Role: 0
0 151 0 Role: 0
0 49 55 0 Role: 0
0 103 145 141 0 Role: 0
0 168 0 Role: 0
0 183 62 127 0 Role: 1
0 33 27 0 Role: 1
0 194 100 39 107 0 Role: 1
0 181 0 Role: 1
0 51 24 10 0 Role: 1
0 118 0 Role: 1
0 142 175 69 0 Role: 1
0 147 0 Role: 1
0 120 91 0 Role: 2
0 61 148 177 0 Role: 2
0 112 7 90 0 Role: 2
0 58 154 25 0 Role: 2
0 133 80 0 Role: 2
0 44 8 0 Role: 2
0 57 13 0 Role: 2
0 184 0 Role: 2
0 71 199 157 99 0 Role: 3
0 172 6 124 129 0 Role: 3
0 31 193 86 0 Role: 3
0 161 0 Role: 3
0 186 78 0 Role: 3
0 108 74 119 0 Role: 4
0 143 188 18 0 Role: 4
0 162 146 106 64 0 Role: 4
0 117 150 0 Role: 4
0 165 140 121 196 30 0 Role: 5
0 54 0 Role: 5
0 65 0 Role: 5
0 43 0 Role: 5
0 11 52 187 0 Role: 5
0 122 0 Role: 5
0 2 98 22 0 Role: 6
0 23 0 Role: 6
0 93 179 0 Role: 7
0 163 4 0 Role: 7
0 169 0 Role: 7
0 56 0 Role: 8
0 76 17 0 Role: 9
0 32 0 Role: 10
0 126 111 0 Role: 10
0 53 0 Role: 10
0 96 0 Role: 11

Số khách: 111
Chi phí: 1.79401e+07
0 185 0 Role: 0
0 86 0 Role: 0
0 2 105 81 41 172 5 57 138 193 0 Role: 0
0 100 0 Role: 0
0 146 0 Role: 0
0 36 7 54 0 Role: 0
0 64 72 33 84 0 Role: 0
0 14 156 0 Role: 0
0 61 142 0 Role: 1
0 124 184 0 Role: 1
0 27 44 0 Role: 1
0 90 0 Role: 1
0 58 148 6 177 127 0 Role: 1
0 145 69 39 107 0 Role: 1
0 154 147 0 Role: 1
0 194 120 0 Role: 1
0 80 0 Role: 1
0 24 91 8 0 Role: 1
0 17 108 118 141 0 Role: 2
0 199 0 Role: 3
0 122 170 0 Role: 4
0 200 187 106 99 129 0 Role: 4
0 18 0 Role: 5
0 31 11 1 71 0 Role: 5
0 13 112 181 0 Role: 5
0 161 175 157 0 Role: 5
0 186 51 10 0 Role: 5
0 133 25 173 0 Role: 5
0 20 0 Role: 5
0 56 117 30 188 0 Role: 6
0 65 78 0 Role: 6
0 165 74 169 52 119 0 Role: 7
0 23 143 0 Role: 7
0 121 162 62 150 0 Role: 7
0 163 55 140 0 Role: 8
0 4 43 0 Role: 8
0 196 179 93 0 Role: 8
0 111 0 Role: 9
0 98 103 22 0 Role: 9
0 126 0 Role: 10
0 53 32 0 Role: 11
0 96 0 Role: 12
0 183 76 0 Role: 12

Số khách: 102
Chi phí: 1.54612e+07
0 2 197 133 152 70 134 177 186 47 132 69 10 182 144 139 0 Role: 0
0 187 88 158 0 Role: 0
0 77 174 0 Role: 0
0 68 36 178 181 82 0 Role: 0
0 193 37 0 Role: 0
0 13 127 27 0 Role: 1
0 43 25 0 Role: 1
0 41 0 Role: 1
0 52 55 0 Role: 2
0 33 6 86 107 124 39 0 Role: 2
0 118 58 80 7 0 Role: 2
0 57 8 0 Role: 2
0 54 0 Role: 3
0 154 161 129 170 0 Role: 4
0 20 148 0 Role: 4
0 1 0 Role: 4
0 112 24 0 Role: 4
0 61 145 120 147 175 0 Role: 4
0 162 0 Role: 5
0 100 22 106 64 99 0 Role: 6
0 179 0 Role: 7
0 143 194 0 Role: 7
0 91 0 Role: 7
0 142 44 0 Role: 7
0 185 0 Role: 7
0 184 0 Role: 7
0 119 121 150 62 18 0 Role: 8
0 96 0 Role: 9
0 188 0 Role: 9
0 90 117 146 0 Role: 9
0 65 11 71 0 Role: 9
0 157 0 Role: 9
0 32 30 4 165 0 Role: 10
0 173 0 Role: 10
0 51 0 Role: 10
0 74 0 Role: 11
0 76 140 172 0 Role: 11
0 103 0 Role: 12
0 183 0 Role: 12

Số khách: 114
Chi phí: 1.4643e+07
0 37 95 0 Role: 0
0 17 146 20 0 Role: 0
0 144 28 134 197 57 0 Role: 0
0 133 128 0 Role: 0
0 121 117 34 16 51 170 8 132 124 47 63 0 Role: 0
0 106 61 30 27 0 Role: 1
0 193 0 Role: 1
0 10 127 86 141 0 Role: 1
0 142 58 177 39 107 0 Role: 1
0 112 186 13 41 80 0 Role: 1
0 184 91 0 Role: 1
0 6 1 33 0 Role: 2
0 24 120 100 0 Role: 3
0 145 194 181 7 0 Role: 3
0 69 118 147 175 0 Role: 3
0 187 0 Role: 4
0 165 64 161 119 188 18 0 Role: 4
0 52 162 56 0 Role: 4
0 200 150 25 90 0 Role: 4
0 173 185 154 0 Role: 4
0 44 148 0 Role: 4
0 163 0 Role: 5
0 169 172 0 Role: 5
0 143 74 129 0 Role: 6
0 78 157 0 Role: 6
0 98 199 71 99 0 Role: 7
0 122 54 0 Role: 7
0 11 31 0 Role: 7
0 62 0 Role: 7
0 108 0 Role: 8
0 103 22 0 Role: 8
0 140 196 4 0 Role: 8
0 23 65 0 Role: 8
0 43 0 Role: 8
0 126 0 Role: 9
0 111 53 32 0 Role: 9
0 93 179 0 Role: 9
0 2 0 Role: 10
0 183 0 Role: 10
0 76 55 0 Role: 10
0 96 0 Role: 11

Số khách: 107
Chi phí: 1.12655e+07
0 160 44 92 10 128 0 Role: 0
0 51 0 Role: 0
0 179 54 0 Role: 0
0 157 122 158 48 0 Role: 0
0 108 0 Role: 1
0 11 146 186 107 127 0 Role: 1
0 173 25 90 0 Role: 1
0 91 177 0 Role: 1
0 112 61 0 Role: 1
0 17 0 Role: 2
0 57 20 172 1 0 Role: 2
0 193 41 0 Role: 2
0 13 58 27 39 0 Role: 2
0 154 100 7 80 0 Role: 2
0 175 6 145 120 0 Role: 2
0 194 142 8 0 Role: 2
0 184 24 0 Role: 2
0 133 69 118 0 Role: 2
0 185 147 0 Role: 2
0 148 0 Role: 2
0 4 0 Role: 3
0 78 161 124 0 Role: 3
0 181 141 86 170 0 Role: 3
0 53 74 52 119 18 0 Role: 4
0 129 99 0 Role: 4
0 121 64 187 0 Role: 4
0 117 30 33 0 Role: 4
0 32 103 22 188 0 Role: 5
0 163 55 62 200 0 Role: 5
0 106 31 143 0 Role: 5
0 111 98 0 Role: 6
0 140 162 165 71 0 Role: 6
0 65 23 0 Role: 6
0 43 150 0 Role: 6
0 126 0 Role: 7
0 76 2 196 0 Role: 7
0 183 93 0 Role: 7
0 169 56 0 Role: 7
0 199 0 Role: 7
0 96 0 Role: 8

Số khách: 107
Chi phí: 9.58087e+06
0 65 169 177 0 Role: 0
0 123 33 79 85 5 60 0 Role: 0
0 80 127 100 27 0 Role: 1
0 112 0 Role: 1
0 44 0 Role: 1
0 148 91 8 39 107 0 Role: 1
0 6 143 145 142 0 Role: 2
0 184 0 Role: 2
0 133 154 25 0 Role: 2
0 13 0 Role: 2
0 118 41 7 58 0 Role: 2
0 57 10 181 0 Role: 2
0 185 0 Role: 2
0 129 62 0 Role: 3
0 11 0 Role: 3
0 30 157 146 124 170 0 Role: 3
0 186 141 0 Role: 3
0 161 20 69 0 Role: 3
0 1 175 90 0 Role: 3
0 24 61 194 0 Role: 3
0 120 147 0 Role: 3
0 51 0 Role: 3
0 108 150 121 119 188 86 0 Role: 4
0 117 0 Role: 4
0 193 200 172 99 0 Role: 4
0 122 54 64 0 Role: 4
0 173 0 Role: 4
0 32 22 71 165 56 0 Role: 5
0 78 0 Role: 5
0 17 163 55 0 Role: 6
0 187 199 23 106 0 Role: 6
0 52 162 18 0 Role: 6
0 43 0 Role: 6
0 31 0 Role: 6
0 179 74 2 0 Role: 7
0 103 111 0 Role: 7
0 126 0 Role: 8
0 196 183 76 0 Role: 8
0 4 98 0 Role: 8
0 140 93 0 Role: 8
0 53 0 Role: 9
0 96 0 Role: 10

Số khách: 106
Chi phí: 8.82603e+06
0 95 145 68 85 139 25 148 0 Role: 0
0 71 41 124 58 27 177 39 107 127 0 Role: 1
0 24 61 80 0 Role: 1
0 51 194 181 0 Role: 1
0 8 13 7 0 Role: 1
0 147 0 Role: 1
0 185 69 175 118 0 Role: 1
0 44 57 0 Role: 1
0 23 161 172 170 0 Role: 2
0 129 86 186 20 1 0 Role: 2
0 90 120 91 0 Role: 2
0 100 6 0 Role: 2
0 142 112 0 Role: 2
0 10 0 Role: 2
0 184 0 Role: 2
0 133 0 Role: 2
0 103 106 54 99 0 Role: 3
0 146 11 30 121 141 0 Role: 3
0 78 193 157 0 Role: 3
0 154 173 0 Role: 3
0 122 64 18 0 Role: 4
0 187 150 200 0 Role: 4
0 140 62 0 Role: 5
0 31 0 Role: 5
0 33 143 52 0 Role: 5
0 117 0 Role: 5
0 53 119 188 0 Role: 6
0 43 162 0 Role: 6
0 55 0 Role: 6
0 199 65 0 Role: 6
0 108 0 Role: 6
0 183 0 Role: 7
0 93 196 111 0 Role: 7
0 76 22 0 Role: 7
0 4 169 165 0 Role: 7
0 56 0 Role: 7
0 17 163 0 Role: 8
0 74 179 0 Role: 8
0 98 0 Role: 9
0 2 0 Role: 9
0 126 32 0 Role: 10
0 96 0 Role: 11

Số khách: 103
Chi phí: 8.66621e+06
0 95 192 145 78 0 Role: 0
0 103 24 0 Role: 1
0 20 39 181 80 127 0 Role: 1
0 107 0 Role: 1
0 193 90 175 124 0 Role: 2
0 2 142 41 69 141 0 Role: 3
0 98 119 7 71 0 Role: 4
0 188 184 10 86 27 0 Role: 4
0 13 22 170 0 Role: 5
0 162 0 Role: 5
0 196 148 100 91 177 0 Role: 5
0 186 0 Role: 5
0 58 112 57 120 0 Role: 5
0 25 0 Role: 5
0 194 8 61 0 Role: 5
0 44 0 Role: 5
0 133 118 0 Role: 5
0 147 0 Role: 5
0 64 163 154 0 Role: 6
0 23 65 33 0 Role: 7
0 6 18 99 129 0 Role: 7
0 143 146 157 0 Role: 7
0 187 54 172 0 Role: 7
0 31 1 0 Role: 7
0 161 0 Role: 7
0 62 117 30 121 0 Role: 7
0 185 173 0 Role: 7
0 51 0 Role: 7
0 169 140 0 Role: 8
0 200 11 106 0 Role: 8
0 122 0 Role: 8
0 74 111 52 0 Role: 9
0 56 150 0 Role: 9
0 108 17 76 0 Role: 10
0 93 4 0 Role: 10
0 179 0 Role: 10
0 43 55 0 Role: 10
0 199 0 Role: 10
0 96 126 32 0 Role: 11
0 53 165 0 Role: 12

Số khách: 100
Chi phí: 1.25403e+07
0 146 156 67 0 Role: 0
0 119 194 72 0 Role: 0
0 8 163 0 Role: 0
0 13 42 43 169 0 Role: 0
0 22 0 Role: 1
0 27 23 86 99 0 Role: 1
0 11 41 193 129 127 0 Role: 1
0 78 184 57 91 0 Role: 1
0 173 0 Role: 1
0 118 133 120 157 0 Role: 2
0 17 18 0 Role: 3
0 61 150 30 0 Role: 3
0 64 148 145 80 107 0 Role: 3
0 39 10 6 0 Role: 3
0 181 147 7 58 0 Role: 3
0 69 185 0 Role: 3
0 25 100 0 Role: 3
0 56 54 106 0 Role: 4
0 52 90 177 0 Role: 4
0 179 93 62 200 0 Role: 5
0 187 33 20 172 1 0 Role: 5
0 98 143 71 170 0 Role: 6
0 24 161 141 0 Role: 6
0 175 112 0 Role: 6
0 142 0 Role: 6
0 186 124 0 Role: 7
0 44 0 Role: 7
0 55 154 121 0 Role: 8
0 51 0 Role: 8
0 117 0 Role: 8
0 31 0 Role: 8
0 103 4 188 0 Role: 9
0 76 2 196 111 0 Role: 10
0 65 122 0 Role: 10
0 162 0 Role: 10
0 126 199 0 Role: 11
0 32 53 0 Role: 12

Số khách: 100
Chi phí: 9.85108e+06
0 194 41 0 Role: 0
0 112 158 39 147 142 0 Role: 0
0 74 24 172 0 Role: 1
0 154 0 Role: 2
0 117 25 69 90 0 Role: 2
0 181 57 0 Role: 2
0 100 177 8 80 127 0 Role: 3
0 185 58 107 0 Role: 3
0 184 7 86 124 0 Role: 4
0 1 103 61 11 170 27 0 Role: 5
0 148 6 0 Role: 5
0 51 186 0 Role: 5
0 13 10 0 Role: 5
0 145 91 175 0 Role: 5
0 120 44 0 Role: 5
0 118 133 0 Role: 5
0 162 143 99 129 0 Role: 6
0 62 141 0 Role: 6
0 54 0 Role: 6
0 146 121 157 64 0 Role: 6
0 78 161 193 0 Role: 6
0 173 0 Role: 6
0 20 0 Role: 6
0 4 165 0 Role: 7
0 71 119 187 52 188 0 Role: 7
0 200 33 106 0 Role: 7
0 31 0 Role: 7
0 122 0 Role: 7
0 30 0 Role: 7
0 32 140 18 0 Role: 8
0 22 23 65 0 Role: 9
0 43 150 0 Role: 9
0 179 196 111 0 Role: 10
0 163 0 Role: 10
0 17 108 76 0 Role: 11
0 93 2 0 Role: 11
0 98 56 0 Role: 11
0 55 0 Role: 11
0 199 0 Role: 11
0 126 169 0 Role: 12

Số khách: 112
Chi phí: 1.80632e+07
0 137 0 Role: 0
0 28 176 182 44 0 Role: 0
0 186 26 85 51 0 Role: 0
0 195 31 0 Role: 0
0 168 0 Role: 0
0 76 142 0 Role: 0
0 141 131 0 Role: 0
0 165 37 107 181 0 Role: 0
0 103 119 188 27 127 0 Role: 1
0 172 200 0 Role: 1
0 30 161 157 0 Role: 1
0 54 90 170 39 0 Role: 1
0 6 112 24 177 58 0 Role: 1
0 148 0 Role: 1
0 8 120 175 118 0 Role: 1
0 57 13 80 0 Role: 1
0 69 147 91 0 Role: 1
0 62 117 0 Role: 2
0 55 33 64 0 Role: 3
0 106 0 Role: 3
0 18 7 0 Role: 3
0 65 41 86 0 Role: 3
0 194 20 61 145 0 Role: 3
0 184 10 0 Role: 3
0 25 133 185 0 Role: 3
0 100 0 Role: 3
0 124 173 154 0 Role: 4
0 121 52 187 129 99 0 Role: 5
0 193 143 11 0 Role: 5
0 122 146 0 Role: 5
0 78 1 0 Role: 5
0 150 0 Role: 6
0 163 162 0 Role: 6
0 179 196 0 Role: 6
0 56 71 0 Role: 7
0 43 108 0 Role: 7
0 199 23 0 Role: 7
0 74 4 0 Role: 8
0 169 140 0 Role: 8
0 111 183 0 Role: 9
0 53 0 Role: 9
0 2 98 22 0 Role: 10
0 17 0 Role: 10
0 93 0 Role: 10
0 96 32 0 Role: 11
0 126 0 Role: 11

Số khách: 103
Chi phí: 8.30733e+06
0 100 55 16 91 1 172 0 Role: 0
0 93 157 177 39 107 0 Role: 1
0 24 10 6 27 0 Role: 1
0 181 80 147 120 58 127 0 Role: 1
0 194 13 184 7 0 Role: 1
0 169 143 0 Role: 2
0 31 165 33 0 Role: 2
0 129 196 25 154 90 0 Role: 2
0 148 57 41 0 Role: 2
0 69 142 8 0 Role: 2
0 175 61 145 0 Role: 2
0 133 118 0 Role: 2
0 185 0 Role: 2
0 162 0 Role: 3
0 11 119 141 86 170 0 Role: 3
0 30 161 146 121 124 0 Role: 3
0 78 193 0 Role: 3
0 44 20 0 Role: 3
0 173 0 Role: 3
0 18 54 0 Role: 4
0 108 150 200 0 Role: 5
0 2 64 99 106 0 Role: 6
0 122 65 112 0 Role: 7
0 98 4 74 71 0 Role: 8
0 51 199 186 0 Role: 8
0 32 23 187 188 0 Role: 9
0 43 117 0 Role: 9
0 52 62 0 Role: 9
0 96 126 0 Role: 10
0 183 163 140 0 Role: 10
0 103 0 Role: 10
0 179 0 Role: 10
0 56 0 Role: 10
0 76 111 22 0 Role: 11
0 17 0 Role: 12
0 53 0 Role: 12

Số khách: 103
Chi phí: 8.81444e+06
0 150 79 117 0 Role: 0
0 57 148 145 27 0 Role: 1
0 100 107 39 0 Role: 1
0 133 177 127 0 Role: 1
0 175 69 91 0 Role: 1
0 41 58 8 80 7 0 Role: 1
0 10 0 Role: 1
0 147 25 118 0 Role: 1
0 52 119 193 129 0 Role: 2
0 31 33 170 86 0 Role: 3
0 157 0 Role: 3
0 64 23 54 194 0 Role: 3
0 112 13 181 0 Role: 3
0 24 120 0 Role: 3
0 44 61 0 Role: 3
0 185 0 Role: 3
0 122 0 Role: 4
0 65 99 0 Role: 4
0 154 121 0 Role: 4
0 141 142 20 172 1 0 Role: 4
0 186 184 161 0 Role: 4
0 4 199 18 0 Role: 5
0 200 11 106 0 Role: 5
0 146 6 30 124 0 Role: 5
0 188 0 Role: 6
0 55 0 Role: 6
0 90 56 187 0 Role: 6
0 62 43 0 Role: 6
0 78 0 Role: 6
0 173 0 Role: 6
0 51 0 Role: 6
0 17 0 Role: 7
0 169 162 71 0 Role: 8
0 108 0 Role: 8
0 143 0 Role: 8
0 22 74 2 98 0 Role: 9
0 165 0 Role: 9
0 126 0 Role: 10
0 163 140 0 Role: 10
0 103 0 Role: 10
0 179 196 0 Role: 10
0 93 0 Role: 10
0 76 183 111 0 Role: 11
0 32 53 0 Role: 11
0 96 0 Role: 12

Số khách: 102
Chi phí: 8.22556e+06
0 25 0 Role: 0
0 65 0 Role: 1
0 10 129 27 107 86 39 177 58 127 0 Role: 1
0 44 0 Role: 1
0 193 33 0 Role: 2
0 71 0 Role: 2
0 11 145 100 124 0 Role: 2
0 20 0 Role: 2
0 172 6 57 41 0 Role: 3
0 157 147 141 90 0 Role: 3
0 112 0 Role: 3
0 91 1 7 80 8 181 0 Role: 3
0 185 154 0 Role: 3
0 184 13 61 0 Role: 3
0 148 120 0 Role: 3
0 118 133 0 Role: 3
0 194 0 Role: 3
0 142 24 0 Role: 3
0 69 0 Role: 3
0 32 78 170 0 Role: 4
0 179 18 0 Role: 5
0 186 161 0 Role: 5
0 2 55 30 121 119 0 Role: 6
0 122 146 0 Role: 6
0 62 64 99 0 Role: 6
0 200 54 106 0 Role: 6
0 183 117 196 22 0 Role: 7
0 52 31 56 187 0 Role: 7
0 188 43 0 Role: 7
0 143 23 0 Role: 7
0 162 175 150 0 Role: 7
0 51 0 Role: 7
0 173 0 Role: 7
0 199 0 Role: 8
0 108 0 Role: 8
0 17 76 140 0 Role: 9
0 163 0 Role: 9
0 103 169 0 Role: 9
0 165 4 0 Role: 9
0 93 74 126 0 Role: 10
0 53 111 0 Role: 10
0 98 0 Role: 10
0 96 0 Role: 11

Số khách: 113
Chi phí: 1.4665e+07
0 16 0 Role: 0
0 94 26 168 95 144 181 145 15 148 97 79 0 Role: 0
0 138 0 Role: 0
0 69 43 107 0 Role: 0
0 41 192 0 Role: 0
0 25 127 27 0 Role: 1
0 80 100 6 58 177 39 0 Role: 1
0 185 0 Role: 1
0 147 142 61 0 Role: 1
0 8 91 0 Role: 1
0 120 133 0 Role: 1
0 118 7 0 Role: 1
0 13 184 0 Role: 1
0 57 194 24 0 Role: 1
0 141 170 1 30 0 Role: 2
0 78 20 157 0 Role: 2
0 186 193 172 0 Role: 2
0 64 52 161 10 0 Role: 3
0 173 90 0 Role: 3
0 175 154 0 Role: 3
0 112 51 0 Role: 3
0 71 23 146 18 0 Role: 4
0 162 99 0 Role: 4
0 11 129 0 Role: 4
0 44 187 33 86 0 Role: 4
0 165 54 0 Role: 5
0 31 169 0 Role: 6
0 200 0 Role: 6
0 106 143 0 Role: 6
0 62 124 0 Role: 6
0 196 108 150 188 0 Role: 7
0 93 183 119 0 Role: 8
0 55 4 0 Role: 8
0 140 163 121 0 Role: 8
0 199 56 0 Role: 8
0 65 122 0 Role: 8
0 117 0 Role: 8
0 111 22 2 74 0 Role: 9
0 76 17 0 Role: 9
0 98 103 0 Role: 9
0 179 0 Role: 9
0 96 32 0 Role: 10
0 53 0 Role: 10
0 126 0 Role: 11

Số khách: 83
Chi phí: 8.79882e+06
0 186 168 0 Role: 0
0 151 0 Role: 0
0 169 65 78 172 39 127 107 0 Role: 1
0 17 0 Role: 2
0 108 129 0 Role: 2
0 193 117 0 Role: 3
0 100 54 80 27 58 0 Role: 3
0 30 133 99 170 0 Role: 4
0 41 0 Role: 5
0 177 112 10 24 61 57 7 0 Role: 5
0 118 121 86 90 141 124 0 Role: 6
0 184 13 0 Role: 7
0 148 44 6 0 Role: 8
0 181 0 Role: 8
0 51 8 0 Role: 8
0 69 154 147 0 Role: 8
0 145 0 Role: 8
0 185 25 175 0 Role: 8
0 142 120 91 0 Role: 8
0 140 188 0 Role: 9
0 187 56 106 71 64 0 Role: 9
0 199 52 18 0 Role: 9
0 126 157 11 162 0 Role: 10
0 173 0 Role: 10
0 93 119 0 Role: 11
0 33 146 194 20 0 Role: 11
0 76 32 0 Role: 12
0 4 200 150 161 0 Role: 12

Số khách: 110
Chi phí: 1.40164e+07
0 27 182 156 125 40 189 57 0 Role: 0
0 78 10 41 0 Role: 0
0 168 132 0 Role: 0
0 142 0 Role: 0
0 33 29 5 58 51 0 Role: 0
0 175 25 133 39 107 127 0 Role: 1
0 6 31 0 Role: 2
0 129 30 7 0 Role: 2
0 2 90 64 177 0 Role: 3
0 148 0 Role: 3
0 186 100 91 0 Role: 3
0 80 13 61 8 181 0 Role: 3
0 117 0 Role: 4
0 184 122 170 0 Role: 4
0 146 0 Role: 4
0 161 145 172 112 0 Role: 4
0 154 118 69 141 0 Role: 4
0 20 147 120 0 Role: 4
0 185 0 Role: 4
0 44 0 Role: 4
0 24 194 0 Role: 4
0 4 54 193 0 Role: 5
0 157 200 124 86 0 Role: 5
0 183 62 18 0 Role: 6
0 65 1 99 0 Role: 6
0 196 53 111 119 188 0 Role: 7
0 140 169 71 0 Role: 8
0 52 56 0 Role: 8
0 150 173 0 Role: 8
0 22 187 74 165 121 0 Role: 9
0 106 11 23 0 Role: 9
0 143 162 0 Role: 9
0 43 0 Role: 9
0 163 55 108 0 Role: 10
0 93 179 0 Role: 11
0 76 17 0 Role: 11
0 103 199 0 Role: 11
0 126 32 98 0 Role: 12

Số khách: 106
Chi phí: 1.14017e+07
0 80 123 57 34 0 Role: 0
0 141 178 118 0 Role: 0
0 132 45 24 0 Role: 0
0 91 0 Role: 1
0 173 90 39 127 0 Role: 2
0 1 10 194 184 7 0 Role: 2
0 25 120 0 Role: 2
0 108 69 170 0 Role: 3
0 8 0 Role: 3
0 99 106 181 175 157 86 0 Role: 3
0 51 172 0 Role: 3
0 96 0 Role: 4
0 23 145 177 27 107 0 Role: 4
0 133 154 185 0 Role: 4
0 56 31 193 146 0 Role: 5
0 58 112 0 Role: 5
0 163 117 150 121 188 0 Role: 6
0 2 124 129 64 0 Role: 7
0 161 147 100 41 0 Role: 7
0 61 78 186 0 Role: 7
0 148 44 142 0 Role: 7
0 6 20 0 Role: 7
0 13 0 Role: 7
0 196 62 18 0 Role: 8
0 33 30 52 200 0 Role: 8
0 11 0 Role: 8
0 122 54 0 Role: 8
0 179 162 0 Role: 9
0 71 55 119 0 Role: 9
0 65 199 0 Role: 9
0 187 143 0 Role: 9
0 43 0 Role: 9
0 22 32 74 0 Role: 10
0 98 165 169 4 0 Role: 10
0 140 0 Role: 10
0 53 111 0 Role: 11
0 17 76 0 Role: 11
0 103 0 Role: 11
0 93 0 Role: 11
0 183 0 Role: 12

Số khách: 129
Chi phí: 2.05282e+07
0 75 4 33 93 167 122 0 Role: 0
0 61 54 20 147 8 48 144 0 Role: 0
0 27 191 0 Role: 0
0 42 69 87 168 134 175 47 0 Role: 0
0 59 16 25 3 182 90 13 58 0 Role: 0
0 119 156 185 0 Role: 0
0 30 188 180 135 163 92 105 112 81 138 12 78 194 57 100 34 151 41 142 44 0 Role: 0
0 9 174 89 157 177 0 Role: 0
0 161 193 187 196 170 107 39 127 0 Role: 1
0 200 150 0 Role: 2
0 154 172 181 64 0 Role: 2
0 145 186 1 7 80 0 Role: 2
0 133 91 0 Role: 2
0 51 184 10 24 0 Role: 2
0 148 120 0 Role: 2
0 74 0 Role: 3
0 162 129 124 0 Role: 3
0 141 173 118 0 Role: 3
0 6 0 Role: 3
0 99 106 11 0 Role: 4
0 146 143 86 0 Role: 4
0 2 117 52 71 0 Role: 5
0 31 18 0 Role: 5
0 56 199 0 Role: 5
0 65 23 0 Role: 5
0 62 121 0 Role: 5
0 43 0 Role: 5
0 140 55 108 0 Role: 6
0 103 0 Role: 6
0 165 169 0 Role: 6
0 179 0 Role: 6
0 22 183 111 0 Role: 7
0 53 0 Role: 7
0 98 0 Role: 7
0 17 0 Role: 7
0 76 32 0 Role: 8
0 126 0 Role: 9
0 96 0 Role: 10

Số khách: 103
Chi phí: 1.03763e+07
0 67 162 194 0 Role: 0
0 168 51 0 Role: 0
0 170 86 44 0 Role: 1
0 122 64 18 0 Role: 2
0 157 27 146 58 107 127 0 Role: 2
0 78 181 39 177 0 Role: 2
0 41 24 112 10 80 0 Role: 2
0 57 90 118 69 0 Role: 2
0 13 61 8 7 0 Role: 2
0 184 91 0 Role: 2
0 175 0 Role: 2
0 25 100 0 Role: 2
0 147 0 Role: 2
0 133 0 Role: 2
0 142 148 0 Role: 2
0 55 173 6 0 Role: 3
0 1 0 Role: 3
0 120 0 Role: 3
0 145 0 Role: 3
0 185 0 Role: 3
0 186 172 124 0 Role: 4
0 141 161 20 193 0 Role: 4
0 154 0 Role: 4
0 98 165 11 0 Role: 5
0 99 0 Role: 6
0 33 0 Role: 6
0 54 30 121 129 0 Role: 6
0 62 0 Role: 6
0 117 0 Role: 6
0 169 0 Role: 7
0 143 52 188 0 Role: 7
0 200 187 106 0 Role: 8
0 31 0 Role: 8
0 108 163 119 0 Role: 9
0 2 0 Role: 10
0 150 76 0 Role: 10
0 93 196 0 Role: 10
0 22 140 0 Role: 10
0 56 71 0 Role: 10
0 43 0 Role: 10
0 65 199 23 0 Role: 10
0 4 103 32 0 Role: 11
0 111 0 Role: 11
0 74 179 0 Role: 11
0 53 0 Role: 11
0 126 183 0 Role: 12
0 17 0 Role: 12

Số khách: 105
Chi phí: 1.16839e+07
0 33 8 0 Role: 0
0 61 123 57 27 172 149 0 Role: 0
0 28 0 Role: 0
0 39 194 0 Role: 1
0 133 107 58 127 0 Role: 1
0 41 142 0 Role: 1
0 10 100 0 Role: 1
0 118 120 175 0 Role: 1
0 7 0 Role: 1
0 148 44 91 0 Role: 1
0 184 13 24 0 Role: 1
0 69 147 0 Role: 1
0 119 54 146 141 0 Role: 2
0 64 129 90 0 Role: 2
0 122 99 86 170 0 Role: 2
0 161 30 1 181 80 0 Role: 2
0 51 177 0 Role: 2
0 6 200 0 Role: 3
0 157 145 186 112 0 Role: 3
0 25 0 Role: 3
0 173 154 0 Role: 3
0 20 0 Role: 3
0 185 0 Role: 3
0 11 140 18 0 Role: 4
0 150 71 188 0 Role: 4
0 143 0 Role: 4
0 23 52 0 Role: 4
0 65 78 0 Role: 4
0 43 62 124 0 Role: 5
0 31 0 Role: 5
0 162 0 Role: 6
0 56 117 196 121 0 Role: 6
0 55 108 0 Role: 6
0 187 106 0 Role: 6
0 199 0 Role: 6
0 193 0 Role: 6
0 17 76 0 Role: 7
0 93 74 4 0 Role: 7
0 111 22 0 Role: 7
0 163 0 Role: 8
0 169 165 0 Role: 8
0 179 0 Role: 8
0 103 32 0 Role: 9
0 53 2 0 Role: 9
0 98 0 Role: 9
0 183 0 Role: 10
0 126 0 Role: 11
0 96 0 Role: 12

Số khách: 116
Chi phí: 1.87774e+07
0 172 45 167 62 15 0 Role: 0
0 47 0 Role: 0
0 25 138 171 12 70 8 142 178 24 0 Role: 0
0 188 184 148 0 Role: 0
0 102 3 20 78 158 0 Role: 0
0 91 0 Role: 0
0 194 182 0 Role: 0
0 122 114 0 Role: 0
0 106 56 71 7 170 127 0 Role: 1
0 121 43 0 Role: 2
0 146 120 0 Role: 2
0 124 1 0 Role: 2
0 175 173 154 27 0 Role: 2
0 177 100 69 90 0 Role: 2
0 44 129 107 0 Role: 3
0 31 64 80 39 0 Role: 3
0 145 0 Role: 3
0 147 41 181 58 0 Role: 3
0 117 118 141 0 Role: 4
0 33 193 0 Role: 4
0 6 0 Role: 4
0 86 99 0 Role: 4
0 161 0 Role: 4
0 112 10 0 Role: 4
0 51 186 0 Role: 4
0 179 157 119 0 Role: 5
0 55 0 Role: 5
0 17 30 111 0 Role: 6
0 74 187 61 18 0 Role: 6
0 185 200 0 Role: 6
0 143 57 0 Role: 6
0 13 0 Role: 6
0 196 0 Role: 7
0 103 98 54 0 Role: 7
0 4 11 23 0 Role: 7
0 162 52 150 0 Role: 7
0 133 0 Role: 7
0 199 65 0 Role: 8
0 108 0 Role: 8
0 165 2 0 Role: 9
0 22 169 140 0 Role: 9
0 163 0 Role: 9
0 93 126 0 Role: 10
0 53 32 0 Role: 10
0 96 0 Role: 11
0 183 76 0 Role: 11

Số khách: 103
Chi phí: 9.00592e+06
0 81 113 167 142 0 Role: 0
0 129 108 107 0 Role: 1
0 100 170 0 Role: 2
0 133 117 188 0 Role: 2
0 193 177 27 7 39 127 0 Role: 2
0 10 57 61 8 0 Role: 2
0 58 80 112 69 0 Role: 2
0 184 54 181 1 172 86 0 Role: 3
0 120 161 6 124 0 Role: 3
0 157 0 Role: 3
0 25 0 Role: 3
0 118 154 185 0 Role: 3
0 148 147 0 Role: 3
0 175 90 41 91 0 Role: 3
0 194 24 0 Role: 3
0 145 0 Role: 3
0 44 0 Role: 3
0 13 0 Role: 3
0 141 64 30 121 99 0 Role: 4
0 146 0 Role: 5
0 11 51 23 186 0 Role: 5
0 173 0 Role: 5
0 20 78 0 Role: 6
0 55 140 119 18 0 Role: 7
0 162 43 150 0 Role: 8
0 169 165 199 106 0 Role: 8
0 31 143 71 0 Role: 8
0 200 187 0 Role: 8
0 62 33 0 Role: 8
0 122 0 Role: 8
0 183 2 22 0 Role: 9
0 111 32 52 0 Role: 10
0 196 56 0 Role: 10
0 65 0 Role: 10
0 74 0 Role: 11
0 103 0 Role: 11
0 98 4 0 Role: 11
0 17 163 0 Role: 11
0 93 0 Role: 11
0 179 0 Role: 11
0 53 0 Role: 12
0 76 0 Role: 12

Số khách: 108
Chi phí: 1.20728e+07
0 187 77 15 0 Role: 0
0 81 69 189 115 0 Role: 0
0 127 64 178 186 112 0 Role: 0
0 51 11 80 0 Role: 1
0 24 0 Role: 1
0 108 157 86 39 107 0 Role: 2
0 120 44 177 27 0 Role: 2
0 124 90 181 8 1 172 170 0 Role: 3
0 142 161 0 Role: 3
0 25 147 100 91 0 Role: 3
0 10 61 0 Role: 3
0 118 7 41 0 Role: 3
0 57 13 0 Role: 3
0 184 194 58 0 Role: 3
0 145 175 0 Role: 3
0 185 0 Role: 3
0 148 0 Role: 3
0 133 0 Role: 3
0 56 143 165 33 0 Role: 4
0 199 0 Role: 4
0 169 0 Role: 5
0 30 18 0 Role: 5
0 129 43 121 188 0 Role: 5
0 52 117 0 Role: 5
0 106 140 141 0 Role: 6
0 122 99 0 Role: 6
0 173 154 0 Role: 6
0 6 20 0 Role: 6
0 54 78 193 0 Role: 7
0 183 22 0 Role: 8
0 93 0 Role: 8
0 17 55 150 0 Role: 8
0 200 146 0 Role: 8
0 62 0 Role: 8
0 31 0 Role: 8
0 2 96 71 0 Role: 9
0 32 74 111 119 196 0 Role: 10
0 179 4 0 Role: 10
0 162 0 Role: 10
0 23 0 Role: 10
0 65 0 Role: 10
0 53 0 Role: 11
0 103 98 0 Role: 11
0 163 0 Role: 11
0 126 76 0 Role: 12

Số khách: 102
Chi phí: 8.76416e+06
0 132 0 Role: 0
0 126 145 127 58 0 Role: 1
0 186 91 181 0 Role: 2
0 133 6 27 107 0 Role: 2
0 69 20 1 177 0 Role: 2
0 8 57 0 Role: 2
0 175 120 0 Role: 2
0 51 7 80 39 0 Role: 2
0 44 0 Role: 2
0 100 0 Role: 2
0 147 0 Role: 2
0 118 142 41 0 Role: 2
0 194 61 24 0 Role: 2
0 148 0 Role: 2
0 184 13 0 Role: 2
0 119 117 0 Role: 3
0 54 143 31 71 0 Role: 3
0 146 188 170 64 129 86 0 Role: 3
0 108 185 124 0 Role: 3
0 106 0 Role: 4
0 93 111 18 0 Role: 4
0 199 187 0 Role: 5
0 30 157 90 200 0 Role: 5
0 173 0 Role: 5
0 10 112 0 Role: 5
0 121 165 196 52 99 0 Role: 6
0 162 62 0 Role: 7
0 161 150 141 0 Role: 7
0 11 0 Role: 7
0 25 154 0 Role: 8
0 65 32 98 0 Role: 9
0 4 22 172 33 0 Role: 9
0 122 78 0 Role: 9
0 193 0 Role: 9
0 23 0 Role: 10
0 43 0 Role: 10
0 55 74 2 0 Role: 11
0 103 169 0 Role: 11
0 140 163 0 Role: 11
0 56 0 Role: 11
0 179 0 Role: 11
0 76 183 0 Role: 12
0 17 0 Role: 12
0 53 0 Role: 12

Số khách: 124
Chi phí: 2.07227e+07
0 172 130 0 Role: 0
0 194 36 28 190 10 27 57 73 34 0 Role: 0
0 33 46 0 Role: 0
0 125 86 0 Role: 0
0 87 66 168 189 132 44 0 Role: 0
0 48 128 0 Role: 0
0 7 127 20 0 Role: 0
0 63 115 58 107 123 161 184 142 69 186 139 80 97 70 144 0 Role: 0
0 117 18 170 129 0 Role: 1
0 163 108 55 90 0 Role: 2
0 157 8 177 91 0 Role: 2
0 118 0 Role: 2
0 147 133 185 154 175 0 Role: 2
0 6 61 24 0 Role: 2
0 145 39 0 Role: 2
0 25 41 0 Role: 2
0 120 148 100 0 Role: 2
0 13 0 Role: 2
0 121 199 106 99 0 Role: 3
0 140 56 0 Role: 4
0 54 162 30 188 0 Role: 4
0 64 0 Role: 4
0 111 173 0 Role: 5
0 1 51 0 Role: 5
0 181 112 0 Role: 5
0 103 146 124 0 Role: 6
0 141 193 0 Role: 6
0 78 0 Role: 6
0 183 22 0 Role: 7
0 150 119 165 71 0 Role: 7
0 11 200 0 Role: 7
0 31 0 Role: 7
0 62 0 Role: 7
0 122 0 Role: 7
0 43 2 4 0 Role: 8
0 93 0 Role: 8
0 17 76 0 Role: 8
0 98 65 23 0 Role: 8
0 52 143 187 0 Role: 8
0 196 32 169 0 Role: 9
0 179 0 Role: 9
0 96 126 74 0 Role: 10
0 53 0 Role: 11

Số khách: 116
Chi phí: 1.28816e+07
0 182 119 42 125 152 28 39 104 130 0 Role: 0
0 114 171 109 34 57 46 168 0 Role: 0
0 179 164 24 0 Role: 0
0 6 10 1 170 0 Role: 1
0 112 0 Role: 1
0 186 0 Role: 1
0 157 118 58 27 107 127 0 Role: 1
0 61 142 69 90 0 Role: 1
0 91 120 0 Role: 1
0 51 0 Role: 1
0 41 181 177 7 8 80 0 Role: 1
0 100 147 0 Role: 1
0 145 78 172 0 Role: 2
0 25 133 175 0 Role: 2
0 20 44 0 Role: 2
0 194 13 184 0 Role: 2
0 148 0 Role: 2
0 185 0 Role: 2
0 163 173 0 Role: 3
0 154 0 Role: 3
0 52 129 86 18 0 Role: 4
0 199 65 23 64 99 0 Role: 4
0 187 54 11 33 0 Role: 4
0 106 56 161 0 Role: 5
0 30 165 188 121 141 124 0 Role: 5
0 31 193 0 Role: 5
0 117 55 150 196 200 0 Role: 6
0 146 122 0 Role: 6
0 62 0 Role: 6
0 183 162 4 0 Role: 7
0 43 0 Role: 7
0 143 71 0 Role: 7
0 108 0 Role: 7
0 74 0 Role: 8
0 2 93 111 0 Role: 8
0 140 169 0 Role: 8
0 103 22 0 Role: 9
0 98 0 Role: 9
0 17 0 Role: 9
0 32 76 0 Role: 10
0 53 0 Role: 10
0 126 0 Role: 11
0 96 0 Role: 12

Số khách: 107
Chi phí: 1.30767e+07
0 193 171 86 60 0 Role: 0
0 130 8 0 Role: 0
0 1 71 102 157 41 0 Role: 0
0 39 139 0 Role: 0
0 185 124 141 0 Role: 1
0 186 0 Role: 2
0 173 90 27 107 127 0 Role: 2
0 133 0 Role: 2
0 13 177 0 Role: 2
0 118 0 Role: 2
0 175 80 0 Role: 2
0 91 58 7 0 Role: 2
0 25 120 100 0 Role: 2
0 184 0 Role: 2
0 106 74 6 99 170 129 0 Role: 3
0 140 57 172 181 0 Role: 4
0 148 0 Role: 4
0 61 112 10 24 0 Role: 4
0 32 161 54 33 165 64 0 Role: 5
0 55 200 121 30 0 Role: 5
0 22 56 44 145 0 Role: 6
0 142 147 69 0 Role: 6
0 194 20 0 Role: 6
0 154 0 Role: 6
0 4 187 0 Role: 7
0 98 188 119 0 Role: 7
0 18 0 Role: 7
0 122 0 Role: 7
0 143 146 0 Role: 7
0 117 62 150 0 Role: 7
0 31 0 Role: 7
0 51 78 0 Role: 7
0 108 163 196 0 Role: 8
0 52 162 0 Role: 8
0 43 2 0 Role: 9
0 199 11 0 Role: 9
0 96 169 23 0 Role: 10
0 183 0 Role: 11
0 65 103 0 Role: 11
0 76 111 0 Role: 11
0 179 0 Role: 11
0 53 0 Role: 11
0 17 0 Role: 11
0 93 0 Role: 11
0 126 0 Role: 12

Số khách: 117
Chi phí: 1.91172e+07
0 199 114 46 87 89 173 36 0 Role: 0
0 22 86 8 43 0 Role: 0
0 197 192 117 182 152 151 0 Role: 0
0 200 161 0 Role: 0
0 20 6 184 100 1 181 90 101 0 Role: 0
0 96 15 194 0 Role: 0
0 3 0 Role: 0
0 60 142 158 0 Role: 0
0 179 52 157 127 0 Role: 1
0 193 141 0 Role: 1
0 185 27 107 170 0 Role: 1
0 177 0 Role: 1
0 133 58 0 Role: 1
0 61 0 Role: 1
0 25 39 0 Role: 1
0 10 0 Role: 1
0 112 0 Role: 2
0 99 150 147 0 Role: 3
0 80 0 Role: 3
0 51 24 7 0 Role: 3
0 175 0 Role: 3
0 69 57 91 41 0 Role: 3
0 44 120 0 Role: 3
0 148 0 Role: 3
0 13 0 Role: 3
0 124 186 172 0 Role: 4
0 118 0 Role: 4
0 154 0 Role: 4
0 145 0 Role: 4
0 183 33 64 129 0 Role: 5
0 146 122 106 0 Role: 5
0 187 121 30 18 0 Role: 5
0 62 162 0 Role: 6
0 54 143 31 11 0 Role: 6
0 78 0 Role: 6
0 103 4 188 0 Role: 7
0 108 55 140 119 0 Role: 7
0 71 65 165 0 Role: 7
0 56 0 Role: 7
0 2 196 53 0 Role: 8
0 98 23 0 Role: 8
0 169 0 Role: 9
0 163 0 Role: 9
0 111 0 Role: 10
0 17 76 0 Role: 10
0 74 93 0 Role: 10
0 126 0 Role: 11
0 32 0 Role: 12

Số khách: 117
Chi phí: 1.95961e+07
0 193 22 167 184 16 100 5 131 0 Role: 0
0 125 24 0 Role: 0
0 192 0 Role: 0
0 140 38 0 Role: 0
0 26 194 0 Role: 0
0 138 121 44 61 27 115 69 147 142 109 95 81 0 Role: 0
0 149 80 0 Role: 0
0 88 182 187 0 Role: 0
0 93 196 86 107 127 0 Role: 1
0 119 23 106 99 0 Role: 2
0 143 58 170 129 39 0 Role: 3
0 13 57 8 177 0 Role: 3
0 90 7 0 Role: 3
0 148 41 0 Role: 3
0 91 120 145 175 0 Role: 3
0 133 25 0 Role: 3
0 185 0 Role: 3
0 112 0 Role: 4
0 6 1 157 124 0 Role: 4
0 10 172 141 0 Role: 4
0 161 64 33 71 181 18 0 Role: 5
0 20 186 78 0 Role: 5
0 51 0 Role: 5
0 118 154 173 0 Role: 5
0 96 65 122 54 0 Role: 6
0 62 150 0 Role: 7
0 162 0 Role: 7
0 146 117 30 0 Role: 7
0 31 11 0 Role: 7
0 165 0 Role: 8
0 199 56 52 0 Role: 8
0 200 0 Role: 8
0 111 43 0 Role: 9
0 108 0 Role: 9
0 169 4 188 0 Role: 9
0 55 163 0 Role: 9
0 179 0 Role: 9
0 17 76 0 Role: 10
0 53 2 74 0 Role: 11
0 32 98 0 Role: 11
0 103 0 Role: 12
0 183 0 Role: 12

Số khách: 114
Chi phí: 1.92105e+07
0 135 142 177 0 Role: 0
0 139 151 0 Role: 0
0 30 172 141 46 0 Role: 0
0 102 0 Role: 0
0 153 150 44 0 Role: 0
0 28 20 0 Role: 0
0 67 1 87 82 158 171 45 69 12 118 0 Role: 0
0 36 0 Role: 0
0 55 0 Role: 1
0 186 6 27 127 107 0 Role: 1
0 90 0 Role: 1
0 100 106 0 Role: 2
0 175 162 86 0 Role: 2
0 61 0 Role: 2
0 200 0 Role: 2
0 157 120 0 Role: 2
0 147 145 39 58 0 Role: 2
0 24 184 181 80 7 0 Role: 2
0 10 0 Role: 2
0 185 0 Role: 2
0 194 8 57 41 0 Role: 2
0 25 0 Role: 3
0 76 108 111 0 Role: 4
0 124 129 112 78 170 0 Role: 5
0 196 74 93 119 0 Role: 6
0 23 0 Role: 6
0 13 199 0 Role: 7
0 133 64 99 0 Role: 8
0 117 0 Role: 8
0 51 0 Role: 8
0 62 91 161 0 Role: 8
0 148 0 Role: 8
0 173 154 0 Role: 8
0 11 187 121 18 0 Role: 9
0 31 52 33 0 Role: 9
0 122 54 0 Role: 9
0 65 146 0 Role: 9
0 193 143 0 Role: 9
0 183 43 0 Role: 10
0 165 2 169 71 188 0 Role: 10
0 56 0 Role: 10
0 140 163 4 0 Role: 11
0 179 0 Role: 11
0 22 32 103 98 0 Role: 12
0 17 0 Role: 12

Số khách: 105
Chi phí: 1.03612e+07
0 105 54 159 128 129 170 100 144 60 10 82 0 Role: 0
0 181 0 Role: 0
0 141 0 Role: 1
0 154 177 80 39 27 0 Role: 1
0 175 91 8 6 107 127 0 Role: 1
0 24 61 142 58 0 Role: 1
0 147 90 69 118 0 Role: 1
0 64 0 Role: 2
0 18 0 Role: 2
0 99 120 161 145 0 Role: 2
0 133 173 25 0 Role: 2
0 1 13 57 0 Role: 2
0 51 199 0 Role: 3
0 172 146 0 Role: 3
0 53 20 193 157 0 Role: 4
0 44 7 0 Role: 4
0 148 41 0 Role: 4
0 140 56 0 Role: 5
0 196 187 143 0 Role: 5
0 31 71 0 Role: 5
0 30 0 Role: 5
0 62 33 86 0 Role: 6
0 122 194 186 112 0 Role: 6
0 185 0 Role: 6
0 32 106 98 4 74 0 Role: 7
0 162 117 0 Role: 8
0 119 169 121 124 0 Role: 8
0 78 184 0 Role: 8
0 43 2 0 Role: 9
0 23 52 0 Role: 9
0 188 65 0 Role: 9
0 108 200 0 Role: 10
0 11 0 Role: 10
0 163 0 Role: 11
0 183 111 0 Role: 12
0 103 22 0 Role: 12
0 17 0 Role: 12
0 55 0 Role: 12
0 179 93 0 Role: 12
0 150 165 0 Role: 12

Số khách: 103
Chi phí: 8.66149e+06
0 72 65 177 0 Role: 0
0 129 196 162 181 0 Role: 1
0 173 107 0 Role: 1
0 74 62 0 Role: 2
0 186 8 112 58 127 0 Role: 2
0 90 185 0 Role: 2
0 175 61 41 80 0 Role: 2
0 10 91 27 39 0 Role: 2
0 100 0 Role: 2
0 145 7 0 Role: 2
0 57 0 Role: 2
0 17 163 55 121 0 Role: 3
0 18 118 0 Role: 3
0 30 0 Role: 3
0 133 0 Role: 3
0 1 78 20 161 157 0 Role: 3
0 51 184 172 0 Role: 3
0 44 148 142 0 Role: 3
0 147 154 25 69 0 Role: 4
0 24 13 194 0 Role: 4
0 120 0 Role: 4
0 96 193 119 124 0 Role: 5
0 170 86 0 Role: 5
0 23 54 99 64 0 Role: 6
0 33 169 31 165 0 Role: 7
0 150 106 22 0 Role: 8
0 76 108 0 Role: 8
0 98 188 71 0 Role: 8
0 143 199 0 Role: 8
0 141 0 Role: 8
0 6 0 Role: 8
0 146 0 Role: 8
0 122 0 Role: 8
0 126 187 140 0 Role: 9
0 11 52 200 0 Role: 9
0 117 0 Role: 9
0 56 0 Role: 10
0 43 0 Role: 10
0 179 0 Role: 11
0 183 93 111 0 Role: 11
0 4 2 53 0 Role: 11
0 103 0 Role: 11
0 32 0 Role: 12

Số khách: 109
Chi phí: 1.32071e+07
0 161 110 97 57 63 1 181 147 0 Role: 0
0 87 0 Role: 0
0 91 10 0 Role: 0
0 84 125 8 195 0 Role: 0
0 200 0 Role: 1
0 127 78 193 0 Role: 2
0 124 27 0 Role: 2
0 142 20 172 80 0 Role: 2
0 118 185 39 0 Role: 2
0 133 69 58 107 0 Role: 2
0 25 41 0 Role: 2
0 100 175 0 Role: 2
0 196 0 Role: 3
0 86 7 0 Role: 3
0 71 121 99 64 0 Role: 3
0 31 33 0 Role: 3
0 141 177 120 0 Role: 3
0 90 6 0 Role: 3
0 52 154 129 170 0 Role: 4
0 112 145 61 157 0 Role: 4
0 13 194 184 186 0 Role: 4
0 51 24 0 Role: 4
0 111 169 0 Role: 5
0 173 0 Role: 6
0 44 148 0 Role: 6
0 106 188 18 0 Role: 7
0 146 162 187 0 Role: 7
0 23 0 Role: 7
0 43 30 0 Role: 7
0 65 122 54 0 Role: 7
0 96 98 103 119 0 Role: 8
0 199 143 11 0 Role: 9
0 117 56 0 Role: 9
0 62 0 Role: 9
0 150 0 Role: 9
0 17 76 140 0 Role: 10
0 108 55 163 0 Role: 10
0 165 4 0 Role: 10
0 179 93 0 Role: 10
0 74 126 2 0 Role: 11
0 53 22 0 Role: 11
0 32 0 Role: 12
0 183 0 Role: 12

Số khách: 119
Chi phí: 1.87673e+07
0 5 88 112 24 6 12 25 79 13 51 194 177 151 0 Role: 0
0 52 30 101 0 Role: 0
0 84 48 70 90 0 Role: 0
0 37 68 0 Role: 0
0 158 128 0 Role: 0
0 78 0 Role: 0
0 73 186 171 3 120 133 0 Role: 0
0 109 0 Role: 0
0 199 124 127 107 0 Role: 1
0 173 118 0 Role: 1
0 147 181 27 0 Role: 1
0 1 10 0 Role: 2
0 8 20 175 39 0 Role: 2
0 145 41 80 0 Role: 2
0 7 91 100 61 0 Role: 2
0 69 57 142 58 0 Role: 2
0 44 148 0 Role: 2
0 184 0 Role: 2
0 185 0 Role: 2
0 22 200 193 64 129 0 Role: 3
0 121 106 33 157 170 0 Role: 3
0 31 0 Role: 3
0 122 172 0 Role: 3
0 86 141 154 117 0 Role: 3
0 169 4 187 99 0 Role: 4
0 143 54 0 Role: 4
0 161 11 0 Role: 4
0 146 0 Role: 4
0 62 0 Role: 4
0 23 18 0 Role: 5
0 55 162 196 119 188 0 Role: 6
0 165 71 0 Role: 6
0 56 150 0 Role: 6
0 108 43 0 Role: 6
0 96 0 Role: 7
0 103 98 0 Role: 7
0 2 93 74 0 Role: 7
0 179 0 Role: 7
0 65 0 Role: 7
0 17 163 0 Role: 8
0 140 0 Role: 8
0 183 0 Role: 9
0 32 111 76 0 Role: 9
0 53 0 Role: 9
0 126 0 Role: 10

Số khách: 97
Chi phí: 8.23066e+06
0 131 0 Role: 0
0 183 0 Role: 1
0 117 0 Role: 2
0 20 141 39 127 107 0 Role: 3
0 100 194 0 Role: 3
0 6 61 27 177 58 0 Role: 3
0 13 7 80 0 Role: 3
0 184 91 41 0 Role: 3
0 185 175 69 118 0 Role: 3
0 57 148 44 8 0 Role: 3
0 133 147 0 Role: 3
0 142 24 0 Role: 3
0 52 0 Role: 4
0 122 106 0 Role: 5
0 62 86 0 Role: 5
0 179 18 0 Role: 6
0 186 0 Role: 6
0 157 173 90 0 Role: 6
0 10 181 112 1 0 Role: 6
0 154 120 0 Role: 6
0 145 0 Role: 6
0 25 0 Role: 6
0 11 172 54 71 64 129 99 0 Role: 7
0 143 170 0 Role: 7
0 51 78 0 Role: 7
0 161 124 0 Role: 7
0 163 188 0 Role: 8
0 169 140 121 119 0 Role: 9
0 23 193 146 33 0 Role: 10
0 65 0 Role: 10
0 162 43 30 0 Role: 10
0 150 200 187 0 Role: 10
0 31 0 Role: 10
0 55 108 196 0 Role: 11
0 93 74 0 Role: 11
0 17 111 0 Role: 12
0 32 2 165 4 22 0 Role: 12
0 199 56 0 Role: 12

Số khách: 114
Chi phí: 1.47597e+07
0 162 112 189 47 3 58 0 Role: 0
0 8 0 Role: 0
0 165 78 34 178 94 70 185 0 Role: 0
0 123 37 109 0 Role: 0
0 116 72 0 Role: 0
0 141 120 175 90 177 107 0 Role: 1
0 13 27 39 127 0 Role: 1
0 25 133 69 0 Role: 1
0 41 44 148 57 0 Role: 1
0 106 6 146 86 170 0 Role: 2
0 10 186 184 24 0 Role: 2
0 172 181 194 20 7 80 0 Role: 2
0 30 4 143 187 0 Role: 3
0 56 91 161 193 145 157 0 Role: 3
0 52 62 121 124 0 Role: 4
0 18 31 71 0 Role: 5
0 154 129 64 0 Role: 5
0 173 147 0 Role: 5
0 142 61 1 0 Role: 5
0 100 0 Role: 5
0 118 0 Role: 5
0 51 0 Role: 5
0 196 108 188 0 Role: 6
0 163 74 0 Role: 6
0 43 150 76 140 0 Role: 7
0 93 179 0 Role: 7
0 119 117 0 Role: 7
0 200 33 0 Role: 7
0 11 99 0 Role: 7
0 122 54 0 Role: 7
0 23 65 0 Role: 8
0 53 0 Role: 9
0 111 22 32 199 0 Role: 9
0 169 0 Role: 10
0 55 0 Role: 10
0 96 103 0 Role: 11
0 2 183 0 Role: 11
0 98 0 Role: 11
0 17 0 Role: 11
0 126 0 Role: 12

Số khách: 105
Chi phí: 9.88769e+06
0 107 195 141 7 97 20 194 0 Role: 0
0 193 143 45 0 Role: 0
0 188 0 Role: 1
0 91 0 Role: 1
0 106 147 18 127 0 Role: 2
0 112 177 181 172 0 Role: 2
0 27 41 44 8 39 0 Role: 2
0 120 0 Role: 2
0 54 65 0 Role: 3
0 58 129 175 170 86 99 64 0 Role: 3
0 118 145 157 0 Role: 3
0 25 185 173 0 Role: 3
0 154 69 90 0 Role: 3
0 133 0 Role: 3
0 148 142 0 Role: 3
0 184 13 10 0 Role: 3
0 24 100 0 Role: 3
0 61 57 0 Role: 3
0 111 0 Role: 4
0 163 0 Role: 4
0 150 121 165 80 0 Role: 4
0 51 0 Role: 4
0 62 0 Role: 5
0 146 0 Role: 5
0 1 117 30 124 0 Role: 5
0 31 0 Role: 5
0 6 161 186 0 Role: 5
0 78 0 Role: 5
0 55 0 Role: 6
0 179 52 0 Role: 6
0 71 0 Role: 6
0 23 11 187 33 0 Role: 6
0 200 0 Role: 6
0 122 0 Role: 6
0 199 56 0 Role: 7
0 108 43 0 Role: 7
0 162 0 Role: 7
0 98 169 196 140 0 Role: 8
0 119 0 Role: 8
0 4 0 Role: 8
0 96 0 Role: 9
0 53 74 22 0 Role: 9
0 17 76 0 Role: 9
0 183 0 Role: 9
0 93 2 0 Role: 9
0 103 0 Role: 9
0 126 32 0 Role: 10

Số khách: 116
Chi phí: 1.64077e+07
0 50 116 72 0 Role: 0
0 147 0 Role: 0
0 96 164 89 167 58 172 161 16 139 0 Role: 0
0 52 132 158 0 Role: 0
0 61 101 0 Role: 0
0 28 200 48 142 5 115 100 1 0 Role: 0
0 175 0 Role: 1
0 99 13 127 170 107 0 Role: 1
0 112 27 86 141 39 0 Role: 2
0 154 0 Role: 2
0 118 173 69 90 0 Role: 3
0 6 8 120 91 80 0 Role: 3
0 148 7 177 0 Role: 3
0 51 10 24 0 Role: 3
0 194 41 57 0 Role: 3
0 145 44 0 Role: 3
0 185 25 133 0 Role: 3
0 184 0 Role: 3
0 143 196 188 18 0 Role: 4
0 20 78 181 0 Role: 4
0 186 0 Role: 4
0 126 163 0 Role: 5
0 62 64 129 0 Role: 5
0 146 117 150 121 124 0 Role: 5
0 193 30 157 0 Role: 5
0 22 56 0 Role: 6
0 199 71 106 0 Role: 6
0 31 165 33 0 Role: 7
0 187 162 119 0 Role: 7
0 11 23 65 54 0 Role: 7
0 43 0 Role: 7
0 140 108 55 0 Role: 8
0 122 0 Role: 8
0 17 76 0 Role: 9
0 179 0 Role: 9
0 183 111 0 Role: 10
0 74 169 4 0 Role: 11
0 53 32 0 Role: 12
0 2 103 98 0 Role: 12

Số khách: 114
Chi phí: 1.697e+07
0 73 172 0 Role: 0
0 45 0 Role: 0
0 156 30 0 Role: 0
0 49 1 0 Role: 0
0 190 159 46 0 Role: 0
0 24 94 118 154 181 189 7 0 Role: 0
0 117 152 142 0 Role: 0
0 109 128 0 Role: 0
0 4 0 Role: 1
0 91 148 57 27 127 0 Role: 2
0 100 61 80 39 177 107 0 Role: 2
0 184 51 10 58 0 Role: 2
0 8 120 147 41 0 Role: 2
0 25 69 175 0 Role: 2
0 145 194 0 Role: 2
0 133 0 Role: 2
0 44 0 Role: 2
0 13 0 Role: 2
0 119 33 193 141 0 Role: 3
0 62 170 129 0 Role: 3
0 124 6 20 112 0 Role: 3
0 173 90 0 Role: 3
0 185 0 Role: 3
0 103 199 0 Role: 4
0 64 122 0 Role: 4
0 157 18 121 99 0 Role: 4
0 54 186 78 161 0 Role: 4
0 32 98 169 71 0 Role: 5
0 165 187 0 Role: 5
0 196 162 52 146 86 188 0 Role: 5
0 143 200 0 Role: 5
0 106 31 0 Role: 5
0 43 183 150 140 0 Role: 6
0 11 65 0 Role: 6
0 93 179 0 Role: 6
0 163 55 108 0 Role: 6
0 23 0 Role: 6
0 126 76 74 22 0 Role: 7
0 111 17 0 Role: 7
0 53 56 0 Role: 7
0 2 96 0 Role: 8

Số khách: 110
Chi phí: 1.47379e+07
0 181 0 Role: 0
0 116 166 0 Role: 0
0 153 88 28 0 Role: 0
0 200 168 130 177 70 0 Role: 0
0 139 0 Role: 0
0 30 170 7 0 Role: 1
0 118 0 Role: 1
0 172 147 58 86 107 127 0 Role: 1
0 78 61 0 Role: 1
0 55 119 129 27 39 0 Role: 2
0 103 91 0 Role: 3
0 193 154 69 0 Role: 3
0 175 1 80 41 0 Role: 3
0 120 145 0 Role: 3
0 57 13 194 0 Role: 3
0 90 0 Role: 3
0 100 0 Role: 3
0 108 121 0 Role: 4
0 24 10 0 Role: 4
0 146 157 0 Role: 5
0 188 112 161 124 0 Role: 5
0 20 142 6 141 0 Role: 5
0 148 8 0 Role: 5
0 184 186 0 Role: 5
0 162 163 150 0 Role: 6
0 122 0 Role: 6
0 62 52 18 0 Role: 6
0 117 173 133 0 Role: 6
0 25 185 0 Role: 6
0 44 0 Role: 6
0 51 0 Role: 6
0 196 0 Role: 7
0 32 0 Role: 7
0 111 0 Role: 7
0 143 54 0 Role: 7
0 4 33 199 64 99 0 Role: 7
0 96 11 187 56 165 0 Role: 8
0 179 0 Role: 8
0 65 0 Role: 8
0 31 71 0 Role: 8
0 17 0 Role: 9
0 98 140 0 Role: 9
0 76 183 2 0 Role: 10
0 53 74 22 0 Role: 11
0 106 0 Role: 11
0 43 0 Role: 11
0 23 0 Role: 11
0 126 169 0 Role: 12

Số khách: 98
Chi phí: 8.57264e+06
0 40 16 5 130 112 82 0 Role: 0
0 55 175 127 27 39 0 Role: 1
0 184 7 8 58 107 0 Role: 1
0 118 30 187 86 0 Role: 2
0 57 120 0 Role: 2
0 24 41 141 0 Role: 2
0 173 69 0 Role: 3
0 181 100 162 200 33 0 Role: 4
0 90 161 0 Role: 4
0 62 170 129 0 Role: 4
0 193 145 91 0 Role: 5
0 148 44 80 0 Role: 5
0 122 64 99 0 Role: 6
0 147 146 177 0 Role: 6
0 51 13 194 186 0 Role: 6
0 61 10 0 Role: 6
0 133 25 0 Role: 6
0 154 6 1 0 Role: 7
0 78 20 0 Role: 7
0 142 172 0 Role: 7
0 185 0 Role: 7
0 23 124 0 Role: 8
0 31 0 Role: 8
0 157 0 Role: 8
0 106 111 2 0 Role: 9
0 43 76 140 18 0 Role: 9
0 143 121 188 0 Role: 10
0 119 150 56 52 0 Role: 11
0 11 65 54 71 0 Role: 11
0 199 0 Role: 11
0 117 0 Role: 11
0 183 108 0 Role: 12
0 179 74 4 0 Role: 12
0 163 196 0 Role: 12
0 93 0 Role: 12
0 169 0 Role: 12

Số khách: 120
Chi phí: 1.67377e+07
0 94 72 95 121 54 167 0 Role: 0
0 181 156 62 130 91 0 Role: 0
0 179 166 182 171 15 36 85 3 0 Role: 0
0 131 172 197 149 168 0 Role: 0
0 160 104 0 Role: 0
0 21 0 Role: 0
0 78 129 127 107 0 Role: 1
0 7 193 194 186 80 0 Role: 1
0 100 124 170 177 39 27 0 Role: 2
0 120 133 90 0 Role: 2
0 145 148 6 41 0 Role: 2
0 184 57 8 58 0 Role: 2
0 61 175 69 0 Role: 2
0 25 147 0 Role: 2
0 44 142 0 Role: 2
0 157 169 200 0 Role: 3
0 31 0 Role: 3
0 163 140 188 141 0 Role: 4
0 10 86 0 Role: 5
0 20 0 Role: 5
0 112 24 13 161 0 Role: 5
0 185 0 Role: 5
0 187 98 165 0 Role: 6
0 96 0 Role: 7
0 1 0 Role: 7
0 162 64 119 18 0 Role: 7
0 30 2 74 76 0 Role: 8
0 199 52 0 Role: 8
0 51 65 71 99 0 Role: 8
0 154 33 0 Role: 8
0 53 143 0 Role: 9
0 56 11 146 0 Role: 9
0 106 118 0 Role: 9
0 126 32 103 122 0 Role: 10
0 117 150 0 Role: 10
0 173 0 Role: 10
0 43 111 0 Role: 11
0 22 23 0 Role: 11
0 108 17 55 0 Role: 12
0 93 196 0 Role: 12

Số khách: 104
Chi phí: 8.02409e+06
0 153 142 13 182 78 0 Role: 0
0 188 0 Role: 1
0 162 150 0 Role: 1
0 90 18 1 107 39 27 127 0 Role: 1
0 8 80 186 10 58 0 Role: 1
0 154 6 57 0 Role: 1
0 194 41 177 0 Role: 1
0 44 91 0 Role: 1
0 118 0 Role: 1
0 25 0 Role: 1
0 100 147 61 0 Role: 1
0 24 184 0 Role: 1
0 69 133 0 Role: 1
0 148 0 Role: 1
0 112 170 0 Role: 2
0 181 7 86 175 141 124 0 Role: 2
0 173 185 0 Role: 2
0 120 145 0 Role: 2
0 20 0 Role: 2
0 51 0 Role: 2
0 179 0 Role: 3
0 111 54 103 99 129 0 Role: 3
0 64 122 33 0 Role: 3
0 71 65 146 0 Role: 4
0 23 11 187 0 Role: 4
0 52 30 117 0 Role: 4
0 157 62 121 0 Role: 4
0 31 106 0 Role: 4
0 161 193 172 0 Role: 4
0 143 200 0 Role: 4
0 56 0 Role: 5
0 199 0 Role: 5
0 98 196 2 4 0 Role: 6
0 119 169 140 0 Role: 6
0 43 0 Role: 6
0 163 55 0 Role: 6
0 108 0 Role: 6
0 74 183 165 0 Role: 7
0 22 0 Role: 7
0 93 0 Role: 7
0 53 32 0 Role: 8
0 17 76 0 Role: 8
0 96 0 Role: 9
0 126 0 Role: 9

Số khách: 119
Chi phí: 1.93276e+07
0 38 84 63 107 190 26 0 Role: 0
0 80 184 12 0 Role: 0
0 43 171 72 120 0 Role: 0
0 115 164 0 Role: 0
0 136 134 48 109 0 Role: 0
0 162 0 Role: 0
0 7 135 198 82 68 8 112 70 0 Role: 0
0 75 85 197 0 Role: 0
0 118 0 Role: 1
0 54 1 0 Role: 1
0 99 58 10 39 127 0 Role: 1
0 147 142 172 177 27 0 Role: 2
0 20 186 24 0 Role: 2
0 181 51 13 194 0 Role: 2
0 148 41 0 Role: 2
0 25 133 69 90 0 Role: 2
0 91 57 0 Role: 2
0 145 100 61 0 Role: 2
0 185 0 Role: 3
0 62 0 Role: 3
0 129 86 0 Role: 3
0 157 106 0 Role: 4
0 56 71 119 0 Role: 5
0 33 121 161 170 0 Role: 5
0 141 193 175 0 Role: 5
0 64 30 146 124 0 Role: 5
0 169 4 6 200 150 0 Role: 6
0 78 0 Role: 6
0 76 111 165 18 0 Role: 7
0 108 154 0 Role: 8
0 117 0 Role: 8
0 65 22 0 Role: 9
0 31 188 0 Role: 9
0 196 0 Role: 9
0 122 0 Role: 9
0 143 52 0 Role: 9
0 44 0 Role: 9
0 11 187 0 Role: 9
0 173 0 Role: 9
0 53 74 0 Role: 10
0 17 163 0 Role: 10
0 55 0 Role: 10
0 179 93 0 Role: 10
0 183 2 0 Role: 11
0 126 32 23 0 Role: 12

Số khách: 109
Chi phí: 1.09772e+07
0 22 172 200 0 Role: 0
0 126 94 92 102 45 24 186 131 0 Role: 0
0 16 95 0 Role: 0
0 17 141 124 0 Role: 1
0 76 0 Role: 2
0 71 54 106 187 145 157 0 Role: 2
0 25 175 0 Role: 2
0 80 51 13 58 107 0 Role: 2
0 133 163 117 30 121 188 0 Role: 3
0 90 150 0 Role: 3
0 39 69 181 177 27 0 Role: 3
0 185 0 Role: 3
0 8 120 142 91 100 0 Role: 3
0 52 57 10 127 0 Role: 4
0 122 18 0 Role: 5
0 99 184 146 1 170 86 0 Role: 5
0 44 6 0 Role: 5
0 129 0 Role: 5
0 31 33 0 Role: 6
0 4 118 64 0 Role: 7
0 20 147 0 Role: 7
0 173 154 0 Role: 7
0 61 148 41 0 Role: 7
0 112 7 194 0 Role: 7
0 53 119 0 Role: 8
0 65 161 165 0 Role: 8
0 43 140 0 Role: 8
0 199 23 78 0 Role: 8
0 193 0 Role: 8
0 179 111 0 Role: 9
0 74 143 11 169 0 Role: 9
0 196 108 55 0 Role: 9
0 56 0 Role: 9
0 62 162 0 Role: 9
0 98 103 0 Role: 10
0 2 93 0 Role: 10
0 96 0 Role: 11
0 32 0 Role: 11
0 183 0 Role: 11

Số khách: 110
Chi phí: 1.48328e+07
0 101 35 64 94 1 5 155 0 Role: 0
0 196 0 Role: 0
0 175 106 161 0 Role: 0
0 11 66 129 87 0 Role: 0
0 103 195 105 100 79 0 Role: 0
0 124 184 39 27 107 0 Role: 1
0 177 185 118 90 127 0 Role: 1
0 44 0 Role: 1
0 148 120 91 41 0 Role: 1
0 147 61 58 0 Role: 1
0 133 69 0 Role: 1
0 13 0 Role: 1
0 142 194 0 Role: 1
0 24 57 0 Role: 1
0 8 0 Role: 1
0 65 112 0 Role: 2
0 10 193 6 157 86 0 Role: 3
0 154 173 25 0 Role: 3
0 145 80 181 7 0 Role: 3
0 51 0 Role: 3
0 96 4 121 119 170 0 Role: 4
0 141 78 186 172 0 Role: 4
0 20 0 Role: 4
0 74 62 18 0 Role: 5
0 162 30 99 0 Role: 5
0 117 0 Role: 5
0 76 2 0 Role: 6
0 165 0 Role: 7
0 199 23 122 54 0 Role: 7
0 187 146 143 52 0 Role: 7
0 33 150 200 0 Role: 7
0 31 0 Role: 7
0 111 17 188 0 Role: 8
0 169 0 Role: 8
0 108 163 43 0 Role: 9
0 56 71 0 Role: 9
0 55 0 Role: 9
0 183 0 Role: 10
0 140 0 Role: 10
0 93 126 0 Role: 11
0 98 0 Role: 12
0 22 0 Role: 12
0 179 0 Role: 12

Số khách: 107
Chi phí: 1.38812e+07
0 116 109 0 Role: 0
0 3 34 0 Role: 0
0 121 75 0 Role: 0
0 145 0 Role: 0
0 180 148 0 Role: 0
0 199 143 0 Role: 1
0 106 147 52 0 Role: 1
0 124 0 Role: 1
0 31 0 Role: 1
0 177 57 13 172 1 0 Role: 1
0 24 184 181 80 58 0 Role: 1
0 51 112 27 127 107 0 Role: 1
0 69 39 7 0 Role: 1
0 142 120 0 Role: 1
0 25 41 0 Role: 1
0 53 0 Role: 2
0 43 154 118 90 86 0 Role: 2
0 170 100 141 64 129 0 Role: 2
0 122 10 186 0 Role: 2
0 173 6 0 Role: 2
0 91 194 61 8 0 Role: 2
0 175 0 Role: 2
0 44 0 Role: 2
0 185 133 0 Role: 2
0 183 0 Role: 3
0 74 157 0 Role: 3
0 78 20 193 161 0 Role: 4
0 98 188 0 Role: 5
0 33 187 103 146 71 0 Role: 6
0 200 11 99 0 Role: 6
0 54 30 0 Role: 6
0 62 117 0 Role: 6
0 55 108 0 Role: 7
0 32 22 2 196 18 0 Role: 8
0 162 0 Role: 9
0 93 0 Role: 9
0 165 119 169 0 Role: 9
0 126 0 Role: 10
0 76 163 4 0 Role: 10
0 179 0 Role: 10
0 140 0 Role: 10
0 23 65 0 Role: 10
0 150 17 0 Role: 11
0 56 0 Role: 11
0 111 0 Role: 12

