Số khách: 100
Chi phí: 9.55721e+06
0 70 90 61 96 89 31 54 78 100 12 20 39 29 51 41 23 47 40 74 79 0 Role: 0
0 37 91 56 45 28 57 46 58 62 67 73 69 92 5 30 86 82 32 8 15 18 84 68 24 85 63 16 60 38 1 19 4 25 6 43 35 3 27 44 48 71 83 80 65 77 88 0 Role: 0
0 14 81 0 Role: 1
0 99 52 0 Role: 1
0 33 0 Role: 2
0 87 22 26 59 0 Role: 3
0 72 66 98 0 Role: 3
0 10 55 0 Role: 3
0 94 0 Role: 3
0 34 0 Role: 3
0 42 21 0 Role: 4
0 50 76 75 0 Role: 4
0 97 11 13 0 Role: 5
0 64 7 9 95 0 Role: 5
0 36 49 2 0 Role: 5
0 93 17 0 Role: 5
0 53 0 Role: 6

Số khách: 100
Chi phí: 1.15284e+07
0 50 52 61 20 54 89 28 78 7 29 62 56 67 45 57 46 66 36 58 69 92 16 5 49 10 93 13 2 24 68 27 44 41 19 4 74 6 43 3 65 77 71 0 Role: 0
0 37 90 11 100 9 26 31 96 47 53 75 72 34 39 12 98 82 55 79 60 85 0 Role: 0
0 87 64 14 91 22 59 30 23 32 40 73 51 94 0 Role: 0
0 33 42 70 76 81 95 97 99 0 Role: 0
0 88 8 21 84 18 0 Role: 1
0 86 35 15 0 Role: 1
0 17 48 38 1 0 Role: 1
0 83 0 Role: 1
0 63 0 Role: 1
0 25 80 0 Role: 1

Số khách: 30
Chi phí: 2.62845e+06
0 6 12 4 25 19 1 2 3 21 27 44 77 65 80 83 71 48 43 35 88 0 Role: 0
0 87 33 11 14 29 59 0 Role: 1
0 36 98 13 79 0 Role: 1

Số khách: 78
Chi phí: 5.87213e+06
0 28 45 31 62 67 20 57 46 69 92 16 94 5 86 82 73 32 34 8 49 27 43 6 74 60 4 19 38 41 65 77 85 3 88 44 1 80 0 Role: 0
0 64 97 42 14 29 0 Role: 1
0 15 72 13 68 0 Role: 1
0 71 48 0 Role: 1
0 18 2 84 0 Role: 1
0 21 55 17 35 0 Role: 1
0 83 0 Role: 1
0 63 0 Role: 1
0 24 0 Role: 1
0 25 0 Role: 1
0 53 59 0 Role: 2
0 56 10 58 0 Role: 2
0 87 33 11 95 0 Role: 3
0 36 98 0 Role: 3
0 50 76 52 75 0 Role: 4
0 99 47 30 79 0 Role: 4

Số khách: 87
Chi phí: 8.45754e+06
0 14 42 39 22 26 25 31 20 23 29 62 56 58 67 57 46 66 69 36 75 99 51 30 5 94 40 73 32 82 8 43 15 3 18 84 16 60 38 1 4 19 71 48 6 35 27 44 63 65 77 85 88 83 80 0 Role: 0
0 10 12 41 45 47 53 74 0 Role: 0
0 33 72 0 Role: 1
0 50 52 64 95 59 0 Role: 1
0 21 76 0 Role: 2
0 81 9 11 0 Role: 2
0 97 7 0 Role: 2
0 87 2 13 79 0 Role: 3
0 98 24 0 Role: 3
0 49 68 0 Role: 3
0 17 34 55 0 Role: 4
0 86 0 Role: 4

Số khách: 96
Chi phí: 9.78925e+06
0 50 52 61 20 54 89 28 78 7 29 62 56 67 45 57 46 66 36 58 69 92 16 5 49 10 93 13 2 24 68 27 44 41 19 4 74 6 43 3 65 77 71 0 Role: 0
0 37 90 11 100 9 26 31 96 47 53 75 72 34 39 12 98 82 55 79 60 85 0 Role: 0
0 95 97 42 14 33 81 70 76 99 22 51 30 23 94 40 73 32 0 Role: 0
0 88 8 21 84 18 0 Role: 1
0 86 35 15 0 Role: 1
0 17 48 38 1 0 Role: 1
0 83 0 Role: 1
0 63 0 Role: 1
0 25 80 0 Role: 1

Số khách: 97
Chi phí: 1.06181e+07
0 37 90 96 99 12 23 30 32 34 39 40 48 55 60 85 0 Role: 0
0 14 11 81 31 70 26 22 9 47 53 75 72 79 82 98 73 94 51 0 Role: 0
0 50 52 61 20 54 89 28 78 7 29 62 56 67 45 57 46 66 36 58 69 92 16 5 49 10 93 13 2 24 68 27 44 41 19 4 74 6 43 3 65 77 71 0 Role: 0
0 33 59 0 Role: 1
0 88 8 21 84 18 0 Role: 2
0 86 35 15 0 Role: 2
0 17 38 1 0 Role: 2
0 83 0 Role: 2
0 63 0 Role: 2
0 25 80 0 Role: 2
0 42 64 95 0 Role: 3
0 76 97 0 Role: 3

Số khách: 85
Chi phí: 6.97995e+06
0 28 45 31 62 67 20 57 46 69 92 16 94 5 86 82 73 32 34 8 49 27 43 6 74 60 4 19 38 41 65 85 77 0 Role: 0
0 95 81 22 9 59 0 Role: 1
0 72 7 29 0 Role: 1
0 26 75 13 0 Role: 1
0 88 10 93 64 0 Role: 2
0 66 44 0 Role: 2
0 3 0 Role: 2
0 1 80 0 Role: 2
0 76 50 52 0 Role: 3
0 99 47 30 79 0 Role: 3
0 53 0 Role: 4
0 56 58 0 Role: 4
0 42 97 14 0 Role: 5
0 15 68 0 Role: 5
0 71 48 0 Role: 5
0 18 2 84 0 Role: 5
0 21 55 17 35 0 Role: 5
0 83 0 Role: 5
0 63 0 Role: 5
0 24 0 Role: 5
0 25 0 Role: 5
0 87 33 11 0 Role: 6
0 36 98 0 Role: 6

Số khách: 93
Chi phí: 9.24883e+06
0 50 52 61 20 54 89 28 78 7 29 62 56 67 45 57 46 66 36 58 69 92 16 5 49 10 93 13 2 24 68 63 25 80 83 74 1 48 35 21 88 0 Role: 0
0 14 11 81 31 70 26 22 9 47 53 75 72 79 18 98 82 8 17 15 38 84 0 Role: 0
0 51 30 99 23 40 12 32 39 34 55 41 94 73 4 19 6 43 3 27 44 85 77 65 60 71 0 Role: 0
0 64 42 0 Role: 1
0 76 97 59 0 Role: 1
0 33 87 0 Role: 2

Số khách: 99
Chi phí: 1.11485e+07
0 14 11 81 31 70 26 22 9 47 53 75 72 79 82 98 0 Role: 0
0 50 52 61 20 54 89 28 78 7 29 62 56 67 45 57 46 66 36 58 69 92 16 5 49 10 93 13 2 24 68 74 0 Role: 0
0 51 30 99 23 40 12 32 39 34 55 41 94 73 4 19 6 43 3 27 44 85 77 65 60 71 0 Role: 0
0 37 90 96 100 0 Role: 0
0 87 33 0 Role: 1
0 88 8 21 84 18 0 Role: 2
0 86 35 15 0 Role: 2
0 17 48 38 1 0 Role: 2
0 83 0 Role: 2
0 63 0 Role: 2
0 25 80 0 Role: 2
0 42 64 95 0 Role: 3
0 76 97 59 0 Role: 3

Số khách: 80
Chi phí: 6.65707e+06
0 14 42 39 22 26 25 31 20 23 29 62 56 58 67 57 46 66 69 36 75 99 51 30 5 94 40 73 32 82 8 43 15 3 18 84 16 60 38 1 4 19 71 48 6 35 27 44 63 65 77 88 83 80 0 Role: 0
0 21 76 0 Role: 1
0 9 81 11 0 Role: 1
0 97 7 0 Role: 1
0 47 53 0 Role: 2
0 93 10 55 0 Role: 3
0 87 2 13 79 0 Role: 4
0 98 24 0 Role: 4
0 49 68 0 Role: 4
0 33 72 0 Role: 5
0 50 52 64 95 59 0 Role: 5

Số khách: 73
Chi phí: 5.42281e+06
0 14 42 39 22 26 25 31 20 23 29 62 56 58 67 57 46 66 69 36 75 99 51 30 5 94 40 73 32 82 8 43 15 3 18 84 16 60 38 1 4 65 77 63 44 27 35 48 71 19 80 83 88 68 85 0 Role: 0
0 21 13 2 24 49 86 0 Role: 1
0 95 64 7 11 0 Role: 2
0 9 10 55 0 Role: 2
0 34 17 0 Role: 2
0 33 59 72 79 0 Role: 3

Số khách: 90
Chi phí: 9.12946e+06
0 14 42 39 22 26 25 31 20 23 29 62 56 58 67 57 46 66 69 36 75 99 51 30 5 94 40 73 32 82 8 43 15 3 18 84 16 60 38 1 4 19 71 48 6 35 27 44 63 65 77 85 88 83 80 0 Role: 0
0 12 28 41 45 61 74 0 Role: 0
0 93 10 55 0 Role: 1
0 87 2 13 79 0 Role: 2
0 98 24 0 Role: 2
0 49 68 0 Role: 2
0 33 72 0 Role: 3
0 50 52 64 95 59 0 Role: 3
0 21 76 0 Role: 4
0 9 81 11 0 Role: 4
0 97 7 0 Role: 4
0 47 53 0 Role: 5
0 34 17 0 Role: 6
0 86 0 Role: 6

Số khách: 34
Chi phí: 3.13458e+06
0 37 41 19 1 6 43 27 2 21 88 44 63 77 65 80 83 60 71 48 85 35 68 0 Role: 0
0 87 64 33 11 14 95 0 Role: 1
0 52 5 30 49 59 3 0 Role: 1

Số khách: 89
Chi phí: 8.55502e+06
0 14 42 39 22 26 25 31 20 23 29 62 56 58 67 57 46 66 69 36 75 99 51 30 5 94 40 73 32 82 8 43 15 3 18 84 16 60 38 1 4 19 71 48 6 35 27 44 63 65 77 88 83 80 0 Role: 0
0 28 53 41 45 12 74 47 85 0 Role: 0
0 21 76 0 Role: 1
0 81 9 11 0 Role: 1
0 97 7 0 Role: 1
0 93 10 55 0 Role: 2
0 87 2 13 79 0 Role: 3
0 98 24 0 Role: 3
0 49 68 0 Role: 3
0 33 72 0 Role: 4
0 50 52 64 95 59 0 Role: 4
0 17 34 0 Role: 5
0 86 0 Role: 5

Số khách: 60
Chi phí: 4.37586e+06
0 28 45 31 62 67 20 57 46 69 92 16 94 5 86 82 73 32 34 8 49 27 43 6 74 60 4 19 38 41 65 77 85 3 88 44 1 80 0 Role: 0
0 64 97 42 14 29 59 0 Role: 1
0 15 72 13 68 79 0 Role: 1
0 48 0 Role: 1
0 18 2 84 0 Role: 1
0 21 55 17 35 0 Role: 1
0 83 0 Role: 1
0 63 0 Role: 1
0 24 0 Role: 1
0 25 0 Role: 1

Số khách: 41
Chi phí: 3.62635e+06
0 21 37 41 2 27 4 19 1 6 43 48 71 80 65 77 63 44 3 88 85 0 Role: 0
0 95 93 15 0 Role: 1
0 9 22 26 98 55 0 Role: 1
0 35 8 13 18 0 Role: 1
0 49 84 24 68 0 Role: 1
0 83 38 0 Role: 1
0 25 0 Role: 1
0 5 30 0 Role: 2

Số khách: 44
Chi phí: 3.62849e+06
0 21 37 41 2 27 4 19 1 6 43 48 71 60 80 65 77 63 44 88 3 85 0 Role: 0
0 95 93 15 0 Role: 1
0 9 22 26 98 55 0 Role: 1
0 35 8 13 18 0 Role: 1
0 49 84 24 68 0 Role: 1
0 83 38 0 Role: 1
0 25 0 Role: 1
0 5 30 47 72 0 Role: 2

Số khách: 81
Chi phí: 6.76902e+06
0 14 42 39 22 26 25 31 20 23 29 62 56 58 67 57 46 66 69 36 75 99 51 30 5 94 40 73 32 82 8 43 15 3 18 84 16 60 38 1 4 19 71 48 6 35 27 44 63 65 77 85 88 83 80 0 Role: 0
0 21 76 0 Role: 1
0 9 81 11 0 Role: 1
0 97 7 0 Role: 1
0 87 2 13 79 0 Role: 2
0 24 0 Role: 2
0 49 68 0 Role: 2
0 17 34 55 0 Role: 3
0 86 0 Role: 3
0 33 72 0 Role: 4
0 50 52 64 95 59 0 Role: 4
0 10 93 0 Role: 5

Số khách: 70
Chi phí: 5.39983e+06
0 14 42 39 22 26 25 31 20 23 29 62 56 58 67 57 46 66 69 36 75 99 51 30 5 94 40 73 32 82 8 43 15 3 18 84 16 60 38 1 4 19 71 48 6 35 27 44 63 65 77 85 88 83 80 0 Role: 0
0 33 72 21 0 Role: 1
0 50 52 64 95 59 0 Role: 1
0 87 2 13 79 0 Role: 2
0 98 24 0 Role: 2
0 49 68 0 Role: 2

Số khách: 84
Chi phí: 6.96565e+06
0 28 45 31 62 67 20 57 46 69 92 16 94 5 86 82 73 32 34 8 49 27 43 6 74 60 4 19 38 41 65 85 77 0 Role: 0
0 88 10 93 64 0 Role: 1
0 66 44 0 Role: 1
0 3 0 Role: 1
0 1 80 0 Role: 1
0 95 81 22 9 59 0 Role: 2
0 72 7 29 0 Role: 2
0 26 75 13 0 Role: 2
0 76 50 52 0 Role: 3
0 99 47 30 79 0 Role: 3
0 42 14 0 Role: 4
0 15 68 0 Role: 4
0 71 48 0 Role: 4
0 18 2 84 0 Role: 4
0 21 55 17 35 0 Role: 4
0 83 0 Role: 4
0 63 0 Role: 4
0 24 0 Role: 4
0 25 0 Role: 4
0 87 33 11 0 Role: 5
0 36 98 0 Role: 5
0 53 0 Role: 6
0 56 58 0 Role: 6

Số khách: 51
Chi phí: 3.90954e+06
0 28 45 31 62 67 20 57 46 69 92 4 60 19 1 6 43 3 27 44 25 65 77 41 85 88 80 0 Role: 0
0 42 14 11 29 59 0 Role: 1
0 15 72 13 68 0 Role: 1
0 71 48 0 Role: 1
0 49 84 2 18 79 0 Role: 1
0 21 55 8 17 35 0 Role: 1
0 83 0 Role: 1
0 63 0 Role: 1
0 24 0 Role: 1
0 38 0 Role: 1

Số khách: 48
Chi phí: 3.62922e+06
0 21 37 41 2 27 4 19 1 6 43 88 44 63 77 65 80 60 71 48 0 Role: 0
0 95 93 15 0 Role: 1
0 9 22 26 98 55 0 Role: 1
0 35 8 13 18 0 Role: 1
0 24 68 84 0 Role: 1
0 83 38 0 Role: 1
0 25 0 Role: 1
0 87 33 11 14 64 0 Role: 2
0 52 5 30 49 59 3 0 Role: 2

Số khách: 56
Chi phí: 4.34679e+06
0 7 31 12 28 20 23 40 32 34 15 6 17 21 16 4 25 19 38 1 27 35 43 48 71 83 80 65 77 44 88 63 41 85 68 0 Role: 0
0 50 97 72 95 0 Role: 1
0 42 26 9 0 Role: 1
0 81 10 56 58 29 0 Role: 1
0 87 33 11 14 64 0 Role: 2
0 52 5 30 18 3 0 Role: 2

Số khách: 40
Chi phí: 3.23102e+06
0 21 37 41 2 27 4 19 1 6 43 48 71 60 80 65 77 63 44 88 3 85 0 Role: 0
0 95 93 15 0 Role: 1
0 9 22 26 98 55 0 Role: 1
0 35 8 13 18 0 Role: 1
0 49 84 24 68 0 Role: 1
0 83 38 0 Role: 1
0 25 0 Role: 1

Số khách: 52
Chi phí: 4.03382e+06
0 7 31 12 28 20 23 40 32 34 15 6 17 21 16 4 25 19 38 1 27 35 43 48 71 83 80 65 77 44 88 0 Role: 0
0 50 97 72 95 0 Role: 1
0 42 26 9 0 Role: 1
0 81 10 56 58 29 0 Role: 1
0 87 33 11 14 64 0 Role: 2
0 49 52 5 30 3 0 Role: 2

Số khách: 54
Chi phí: 4.20053e+06
0 28 45 31 62 67 20 57 46 69 92 44 27 3 43 6 1 19 60 4 25 80 88 85 77 65 0 Role: 0
0 42 14 11 29 59 0 Role: 1
0 15 72 13 68 0 Role: 1
0 71 48 0 Role: 1
0 49 84 2 18 79 0 Role: 1
0 21 55 8 17 35 0 Role: 1
0 83 0 Role: 1
0 63 0 Role: 1
0 24 0 Role: 1
0 38 0 Role: 1
0 5 30 47 75 0 Role: 2

Số khách: 64
Chi phí: 4.64787e+06
0 14 42 39 22 26 25 31 20 23 29 62 56 58 67 46 66 69 36 75 99 51 30 5 94 40 73 32 82 8 43 15 3 18 84 16 4 60 38 1 65 80 19 83 71 48 44 27 63 77 85 68 35 88 0 Role: 0
0 76 21 95 0 Role: 1
0 81 9 11 0 Role: 1
0 64 97 72 2 13 0 Role: 1

Số khách: 66
Chi phí: 4.90187e+06
0 28 45 31 62 67 20 57 46 69 92 16 94 5 86 82 73 32 34 8 49 27 43 6 74 60 4 19 38 41 65 77 85 3 88 44 1 80 0 Role: 0
0 64 42 14 11 29 59 0 Role: 1
0 15 13 68 79 0 Role: 1
0 71 48 0 Role: 1
0 18 2 84 0 Role: 1
0 35 17 55 0 Role: 1
0 83 0 Role: 1
0 63 0 Role: 1
0 24 0 Role: 1
0 25 0 Role: 1
0 95 7 9 72 0 Role: 2
0 56 10 58 0 Role: 2

Số khách: 62
Chi phí: 4.62605e+06
0 14 42 39 22 26 25 31 20 23 29 62 56 58 67 57 46 66 69 36 75 99 51 30 5 94 40 73 32 82 8 43 15 3 18 84 16 60 38 1 4 65 77 63 27 44 48 71 19 80 83 88 68 85 0 Role: 0
0 76 21 95 0 Role: 1
0 81 9 11 0 Role: 1
0 97 7 64 0 Role: 1

Số khách: 39
Chi phí: 3.20336e+06
0 21 37 41 2 27 4 19 1 6 43 48 71 60 80 65 77 63 44 88 3 85 0 Role: 0
0 95 93 15 0 Role: 1
0 9 22 26 98 55 0 Role: 1
0 35 8 13 18 0 Role: 1
0 84 24 68 0 Role: 1
0 83 38 0 Role: 1
0 25 0 Role: 1

Số khách: 36
Chi phí: 3.17261e+06
0 21 37 41 2 27 4 19 1 6 43 48 71 60 80 65 77 63 44 88 25 83 35 68 85 0 Role: 0
0 87 64 33 11 14 95 0 Role: 1
0 52 5 30 49 59 3 0 Role: 1

Số khách: 69
Chi phí: 5.02586e+06
0 14 42 39 22 26 25 31 20 23 29 62 56 58 67 57 46 66 69 36 75 99 51 30 5 94 40 73 32 82 8 43 15 3 18 84 16 60 38 1 4 65 77 63 44 27 35 48 71 19 80 83 88 68 85 0 Role: 0
0 95 64 7 11 0 Role: 1
0 9 10 55 0 Role: 1
0 34 17 0 Role: 1
0 21 13 2 24 49 86 0 Role: 2

Số khách: 49
Chi phí: 3.69618e+06
0 21 37 41 2 27 4 19 1 6 43 48 71 60 80 65 77 63 44 88 85 0 Role: 0
0 95 93 15 0 Role: 1
0 9 22 26 98 55 0 Role: 1
0 35 8 13 18 0 Role: 1
0 24 68 84 0 Role: 1
0 83 38 0 Role: 1
0 25 0 Role: 1
0 87 33 11 14 64 0 Role: 2
0 52 5 30 49 59 3 0 Role: 2

Số khách: 72
Chi phí: 5.4205e+06
0 14 42 39 22 26 25 31 20 23 29 62 56 58 67 57 46 66 69 36 75 99 51 30 5 94 40 73 32 82 8 43 15 3 18 84 16 60 38 1 4 65 77 63 44 27 35 48 71 19 80 83 88 68 85 0 Role: 0
0 33 59 72 79 0 Role: 1
0 95 64 7 11 0 Role: 2
0 10 55 0 Role: 2
0 34 17 0 Role: 2
0 21 13 2 24 49 86 0 Role: 3

Số khách: 55
Chi phí: 4.30925e+06
0 28 45 31 62 67 20 57 46 69 92 4 60 19 1 6 43 3 27 44 25 65 77 41 85 88 80 0 Role: 0
0 42 14 11 29 59 0 Role: 1
0 15 72 13 68 0 Role: 1
0 71 48 0 Role: 1
0 49 84 2 18 79 0 Role: 1
0 21 55 8 17 35 0 Role: 1
0 83 0 Role: 1
0 63 0 Role: 1
0 24 0 Role: 1
0 38 0 Role: 1
0 5 30 47 75 0 Role: 2

Số khách: 67
Chi phí: 4.90889e+06
0 28 45 31 62 67 20 57 46 69 92 16 94 5 86 82 73 32 34 8 49 27 43 6 74 60 4 19 38 41 65 77 85 3 88 44 1 80 0 Role: 0
0 95 7 9 72 0 Role: 1
0 56 10 58 0 Role: 1
0 64 42 14 11 29 59 0 Role: 2
0 15 13 68 79 0 Role: 2
0 71 48 0 Role: 2
0 18 2 84 0 Role: 2
0 21 55 17 35 0 Role: 2
0 83 0 Role: 2
0 63 0 Role: 2
0 24 0 Role: 2
0 25 0 Role: 2

Số khách: 35
Chi phí: 3.14805e+06
0 21 37 2 41 4 19 1 43 6 48 71 60 80 25 65 77 63 44 88 83 85 68 35 0 Role: 0
0 87 64 33 11 14 95 0 Role: 1
0 52 5 30 49 59 3 0 Role: 1

Số khách: 63
Chi phí: 4.63553e+06
0 14 42 39 22 26 25 31 20 23 29 62 56 58 67 46 66 69 36 75 99 51 30 5 94 40 73 32 82 8 43 15 3 18 84 16 4 60 38 1 65 80 19 83 71 48 44 27 63 77 85 68 35 88 0 Role: 0
0 95 76 0 Role: 1
0 81 9 11 0 Role: 1
0 64 97 72 2 13 0 Role: 1

Số khách: 68
Chi phí: 4.99326e+06
0 28 45 31 62 67 20 57 46 69 92 16 94 5 86 82 73 32 34 8 49 27 43 6 74 60 4 19 38 41 65 77 85 3 88 44 1 80 0 Role: 0
0 64 42 14 11 0 Role: 1
0 15 79 68 0 Role: 1
0 71 48 0 Role: 1
0 18 2 84 0 Role: 1
0 21 55 17 35 0 Role: 1
0 83 0 Role: 1
0 63 0 Role: 1
0 24 0 Role: 1
0 25 0 Role: 1
0 95 81 22 9 59 0 Role: 2
0 72 7 29 0 Role: 2
0 26 75 13 0 Role: 2

Số khách: 49
Chi phí: 3.69618e+06
0 21 37 41 2 27 4 19 1 6 43 48 71 60 80 65 77 63 44 88 85 0 Role: 0
0 87 33 11 14 64 0 Role: 1
0 52 5 30 49 59 3 0 Role: 1
0 95 93 15 0 Role: 2
0 9 22 26 98 55 0 Role: 2
0 35 8 13 18 0 Role: 2
0 24 68 84 0 Role: 2
0 83 38 0 Role: 2
0 25 0 Role: 2

Số khách: 69
Chi phí: 5.02586e+06
0 14 42 39 22 26 25 31 20 23 29 62 56 58 67 57 46 66 69 36 75 99 51 30 5 94 40 73 32 82 8 43 15 3 18 84 16 60 38 1 4 65 77 63 44 27 35 48 71 19 80 83 88 68 85 0 Role: 0
0 21 13 2 24 49 86 0 Role: 1
0 95 64 7 11 0 Role: 2
0 9 10 55 0 Role: 2
0 34 17 0 Role: 2

Số khách: 68
Chi phí: 4.99326e+06
0 28 45 31 62 67 20 57 46 69 92 16 94 5 86 82 73 32 34 8 49 27 43 6 74 60 4 19 38 41 65 77 85 3 88 44 1 80 0 Role: 0
0 95 81 22 9 59 0 Role: 1
0 72 7 29 0 Role: 1
0 26 75 13 0 Role: 1
0 64 42 14 11 0 Role: 2
0 15 79 68 0 Role: 2
0 71 48 0 Role: 2
0 18 2 84 0 Role: 2
0 21 55 17 35 0 Role: 2
0 83 0 Role: 2
0 63 0 Role: 2
0 24 0 Role: 2
0 25 0 Role: 2

Số khách: 85
Chi phí: 6.97995e+06
0 28 45 31 62 67 20 57 46 69 92 16 94 5 86 82 73 32 34 8 49 27 43 6 74 60 4 19 38 41 65 85 77 0 Role: 0
0 42 97 14 0 Role: 1
0 15 68 0 Role: 1
0 71 48 0 Role: 1
0 18 2 84 0 Role: 1
0 21 55 17 35 0 Role: 1
0 83 0 Role: 1
0 63 0 Role: 1
0 24 0 Role: 1
0 25 0 Role: 1
0 95 81 22 9 59 0 Role: 2
0 72 7 29 0 Role: 2
0 26 75 13 0 Role: 2
0 76 50 52 0 Role: 3
0 99 47 30 79 0 Role: 3
0 87 33 11 0 Role: 4
0 36 98 0 Role: 4
0 88 10 93 64 0 Role: 5
0 66 44 0 Role: 5
0 3 0 Role: 5
0 1 80 0 Role: 5
0 53 0 Role: 6
0 56 58 0 Role: 6

