Số khách: 51
Chi phí: 4.61739e+06
0 100 0 Role: 0
0 184 192 131 0 Role: 0
0 11 95 123 0 Role: 1
0 9 101 5 35 78 0 Role: 1
0 47 160 200 73 0 Role: 1
0 23 0 Role: 1
0 25 178 168 10 103 0 Role: 1
0 193 109 191 0 Role: 1
0 121 0 Role: 1
0 72 0 Role: 1
0 113 57 157 0 Role: 1
0 180 0 Role: 1
0 152 141 0 Role: 1
0 81 0 Role: 1
0 43 0 Role: 2
0 164 1 187 116 167 38 0 Role: 2
0 17 0 Role: 2
0 65 0 Role: 2
0 29 31 0 Role: 2
0 27 189 0 Role: 2
0 32 0 Role: 2
0 19 0 Role: 2
0 155 0 Role: 2
0 99 0 Role: 2

Số khách: 73
Chi phí: 6.2782e+06
0 157 47 89 200 83 0 Role: 0
0 14 102 29 49 85 64 71 137 86 192 118 98 20 109 123 0 Role: 0
0 127 188 0 Role: 1
0 80 90 100 73 95 0 Role: 1
0 184 104 154 0 Role: 1
0 183 189 141 178 0 Role: 1
0 81 5 35 0 Role: 1
0 152 0 Role: 1
0 57 32 23 25 0 Role: 1
0 160 19 0 Role: 1
0 121 113 0 Role: 1
0 78 0 Role: 1
0 10 72 0 Role: 1
0 180 155 0 Role: 1
0 66 164 43 38 0 Role: 2
0 42 27 18 0 Role: 2
0 186 179 99 195 0 Role: 2
0 191 65 0 Role: 2
0 168 193 0 Role: 2
0 103 108 0 Role: 2
0 112 140 0 Role: 2
0 70 63 0 Role: 2
0 31 0 Role: 2

Số khách: 64
Chi phí: 5.75166e+06
0 157 97 103 85 176 82 189 32 23 0 Role: 0
0 81 146 73 26 22 136 143 43 178 0 Role: 0
0 116 0 Role: 1
0 112 78 123 0 Role: 1
0 101 9 0 Role: 1
0 152 0 Role: 1
0 66 183 25 0 Role: 1
0 99 0 Role: 1
0 140 49 31 0 Role: 1
0 168 193 109 191 0 Role: 1
0 184 0 Role: 1
0 160 47 0 Role: 1
0 19 0 Role: 1
0 180 35 155 0 Role: 1
0 5 0 Role: 1
0 10 72 0 Role: 1
0 57 141 0 Role: 1
0 121 0 Role: 1
0 132 27 100 0 Role: 2
0 188 200 114 0 Role: 2
0 104 195 95 0 Role: 2
0 186 113 0 Role: 2
0 108 0 Role: 2
0 84 0 Role: 2
0 70 63 0 Role: 2

Số khách: 60
Chi phí: 5.50252e+06
0 127 168 54 15 172 63 0 Role: 0
0 184 26 198 125 98 191 123 73 0 Role: 0
0 100 9 0 Role: 1
0 103 108 0 Role: 1
0 43 189 32 23 0 Role: 1
0 152 121 178 0 Role: 1
0 160 47 157 0 Role: 1
0 200 31 155 0 Role: 1
0 25 0 Role: 1
0 81 5 78 0 Role: 1
0 57 141 0 Role: 1
0 35 0 Role: 1
0 10 72 109 193 0 Role: 1
0 113 0 Role: 1
0 19 0 Role: 1
0 80 142 84 180 101 95 0 Role: 2
0 65 0 Role: 2
0 70 104 0 Role: 2
0 186 154 0 Role: 2
0 183 27 0 Role: 2
0 99 0 Role: 2
0 140 49 0 Role: 2

Số khách: 53
Chi phí: 4.95832e+06
0 184 93 0 Role: 0
0 1 19 63 0 Role: 0
0 144 100 0 Role: 1
0 10 72 109 168 65 178 0 Role: 1
0 23 25 0 Role: 1
0 5 31 155 0 Role: 1
0 73 27 113 0 Role: 1
0 121 99 57 123 0 Role: 1
0 103 0 Role: 1
0 157 0 Role: 1
0 47 141 0 Role: 1
0 81 200 0 Role: 1
0 193 0 Role: 1
0 180 0 Role: 1
0 167 95 9 0 Role: 2
0 43 154 29 101 0 Role: 2
0 66 183 0 Role: 2
0 160 70 0 Role: 2
0 104 32 78 0 Role: 2
0 191 0 Role: 2
0 140 49 0 Role: 2
0 152 189 0 Role: 2
0 35 0 Role: 2

Số khách: 56
Chi phí: 5.28529e+06
0 102 190 184 60 136 143 113 191 10 178 0 Role: 0
0 180 31 0 Role: 0
0 152 189 95 155 0 Role: 1
0 43 154 104 57 25 123 9 0 Role: 1
0 157 35 0 Role: 1
0 193 32 23 0 Role: 1
0 99 73 0 Role: 1
0 168 109 121 0 Role: 1
0 81 200 0 Role: 1
0 103 0 Role: 1
0 47 19 0 Role: 1
0 5 0 Role: 1
0 141 0 Role: 1
0 72 0 Role: 1
0 90 84 48 29 101 0 Role: 2
0 160 70 0 Role: 2
0 27 195 0 Role: 2
0 112 140 0 Role: 2
0 49 0 Role: 2
0 78 0 Role: 2
0 63 0 Role: 2
0 183 0 Role: 2

Số khách: 54
Chi phí: 5.0829e+06
0 113 74 60 0 Role: 0
0 166 156 0 Role: 0
0 167 0 Role: 1
0 187 193 65 25 178 0 Role: 1
0 152 141 70 47 73 0 Role: 1
0 99 23 123 0 Role: 1
0 200 0 Role: 1
0 160 19 0 Role: 1
0 32 103 157 0 Role: 1
0 155 78 0 Role: 1
0 184 0 Role: 1
0 81 180 35 5 0 Role: 1
0 57 121 0 Role: 1
0 10 109 72 0 Role: 1
0 48 9 0 Role: 2
0 66 63 102 0 Role: 2
0 154 43 27 183 189 104 0 Role: 2
0 140 112 0 Role: 2
0 84 31 0 Role: 2
0 191 168 0 Role: 2

Số khách: 55
Chi phí: 5.26652e+06
0 117 0 Role: 0
0 85 163 196 60 106 107 99 27 104 143 37 0 Role: 0
0 47 140 73 0 Role: 1
0 160 70 157 0 Role: 1
0 184 183 23 0 Role: 1
0 81 180 152 0 Role: 1
0 57 32 141 103 0 Role: 1
0 5 35 155 78 123 0 Role: 1
0 168 193 109 178 25 0 Role: 1
0 19 0 Role: 1
0 121 113 0 Role: 1
0 191 0 Role: 1
0 200 0 Role: 1
0 10 72 0 Role: 1
0 29 102 0 Role: 2
0 186 43 154 101 9 0 Role: 2
0 49 31 0 Role: 2
0 189 0 Role: 2

Số khách: 109
Chi phí: 2.12286e+07
0 86 59 72 136 0 Role: 0
0 39 81 6 82 110 122 176 112 107 200 35 198 192 185 168 0 Role: 0
0 94 109 160 47 44 190 23 13 124 0 Role: 0
0 53 0 Role: 0
0 1 97 69 169 0 Role: 0
0 166 0 Role: 0
0 104 90 58 113 84 66 125 15 60 0 Role: 0
0 100 140 73 123 0 Role: 1
0 152 180 0 Role: 1
0 189 0 Role: 1
0 63 19 70 103 0 Role: 1
0 114 167 95 0 Role: 2
0 186 0 Role: 2
0 99 25 178 0 Role: 2
0 31 157 32 0 Role: 2
0 191 57 0 Role: 2
0 10 193 78 0 Role: 2
0 184 0 Role: 2
0 155 0 Role: 2
0 121 0 Role: 2
0 5 0 Role: 2
0 141 0 Role: 2
0 4 183 43 154 0 Role: 3
0 179 187 188 38 0 Role: 4
0 116 195 9 0 Role: 4
0 101 27 0 Role: 4
0 29 49 0 Role: 4
0 42 17 0 Role: 5
0 108 0 Role: 6
0 164 0 Role: 7
0 132 18 0 Role: 7
0 7 134 48 80 0 Role: 8
0 102 0 Role: 8
0 65 0 Role: 8
0 199 0 Role: 8
0 11 129 0 Role: 9
0 142 33 0 Role: 10
0 158 0 Role: 10
0 144 0 Role: 10
0 127 0 Role: 11

Số khách: 71
Chi phí: 7.85191e+06
0 9 85 154 141 68 59 0 Role: 0
0 101 5 195 123 95 0 Role: 1
0 113 199 0 Role: 1
0 70 157 0 Role: 2
0 27 0 Role: 3
0 168 103 43 0 Role: 3
0 112 73 81 155 0 Role: 3
0 17 23 100 0 Role: 4
0 11 0 Role: 5
0 142 116 187 167 188 0 Role: 5
0 47 48 0 Role: 5
0 193 191 121 25 0 Role: 6
0 140 0 Role: 7
0 49 31 0 Role: 8
0 180 80 32 0 Role: 9
0 65 152 0 Role: 10
0 102 63 0 Role: 10
0 84 78 0 Role: 10
0 104 184 183 189 0 Role: 10
0 10 72 178 0 Role: 10
0 109 0 Role: 10
0 90 0 Role: 11
0 42 18 0 Role: 11
0 108 66 0 Role: 11
0 99 57 0 Role: 11
0 35 0 Role: 11
0 160 0 Role: 11
0 19 0 Role: 11
0 164 4 29 0 Role: 12

Số khách: 105
Chi phí: 1.79348e+07
0 14 148 170 120 199 0 Role: 0
0 64 86 13 21 83 109 145 0 Role: 0
0 60 135 165 173 138 200 0 Role: 0
0 62 0 Role: 0
0 142 94 0 Role: 0
0 110 26 132 103 0 Role: 0
0 78 66 73 0 Role: 1
0 183 0 Role: 1
0 38 155 0 Role: 2
0 47 70 95 0 Role: 3
0 121 123 157 0 Role: 3
0 180 152 0 Role: 3
0 104 25 101 0 Role: 3
0 178 191 168 0 Role: 3
0 31 35 81 0 Role: 3
0 17 9 23 0 Role: 4
0 32 99 65 186 0 Role: 4
0 57 189 43 0 Role: 4
0 113 27 0 Role: 4
0 10 116 100 0 Role: 5
0 179 154 0 Role: 5
0 160 19 0 Role: 5
0 169 195 0 Role: 6
0 72 11 69 0 Role: 7
0 102 63 0 Role: 7
0 141 29 0 Role: 7
0 108 0 Role: 7
0 140 49 0 Role: 7
0 193 0 Role: 7
0 5 0 Role: 7
0 184 0 Role: 7
0 134 188 97 167 0 Role: 8
0 129 7 4 0 Role: 9
0 33 84 80 0 Role: 9
0 18 164 0 Role: 10
0 48 112 90 0 Role: 10
0 114 0 Role: 10
0 158 1 0 Role: 11
0 144 0 Role: 11
0 42 0 Role: 12
0 127 187 0 Role: 12
0 166 0 Role: 12

Số khách: 83
Chi phí: 8.13549e+06
0 134 0 Role: 0
0 35 157 103 0 Role: 1
0 95 108 0 Role: 2
0 101 57 43 195 9 0 Role: 3
0 189 155 0 Role: 4
0 152 104 27 23 25 0 Role: 4
0 184 154 0 Role: 4
0 193 0 Role: 4
0 109 78 123 0 Role: 4
0 99 0 Role: 4
0 32 121 81 0 Role: 4
0 19 70 47 73 0 Role: 4
0 183 141 178 0 Role: 4
0 80 31 180 0 Role: 5
0 200 160 0 Role: 5
0 5 0 Role: 5
0 72 168 10 0 Role: 5
0 113 0 Role: 5
0 191 0 Role: 5
0 7 66 164 0 Role: 6
0 187 38 33 0 Role: 6
0 112 84 90 48 100 0 Role: 7
0 199 0 Role: 7
0 166 0 Role: 8
0 179 97 188 116 0 Role: 8
0 17 29 0 Role: 8
0 11 69 167 0 Role: 9
0 132 158 18 0 Role: 9
0 186 144 0 Role: 9
0 140 0 Role: 10
0 63 0 Role: 10
0 49 0 Role: 10
0 1 42 0 Role: 11
0 169 0 Role: 12
0 142 0 Role: 12
0 114 0 Role: 12
0 65 0 Role: 12
0 102 0 Role: 12

Số khách: 101
Chi phí: 1.58611e+07
0 68 37 109 0 Role: 0
0 102 26 108 32 59 155 178 128 35 5 85 113 143 192 0 Role: 0
0 162 169 130 78 0 Role: 0
0 110 101 184 54 22 0 Role: 0
0 71 0 Role: 0
0 42 27 154 95 0 Role: 1
0 183 157 0 Role: 1
0 81 200 47 167 73 0 Role: 2
0 9 0 Role: 2
0 48 25 23 0 Role: 2
0 103 10 168 123 0 Role: 2
0 195 186 152 43 0 Role: 3
0 141 66 189 104 57 0 Role: 3
0 191 121 0 Role: 3
0 49 0 Role: 4
0 70 0 Role: 4
0 19 63 0 Role: 4
0 29 140 31 0 Role: 5
0 72 0 Role: 5
0 180 0 Role: 5
0 112 90 0 Role: 6
0 11 4 100 0 Role: 7
0 114 188 0 Role: 7
0 80 84 0 Role: 7
0 164 0 Role: 7
0 193 0 Role: 8
0 18 132 0 Role: 8
0 199 0 Role: 8
0 99 65 0 Role: 8
0 160 0 Role: 8
0 97 158 179 0 Role: 9
0 33 0 Role: 9
0 144 0 Role: 9
0 7 134 116 187 38 0 Role: 10
0 142 17 0 Role: 10
0 69 127 0 Role: 10
0 1 0 Role: 10
0 166 0 Role: 11
0 39 129 0 Role: 11

Số khách: 107
Chi phí: 2.00859e+07
0 92 127 120 113 109 136 23 99 83 81 170 37 0 Role: 0
0 164 0 Role: 0
0 190 0 Role: 0
0 98 0 Role: 0
0 11 18 8 52 5 198 57 110 138 73 0 Role: 0
0 181 143 102 53 79 125 0 Role: 0
0 157 77 67 0 Role: 0
0 80 0 Role: 0
0 38 154 65 123 0 Role: 1
0 78 10 0 Role: 1
0 29 49 140 0 Role: 1
0 103 183 141 178 0 Role: 2
0 200 31 155 0 Role: 2
0 168 193 121 25 0 Role: 2
0 32 152 0 Role: 2
0 160 19 0 Role: 2
0 184 0 Role: 2
0 35 180 0 Role: 2
0 72 0 Role: 2
0 47 0 Role: 2
0 33 195 95 0 Role: 3
0 63 70 9 0 Role: 3
0 179 144 69 0 Role: 4
0 116 84 48 101 0 Role: 4
0 39 167 129 186 0 Role: 5
0 4 17 90 112 134 100 0 Role: 6
0 158 104 0 Role: 7
0 191 0 Role: 7
0 108 66 0 Role: 7
0 188 42 132 43 0 Role: 8
0 27 199 0 Role: 8
0 7 187 0 Role: 9
0 142 97 0 Role: 9
0 169 0 Role: 9
0 1 0 Role: 9
0 114 0 Role: 9
0 189 0 Role: 9
0 166 0 Role: 10

Số khách: 92
Chi phí: 9.35955e+06
0 27 122 185 123 13 84 86 22 0 Role: 0
0 39 32 154 23 103 0 Role: 1
0 99 113 57 0 Role: 1
0 47 160 70 157 0 Role: 1
0 25 109 78 0 Role: 1
0 116 1 0 Role: 2
0 97 43 121 152 95 0 Role: 2
0 11 65 178 73 0 Role: 3
0 72 168 0 Role: 3
0 140 0 Role: 3
0 200 81 155 0 Role: 3
0 191 193 0 Role: 3
0 10 0 Role: 3
0 5 35 180 0 Role: 3
0 184 0 Role: 3
0 141 0 Role: 3
0 19 0 Role: 3
0 164 18 183 100 9 0 Role: 4
0 112 31 0 Role: 4
0 189 0 Role: 4
0 101 0 Role: 5
0 179 104 0 Role: 5
0 29 49 0 Role: 6
0 63 0 Role: 6
0 166 42 187 0 Role: 7
0 38 0 Role: 7
0 33 48 90 0 Role: 7
0 80 186 0 Role: 7
0 102 66 0 Role: 7
0 69 0 Role: 8
0 127 195 0 Role: 8
0 169 0 Role: 8
0 167 144 0 Role: 9
0 4 188 132 158 0 Role: 9
0 108 0 Role: 9
0 7 17 142 0 Role: 10
0 199 0 Role: 11
0 129 0 Role: 11
0 114 0 Role: 11
0 134 0 Role: 11

Số khách: 95
Chi phí: 1.11912e+07
0 55 199 0 Role: 0
0 98 73 122 81 60 120 198 28 64 155 0 Role: 0
0 188 116 0 Role: 1
0 102 103 154 23 0 Role: 1
0 152 180 101 0 Role: 1
0 191 57 32 0 Role: 1
0 178 47 157 0 Role: 1
0 48 43 100 0 Role: 2
0 195 121 104 0 Role: 2
0 109 0 Role: 3
0 99 113 0 Role: 3
0 10 168 193 78 123 0 Role: 3
0 35 31 0 Role: 3
0 200 160 0 Role: 3
0 72 25 0 Role: 3
0 184 0 Role: 3
0 5 0 Role: 3
0 19 0 Role: 3
0 141 0 Role: 3
0 66 38 95 9 0 Role: 4
0 189 27 0 Role: 4
0 49 140 0 Role: 4
0 63 70 0 Role: 4
0 183 0 Role: 4
0 134 112 29 0 Role: 5
0 108 0 Role: 6
0 84 0 Role: 6
0 132 18 164 0 Role: 7
0 186 65 0 Role: 7
0 187 167 158 0 Role: 8
0 169 179 0 Role: 8
0 80 90 0 Role: 8
0 114 0 Role: 8
0 11 0 Role: 9
0 129 4 7 0 Role: 9
0 33 0 Role: 9
0 144 0 Role: 9
0 166 42 0 Role: 10
0 1 69 0 Role: 10
0 127 97 0 Role: 10
0 142 17 0 Role: 10
0 39 0 Role: 11

Số khách: 98
Chi phí: 1.35674e+07
0 158 78 184 198 0 Role: 0
0 62 24 143 189 23 81 47 145 176 136 0 Role: 0
0 29 108 94 0 Role: 0
0 151 79 133 0 Role: 0
0 167 166 187 0 Role: 1
0 25 0 Role: 1
0 73 43 0 Role: 1
0 19 0 Role: 1
0 123 113 152 103 0 Role: 1
0 193 0 Role: 1
0 57 31 0 Role: 1
0 66 9 155 101 0 Role: 2
0 27 154 0 Role: 2
0 169 0 Role: 3
0 10 72 186 195 0 Role: 3
0 178 191 109 168 0 Role: 3
0 99 32 0 Role: 3
0 48 112 157 95 0 Role: 4
0 102 63 70 0 Role: 4
0 180 35 5 0 Role: 4
0 160 0 Role: 4
0 42 0 Role: 5
0 144 100 0 Role: 5
0 140 200 0 Role: 5
0 49 0 Role: 5
0 141 104 0 Role: 5
0 7 97 164 116 38 0 Role: 6
0 84 188 0 Role: 7
0 90 142 134 17 0 Role: 8
0 179 127 121 69 0 Role: 9
0 199 0 Role: 9
0 1 132 0 Role: 9
0 183 18 0 Role: 9
0 65 0 Role: 9
0 129 4 80 0 Role: 10
0 33 0 Role: 10
0 114 0 Role: 10
0 39 0 Role: 11
0 11 0 Role: 11

Số khách: 97
Chi phí: 1.17749e+07
0 67 72 0 Role: 0
0 134 19 128 115 161 68 122 58 0 Role: 0
0 16 165 146 0 Role: 0
0 80 168 109 123 0 Role: 1
0 180 0 Role: 1
0 184 0 Role: 1
0 18 32 186 23 0 Role: 2
0 127 4 101 9 0 Role: 3
0 35 0 Role: 3
0 90 78 195 95 0 Role: 4
0 47 102 157 0 Role: 5
0 199 154 43 0 Role: 5
0 57 66 73 0 Role: 5
0 25 193 121 178 0 Role: 5
0 49 31 0 Role: 5
0 160 200 0 Role: 5
0 5 0 Role: 5
0 155 141 152 103 0 Role: 5
0 99 113 0 Role: 5
0 191 0 Role: 5
0 10 0 Role: 5
0 63 1 0 Role: 6
0 114 100 0 Role: 6
0 112 140 0 Role: 6
0 84 0 Role: 6
0 104 81 0 Role: 6
0 183 189 70 0 Role: 6
0 27 0 Role: 6
0 97 187 167 158 0 Role: 7
0 169 179 65 0 Role: 7
0 29 0 Role: 7
0 108 0 Role: 7
0 144 0 Role: 8
0 7 33 0 Role: 8
0 17 0 Role: 9
0 188 142 116 0 Role: 9
0 164 42 0 Role: 9
0 69 0 Role: 9
0 132 0 Role: 9
0 48 0 Role: 9
0 39 129 38 0 Role: 10
0 166 0 Role: 10
0 11 0 Role: 10

Số khách: 100
Chi phí: 1.47285e+07
0 80 112 114 181 163 135 29 138 0 Role: 0
0 160 58 196 118 108 49 57 178 0 Role: 0
0 176 145 68 86 99 0 Role: 0
0 157 97 0 Role: 0
0 92 16 0 Role: 0
0 69 168 0 Role: 1
0 38 0 Role: 1
0 73 154 25 123 9 0 Role: 2
0 199 152 0 Role: 2
0 23 189 141 103 0 Role: 2
0 17 0 Role: 3
0 5 0 Role: 3
0 72 169 195 95 0 Role: 3
0 191 109 65 0 Role: 3
0 70 0 Role: 3
0 42 183 43 0 Role: 4
0 140 0 Role: 4
0 113 32 0 Role: 5
0 184 104 0 Role: 5
0 66 0 Role: 6
0 81 84 48 31 155 0 Role: 6
0 193 0 Role: 6
0 78 35 0 Role: 6
0 10 0 Role: 6
0 47 180 0 Role: 6
0 19 0 Role: 6
0 200 0 Role: 6
0 188 0 Role: 7
0 129 18 164 0 Role: 7
0 167 1 187 0 Role: 8
0 63 100 0 Role: 8
0 186 121 144 0 Role: 8
0 101 102 0 Role: 8
0 27 0 Role: 8
0 179 158 0 Role: 9
0 7 90 33 0 Role: 10
0 132 0 Role: 10
0 116 134 142 0 Role: 11
0 127 0 Role: 11
0 166 0 Role: 11
0 39 0 Role: 12
0 4 11 0 Role: 12

Số khách: 88
Chi phí: 8.20085e+06
0 155 138 63 43 0 Role: 0
0 90 95 23 0 Role: 1
0 152 186 178 73 0 Role: 1
0 160 200 157 0 Role: 1
0 42 167 80 123 0 Role: 2
0 154 65 0 Role: 2
0 57 104 32 25 78 0 Role: 2
0 184 183 0 Role: 2
0 81 70 0 Role: 2
0 72 10 168 0 Role: 2
0 189 0 Role: 2
0 31 140 47 0 Role: 2
0 113 0 Role: 2
0 141 103 0 Role: 2
0 35 5 180 0 Role: 2
0 188 33 9 101 0 Role: 3
0 121 27 0 Role: 3
0 112 84 0 Role: 3
0 1 38 100 0 Role: 4
0 193 179 195 0 Role: 4
0 109 191 0 Role: 4
0 108 0 Role: 4
0 19 0 Role: 4
0 99 0 Role: 4
0 129 158 0 Role: 5
0 144 0 Role: 5
0 132 0 Role: 5
0 97 127 18 164 0 Role: 6
0 17 29 48 0 Role: 7
0 66 102 0 Role: 7
0 49 0 Role: 7
0 11 116 0 Role: 8
0 69 0 Role: 8
0 134 7 187 0 Role: 8
0 169 0 Role: 8
0 199 0 Role: 8
0 4 0 Role: 9
0 114 0 Role: 10
0 142 0 Role: 10
0 166 0 Role: 10
0 39 0 Role: 11

Số khách: 90
Chi phí: 8.77386e+06
0 192 92 40 0 Role: 0
0 99 0 Role: 1
0 27 123 100 0 Role: 1
0 47 178 25 0 Role: 1
0 81 5 31 73 157 0 Role: 1
0 155 200 0 Role: 1
0 193 10 32 0 Role: 1
0 78 0 Role: 1
0 141 103 0 Role: 1
0 19 160 0 Role: 1
0 134 23 95 0 Role: 2
0 114 167 0 Role: 3
0 169 65 57 43 154 0 Role: 3
0 113 104 152 0 Role: 3
0 101 183 164 0 Role: 4
0 66 0 Role: 4
0 49 0 Role: 4
0 72 109 168 0 Role: 4
0 184 189 0 Role: 4
0 121 191 0 Role: 4
0 70 0 Role: 4
0 35 180 0 Role: 4
0 17 0 Role: 5
0 4 188 116 97 9 0 Role: 6
0 48 0 Role: 6
0 186 0 Role: 6
0 29 195 0 Role: 7
0 108 0 Role: 7
0 84 112 0 Role: 7
0 63 0 Role: 7
0 140 0 Role: 7
0 38 0 Role: 8
0 11 179 69 0 Role: 8
0 199 187 0 Role: 8
0 158 18 132 0 Role: 8
0 102 0 Role: 8
0 39 129 0 Role: 9
0 33 90 80 0 Role: 10
0 1 0 Role: 10
0 144 0 Role: 10
0 127 0 Role: 11
0 142 0 Role: 11
0 166 42 0 Role: 11
0 7 0 Role: 12

Số khách: 89
Chi phí: 8.68502e+06
0 186 169 58 59 0 Role: 0
0 127 0 Role: 1
0 66 104 0 Role: 1
0 73 113 178 0 Role: 1
0 123 78 191 0 Role: 1
0 23 109 0 Role: 1
0 25 35 0 Role: 1
0 144 57 32 154 0 Role: 2
0 29 140 31 155 0 Role: 3
0 157 103 180 0 Role: 3
0 121 193 0 Role: 3
0 10 0 Role: 3
0 47 19 0 Role: 3
0 188 114 100 0 Role: 4
0 69 72 38 0 Role: 5
0 167 200 95 9 0 Role: 5
0 101 0 Role: 5
0 141 0 Role: 5
0 112 0 Role: 5
0 49 0 Role: 5
0 160 70 0 Role: 5
0 81 5 0 Role: 5
0 152 189 183 0 Role: 5
0 80 1 0 Role: 6
0 63 102 0 Role: 6
0 43 65 168 0 Role: 6
0 184 0 Role: 6
0 108 0 Role: 6
0 27 0 Role: 6
0 99 0 Role: 6
0 90 0 Role: 7
0 84 0 Role: 7
0 179 18 0 Role: 7
0 48 195 0 Role: 7
0 199 0 Role: 7
0 164 0 Role: 7
0 33 0 Role: 8
0 134 17 0 Role: 9
0 187 132 158 0 Role: 9
0 4 11 0 Role: 10
0 116 97 129 0 Role: 10
0 7 142 0 Role: 11
0 42 166 0 Role: 11
0 39 0 Role: 12

