Số khách: 100
Chi phí: 1.61283e+07
0 40 45 58 15 16 20 26 31 34 38 44 59 70 77 79 83 86 96 99 0 Role: 0
0 53 73 81 85 1 3 5 6 8 9 12 17 22 25 42 54 55 60 62 69 80 90 91 98 0 Role: 0
0 11 28 0 Role: 0
0 43 76 0 Role: 0
0 74 84 0 Role: 1
0 46 2 57 50 0 Role: 1
0 56 82 0 Role: 1
0 33 0 Role: 2
0 89 0 Role: 2
0 95 0 Role: 2
0 13 72 0 Role: 3
0 68 97 0 Role: 3
0 88 78 0 Role: 3
0 37 93 94 66 35 0 Role: 4
0 19 52 0 Role: 4
0 39 0 Role: 4
0 71 36 0 Role: 4
0 18 64 0 Role: 4
0 92 41 75 0 Role: 4
0 10 7 0 Role: 4
0 65 51 0 Role: 5
0 32 29 27 63 0 Role: 5
0 21 48 49 0 Role: 5
0 100 0 Role: 5
0 87 0 Role: 5
0 67 0 Role: 5
0 4 0 Role: 5
0 23 24 30 61 0 Role: 6
0 47 14 0 Role: 6

Số khách: 18
Chi phí: 3.57448e+06
0 31 71 18 25 42 55 86 98 4 17 22 37 54 7 60 0 Role: 0
0 2 10 14 0 Role: 1

Số khách: 97
Chi phí: 1.37673e+07
0 53 85 1 3 5 8 9 12 16 17 22 25 34 38 42 54 55 60 62 69 90 91 0 Role: 0
0 11 28 40 45 58 15 20 26 31 44 51 59 70 77 79 83 86 96 98 99 0 Role: 0
0 24 89 0 Role: 1
0 23 65 74 0 Role: 2
0 47 0 Role: 2
0 61 50 35 32 66 0 Role: 3
0 68 97 0 Role: 4
0 84 56 95 0 Role: 5
0 78 88 0 Role: 5
0 33 94 0 Role: 5
0 18 6 0 Role: 5
0 52 0 Role: 5
0 2 46 57 14 0 Role: 6
0 73 30 0 Role: 7
0 82 81 0 Role: 7
0 72 29 13 0 Role: 7
0 48 49 21 0 Role: 7
0 39 0 Role: 7
0 100 0 Role: 7
0 80 71 64 93 0 Role: 8
0 7 0 Role: 8
0 67 75 37 0 Role: 8
0 92 0 Role: 8
0 10 0 Role: 8
0 36 27 63 0 Role: 8
0 87 41 0 Role: 8
0 4 0 Role: 8

Số khách: 98
Chi phí: 1.45886e+07
0 40 45 58 43 0 Role: 0
0 53 73 81 85 1 3 5 6 8 9 12 17 22 25 42 54 55 60 62 69 80 90 91 98 0 Role: 0
0 11 15 16 20 26 31 34 38 44 59 70 77 79 83 86 96 99 0 Role: 0
0 74 84 0 Role: 1
0 46 2 57 50 0 Role: 1
0 56 82 0 Role: 1
0 37 93 94 66 35 0 Role: 2
0 19 52 0 Role: 2
0 39 0 Role: 2
0 71 36 0 Role: 2
0 18 64 0 Role: 2
0 92 41 75 0 Role: 2
0 10 7 0 Role: 2
0 33 0 Role: 3
0 89 0 Role: 3
0 95 0 Role: 3
0 65 51 0 Role: 4
0 32 29 27 63 0 Role: 4
0 21 48 49 0 Role: 4
0 100 0 Role: 4
0 87 0 Role: 4
0 67 0 Role: 4
0 4 0 Role: 4
0 23 24 30 61 0 Role: 5
0 47 14 0 Role: 5
0 13 72 0 Role: 6
0 68 97 0 Role: 6
0 88 78 0 Role: 6

Số khách: 29
Chi phí: 3.99652e+06
0 77 31 71 18 25 42 86 98 4 5 17 22 27 37 54 7 0 Role: 0
0 6 13 19 61 14 0 Role: 1
0 32 41 51 0 Role: 1
0 29 35 36 66 75 0 Role: 1

Số khách: 83
Chi phí: 1.01936e+07
0 11 15 20 31 43 44 59 70 77 79 83 86 96 98 99 1 3 5 17 22 25 54 60 62 69 90 0 Role: 0
0 61 50 35 32 66 0 Role: 1
0 80 71 64 93 0 Role: 2
0 7 0 Role: 2
0 67 75 37 0 Role: 2
0 92 48 0 Role: 2
0 10 0 Role: 2
0 19 36 27 63 0 Role: 2
0 87 41 0 Role: 2
0 4 0 Role: 2
0 2 46 57 14 0 Role: 3
0 68 97 0 Role: 4
0 23 65 74 0 Role: 5
0 47 0 Role: 5
0 84 56 95 0 Role: 6
0 78 88 0 Role: 6
0 33 94 0 Role: 6
0 18 6 0 Role: 6
0 52 0 Role: 6
0 24 0 Role: 7
0 73 30 0 Role: 8
0 82 81 0 Role: 8
0 72 29 13 0 Role: 8
0 49 21 0 Role: 8
0 39 0 Role: 8
0 100 0 Role: 8
0 51 89 0 Role: 9

Số khách: 92
Chi phí: 1.25862e+07
0 40 45 58 15 16 20 26 31 34 38 44 59 70 77 79 83 86 96 99 0 Role: 0
0 53 73 81 85 1 3 5 6 8 9 12 17 22 25 42 54 55 60 62 69 80 90 91 98 0 Role: 0
0 23 24 30 61 0 Role: 1
0 47 14 0 Role: 1
0 65 51 0 Role: 2
0 32 29 27 63 0 Role: 2
0 21 48 49 0 Role: 2
0 100 0 Role: 2
0 87 0 Role: 2
0 67 0 Role: 2
0 4 0 Role: 2
0 13 72 0 Role: 3
0 68 97 0 Role: 3
0 88 78 0 Role: 3
0 74 84 0 Role: 4
0 46 2 57 50 0 Role: 4
0 56 82 0 Role: 4
0 37 93 94 66 35 0 Role: 5
0 19 52 0 Role: 5
0 39 0 Role: 5
0 71 36 0 Role: 5
0 18 64 0 Role: 5
0 92 41 0 Role: 5
0 10 7 0 Role: 5

Số khách: 86
Chi phí: 1.13716e+07
0 11 15 16 20 1 3 5 6 14 17 22 25 34 35 38 42 54 55 60 62 69 90 91 0 Role: 0
0 8 9 12 26 33 44 70 79 83 86 96 98 99 0 Role: 0
0 65 51 50 0 Role: 1
0 32 29 27 63 0 Role: 1
0 21 48 49 0 Role: 1
0 100 0 Role: 1
0 87 0 Role: 1
0 67 0 Role: 1
0 4 0 Role: 1
0 37 93 94 66 0 Role: 2
0 19 52 0 Role: 2
0 39 0 Role: 2
0 71 80 36 0 Role: 2
0 18 64 0 Role: 2
0 92 41 75 0 Role: 2
0 10 7 0 Role: 2
0 13 30 61 0 Role: 3
0 68 97 0 Role: 3
0 88 78 0 Role: 3
0 74 84 0 Role: 4
0 46 2 57 72 0 Role: 4
0 56 82 0 Role: 4
0 23 24 0 Role: 5
0 47 81 0 Role: 5

Số khách: 89
Chi phí: 1.22212e+07
0 40 45 58 14 16 26 34 38 70 79 83 86 96 99 0 Role: 0
0 53 73 81 85 1 3 5 6 8 9 12 17 22 25 42 54 55 60 62 69 80 90 91 98 0 Role: 0
0 74 84 0 Role: 1
0 46 2 57 50 30 0 Role: 1
0 56 82 0 Role: 1
0 33 0 Role: 2
0 89 0 Role: 2
0 95 0 Role: 2
0 65 51 0 Role: 3
0 32 29 27 63 0 Role: 3
0 21 48 49 0 Role: 3
0 100 0 Role: 3
0 87 0 Role: 3
0 67 0 Role: 3
0 4 0 Role: 3
0 13 72 0 Role: 4
0 68 97 0 Role: 4
0 88 78 0 Role: 4
0 37 93 94 66 35 0 Role: 5
0 19 52 0 Role: 5
0 39 0 Role: 5
0 71 36 0 Role: 5
0 18 64 0 Role: 5
0 92 41 75 0 Role: 5
0 10 7 0 Role: 5
0 23 24 61 0 Role: 6

Số khách: 20
Chi phí: 3.88897e+06
0 31 71 18 25 42 55 86 4 17 22 27 37 54 7 60 69 90 0 Role: 0
0 2 10 14 0 Role: 1

Số khách: 51
Chi phí: 5.72377e+06
0 44 1 3 5 8 9 12 17 22 25 34 54 55 60 62 69 90 91 7 10 49 63 80 0 Role: 0
0 13 27 6 67 66 35 0 Role: 1
0 14 29 72 19 61 0 Role: 1
0 4 89 71 75 0 Role: 1
0 39 92 37 0 Role: 1
0 2 21 24 30 0 Role: 2
0 18 23 36 0 Role: 2
0 32 33 64 0 Role: 2

Số khách: 84
Chi phí: 1.10101e+07
0 11 15 16 20 26 31 33 38 1 3 5 12 17 22 25 42 54 55 60 62 69 90 91 0 Role: 0
0 8 9 34 44 48 83 86 96 98 0 Role: 0
0 24 57 47 81 0 Role: 1
0 46 82 0 Role: 1
0 36 94 97 0 Role: 2
0 61 0 Role: 2
0 52 0 Role: 2
0 19 10 0 Role: 2
0 18 64 0 Role: 2
0 80 0 Role: 2
0 7 0 Role: 2
0 49 0 Role: 2
0 63 0 Role: 2
0 87 41 0 Role: 2
0 100 0 Role: 2
0 23 65 74 0 Role: 3
0 78 2 50 30 0 Role: 4
0 21 56 95 0 Role: 4
0 93 51 32 0 Role: 4
0 13 27 6 67 66 35 0 Role: 5
0 14 29 72 0 Role: 5
0 4 89 71 75 0 Role: 5
0 39 92 37 0 Role: 5
0 68 0 Role: 6

Số khách: 80
Chi phí: 9.46032e+06
0 11 15 20 31 43 44 59 70 77 79 83 86 96 98 99 1 3 5 17 22 25 54 60 62 69 90 0 Role: 0
0 23 65 74 0 Role: 1
0 47 14 0 Role: 1
0 51 89 0 Role: 2
0 84 56 95 0 Role: 3
0 78 88 0 Role: 3
0 33 94 0 Role: 3
0 18 6 0 Role: 3
0 52 0 Role: 3
0 61 50 35 32 66 0 Role: 4
0 24 2 46 57 0 Role: 5
0 73 30 0 Role: 6
0 82 81 0 Role: 6
0 72 29 13 0 Role: 6
0 49 21 48 0 Role: 6
0 39 0 Role: 6
0 100 0 Role: 6
0 80 71 64 93 0 Role: 7
0 7 0 Role: 7
0 67 75 37 0 Role: 7
0 92 0 Role: 7
0 10 0 Role: 7
0 19 36 27 0 Role: 7
0 87 41 0 Role: 7
0 4 0 Role: 7

Số khách: 57
Chi phí: 5.97221e+06
0 64 0 Role: 0
0 41 87 95 0 Role: 1
0 49 75 35 0 Role: 1
0 21 24 30 37 0 Role: 2
0 71 0 Role: 2
0 93 67 0 Role: 2
0 48 92 0 Role: 2
0 63 19 7 0 Role: 2
0 4 0 Role: 2
0 80 36 0 Role: 2
0 10 100 0 Role: 2
0 27 0 Role: 2
0 39 0 Role: 2
0 73 50 0 Role: 3
0 18 13 14 0 Role: 3
0 32 33 0 Role: 3
0 89 94 66 0 Role: 3
0 74 68 65 0 Role: 4
0 51 61 0 Role: 4
0 6 29 0 Role: 5
0 52 0 Role: 5
0 84 0 Role: 6
0 82 72 0 Role: 7
0 97 0 Role: 7
0 88 78 0 Role: 7
0 81 2 57 46 0 Role: 8
0 47 0 Role: 8
0 56 0 Role: 8
0 23 0 Role: 8

Số khách: 59
Chi phí: 5.97942e+06
0 32 31 51 5 0 Role: 0
0 14 19 75 36 66 0 Role: 1
0 64 80 94 0 Role: 1
0 89 71 0 Role: 1
0 37 92 41 35 0 Role: 1
0 7 49 21 0 Role: 1
0 48 0 Role: 1
0 63 0 Role: 1
0 67 27 0 Role: 1
0 87 50 30 0 Role: 2
0 100 10 0 Role: 2
0 33 18 0 Role: 3
0 39 0 Role: 3
0 52 0 Role: 3
0 4 0 Role: 3
0 82 0 Role: 4
0 13 29 93 0 Role: 4
0 47 46 57 0 Role: 5
0 6 61 0 Role: 5
0 95 0 Role: 5
0 72 65 0 Role: 6
0 81 78 88 0 Role: 6
0 73 0 Role: 6
0 56 0 Role: 6
0 97 68 0 Role: 6
0 84 24 0 Role: 7
0 2 0 Role: 7
0 23 0 Role: 7
0 74 0 Role: 7

Số khách: 61
Chi phí: 6.56965e+06
0 21 85 71 1 3 5 17 22 25 42 54 60 62 69 90 91 0 Role: 0
0 89 97 35 0 Role: 1
0 6 93 0 Role: 1
0 18 94 0 Role: 1
0 52 0 Role: 1
0 48 0 Role: 1
0 81 24 57 46 30 0 Role: 2
0 2 14 32 0 Role: 2
0 64 4 51 37 0 Role: 3
0 66 100 7 0 Role: 3
0 10 75 0 Role: 3
0 63 36 19 0 Role: 3
0 67 27 0 Role: 3
0 41 92 87 0 Role: 3
0 80 0 Role: 3
0 49 0 Role: 3
0 39 0 Role: 3
0 65 74 23 0 Role: 4
0 73 50 0 Role: 4
0 13 29 61 0 Role: 5

Số khách: 79
Chi phí: 9.1825e+06
0 53 85 1 3 5 8 9 12 16 17 22 25 34 38 42 54 55 60 62 69 90 91 0 Role: 0
0 23 65 74 0 Role: 1
0 47 0 Role: 1
0 61 50 35 32 66 0 Role: 2
0 73 30 0 Role: 3
0 82 81 0 Role: 3
0 72 29 13 0 Role: 3
0 48 49 21 0 Role: 3
0 39 0 Role: 3
0 100 0 Role: 3
0 2 46 57 14 0 Role: 4
0 68 97 0 Role: 5
0 80 71 64 93 0 Role: 6
0 7 19 0 Role: 6
0 67 75 37 0 Role: 6
0 92 0 Role: 6
0 10 0 Role: 6
0 36 27 63 0 Role: 6
0 87 41 0 Role: 6
0 4 0 Role: 6
0 24 51 89 0 Role: 7
0 84 56 95 0 Role: 8
0 78 88 0 Role: 8
0 33 94 0 Role: 8
0 18 6 0 Role: 8
0 52 0 Role: 8

Số khách: 71
Chi phí: 7.37708e+06
0 11 15 16 20 26 31 33 38 1 3 5 12 17 22 25 42 54 55 60 62 69 90 91 0 Role: 0
0 36 94 97 0 Role: 1
0 61 0 Role: 1
0 52 0 Role: 1
0 19 10 0 Role: 1
0 18 64 0 Role: 1
0 80 0 Role: 1
0 7 0 Role: 1
0 49 0 Role: 1
0 63 0 Role: 1
0 87 41 0 Role: 1
0 100 0 Role: 1
0 13 27 6 67 66 35 0 Role: 2
0 14 29 72 0 Role: 2
0 4 89 71 75 0 Role: 2
0 39 92 37 0 Role: 2
0 24 57 47 81 0 Role: 3
0 46 82 0 Role: 3
0 78 2 50 30 0 Role: 4
0 21 56 95 0 Role: 4
0 93 51 32 0 Role: 4

Số khách: 45
Chi phí: 5.16507e+06
0 44 1 3 5 8 9 12 17 22 25 34 54 55 60 62 69 90 91 7 10 0 Role: 0
0 13 27 6 67 66 35 0 Role: 1
0 14 29 72 19 61 0 Role: 1
0 4 89 71 75 0 Role: 1
0 39 92 37 0 Role: 1
0 24 57 47 81 0 Role: 2
0 46 82 32 0 Role: 2

Số khách: 32
Chi phí: 4.27409e+06
0 77 31 71 18 86 98 4 5 17 22 27 37 54 7 10 39 69 90 80 0 Role: 0
0 6 13 19 61 14 0 Role: 1
0 32 51 41 0 Role: 1
0 29 35 36 66 75 0 Role: 1

Số khách: 78
Chi phí: 8.69061e+06
0 8 97 26 1 3 5 9 12 16 17 22 25 34 38 42 54 55 60 62 69 90 91 0 Role: 0
0 61 50 35 32 66 0 Role: 1
0 80 71 64 93 0 Role: 2
0 7 0 Role: 2
0 67 75 37 0 Role: 2
0 92 0 Role: 2
0 10 0 Role: 2
0 19 36 27 63 0 Role: 2
0 87 41 0 Role: 2
0 4 0 Role: 2
0 23 65 74 0 Role: 3
0 47 46 57 0 Role: 3
0 73 30 0 Role: 4
0 82 81 0 Role: 4
0 72 29 13 14 0 Role: 4
0 48 49 21 0 Role: 4
0 39 0 Role: 4
0 100 0 Role: 4
0 24 51 89 0 Role: 5
0 84 56 95 0 Role: 6
0 78 88 0 Role: 6
0 33 94 0 Role: 6
0 18 6 0 Role: 6
0 52 0 Role: 6
0 2 0 Role: 7
0 68 0 Role: 7

Số khách: 73
Chi phí: 7.74895e+06
0 11 15 16 20 26 31 33 38 1 3 5 12 17 22 25 42 54 55 60 62 69 90 91 0 Role: 0
0 78 2 50 30 0 Role: 1
0 21 56 95 0 Role: 1
0 93 51 32 0 Role: 1
0 24 57 47 81 0 Role: 2
0 46 82 0 Role: 2
0 13 27 6 67 66 35 0 Role: 3
0 14 29 72 0 Role: 3
0 4 89 71 75 0 Role: 3
0 39 92 37 0 Role: 3
0 36 94 97 0 Role: 4
0 61 0 Role: 4
0 52 0 Role: 4
0 19 10 0 Role: 4
0 18 64 0 Role: 4
0 80 0 Role: 4
0 7 0 Role: 4
0 49 0 Role: 4
0 63 0 Role: 4
0 87 41 0 Role: 4
0 100 0 Role: 4
0 23 65 0 Role: 5

Số khách: 77
Chi phí: 8.6347e+06
0 64 1 3 5 6 8 9 12 16 17 22 25 34 35 38 41 42 49 54 55 60 62 69 90 91 0 Role: 0
0 73 50 0 Role: 1
0 18 13 14 0 Role: 1
0 32 33 0 Role: 1
0 89 94 66 0 Role: 1
0 21 24 30 37 0 Role: 2
0 71 0 Role: 2
0 93 67 0 Role: 2
0 48 92 0 Role: 2
0 63 19 7 0 Role: 2
0 4 0 Role: 2
0 80 36 0 Role: 2
0 10 100 0 Role: 2
0 27 0 Role: 2
0 39 0 Role: 2
0 81 2 57 46 75 0 Role: 3
0 47 0 Role: 3
0 56 87 0 Role: 3
0 23 29 61 65 0 Role: 3
0 51 95 0 Role: 4
0 82 72 0 Role: 5
0 97 68 0 Role: 5
0 88 78 52 0 Role: 5
0 74 84 0 Role: 6

Số khách: 42
Chi phí: 4.9821e+06
0 21 85 71 1 3 5 17 22 25 42 54 60 62 69 90 91 0 Role: 0
0 64 4 51 37 0 Role: 1
0 66 100 7 0 Role: 1
0 10 75 0 Role: 1
0 63 36 19 0 Role: 1
0 67 27 0 Role: 1
0 41 92 87 0 Role: 1
0 80 0 Role: 1
0 49 0 Role: 1
0 39 0 Role: 1
0 2 14 32 35 0 Role: 2
0 6 18 0 Role: 2

Số khách: 91
Chi phí: 1.254e+07
0 8 97 26 1 3 5 9 12 16 17 22 25 34 38 42 54 55 60 62 69 90 91 0 Role: 0
0 11 15 20 31 43 44 59 70 77 79 83 86 96 98 99 0 Role: 0
0 2 46 57 14 0 Role: 1
0 80 71 64 93 0 Role: 2
0 7 0 Role: 2
0 67 75 37 0 Role: 2
0 92 0 Role: 2
0 10 0 Role: 2
0 19 36 27 63 0 Role: 2
0 87 41 0 Role: 2
0 4 0 Role: 2
0 73 30 0 Role: 3
0 82 81 0 Role: 3
0 72 29 13 0 Role: 3
0 49 21 0 Role: 3
0 39 0 Role: 3
0 100 0 Role: 3
0 24 0 Role: 4
0 61 50 35 32 66 0 Role: 5
0 23 65 74 0 Role: 6
0 47 0 Role: 6
0 84 56 95 0 Role: 7
0 78 88 0 Role: 7
0 33 94 0 Role: 7
0 18 6 0 Role: 7
0 52 0 Role: 7
0 51 89 0 Role: 8

Số khách: 35
Chi phí: 4.37301e+06
0 21 85 71 1 3 5 17 22 25 42 54 60 62 69 91 90 0 Role: 0
0 64 4 51 37 0 Role: 1
0 66 7 0 Role: 1
0 10 75 0 Role: 1
0 63 36 19 0 Role: 1
0 67 27 0 Role: 1
0 41 92 87 0 Role: 1
0 80 0 Role: 1
0 49 0 Role: 1
0 39 0 Role: 1

Số khách: 37
Chi phí: 4.48831e+06
0 21 85 71 1 3 5 17 22 25 42 54 60 62 69 90 91 0 Role: 0
0 4 51 37 35 0 Role: 1
0 66 100 7 0 Role: 1
0 10 75 0 Role: 1
0 63 36 19 0 Role: 1
0 67 27 0 Role: 1
0 41 92 87 0 Role: 1
0 80 64 0 Role: 1
0 49 0 Role: 1
0 39 0 Role: 1

Số khách: 76
Chi phí: 8.15915e+06
0 11 15 16 20 26 31 33 38 1 3 5 12 17 22 25 42 54 55 60 62 69 90 91 0 Role: 0
0 84 48 0 Role: 1
0 13 27 6 67 66 35 0 Role: 2
0 14 29 72 0 Role: 2
0 4 89 71 75 0 Role: 2
0 39 92 37 0 Role: 2
0 23 65 74 0 Role: 3
0 24 57 47 81 0 Role: 4
0 46 82 0 Role: 4
0 36 94 97 0 Role: 5
0 61 0 Role: 5
0 52 0 Role: 5
0 19 10 0 Role: 5
0 18 64 0 Role: 5
0 80 0 Role: 5
0 7 0 Role: 5
0 49 0 Role: 5
0 63 0 Role: 5
0 87 41 0 Role: 5
0 100 0 Role: 5
0 78 2 50 30 0 Role: 6
0 21 56 95 0 Role: 6
0 93 51 32 0 Role: 6

Số khách: 66
Chi phí: 7.07404e+06
0 11 15 16 20 26 31 33 38 1 3 5 12 17 22 25 42 54 55 60 62 69 90 91 0 Role: 0
0 36 94 97 32 0 Role: 1
0 61 21 0 Role: 1
0 52 0 Role: 1
0 19 10 0 Role: 1
0 18 64 0 Role: 1
0 80 0 Role: 1
0 7 0 Role: 1
0 49 0 Role: 1
0 63 0 Role: 1
0 87 41 0 Role: 1
0 100 0 Role: 1
0 13 27 6 67 66 35 0 Role: 2
0 14 29 72 0 Role: 2
0 4 89 71 75 0 Role: 2
0 39 92 37 0 Role: 2
0 2 24 30 0 Role: 3
0 23 50 0 Role: 3
0 46 0 Role: 3
0 47 57 0 Role: 3
0 48 0 Role: 3

Số khách: 63
Chi phí: 6.99104e+06
0 21 85 71 1 3 5 17 22 25 42 54 60 62 69 90 91 0 Role: 0
0 13 29 61 72 0 Role: 1
0 81 24 57 46 30 0 Role: 2
0 2 14 32 0 Role: 2
0 65 74 23 0 Role: 3
0 73 50 0 Role: 3
0 64 4 51 37 0 Role: 4
0 66 100 7 0 Role: 4
0 10 75 0 Role: 4
0 63 36 19 0 Role: 4
0 67 27 0 Role: 4
0 41 92 87 0 Role: 4
0 80 0 Role: 4
0 49 0 Role: 4
0 39 0 Role: 4
0 89 97 35 0 Role: 5
0 6 93 0 Role: 5
0 18 94 0 Role: 5
0 52 0 Role: 5
0 48 0 Role: 5
0 33 0 Role: 6

Số khách: 38
Chi phí: 4.70734e+06
0 77 31 71 25 42 55 86 98 4 5 17 22 27 37 54 7 0 Role: 0
0 6 13 19 61 14 0 Role: 1
0 32 41 51 0 Role: 1
0 29 35 36 66 75 0 Role: 1
0 2 10 21 50 0 Role: 2
0 33 64 0 Role: 2
0 39 87 92 0 Role: 2

Số khách: 49
Chi phí: 5.53237e+06
0 21 85 71 1 3 5 17 22 25 54 60 62 69 90 91 0 Role: 0
0 13 29 30 50 14 0 Role: 1
0 33 93 35 0 Role: 1
0 4 51 37 0 Role: 2
0 66 100 7 0 Role: 2
0 10 75 0 Role: 2
0 63 36 19 0 Role: 2
0 67 27 0 Role: 2
0 41 92 87 0 Role: 2
0 80 64 0 Role: 2
0 49 0 Role: 2
0 39 0 Role: 2
0 2 24 32 0 Role: 3
0 6 18 0 Role: 3
0 48 0 Role: 3

Số khách: 62
Chi phí: 6.60394e+06
0 21 85 71 1 3 5 17 22 25 42 54 60 62 69 90 91 0 Role: 0
0 65 74 23 0 Role: 1
0 73 50 0 Role: 1
0 13 29 61 72 0 Role: 2
0 81 24 57 46 30 0 Role: 3
0 2 14 32 0 Role: 3
0 89 97 35 0 Role: 4
0 6 93 0 Role: 4
0 18 94 0 Role: 4
0 52 0 Role: 4
0 48 0 Role: 4
0 64 4 51 37 0 Role: 5
0 66 100 7 0 Role: 5
0 10 75 0 Role: 5
0 63 36 19 0 Role: 5
0 67 27 0 Role: 5
0 41 92 87 0 Role: 5
0 80 0 Role: 5
0 49 0 Role: 5
0 39 0 Role: 5

Số khách: 74
Chi phí: 7.76645e+06
0 11 15 16 20 26 31 33 38 1 3 5 12 17 22 25 42 54 55 60 62 69 90 91 0 Role: 0
0 78 2 50 30 0 Role: 1
0 21 56 95 0 Role: 1
0 93 51 32 0 Role: 1
0 13 27 6 67 66 35 0 Role: 2
0 14 29 72 0 Role: 2
0 4 89 71 75 0 Role: 2
0 39 92 37 0 Role: 2
0 36 94 97 0 Role: 3
0 61 0 Role: 3
0 52 0 Role: 3
0 19 10 0 Role: 3
0 18 64 0 Role: 3
0 80 0 Role: 3
0 7 0 Role: 3
0 49 0 Role: 3
0 63 0 Role: 3
0 87 41 0 Role: 3
0 100 0 Role: 3
0 24 57 47 81 0 Role: 4
0 46 82 0 Role: 4
0 23 65 74 0 Role: 5

Số khách: 68
Chi phí: 7.23587e+06
0 8 9 12 1 3 5 6 17 22 25 42 54 55 60 62 69 90 91 0 Role: 0
0 23 24 30 61 0 Role: 1
0 14 0 Role: 1
0 13 72 0 Role: 2
0 68 97 0 Role: 2
0 88 78 0 Role: 2
0 65 51 0 Role: 3
0 32 29 27 63 0 Role: 3
0 21 48 49 0 Role: 3
0 100 0 Role: 3
0 87 0 Role: 3
0 67 0 Role: 3
0 4 0 Role: 3
0 37 93 94 66 35 0 Role: 4
0 19 52 0 Role: 4
0 39 0 Role: 4
0 71 80 36 0 Role: 4
0 18 64 0 Role: 4
0 92 41 75 0 Role: 4
0 10 7 0 Role: 4
0 74 84 0 Role: 5
0 46 2 57 50 0 Role: 5
0 56 82 0 Role: 5

Số khách: 75
Chi phí: 8.15737e+06
0 11 15 16 20 26 31 33 38 1 3 5 12 17 22 25 42 54 55 60 62 69 90 91 0 Role: 0
0 78 2 50 30 0 Role: 1
0 21 56 95 0 Role: 1
0 93 51 32 0 Role: 1
0 23 65 74 0 Role: 2
0 36 94 97 0 Role: 3
0 61 0 Role: 3
0 52 0 Role: 3
0 19 10 0 Role: 3
0 18 64 0 Role: 3
0 80 0 Role: 3
0 7 0 Role: 3
0 49 0 Role: 3
0 63 0 Role: 3
0 87 41 0 Role: 3
0 100 0 Role: 3
0 13 27 6 67 66 35 0 Role: 4
0 14 29 72 0 Role: 4
0 4 89 71 75 0 Role: 4
0 39 92 37 0 Role: 4
0 24 46 47 0 Role: 5
0 48 0 Role: 5
0 57 81 82 0 Role: 6

Số khách: 19
Chi phí: 3.71509e+06
0 31 71 18 25 42 55 86 4 17 22 27 54 7 60 69 90 0 Role: 0
0 2 10 14 0 Role: 1

Số khách: 69
Chi phí: 7.32687e+06
0 8 9 12 1 3 5 6 17 22 25 42 54 55 60 62 69 90 91 0 Role: 0
0 37 93 94 66 35 0 Role: 1
0 19 52 0 Role: 1
0 39 0 Role: 1
0 71 80 36 0 Role: 1
0 18 64 0 Role: 1
0 92 41 75 0 Role: 1
0 10 7 0 Role: 1
0 23 24 30 61 0 Role: 2
0 47 14 0 Role: 2
0 74 84 0 Role: 3
0 46 2 57 50 0 Role: 3
0 56 82 0 Role: 3
0 65 51 0 Role: 4
0 32 29 27 63 0 Role: 4
0 21 48 49 0 Role: 4
0 100 0 Role: 4
0 87 0 Role: 4
0 67 0 Role: 4
0 4 0 Role: 4
0 13 72 0 Role: 5
0 68 97 0 Role: 5
0 88 78 0 Role: 5

Số khách: 33
Chi phí: 4.2949e+06
0 77 31 71 18 86 98 4 5 17 22 27 37 54 7 10 39 60 69 90 80 0 Role: 0
0 6 13 19 61 14 0 Role: 1
0 32 51 41 0 Role: 1
0 29 35 36 66 75 0 Role: 1

Số khách: 64
Chi phí: 7.07099e+06
0 21 85 71 1 3 5 17 22 25 42 54 60 62 69 90 91 0 Role: 0
0 89 97 35 0 Role: 1
0 6 93 0 Role: 1
0 18 94 0 Role: 1
0 52 0 Role: 1
0 48 0 Role: 1
0 81 24 57 46 30 0 Role: 2
0 2 14 32 0 Role: 2
0 64 4 51 37 0 Role: 3
0 66 100 7 0 Role: 3
0 10 75 0 Role: 3
0 63 36 19 0 Role: 3
0 67 27 0 Role: 3
0 41 92 87 0 Role: 3
0 80 0 Role: 3
0 49 0 Role: 3
0 39 0 Role: 3
0 65 74 23 0 Role: 4
0 73 50 0 Role: 4
0 13 29 61 72 0 Role: 5
0 33 0 Role: 6
0 95 0 Role: 6

Số khách: 39
Chi phí: 4.91475e+06
0 77 31 71 18 67 42 55 86 98 4 5 17 22 27 37 54 7 0 Role: 0
0 2 24 30 72 0 Role: 1
0 6 13 29 61 0 Role: 1
0 32 33 35 66 0 Role: 1
0 74 19 14 0 Role: 2
0 100 75 0 Role: 2
0 63 36 0 Role: 2
0 10 21 49 0 Role: 2

Số khách: 46
Chi phí: 5.35324e+06
0 21 85 71 1 3 5 17 22 25 42 54 60 62 69 90 91 0 Role: 0
0 13 29 61 14 32 35 0 Role: 1
0 64 4 51 37 0 Role: 2
0 66 100 7 0 Role: 2
0 10 0 Role: 2
0 63 36 19 0 Role: 2
0 67 27 0 Role: 2
0 41 92 87 0 Role: 2
0 80 0 Role: 2
0 49 0 Role: 2
0 39 0 Role: 2
0 65 74 23 0 Role: 3
0 73 50 0 Role: 3

Số khách: 48
Chi phí: 5.45136e+06
0 21 85 71 1 3 5 17 22 25 42 54 60 62 69 90 91 0 Role: 0
0 2 14 32 35 0 Role: 1
0 6 18 0 Role: 1
0 4 51 37 0 Role: 2
0 66 100 7 0 Role: 2
0 10 75 0 Role: 2
0 63 36 19 0 Role: 2
0 67 27 0 Role: 2
0 41 92 87 0 Role: 2
0 80 64 0 Role: 2
0 49 0 Role: 2
0 39 0 Role: 2
0 13 29 30 50 0 Role: 3
0 33 93 0 Role: 3

Số khách: 47
Chi phí: 5.36772e+06
0 21 85 71 1 3 5 17 22 25 42 54 60 62 69 90 91 0 Role: 0
0 13 29 61 14 32 35 75 0 Role: 1
0 65 74 23 0 Role: 2
0 73 50 0 Role: 2
0 64 4 51 37 0 Role: 3
0 66 100 7 0 Role: 3
0 10 0 Role: 3
0 63 36 19 0 Role: 3
0 67 27 0 Role: 3
0 41 92 87 0 Role: 3
0 80 0 Role: 3
0 49 0 Role: 3
0 39 0 Role: 3

Số khách: 41
Chi phí: 4.95187e+06
0 21 85 71 1 3 5 17 22 25 42 54 60 62 69 90 91 7 27 0 Role: 0
0 89 97 35 66 0 Role: 1
0 6 93 0 Role: 1
0 18 94 36 0 Role: 1
0 52 10 37 75 0 Role: 1
0 48 49 0 Role: 1
0 81 24 57 46 30 0 Role: 2
0 2 14 32 0 Role: 2

Số khách: 40
Chi phí: 4.92477e+06
0 21 85 71 1 5 17 22 25 42 54 60 62 69 90 91 0 Role: 0
0 65 74 23 0 Role: 1
0 73 50 75 0 Role: 1
0 64 4 51 37 0 Role: 2
0 66 100 7 0 Role: 2
0 10 0 Role: 2
0 63 36 19 0 Role: 2
0 67 27 0 Role: 2
0 41 92 87 0 Role: 2
0 80 0 Role: 2
0 49 0 Role: 2
0 39 0 Role: 2

Số khách: 22
Chi phí: 3.37892e+06
0 7 41 1 4 17 91 5 80 18 62 60 69 90 27 54 37 10 22 39 0 Role: 0
0 93 6 36 0 Role: 1

Số khách: 100
Chi phí: 1.20308e+07
0 53 58 98 15 43 85 20 34 31 59 77 70 0 Role: 0
0 40 28 11 76 0 Role: 0
0 45 9 38 12 44 42 8 26 16 55 4 1 3 99 86 79 91 83 96 5 54 37 10 22 49 41 17 25 60 62 69 90 80 0 Role: 0
0 47 52 0 Role: 1
0 100 19 0 Role: 1
0 61 23 24 0 Role: 2
0 82 51 89 64 0 Role: 2
0 93 97 94 66 14 0 Role: 3
0 33 35 0 Role: 3
0 71 36 67 0 Role: 3
0 27 63 0 Role: 3
0 84 50 2 46 0 Role: 4
0 18 68 65 32 0 Role: 4
0 56 39 87 75 0 Role: 4
0 30 57 81 7 29 0 Role: 4
0 78 72 0 Role: 5
0 73 95 0 Role: 5
0 74 0 Role: 6
0 88 0 Role: 6
0 6 13 0 Role: 7
0 21 48 92 0 Role: 7

Số khách: 86
Chi phí: 8.85281e+06
0 45 9 38 12 44 42 8 26 16 55 83 1 3 99 86 79 91 98 96 4 17 25 5 54 37 10 22 49 41 60 80 90 69 62 0 Role: 0
0 34 31 6 13 20 48 92 0 Role: 0
0 19 23 24 0 Role: 1
0 56 82 75 0 Role: 1
0 46 2 61 14 0 Role: 2
0 78 72 0 Role: 2
0 93 94 97 32 35 66 0 Role: 3
0 18 33 36 0 Role: 3
0 71 64 67 0 Role: 3
0 27 63 0 Role: 3
0 74 51 89 0 Role: 4
0 47 52 0 Role: 5
0 100 21 0 Role: 5
0 84 73 50 0 Role: 6
0 68 65 0 Role: 6
0 87 39 0 Role: 6
0 30 57 81 7 29 0 Role: 6

Số khách: 82
Chi phí: 7.11261e+06
0 45 9 38 12 44 42 8 26 16 55 4 1 3 99 86 79 91 83 96 5 54 37 10 22 49 41 17 25 60 62 69 90 80 0 Role: 0
0 84 50 2 46 0 Role: 1
0 18 68 65 32 0 Role: 1
0 87 39 56 75 0 Role: 1
0 30 57 81 7 29 0 Role: 1
0 61 23 24 0 Role: 2
0 82 51 89 64 0 Role: 2
0 47 52 0 Role: 3
0 100 19 0 Role: 3
0 93 97 94 66 14 0 Role: 4
0 33 35 0 Role: 4
0 71 36 67 0 Role: 4
0 27 63 0 Role: 4
0 6 13 0 Role: 5
0 21 48 92 0 Role: 5
0 72 78 0 Role: 6
0 73 95 0 Role: 6

Số khách: 91
Chi phí: 1.06535e+07
0 45 9 38 12 44 42 8 26 16 55 83 1 3 99 86 79 91 98 96 4 5 54 37 10 22 17 25 41 49 60 62 69 80 90 0 Role: 0
0 2 20 34 13 6 92 48 0 Role: 0
0 11 15 28 31 0 Role: 0
0 47 52 0 Role: 1
0 100 21 75 0 Role: 1
0 23 24 61 0 Role: 2
0 46 78 72 0 Role: 2
0 82 95 0 Role: 2
0 88 0 Role: 2
0 84 73 50 0 Role: 3
0 68 65 32 0 Role: 3
0 87 39 56 0 Role: 3
0 30 57 81 7 29 0 Role: 3
0 93 97 94 66 14 0 Role: 4
0 33 18 35 0 Role: 4
0 71 19 0 Role: 4
0 27 63 36 67 0 Role: 4
0 74 51 89 64 0 Role: 5

Số khách: 97
Chi phí: 1.09808e+07
0 45 9 38 12 44 42 8 26 16 55 83 1 3 99 86 79 91 98 96 4 5 54 37 10 22 17 25 41 49 60 62 69 80 90 0 Role: 0
0 2 20 34 31 6 64 51 92 48 0 Role: 0
0 40 15 11 58 28 53 70 43 59 77 95 89 0 Role: 0
0 84 73 50 0 Role: 1
0 68 65 32 0 Role: 1
0 87 39 56 0 Role: 1
0 30 57 81 7 29 0 Role: 1
0 61 23 24 0 Role: 2
0 46 78 72 0 Role: 2
0 82 13 0 Role: 2
0 88 0 Role: 2
0 47 52 0 Role: 3
0 100 21 75 0 Role: 3
0 93 97 94 66 14 0 Role: 4
0 33 18 35 0 Role: 4
0 19 71 0 Role: 4
0 67 27 63 36 0 Role: 4

Số khách: 39
Chi phí: 3.71468e+06
0 10 22 17 83 1 5 71 64 27 54 63 80 90 91 25 69 60 62 55 67 0 Role: 0
0 61 19 82 14 0 Role: 1
0 72 32 37 75 0 Role: 1
0 41 4 35 66 0 Role: 1
0 7 49 21 0 Role: 1
0 100 0 Role: 1
0 87 39 92 0 Role: 1

Số khách: 31
Chi phí: 3.51123e+06
0 64 71 1 4 83 5 3 27 7 10 22 39 17 25 37 54 0 Role: 0
0 21 49 48 0 Role: 1
0 36 80 0 Role: 1
0 2 14 19 61 0 Role: 2
0 6 18 35 0 Role: 2
0 32 33 66 0 Role: 2

Số khách: 60
Chi phí: 4.88567e+06
0 66 94 99 79 44 42 59 1 89 4 5 3 54 7 22 39 17 25 60 90 86 91 69 62 55 10 100 0 Role: 0
0 61 23 30 24 0 Role: 1
0 88 78 46 57 0 Role: 1
0 2 82 0 Role: 1
0 18 68 93 35 0 Role: 1
0 32 51 50 14 0 Role: 2
0 87 37 75 0 Role: 2
0 48 49 21 0 Role: 2
0 27 0 Role: 2
0 80 36 0 Role: 2
0 67 63 19 0 Role: 2
0 92 41 0 Role: 2
0 64 0 Role: 2

Số khách: 99
Chi phí: 1.16921e+07
0 40 10 1 4 8 12 5 9 3 17 55 49 22 54 37 41 60 42 25 62 69 91 90 80 0 Role: 0
0 15 11 70 31 34 20 43 59 51 77 83 79 38 86 44 26 16 96 95 98 99 0 Role: 0
0 74 88 85 58 28 76 53 45 89 0 Role: 0
0 23 24 0 Role: 1
0 82 13 14 0 Role: 1
0 84 73 50 0 Role: 2
0 18 68 65 32 0 Role: 2
0 56 39 87 75 0 Role: 2
0 30 57 81 7 29 0 Role: 2
0 6 0 Role: 3
0 21 48 92 0 Role: 3
0 61 46 2 0 Role: 4
0 78 72 0 Role: 4
0 93 97 94 66 35 0 Role: 5
0 33 36 0 Role: 5
0 71 64 67 0 Role: 5
0 63 0 Role: 5
0 47 52 0 Role: 6
0 100 19 0 Role: 6

Số khách: 53
Chi phí: 4.80825e+06
0 66 94 70 99 79 44 42 59 89 1 4 25 17 39 22 7 54 3 5 60 90 86 91 69 62 55 100 0 Role: 0
0 72 81 57 52 10 0 Role: 1
0 21 0 Role: 1
0 71 0 Role: 1
0 51 50 32 35 0 Role: 2
0 87 37 75 0 Role: 2
0 48 49 0 Role: 2
0 18 27 0 Role: 2
0 80 36 0 Role: 2
0 67 63 19 0 Role: 2
0 92 41 0 Role: 2
0 64 0 Role: 2

Số khách: 88
Chi phí: 9.75635e+06
0 45 9 38 12 44 42 8 26 55 4 1 3 99 86 79 91 83 96 5 54 37 10 22 49 41 17 25 60 62 69 90 80 0 Role: 0
0 11 15 16 20 31 34 0 Role: 0
0 74 0 Role: 1
0 47 52 0 Role: 2
0 100 19 0 Role: 2
0 61 23 24 0 Role: 3
0 82 51 89 64 0 Role: 3
0 84 50 2 46 0 Role: 4
0 18 68 65 32 0 Role: 4
0 87 39 56 75 0 Role: 4
0 30 57 81 7 29 0 Role: 4
0 78 72 0 Role: 5
0 73 95 0 Role: 5
0 6 13 0 Role: 6
0 21 48 92 0 Role: 6
0 93 97 94 66 14 0 Role: 7
0 33 35 0 Role: 7
0 71 36 67 0 Role: 7
0 63 0 Role: 7
0 88 0 Role: 8

Số khách: 89
Chi phí: 9.76796e+06
0 45 9 38 12 44 42 8 26 16 55 4 1 3 99 86 79 91 83 96 5 54 37 10 22 49 41 17 25 60 62 69 90 80 0 Role: 0
0 53 28 15 58 85 88 20 31 6 13 36 64 32 35 14 34 48 21 19 67 75 92 98 0 Role: 0
0 47 52 0 Role: 1
0 100 0 Role: 1
0 2 84 50 0 Role: 2
0 18 68 65 0 Role: 2
0 87 39 56 0 Role: 2
0 30 57 81 7 29 0 Role: 2
0 93 97 94 66 0 Role: 3
0 33 0 Role: 3
0 71 0 Role: 3
0 27 63 0 Role: 3
0 46 72 0 Role: 4
0 61 23 24 0 Role: 5
0 82 51 89 0 Role: 5

Số khách: 28
Chi phí: 3.40958e+06
0 64 71 1 4 83 5 3 27 7 10 22 39 17 25 37 54 0 Role: 0
0 2 84 88 57 0 Role: 1
0 93 68 14 0 Role: 1
0 21 49 48 0 Role: 2
0 36 80 0 Role: 2

Số khách: 43
Chi phí: 3.93224e+06
0 40 95 43 59 77 51 89 94 6 35 10 22 48 17 25 4 1 5 3 27 54 0 Role: 0
0 61 46 2 14 0 Role: 1
0 78 72 0 Role: 1
0 84 73 50 0 Role: 2
0 18 68 65 32 0 Role: 2
0 56 39 87 75 0 Role: 2
0 30 57 81 7 29 0 Role: 2

Số khách: 47
Chi phí: 4.21029e+06
0 66 94 70 99 79 44 42 1 89 4 5 3 54 7 22 39 17 25 60 90 86 91 69 62 55 10 100 0 Role: 0
0 51 50 32 35 0 Role: 1
0 87 37 75 0 Role: 1
0 21 49 48 0 Role: 1
0 18 27 0 Role: 1
0 80 36 0 Role: 1
0 67 63 19 0 Role: 1
0 92 41 0 Role: 1
0 64 0 Role: 1

Số khách: 61
Chi phí: 5.31376e+06
0 66 94 99 79 44 42 59 1 89 4 5 3 54 7 22 39 17 25 60 90 86 91 69 62 55 0 Role: 0
0 72 81 57 52 10 0 Role: 1
0 21 0 Role: 1
0 71 0 Role: 1
0 32 51 50 0 Role: 2
0 87 37 75 0 Role: 2
0 48 49 0 Role: 2
0 27 0 Role: 2
0 80 36 0 Role: 2
0 67 63 19 0 Role: 2
0 92 41 0 Role: 2
0 64 0 Role: 2
0 61 23 30 24 0 Role: 3
0 88 78 46 0 Role: 3
0 2 82 0 Role: 3
0 18 68 93 0 Role: 3

Số khách: 49
Chi phí: 4.5574e+06
0 27 3 5 64 71 1 83 17 10 22 54 90 25 69 60 62 0 Role: 0
0 61 19 82 14 0 Role: 1
0 72 32 37 75 0 Role: 1
0 41 4 35 66 0 Role: 1
0 7 49 21 0 Role: 1
0 100 0 Role: 1
0 87 39 92 0 Role: 1
0 2 81 24 30 0 Role: 2
0 29 13 6 36 0 Role: 2
0 50 78 0 Role: 2
0 67 51 0 Role: 2
0 18 23 0 Role: 3

Số khách: 46
Chi phí: 4.02138e+06
0 66 94 70 99 79 44 42 1 89 4 60 25 17 39 22 7 54 3 5 90 91 69 62 55 10 100 0 Role: 0
0 51 50 32 35 0 Role: 1
0 87 37 75 0 Role: 1
0 21 49 48 0 Role: 1
0 18 27 0 Role: 1
0 80 36 0 Role: 1
0 67 63 19 0 Role: 1
0 92 41 0 Role: 1
0 64 0 Role: 1

Số khách: 75
Chi phí: 6.61288e+06
0 45 9 38 12 44 42 8 26 16 55 83 1 3 99 86 79 91 98 96 4 17 25 5 54 37 10 22 49 41 60 80 90 69 62 0 Role: 0
0 84 73 50 0 Role: 1
0 75 32 65 68 0 Role: 1
0 87 39 0 Role: 1
0 30 57 81 7 29 0 Role: 1
0 74 51 89 35 0 Role: 2
0 61 46 2 14 0 Role: 3
0 78 72 0 Role: 3
0 19 23 24 0 Role: 4
0 56 82 0 Role: 4
0 93 97 94 66 0 Role: 5
0 18 33 36 0 Role: 5
0 67 64 71 0 Role: 5
0 27 63 0 Role: 5

Số khách: 50
Chi phí: 4.62318e+06
0 66 94 70 99 79 44 42 59 89 1 4 25 17 39 22 7 54 3 5 60 90 91 69 62 55 10 100 0 Role: 0
0 51 50 32 35 0 Role: 1
0 87 37 75 0 Role: 1
0 21 49 48 0 Role: 1
0 18 27 0 Role: 1
0 80 36 0 Role: 1
0 67 63 19 0 Role: 1
0 92 41 0 Role: 1
0 64 0 Role: 1
0 2 14 61 0 Role: 2

Số khách: 62
Chi phí: 5.51518e+06
0 66 94 99 79 44 42 59 1 89 4 60 25 17 39 22 7 54 3 5 90 62 69 0 Role: 0
0 74 65 13 14 0 Role: 1
0 61 23 30 24 0 Role: 2
0 88 78 46 0 Role: 2
0 2 82 0 Role: 2
0 18 68 0 Role: 2
0 72 81 57 52 10 0 Role: 3
0 21 0 Role: 3
0 71 0 Role: 3
0 51 50 32 35 0 Role: 4
0 87 37 75 0 Role: 4
0 48 49 0 Role: 4
0 27 0 Role: 4
0 80 36 0 Role: 4
0 67 63 19 0 Role: 4
0 92 41 0 Role: 4
0 64 0 Role: 4

Số khách: 71
Chi phí: 6.23258e+06
0 2 20 51 1 4 8 5 3 6 10 54 37 41 12 42 25 17 49 22 60 92 55 62 69 91 90 86 80 0 Role: 0
0 84 73 50 0 Role: 1
0 68 65 32 0 Role: 1
0 87 39 56 0 Role: 1
0 30 57 81 7 29 0 Role: 1
0 61 23 24 0 Role: 2
0 46 78 72 0 Role: 2
0 82 13 0 Role: 2
0 88 0 Role: 2
0 47 52 0 Role: 3
0 100 21 75 0 Role: 3
0 93 97 94 66 14 0 Role: 4
0 33 18 35 0 Role: 4
0 19 64 71 0 Role: 4
0 67 27 63 36 0 Role: 4

Số khách: 76
Chi phí: 6.92519e+06
0 45 9 38 12 44 42 8 26 16 55 83 1 3 99 86 79 91 98 96 4 5 54 37 10 22 17 25 41 49 60 62 69 80 90 0 Role: 0
0 23 24 72 0 Role: 1
0 46 61 0 Role: 1
0 74 51 89 64 0 Role: 2
0 93 97 94 66 14 0 Role: 3
0 33 18 35 0 Role: 3
0 71 19 0 Role: 3
0 27 63 36 67 0 Role: 3
0 47 52 0 Role: 4
0 100 21 75 0 Role: 4
0 84 73 50 0 Role: 5
0 68 65 32 0 Role: 5
0 87 39 56 0 Role: 5
0 30 57 81 7 29 0 Role: 5

Số khách: 66
Chi phí: 5.93161e+06
0 45 9 38 12 44 42 8 26 16 55 83 1 3 99 86 79 91 98 96 4 5 54 37 10 22 17 25 41 49 60 62 69 80 90 0 Role: 0
0 84 73 50 0 Role: 1
0 68 65 32 0 Role: 1
0 56 39 87 75 0 Role: 1
0 57 81 7 29 0 Role: 1
0 93 97 94 66 14 0 Role: 2
0 33 18 35 0 Role: 2
0 71 19 0 Role: 2
0 27 63 36 67 0 Role: 2
0 2 21 24 30 0 Role: 3

Số khách: 79
Chi phí: 7.09704e+06
0 45 9 38 12 44 42 8 26 16 55 83 1 3 99 86 79 91 98 96 4 17 25 5 54 37 10 22 49 41 60 80 90 69 62 0 Role: 0
0 74 51 89 0 Role: 1
0 93 94 97 32 35 66 0 Role: 2
0 18 33 36 0 Role: 2
0 71 64 67 0 Role: 2
0 27 63 0 Role: 2
0 19 23 24 0 Role: 3
0 56 82 75 0 Role: 3
0 46 2 61 14 0 Role: 4
0 78 72 0 Role: 4
0 47 52 0 Role: 5
0 100 21 0 Role: 5
0 84 73 50 0 Role: 6
0 68 65 0 Role: 6
0 87 39 0 Role: 6
0 30 57 81 7 29 0 Role: 6

Số khách: 72
Chi phí: 6.47356e+06
0 45 9 38 12 44 42 8 26 16 55 83 1 3 99 86 79 91 98 96 4 5 54 37 10 22 17 25 41 49 60 62 69 80 90 0 Role: 0
0 93 97 94 66 14 0 Role: 1
0 33 18 35 0 Role: 1
0 71 19 0 Role: 1
0 27 63 36 67 0 Role: 1
0 30 24 72 23 0 Role: 2
0 46 61 0 Role: 2
0 84 73 50 0 Role: 3
0 68 65 32 0 Role: 3
0 56 39 87 75 0 Role: 3
0 57 81 7 29 0 Role: 3
0 2 21 48 0 Role: 4
0 64 0 Role: 4

Số khách: 77
Chi phí: 6.99989e+06
0 23 74 1 4 8 12 5 9 3 16 55 22 34 54 38 60 42 25 17 62 98 91 86 90 69 0 Role: 0
0 81 2 82 0 Role: 1
0 18 14 0 Role: 1
0 92 87 37 75 0 Role: 1
0 6 19 0 Role: 1
0 100 7 0 Role: 1
0 64 80 0 Role: 1
0 21 10 0 Role: 1
0 36 67 0 Role: 1
0 49 0 Role: 1
0 29 27 0 Role: 2
0 94 32 0 Role: 2
0 61 35 71 66 0 Role: 2
0 63 0 Role: 2
0 41 0 Role: 2
0 48 0 Role: 2
0 39 0 Role: 2
0 78 47 0 Role: 3
0 68 0 Role: 3
0 65 33 0 Role: 3
0 93 97 0 Role: 4
0 84 24 46 57 0 Role: 4
0 88 52 0 Role: 4
0 30 73 0 Role: 5
0 56 95 50 0 Role: 5
0 72 13 0 Role: 5

Số khách: 64
Chi phí: 5.66911e+06
0 45 9 38 12 44 42 8 26 16 55 4 1 3 99 86 79 91 83 96 5 54 37 10 22 49 41 17 25 60 62 69 90 80 0 Role: 0
0 97 94 66 14 0 Role: 1
0 33 35 0 Role: 1
0 71 36 67 0 Role: 1
0 27 63 0 Role: 1
0 84 50 2 46 0 Role: 2
0 18 68 65 32 0 Role: 2
0 87 39 56 75 0 Role: 2
0 30 57 7 29 0 Role: 2
0 47 52 0 Role: 3
0 100 19 0 Role: 3

Số khách: 65
Chi phí: 5.67201e+06
0 45 9 38 12 44 42 8 26 16 55 4 1 3 99 86 79 91 83 96 5 54 37 10 22 49 41 17 25 60 62 69 90 80 0 Role: 0
0 97 94 66 14 0 Role: 1
0 33 35 0 Role: 1
0 71 36 67 0 Role: 1
0 27 63 0 Role: 1
0 47 52 0 Role: 2
0 100 19 0 Role: 2
0 84 50 2 46 0 Role: 3
0 18 68 65 32 0 Role: 3
0 87 39 56 75 0 Role: 3
0 30 57 81 7 29 0 Role: 3

Số khách: 69
Chi phí: 6.18677e+06
0 28 11 15 4 1 5 3 6 31 8 12 9 37 10 22 21 41 17 25 42 91 90 80 54 49 62 60 69 0 Role: 0
0 84 73 50 0 Role: 1
0 75 32 65 68 0 Role: 1
0 87 39 56 0 Role: 1
0 30 57 81 7 29 0 Role: 1
0 74 51 89 64 0 Role: 2
0 93 97 94 66 14 0 Role: 3
0 33 18 35 0 Role: 3
0 71 19 0 Role: 3
0 27 63 36 67 0 Role: 3
0 2 24 61 0 Role: 4
0 13 72 0 Role: 4
0 48 92 0 Role: 4
0 100 0 Role: 4

Số khách: 73
Chi phí: 6.55011e+06
0 45 9 38 12 44 42 8 26 16 55 83 1 3 99 86 79 91 98 96 4 5 54 37 10 22 17 25 41 49 60 62 69 80 90 0 Role: 0
0 30 24 72 23 0 Role: 1
0 46 61 0 Role: 1
0 84 73 50 0 Role: 2
0 68 65 32 0 Role: 2
0 56 39 87 75 0 Role: 2
0 57 81 7 29 0 Role: 2
0 93 97 94 66 14 0 Role: 3
0 33 18 35 0 Role: 3
0 71 19 0 Role: 3
0 27 63 36 67 0 Role: 3
0 2 21 48 0 Role: 4
0 64 0 Role: 4
0 92 0 Role: 4

Số khách: 67
Chi phí: 6.03012e+06
0 45 9 38 12 44 42 8 26 16 55 83 1 3 99 86 79 91 98 96 4 5 54 37 10 22 17 25 41 49 60 62 69 80 90 0 Role: 0
0 84 73 50 0 Role: 1
0 68 65 32 0 Role: 1
0 56 39 87 75 0 Role: 1
0 57 81 7 29 0 Role: 1
0 93 97 94 66 14 0 Role: 2
0 33 18 35 0 Role: 2
0 71 19 0 Role: 2
0 27 63 36 67 0 Role: 2
0 23 24 72 0 Role: 3
0 46 61 0 Role: 3

Số khách: 68
Chi phí: 6.09085e+06
0 45 9 38 12 44 42 8 26 55 4 83 96 91 79 86 99 3 5 1 54 37 41 60 25 17 62 49 22 10 69 90 80 27 0 Role: 0
0 21 88 0 Role: 1
0 78 72 0 Role: 2
0 73 95 0 Role: 2
0 84 50 2 46 0 Role: 3
0 18 68 65 32 0 Role: 3
0 87 39 56 75 0 Role: 3
0 30 57 81 7 29 0 Role: 3
0 93 97 94 66 14 0 Role: 4
0 33 35 0 Role: 4
0 71 36 67 0 Role: 4
0 19 63 0 Role: 4

Số khách: 81
Chi phí: 7.10266e+06
0 45 9 38 12 44 42 8 26 16 55 4 1 3 99 86 79 91 83 96 5 54 37 10 22 49 41 17 25 60 62 69 90 80 0 Role: 0
0 84 50 2 46 0 Role: 1
0 18 68 65 32 0 Role: 1
0 87 39 56 75 0 Role: 1
0 30 57 81 7 29 0 Role: 1
0 47 52 0 Role: 2
0 100 19 0 Role: 2
0 93 97 94 66 14 0 Role: 3
0 33 35 0 Role: 3
0 71 36 67 0 Role: 3
0 27 63 0 Role: 3
0 61 23 24 0 Role: 4
0 82 51 89 64 0 Role: 4
0 78 72 0 Role: 5
0 73 95 0 Role: 5
0 6 13 0 Role: 6
0 21 48 0 Role: 6

