Số khách: 19
Chi phí: 1.69405e+06
0 6 9 10 16 8 5 11 4 18 14 0 Role: 0
0 1 20 7 15 19 17 3 0 Role: 1
0 12 13 0 Role: 1

Số khách: 20
Chi phí: 1.7121e+06
0 6 9 10 16 8 5 11 4 18 14 0 Role: 0
0 1 20 7 15 19 17 2 3 0 Role: 1
0 12 13 0 Role: 1

Số khách: 20
Chi phí: 2.10848e+06
0 6 1 9 8 16 13 18 4 11 14 0 Role: 0
0 20 3 17 2 5 10 12 0 Role: 1
0 7 15 19 0 Role: 2

Số khách: 11
Chi phí: 1.59811e+06
0 4 11 2 18 14 0 Role: 0
0 20 12 10 5 3 0 Role: 1
0 13 0 Role: 1

Số khách: 19
Chi phí: 1.76805e+06
0 6 1 9 13 10 8 5 11 4 14 18 0 Role: 0
0 19 0 Role: 1
0 15 12 7 20 3 17 2 0 Role: 1

Số khách: 15
Chi phí: 1.66918e+06
0 4 3 17 11 8 14 18 0 Role: 0
0 19 0 Role: 1
0 15 12 20 7 10 5 2 0 Role: 1

Số khách: 17
Chi phí: 1.68952e+06
0 4 11 8 16 9 18 14 0 Role: 0
0 1 20 12 19 0 Role: 1
0 7 17 2 5 10 13 0 Role: 1

Số khách: 18
Chi phí: 1.70631e+06
0 6 1 4 11 5 8 10 9 14 18 0 Role: 0
0 19 0 Role: 1
0 15 12 7 20 3 17 2 0 Role: 1

Số khách: 14
Chi phí: 1.63882e+06
0 4 11 8 14 18 0 Role: 0
0 19 0 Role: 1
0 15 12 7 10 5 2 3 20 0 Role: 1

Số khách: 12
Chi phí: 1.62835e+06
0 4 11 8 16 9 18 14 0 Role: 0
0 15 10 5 2 3 0 Role: 1

Số khách: 13
Chi phí: 1.62949e+06
0 4 11 8 14 18 0 Role: 0
0 19 0 Role: 1
0 15 12 20 7 10 5 2 0 Role: 1

