Số khách: 20
Chi phí: 1.28838e+06
0 20 5 6 15 3 1 17 7 4 18 10 16 14 11 19 12 2 13 9 8 0 Role: 0

Số khách: 19
Chi phí: 1.24443e+06
0 20 17 5 15 3 1 2 7 10 16 14 6 19 12 18 9 13 4 8 0 Role: 0

Số khách: 16
Chi phí: 1.4937e+06
0 13 4 12 15 11 14 5 16 8 0 Role: 0
0 19 1 2 9 0 Role: 1
0 18 7 10 0 Role: 1

Số khách: 20
Chi phí: 1.55106e+06
0 6 19 1 3 15 11 14 5 7 4 13 12 18 0 Role: 0
0 17 20 9 2 16 10 8 0 Role: 1

Số khách: 19
Chi phí: 1.52285e+06
0 20 13 17 12 1 3 15 11 5 14 16 0 Role: 0
0 19 10 8 0 Role: 1
0 6 7 18 2 9 0 Role: 1

Số khách: 17
Chi phí: 1.49927e+06
0 13 4 12 15 11 14 5 16 8 0 Role: 0
0 19 6 1 2 9 0 Role: 1
0 18 7 10 0 Role: 1

