Số khách: 190
Chi phí: 4.1136e+07
0 38 37 42 92 44 118 45 95 71 123 176 79 136 68 195 25 34 51 76 87 0 Role: 0
0 59 7 26 15 137 75 60 113 121 145 41 39 147 74 165 12 193 11 96 103 188 120 9 31 33 81 112 134 151 0 Role: 0
0 27 144 28 148 114 56 132 172 17 173 184 1 19 22 29 35 46 47 50 53 55 61 0 Role: 0
0 3 2 8 141 110 90 18 98 164 169 196 178 143 155 62 66 82 0 Role: 0
0 6 187 160 174 73 105 139 186 131 52 189 182 179 167 65 80 99 104 125 135 0 Role: 0
0 13 16 20 30 36 40 49 89 91 108 109 115 149 0 Role: 0
0 21 54 58 63 70 86 97 100 107 133 150 0 Role: 0
0 77 84 94 116 127 128 142 153 154 0 Role: 0
0 156 43 57 0 Role: 1
0 48 24 10 158 0 Role: 1
0 14 32 0 Role: 1
0 162 130 85 0 Role: 1
0 163 64 122 72 0 Role: 1
0 170 194 0 Role: 1
0 191 175 192 0 Role: 1
0 124 0 Role: 1
0 183 69 88 0 Role: 1
0 67 0 Role: 1
0 23 117 106 0 Role: 1
0 83 0 Role: 1
0 101 146 181 0 Role: 2
0 126 4 0 Role: 2
0 129 171 0 Role: 2
0 166 5 0 Role: 3
0 102 159 0 Role: 4
0 111 78 0 Role: 4
0 119 140 199 161 0 Role: 4
0 197 0 Role: 4
0 93 0 Role: 5

Số khách: 82
Chi phí: 1.88884e+07
0 50 47 178 191 88 68 0 Role: 0
0 140 63 20 0 Role: 0
0 94 163 189 0 Role: 0
0 131 200 0 Role: 0
0 95 0 Role: 0
0 72 123 29 0 Role: 0
0 167 160 0 Role: 0
0 22 104 110 150 0 Role: 0
0 43 0 Role: 1
0 199 85 64 0 Role: 1
0 162 122 0 Role: 1
0 149 183 69 10 0 Role: 1
0 170 71 0 Role: 1
0 124 0 Role: 1
0 23 175 90 106 0 Role: 1
0 192 135 0 Role: 1
0 83 0 Role: 1
0 67 0 Role: 1
0 130 0 Role: 1
0 120 0 Role: 1
0 57 78 171 0 Role: 2
0 156 40 0 Role: 2
0 5 158 0 Role: 2
0 3 56 0 Role: 2
0 52 117 0 Role: 2
0 49 0 Role: 2
0 14 0 Role: 2
0 161 194 0 Role: 2
0 58 197 21 0 Role: 3
0 159 102 0 Role: 3
0 146 119 0 Role: 3
0 111 48 24 0 Role: 3
0 32 0 Role: 3
0 129 0 Role: 4
0 126 4 0 Role: 5
0 93 0 Role: 5
0 166 0 Role: 5
0 13 0 Role: 6
0 101 181 0 Role: 6
0 54 0 Role: 6

Số khách: 153
Chi phí: 2.77387e+07
0 159 122 6 25 1 8 11 19 9 31 74 34 0 Role: 0
0 93 28 15 35 46 2 12 22 68 47 82 53 87 50 55 62 112 0 Role: 0
0 73 33 182 65 41 179 100 44 29 79 125 96 99 80 134 151 0 Role: 0
0 27 66 61 143 92 45 188 103 95 104 155 176 118 136 195 0 Role: 0
0 37 150 51 109 108 38 153 18 89 0 Role: 0
0 39 81 69 110 164 169 83 0 Role: 0
0 123 30 189 75 42 115 121 186 98 133 193 196 178 165 0 Role: 0
0 91 76 0 Role: 0
0 101 0 Role: 1
0 13 0 Role: 1
0 181 0 Role: 1
0 183 111 10 106 0 Role: 2
0 158 120 0 Role: 2
0 167 149 0 Role: 2
0 162 194 71 0 Role: 2
0 72 117 90 64 0 Role: 2
0 23 0 Role: 2
0 88 191 0 Role: 2
0 170 0 Role: 2
0 175 135 0 Role: 2
0 124 0 Role: 2
0 130 0 Role: 2
0 54 171 0 Role: 3
0 156 0 Role: 3
0 126 0 Role: 3
0 166 0 Role: 3
0 140 0 Role: 3
0 58 0 Role: 4
0 146 85 0 Role: 5
0 20 163 0 Role: 5
0 56 0 Role: 5
0 21 4 197 0 Role: 6
0 78 129 0 Role: 6
0 199 119 3 5 0 Role: 6
0 57 102 0 Role: 6
0 160 0 Role: 6
0 49 0 Role: 6
0 24 32 0 Role: 7
0 48 0 Role: 7
0 40 67 0 Role: 7
0 43 52 0 Role: 7
0 14 0 Role: 7
0 192 0 Role: 7
0 161 0 Role: 7

Số khách: 188
Chi phí: 4.01096e+07
0 16 20 30 36 40 49 89 91 108 109 115 150 31 33 35 46 50 53 55 61 64 69 87 0 Role: 0
0 8 2 65 153 18 104 6 43 52 62 68 76 125 134 0 Role: 0
0 27 144 28 148 114 56 132 172 17 173 184 92 37 38 44 106 117 123 118 136 191 66 99 82 72 81 112 124 183 0 Role: 0
0 13 54 63 141 97 70 86 98 133 161 178 47 196 67 71 73 79 83 88 130 151 170 0 Role: 0
0 59 7 26 15 137 75 60 113 121 145 41 39 147 74 165 12 193 11 96 103 188 120 135 176 0 Role: 0
0 94 84 77 100 9 10 107 142 154 19 34 23 25 167 175 182 189 0 Role: 0
0 1 110 22 42 45 169 51 95 164 80 143 155 179 195 0 Role: 0
0 105 128 131 139 174 186 187 0 Role: 0
0 102 159 0 Role: 1
0 119 140 199 5 0 Role: 1
0 156 0 Role: 1
0 197 85 194 0 Role: 1
0 101 3 0 Role: 2
0 162 0 Role: 2
0 181 0 Role: 3
0 24 48 32 0 Role: 4
0 158 163 192 29 90 0 Role: 4
0 4 21 93 146 0 Role: 5
0 57 160 0 Role: 5
0 58 14 0 Role: 5
0 111 78 0 Role: 5
0 129 171 122 0 Role: 5
0 166 0 Role: 6
0 126 149 0 Role: 6

Số khách: 158
Chi phí: 2.94618e+07
0 76 39 81 69 110 164 169 51 83 0 Role: 0
0 73 33 182 65 41 179 100 44 29 79 125 96 99 80 134 151 0 Role: 0
0 93 28 15 35 46 2 12 22 68 47 82 53 87 150 50 55 62 112 153 0 Role: 0
0 27 66 61 143 92 45 188 103 95 104 155 176 118 136 195 0 Role: 0
0 123 30 189 75 42 115 121 186 98 133 108 193 109 196 178 165 0 Role: 0
0 159 122 6 25 1 8 11 19 9 31 74 34 0 Role: 0
0 7 16 17 18 36 37 38 0 Role: 0
0 26 59 60 0 Role: 0
0 24 32 0 Role: 1
0 48 0 Role: 1
0 40 67 0 Role: 1
0 43 52 0 Role: 1
0 14 0 Role: 1
0 192 0 Role: 1
0 161 0 Role: 1
0 146 85 0 Role: 2
0 20 163 0 Role: 2
0 56 0 Role: 2
0 183 111 10 106 0 Role: 3
0 158 120 0 Role: 3
0 167 149 0 Role: 3
0 162 194 71 0 Role: 3
0 72 117 90 64 0 Role: 3
0 23 0 Role: 3
0 88 191 0 Role: 3
0 170 0 Role: 3
0 175 135 0 Role: 3
0 124 0 Role: 3
0 130 0 Role: 3
0 101 0 Role: 4
0 13 0 Role: 4
0 181 0 Role: 4
0 21 4 197 0 Role: 5
0 78 129 0 Role: 5
0 199 119 3 5 0 Role: 5
0 57 102 0 Role: 5
0 160 0 Role: 5
0 49 0 Role: 5
0 54 171 0 Role: 6
0 156 0 Role: 6
0 126 0 Role: 6
0 166 0 Role: 6
0 140 0 Role: 6
0 58 0 Role: 7

Số khách: 102
Chi phí: 2.13091e+07
0 101 49 38 80 141 0 Role: 0
0 92 99 51 108 44 90 0 Role: 0
0 153 143 73 47 34 96 0 Role: 0
0 170 134 121 123 0 Role: 0
0 37 182 132 133 4 100 0 Role: 0
0 183 64 120 162 53 0 Role: 0
0 198 65 112 86 95 39 61 167 10 0 Role: 0
0 79 8 75 11 31 191 23 0 Role: 0
0 111 0 Role: 1
0 78 106 72 0 Role: 1
0 3 161 194 0 Role: 1
0 192 158 0 Role: 1
0 122 52 0 Role: 1
0 163 135 69 0 Role: 1
0 88 71 0 Role: 1
0 175 117 0 Role: 1
0 149 0 Role: 1
0 67 0 Role: 1
0 83 0 Role: 1
0 124 0 Role: 1
0 130 0 Role: 1
0 197 85 0 Role: 2
0 48 0 Role: 2
0 20 43 0 Role: 2
0 29 0 Role: 2
0 14 0 Role: 2
0 119 146 0 Role: 3
0 56 5 0 Role: 3
0 58 0 Role: 3
0 102 40 0 Role: 3
0 199 0 Role: 3
0 32 0 Role: 3
0 160 0 Role: 3
0 171 129 57 0 Role: 4
0 140 0 Role: 4
0 156 0 Role: 4
0 24 0 Role: 4
0 54 0 Role: 5
0 21 93 0 Role: 5
0 166 0 Role: 5
0 159 0 Role: 5
0 181 0 Role: 6
0 13 126 0 Role: 6

Số khách: 115
Chi phí: 2.35601e+07
0 61 130 65 55 143 193 178 69 0 Role: 0
0 44 74 68 52 96 189 92 155 134 10 167 0 Role: 0
0 186 46 173 125 165 117 161 81 0 Role: 0
0 116 153 56 95 19 72 135 23 124 9 76 87 0 Role: 0
0 129 60 112 0 Role: 0
0 111 59 70 184 51 3 18 147 90 122 35 103 169 79 0 Role: 0
0 187 136 73 182 150 121 38 0 Role: 0
0 30 0 Role: 0
0 57 102 0 Role: 1
0 88 149 64 106 0 Role: 1
0 175 192 191 0 Role: 1
0 67 0 Role: 1
0 162 120 0 Role: 1
0 194 71 0 Role: 1
0 183 0 Role: 1
0 170 0 Role: 1
0 83 0 Role: 1
0 199 21 197 0 Role: 2
0 14 32 158 0 Role: 2
0 43 123 163 0 Role: 2
0 160 29 0 Role: 2
0 119 166 0 Role: 3
0 146 85 0 Role: 3
0 20 0 Role: 3
0 48 0 Role: 3
0 54 171 78 0 Role: 4
0 159 0 Role: 4
0 5 140 0 Role: 4
0 40 0 Role: 4
0 49 0 Role: 4
0 4 93 0 Role: 5
0 58 0 Role: 5
0 156 0 Role: 5
0 24 0 Role: 5
0 101 181 0 Role: 6
0 13 126 0 Role: 6

Số khách: 93
Chi phí: 2.0377e+07
0 137 31 122 192 44 0 Role: 0
0 14 5 15 55 121 35 12 0 Role: 0
0 86 176 115 80 82 69 0 Role: 0
0 76 130 47 165 0 Role: 0
0 111 149 0 Role: 0
0 175 90 194 83 169 164 136 68 67 0 Role: 0
0 103 20 160 50 39 0 Role: 0
0 74 23 92 72 0 Role: 0
0 199 71 0 Role: 1
0 123 117 191 106 0 Role: 1
0 88 0 Role: 1
0 124 0 Role: 1
0 162 120 64 0 Role: 1
0 170 0 Role: 1
0 183 10 135 0 Role: 1
0 167 0 Role: 1
0 21 181 140 0 Role: 2
0 197 0 Role: 2
0 163 29 0 Role: 2
0 43 52 0 Role: 2
0 161 0 Role: 2
0 129 32 158 0 Role: 3
0 56 3 0 Role: 3
0 49 0 Role: 3
0 171 24 0 Role: 4
0 57 102 40 0 Role: 4
0 48 0 Role: 4
0 85 0 Role: 4
0 4 58 0 Role: 5
0 119 166 0 Role: 5
0 78 0 Role: 5
0 146 93 0 Role: 5
0 159 0 Role: 5
0 156 0 Role: 5
0 13 126 0 Role: 6
0 54 0 Role: 7
0 101 0 Role: 7

Số khách: 92
Chi phí: 1.95923e+07
0 183 134 159 108 109 141 22 135 0 Role: 0
0 172 46 52 195 23 0 Role: 0
0 78 0 Role: 0
0 186 153 162 197 122 11 47 68 117 0 Role: 0
0 71 0 Role: 0
0 137 128 53 121 0 Role: 0
0 20 73 80 81 38 130 89 88 64 176 0 Role: 0
0 165 191 0 Role: 0
0 5 102 72 0 Role: 1
0 175 29 163 106 90 0 Role: 1
0 10 69 149 0 Role: 1
0 43 123 0 Role: 1
0 192 0 Role: 1
0 83 0 Role: 1
0 170 0 Role: 1
0 167 0 Role: 1
0 124 0 Role: 1
0 120 0 Role: 1
0 4 58 158 0 Role: 2
0 49 0 Role: 2
0 194 85 0 Role: 2
0 160 0 Role: 2
0 161 0 Role: 2
0 14 0 Role: 2
0 67 0 Role: 2
0 24 48 32 0 Role: 3
0 40 0 Role: 3
0 199 3 0 Role: 3
0 56 0 Role: 3
0 13 126 0 Role: 4
0 119 146 93 0 Role: 4
0 21 140 0 Role: 4
0 156 0 Role: 4
0 54 129 171 0 Role: 5
0 111 57 0 Role: 5
0 101 181 0 Role: 6
0 166 0 Role: 6

Số khách: 187
Chi phí: 3.6923e+07
0 131 186 139 105 73 174 160 187 6 52 68 167 14 179 71 182 189 67 43 79 195 175 88 151 130 170 62 83 125 76 134 0 Role: 0
0 13 54 63 141 97 70 86 98 133 161 65 80 51 196 47 178 149 153 0 Role: 0
0 94 84 77 100 9 10 107 142 154 19 34 23 25 0 Role: 0
0 18 2 143 8 22 110 1 104 155 162 0 Role: 0
0 27 144 28 148 114 56 132 172 17 173 184 92 37 38 44 106 117 123 118 136 191 66 99 82 72 81 112 124 183 0 Role: 0
0 16 20 30 36 40 49 89 91 108 109 115 150 31 33 35 46 50 53 55 61 64 69 87 0 Role: 0
0 59 7 26 15 137 75 60 113 121 145 41 39 147 74 165 12 193 11 96 103 188 120 135 176 0 Role: 0
0 42 45 95 164 169 0 Role: 0
0 24 48 32 0 Role: 1
0 158 163 192 29 90 0 Role: 1
0 4 21 93 146 0 Role: 2
0 57 78 171 0 Role: 2
0 58 197 0 Role: 2
0 102 159 122 0 Role: 2
0 111 0 Role: 2
0 140 199 3 5 119 0 Role: 2
0 156 0 Role: 2
0 194 85 0 Role: 3
0 101 166 0 Role: 4
0 126 0 Role: 4
0 129 0 Role: 4
0 181 0 Role: 5

Số khách: 184
Chi phí: 3.4805e+07
0 54 58 4 21 63 97 70 86 100 107 195 68 79 154 176 81 71 0 Role: 0
0 27 144 28 148 114 56 132 172 17 173 184 92 35 123 44 1 142 22 118 136 0 Role: 0
0 59 7 26 15 137 75 60 113 121 145 41 39 147 74 165 12 193 11 96 103 188 120 135 0 Role: 0
0 3 2 8 141 110 90 18 98 164 169 196 178 143 155 53 0 Role: 0
0 13 16 5 30 40 20 36 32 49 89 91 104 108 109 150 115 153 9 19 25 34 76 112 0 Role: 0
0 93 66 198 133 65 161 47 29 149 87 62 46 125 82 99 33 51 80 31 50 55 61 134 151 0 Role: 0
0 131 186 139 105 73 174 160 187 6 52 189 182 95 179 167 122 0 Role: 0
0 37 38 42 45 0 Role: 0
0 156 43 57 0 Role: 1
0 48 24 10 158 0 Role: 1
0 14 0 Role: 1
0 162 130 85 0 Role: 1
0 163 64 72 0 Role: 1
0 170 194 0 Role: 1
0 191 175 192 0 Role: 1
0 124 0 Role: 1
0 183 69 88 0 Role: 1
0 67 0 Role: 1
0 106 117 0 Role: 1
0 83 0 Role: 1
0 111 78 0 Role: 2
0 102 159 0 Role: 2
0 119 140 199 0 Role: 2
0 197 0 Role: 2
0 101 0 Role: 3
0 126 0 Role: 3
0 129 171 0 Role: 3
0 146 0 Role: 3
0 166 0 Role: 4
0 181 0 Role: 5

Số khách: 106
Chi phí: 2.31486e+07
0 156 140 112 73 22 192 49 0 Role: 0
0 79 164 189 96 25 64 76 0 Role: 0
0 3 118 42 51 37 176 123 1 88 125 169 0 Role: 0
0 175 106 20 136 55 0 Role: 0
0 148 0 Role: 0
0 186 170 65 36 47 83 87 0 Role: 0
0 63 145 98 153 35 33 11 92 72 130 81 0 Role: 0
0 53 97 12 67 195 90 0 Role: 0
0 126 32 158 0 Role: 1
0 122 117 23 0 Role: 1
0 183 48 10 0 Role: 1
0 29 191 135 0 Role: 1
0 162 120 0 Role: 1
0 167 69 149 0 Role: 1
0 71 0 Role: 1
0 124 0 Role: 1
0 160 57 0 Role: 2
0 199 119 93 0 Role: 2
0 14 58 0 Role: 2
0 171 163 0 Role: 2
0 43 52 0 Role: 2
0 56 0 Role: 2
0 161 194 0 Role: 2
0 146 0 Role: 3
0 21 197 0 Role: 3
0 111 0 Role: 3
0 24 78 0 Role: 3
0 85 0 Role: 3
0 4 0 Role: 4
0 5 166 0 Role: 4
0 102 40 0 Role: 4
0 101 181 0 Role: 5
0 13 0 Role: 5
0 54 129 0 Role: 5
0 159 0 Role: 5

Số khách: 141
Chi phí: 2.74181e+07
0 90 183 123 143 53 150 62 81 155 182 112 76 9 10 25 124 195 34 51 0 Role: 0
0 15 17 7 8 30 37 28 18 27 38 167 44 23 141 136 164 31 176 19 33 46 134 50 87 0 Role: 0
0 6 1 2 11 35 55 39 61 41 64 151 69 74 72 0 Role: 0
0 12 22 43 47 52 65 66 67 0 Role: 0
0 16 26 68 36 40 42 45 73 0 Role: 0
0 79 59 82 75 92 60 80 56 95 0 Role: 0
0 63 70 0 Role: 0
0 77 84 85 89 91 0 Role: 0
0 54 0 Role: 1
0 101 166 5 0 Role: 1
0 126 14 88 158 0 Role: 1
0 4 21 93 0 Role: 2
0 58 197 0 Role: 2
0 146 57 0 Role: 2
0 111 13 0 Role: 3
0 171 24 78 0 Role: 3
0 102 159 122 0 Role: 3
0 199 140 119 3 0 Role: 3
0 49 0 Role: 3
0 160 20 106 0 Role: 3
0 32 48 0 Role: 3
0 29 135 0 Role: 4
0 71 161 194 0 Role: 4
0 83 0 Role: 4
0 117 175 0 Role: 4
0 120 0 Role: 4
0 130 0 Role: 4
0 170 0 Role: 4
0 129 163 0 Role: 5
0 149 0 Role: 5
0 162 0 Role: 5
0 191 192 0 Role: 5
0 156 0 Role: 6
0 181 0 Role: 6

Số khách: 117
Chi phí: 2.48805e+07
0 77 6 84 5 39 3 2 11 106 9 10 25 23 34 51 76 134 0 Role: 0
0 157 85 103 12 92 96 67 104 117 189 118 33 83 46 31 179 130 175 79 55 112 81 87 0 Role: 0
0 8 1 18 19 0 Role: 0
0 7 15 0 Role: 0
0 16 28 35 17 22 20 0 Role: 0
0 24 26 0 Role: 0
0 27 0 Role: 0
0 37 38 36 30 47 45 41 0 Role: 0
0 21 93 146 197 0 Role: 1
0 129 29 64 0 Role: 1
0 181 88 32 90 0 Role: 2
0 111 54 0 Role: 3
0 101 166 119 0 Role: 3
0 4 126 14 0 Role: 3
0 13 69 149 0 Role: 4
0 43 52 72 122 0 Role: 4
0 71 161 194 0 Role: 4
0 120 162 0 Role: 4
0 123 135 0 Role: 4
0 124 0 Role: 4
0 167 183 0 Role: 4
0 170 0 Role: 4
0 191 0 Role: 4
0 40 0 Role: 5
0 48 158 0 Role: 5
0 49 0 Role: 5
0 56 0 Role: 5
0 163 192 0 Role: 5
0 57 78 171 0 Role: 6
0 58 0 Role: 6
0 102 159 0 Role: 6
0 140 199 0 Role: 6
0 156 0 Role: 6
0 160 0 Role: 6

Số khách: 164
Chi phí: 2.99865e+07
0 16 65 36 96 42 45 73 92 44 99 189 136 179 103 176 182 0 Role: 0
0 66 28 2 79 22 68 8 47 12 81 108 104 195 110 125 164 118 143 188 0 Role: 0
0 70 1 192 20 123 109 80 31 155 9 25 34 82 33 51 46 87 50 19 55 134 61 151 76 112 0 Role: 0
0 30 17 3 38 18 49 89 27 91 95 115 150 169 153 0 Role: 0
0 5 15 26 40 75 121 37 98 133 137 193 196 178 165 0 Role: 0
0 6 59 56 60 11 53 35 39 41 62 74 0 Role: 0
0 7 54 0 Role: 0
0 63 77 84 86 0 Role: 0
0 21 93 197 0 Role: 1
0 102 159 0 Role: 1
0 111 78 0 Role: 1
0 146 119 140 199 0 Role: 1
0 156 43 57 0 Role: 2
0 48 24 10 158 0 Role: 2
0 14 90 0 Role: 2
0 85 130 162 0 Role: 2
0 163 64 122 72 0 Role: 2
0 170 194 0 Role: 2
0 175 29 191 0 Role: 2
0 124 0 Role: 2
0 135 183 69 88 0 Role: 2
0 67 0 Role: 2
0 23 117 106 0 Role: 2
0 83 0 Role: 2
0 4 32 149 0 Role: 3
0 52 0 Role: 3
0 71 161 0 Role: 3
0 120 0 Role: 3
0 167 0 Role: 3
0 13 126 0 Role: 4
0 58 0 Role: 4
0 129 171 0 Role: 4
0 160 0 Role: 4
0 101 166 0 Role: 5
0 181 0 Role: 6

Số khách: 133
Chi phí: 2.55975e+07
0 16 37 36 110 42 45 109 108 104 118 164 195 69 179 76 25 34 82 183 0 Role: 0
0 10 23 68 83 51 182 103 9 120 31 46 188 33 87 50 55 61 0 Role: 0
0 64 6 1 12 11 53 35 19 62 72 74 112 0 Role: 0
0 2 8 0 Role: 0
0 7 17 15 28 39 38 41 18 22 44 0 Role: 0
0 26 0 Role: 0
0 56 65 66 27 49 30 47 73 67 79 96 99 80 81 124 0 Role: 0
0 59 0 Role: 0
0 101 181 0 Role: 1
0 126 14 32 88 0 Role: 1
0 54 129 171 57 0 Role: 2
0 140 199 71 0 Role: 2
0 4 21 93 162 197 0 Role: 3
0 156 40 122 0 Role: 3
0 158 160 191 106 0 Role: 3
0 192 29 90 0 Role: 3
0 194 161 0 Role: 3
0 13 78 0 Role: 4
0 58 0 Role: 4
0 102 159 0 Role: 4
0 111 163 135 0 Role: 4
0 119 166 3 5 0 Role: 5
0 146 85 0 Role: 5
0 20 0 Role: 5
0 48 149 0 Role: 5
0 24 0 Role: 6
0 43 52 117 123 0 Role: 6
0 130 0 Role: 6
0 167 0 Role: 6
0 170 0 Role: 6
0 175 0 Role: 6

Số khách: 171
Chi phí: 3.20014e+07
0 131 186 139 105 73 174 160 187 6 1 110 52 22 164 80 155 19 62 66 82 125 99 0 Role: 0
0 18 98 169 178 154 196 47 141 149 153 0 Role: 0
0 38 37 42 92 44 118 45 95 71 123 195 68 136 79 176 50 55 134 61 151 0 Role: 0
0 59 7 26 15 137 75 60 113 121 145 147 39 41 90 165 193 53 12 35 143 33 112 76 9 25 34 0 Role: 0
0 74 126 27 28 56 188 17 189 11 96 167 120 179 81 46 31 103 182 51 87 0 Role: 0
0 65 30 36 89 91 29 104 0 Role: 0
0 13 16 5 2 108 8 20 100 107 109 150 115 0 Role: 0
0 54 0 Role: 0
0 102 159 0 Role: 1
0 111 78 0 Role: 1
0 199 140 119 161 0 Role: 1
0 197 0 Role: 1
0 40 0 Role: 2
0 49 0 Role: 2
0 4 93 146 0 Role: 3
0 21 58 0 Role: 3
0 166 3 0 Role: 4
0 156 43 57 0 Role: 5
0 48 24 10 158 0 Role: 5
0 14 32 0 Role: 5
0 162 130 85 0 Role: 5
0 163 64 122 72 0 Role: 5
0 170 194 0 Role: 5
0 191 175 192 0 Role: 5
0 124 0 Role: 5
0 135 183 69 88 0 Role: 5
0 67 0 Role: 5
0 23 117 106 0 Role: 5
0 83 0 Role: 5
0 101 181 0 Role: 6
0 129 171 0 Role: 6

Số khách: 186
Chi phí: 3.67859e+07
0 131 186 139 105 73 174 160 187 6 52 68 167 14 179 71 182 189 67 43 79 195 175 88 151 130 170 62 83 125 76 134 0 Role: 0
0 94 84 77 100 9 10 107 142 154 19 34 23 25 0 Role: 0
0 1 110 22 42 45 169 51 95 164 80 143 155 0 Role: 0
0 16 20 30 36 40 49 89 91 108 109 115 150 31 33 35 46 50 53 55 61 64 69 87 0 Role: 0
0 27 144 28 148 114 56 132 172 17 173 184 92 37 38 44 106 117 123 118 136 191 66 99 82 72 81 112 124 183 0 Role: 0
0 59 7 26 15 137 75 60 113 121 145 41 39 147 74 165 12 193 11 96 103 188 120 135 176 0 Role: 0
0 13 54 63 141 97 70 86 98 133 161 178 47 196 0 Role: 0
0 8 2 65 153 18 104 0 Role: 0
0 181 0 Role: 1
0 4 21 93 146 0 Role: 2
0 57 0 Role: 2
0 58 0 Role: 2
0 111 78 0 Role: 2
0 129 171 122 0 Role: 2
0 102 159 0 Role: 3
0 119 140 199 5 0 Role: 3
0 156 0 Role: 3
0 197 85 194 0 Role: 3
0 24 48 32 0 Role: 4
0 158 163 192 29 90 0 Role: 4
0 166 0 Role: 5
0 126 149 0 Role: 5
0 101 0 Role: 6
0 162 0 Role: 6

Số khách: 175
Chi phí: 3.33463e+07
0 153 65 5 2 47 8 20 104 29 149 0 Role: 0
0 30 36 89 91 108 109 169 150 115 178 196 0 Role: 0
0 141 13 16 3 18 133 98 0 Role: 0
0 38 37 42 92 44 118 45 95 71 123 195 68 136 79 176 50 55 134 61 151 0 Role: 0
0 131 186 139 105 73 174 160 187 6 1 110 52 22 164 80 155 19 62 66 82 125 99 0 Role: 0
0 74 126 27 28 56 188 17 189 11 96 167 120 179 81 46 31 103 182 51 87 0 Role: 0
0 59 7 26 15 137 75 60 113 121 145 147 39 41 90 165 193 53 12 35 143 33 112 76 9 25 34 0 Role: 0
0 63 70 86 97 100 107 142 0 Role: 0
0 156 43 57 0 Role: 1
0 48 24 10 158 0 Role: 1
0 14 32 0 Role: 1
0 162 130 85 0 Role: 1
0 163 64 122 72 0 Role: 1
0 170 194 0 Role: 1
0 191 175 192 0 Role: 1
0 124 0 Role: 1
0 135 183 69 88 0 Role: 1
0 67 0 Role: 1
0 23 117 106 0 Role: 1
0 83 0 Role: 1
0 54 0 Role: 2
0 4 93 0 Role: 3
0 21 58 0 Role: 3
0 101 146 181 0 Role: 4
0 129 171 78 0 Role: 4
0 159 0 Role: 5
0 111 0 Role: 5
0 199 140 119 161 0 Role: 5
0 197 0 Role: 5
0 40 0 Role: 6
0 49 0 Role: 6
0 166 0 Role: 7

Số khách: 104
Chi phí: 2.22244e+07
0 24 124 42 31 91 122 0 Role: 0
0 21 128 193 127 0 Role: 0
0 25 151 161 46 143 60 169 82 106 0 Role: 0
0 74 72 51 80 176 50 155 194 0 Role: 0
0 44 175 188 95 19 41 120 10 135 125 0 Role: 0
0 200 98 53 67 191 9 162 0 Role: 0
0 79 167 144 76 71 150 47 22 123 0 Role: 0
0 199 30 0 Role: 0
0 4 126 64 0 Role: 1
0 183 149 88 0 Role: 1
0 90 69 0 Role: 1
0 43 117 0 Role: 1
0 192 23 29 0 Role: 1
0 83 0 Role: 1
0 170 0 Role: 1
0 130 0 Role: 1
0 57 102 0 Role: 2
0 160 20 0 Role: 2
0 159 0 Role: 2
0 56 5 0 Role: 2
0 48 32 158 0 Role: 2
0 49 0 Role: 2
0 14 0 Role: 2
0 52 163 0 Role: 2
0 119 3 140 0 Role: 3
0 85 0 Role: 3
0 58 197 0 Role: 4
0 111 78 0 Role: 4
0 129 0 Role: 4
0 156 40 0 Role: 4
0 101 146 181 0 Role: 5
0 54 171 0 Role: 5
0 166 0 Role: 5
0 93 0 Role: 5
0 13 0 Role: 6

Số khách: 134
Chi phí: 2.63625e+07
0 133 131 200 60 193 75 178 91 165 196 47 175 90 10 61 134 170 103 83 99 82 125 34 188 0 Role: 0
0 15 7 30 20 3 18 49 48 44 52 1 23 167 9 155 46 80 92 96 50 112 81 64 183 69 74 25 124 87 0 Role: 0
0 2 0 Role: 0
0 6 0 Role: 0
0 8 11 53 33 51 31 55 19 62 0 Role: 0
0 66 41 76 28 35 12 79 22 29 151 0 Role: 0
0 16 27 24 26 17 0 Role: 0
0 36 37 38 39 42 0 Role: 0
0 21 146 181 0 Role: 1
0 101 0 Role: 1
0 4 126 0 Role: 1
0 129 78 88 0 Role: 1
0 102 159 72 0 Role: 1
0 5 166 71 0 Role: 2
0 58 162 197 0 Role: 3
0 160 163 106 0 Role: 3
0 194 85 130 0 Role: 3
0 13 32 158 0 Role: 4
0 119 93 0 Role: 5
0 111 171 0 Role: 5
0 199 140 122 0 Role: 5
0 156 40 0 Role: 5
0 14 149 0 Role: 6
0 43 117 123 0 Role: 6
0 67 0 Role: 6
0 120 0 Role: 6
0 135 191 192 0 Role: 6
0 54 57 0 Role: 7
0 56 0 Role: 7
0 161 0 Role: 7

Số khách: 125
Chi phí: 2.5257e+07
0 16 13 6 36 1 2 3 37 38 9 25 34 11 33 87 31 19 76 0 Role: 0
0 20 22 68 8 12 35 28 39 65 41 61 74 46 53 51 50 55 112 0 Role: 0
0 7 17 15 18 27 0 Role: 0
0 26 30 0 Role: 0
0 42 44 45 47 52 62 66 79 80 81 0 Role: 0
0 54 56 59 0 Role: 0
0 60 0 Role: 0
0 63 70 73 75 82 89 0 Role: 0
0 58 4 0 Role: 1
0 146 93 21 0 Role: 1
0 171 129 0 Role: 1
0 159 0 Role: 1
0 160 123 0 Role: 1
0 156 43 57 0 Role: 2
0 48 24 10 158 0 Role: 2
0 14 167 0 Role: 2
0 162 130 85 0 Role: 2
0 163 64 72 0 Role: 2
0 170 194 0 Role: 2
0 191 175 192 29 135 0 Role: 2
0 124 0 Role: 2
0 183 69 88 0 Role: 2
0 67 0 Role: 2
0 23 117 106 0 Role: 2
0 83 0 Role: 2
0 111 78 122 0 Role: 3
0 5 102 0 Role: 3
0 199 140 161 119 0 Role: 3
0 197 32 90 0 Role: 3
0 40 0 Role: 4
0 49 0 Role: 4
0 71 0 Role: 4
0 120 0 Role: 4
0 149 0 Role: 4
0 101 166 0 Role: 5
0 126 0 Role: 5
0 181 0 Role: 6

Số khách: 123
Chi phí: 2.5141e+07
0 72 92 3 9 10 6 74 1 23 11 33 87 50 31 46 76 25 34 0 Role: 0
0 5 55 15 28 121 35 12 20 14 39 61 41 64 69 47 53 51 112 62 134 0 Role: 0
0 16 19 65 66 44 68 22 79 67 80 99 82 124 183 81 0 Role: 0
0 37 27 18 2 73 17 8 83 0 Role: 0
0 7 0 Role: 0
0 26 30 0 Role: 0
0 38 36 0 Role: 0
0 42 45 95 0 Role: 0
0 21 181 140 199 0 Role: 1
0 197 32 88 90 0 Role: 1
0 163 29 106 122 0 Role: 1
0 43 52 117 123 0 Role: 1
0 161 71 194 0 Role: 1
0 13 126 0 Role: 2
0 4 58 0 Role: 3
0 119 166 0 Role: 3
0 78 24 0 Role: 3
0 146 93 0 Role: 3
0 102 159 0 Role: 3
0 156 40 0 Role: 3
0 48 0 Role: 4
0 49 0 Role: 4
0 56 0 Role: 4
0 85 130 162 0 Role: 4
0 120 0 Role: 4
0 135 149 0 Role: 4
0 167 0 Role: 4
0 170 0 Role: 4
0 175 191 0 Role: 4
0 54 0 Role: 5
0 111 57 0 Role: 5
0 160 0 Role: 5
0 192 0 Role: 5
0 101 0 Role: 6
0 129 171 0 Role: 6

Số khách: 137
Chi phí: 2.73445e+07
0 70 1 192 20 123 109 80 31 155 9 25 34 82 33 51 46 87 50 19 55 134 61 151 76 112 0 Role: 0
0 6 59 56 60 11 53 35 39 41 62 74 0 Role: 0
0 66 28 2 79 22 68 8 47 12 81 188 125 0 Role: 0
0 16 65 36 96 42 45 73 92 44 99 136 103 176 182 0 Role: 0
0 7 15 0 Role: 0
0 17 18 27 30 0 Role: 0
0 26 37 0 Role: 0
0 38 63 75 0 Role: 0
0 156 43 57 0 Role: 1
0 48 24 10 158 0 Role: 1
0 14 90 0 Role: 1
0 85 130 162 0 Role: 1
0 163 64 122 72 0 Role: 1
0 170 194 0 Role: 1
0 175 29 191 0 Role: 1
0 124 0 Role: 1
0 135 183 69 88 0 Role: 1
0 67 0 Role: 1
0 23 117 106 0 Role: 1
0 83 0 Role: 1
0 54 171 78 0 Role: 2
0 166 3 0 Role: 2
0 4 32 149 0 Role: 3
0 52 0 Role: 3
0 71 161 0 Role: 3
0 120 0 Role: 3
0 167 0 Role: 3
0 58 197 21 0 Role: 4
0 199 140 119 5 0 Role: 4
0 40 0 Role: 4
0 160 0 Role: 4
0 49 0 Role: 4
0 93 0 Role: 5
0 159 102 0 Role: 5
0 111 0 Role: 5
0 146 0 Role: 5
0 101 181 0 Role: 6
0 126 0 Role: 6
0 129 0 Role: 6
0 13 0 Role: 7

Số khách: 176
Chi phí: 3.36416e+07
0 93 66 198 133 65 161 47 29 149 87 62 46 125 82 99 33 51 80 31 50 55 61 134 151 0 Role: 0
0 54 58 4 21 63 97 70 86 100 107 25 1 154 34 19 112 76 9 0 Role: 0
0 131 186 139 105 73 174 160 187 6 52 167 179 81 35 182 189 79 22 68 176 195 0 Role: 0
0 3 2 8 141 110 90 18 98 164 169 196 178 143 155 53 0 Role: 0
0 59 7 26 15 137 75 60 113 121 145 41 39 147 74 165 12 193 11 96 103 188 120 135 0 Role: 0
0 16 13 27 28 17 0 Role: 0
0 38 37 92 42 30 36 44 89 71 104 118 136 123 0 Role: 0
0 150 115 108 40 45 109 95 153 0 Role: 0
0 166 5 0 Role: 1
0 111 78 122 0 Role: 2
0 102 20 0 Role: 2
0 119 140 199 0 Role: 2
0 197 32 0 Role: 2
0 156 43 57 0 Role: 3
0 48 24 10 158 0 Role: 3
0 14 0 Role: 3
0 162 130 85 0 Role: 3
0 163 64 72 0 Role: 3
0 170 194 0 Role: 3
0 191 175 192 0 Role: 3
0 124 0 Role: 3
0 183 69 88 0 Role: 3
0 67 0 Role: 3
0 23 117 106 0 Role: 3
0 83 0 Role: 3
0 101 146 181 0 Role: 4
0 126 0 Role: 4
0 171 129 0 Role: 4
0 159 0 Role: 4
0 49 0 Role: 5
0 56 0 Role: 5

Số khách: 165
Chi phí: 3.10707e+07
0 59 7 26 15 137 75 60 113 121 145 147 39 41 90 165 193 53 12 35 143 33 112 76 9 25 34 0 Role: 0
0 74 126 27 28 56 188 17 189 11 96 167 120 179 81 46 31 103 182 51 87 0 Role: 0
0 131 186 139 105 73 174 160 187 6 1 110 52 22 164 80 155 19 62 66 82 125 99 0 Role: 0
0 141 18 98 169 154 196 47 178 149 0 Role: 0
0 38 37 42 92 44 118 45 95 71 123 195 68 136 79 176 50 55 134 61 151 0 Role: 0
0 8 2 5 65 153 20 104 29 0 Role: 0
0 16 13 0 Role: 0
0 30 36 89 91 0 Role: 0
0 4 93 0 Role: 1
0 21 58 0 Role: 1
0 166 3 0 Role: 2
0 156 43 57 0 Role: 3
0 48 24 10 158 0 Role: 3
0 14 32 0 Role: 3
0 162 130 85 0 Role: 3
0 163 64 122 72 0 Role: 3
0 170 194 0 Role: 3
0 191 175 192 0 Role: 3
0 124 0 Role: 3
0 135 183 69 88 0 Role: 3
0 67 0 Role: 3
0 23 117 106 0 Role: 3
0 83 0 Role: 3
0 54 0 Role: 4
0 102 159 0 Role: 5
0 111 0 Role: 5
0 199 140 119 161 0 Role: 5
0 197 0 Role: 5
0 101 146 181 0 Role: 6
0 129 171 78 0 Role: 6
0 40 0 Role: 7
0 49 0 Role: 7

Số khách: 180
Chi phí: 3.43052e+07
0 27 144 28 148 114 56 132 172 17 173 184 34 22 142 1 25 9 19 35 53 76 112 0 Role: 0
0 131 186 139 105 73 174 160 187 6 52 90 167 89 179 182 109 189 108 104 143 150 153 155 0 Role: 0
0 93 66 198 133 65 161 47 29 149 87 62 46 125 82 99 33 51 80 31 50 55 61 134 151 0 Role: 0
0 59 7 26 15 137 75 60 113 121 145 41 39 147 74 165 12 193 11 96 103 188 120 135 0 Role: 0
0 38 37 42 92 44 118 45 95 71 123 176 79 136 68 195 81 0 Role: 0
0 2 8 0 Role: 0
0 16 18 30 91 110 164 0 Role: 0
0 141 97 63 36 98 115 169 196 178 0 Role: 0
0 156 43 57 0 Role: 1
0 48 24 10 158 0 Role: 1
0 14 32 122 0 Role: 1
0 162 130 85 0 Role: 1
0 163 64 72 0 Role: 1
0 170 194 0 Role: 1
0 191 175 192 0 Role: 1
0 124 0 Role: 1
0 183 69 88 0 Role: 1
0 67 0 Role: 1
0 23 117 106 0 Role: 1
0 83 0 Role: 1
0 101 146 181 0 Role: 2
0 4 126 0 Role: 2
0 129 171 0 Role: 2
0 159 0 Role: 2
0 166 3 5 0 Role: 3
0 78 111 0 Role: 4
0 102 20 0 Role: 4
0 119 140 199 0 Role: 4
0 197 0 Role: 4
0 13 0 Role: 5
0 21 58 0 Role: 5
0 40 0 Role: 5
0 49 0 Role: 5
0 54 0 Role: 6

Số khách: 179
Chi phí: 3.43048e+07
0 131 186 139 105 73 174 160 187 6 52 167 179 81 35 182 189 79 22 68 176 195 0 Role: 0
0 16 13 27 40 17 45 108 28 95 109 150 115 153 0 Role: 0
0 38 37 92 42 30 36 44 89 71 104 118 136 123 0 Role: 0
0 3 2 8 141 110 90 18 98 164 169 196 178 143 155 53 0 Role: 0
0 54 58 4 21 63 97 70 86 100 107 25 1 154 34 19 112 76 9 0 Role: 0
0 59 7 26 15 137 75 60 113 121 145 41 39 147 74 165 12 193 11 96 103 188 120 135 0 Role: 0
0 93 66 198 133 65 161 47 29 149 87 62 46 125 82 99 33 51 80 31 50 55 61 134 151 0 Role: 0
0 77 84 91 0 Role: 0
0 111 78 122 0 Role: 1
0 102 20 0 Role: 1
0 119 140 199 0 Role: 1
0 197 32 0 Role: 1
0 49 0 Role: 2
0 56 0 Role: 2
0 156 43 57 0 Role: 3
0 48 24 10 158 0 Role: 3
0 14 0 Role: 3
0 162 130 85 0 Role: 3
0 163 64 72 0 Role: 3
0 170 194 0 Role: 3
0 191 175 192 0 Role: 3
0 124 0 Role: 3
0 183 69 88 0 Role: 3
0 67 0 Role: 3
0 23 117 106 0 Role: 3
0 83 0 Role: 3
0 166 5 0 Role: 4
0 101 146 181 0 Role: 5
0 126 0 Role: 5
0 129 171 0 Role: 5
0 159 0 Role: 5

Số khách: 170
Chi phí: 3.16108e+07
0 59 7 26 15 137 75 60 113 121 145 147 39 41 90 165 193 53 12 35 143 55 112 76 134 9 25 34 0 Role: 0
0 18 98 178 141 154 196 169 50 19 61 151 176 0 Role: 0
0 131 186 139 105 73 174 160 187 6 1 110 68 52 155 92 118 164 79 22 136 195 0 Role: 0
0 93 66 198 133 65 161 47 29 149 87 62 31 46 125 82 99 33 51 80 81 0 Role: 0
0 74 126 27 28 56 188 17 189 11 96 167 120 179 103 182 0 Role: 0
0 2 8 30 37 38 44 89 91 95 104 153 0 Role: 0
0 16 36 42 0 Role: 0
0 150 115 45 109 108 0 Role: 0
0 156 43 57 0 Role: 1
0 48 24 10 158 0 Role: 1
0 14 0 Role: 1
0 162 130 85 0 Role: 1
0 163 64 122 72 0 Role: 1
0 170 194 0 Role: 1
0 191 175 192 0 Role: 1
0 124 0 Role: 1
0 135 183 69 88 0 Role: 1
0 67 0 Role: 1
0 23 117 106 0 Role: 1
0 83 0 Role: 1
0 101 146 181 0 Role: 2
0 171 129 78 0 Role: 2
0 4 0 Role: 3
0 21 58 0 Role: 3
0 166 3 5 0 Role: 4
0 102 159 0 Role: 5
0 111 0 Role: 5
0 199 140 119 0 Role: 5
0 197 71 0 Role: 5
0 54 0 Role: 6
0 13 0 Role: 7
0 20 123 40 0 Role: 7
0 49 0 Role: 7

Số khách: 138
Chi phí: 2.73543e+07
0 72 186 137 45 83 67 43 44 29 88 90 106 23 175 25 10 9 130 170 34 188 87 0 Role: 0
0 59 79 82 75 92 60 80 56 95 1 11 33 51 46 31 55 50 19 61 76 124 112 0 Role: 0
0 14 6 63 8 70 5 3 2 12 22 125 53 35 62 39 41 64 69 74 183 0 Role: 0
0 84 77 89 85 91 66 28 81 47 99 134 151 0 Role: 0
0 15 37 17 7 30 52 20 18 27 65 103 176 96 68 120 0 Role: 0
0 13 0 Role: 0
0 16 24 0 Role: 0
0 26 42 40 36 48 49 38 0 Role: 0
0 101 181 146 0 Role: 1
0 4 126 0 Role: 1
0 21 32 158 0 Role: 2
0 71 122 0 Role: 2
0 117 123 135 0 Role: 2
0 149 167 0 Role: 2
0 161 194 0 Role: 2
0 162 0 Role: 2
0 192 0 Role: 2
0 54 57 0 Role: 3
0 58 197 0 Role: 3
0 78 111 0 Role: 3
0 102 159 0 Role: 3
0 119 0 Role: 3
0 140 199 0 Role: 3
0 156 0 Role: 3
0 160 163 0 Role: 3
0 93 0 Role: 4
0 129 171 0 Role: 4
0 166 0 Role: 5

Số khách: 168
Chi phí: 3.15658e+07
0 70 1 192 20 123 109 80 31 155 9 25 34 82 33 51 46 87 50 19 55 134 61 151 76 112 0 Role: 0
0 6 59 56 60 11 53 35 39 41 62 74 189 0 Role: 0
0 66 28 2 79 22 68 8 47 12 81 179 108 104 110 125 164 118 143 188 0 Role: 0
0 21 5 15 37 7 26 40 49 89 91 153 95 115 150 169 195 0 Role: 0
0 63 75 121 137 98 133 38 178 165 193 196 0 Role: 0
0 16 65 36 96 42 45 73 92 44 99 136 103 176 182 0 Role: 0
0 141 30 154 17 18 27 100 107 0 Role: 0
0 84 58 86 97 0 Role: 0
0 93 119 199 0 Role: 1
0 159 102 0 Role: 1
0 111 0 Role: 1
0 146 140 0 Role: 1
0 13 0 Role: 2
0 101 181 0 Role: 3
0 126 0 Role: 3
0 129 0 Role: 3
0 54 171 78 0 Role: 4
0 166 3 0 Role: 4
0 4 32 149 0 Role: 5
0 52 0 Role: 5
0 71 161 0 Role: 5
0 120 0 Role: 5
0 167 0 Role: 5
0 156 43 57 0 Role: 6
0 48 24 10 158 0 Role: 6
0 14 90 0 Role: 6
0 85 130 162 0 Role: 6
0 163 64 122 72 0 Role: 6
0 170 194 0 Role: 6
0 175 29 191 0 Role: 6
0 124 0 Role: 6
0 135 183 69 88 0 Role: 6
0 67 0 Role: 6
0 23 117 106 0 Role: 6
0 83 0 Role: 6
0 160 0 Role: 7
0 197 0 Role: 7

Số khách: 167
Chi phí: 3.142e+07
0 16 65 36 96 42 45 73 92 44 99 189 136 120 103 176 182 0 Role: 0
0 21 15 37 7 26 40 3 5 32 49 52 89 91 95 71 104 164 118 143 179 0 Role: 0
0 66 28 2 79 22 68 8 47 12 81 188 108 125 110 195 149 167 153 0 Role: 0
0 70 1 192 20 123 109 80 31 155 9 25 34 82 33 51 46 87 50 19 55 134 61 151 76 112 0 Role: 0
0 63 75 150 115 121 98 133 38 161 169 178 196 0 Role: 0
0 6 59 56 60 11 53 35 39 41 62 74 0 Role: 0
0 30 141 154 17 18 27 100 107 165 193 0 Role: 0
0 13 54 84 58 86 97 0 Role: 0
0 93 4 197 0 Role: 1
0 102 159 0 Role: 1
0 111 78 0 Role: 1
0 146 119 140 199 0 Role: 1
0 156 43 57 0 Role: 2
0 48 24 10 158 0 Role: 2
0 14 90 0 Role: 2
0 85 130 162 0 Role: 2
0 163 64 122 72 0 Role: 2
0 170 194 0 Role: 2
0 175 29 191 0 Role: 2
0 124 0 Role: 2
0 135 183 69 88 0 Role: 2
0 67 0 Role: 2
0 23 117 106 0 Role: 2
0 83 0 Role: 2
0 101 166 0 Role: 3
0 126 0 Role: 3
0 129 171 0 Role: 3
0 160 0 Role: 3
0 181 0 Role: 4

Số khách: 166
Chi phí: 3.11776e+07
0 21 15 37 7 26 40 3 5 32 49 52 89 91 95 71 104 164 118 143 179 176 99 0 Role: 0
0 70 1 192 20 123 109 80 31 155 9 25 34 82 33 51 46 87 50 19 55 134 61 151 76 112 0 Role: 0
0 63 75 150 115 121 98 133 38 161 169 73 92 189 196 96 178 120 103 182 0 Role: 0
0 66 28 2 79 22 68 8 47 12 81 188 108 125 136 110 195 149 167 153 0 Role: 0
0 30 141 154 17 18 27 100 107 165 193 65 0 Role: 0
0 6 59 56 60 11 53 35 39 41 62 74 0 Role: 0
0 16 36 42 0 Role: 0
0 44 45 137 186 0 Role: 0
0 93 4 197 0 Role: 1
0 102 159 0 Role: 1
0 111 78 0 Role: 1
0 146 119 140 199 0 Role: 1
0 156 43 57 0 Role: 2
0 48 24 10 158 0 Role: 2
0 14 90 0 Role: 2
0 85 130 162 0 Role: 2
0 163 64 122 72 0 Role: 2
0 170 194 0 Role: 2
0 175 29 191 0 Role: 2
0 124 0 Role: 2
0 135 183 69 88 0 Role: 2
0 67 0 Role: 2
0 23 117 106 0 Role: 2
0 83 0 Role: 2
0 181 101 0 Role: 3
0 13 126 0 Role: 4
0 58 0 Role: 4
0 129 171 0 Role: 4
0 160 0 Role: 4
0 54 0 Role: 5
0 166 0 Role: 5

