Số khách: 49
Chi phí: 7.16151e+06
0 23 35 10 2 5 0 Role: 0
0 28 47 26 45 34 49 11 48 31 19 37 27 0 Role: 0
0 16 44 25 24 40 39 41 22 50 6 0 Role: 0
0 36 38 3 0 Role: 0
0 20 15 18 13 14 1 0 Role: 1
0 17 32 7 0 Role: 1
0 30 0 Role: 2
0 4 9 12 21 8 0 Role: 2
0 43 29 0 Role: 3
0 46 42 0 Role: 4

Số khách: 40
Chi phí: 3.31749e+06
0 31 0 Role: 0
0 24 7 1 0 Role: 1
0 18 2 28 0 Role: 1
0 50 17 6 39 0 Role: 1
0 16 0 Role: 2
0 35 5 0 Role: 2
0 32 0 Role: 2
0 15 9 30 22 23 14 0 Role: 2
0 19 8 0 Role: 2
0 38 48 3 40 13 0 Role: 3
0 12 0 Role: 4
0 36 4 20 10 0 Role: 4
0 45 21 44 0 Role: 4
0 42 0 Role: 5
0 43 46 29 0 Role: 5

Số khách: 42
Chi phí: 4.56079e+06
0 40 41 28 0 Role: 0
0 14 20 18 6 27 22 2 1 0 Role: 0
0 13 16 44 8 0 Role: 1
0 10 0 Role: 1
0 24 7 32 50 0 Role: 1
0 17 39 31 0 Role: 1
0 15 4 30 23 0 Role: 2
0 42 46 5 45 9 36 0 Role: 3
0 19 35 0 Role: 3
0 48 21 0 Role: 4
0 12 3 0 Role: 4
0 43 38 29 0 Role: 5

Số khách: 44
Chi phí: 5.66544e+06
0 16 3 26 35 23 8 0 Role: 0
0 30 19 21 0 Role: 0
0 48 33 4 11 15 24 14 28 13 45 5 27 0 Role: 0
0 17 0 Role: 1
0 40 10 2 22 7 31 0 Role: 1
0 50 0 Role: 1
0 18 6 0 Role: 1
0 32 1 0 Role: 1
0 44 0 Role: 2
0 36 9 39 0 Role: 2
0 43 38 29 20 0 Role: 3
0 12 0 Role: 3
0 42 46 0 Role: 4

Số khách: 46
Chi phí: 7.06283e+06
0 40 13 10 22 30 37 25 0 Role: 0
0 14 32 41 2 7 27 17 6 18 0 Role: 0
0 47 39 0 Role: 0
0 11 19 35 1 0 Role: 0
0 38 29 0 Role: 1
0 24 5 15 9 50 31 0 Role: 1
0 23 0 Role: 1
0 36 20 48 3 12 0 Role: 2
0 44 0 Role: 2
0 16 45 21 28 0 Role: 3
0 8 0 Role: 3
0 43 0 Role: 4
0 42 4 0 Role: 4
0 46 0 Role: 5

Số khách: 45
Chi phí: 6.12741e+06
0 29 49 34 8 28 0 Role: 0
0 47 25 37 22 2 50 1 0 Role: 0
0 36 0 Role: 0
0 6 0 Role: 1
0 10 20 31 39 32 0 Role: 2
0 15 35 23 14 0 Role: 2
0 18 9 19 5 0 Role: 2
0 48 30 44 0 Role: 3
0 40 7 17 0 Role: 3
0 24 0 Role: 3
0 13 16 3 4 21 0 Role: 4
0 45 0 Role: 4
0 43 46 12 0 Role: 5
0 42 38 0 Role: 6

Số khách: 41
Chi phí: 3.42604e+06
0 41 35 45 1 0 Role: 0
0 36 3 2 0 Role: 1
0 39 0 Role: 1
0 18 30 0 Role: 1
0 23 22 21 0 Role: 2
0 15 7 50 31 28 0 Role: 2
0 24 17 6 32 0 Role: 2
0 42 12 10 40 14 13 0 Role: 3
0 16 44 8 19 9 0 Role: 3
0 5 0 Role: 3
0 29 20 48 0 Role: 4
0 43 46 38 4 0 Role: 5

