Số khách: 19
Chi phí: 3.34026e+06
0 12 62 53 25 45 67 85 39 75 49 78 26 48 38 0 Role: 0
0 90 5 46 51 100 0 Role: 1

Số khách: 100
Chi phí: 2.35501e+07
0 1 3 60 57 76 51 38 8 12 2 14 15 19 23 24 39 48 49 54 62 67 75 78 0 Role: 0
0 30 66 28 36 37 40 58 59 77 79 82 87 89 91 95 97 100 5 74 83 0 Role: 0
0 11 65 69 73 86 93 99 10 22 27 33 41 47 50 61 63 92 0 Role: 0
0 98 4 9 13 17 18 20 29 35 42 44 64 68 72 81 0 Role: 0
0 70 88 6 16 25 26 34 43 45 46 53 55 71 80 84 85 0 Role: 0
0 31 96 90 0 Role: 1
0 21 0 Role: 2
0 56 94 0 Role: 2
0 7 52 32 0 Role: 2

Số khách: 96
Chi phí: 1.97036e+07
0 59 65 86 93 10 17 22 32 35 36 37 40 47 74 92 0 Role: 0
0 30 66 69 73 77 7 79 87 89 20 29 43 51 64 83 97 44 71 72 80 0 Role: 0
0 1 4 6 18 34 42 50 61 2 12 14 19 23 26 38 39 48 49 75 78 0 Role: 0
0 11 27 33 41 60 63 13 82 91 95 3 8 15 24 54 55 62 67 85 0 Role: 0
0 31 90 0 Role: 1
0 94 57 0 Role: 1
0 9 52 0 Role: 1
0 76 0 Role: 2
0 96 0 Role: 2
0 16 21 84 56 58 0 Role: 3
0 5 45 0 Role: 3
0 100 46 53 0 Role: 3
0 81 0 Role: 3
0 25 0 Role: 3
0 68 0 Role: 3
0 99 0 Role: 4

Số khách: 97
Chi phí: 2.32991e+07
0 1 4 6 18 34 42 50 61 2 12 14 19 23 26 38 39 48 49 75 78 0 Role: 0
0 11 27 33 41 60 63 13 82 91 95 3 8 15 24 54 55 62 67 85 0 Role: 0
0 10 17 22 28 32 35 36 37 40 47 74 92 0 Role: 0
0 30 66 69 73 77 7 79 87 89 20 29 43 51 64 83 97 44 71 72 80 0 Role: 0
0 59 65 86 0 Role: 0
0 70 88 0 Role: 0
0 31 90 0 Role: 1
0 94 0 Role: 1
0 9 52 0 Role: 1
0 16 21 84 56 58 0 Role: 2
0 5 45 0 Role: 2
0 100 46 53 0 Role: 2
0 81 0 Role: 2
0 25 0 Role: 2
0 68 0 Role: 2
0 76 0 Role: 3
0 96 0 Role: 3
0 99 0 Role: 4

Số khách: 86
Chi phí: 1.69184e+07
0 77 34 8 39 18 42 50 61 83 97 3 15 24 55 62 67 85 26 48 49 75 78 0 Role: 0
0 10 28 36 37 40 41 59 60 79 87 89 2 6 12 14 19 20 23 38 43 44 54 71 72 80 0 Role: 0
0 1 4 17 22 33 35 47 63 64 82 91 92 95 74 0 Role: 0
0 76 0 Role: 1
0 99 0 Role: 1
0 16 21 84 56 58 0 Role: 2
0 5 45 0 Role: 2
0 100 46 53 0 Role: 2
0 81 0 Role: 2
0 25 0 Role: 2
0 68 0 Role: 2
0 31 90 0 Role: 3
0 94 57 0 Role: 3
0 9 32 52 0 Role: 3
0 96 51 0 Role: 4
0 7 0 Role: 5

Số khách: 89
Chi phí: 1.85704e+07
0 66 2 6 7 12 13 14 19 20 23 29 38 43 44 71 72 74 75 78 80 0 Role: 0
0 10 28 36 37 40 41 59 60 79 87 89 0 Role: 0
0 1 4 17 22 27 33 35 47 63 64 82 91 92 95 0 Role: 0
0 77 34 8 39 18 42 50 61 83 97 3 15 24 55 62 67 85 26 48 49 0 Role: 0
0 16 21 84 56 58 0 Role: 1
0 5 45 0 Role: 1
0 100 46 53 0 Role: 1
0 81 0 Role: 1
0 25 0 Role: 1
0 68 0 Role: 1
0 76 0 Role: 2
0 99 0 Role: 2
0 96 51 0 Role: 3
0 31 90 0 Role: 4
0 94 57 0 Role: 4
0 9 32 52 0 Role: 4

Số khách: 69
Chi phí: 1.20408e+07
0 77 34 8 39 18 42 50 61 83 97 3 15 24 55 62 67 85 26 48 49 75 78 0 Role: 0
0 10 28 36 37 40 41 59 60 79 87 89 2 6 12 14 19 20 23 38 43 44 54 71 72 80 0 Role: 0
0 31 90 0 Role: 1
0 94 57 0 Role: 1
0 9 32 52 0 Role: 1
0 16 21 84 56 58 0 Role: 2
0 5 45 0 Role: 2
0 100 53 0 Role: 2
0 81 0 Role: 2
0 25 0 Role: 2
0 68 0 Role: 2
0 96 51 0 Role: 3
0 7 0 Role: 4

Số khách: 72
Chi phí: 1.3274e+07
0 48 12 74 92 26 44 71 72 80 2 14 19 23 38 49 75 78 0 Role: 0
0 77 34 8 39 18 42 50 61 83 97 3 15 24 54 55 62 67 85 0 Role: 0
0 10 13 17 22 27 33 6 7 20 29 35 43 51 64 91 95 0 Role: 0
0 31 90 0 Role: 1
0 94 57 0 Role: 1
0 9 32 52 0 Role: 1
0 76 0 Role: 2
0 16 21 84 56 58 0 Role: 3
0 5 45 0 Role: 3
0 100 46 53 0 Role: 3
0 81 0 Role: 3
0 25 0 Role: 3
0 68 0 Role: 3

Số khách: 90
Chi phí: 1.94198e+07
0 65 10 17 20 29 35 47 51 64 43 83 97 3 15 24 54 55 62 67 85 0 Role: 0
0 22 28 36 37 40 59 7 8 63 91 95 0 Role: 0
0 1 4 6 18 34 42 50 61 0 Role: 0
0 48 12 74 92 26 44 71 72 80 2 14 19 23 38 49 75 78 39 0 Role: 0
0 30 66 69 73 77 13 27 33 41 60 79 82 87 0 Role: 0
0 31 90 0 Role: 1
0 94 57 0 Role: 1
0 9 32 52 0 Role: 1
0 16 21 84 56 58 0 Role: 2
0 5 45 0 Role: 2
0 100 46 53 0 Role: 2
0 81 0 Role: 2
0 25 0 Role: 2
0 68 0 Role: 2

Số khách: 60
Chi phí: 9.56653e+06
0 48 12 74 92 26 44 71 72 80 2 14 19 23 38 49 75 78 0 Role: 0
0 77 34 8 39 18 42 50 61 83 97 3 15 24 54 55 62 67 85 0 Role: 0
0 31 90 0 Role: 1
0 94 0 Role: 1
0 9 32 0 Role: 1
0 99 51 0 Role: 2
0 76 7 0 Role: 3
0 57 0 Role: 3
0 6 52 0 Role: 3
0 16 21 84 56 58 0 Role: 4
0 5 45 0 Role: 4
0 100 46 53 0 Role: 4
0 81 0 Role: 4
0 25 0 Role: 4
0 68 0 Role: 4

Số khách: 55
Chi phí: 8.87622e+06
0 10 28 36 37 40 41 59 60 79 87 89 2 6 12 14 19 20 23 38 43 44 54 71 72 80 24 26 39 48 49 75 0 Role: 0
0 31 90 0 Role: 1
0 94 57 0 Role: 1
0 9 32 52 0 Role: 1
0 7 0 Role: 2
0 16 21 84 56 58 0 Role: 3
0 5 45 0 Role: 3
0 100 46 53 0 Role: 3
0 81 85 0 Role: 3
0 25 0 Role: 3
0 68 0 Role: 3
0 96 51 0 Role: 4

Số khách: 52
Chi phí: 7.46145e+06
0 22 28 36 37 40 59 86 93 1 2 6 9 12 14 18 19 23 26 34 38 39 42 44 48 49 71 72 75 78 80 24 62 67 85 0 Role: 0
0 16 21 84 56 58 0 Role: 1
0 45 5 51 0 Role: 1
0 100 46 53 0 Role: 1
0 81 0 Role: 1
0 25 0 Role: 1
0 68 0 Role: 1
0 7 32 52 0 Role: 2
0 57 0 Role: 2

Số khách: 81
Chi phí: 1.68676e+07
0 65 10 17 20 29 35 47 51 64 43 2 12 14 19 23 26 38 48 49 75 78 0 Role: 0
0 77 34 8 39 18 42 50 61 83 97 3 15 24 54 55 62 67 85 0 Role: 0
0 11 27 33 41 60 63 13 82 91 95 44 71 72 74 80 0 Role: 0
0 1 4 22 36 37 40 0 Role: 0
0 76 7 0 Role: 1
0 57 0 Role: 1
0 6 52 32 0 Role: 1
0 16 21 84 56 0 Role: 2
0 5 45 0 Role: 2
0 100 46 53 0 Role: 2
0 81 0 Role: 2
0 25 0 Role: 2
0 68 0 Role: 2
0 9 0 Role: 3
0 90 0 Role: 3
0 94 0 Role: 3

Số khách: 65
Chi phí: 1.17513e+07
0 77 34 8 39 18 42 50 61 83 97 3 15 24 54 55 62 67 85 0 Role: 0
0 48 12 74 92 26 44 71 72 80 2 14 19 23 38 49 75 78 0 Role: 0
0 1 4 7 20 29 35 47 43 51 64 0 Role: 0
0 16 21 84 56 58 0 Role: 1
0 5 45 0 Role: 1
0 100 46 53 0 Role: 1
0 81 0 Role: 1
0 25 0 Role: 1
0 68 0 Role: 1
0 31 90 0 Role: 2
0 94 57 0 Role: 2
0 9 32 52 0 Role: 2

Số khách: 54
Chi phí: 8.44635e+06
0 48 12 74 92 26 44 71 72 80 2 14 19 23 38 49 75 78 0 Role: 0
0 77 34 8 39 18 42 50 61 83 97 3 15 24 54 55 62 67 85 84 0 Role: 0
0 31 90 5 46 0 Role: 1
0 94 57 16 0 Role: 1
0 9 32 52 53 0 Role: 1
0 6 7 58 0 Role: 2
0 25 45 51 100 0 Role: 2

Số khách: 73
Chi phí: 1.42506e+07
0 65 10 17 20 29 35 47 51 64 43 2 12 14 19 23 26 38 48 49 75 78 39 62 67 85 0 Role: 0
0 1 4 22 36 37 40 3 8 15 24 54 55 0 Role: 0
0 11 27 33 41 60 63 13 82 91 95 44 71 72 74 80 0 Role: 0
0 76 7 0 Role: 1
0 57 58 0 Role: 1
0 6 52 32 0 Role: 1
0 9 0 Role: 2
0 90 0 Role: 2
0 94 0 Role: 2
0 16 21 84 56 0 Role: 3
0 45 0 Role: 3
0 100 46 53 0 Role: 3
0 81 0 Role: 3
0 25 0 Role: 3
0 68 0 Role: 3

Số khách: 61
Chi phí: 1.02208e+07
0 77 34 8 39 18 42 50 61 83 97 2 3 14 19 23 26 38 48 49 75 78 0 Role: 0
0 1 4 6 7 12 13 15 24 43 44 54 55 62 67 80 0 Role: 0
0 31 90 0 Role: 1
0 94 57 0 Role: 1
0 9 32 52 0 Role: 1
0 16 21 84 56 58 0 Role: 2
0 5 45 0 Role: 2
0 100 46 53 0 Role: 2
0 81 85 0 Role: 2
0 25 0 Role: 2
0 68 0 Role: 2
0 76 0 Role: 3
0 96 51 0 Role: 3
0 99 0 Role: 4

Số khách: 80
Chi phí: 1.61397e+07
0 1 4 6 7 20 29 35 47 43 51 64 0 Role: 0
0 77 34 8 39 18 42 50 61 83 97 3 15 24 54 55 62 67 85 0 Role: 0
0 48 12 74 92 26 44 71 72 80 2 14 19 23 38 49 75 78 0 Role: 0
0 10 13 17 22 27 33 41 60 63 82 91 95 0 Role: 0
0 31 90 0 Role: 1
0 94 57 0 Role: 1
0 9 32 52 0 Role: 1
0 16 21 84 56 58 0 Role: 2
0 5 45 0 Role: 2
0 100 46 53 0 Role: 2
0 81 0 Role: 2
0 25 0 Role: 2
0 68 0 Role: 2
0 96 0 Role: 3
0 76 0 Role: 4

Số khách: 34
Chi phí: 4.83182e+06
0 48 12 74 92 26 44 71 72 80 2 14 19 23 38 49 75 78 39 0 Role: 0
0 16 21 84 56 58 0 Role: 1
0 5 45 0 Role: 1
0 100 46 53 0 Role: 1
0 81 85 0 Role: 1
0 25 0 Role: 1
0 68 0 Role: 1
0 6 52 0 Role: 2

Số khách: 38
Chi phí: 4.8639e+06
0 48 12 74 92 26 44 71 72 2 14 19 23 38 49 75 78 39 62 0 Role: 0
0 16 21 84 56 58 0 Role: 1
0 5 45 0 Role: 1
0 100 46 53 0 Role: 1
0 81 85 0 Role: 1
0 25 0 Role: 1
0 68 0 Role: 1
0 76 7 0 Role: 2
0 57 0 Role: 2
0 6 52 32 0 Role: 2

Số khách: 63
Chi phí: 1.08543e+07
0 10 13 17 22 27 33 8 18 34 42 50 61 83 97 2 3 14 19 23 26 38 39 48 75 0 Role: 0
0 1 4 12 15 24 43 44 49 54 55 62 67 0 Role: 0
0 6 7 0 Role: 1
0 51 0 Role: 1
0 31 90 0 Role: 2
0 94 57 0 Role: 2
0 9 32 52 0 Role: 2
0 16 21 84 56 58 0 Role: 3
0 5 45 0 Role: 3
0 100 46 53 0 Role: 3
0 81 85 0 Role: 3
0 25 0 Role: 3
0 68 0 Role: 3
0 76 0 Role: 4
0 96 0 Role: 4
0 99 0 Role: 4

Số khách: 74
Chi phí: 1.49109e+07
0 48 12 74 92 26 44 71 72 80 2 14 19 23 38 49 75 78 0 Role: 0
0 1 4 6 7 20 29 35 47 43 51 64 0 Role: 0
0 77 34 8 39 18 42 50 61 83 97 3 15 24 54 55 62 67 85 0 Role: 0
0 10 13 17 22 27 33 0 Role: 0
0 31 90 0 Role: 1
0 94 57 0 Role: 1
0 9 32 52 0 Role: 1
0 16 21 84 56 58 0 Role: 2
0 5 45 0 Role: 2
0 100 46 53 0 Role: 2
0 81 0 Role: 2
0 25 0 Role: 2
0 68 0 Role: 2
0 76 0 Role: 3
0 96 0 Role: 4

Số khách: 29
Chi phí: 4.21751e+06
0 48 12 74 92 26 44 71 72 80 2 14 19 23 38 49 75 78 39 0 Role: 0
0 31 90 5 46 0 Role: 1
0 94 57 16 0 Role: 1
0 9 32 52 53 0 Role: 1

Số khách: 49
Chi phí: 7.40146e+06
0 22 28 36 37 40 59 86 93 1 2 6 9 12 14 18 19 23 26 34 38 39 42 44 48 49 71 72 75 78 80 24 62 67 85 0 Role: 0
0 16 21 84 56 58 0 Role: 1
0 5 45 0 Role: 1
0 100 46 53 0 Role: 1
0 81 0 Role: 1
0 25 0 Role: 1
0 68 0 Role: 1
0 32 52 0 Role: 2

Số khách: 75
Chi phí: 1.53059e+07
0 40 60 77 79 82 87 89 2 3 5 9 14 18 19 23 24 26 38 39 43 48 49 54 62 67 75 78 0 Role: 0
0 31 36 37 59 1 8 12 15 16 25 45 46 53 81 84 85 55 71 72 80 0 Role: 0
0 4 13 17 20 29 34 35 42 44 50 61 64 68 74 0 Role: 0
0 96 90 0 Role: 1
0 76 7 0 Role: 2
0 99 51 0 Role: 3
0 6 32 52 0 Role: 4
0 56 57 58 100 0 Role: 4
0 21 0 Role: 5

Số khách: 64
Chi phí: 1.11053e+07
0 65 10 17 20 29 35 47 51 64 43 2 12 14 19 23 26 38 48 49 75 78 0 Role: 0
0 77 34 8 39 18 42 50 61 83 97 3 15 24 54 55 62 67 85 0 Role: 0
0 31 90 0 Role: 1
0 94 0 Role: 1
0 9 32 0 Role: 1
0 96 0 Role: 2
0 16 21 84 56 58 0 Role: 3
0 5 45 0 Role: 3
0 100 46 53 0 Role: 3
0 81 0 Role: 3
0 25 0 Role: 3
0 68 0 Role: 3
0 99 0 Role: 4
0 76 7 0 Role: 5
0 57 0 Role: 5
0 6 52 0 Role: 5

Số khách: 26
Chi phí: 4.08414e+06
0 12 62 53 25 45 67 85 39 75 19 49 78 26 48 38 0 Role: 0
0 90 5 46 51 100 0 Role: 1
0 6 7 16 0 Role: 2
0 9 32 52 0 Role: 2

Số khách: 44
Chi phí: 5.92294e+06
0 48 12 74 92 26 44 71 72 80 2 14 19 23 38 49 75 78 39 0 Role: 0
0 31 90 0 Role: 1
0 94 0 Role: 1
0 9 32 0 Role: 1
0 96 51 0 Role: 2
0 76 7 0 Role: 3
0 57 0 Role: 3
0 6 52 0 Role: 3
0 16 21 84 56 58 0 Role: 4
0 5 45 0 Role: 4
0 100 46 53 0 Role: 4
0 81 85 0 Role: 4
0 25 0 Role: 4
0 68 0 Role: 4

Số khách: 78
Chi phí: 1.56917e+07
0 77 34 8 39 18 42 50 61 83 97 3 15 24 54 55 62 67 85 84 48 49 0 Role: 0
0 11 65 69 73 86 93 99 1 2 4 12 13 14 17 19 20 23 26 29 35 38 43 44 64 68 71 72 75 78 80 0 Role: 0
0 10 21 22 27 33 41 47 0 Role: 0
0 6 7 58 0 Role: 1
0 25 45 51 100 0 Role: 1
0 31 90 5 46 0 Role: 2
0 94 57 16 0 Role: 2
0 9 32 52 53 0 Role: 2
0 56 81 0 Role: 3

Số khách: 77
Chi phí: 1.55947e+07
0 1 4 6 7 20 29 35 47 0 Role: 0
0 11 27 33 41 60 63 13 82 91 95 43 51 64 0 Role: 0
0 48 12 74 92 26 44 71 72 80 2 14 19 23 38 49 75 78 0 Role: 0
0 77 34 8 39 18 42 50 61 83 97 3 15 24 54 55 62 67 85 0 Role: 0
0 31 90 0 Role: 1
0 94 57 0 Role: 1
0 9 32 52 0 Role: 1
0 16 21 84 56 58 0 Role: 2
0 5 45 0 Role: 2
0 100 46 53 0 Role: 2
0 81 0 Role: 2
0 25 0 Role: 2
0 68 0 Role: 2
0 76 0 Role: 3

Số khách: 20
Chi phí: 3.59631e+06
0 12 62 53 25 45 67 85 39 75 19 49 78 26 48 38 0 Role: 0
0 90 5 46 51 100 0 Role: 1

Số khách: 42
Chi phí: 5.73306e+06
0 48 12 74 92 26 44 71 72 80 2 14 19 23 38 49 75 78 39 0 Role: 0
0 31 90 0 Role: 1
0 94 57 0 Role: 1
0 9 32 52 0 Role: 1
0 6 7 0 Role: 2
0 16 21 84 56 58 0 Role: 3
0 5 45 0 Role: 3
0 100 46 53 0 Role: 3
0 81 85 0 Role: 3
0 25 0 Role: 3
0 68 0 Role: 3
0 51 0 Role: 4

Số khách: 46
Chi phí: 6.37236e+06
0 77 34 8 39 18 42 50 61 83 97 2 3 14 19 23 26 38 48 49 75 78 0 Role: 0
0 99 51 0 Role: 1
0 16 21 84 56 58 0 Role: 2
0 5 45 0 Role: 2
0 100 46 53 0 Role: 2
0 81 85 0 Role: 2
0 25 0 Role: 2
0 68 0 Role: 2
0 31 90 0 Role: 3
0 94 57 0 Role: 3
0 9 32 52 0 Role: 3
0 6 7 0 Role: 4

Số khách: 47
Chi phí: 6.89699e+06
0 77 34 8 39 18 42 50 61 83 97 2 3 14 19 23 26 38 48 49 75 78 0 Role: 0
0 99 51 0 Role: 1
0 16 21 84 56 58 0 Role: 2
0 5 45 0 Role: 2
0 100 46 0 Role: 2
0 81 85 0 Role: 2
0 25 0 Role: 2
0 68 0 Role: 2
0 76 7 0 Role: 3
0 57 0 Role: 3
0 6 52 0 Role: 3
0 96 0 Role: 4
0 31 90 0 Role: 5
0 94 0 Role: 5
0 9 32 0 Role: 5

Số khách: 48
Chi phí: 6.92003e+06
0 77 34 8 39 18 42 50 61 83 97 2 3 14 19 23 26 38 48 49 75 78 0 Role: 0
0 76 7 0 Role: 1
0 57 85 0 Role: 1
0 6 52 0 Role: 1
0 31 90 0 Role: 2
0 94 0 Role: 2
0 9 32 0 Role: 2
0 96 51 0 Role: 3
0 16 21 84 56 58 0 Role: 4
0 5 45 0 Role: 4
0 100 46 53 0 Role: 4
0 81 0 Role: 4
0 25 0 Role: 4
0 68 0 Role: 4
0 99 0 Role: 5

Số khách: 99
Chi phí: 2.33525e+07
0 11 28 65 69 73 86 90 93 99 6 26 34 43 55 64 71 80 0 Role: 0
0 1 3 60 57 76 51 38 8 12 2 14 15 19 23 24 39 48 49 54 62 67 75 78 0 Role: 0
0 5 10 22 27 33 41 47 50 61 63 74 83 92 0 Role: 0
0 30 66 4 9 13 17 18 20 29 35 42 44 72 77 97 100 0 Role: 0
0 70 88 36 37 40 59 79 82 87 89 91 95 0 Role: 0
0 31 0 Role: 1
0 21 0 Role: 2
0 56 94 0 Role: 2
0 7 52 32 0 Role: 2
0 84 85 58 0 Role: 3
0 45 16 53 0 Role: 3
0 81 0 Role: 3
0 68 0 Role: 3
0 46 25 0 Role: 3
0 96 0 Role: 4

Số khách: 39
Chi phí: 5.22657e+06
0 48 12 74 92 26 44 71 72 2 14 19 23 38 49 75 78 39 0 Role: 0
0 16 21 84 56 58 0 Role: 1
0 5 45 0 Role: 1
0 100 46 53 0 Role: 1
0 81 85 0 Role: 1
0 25 0 Role: 1
0 68 0 Role: 1
0 99 51 0 Role: 2
0 76 7 0 Role: 3
0 57 0 Role: 3
0 6 52 32 0 Role: 3

Số khách: 31
Chi phí: 4.38639e+06
0 48 12 74 92 26 44 71 72 80 2 14 19 23 38 49 75 78 39 0 Role: 0
0 16 21 84 56 58 0 Role: 1
0 45 0 Role: 1
0 100 46 53 0 Role: 1
0 81 85 0 Role: 1
0 25 0 Role: 1
0 68 0 Role: 1

Số khách: 45
Chi phí: 6.32116e+06
0 48 12 74 92 26 44 71 72 80 2 14 19 23 38 49 75 78 39 0 Role: 0
0 99 51 0 Role: 1
0 16 21 84 56 58 0 Role: 2
0 5 45 0 Role: 2
0 100 46 53 0 Role: 2
0 81 85 0 Role: 2
0 25 0 Role: 2
0 68 0 Role: 2
0 31 90 0 Role: 3
0 94 0 Role: 3
0 9 32 0 Role: 3
0 76 7 0 Role: 4
0 57 0 Role: 4
0 6 52 0 Role: 4
0 96 0 Role: 5

Số khách: 33
Chi phí: 4.44653e+06
0 48 12 74 92 26 44 71 72 80 2 14 19 23 38 49 75 78 39 0 Role: 0
0 16 21 84 56 58 0 Role: 1
0 45 5 51 0 Role: 1
0 100 46 53 0 Role: 1
0 81 85 0 Role: 1
0 25 0 Role: 1
0 68 0 Role: 1

Số khách: 41
Chi phí: 5.58816e+06
0 77 34 8 39 18 42 50 61 83 97 2 3 14 19 23 26 38 48 49 75 78 0 Role: 0
0 16 21 84 56 58 0 Role: 1
0 5 45 0 Role: 1
0 100 46 53 0 Role: 1
0 81 85 0 Role: 1
0 25 0 Role: 1
0 68 0 Role: 1
0 90 0 Role: 2
0 94 57 0 Role: 2
0 9 32 52 0 Role: 2

Số khách: 40
Chi phí: 5.349e+06
0 48 12 74 92 26 44 71 72 80 2 14 19 23 38 49 75 78 0 Role: 0
0 31 90 0 Role: 1
0 94 57 0 Role: 1
0 9 32 52 0 Role: 1
0 6 7 0 Role: 2
0 16 21 84 56 58 0 Role: 3
0 5 45 0 Role: 3
0 100 46 53 0 Role: 3
0 81 85 0 Role: 3
0 25 0 Role: 3
0 68 0 Role: 3

Số khách: 21
Chi phí: 3.94118e+06
0 12 62 53 25 45 67 85 39 75 19 49 78 26 48 0 Role: 0
0 90 5 46 51 100 0 Role: 1
0 6 7 0 Role: 2

Số khách: 24
Chi phí: 4.08395e+06
0 12 62 53 25 45 67 85 39 75 19 49 78 26 48 38 0 Role: 0
0 90 5 46 51 100 0 Role: 1
0 6 7 16 0 Role: 2
0 9 0 Role: 2

Số khách: 23
Chi phí: 3.99026e+06
0 12 62 53 25 45 67 85 39 75 19 49 78 26 48 38 0 Role: 0
0 90 5 46 51 100 0 Role: 1
0 6 7 16 0 Role: 2

Số khách: 32
Chi phí: 4.44539e+06
0 48 12 74 92 26 44 71 72 80 2 14 19 23 38 49 75 78 39 0 Role: 0
0 16 21 84 56 58 0 Role: 1
0 5 45 0 Role: 1
0 100 46 53 0 Role: 1
0 81 85 0 Role: 1
0 25 0 Role: 1
0 68 0 Role: 1

Số khách: 22
Chi phí: 3.95712e+06
0 12 62 25 45 67 85 39 75 19 49 78 26 48 38 0 Role: 0
0 6 7 16 0 Role: 1
0 90 5 46 51 100 0 Role: 2

Số khách: 100
Chi phí: 1.91742e+07
0 98 4 13 17 18 20 29 34 35 42 43 44 55 71 72 80 84 0 Role: 0
0 66 10 41 69 22 21 33 27 47 50 61 63 58 51 64 92 74 83 81 0 Role: 0
0 30 70 88 96 76 94 0 Role: 0
0 1 40 28 11 65 37 36 73 77 79 12 3 82 89 95 87 91 97 2 14 39 26 15 48 38 75 23 19 24 0 Role: 0
0 16 60 93 86 59 8 5 25 45 46 78 49 54 85 62 67 53 0 Role: 0
0 52 32 6 0 Role: 1
0 56 57 7 0 Role: 1
0 68 9 100 0 Role: 1
0 31 90 0 Role: 2
0 99 0 Role: 2

Số khách: 24
Chi phí: 3.42206e+06
0 2 14 24 19 23 12 3 15 45 26 78 48 38 75 49 54 39 67 62 85 0 Role: 0
0 31 90 5 25 0 Role: 1

Số khách: 94
Chi phí: 1.76105e+07
0 1 17 22 4 27 13 35 34 29 44 71 97 53 16 51 46 100 0 Role: 0
0 36 30 47 41 63 37 59 60 64 77 68 81 91 83 23 3 38 74 92 78 26 62 67 2 39 19 54 49 75 48 85 0 Role: 0
0 10 9 6 7 18 12 8 20 5 14 55 80 84 45 25 43 15 24 0 Role: 0
0 73 66 79 86 82 95 42 72 50 52 61 0 Role: 0
0 31 40 28 21 33 32 65 89 87 58 56 57 0 Role: 0
0 96 90 0 Role: 1
0 99 0 Role: 1
0 76 0 Role: 2
0 94 0 Role: 2

Số khách: 87
Chi phí: 1.58673e+07
0 70 98 4 1 5 7 6 8 9 16 25 46 20 43 44 71 55 53 0 Role: 0
0 73 66 79 86 82 95 42 72 50 52 61 12 14 15 24 45 80 84 0 Role: 0
0 10 17 22 27 18 13 35 34 29 51 97 0 Role: 0
0 36 30 47 41 63 37 59 60 64 77 68 81 91 83 23 3 38 74 92 78 26 62 67 2 39 19 54 49 75 48 85 0 Role: 0
0 96 0 Role: 1
0 99 0 Role: 1
0 76 0 Role: 2
0 90 0 Role: 2
0 56 94 57 58 0 Role: 2
0 100 0 Role: 2

Số khách: 85
Chi phí: 1.42554e+07
0 10 59 37 41 47 36 79 60 77 82 3 12 23 19 14 2 9 5 15 24 49 75 38 48 78 26 45 39 0 Role: 0
0 40 11 21 33 87 18 89 8 20 43 54 44 71 72 55 80 84 67 62 0 Role: 0
0 31 1 28 65 17 69 13 4 22 27 63 29 34 35 42 61 50 64 74 83 0 Role: 0
0 56 57 7 0 Role: 1
0 53 6 32 52 0 Role: 1
0 16 100 46 25 0 Role: 1
0 85 81 0 Role: 1
0 58 94 0 Role: 2
0 76 0 Role: 2
0 51 0 Role: 3
0 68 0 Role: 3

Số khách: 73
Chi phí: 1.0401e+07
0 86 77 52 97 63 29 83 26 64 100 48 38 3 75 23 49 39 14 2 0 Role: 0
0 1 40 37 35 13 4 36 17 22 41 87 47 6 9 79 60 5 82 8 12 44 71 54 24 55 85 45 43 15 72 19 78 67 62 84 80 0 Role: 0
0 16 21 0 Role: 1
0 53 51 25 0 Role: 1
0 96 0 Role: 2
0 31 90 46 0 Role: 3
0 76 0 Role: 3
0 56 94 57 58 0 Role: 3
0 7 32 68 0 Role: 4
0 81 0 Role: 4

Số khách: 74
Chi phí: 1.21521e+07
0 59 60 64 8 3 12 63 14 2 15 48 38 23 49 19 24 39 25 26 75 78 0 Role: 0
0 1 66 17 69 18 13 4 86 93 20 43 29 34 35 44 42 54 53 45 55 80 84 85 62 67 0 Role: 0
0 46 5 10 41 22 27 33 16 51 58 81 72 71 83 74 92 100 0 Role: 0
0 96 90 0 Role: 1
0 6 52 32 0 Role: 2
0 56 57 7 0 Role: 2
0 68 9 0 Role: 2
0 21 0 Role: 3

Số khách: 32
Chi phí: 3.50163e+06
0 45 15 3 12 23 19 24 14 2 26 78 48 38 75 49 54 39 67 62 0 Role: 0
0 56 57 0 Role: 1
0 53 6 32 52 0 Role: 1
0 16 100 51 46 25 0 Role: 1
0 85 81 0 Role: 1

Số khách: 57
Chi phí: 6.6703e+06
0 1 40 37 35 13 4 36 17 22 41 87 47 6 9 79 60 5 82 8 12 3 15 45 85 2 14 24 54 44 19 49 23 75 48 78 26 62 67 39 0 Role: 0
0 21 56 58 57 0 Role: 1
0 53 76 7 0 Role: 1
0 81 84 0 Role: 1
0 16 25 46 51 100 0 Role: 2
0 52 68 0 Role: 2
0 31 32 0 Role: 3

Số khách: 59
Chi phí: 7.75852e+06
0 1 40 37 35 13 4 36 17 41 87 47 6 9 79 60 5 82 8 12 44 71 54 24 55 85 45 43 15 72 19 49 78 26 39 67 62 84 80 75 0 Role: 0
0 16 57 7 0 Role: 1
0 53 52 32 68 0 Role: 1
0 56 81 58 0 Role: 1
0 21 0 Role: 2
0 51 25 100 0 Role: 2
0 31 46 90 0 Role: 3
0 76 0 Role: 3
0 94 0 Role: 3
0 96 0 Role: 4

Số khách: 75
Chi phí: 1.23795e+07
0 10 9 6 7 18 12 8 20 5 14 55 80 84 45 25 43 15 71 24 0 Role: 0
0 36 30 47 41 63 37 59 60 64 77 68 81 91 83 23 3 38 74 92 78 26 62 67 2 39 19 54 49 75 48 85 0 Role: 0
0 73 66 79 86 82 95 42 72 50 52 44 61 16 0 Role: 0
0 53 76 0 Role: 1
0 46 90 0 Role: 1
0 56 94 57 58 0 Role: 1
0 51 100 0 Role: 1
0 21 0 Role: 2
0 32 0 Role: 2

Số khách: 43
Chi phí: 4.60168e+06
0 36 30 47 41 63 37 59 60 64 77 68 78 3 91 83 23 38 74 92 26 62 67 2 39 19 54 49 75 48 85 0 Role: 0
0 53 76 0 Role: 1
0 5 46 90 0 Role: 1
0 56 94 57 58 0 Role: 1
0 16 45 51 100 0 Role: 1

Số khách: 88
Chi phí: 1.6916e+07
0 1 17 22 4 27 13 35 34 29 44 97 16 46 0 Role: 0
0 10 9 6 7 18 12 8 20 5 14 55 80 84 45 25 43 15 24 0 Role: 0
0 73 66 79 86 82 95 42 72 0 Role: 0
0 53 52 11 28 40 51 32 50 33 56 71 61 0 Role: 0
0 36 30 47 41 63 37 59 60 64 77 68 81 91 83 23 3 38 74 92 78 26 62 67 2 39 19 54 49 75 48 85 0 Role: 0
0 76 0 Role: 1
0 90 0 Role: 1
0 58 57 94 0 Role: 1
0 100 0 Role: 1

Số khách: 71
Chi phí: 1.03566e+07
0 1 40 37 35 13 4 36 17 22 41 87 47 6 9 79 60 5 82 8 12 3 15 45 85 2 14 24 54 44 19 49 23 75 48 78 26 62 67 39 0 Role: 0
0 11 43 20 38 34 18 42 50 61 55 80 72 71 0 Role: 0
0 21 56 58 57 0 Role: 1
0 53 76 7 0 Role: 1
0 81 84 0 Role: 1
0 16 25 46 51 100 0 Role: 2
0 52 68 0 Role: 2
0 31 32 0 Role: 3
0 90 0 Role: 4

Số khách: 79
Chi phí: 1.28866e+07
0 1 40 79 8 15 3 12 14 2 19 54 49 23 38 48 26 39 62 24 67 78 75 0 Role: 0
0 60 59 43 20 64 63 44 18 55 71 72 80 0 Role: 0
0 28 11 37 17 22 4 13 36 27 29 34 35 97 50 61 42 83 74 0 Role: 0
0 31 0 Role: 1
0 76 0 Role: 1
0 90 100 0 Role: 1
0 21 16 0 Role: 2
0 53 7 6 32 52 0 Role: 3
0 85 81 56 0 Role: 3
0 46 51 0 Role: 3
0 58 57 84 0 Role: 3
0 9 68 0 Role: 3
0 5 25 45 0 Role: 3
0 96 0 Role: 4
0 99 0 Role: 4
0 94 0 Role: 5

Số khách: 55
Chi phí: 6.28117e+06
0 1 40 37 35 13 4 36 17 22 41 87 47 6 9 79 60 5 82 8 12 3 15 45 85 2 14 24 54 44 19 49 23 75 48 78 26 62 67 39 0 Role: 0
0 21 56 58 57 0 Role: 1
0 53 76 7 0 Role: 1
0 81 84 0 Role: 1
0 16 25 46 51 100 0 Role: 2
0 52 68 0 Role: 2

Số khách: 39
Chi phí: 4.48892e+06
0 45 15 3 12 23 19 24 14 2 26 78 48 38 75 49 54 39 67 62 0 Role: 0
0 56 57 7 0 Role: 1
0 53 6 32 52 0 Role: 1
0 16 100 46 25 0 Role: 1
0 85 81 0 Role: 1
0 5 51 0 Role: 2
0 9 68 0 Role: 2
0 58 84 0 Role: 2
0 21 0 Role: 3

Số khách: 92
Chi phí: 1.71765e+07
0 10 9 6 7 18 12 8 20 5 14 55 80 84 45 25 43 15 24 0 Role: 0
0 31 28 32 65 89 87 33 0 Role: 0
0 73 66 79 86 82 95 42 72 50 52 61 0 Role: 0
0 36 30 47 41 63 37 59 60 64 77 68 81 91 83 23 3 38 74 92 78 26 62 67 2 39 19 54 49 75 48 85 0 Role: 0
0 1 17 22 4 27 13 35 34 29 44 71 97 53 16 51 46 0 Role: 0
0 96 0 Role: 1
0 99 0 Role: 1
0 76 0 Role: 2
0 90 0 Role: 2
0 56 94 57 58 0 Role: 2
0 100 0 Role: 2

Số khách: 69
Chi phí: 9.538e+06
0 86 77 52 97 63 29 83 26 64 100 48 38 3 75 23 49 39 14 2 0 Role: 0
0 1 40 37 35 13 4 36 17 22 41 87 47 6 9 79 60 5 82 8 12 44 71 54 24 55 85 45 43 15 72 19 78 67 62 84 80 0 Role: 0
0 31 46 90 16 0 Role: 1
0 53 76 0 Role: 1
0 56 94 57 0 Role: 1
0 7 32 68 0 Role: 2
0 25 51 0 Role: 2

Số khách: 84
Chi phí: 1.34556e+07
0 86 77 52 97 63 29 83 26 64 100 48 38 3 75 23 49 39 14 2 0 Role: 0
0 1 40 37 35 13 4 36 17 22 41 87 47 6 9 79 60 5 82 8 12 44 71 54 24 55 85 45 43 15 72 19 78 67 62 84 80 0 Role: 0
0 10 20 33 61 50 42 18 34 74 92 0 Role: 0
0 31 90 46 0 Role: 1
0 76 0 Role: 1
0 94 0 Role: 1
0 16 57 7 0 Role: 2
0 53 32 68 0 Role: 2
0 56 81 58 0 Role: 2
0 21 0 Role: 3
0 51 25 0 Role: 3
0 96 0 Role: 4
0 99 0 Role: 4

Số khách: 52
Chi phí: 6.07683e+06
0 31 28 17 69 18 13 4 65 20 29 34 35 44 71 42 72 80 55 43 2 14 19 49 23 75 3 38 26 39 0 Role: 0
0 53 7 6 32 52 0 Role: 1
0 16 85 81 56 0 Role: 1
0 46 51 0 Role: 1
0 58 57 84 0 Role: 1
0 9 68 0 Role: 1
0 5 25 45 0 Role: 1
0 21 0 Role: 2
0 76 0 Role: 2
0 94 0 Role: 2
0 100 0 Role: 2

Số khách: 51
Chi phí: 5.82534e+06
0 31 28 17 69 18 13 4 65 20 29 34 35 44 71 42 72 80 55 43 2 14 19 49 23 75 3 38 26 39 48 67 62 0 Role: 0
0 53 7 6 32 52 0 Role: 1
0 16 85 81 56 0 Role: 1
0 46 51 0 Role: 1
0 58 57 84 0 Role: 1
0 9 68 0 Role: 1
0 5 25 45 0 Role: 1

Số khách: 60
Chi phí: 8.18475e+06
0 1 40 79 8 15 3 12 14 2 19 54 49 23 38 48 26 39 62 24 67 78 75 0 Role: 0
0 31 28 17 69 18 13 4 65 20 29 34 35 44 71 42 72 80 55 43 0 Role: 0
0 53 7 6 32 52 0 Role: 1
0 16 85 81 56 0 Role: 1
0 46 51 0 Role: 1
0 58 57 84 0 Role: 1
0 9 68 0 Role: 1
0 5 25 45 0 Role: 1

Số khách: 63
Chi phí: 9.11838e+06
0 1 40 37 35 13 4 36 17 22 41 87 47 6 9 79 60 5 82 8 12 44 71 54 24 55 85 45 43 15 72 19 78 67 62 84 80 0 Role: 0
0 86 77 52 97 63 29 83 26 64 100 2 14 39 49 23 38 75 3 0 Role: 0
0 16 57 7 0 Role: 1
0 53 32 68 0 Role: 1
0 56 81 58 0 Role: 1

Số khách: 38
Chi phí: 4.10671e+06
0 45 15 3 12 23 19 24 14 2 26 78 48 38 75 49 54 39 67 62 0 Role: 0
0 56 57 7 0 Role: 1
0 53 6 32 52 0 Role: 1
0 16 100 46 25 0 Role: 1
0 85 81 0 Role: 1
0 5 51 0 Role: 2
0 9 68 0 Role: 2
0 58 84 0 Role: 2

Số khách: 90
Chi phí: 1.6941e+07
0 31 28 52 32 65 42 72 61 50 95 0 Role: 0
0 10 9 6 7 18 12 8 20 5 14 55 80 84 45 25 43 15 24 0 Role: 0
0 36 30 47 41 63 37 59 60 64 77 68 81 91 83 23 3 38 74 92 78 26 62 67 2 39 19 54 49 75 48 85 0 Role: 0
0 11 40 21 33 87 89 82 79 0 Role: 0
0 1 17 22 4 27 13 35 34 29 44 71 97 53 16 51 46 0 Role: 0
0 76 0 Role: 1
0 90 0 Role: 1
0 56 94 57 58 0 Role: 1
0 100 0 Role: 1

Số khách: 80
Chi phí: 1.30164e+07
0 36 30 47 41 63 37 59 60 64 77 68 81 91 83 23 3 38 74 92 78 26 62 67 2 39 19 54 49 75 48 85 0 Role: 0
0 31 1 28 65 69 13 4 17 16 27 53 51 46 29 34 35 44 71 42 72 50 61 95 97 100 0 Role: 0
0 10 9 6 7 18 12 8 20 5 14 55 80 84 45 25 43 15 24 0 Role: 0
0 96 90 0 Role: 1
0 99 0 Role: 1
0 21 56 57 0 Role: 2

Số khách: 62
Chi phí: 8.7616e+06
0 10 17 22 27 18 13 35 34 29 5 12 97 14 24 80 84 16 45 25 0 Role: 0
0 36 30 47 41 63 37 59 60 64 77 68 81 91 83 23 3 38 74 92 78 26 62 67 2 39 19 54 49 75 48 85 0 Role: 0
0 96 46 0 Role: 1
0 53 99 0 Role: 1
0 76 0 Role: 2
0 90 0 Role: 2
0 56 94 57 58 0 Role: 2
0 52 100 0 Role: 2

Số khách: 44
Chi phí: 5.17712e+06
0 36 30 47 41 63 37 59 60 64 77 81 91 83 23 74 38 3 78 68 26 62 67 2 39 19 54 49 75 48 85 0 Role: 0
0 16 21 56 57 58 0 Role: 1
0 32 52 53 0 Role: 1
0 5 25 45 0 Role: 2
0 100 0 Role: 2
0 46 51 0 Role: 2

Số khách: 33
Chi phí: 3.8926e+06
0 45 15 3 12 23 19 24 14 2 26 78 48 38 75 49 54 39 67 62 0 Role: 0
0 56 57 7 0 Role: 1
0 53 6 32 52 0 Role: 1
0 16 100 46 25 0 Role: 1
0 85 0 Role: 1
0 5 51 0 Role: 2

Số khách: 49
Chi phí: 5.44224e+06
0 36 30 47 41 63 37 59 60 64 77 68 81 91 83 23 3 38 74 92 78 26 62 67 2 39 19 54 49 75 48 85 0 Role: 0
0 53 76 0 Role: 1
0 5 46 90 0 Role: 1
0 16 58 57 94 0 Role: 1
0 51 25 45 100 0 Role: 1
0 21 56 0 Role: 2
0 32 6 7 0 Role: 2

Số khách: 61
Chi phí: 8.45958e+06
0 36 30 47 41 63 37 59 60 64 77 68 81 91 83 23 3 38 74 92 78 26 62 67 2 39 19 54 49 75 48 85 0 Role: 0
0 5 1 66 9 69 4 7 6 8 12 24 14 55 80 84 16 25 43 15 0 Role: 0
0 96 90 0 Role: 1
0 99 45 0 Role: 1
0 21 56 57 58 0 Role: 2
0 32 52 53 0 Role: 2

Số khách: 65
Chi phí: 9.23878e+06
0 36 30 47 41 63 37 59 60 64 77 68 81 91 83 23 3 38 74 92 78 26 62 67 2 39 19 54 49 75 48 85 0 Role: 0
0 73 66 79 86 82 95 42 72 50 52 44 61 24 14 55 80 16 45 25 84 0 Role: 0
0 53 76 0 Role: 1
0 5 46 90 0 Role: 1
0 58 57 94 0 Role: 1
0 51 100 0 Role: 1
0 21 0 Role: 2
0 32 6 7 0 Role: 2

Số khách: 82
Chi phí: 1.33462e+07
0 36 30 47 41 63 37 59 60 64 77 68 81 91 83 23 3 38 74 92 78 26 62 67 2 39 19 54 49 75 48 85 0 Role: 0
0 70 98 4 1 5 7 6 8 9 12 15 43 25 45 16 84 80 14 24 72 0 Role: 0
0 31 40 28 65 69 33 21 32 87 89 13 29 34 35 44 42 18 97 51 46 71 55 53 0 Role: 0
0 76 0 Role: 1
0 90 0 Role: 1
0 56 94 57 58 0 Role: 1
0 100 52 0 Role: 1

Số khách: 66
Chi phí: 9.48793e+06
0 36 30 47 41 63 37 59 60 64 77 68 81 91 83 23 3 38 74 92 78 26 62 67 2 39 19 54 49 75 48 85 0 Role: 0
0 1 17 22 4 27 13 35 34 29 44 71 97 53 16 51 46 5 12 14 24 25 45 55 80 84 0 Role: 0
0 76 0 Role: 1
0 90 0 Role: 1
0 56 94 57 58 0 Role: 1
0 100 52 0 Role: 1
0 96 0 Role: 2
0 99 0 Role: 2

Số khách: 36
Chi phí: 4.01539e+06
0 45 15 3 12 23 19 24 14 2 26 78 48 38 75 49 54 39 67 62 0 Role: 0
0 56 57 7 0 Role: 1
0 53 6 32 52 0 Role: 1
0 16 100 46 25 0 Role: 1
0 85 81 0 Role: 1
0 5 51 0 Role: 2
0 9 68 0 Role: 2

Số khách: 46
Chi phí: 5.41296e+06
0 1 40 79 8 15 3 12 14 2 19 54 49 23 38 48 26 39 62 24 67 78 75 0 Role: 0
0 53 7 6 32 52 0 Role: 1
0 16 85 81 56 0 Role: 1
0 46 51 0 Role: 1
0 58 57 84 0 Role: 1
0 9 68 0 Role: 1
0 5 25 45 0 Role: 1
0 31 90 100 0 Role: 2
0 21 0 Role: 3
0 76 0 Role: 3

Số khách: 35
Chi phí: 3.89847e+06
0 45 15 3 12 23 19 24 14 2 26 78 48 38 75 49 54 39 67 62 0 Role: 0
0 31 90 5 25 0 Role: 1
0 56 57 7 0 Role: 2
0 53 6 32 52 0 Role: 2
0 46 51 100 0 Role: 2
0 85 81 0 Role: 2

Số khách: 68
Chi phí: 9.52726e+06
0 1 40 37 35 13 4 36 17 22 41 87 47 6 9 79 60 5 82 8 12 44 71 54 24 55 85 45 43 15 72 19 78 67 62 84 80 0 Role: 0
0 86 77 52 97 63 29 83 26 64 100 48 38 3 75 23 49 39 14 2 0 Role: 0
0 16 21 0 Role: 1
0 46 51 25 0 Role: 1
0 31 90 53 0 Role: 2
0 76 0 Role: 2
0 56 94 57 58 0 Role: 2

Số khách: 48
Chi phí: 5.44094e+06
0 36 30 47 41 63 37 59 60 64 77 68 81 91 83 23 3 38 74 92 78 26 62 67 2 39 19 54 49 75 48 85 0 Role: 0
0 53 76 0 Role: 1
0 5 46 0 Role: 1
0 16 58 57 94 0 Role: 1
0 51 25 45 100 0 Role: 1
0 21 56 0 Role: 2
0 32 6 7 0 Role: 2

Số khách: 45
Chi phí: 5.24917e+06
0 36 30 47 41 63 37 59 60 64 77 68 81 91 83 23 3 38 74 92 78 26 62 67 2 39 19 54 49 75 48 85 0 Role: 0
0 5 25 45 0 Role: 1
0 100 0 Role: 1
0 46 51 0 Role: 1
0 16 21 56 57 58 0 Role: 2
0 32 52 53 0 Role: 2

Số khách: 83
Chi phí: 1.33665e+07
0 86 77 52 97 63 29 83 26 64 100 48 38 3 75 23 49 39 14 2 0 Role: 0
0 1 40 37 35 13 4 36 17 22 41 87 47 6 9 79 60 5 82 8 12 44 71 54 24 55 85 45 43 15 72 19 78 67 62 84 80 0 Role: 0
0 10 20 33 61 50 42 18 34 74 92 0 Role: 0
0 31 90 46 0 Role: 1
0 76 0 Role: 1
0 94 0 Role: 1
0 21 0 Role: 2
0 51 25 0 Role: 2
0 16 57 7 0 Role: 3
0 53 32 68 0 Role: 3
0 56 81 58 0 Role: 3
0 96 0 Role: 4

