Số khách: 100
Chi phí: 2.23983e+07
0 9 16 29 34 97 99 100 2 3 5 8 10 14 15 17 22 25 26 27 32 37 40 45 86 88 0 Role: 0
0 7 13 38 42 46 49 54 55 71 81 0 Role: 0
0 39 47 51 56 61 64 66 78 84 95 28 31 41 57 58 62 73 77 85 90 30 33 50 52 65 74 75 80 89 0 Role: 0
0 12 63 82 91 0 Role: 0
0 21 68 98 0 Role: 0
0 93 72 0 Role: 1
0 79 0 Role: 1
0 83 0 Role: 1
0 44 0 Role: 1
0 19 43 94 20 0 Role: 2
0 76 53 59 0 Role: 2
0 87 48 0 Role: 2
0 36 0 Role: 2
0 92 1 0 Role: 3
0 60 0 Role: 3
0 18 6 4 0 Role: 3
0 70 0 Role: 3
0 69 0 Role: 3
0 11 0 Role: 3
0 23 35 0 Role: 4
0 24 0 Role: 4
0 67 0 Role: 4
0 96 0 Role: 5

Số khách: 22
Chi phí: 3.95174e+06
0 3 8 13 14 25 30 32 37 52 80 86 87 40 76 0 Role: 0
0 93 70 0 Role: 1
0 72 1 18 20 0 Role: 1
0 4 19 0 Role: 2

Số khách: 94
Chi phí: 1.98473e+07
0 12 63 82 91 49 54 81 0 Role: 0
0 39 47 51 56 61 64 66 78 84 95 28 31 41 57 58 62 73 77 85 90 30 33 50 52 65 74 75 80 89 0 Role: 0
0 9 16 29 34 97 99 100 2 3 5 8 10 14 15 17 22 25 26 27 32 37 40 45 86 88 0 Role: 0
0 13 38 42 46 0 Role: 0
0 92 1 0 Role: 1
0 60 0 Role: 1
0 18 6 4 0 Role: 1
0 70 0 Role: 1
0 69 0 Role: 1
0 11 0 Role: 1
0 93 72 0 Role: 2
0 79 0 Role: 2
0 83 0 Role: 2
0 44 0 Role: 2
0 23 35 0 Role: 3
0 24 0 Role: 3
0 67 7 0 Role: 3
0 19 43 94 20 0 Role: 4
0 76 53 59 0 Role: 4
0 87 48 0 Role: 4
0 36 0 Role: 4

Số khách: 83
Chi phí: 1.55505e+07
0 2 3 8 13 14 15 24 25 5 20 26 32 37 45 81 86 88 0 Role: 0
0 39 47 51 56 61 64 66 78 84 95 28 31 41 57 58 62 73 77 85 90 30 33 50 52 65 74 75 80 89 10 17 40 0 Role: 0
0 9 12 16 29 34 38 42 0 Role: 0
0 19 43 94 0 Role: 1
0 76 53 59 0 Role: 1
0 87 48 0 Role: 1
0 36 0 Role: 1
0 23 0 Role: 2
0 44 0 Role: 2
0 67 0 Role: 2
0 79 7 0 Role: 2
0 92 1 0 Role: 3
0 60 22 0 Role: 3
0 18 6 4 0 Role: 3
0 70 0 Role: 3
0 69 27 0 Role: 3
0 11 0 Role: 3
0 72 83 0 Role: 4

Số khách: 95
Chi phí: 2.14036e+07
0 93 96 6 38 42 46 70 91 10 17 25 40 69 81 89 0 Role: 0
0 68 98 9 16 34 100 7 23 49 50 54 55 71 0 Role: 0
0 35 39 47 51 56 61 66 84 95 97 18 79 99 14 15 31 41 57 58 62 73 77 85 90 2 4 11 26 27 37 60 86 88 45 0 Role: 0
0 21 44 92 1 3 5 8 12 13 22 24 28 29 30 32 33 52 65 74 75 80 0 Role: 0
0 19 43 94 20 0 Role: 1
0 76 53 59 0 Role: 1
0 87 48 0 Role: 1
0 36 0 Role: 1
0 83 72 0 Role: 2

Số khách: 90
Chi phí: 1.7801e+07
0 39 47 51 56 61 64 66 78 84 95 28 31 41 57 58 62 73 77 85 90 30 33 50 52 65 74 75 80 89 10 17 40 0 Role: 0
0 21 68 98 2 3 5 8 14 15 22 23 25 26 27 32 37 45 86 88 0 Role: 0
0 9 12 13 24 29 35 38 42 46 49 54 55 71 81 0 Role: 0
0 93 72 0 Role: 1
0 79 0 Role: 1
0 83 0 Role: 1
0 44 0 Role: 1
0 96 0 Role: 2
0 19 43 94 20 0 Role: 3
0 76 53 59 0 Role: 3
0 87 48 0 Role: 3
0 36 0 Role: 3
0 92 1 0 Role: 4
0 60 0 Role: 4
0 18 6 4 0 Role: 4
0 70 0 Role: 4
0 69 0 Role: 4
0 11 0 Role: 4

Số khách: 87
Chi phí: 1.72201e+07
0 39 47 51 56 61 64 66 78 84 95 28 31 41 57 58 62 73 77 85 90 30 33 50 52 65 74 75 80 89 10 17 40 0 Role: 0
0 9 12 16 29 34 38 42 2 3 5 8 14 15 20 25 26 32 37 45 81 86 88 0 Role: 0
0 13 46 0 Role: 0
0 92 1 0 Role: 1
0 60 22 0 Role: 1
0 18 6 4 0 Role: 1
0 70 0 Role: 1
0 69 27 0 Role: 1
0 11 0 Role: 1
0 23 35 0 Role: 2
0 44 0 Role: 2
0 67 0 Role: 2
0 79 7 0 Role: 2
0 19 43 94 0 Role: 3
0 76 53 59 0 Role: 3
0 87 48 0 Role: 3
0 36 0 Role: 3
0 72 83 0 Role: 4
0 24 0 Role: 5
0 93 96 0 Role: 6

Số khách: 33
Chi phí: 4.56611e+06
0 19 0 Role: 0
0 67 0 Role: 1
0 22 5 18 20 0 Role: 1
0 69 0 Role: 1
0 79 7 0 Role: 1
0 44 48 0 Role: 2
0 36 94 0 Role: 2
0 87 76 0 Role: 3
0 70 59 0 Role: 3
0 72 83 0 Role: 4
0 6 23 4 0 Role: 4
0 43 0 Role: 4
0 53 27 0 Role: 4
0 11 0 Role: 4
0 60 0 Role: 4
0 24 0 Role: 5
0 92 0 Role: 5
0 35 0 Role: 5
0 93 1 96 0 Role: 6

Số khách: 67
Chi phí: 1.1376e+07
0 21 34 41 42 46 54 81 85 2 10 17 26 40 45 86 88 0 Role: 0
0 9 3 8 12 13 14 15 25 28 30 32 33 37 52 74 75 80 89 0 Role: 0
0 22 23 18 0 Role: 1
0 44 0 Role: 1
0 35 0 Role: 1
0 79 0 Role: 1
0 6 0 Role: 1
0 93 96 0 Role: 2
0 92 1 0 Role: 3
0 83 72 0 Role: 3
0 24 0 Role: 3
0 5 0 Role: 3
0 67 7 0 Role: 4
0 70 59 0 Role: 4
0 19 48 76 20 0 Role: 4
0 60 0 Role: 4
0 69 53 27 0 Role: 4
0 4 0 Role: 4
0 43 36 0 Role: 4
0 94 0 Role: 4
0 11 0 Role: 4
0 87 0 Role: 4

Số khách: 80
Chi phí: 1.44456e+07
0 9 12 13 29 38 42 46 49 54 55 71 81 2 11 26 45 86 88 0 Role: 0
0 39 47 51 56 61 64 66 78 84 95 28 31 41 57 58 62 73 77 85 90 30 33 50 52 65 74 75 80 89 10 17 40 0 Role: 0
0 6 0 Role: 1
0 70 0 Role: 1
0 92 0 Role: 1
0 96 1 27 0 Role: 2
0 19 43 94 20 0 Role: 3
0 76 53 59 0 Role: 3
0 87 48 0 Role: 3
0 36 4 0 Role: 3
0 23 35 18 0 Role: 4
0 24 0 Role: 4
0 67 7 0 Role: 4
0 93 72 0 Role: 5
0 79 0 Role: 5
0 83 5 22 0 Role: 5
0 44 0 Role: 5

Số khách: 25
Chi phí: 4.35757e+06
0 3 8 13 14 25 30 32 37 52 86 87 40 76 10 11 45 88 0 Role: 0
0 93 70 0 Role: 1
0 72 1 18 20 0 Role: 1
0 4 19 0 Role: 2

Số khách: 65
Chi phí: 1.00588e+07
0 39 47 51 56 61 64 66 78 84 95 28 31 41 57 58 62 73 77 85 90 30 33 50 52 65 74 75 80 89 10 17 40 0 Role: 0
0 92 1 0 Role: 1
0 60 22 0 Role: 1
0 18 6 4 0 Role: 1
0 70 0 Role: 1
0 69 27 0 Role: 1
0 11 0 Role: 1
0 23 35 0 Role: 2
0 19 43 94 20 0 Role: 3
0 76 53 59 0 Role: 3
0 87 48 0 Role: 3
0 36 0 Role: 3
0 93 72 0 Role: 4
0 79 0 Role: 4
0 83 0 Role: 4
0 44 0 Role: 4
0 96 5 7 0 Role: 5
0 24 0 Role: 6
0 67 0 Role: 6

Số khách: 68
Chi phí: 1.18713e+07
0 39 47 51 56 61 64 66 78 84 95 28 31 41 57 58 62 73 77 85 90 2 10 15 17 26 27 37 40 86 88 0 Role: 0
0 3 8 9 12 13 14 24 0 Role: 0
0 19 43 94 20 0 Role: 1
0 76 53 59 0 Role: 1
0 87 48 0 Role: 1
0 36 0 Role: 1
0 92 1 0 Role: 2
0 60 22 0 Role: 2
0 18 6 4 0 Role: 2
0 70 0 Role: 2
0 69 0 Role: 2
0 11 0 Role: 2
0 96 5 7 0 Role: 3
0 93 72 0 Role: 4
0 79 0 Role: 4
0 83 0 Role: 4
0 44 0 Role: 4
0 67 0 Role: 5
0 35 23 0 Role: 6

Số khách: 35
Chi phí: 4.63815e+06
0 66 86 0 Role: 0
0 67 7 0 Role: 1
0 70 59 0 Role: 1
0 19 48 76 20 0 Role: 1
0 60 0 Role: 1
0 69 53 27 0 Role: 1
0 4 0 Role: 1
0 43 36 0 Role: 1
0 94 0 Role: 1
0 11 0 Role: 1
0 87 0 Role: 1
0 22 23 18 0 Role: 2
0 44 0 Role: 2
0 35 0 Role: 2
0 79 0 Role: 2
0 6 0 Role: 2
0 92 1 0 Role: 3
0 83 72 0 Role: 3
0 24 0 Role: 3
0 5 0 Role: 3
0 96 0 Role: 4
0 93 0 Role: 5

Số khách: 72
Chi phí: 1.22933e+07
0 39 47 51 56 61 64 66 78 84 95 28 31 41 57 58 62 73 77 85 90 30 33 50 52 65 74 75 80 89 10 17 40 0 Role: 0
0 2 3 8 13 14 15 25 26 32 0 Role: 0
0 19 43 94 20 0 Role: 1
0 76 53 59 0 Role: 1
0 87 48 0 Role: 1
0 36 0 Role: 1
0 92 1 0 Role: 2
0 60 22 0 Role: 2
0 18 6 4 0 Role: 2
0 70 0 Role: 2
0 69 27 0 Role: 2
0 11 0 Role: 2
0 23 35 0 Role: 3
0 24 0 Role: 3
0 67 7 0 Role: 3
0 5 0 Role: 4
0 44 0 Role: 4
0 72 83 0 Role: 4
0 79 0 Role: 4

Số khách: 39
Chi phí: 5.19925e+06
0 93 96 5 8 12 13 24 25 27 30 33 50 52 65 74 75 80 88 89 10 86 0 Role: 0
0 72 35 20 0 Role: 1
0 1 92 59 0 Role: 1
0 22 69 83 18 0 Role: 1
0 79 0 Role: 1
0 60 0 Role: 1
0 53 7 0 Role: 1
0 6 19 0 Role: 1
0 87 76 0 Role: 1

Số khách: 58
Chi phí: 8.73617e+06
0 39 47 51 56 61 64 66 78 84 95 28 31 41 57 58 62 73 77 85 90 30 33 50 52 65 74 75 80 89 10 17 40 0 Role: 0
0 19 43 94 20 0 Role: 1
0 76 53 59 0 Role: 1
0 87 48 0 Role: 1
0 36 0 Role: 1
0 92 1 0 Role: 2
0 60 22 0 Role: 2
0 18 6 4 0 Role: 2
0 70 0 Role: 2
0 69 27 0 Role: 2
0 11 0 Role: 2
0 23 35 0 Role: 3
0 24 0 Role: 3
0 67 7 0 Role: 3

Số khách: 78
Chi phí: 1.43398e+07
0 39 47 51 56 61 64 66 78 84 95 28 31 41 57 58 62 73 77 85 90 30 33 50 52 65 74 75 80 89 0 Role: 0
0 9 16 29 34 97 99 100 2 3 5 8 10 14 15 17 22 25 26 27 32 37 40 45 86 88 0 Role: 0
0 19 43 94 20 0 Role: 1
0 76 53 59 0 Role: 1
0 87 48 0 Role: 1
0 36 0 Role: 1
0 92 1 0 Role: 2
0 60 0 Role: 2
0 18 6 4 0 Role: 2
0 70 0 Role: 2
0 69 0 Role: 2
0 11 0 Role: 2
0 23 35 0 Role: 3
0 24 0 Role: 3
0 67 7 0 Role: 3

Số khách: 48
Chi phí: 6.87691e+06
0 2 3 8 13 14 15 24 25 5 20 26 32 37 45 81 86 88 10 17 40 0 Role: 0
0 23 35 0 Role: 1
0 44 0 Role: 1
0 67 0 Role: 1
0 79 7 0 Role: 1
0 72 83 0 Role: 2
0 19 43 94 0 Role: 3
0 76 53 59 0 Role: 3
0 87 48 0 Role: 3
0 36 0 Role: 3
0 92 1 0 Role: 4
0 60 22 0 Role: 4
0 18 6 4 0 Role: 4
0 70 0 Role: 4
0 69 27 0 Role: 4
0 11 0 Role: 4

Số khách: 56
Chi phí: 8.47848e+06
0 39 47 51 56 61 64 66 78 84 95 28 31 41 57 58 62 73 77 85 90 30 33 50 52 65 74 75 80 89 10 17 40 76 0 Role: 0
0 96 5 7 20 0 Role: 1
0 92 1 59 0 Role: 2
0 60 22 0 Role: 2
0 18 6 4 0 Role: 2
0 70 53 0 Role: 2
0 69 27 0 Role: 2
0 11 0 Role: 2
0 19 43 94 0 Role: 3
0 48 87 0 Role: 3
0 67 0 Role: 3

Số khách: 73
Chi phí: 1.25405e+07
0 39 47 51 56 61 64 66 78 84 95 28 31 41 57 58 62 73 77 85 90 30 33 50 52 65 74 75 80 89 10 17 40 0 Role: 0
0 2 3 8 13 14 15 25 26 0 Role: 0
0 19 43 94 20 0 Role: 1
0 76 53 59 0 Role: 1
0 87 48 0 Role: 1
0 36 0 Role: 1
0 96 5 7 0 Role: 2
0 23 35 0 Role: 3
0 92 1 0 Role: 4
0 60 22 0 Role: 4
0 18 6 4 0 Role: 4
0 70 0 Role: 4
0 69 27 0 Role: 4
0 11 0 Role: 4
0 93 72 0 Role: 5
0 79 0 Role: 5
0 83 0 Role: 5
0 44 0 Role: 5
0 24 0 Role: 6
0 67 0 Role: 6

Số khách: 60
Chi phí: 9.07012e+06
0 39 47 51 56 61 64 66 78 84 95 28 31 41 57 58 62 73 77 85 90 30 33 50 52 65 74 75 80 89 10 17 40 76 0 Role: 0
0 92 1 59 0 Role: 1
0 60 22 0 Role: 1
0 18 6 4 20 0 Role: 1
0 70 53 0 Role: 1
0 69 27 0 Role: 1
0 11 0 Role: 1
0 23 35 0 Role: 2
0 24 0 Role: 2
0 67 7 0 Role: 2
0 5 0 Role: 3
0 19 36 43 94 0 Role: 3
0 48 87 0 Role: 3
0 44 0 Role: 4

Số khách: 89
Chi phí: 1.74112e+07
0 39 47 51 56 61 64 66 78 84 95 28 31 41 57 58 62 73 77 85 90 30 33 50 52 65 74 75 80 89 10 17 40 0 Role: 0
0 1 2 3 8 11 14 15 25 26 27 32 37 45 60 69 86 88 0 Role: 0
0 9 12 13 29 38 42 46 49 54 55 71 81 0 Role: 0
0 19 43 94 20 0 Role: 1
0 76 53 59 0 Role: 1
0 87 48 0 Role: 1
0 36 4 0 Role: 1
0 6 0 Role: 2
0 70 0 Role: 2
0 92 0 Role: 2
0 23 35 18 0 Role: 3
0 24 0 Role: 3
0 67 7 0 Role: 3
0 93 72 0 Role: 4
0 79 0 Role: 4
0 83 5 22 0 Role: 4
0 44 0 Role: 4
0 96 0 Role: 5

Số khách: 47
Chi phí: 6.17069e+06
0 93 96 5 8 12 13 24 25 27 30 33 50 52 65 74 75 80 88 89 10 86 0 Role: 0
0 7 23 18 20 0 Role: 1
0 36 43 94 0 Role: 1
0 72 35 0 Role: 2
0 1 92 59 0 Role: 2
0 22 69 83 0 Role: 2
0 79 0 Role: 2
0 60 0 Role: 2
0 70 53 0 Role: 2
0 48 6 19 0 Role: 2
0 87 76 0 Role: 2
0 4 0 Role: 3
0 11 0 Role: 3

Số khách: 63
Chi phí: 9.37986e+06
0 39 47 51 56 61 64 66 78 84 95 28 31 41 57 58 62 73 77 85 90 30 33 50 52 65 74 75 80 89 10 17 40 0 Role: 0
0 23 35 0 Role: 1
0 24 0 Role: 1
0 67 7 0 Role: 1
0 93 72 0 Role: 2
0 79 0 Role: 2
0 83 0 Role: 2
0 44 0 Role: 2
0 19 43 94 20 0 Role: 3
0 76 53 59 0 Role: 3
0 87 48 0 Role: 3
0 36 0 Role: 3
0 92 1 0 Role: 4
0 60 22 0 Role: 4
0 18 6 4 0 Role: 4
0 70 0 Role: 4
0 69 27 0 Role: 4
0 11 0 Role: 4

Số khách: 74
Chi phí: 1.3251e+07
0 15 21 98 14 51 63 64 66 78 84 95 3 53 65 91 10 25 26 32 37 45 80 86 88 0 Role: 0
0 68 12 16 29 31 34 47 56 57 58 62 73 85 90 2 4 11 17 33 40 69 89 0 Role: 0
0 72 35 0 Role: 1
0 1 92 0 Role: 1
0 22 5 83 0 Role: 1
0 79 0 Role: 1
0 60 0 Role: 1
0 70 0 Role: 1
0 48 43 0 Role: 1
0 87 0 Role: 1
0 6 19 76 0 Role: 2
0 67 0 Role: 2
0 27 59 0 Role: 2
0 93 96 0 Role: 3
0 24 0 Role: 3
0 7 23 18 20 0 Role: 4
0 36 94 0 Role: 4

Số khách: 54
Chi phí: 8.17549e+06
0 15 21 98 14 51 63 64 66 78 84 95 3 53 65 91 10 25 26 32 37 45 80 86 88 0 Role: 0
0 72 35 0 Role: 1
0 1 92 0 Role: 1
0 22 5 83 69 0 Role: 1
0 79 0 Role: 1
0 60 0 Role: 1
0 70 0 Role: 1
0 48 43 0 Role: 1
0 87 0 Role: 1
0 93 96 0 Role: 2
0 24 0 Role: 2
0 7 23 18 20 0 Role: 3
0 36 94 0 Role: 3
0 6 19 76 0 Role: 4
0 67 0 Role: 4
0 27 59 0 Role: 4
0 4 0 Role: 5

Số khách: 77
Chi phí: 1.36336e+07
0 12 63 82 91 49 54 81 2 10 17 26 40 86 88 0 Role: 0
0 39 47 51 56 61 64 66 78 84 95 28 31 41 57 58 62 73 77 85 90 30 33 50 52 65 74 75 80 89 45 0 Role: 0
0 92 1 0 Role: 1
0 60 22 0 Role: 1
0 18 6 4 0 Role: 1
0 70 0 Role: 1
0 69 27 0 Role: 1
0 11 0 Role: 1
0 19 43 94 20 0 Role: 2
0 76 53 59 0 Role: 2
0 87 48 0 Role: 2
0 36 0 Role: 2
0 93 72 0 Role: 3
0 79 0 Role: 3
0 83 5 0 Role: 3
0 44 0 Role: 3
0 23 35 0 Role: 4
0 24 0 Role: 4
0 67 7 0 Role: 4
0 96 0 Role: 5

Số khách: 64
Chi phí: 9.97137e+06
0 39 47 51 56 61 64 66 78 84 95 28 31 41 57 58 62 73 77 85 90 30 33 50 52 65 74 75 89 10 17 40 0 Role: 0
0 93 72 0 Role: 1
0 79 0 Role: 1
0 83 0 Role: 1
0 44 0 Role: 1
0 96 5 7 0 Role: 2
0 92 1 0 Role: 3
0 60 22 0 Role: 3
0 18 6 4 0 Role: 3
0 70 0 Role: 3
0 69 27 0 Role: 3
0 11 0 Role: 3
0 24 0 Role: 4
0 67 0 Role: 4
0 23 35 0 Role: 5
0 19 43 94 20 0 Role: 6
0 76 53 59 0 Role: 6
0 87 48 0 Role: 6
0 36 0 Role: 6

Số khách: 62
Chi phí: 9.1944e+06
0 39 47 51 56 61 64 66 78 84 95 28 31 41 57 58 62 73 77 85 90 30 33 50 52 65 74 75 80 89 10 17 40 76 0 Role: 0
0 5 72 0 Role: 1
0 19 36 43 94 0 Role: 1
0 48 87 0 Role: 1
0 92 1 59 0 Role: 2
0 60 22 0 Role: 2
0 18 6 4 20 0 Role: 2
0 70 53 0 Role: 2
0 69 27 0 Role: 2
0 11 0 Role: 2
0 23 35 0 Role: 3
0 24 0 Role: 3
0 67 7 0 Role: 3
0 44 0 Role: 4
0 79 0 Role: 4

Số khách: 50
Chi phí: 7.26536e+06
0 15 21 98 14 51 63 64 66 78 84 95 2 3 4 10 11 17 26 32 37 40 45 86 0 Role: 0
0 72 35 0 Role: 1
0 1 92 59 0 Role: 1
0 22 69 0 Role: 1
0 79 0 Role: 1
0 60 0 Role: 1
0 70 53 0 Role: 1
0 48 6 19 0 Role: 1
0 87 76 0 Role: 1
0 94 0 Role: 2
0 96 83 5 0 Role: 2
0 44 0 Role: 2
0 7 23 18 20 0 Role: 3
0 36 43 0 Role: 3

Số khách: 51
Chi phí: 7.75213e+06
0 15 21 98 14 51 63 64 66 78 84 95 2 3 4 10 11 17 26 32 37 40 45 86 0 Role: 0
0 72 35 0 Role: 1
0 1 92 0 Role: 1
0 22 76 0 Role: 1
0 79 0 Role: 1
0 60 0 Role: 1
0 70 0 Role: 1
0 48 6 19 0 Role: 1
0 87 0 Role: 1
0 94 0 Role: 2
0 96 5 0 Role: 2
0 44 0 Role: 2
0 93 53 69 59 0 Role: 3
0 24 0 Role: 3
0 7 23 18 20 0 Role: 4
0 36 43 0 Role: 4

Số khách: 46
Chi phí: 6.07114e+06
0 93 96 5 8 12 13 24 25 27 30 33 50 52 65 74 75 80 88 89 10 86 0 Role: 0
0 72 35 0 Role: 1
0 1 92 59 0 Role: 1
0 22 69 83 0 Role: 1
0 79 0 Role: 1
0 60 0 Role: 1
0 70 53 0 Role: 1
0 48 6 19 0 Role: 1
0 87 76 0 Role: 1
0 7 23 18 20 0 Role: 2
0 36 43 94 0 Role: 2
0 4 0 Role: 3

Số khách: 53
Chi phí: 7.98432e+06
0 39 47 51 56 61 64 66 78 84 95 28 31 41 57 58 62 73 77 85 90 30 33 50 52 65 74 75 80 89 10 17 40 76 0 Role: 0
0 92 1 59 0 Role: 1
0 60 22 0 Role: 1
0 18 6 4 20 0 Role: 1
0 70 53 0 Role: 1
0 69 27 0 Role: 1
0 11 0 Role: 1
0 5 7 0 Role: 2
0 19 36 43 94 0 Role: 2

Số khách: 23
Chi phí: 4.30668e+06
0 3 8 13 14 25 30 32 37 52 80 86 87 40 76 4 10 17 88 0 Role: 0
0 93 0 Role: 1
0 72 1 18 20 0 Role: 1

Số khách: 49
Chi phí: 7.21613e+06
0 15 21 98 14 51 63 64 66 78 84 95 2 3 4 10 11 17 26 32 37 40 45 86 0 Role: 0
0 72 35 0 Role: 1
0 1 92 59 0 Role: 1
0 22 69 5 0 Role: 1
0 79 0 Role: 1
0 60 0 Role: 1
0 70 53 0 Role: 1
0 48 6 19 0 Role: 1
0 87 76 0 Role: 1
0 7 23 18 20 0 Role: 2
0 36 43 94 0 Role: 2
0 24 0 Role: 3
0 27 0 Role: 3

Số khách: 41
Chi phí: 5.58034e+06
0 93 96 5 8 12 13 24 25 27 30 33 50 52 65 74 75 80 88 89 10 86 0 Role: 0
0 72 35 20 0 Role: 1
0 1 59 0 Role: 1
0 22 69 83 18 0 Role: 1
0 79 0 Role: 1
0 60 0 Role: 1
0 53 7 0 Role: 1
0 48 6 19 0 Role: 1
0 87 76 0 Role: 1
0 4 36 0 Role: 2

Số khách: 40
Chi phí: 5.227e+06
0 93 96 5 8 12 13 24 25 27 30 33 50 52 65 74 75 80 88 89 10 86 0 Role: 0
0 72 35 20 0 Role: 1
0 1 92 59 0 Role: 1
0 22 69 83 18 0 Role: 1
0 79 0 Role: 1
0 60 0 Role: 1
0 53 7 0 Role: 1
0 48 6 19 0 Role: 1
0 87 76 0 Role: 1

Số khách: 42
Chi phí: 5.61264e+06
0 93 96 5 8 12 13 24 25 27 30 33 50 52 65 74 75 80 88 89 10 86 0 Role: 0
0 72 35 20 0 Role: 1
0 1 92 59 0 Role: 1
0 22 69 83 18 0 Role: 1
0 79 0 Role: 1
0 60 0 Role: 1
0 53 7 0 Role: 1
0 6 19 36 0 Role: 1
0 87 76 0 Role: 1
0 4 43 0 Role: 2

Số khách: 45
Chi phí: 5.71059e+06
0 93 96 5 8 12 13 24 25 27 30 33 50 52 65 74 75 80 88 89 10 86 0 Role: 0
0 7 23 18 20 0 Role: 1
0 36 43 94 0 Role: 1
0 72 35 0 Role: 2
0 1 92 59 0 Role: 2
0 22 69 83 0 Role: 2
0 79 0 Role: 2
0 60 0 Role: 2
0 70 53 0 Role: 2
0 48 6 19 0 Role: 2
0 87 76 0 Role: 2

Số khách: 75
Chi phí: 1.32731e+07
0 2 3 8 11 14 15 25 32 37 45 26 60 69 86 88 0 Role: 0
0 39 47 51 56 61 64 66 78 84 95 28 31 41 57 58 62 73 77 85 90 30 33 50 52 65 74 75 80 89 10 17 40 0 Role: 0
0 19 43 94 20 0 Role: 1
0 76 53 59 0 Role: 1
0 87 48 0 Role: 1
0 36 4 0 Role: 1
0 6 7 18 0 Role: 2
0 70 0 Role: 2
0 92 0 Role: 2
0 96 1 27 0 Role: 3
0 93 72 0 Role: 4
0 79 0 Role: 4
0 83 5 22 0 Role: 4
0 44 0 Role: 4
0 23 0 Role: 5
0 24 0 Role: 5

Số khách: 76
Chi phí: 1.36121e+07
0 39 47 51 56 61 64 66 78 84 95 28 31 41 57 58 62 73 77 85 90 30 33 50 52 65 74 75 80 89 10 17 40 0 Role: 0
0 1 2 3 8 11 14 15 25 26 27 32 37 45 60 69 86 88 0 Role: 0
0 19 43 94 20 0 Role: 1
0 76 53 59 0 Role: 1
0 87 48 0 Role: 1
0 36 4 0 Role: 1
0 6 0 Role: 2
0 70 0 Role: 2
0 92 0 Role: 2
0 23 35 18 0 Role: 3
0 24 0 Role: 3
0 7 0 Role: 3
0 93 72 0 Role: 4
0 79 0 Role: 4
0 83 5 22 0 Role: 4
0 44 0 Role: 4
0 96 0 Role: 5

Số khách: 44
Chi phí: 5.70897e+06
0 93 96 5 8 12 13 24 25 27 30 33 50 52 65 74 75 80 88 89 10 86 0 Role: 0
0 72 35 0 Role: 1
0 1 92 59 0 Role: 1
0 22 69 83 0 Role: 1
0 79 0 Role: 1
0 60 0 Role: 1
0 70 0 Role: 1
0 48 6 19 0 Role: 1
0 87 76 0 Role: 1
0 7 23 18 20 0 Role: 2
0 36 43 94 0 Role: 2

Số khách: 52
Chi phí: 7.76035e+06
0 15 21 98 14 51 63 64 66 78 84 95 2 3 4 10 11 17 26 32 37 40 45 86 0 Role: 0
0 93 53 69 59 0 Role: 1
0 24 0 Role: 1
0 72 35 0 Role: 2
0 1 92 0 Role: 2
0 22 76 0 Role: 2
0 79 0 Role: 2
0 60 0 Role: 2
0 70 0 Role: 2
0 48 6 19 0 Role: 2
0 87 0 Role: 2
0 94 0 Role: 3
0 96 83 5 0 Role: 3
0 44 0 Role: 3
0 7 23 18 20 0 Role: 4
0 36 43 0 Role: 4

Số khách: 24
Chi phí: 4.34721e+06
0 3 8 13 14 25 30 32 37 52 80 86 87 40 76 4 10 17 88 0 Role: 0
0 93 70 0 Role: 1
0 72 1 18 20 0 Role: 1

Số khách: 100
Chi phí: 1.90614e+07
0 68 2 73 26 40 27 17 15 10 45 76 54 86 74 0 Role: 0
0 98 34 16 29 9 41 42 0 Role: 0
0 99 35 31 57 63 83 44 97 46 58 62 67 77 71 75 90 85 91 0 Role: 0
0 39 21 82 5 51 8 3 79 61 12 37 28 32 48 22 33 14 25 30 80 89 0 Role: 0
0 11 100 56 72 1 47 78 64 66 84 24 13 38 95 23 36 92 49 50 52 55 60 53 59 87 81 65 88 0 Role: 0
0 69 7 18 0 Role: 1
0 20 6 43 4 0 Role: 1
0 70 0 Role: 1
0 94 19 0 Role: 1
0 93 96 0 Role: 2

Số khách: 25
Chi phí: 3.51404e+06
0 26 17 49 10 38 30 2 11 4 40 76 45 0 Role: 0
0 1 93 96 20 18 0 Role: 1
0 5 83 22 0 Role: 1
0 79 0 Role: 1
0 48 44 0 Role: 1
0 7 6 0 Role: 1

Số khách: 88
Chi phí: 1.49403e+07
0 16 34 9 29 31 38 35 6 26 36 46 76 48 42 70 53 71 55 37 81 32 94 20 91 27 60 89 15 2 4 40 10 11 0 Role: 0
0 99 92 82 51 8 83 95 61 56 13 14 25 24 50 33 17 23 30 45 52 74 75 80 86 65 88 0 Role: 0
0 39 44 22 66 64 63 12 3 72 47 78 84 77 90 85 54 0 Role: 0
0 79 0 Role: 1
0 1 69 0 Role: 2
0 7 0 Role: 2
0 59 5 18 0 Role: 2
0 43 19 0 Role: 2
0 67 0 Role: 2
0 87 0 Role: 2
0 93 96 0 Role: 3

Số khách: 84
Chi phí: 1.40381e+07
0 2 30 25 55 17 91 26 54 36 20 10 86 69 27 89 40 87 76 0 Role: 0
0 66 64 16 34 9 13 95 84 78 22 42 46 67 24 38 41 71 49 53 85 37 11 4 60 80 33 88 45 0 Role: 0
0 99 56 35 83 63 47 97 73 62 3 8 52 74 14 15 50 19 43 32 81 94 48 59 75 65 0 Role: 0
0 93 96 0 Role: 1
0 79 0 Role: 2
0 44 0 Role: 3
0 23 6 18 7 0 Role: 3
0 70 0 Role: 3
0 92 0 Role: 3
0 1 72 0 Role: 4
0 5 0 Role: 5

Số khách: 92
Chi phí: 1.6336e+07
0 12 29 9 16 34 31 41 38 36 42 46 81 2 55 71 10 49 17 54 26 32 37 45 88 86 89 80 40 0 Role: 0
0 99 22 1 97 82 24 35 23 18 67 77 57 58 92 73 62 85 90 0 Role: 0
0 39 21 66 64 51 95 61 84 78 5 69 53 59 48 76 19 43 11 20 94 91 27 0 Role: 0
0 28 13 14 15 33 25 8 3 30 50 75 74 52 65 0 Role: 0
0 93 96 72 0 Role: 1
0 44 0 Role: 2
0 7 6 0 Role: 2
0 60 0 Role: 2
0 4 0 Role: 2
0 87 0 Role: 2
0 70 0 Role: 2

Số khách: 95
Chi phí: 1.69634e+07
0 12 29 9 16 34 31 41 38 36 42 46 81 2 55 71 10 49 17 54 26 32 37 45 88 86 89 80 40 0 Role: 0
0 99 22 1 97 82 24 35 23 18 67 92 33 15 14 25 3 8 13 30 50 75 74 52 65 0 Role: 0
0 68 57 47 83 100 72 62 73 58 77 90 85 0 Role: 0
0 39 21 66 64 51 95 61 84 78 5 69 53 59 48 76 19 43 11 20 94 91 27 0 Role: 0
0 44 0 Role: 1
0 7 6 0 Role: 1
0 60 0 Role: 1
0 4 0 Role: 1
0 87 0 Role: 1
0 70 0 Role: 1
0 93 96 0 Role: 2

Số khách: 60
Chi phí: 7.16207e+06
0 15 14 9 12 13 31 25 8 3 32 46 54 33 71 75 74 67 65 37 81 45 88 10 86 89 17 40 26 0 Role: 0
0 20 72 53 0 Role: 1
0 43 0 Role: 1
0 36 23 19 0 Role: 1
0 70 59 0 Role: 1
0 11 0 Role: 1
0 69 27 0 Role: 1
0 4 0 Role: 1
0 76 87 48 0 Role: 1
0 1 93 96 0 Role: 2
0 83 0 Role: 2
0 79 0 Role: 2
0 44 0 Role: 2
0 94 6 0 Role: 2
0 18 0 Role: 3
0 35 7 0 Role: 3
0 22 0 Role: 3
0 24 0 Role: 3
0 60 0 Role: 3
0 92 0 Role: 3
0 5 0 Role: 3

Số khách: 32
Chi phí: 4.01385e+06
0 20 83 50 34 74 2 67 86 53 4 76 26 40 17 27 10 45 11 0 Role: 0
0 1 96 72 0 Role: 1
0 48 44 0 Role: 1
0 92 59 0 Role: 1
0 24 0 Role: 1
0 5 7 18 0 Role: 1
0 36 6 19 0 Role: 1

Số khách: 75
Chi phí: 1.28046e+07
0 12 29 9 16 34 31 41 38 36 42 46 49 71 55 81 54 0 Role: 0
0 32 28 13 14 57 25 8 3 30 33 80 50 65 52 74 75 0 Role: 0
0 37 2 45 10 15 89 17 91 26 40 86 88 0 Role: 0
0 5 0 Role: 1
0 35 0 Role: 1
0 1 92 0 Role: 1
0 93 72 18 0 Role: 2
0 48 23 0 Role: 2
0 69 53 22 59 0 Role: 2
0 94 0 Role: 2
0 76 0 Role: 2
0 79 0 Role: 3
0 96 0 Role: 3
0 83 0 Role: 4
0 24 0 Role: 4
0 20 43 19 0 Role: 5
0 11 0 Role: 5
0 67 0 Role: 5
0 44 0 Role: 6
0 7 6 0 Role: 6
0 60 0 Role: 6
0 4 0 Role: 6
0 87 0 Role: 6
0 70 0 Role: 6

Số khách: 62
Chi phí: 8.51396e+06
0 15 14 9 12 13 31 25 8 3 32 46 54 33 71 75 74 67 65 37 81 45 88 10 86 89 17 40 26 0 Role: 0
0 2 30 38 49 50 0 Role: 0
0 20 72 53 0 Role: 1
0 43 0 Role: 1
0 36 23 19 0 Role: 1
0 70 59 0 Role: 1
0 11 0 Role: 1
0 69 27 0 Role: 1
0 94 4 0 Role: 1
0 76 87 0 Role: 1
0 1 93 96 18 0 Role: 2
0 5 83 22 0 Role: 2
0 79 0 Role: 2
0 48 44 0 Role: 2
0 7 6 0 Role: 2
0 24 0 Role: 3

Số khách: 70
Chi phí: 1.01237e+07
0 16 29 52 38 28 30 55 49 50 2 45 88 10 86 17 80 40 26 0 Role: 0
0 15 14 9 12 13 31 25 8 3 32 46 54 33 71 75 74 67 65 37 81 89 0 Role: 0
0 1 93 96 0 Role: 1
0 83 0 Role: 1
0 79 0 Role: 1
0 44 0 Role: 1
0 6 0 Role: 1
0 20 72 53 0 Role: 2
0 43 0 Role: 2
0 36 23 19 0 Role: 2
0 70 59 0 Role: 2
0 11 0 Role: 2
0 69 27 0 Role: 2
0 4 0 Role: 2
0 76 87 0 Role: 2
0 18 0 Role: 3
0 35 7 0 Role: 3
0 48 22 0 Role: 3
0 24 0 Role: 3
0 60 0 Role: 3
0 92 0 Role: 3
0 5 0 Role: 3

Số khách: 96
Chi phí: 1.8519e+07
0 12 29 9 16 34 31 41 38 36 42 46 81 2 55 71 10 49 17 54 26 32 37 45 88 86 89 80 40 0 Role: 0
0 39 21 66 64 51 95 61 84 78 5 69 53 59 48 76 19 43 11 20 94 91 27 0 Role: 0
0 28 13 14 15 33 25 8 3 30 50 75 74 52 65 0 Role: 0
0 68 57 47 83 100 72 62 73 58 77 90 85 0 Role: 0
0 99 22 1 97 82 24 35 23 18 67 92 0 Role: 0
0 93 96 0 Role: 1
0 44 0 Role: 2
0 7 6 0 Role: 2
0 60 0 Role: 2
0 4 0 Role: 2
0 87 0 Role: 2
0 70 0 Role: 2

Số khách: 81
Chi phí: 1.33345e+07
0 16 29 52 38 28 30 55 49 50 2 45 88 10 86 17 80 40 26 0 Role: 0
0 15 14 9 12 13 31 25 8 3 32 46 54 33 71 75 74 67 65 37 81 89 0 Role: 0
0 21 34 41 42 58 62 73 85 90 91 0 Role: 0
0 18 0 Role: 1
0 35 7 0 Role: 1
0 48 22 0 Role: 1
0 24 0 Role: 1
0 60 0 Role: 1
0 92 0 Role: 1
0 5 0 Role: 1
0 20 72 53 0 Role: 2
0 43 0 Role: 2
0 36 23 19 0 Role: 2
0 70 59 0 Role: 2
0 11 0 Role: 2
0 69 27 0 Role: 2
0 94 4 0 Role: 2
0 76 87 0 Role: 2
0 1 93 96 0 Role: 3
0 83 0 Role: 3
0 79 0 Role: 3
0 44 0 Role: 3
0 6 0 Role: 3

Số khách: 71
Chi phí: 1.12825e+07
0 51 57 47 58 56 61 12 41 3 62 73 17 10 77 90 2 85 11 4 40 45 88 86 60 50 52 65 0 Role: 0
0 16 34 9 29 31 38 35 6 26 36 46 76 48 42 70 53 71 55 37 81 32 94 20 91 27 33 89 15 74 80 75 0 Role: 0
0 44 0 Role: 1
0 1 69 22 0 Role: 2
0 7 23 0 Role: 2
0 59 5 18 0 Role: 2
0 43 19 0 Role: 2
0 67 0 Role: 2
0 87 0 Role: 2

Số khách: 74
Chi phí: 1.14087e+07
0 16 34 9 29 31 38 35 6 26 36 46 76 48 42 70 53 71 55 37 81 32 94 20 91 27 60 89 15 2 4 40 10 11 0 Role: 0
0 99 92 82 51 8 83 95 61 56 13 14 25 24 50 33 17 23 30 45 52 74 75 80 86 65 88 0 Role: 0
0 93 96 22 72 0 Role: 1
0 1 69 0 Role: 2
0 7 0 Role: 2
0 59 5 18 0 Role: 2
0 43 19 0 Role: 2
0 67 0 Role: 2
0 87 0 Role: 2
0 79 0 Role: 3

Số khách: 51
Chi phí: 5.93743e+06
0 84 2 67 3 8 14 15 89 10 17 33 86 25 88 45 37 32 26 40 0 Role: 0
0 1 93 96 0 Role: 1
0 83 0 Role: 1
0 79 0 Role: 1
0 44 0 Role: 1
0 6 0 Role: 1
0 20 72 53 0 Role: 2
0 43 0 Role: 2
0 36 23 19 0 Role: 2
0 70 59 0 Role: 2
0 11 0 Role: 2
0 69 27 0 Role: 2
0 94 4 0 Role: 2
0 76 87 0 Role: 2
0 18 0 Role: 3
0 35 7 0 Role: 3
0 48 22 0 Role: 3
0 24 0 Role: 3
0 60 0 Role: 3
0 92 0 Role: 3
0 5 0 Role: 3

Số khách: 55
Chi phí: 6.39573e+06
0 15 14 9 12 13 31 25 8 3 32 46 54 33 71 75 74 67 65 37 81 45 88 10 86 89 17 40 26 0 Role: 0
0 1 93 96 18 0 Role: 1
0 5 83 22 0 Role: 1
0 79 0 Role: 1
0 48 44 0 Role: 1
0 7 6 0 Role: 1
0 20 72 53 0 Role: 2
0 43 0 Role: 2
0 36 23 19 0 Role: 2
0 70 59 0 Role: 2
0 11 0 Role: 2
0 69 27 0 Role: 2
0 94 0 Role: 2
0 76 87 0 Role: 2

Số khách: 49
Chi phí: 5.84702e+06
0 84 2 67 3 8 14 15 89 10 17 33 86 25 88 65 45 37 32 40 80 60 0 Role: 0
0 5 83 7 18 0 Role: 1
0 24 0 Role: 1
0 35 0 Role: 2
0 44 0 Role: 2
0 79 0 Role: 2
0 1 92 0 Role: 2
0 20 72 53 22 0 Role: 3
0 43 0 Role: 3
0 36 23 19 0 Role: 3
0 70 59 0 Role: 3
0 11 0 Role: 3
0 69 27 0 Role: 3
0 94 4 0 Role: 3
0 76 87 48 0 Role: 3

Số khách: 47
Chi phí: 5.36526e+06
0 2 30 38 52 55 49 80 50 10 17 40 26 45 88 86 0 Role: 0
0 20 72 53 0 Role: 1
0 43 0 Role: 1
0 36 23 19 0 Role: 1
0 70 59 0 Role: 1
0 11 0 Role: 1
0 69 27 0 Role: 1
0 4 0 Role: 1
0 76 87 48 0 Role: 1
0 1 93 96 0 Role: 2
0 83 0 Role: 2
0 79 0 Role: 2
0 44 0 Role: 2
0 94 6 0 Role: 2
0 18 0 Role: 3
0 35 7 0 Role: 3
0 22 0 Role: 3
0 24 0 Role: 3
0 60 0 Role: 3
0 92 0 Role: 3
0 5 0 Role: 3

Số khách: 97
Chi phí: 1.85764e+07
0 12 29 9 16 34 31 41 38 36 42 46 81 2 55 71 10 49 17 54 26 32 37 45 88 86 89 80 40 0 Role: 0
0 39 21 66 64 51 95 61 84 78 5 69 53 59 48 76 19 43 11 20 94 91 27 33 52 0 Role: 0
0 99 97 1 22 67 24 35 23 18 92 3 8 14 13 30 0 Role: 0
0 68 57 47 83 100 72 62 73 58 77 75 74 25 90 85 65 50 15 0 Role: 0
0 28 56 79 0 Role: 0
0 44 0 Role: 1
0 7 6 0 Role: 1
0 60 0 Role: 1
0 4 0 Role: 1
0 87 0 Role: 1
0 70 0 Role: 1
0 93 0 Role: 2
0 96 0 Role: 2

Số khách: 93
Chi phí: 1.6715e+07
0 99 97 1 22 67 24 35 23 18 92 3 8 14 13 30 11 20 19 27 33 48 76 43 94 69 0 Role: 0
0 68 57 47 83 100 72 62 73 58 77 75 74 25 90 52 85 65 50 15 53 59 91 0 Role: 0
0 12 29 9 16 34 31 41 38 36 42 46 81 2 55 71 10 49 17 54 26 32 37 45 88 86 89 80 40 0 Role: 0
0 64 66 5 84 95 28 56 78 0 Role: 0
0 79 0 Role: 1
0 93 0 Role: 2
0 96 0 Role: 2
0 44 0 Role: 3
0 7 6 0 Role: 3
0 60 0 Role: 3
0 4 0 Role: 3
0 87 0 Role: 3
0 70 0 Role: 3

Số khách: 66
Chi phí: 8.9838e+06
0 84 2 67 3 8 14 15 89 10 17 33 86 25 88 45 37 32 26 40 0 Role: 0
0 56 28 38 13 29 52 30 49 50 55 74 75 71 80 65 0 Role: 0
0 20 72 53 0 Role: 1
0 43 0 Role: 1
0 36 23 19 0 Role: 1
0 70 59 0 Role: 1
0 11 0 Role: 1
0 69 27 0 Role: 1
0 94 4 0 Role: 1
0 76 87 0 Role: 1
0 18 0 Role: 2
0 35 7 0 Role: 2
0 48 22 0 Role: 2
0 24 0 Role: 2
0 60 0 Role: 2
0 92 0 Role: 2
0 5 0 Role: 2
0 1 93 96 0 Role: 3
0 83 0 Role: 3
0 79 0 Role: 3
0 44 0 Role: 3
0 6 0 Role: 3

Số khách: 77
Chi phí: 1.29988e+07
0 2 30 38 52 55 49 50 80 91 10 45 26 40 17 86 0 Role: 0
0 56 28 13 8 3 25 31 14 15 32 46 54 33 71 75 74 67 65 37 81 89 88 0 Role: 0
0 9 12 16 29 34 41 42 58 62 0 Role: 0
0 20 53 0 Role: 1
0 43 0 Role: 1
0 36 23 19 0 Role: 1
0 70 59 0 Role: 1
0 11 0 Role: 1
0 69 27 0 Role: 1
0 4 0 Role: 1
0 76 87 48 0 Role: 1
0 18 0 Role: 2
0 35 7 0 Role: 2
0 22 0 Role: 2
0 24 0 Role: 2
0 60 0 Role: 2
0 92 0 Role: 2
0 5 0 Role: 2
0 1 93 96 0 Role: 3
0 83 0 Role: 3
0 79 0 Role: 3
0 44 0 Role: 3
0 94 6 0 Role: 3

Số khách: 79
Chi phí: 1.31717e+07
0 47 82 16 34 9 29 61 56 44 62 73 5 10 77 14 3 2 4 19 17 40 26 20 45 88 86 27 0 Role: 0
0 23 12 38 28 31 41 22 42 46 49 71 75 74 55 67 65 50 80 89 91 87 48 76 94 11 69 60 0 Role: 0
0 18 7 66 78 15 64 8 13 30 25 43 32 81 37 0 Role: 0
0 1 93 0 Role: 1
0 96 6 0 Role: 1
0 24 0 Role: 2
0 35 0 Role: 2
0 36 59 0 Role: 2
0 53 70 0 Role: 2
0 92 0 Role: 2

Số khách: 57
Chi phí: 6.93628e+06
0 15 14 9 12 13 31 25 8 3 32 46 54 33 71 75 74 67 65 37 81 45 88 10 86 89 17 40 26 0 Role: 0
0 83 18 0 Role: 1
0 35 7 0 Role: 1
0 48 22 0 Role: 1
0 24 0 Role: 1
0 60 0 Role: 1
0 92 0 Role: 1
0 5 0 Role: 1
0 20 72 53 0 Role: 2
0 43 0 Role: 2
0 36 23 19 0 Role: 2
0 70 59 0 Role: 2
0 11 0 Role: 2
0 69 27 0 Role: 2
0 94 4 0 Role: 2
0 76 87 0 Role: 2
0 1 93 96 0 Role: 3

Số khách: 69
Chi phí: 9.58926e+06
0 15 14 9 12 13 31 25 8 3 32 46 54 33 71 75 74 67 65 37 81 45 88 10 86 89 17 40 26 0 Role: 0
0 2 30 38 49 50 52 55 80 91 0 Role: 0
0 20 72 53 0 Role: 1
0 43 0 Role: 1
0 36 23 19 0 Role: 1
0 70 59 0 Role: 1
0 11 0 Role: 1
0 69 27 0 Role: 1
0 4 0 Role: 1
0 76 87 48 0 Role: 1
0 18 0 Role: 2
0 35 7 0 Role: 2
0 22 0 Role: 2
0 24 0 Role: 2
0 60 0 Role: 2
0 92 0 Role: 2
0 5 0 Role: 2
0 1 93 96 0 Role: 3
0 83 0 Role: 3
0 79 0 Role: 3
0 44 0 Role: 3
0 94 6 0 Role: 3

Số khách: 36
Chi phí: 4.39081e+06
0 84 67 14 89 0 Role: 0
0 20 72 53 0 Role: 1
0 43 0 Role: 1
0 36 23 19 0 Role: 1
0 70 59 0 Role: 1
0 11 0 Role: 1
0 69 27 0 Role: 1
0 94 4 0 Role: 1
0 76 87 0 Role: 1
0 18 0 Role: 2
0 35 7 0 Role: 2
0 48 22 0 Role: 2
0 24 0 Role: 2
0 60 0 Role: 2
0 92 0 Role: 2
0 5 0 Role: 2
0 1 93 96 0 Role: 3
0 83 0 Role: 3
0 79 0 Role: 3
0 44 0 Role: 3
0 6 0 Role: 3

Số khách: 41
Chi phí: 4.80396e+06
0 84 10 67 3 8 14 33 89 17 86 80 40 26 32 37 45 65 88 25 60 0 Role: 0
0 1 7 18 0 Role: 1
0 20 72 53 22 0 Role: 2
0 43 0 Role: 2
0 36 23 19 0 Role: 2
0 70 59 0 Role: 2
0 11 0 Role: 2
0 69 27 0 Role: 2
0 94 4 0 Role: 2
0 76 87 48 0 Role: 2

Số khách: 56
Chi phí: 6.40109e+06
0 15 14 9 12 13 31 25 8 3 32 46 54 33 71 75 74 67 65 37 81 45 88 10 86 89 17 40 26 0 Role: 0
0 1 93 96 18 0 Role: 1
0 5 83 22 0 Role: 1
0 79 0 Role: 1
0 48 44 0 Role: 1
0 7 6 0 Role: 1
0 20 72 53 0 Role: 2
0 43 0 Role: 2
0 36 23 19 0 Role: 2
0 70 59 0 Role: 2
0 11 0 Role: 2
0 69 27 0 Role: 2
0 94 4 0 Role: 2
0 76 87 0 Role: 2

Số khách: 67
Chi phí: 9.45537e+06
0 15 14 9 12 13 31 25 8 3 32 46 54 33 71 75 74 67 65 37 81 45 10 86 89 17 40 0 Role: 0
0 50 2 30 38 52 55 49 80 26 0 Role: 0
0 18 94 0 Role: 1
0 35 7 0 Role: 1
0 48 22 0 Role: 1
0 24 0 Role: 1
0 60 0 Role: 1
0 92 0 Role: 1
0 5 0 Role: 1
0 1 93 96 0 Role: 2
0 83 0 Role: 2
0 79 0 Role: 2
0 44 0 Role: 2
0 6 0 Role: 2
0 20 72 53 0 Role: 3
0 43 0 Role: 3
0 36 23 19 0 Role: 3
0 70 59 0 Role: 3
0 11 0 Role: 3
0 69 27 0 Role: 3
0 4 0 Role: 3
0 76 87 0 Role: 3

Số khách: 35
Chi phí: 4.23391e+06
0 5 16 34 31 12 3 10 2 4 11 45 88 86 15 17 27 40 26 0 Role: 0
0 35 7 20 18 0 Role: 1
0 22 60 0 Role: 1
0 70 59 0 Role: 1
0 76 43 23 0 Role: 1
0 48 36 19 0 Role: 1
0 1 96 72 0 Role: 2

Số khách: 64
Chi phí: 8.85819e+06
0 15 14 9 12 13 31 25 8 3 32 46 54 33 71 75 74 67 65 37 81 45 88 10 86 89 17 40 26 0 Role: 0
0 2 30 38 49 50 0 Role: 0
0 20 72 53 0 Role: 1
0 43 0 Role: 1
0 36 23 19 0 Role: 1
0 70 59 0 Role: 1
0 11 0 Role: 1
0 69 27 0 Role: 1
0 4 0 Role: 1
0 76 87 48 0 Role: 1
0 1 93 96 0 Role: 2
0 83 0 Role: 2
0 79 0 Role: 2
0 44 0 Role: 2
0 94 0 Role: 2
0 18 0 Role: 3
0 35 7 0 Role: 3
0 22 0 Role: 3
0 24 0 Role: 3
0 60 0 Role: 3
0 92 0 Role: 3
0 5 0 Role: 3

Số khách: 38
Chi phí: 4.62128e+06
0 84 2 14 8 3 67 10 89 17 33 86 25 88 65 45 37 32 26 40 80 60 0 Role: 0
0 20 72 53 22 0 Role: 1
0 43 0 Role: 1
0 36 23 19 0 Role: 1
0 70 59 0 Role: 1
0 11 0 Role: 1
0 69 27 0 Role: 1
0 4 0 Role: 1
0 76 87 48 0 Role: 1

Số khách: 58
Chi phí: 7.06658e+06
0 15 14 9 12 13 31 25 8 3 32 46 54 33 71 75 74 67 65 37 81 45 10 86 89 17 40 0 Role: 0
0 20 72 53 0 Role: 1
0 43 0 Role: 1
0 36 23 19 0 Role: 1
0 70 59 0 Role: 1
0 11 0 Role: 1
0 69 27 0 Role: 1
0 94 4 0 Role: 1
0 76 87 0 Role: 1
0 18 0 Role: 2
0 35 7 0 Role: 2
0 48 22 0 Role: 2
0 24 0 Role: 2
0 60 0 Role: 2
0 92 0 Role: 2
0 5 0 Role: 2
0 1 93 96 0 Role: 3
0 83 0 Role: 3
0 79 0 Role: 3
0 44 0 Role: 3
0 6 0 Role: 3

Số khách: 33
Chi phí: 4.11598e+06
0 2 30 38 52 55 49 50 80 91 10 88 45 11 76 26 40 17 86 0 Role: 0
0 36 23 20 18 0 Role: 1
0 35 7 0 Role: 1
0 48 59 22 0 Role: 1
0 24 0 Role: 1
0 60 0 Role: 1
0 92 0 Role: 1
0 5 27 53 0 Role: 1

Số khách: 45
Chi phí: 5.2957e+06
0 84 2 67 3 8 14 15 89 10 17 33 86 25 88 45 37 32 26 40 0 Role: 0
0 20 72 53 0 Role: 1
0 43 0 Role: 1
0 36 23 19 0 Role: 1
0 70 59 0 Role: 1
0 11 0 Role: 1
0 69 27 0 Role: 1
0 94 4 0 Role: 1
0 76 87 0 Role: 1
0 83 18 0 Role: 2
0 35 7 0 Role: 2
0 48 22 0 Role: 2
0 24 0 Role: 2
0 60 0 Role: 2
0 92 0 Role: 2
0 5 0 Role: 2

Số khách: 39
Chi phí: 4.64127e+06
0 84 2 14 8 3 67 10 89 17 33 86 25 88 65 45 37 32 26 40 80 60 0 Role: 0
0 20 72 53 22 0 Role: 1
0 43 0 Role: 1
0 36 23 19 0 Role: 1
0 70 59 0 Role: 1
0 11 0 Role: 1
0 69 27 0 Role: 1
0 94 4 0 Role: 1
0 76 87 48 0 Role: 1

Số khách: 63
Chi phí: 8.71559e+06
0 15 14 9 12 13 31 25 8 3 32 46 54 33 71 75 74 67 65 37 81 45 88 10 86 89 17 40 26 0 Role: 0
0 1 30 38 52 55 49 50 80 91 0 Role: 0
0 18 83 0 Role: 1
0 35 7 0 Role: 1
0 22 0 Role: 1
0 24 0 Role: 1
0 60 0 Role: 1
0 92 0 Role: 1
0 5 0 Role: 1
0 20 72 53 0 Role: 2
0 43 0 Role: 2
0 36 23 19 0 Role: 2
0 70 59 0 Role: 2
0 11 0 Role: 2
0 69 27 0 Role: 2
0 4 94 0 Role: 2
0 76 87 48 0 Role: 2

Số khách: 73
Chi phí: 1.13906e+07
0 99 92 82 51 8 83 95 61 56 13 14 25 24 50 33 17 23 30 45 52 74 75 80 86 65 88 0 Role: 0
0 16 34 9 29 31 38 35 6 26 36 46 76 48 42 70 53 71 55 37 81 32 94 20 91 27 60 89 15 2 4 40 10 11 0 Role: 0
0 93 96 22 72 0 Role: 1
0 79 0 Role: 2
0 1 69 0 Role: 3
0 7 0 Role: 3
0 5 18 0 Role: 3
0 43 19 0 Role: 3
0 67 0 Role: 3
0 87 0 Role: 3

Số khách: 44
Chi phí: 5.17423e+06
0 2 30 38 52 55 49 50 80 26 4 76 40 17 86 10 88 45 11 0 Role: 0
0 20 18 72 0 Role: 1
0 35 7 0 Role: 1
0 48 59 22 0 Role: 1
0 24 0 Role: 1
0 60 0 Role: 1
0 92 0 Role: 1
0 5 27 53 0 Role: 1
0 1 93 96 0 Role: 2
0 69 83 0 Role: 2
0 79 0 Role: 2
0 44 0 Role: 2
0 36 6 19 0 Role: 2
0 23 43 0 Role: 3

Số khách: 42
Chi phí: 5.02545e+06
0 84 2 14 8 3 67 10 89 17 33 86 25 88 65 45 37 32 26 40 80 60 0 Role: 0
0 20 72 53 22 0 Role: 1
0 43 0 Role: 1
0 36 23 19 0 Role: 1
0 70 59 0 Role: 1
0 11 0 Role: 1
0 69 27 0 Role: 1
0 94 4 0 Role: 1
0 76 87 48 0 Role: 1
0 1 7 18 0 Role: 2

Số khách: 43
Chi phí: 5.04811e+06
0 26 17 15 49 50 10 38 30 2 32 37 88 86 40 0 Role: 0
0 1 93 96 18 0 Role: 1
0 5 83 22 0 Role: 1
0 79 0 Role: 1
0 48 44 0 Role: 1
0 7 6 0 Role: 1
0 24 0 Role: 2
0 20 72 53 0 Role: 3
0 43 0 Role: 3
0 36 23 19 0 Role: 3
0 70 59 0 Role: 3
0 11 0 Role: 3
0 69 27 0 Role: 3
0 94 4 0 Role: 3
0 76 87 0 Role: 3

Số khách: 68
Chi phí: 9.51409e+06
0 15 14 9 12 13 31 25 8 3 32 46 54 33 71 75 74 67 65 37 81 45 88 10 86 89 17 40 26 0 Role: 0
0 2 30 38 49 50 52 55 80 0 Role: 0
0 1 93 96 0 Role: 1
0 83 0 Role: 1
0 79 0 Role: 1
0 44 0 Role: 1
0 94 6 0 Role: 1
0 18 0 Role: 2
0 35 7 0 Role: 2
0 22 0 Role: 2
0 24 0 Role: 2
0 60 0 Role: 2
0 92 0 Role: 2
0 5 0 Role: 2
0 20 72 53 0 Role: 3
0 43 0 Role: 3
0 36 23 19 0 Role: 3
0 70 59 0 Role: 3
0 11 0 Role: 3
0 69 27 0 Role: 3
0 4 0 Role: 3
0 76 87 48 0 Role: 3

