Số khách: 50
Chi phí: 9.80747e+06
0 14 17 13 43 23 24 11 29 26 37 42 34 33 2 22 48 0 Role: 0
0 35 6 19 5 7 21 50 25 9 36 44 38 0 Role: 0
0 8 49 46 10 32 45 0 Role: 0
0 47 31 0 Role: 1
0 16 41 0 Role: 1
0 1 27 0 Role: 2
0 20 18 0 Role: 2
0 40 30 3 0 Role: 3
0 28 12 39 0 Role: 3
0 15 4 0 Role: 3

Số khách: 14
Chi phí: 2.67525e+06
0 48 22 2 38 25 33 34 42 15 28 0 Role: 0
0 40 27 0 Role: 1
0 47 31 0 Role: 1

Số khách: 38
Chi phí: 5.68262e+06
0 10 8 36 21 50 2 43 23 11 5 7 25 9 13 34 19 26 29 33 38 42 0 Role: 0
0 20 18 0 Role: 1
0 3 0 Role: 1
0 22 48 0 Role: 1
0 12 39 0 Role: 1
0 15 4 0 Role: 1
0 28 0 Role: 1
0 1 0 Role: 2
0 40 0 Role: 3
0 47 27 0 Role: 3
0 31 0 Role: 3
0 30 41 0 Role: 3

Số khách: 44
Chi phí: 7.49886e+06
0 35 50 43 23 24 20 17 5 7 9 25 44 21 38 36 19 37 0 Role: 0
0 46 49 13 2 1 22 11 18 26 29 42 34 33 48 0 Role: 0
0 40 30 3 0 Role: 1
0 28 12 39 0 Role: 1
0 15 4 0 Role: 1
0 27 0 Role: 2
0 47 31 0 Role: 3
0 16 41 0 Role: 3

Số khách: 39
Chi phí: 6.85818e+06
0 2 10 50 21 13 6 29 11 43 5 38 25 9 34 19 26 15 33 7 42 48 0 Role: 0
0 8 14 17 18 31 36 0 Role: 0
0 30 3 0 Role: 1
0 4 22 0 Role: 1
0 28 12 39 0 Role: 1
0 1 27 0 Role: 2
0 16 41 0 Role: 2
0 37 0 Role: 2

Số khách: 48
Chi phí: 9.62021e+06
0 46 49 13 2 1 22 11 18 26 29 42 34 33 48 0 Role: 0
0 10 32 9 8 6 36 7 5 19 21 44 25 37 38 0 Role: 0
0 35 50 17 20 24 23 43 0 Role: 0
0 47 31 0 Role: 1
0 16 41 0 Role: 1
0 40 30 3 0 Role: 2
0 28 12 39 0 Role: 2
0 15 4 0 Role: 2
0 27 0 Role: 3

Số khách: 47
Chi phí: 8.55852e+06
0 10 8 44 21 50 36 11 23 43 30 16 31 41 2 5 7 9 25 33 34 38 42 0 Role: 0
0 32 14 45 6 13 17 19 24 26 29 0 Role: 0
0 20 18 0 Role: 1
0 37 3 0 Role: 1
0 22 48 0 Role: 1
0 12 39 0 Role: 1
0 15 4 0 Role: 1
0 28 0 Role: 1
0 1 27 0 Role: 2
0 47 0 Role: 2
0 40 0 Role: 3

Số khách: 45
Chi phí: 8.54514e+06
0 2 10 50 21 13 6 29 11 43 5 38 25 9 34 19 26 15 33 7 42 48 0 Role: 0
0 8 14 17 23 24 36 44 0 Role: 0
0 1 0 Role: 1
0 27 20 0 Role: 2
0 18 0 Role: 2
0 31 0 Role: 2
0 16 41 0 Role: 3
0 37 3 0 Role: 3
0 30 0 Role: 4
0 4 22 0 Role: 4
0 28 12 39 0 Role: 4
0 40 47 0 Role: 5

Số khách: 42
Chi phí: 6.98492e+06
0 14 17 13 43 23 24 11 29 26 37 42 34 33 2 22 48 0 Role: 0
0 35 6 19 5 7 21 50 25 9 36 44 38 0 Role: 0
0 1 27 0 Role: 1
0 20 18 0 Role: 1
0 40 30 3 0 Role: 2
0 28 12 39 0 Role: 2
0 15 4 0 Role: 2
0 16 41 0 Role: 3

Số khách: 36
Chi phí: 5.09697e+06
0 10 32 9 8 6 36 7 5 19 21 38 25 44 2 22 29 33 34 42 48 0 Role: 0
0 47 31 0 Role: 1
0 16 41 0 Role: 1
0 1 27 0 Role: 2
0 20 18 0 Role: 2
0 40 30 3 0 Role: 3
0 28 12 39 0 Role: 3
0 15 4 0 Role: 3

Số khách: 31
Chi phí: 4.23716e+06
0 35 6 19 5 7 21 50 25 9 36 38 44 2 22 48 29 42 34 33 0 Role: 0
0 30 3 0 Role: 1
0 28 12 39 0 Role: 1
0 15 4 0 Role: 1
0 1 27 0 Role: 2
0 16 41 0 Role: 2
0 37 0 Role: 2

Số khách: 17
Chi phí: 2.90185e+06
0 34 42 15 33 38 25 28 2 48 0 Role: 0
0 18 0 Role: 1
0 4 41 22 0 Role: 1
0 37 3 0 Role: 1
0 12 39 0 Role: 1

Số khách: 19
Chi phí: 3.16972e+06
0 22 43 3 37 29 42 7 5 38 34 33 28 2 39 0 Role: 0
0 27 41 15 4 0 Role: 1
0 1 0 Role: 2

Số khách: 29
Chi phí: 3.87217e+06
0 2 6 13 9 25 7 5 19 26 29 42 34 38 33 0 Role: 0
0 20 18 0 Role: 1
0 37 3 0 Role: 1
0 22 48 0 Role: 1
0 12 39 0 Role: 1
0 15 4 0 Role: 1
0 28 0 Role: 1
0 1 27 0 Role: 2
0 16 41 0 Role: 2

Số khách: 32
Chi phí: 4.55644e+06
0 2 10 50 21 13 6 29 11 43 5 38 25 9 34 19 26 15 33 7 42 48 0 Role: 0
0 37 3 0 Role: 1
0 4 22 0 Role: 1
0 28 12 39 0 Role: 1
0 1 27 0 Role: 2
0 16 41 0 Role: 2

Số khách: 33
Chi phí: 4.76071e+06
0 2 6 13 9 25 7 5 19 26 29 42 34 38 33 0 Role: 0
0 20 18 0 Role: 1
0 37 3 0 Role: 1
0 22 48 0 Role: 1
0 12 39 0 Role: 1
0 15 4 0 Role: 1
0 28 0 Role: 1
0 40 0 Role: 2
0 47 27 0 Role: 2
0 31 0 Role: 2
0 30 41 0 Role: 2
0 1 0 Role: 3
0 16 0 Role: 4

Số khách: 15
Chi phí: 2.82334e+06
0 2 39 28 25 33 34 42 48 22 15 0 Role: 0
0 1 27 0 Role: 1
0 4 16 41 0 Role: 1

Số khách: 21
Chi phí: 3.199e+06
0 34 42 15 33 38 25 28 2 0 Role: 0
0 18 0 Role: 1
0 4 41 22 0 Role: 1
0 37 3 0 Role: 1
0 12 39 0 Role: 1
0 40 20 27 0 Role: 2
0 47 31 0 Role: 2

Số khách: 26
Chi phí: 3.68879e+06
0 35 6 19 5 7 21 50 25 9 36 38 44 2 22 48 29 42 34 33 0 Role: 0
0 40 30 3 0 Role: 1
0 12 39 0 Role: 1
0 15 4 0 Role: 1

Số khách: 25
Chi phí: 3.41313e+06
0 2 6 13 9 25 7 5 19 26 29 42 34 38 33 0 Role: 0
0 20 18 0 Role: 1
0 37 3 0 Role: 1
0 22 48 0 Role: 1
0 12 39 0 Role: 1
0 15 4 0 Role: 1
0 28 0 Role: 1

Số khách: 27
Chi phí: 3.79833e+06
0 2 6 13 9 25 7 5 19 26 29 42 34 38 33 0 Role: 0
0 1 27 0 Role: 1
0 20 18 0 Role: 2
0 37 3 0 Role: 2
0 22 48 0 Role: 2
0 12 39 0 Role: 2
0 15 4 0 Role: 2
0 28 0 Role: 2

Số khách: 34
Chi phí: 5.04086e+06
0 2 10 50 21 13 6 29 11 43 5 38 25 9 34 19 26 15 33 7 42 48 0 Role: 0
0 18 0 Role: 1
0 1 27 0 Role: 2
0 16 41 0 Role: 2
0 37 0 Role: 2
0 30 3 0 Role: 3
0 4 22 0 Role: 3
0 28 12 39 0 Role: 3

Số khách: 28
Chi phí: 3.8651e+06
0 2 6 13 9 25 7 5 19 26 29 42 34 38 33 0 Role: 0
0 20 18 0 Role: 1
0 37 3 0 Role: 1
0 22 48 0 Role: 1
0 12 39 0 Role: 1
0 15 4 0 Role: 1
0 28 0 Role: 1
0 1 27 0 Role: 2
0 16 0 Role: 2

Số khách: 34
Chi phí: 5.04086e+06
0 2 10 50 21 13 6 29 11 43 5 38 25 9 34 19 26 15 33 7 42 48 0 Role: 0
0 30 3 0 Role: 1
0 4 22 0 Role: 1
0 28 12 39 0 Role: 1
0 1 27 0 Role: 2
0 16 41 0 Role: 2
0 37 0 Role: 2
0 18 0 Role: 3

Số khách: 23
Chi phí: 3.39337e+06
0 2 6 13 9 25 7 5 19 26 29 42 34 38 33 0 Role: 0
0 18 0 Role: 1
0 37 3 0 Role: 1
0 22 48 0 Role: 1
0 12 0 Role: 1
0 15 4 0 Role: 1
0 28 0 Role: 1

Số khách: 24
Chi phí: 3.41019e+06
0 2 6 13 9 25 7 5 19 26 29 42 34 38 33 0 Role: 0
0 20 18 0 Role: 1
0 37 3 0 Role: 1
0 22 48 0 Role: 1
0 39 0 Role: 1
0 15 4 0 Role: 1
0 28 0 Role: 1

Số khách: 22
Chi phí: 3.38542e+06
0 34 42 15 33 38 25 28 2 48 0 Role: 0
0 40 20 27 0 Role: 1
0 47 31 0 Role: 1
0 18 0 Role: 2
0 4 41 22 0 Role: 2
0 37 3 0 Role: 2
0 12 39 0 Role: 2

Số khách: 22
Chi phí: 3.38542e+06
0 34 42 15 33 38 25 28 2 48 0 Role: 0
0 18 0 Role: 1
0 4 41 22 0 Role: 1
0 37 3 0 Role: 1
0 12 39 0 Role: 1
0 40 20 27 0 Role: 2
0 47 31 0 Role: 2

