Số khách: 27
Chi phí: 1.92204e+06
0 10 14 34 18 3 26 19 12 11 41 30 39 33 38 43 37 24 47 20 0 Role: 0
0 40 7 17 16 2 4 31 15 0 Role: 1

Số khách: 50
Chi phí: 2.92498e+06
0 23 21 27 32 35 29 6 34 28 36 5 10 14 1 45 49 48 12 11 18 38 33 19 22 25 30 15 20 24 3 46 43 37 47 41 26 39 0 Role: 0
0 7 13 0 Role: 1
0 4 50 42 9 0 Role: 2
0 40 44 8 17 16 2 31 0 Role: 2

Số khách: 40
Chi phí: 2.20348e+06
0 22 13 19 35 11 31 30 20 37 43 14 24 47 41 25 26 3 38 46 33 0 Role: 0
0 8 7 32 15 9 0 Role: 1
0 34 42 17 0 Role: 1
0 48 16 39 45 1 0 Role: 1
0 4 2 12 36 5 10 0 Role: 1
0 18 0 Role: 1

Số khách: 48
Chi phí: 2.60184e+06
0 23 21 27 36 32 35 6 34 28 11 12 48 49 45 1 3 14 10 5 18 33 19 22 16 25 30 15 20 24 39 38 46 43 37 47 41 26 0 Role: 0
0 4 50 42 8 9 0 Role: 1
0 40 29 44 17 2 31 0 Role: 1

Số khách: 44
Chi phí: 2.31025e+06
0 15 11 12 49 22 1 18 3 14 37 38 33 19 35 39 30 41 20 24 46 47 10 43 0 Role: 0
0 25 4 32 48 40 42 34 8 44 0 Role: 1
0 50 36 21 17 9 0 Role: 1
0 29 13 31 0 Role: 1
0 2 5 16 26 0 Role: 1

Số khách: 49
Chi phí: 2.90208e+06
0 23 21 27 32 35 29 6 34 28 36 5 10 14 1 45 49 48 12 11 18 38 33 19 22 25 30 15 20 24 3 46 43 37 47 41 26 39 0 Role: 0
0 4 50 42 9 0 Role: 1
0 40 44 8 17 16 2 31 0 Role: 1
0 13 0 Role: 2

Số khách: 45
Chi phí: 2.33872e+06
0 15 11 12 49 22 1 18 3 14 37 38 33 19 35 39 30 41 20 24 46 47 10 43 0 Role: 0
0 25 4 32 48 40 42 34 8 44 0 Role: 1
0 50 36 21 17 9 0 Role: 1
0 29 7 13 31 0 Role: 1
0 2 5 16 26 0 Role: 1

Số khách: 39
Chi phí: 2.09575e+06
0 22 13 19 35 11 31 30 20 37 43 46 38 3 26 25 41 47 24 14 0 Role: 0
0 8 7 32 15 9 0 Role: 1
0 34 42 17 0 Role: 1
0 48 16 39 45 1 0 Role: 1
0 4 2 12 36 5 10 0 Role: 1
0 18 0 Role: 1

Số khách: 46
Chi phí: 2.56104e+06
0 23 21 27 32 35 29 6 34 28 11 12 48 49 45 1 3 14 10 5 18 38 19 22 16 25 30 15 20 24 46 33 39 26 41 47 37 43 0 Role: 0
0 4 9 42 0 Role: 1
0 40 44 8 17 2 31 0 Role: 1

Số khách: 31
Chi phí: 1.97809e+06
0 10 14 34 18 3 26 19 12 11 20 41 30 39 33 38 43 37 24 47 0 Role: 0
0 8 40 17 16 5 2 4 31 15 25 48 36 0 Role: 1

Số khách: 34
Chi phí: 2.04757e+06
0 10 3 1 19 11 4 2 5 16 39 22 35 33 46 43 37 24 20 30 15 0 Role: 0
0 8 9 45 13 48 36 0 Role: 1
0 25 32 26 38 14 0 Role: 1
0 47 12 0 Role: 1
0 41 0 Role: 1

Số khách: 35
Chi phí: 2.08674e+06
0 10 3 1 19 11 4 2 5 16 39 22 35 33 46 43 37 24 20 30 15 0 Role: 0
0 8 9 45 13 48 36 0 Role: 1
0 25 32 26 38 14 0 Role: 1
0 47 12 18 0 Role: 1
0 41 0 Role: 1

Số khách: 29
Chi phí: 1.96108e+06
0 10 14 34 18 3 26 19 12 11 41 20 47 24 37 43 38 33 39 30 0 Role: 0
0 8 40 7 17 16 5 2 31 15 25 0 Role: 1

Số khách: 47
Chi phí: 2.58047e+06
0 23 21 27 36 32 35 6 34 28 11 12 48 49 45 1 3 14 10 5 18 33 19 22 16 25 30 15 20 24 39 38 46 43 37 47 41 26 0 Role: 0
0 4 9 8 42 0 Role: 1
0 40 29 44 17 2 31 0 Role: 1

Số khách: 28
Chi phí: 1.93258e+06
0 10 14 34 18 3 26 19 12 11 41 30 39 33 38 43 37 24 47 20 0 Role: 0
0 25 40 7 17 16 2 4 31 15 0 Role: 1

Số khách: 50
Chi phí: 2.92498e+06
0 23 21 27 32 35 29 6 34 28 36 5 10 14 1 45 49 48 12 11 18 38 33 19 22 25 30 15 20 24 3 46 43 37 47 41 26 39 0 Role: 0
0 4 50 42 9 0 Role: 1
0 40 44 8 17 16 2 31 0 Role: 1
0 7 13 0 Role: 2

Số khách: 49
Chi phí: 2.90208e+06
0 23 21 27 32 35 29 6 34 28 36 5 10 14 1 45 49 48 12 11 18 38 33 19 22 25 30 15 20 24 3 46 43 37 47 41 26 39 0 Role: 0
0 13 0 Role: 1
0 4 50 42 9 0 Role: 2
0 40 44 8 17 16 2 31 0 Role: 2

