Số khách: 12
Chi phí: 2.49147e+06
0 29 0 Role: 0
0 86 17 0 Role: 1
0 61 0 Role: 1
0 54 0 Role: 1
0 64 78 0 Role: 1
0 69 40 0 Role: 1
0 95 0 Role: 1
0 48 36 0 Role: 2

Số khách: 97
Chi phí: 2.93154e+07
0 42 20 10 28 16 4 11 23 39 44 70 66 83 21 26 92 72 51 56 67 7 95 76 29 71 0 Role: 0
0 24 30 35 36 48 50 52 60 84 90 19 31 37 40 57 62 0 Role: 0
0 100 99 32 27 89 80 77 2 61 0 Role: 0
0 87 65 46 47 97 82 68 98 93 3 5 9 25 33 38 49 55 69 79 88 0 Role: 0
0 8 13 14 18 34 45 58 1 6 12 15 22 59 75 91 41 43 63 81 0 Role: 0
0 53 74 85 0 Role: 0
0 54 78 64 0 Role: 1
0 17 86 0 Role: 2

Số khách: 93
Chi phí: 2.52795e+07
0 90 45 68 52 58 84 60 0 Role: 0
0 27 46 32 24 87 98 93 64 54 0 Role: 0
0 13 34 100 82 50 65 18 85 74 97 75 99 91 1 6 59 12 15 22 78 0 Role: 0
0 42 10 28 16 4 11 23 39 44 70 66 89 83 21 26 92 72 51 56 67 71 95 76 7 29 40 0 Role: 0
0 3 2 25 37 19 38 9 5 33 41 63 81 49 43 62 57 69 55 79 88 31 0 Role: 0
0 8 14 20 30 35 0 Role: 0
0 48 0 Role: 1
0 86 17 0 Role: 1
0 36 0 Role: 2
0 61 0 Role: 2

Số khách: 61
Chi phí: 1.41949e+07
0 3 2 25 37 38 31 9 5 33 43 83 62 57 55 7 12 88 49 19 63 81 76 0 Role: 0
0 21 87 97 84 45 90 68 98 93 52 58 59 92 89 60 75 72 51 56 67 71 79 91 41 0 Role: 0
0 1 6 15 22 26 29 0 Role: 0
0 17 0 Role: 1
0 61 95 0 Role: 1
0 69 40 0 Role: 1
0 64 78 54 0 Role: 1
0 36 0 Role: 2

Số khách: 79
Chi phí: 2.04328e+07
0 27 46 32 30 65 47 17 36 48 50 52 54 78 89 60 0 Role: 0
0 8 13 14 18 34 45 58 1 6 12 15 22 59 75 91 0 Role: 0
0 3 2 25 37 19 38 9 5 33 41 63 81 49 43 62 57 69 55 79 88 31 40 0 Role: 0
0 42 20 10 28 16 4 11 23 39 44 70 66 83 21 26 92 72 51 56 67 7 95 76 29 71 0 Role: 0
0 86 0 Role: 1
0 61 0 Role: 1

Số khách: 73
Chi phí: 1.87609e+07
0 3 2 25 37 19 38 9 5 33 41 63 81 49 43 62 57 69 55 79 88 31 40 0 Role: 0
0 42 20 10 28 16 4 11 23 39 44 70 66 89 83 21 26 92 72 51 56 67 71 95 76 7 29 0 Role: 0
0 84 30 24 35 50 52 58 6 60 12 22 15 75 91 0 Role: 0
0 1 59 90 0 Role: 0
0 17 86 0 Role: 1
0 48 36 0 Role: 2
0 61 0 Role: 2
0 54 78 64 0 Role: 3

Số khách: 89
Chi phí: 2.45343e+07
0 3 2 25 37 19 38 9 5 33 41 63 81 49 43 62 57 69 55 79 88 31 0 Role: 0
0 42 10 28 16 4 11 23 39 44 70 66 89 83 21 26 92 72 51 56 67 71 95 76 7 29 40 0 Role: 0
0 13 34 100 82 50 65 18 85 74 97 75 99 91 1 6 59 12 15 22 78 0 Role: 0
0 90 45 68 52 58 84 60 0 Role: 0
0 27 46 32 24 87 98 93 64 54 0 Role: 0
0 8 14 0 Role: 0
0 48 0 Role: 1
0 86 17 0 Role: 1
0 61 0 Role: 2

Số khách: 74
Chi phí: 1.95672e+07
0 42 20 10 28 16 4 11 23 39 44 70 66 83 21 26 92 72 51 56 67 7 95 76 29 71 0 Role: 0
0 3 2 25 37 19 38 9 5 33 41 63 81 49 43 62 57 69 55 79 88 31 40 0 Role: 0
0 8 13 14 18 34 45 58 1 6 12 15 22 59 75 91 0 Role: 0
0 24 30 35 50 0 Role: 0
0 17 86 0 Role: 1
0 61 0 Role: 1
0 64 78 54 0 Role: 2
0 36 48 0 Role: 3

Số khách: 56
Chi phí: 1.22138e+07
0 42 20 10 28 16 4 11 23 39 44 70 66 89 83 21 26 92 72 51 56 67 71 95 76 7 29 0 Role: 0
0 3 2 25 37 19 38 9 5 33 41 63 81 49 43 62 57 69 55 79 88 31 40 0 Role: 0
0 54 78 64 0 Role: 1
0 17 86 0 Role: 2
0 36 48 0 Role: 2
0 61 0 Role: 2

Số khách: 50
Chi phí: 1.03757e+07
0 21 87 97 84 45 90 68 98 93 52 58 59 92 89 60 75 72 51 56 67 71 79 91 41 63 81 0 Role: 0
0 6 1 12 9 31 15 19 22 7 26 76 62 57 29 0 Role: 0
0 86 0 Role: 1
0 61 95 0 Role: 1
0 69 40 0 Role: 1
0 64 78 54 0 Role: 1
0 36 48 0 Role: 2

Số khách: 94
Chi phí: 2.70949e+07
0 27 46 32 25 2 9 19 5 3 31 38 43 62 57 33 41 81 37 0 Role: 0
0 13 34 100 82 50 65 18 85 74 97 75 99 91 1 6 59 12 15 22 49 88 79 63 0 Role: 0
0 87 24 61 98 68 55 69 93 78 0 Role: 0
0 8 14 17 30 35 36 45 52 58 60 84 90 0 Role: 0
0 42 20 10 28 16 4 11 23 39 44 70 66 89 83 21 26 92 72 51 56 67 71 95 76 7 29 40 0 Role: 0
0 47 54 64 0 Role: 0
0 48 0 Role: 1
0 86 0 Role: 1

Số khách: 71
Chi phí: 1.66069e+07
0 3 2 25 37 19 38 9 5 33 41 63 81 49 43 62 57 69 55 79 88 31 40 0 Role: 0
0 42 20 10 28 16 4 11 23 39 44 70 66 83 21 26 92 72 51 56 67 7 95 76 29 71 0 Role: 0
0 27 46 32 30 65 47 17 36 48 50 52 6 54 78 22 89 60 15 12 75 91 0 Role: 0
0 86 0 Role: 1
0 61 0 Role: 1
0 64 0 Role: 2

Số khách: 95
Chi phí: 2.81483e+07
0 42 20 10 28 16 4 11 23 39 44 70 66 83 21 26 92 72 51 56 67 7 95 76 29 71 0 Role: 0
0 8 13 14 18 34 45 58 1 6 12 15 22 59 75 91 0 Role: 0
0 3 2 25 37 19 38 9 5 33 41 63 81 49 43 62 57 69 55 79 88 31 40 0 Role: 0
0 30 24 35 50 48 36 54 52 60 78 0 Role: 0
0 27 32 46 47 64 65 68 82 84 87 89 90 93 97 0 Role: 0
0 53 73 99 74 85 98 0 Role: 0
0 86 17 0 Role: 1
0 61 0 Role: 1

Số khách: 28
Chi phí: 5.32606e+06
0 93 84 97 87 45 90 68 1 98 6 12 31 19 22 76 57 26 29 7 62 0 Role: 0
0 17 86 0 Role: 1
0 36 61 95 0 Role: 1
0 40 69 0 Role: 2
0 48 0 Role: 2

Số khách: 83
Chi phí: 2.13732e+07
0 42 20 10 28 16 4 11 23 39 44 70 66 89 83 21 26 92 72 51 56 67 71 95 76 7 29 40 0 Role: 0
0 3 2 25 37 19 9 5 33 41 63 81 49 43 62 57 69 55 79 88 31 0 Role: 0
0 13 34 100 82 50 65 18 85 74 75 99 91 1 6 59 78 22 15 12 0 Role: 0
0 27 46 87 32 24 52 98 64 54 58 84 60 0 Role: 0
0 48 0 Role: 1
0 86 17 0 Role: 1
0 36 0 Role: 2
0 61 0 Role: 2

Số khách: 66
Chi phí: 1.54697e+07
0 11 4 19 15 12 10 1 6 7 22 81 63 41 29 0 Role: 0
0 3 2 25 37 38 31 9 5 33 43 83 62 57 88 49 0 Role: 0
0 55 71 79 67 56 91 51 76 26 0 Role: 0
0 21 87 97 84 45 90 68 98 93 52 58 59 92 89 60 75 72 0 Role: 0
0 36 0 Role: 1
0 48 0 Role: 1
0 86 17 0 Role: 2
0 61 95 0 Role: 2
0 69 40 0 Role: 2
0 64 78 54 0 Role: 2

Số khách: 45
Chi phí: 1.01108e+07
0 93 98 68 90 45 84 97 87 21 1 6 7 29 26 76 22 19 31 12 57 62 0 Role: 0
0 27 46 32 65 47 3 9 2 5 15 38 49 37 63 25 51 41 33 43 0 Role: 0
0 40 69 0 Role: 1
0 17 0 Role: 2
0 36 48 0 Role: 2

Số khách: 85
Chi phí: 2.29532e+07
0 27 46 87 32 24 52 98 64 54 58 84 60 0 Role: 0
0 3 2 25 37 19 38 9 5 33 41 63 81 49 43 62 57 69 55 79 88 31 0 Role: 0
0 42 20 10 28 16 4 11 23 39 44 70 66 89 83 21 26 92 72 51 56 67 71 95 76 7 29 40 0 Role: 0
0 13 34 100 82 50 65 18 85 74 75 99 91 1 6 59 78 22 15 12 0 Role: 0
0 8 0 Role: 0
0 48 0 Role: 1
0 86 17 0 Role: 1
0 36 0 Role: 2
0 61 0 Role: 2

Số khách: 70
Chi phí: 1.63906e+07
0 27 46 32 30 65 47 17 36 48 50 52 6 54 78 22 89 60 15 12 75 91 0 Role: 0
0 42 20 10 28 16 4 11 39 44 70 66 83 21 26 92 72 51 56 67 7 95 76 29 71 0 Role: 0
0 3 2 25 37 19 38 9 5 33 41 63 81 49 43 62 57 69 55 79 88 31 40 0 Role: 0
0 86 0 Role: 1
0 61 0 Role: 1
0 64 0 Role: 2

Số khách: 18
Chi phí: 3.91482e+06
0 6 1 12 9 31 15 19 22 7 26 76 62 57 0 Role: 0
0 40 69 0 Role: 1
0 54 64 0 Role: 1
0 78 0 Role: 1

Số khách: 87
Chi phí: 2.35147e+07
0 8 13 14 18 34 45 58 1 6 12 15 22 59 75 91 0 Role: 0
0 24 30 35 36 48 50 52 60 84 90 0 Role: 0
0 42 20 10 28 16 4 11 23 39 44 70 66 83 21 26 92 72 51 56 67 7 95 76 29 71 0 Role: 0
0 87 65 46 47 97 82 68 98 93 0 Role: 0
0 3 2 25 37 19 38 9 5 33 41 63 81 49 43 62 57 69 55 79 88 31 40 0 Role: 0
0 54 78 64 0 Role: 1
0 17 86 0 Role: 2
0 61 0 Role: 2

Số khách: 43
Chi phí: 9.10023e+06
0 71 55 79 67 56 91 51 76 26 7 19 81 63 0 Role: 0
0 2 25 37 38 31 9 5 43 3 83 62 57 92 59 12 72 75 88 49 22 29 0 Role: 0
0 86 17 0 Role: 1
0 61 95 0 Role: 1
0 69 40 0 Role: 1
0 64 78 54 0 Role: 1

Số khách: 82
Chi phí: 2.09983e+07
0 8 13 14 18 34 45 58 1 6 12 15 22 59 75 91 0 Role: 0
0 46 65 47 87 97 82 68 98 93 52 60 89 84 0 Role: 0
0 42 20 10 28 16 4 11 23 39 44 70 66 83 21 26 92 72 51 56 67 7 95 76 29 71 0 Role: 0
0 3 2 25 37 19 38 9 5 33 41 63 81 49 43 62 57 69 55 79 88 31 40 0 Role: 0
0 17 86 0 Role: 1
0 61 0 Role: 1
0 54 78 64 0 Role: 2
0 36 0 Role: 3

Số khách: 38
Chi phí: 6.98152e+06
0 21 87 97 84 45 90 68 98 93 52 58 59 92 89 60 75 72 51 56 67 71 79 91 41 63 81 19 0 Role: 0
0 36 48 0 Role: 1
0 86 17 0 Role: 2
0 61 95 0 Role: 2
0 69 40 0 Role: 2
0 64 78 54 0 Role: 2

Số khách: 51
Chi phí: 1.17181e+07
0 42 20 10 28 16 4 11 23 39 44 70 66 89 83 21 26 92 72 51 56 67 71 95 76 7 29 0 Role: 0
0 3 2 25 37 19 38 9 5 33 41 63 81 49 43 62 57 69 55 79 88 31 40 0 Role: 0
0 48 36 0 Role: 1
0 61 0 Role: 1

Số khách: 31
Chi phí: 5.99066e+06
0 3 2 25 37 38 31 9 5 33 43 83 62 57 55 7 12 88 49 19 63 81 76 0 Role: 0
0 86 17 0 Role: 1
0 61 95 0 Role: 1
0 69 40 0 Role: 1
0 64 78 54 0 Role: 1

Số khách: 14
Chi phí: 3.30601e+06
0 20 16 39 36 0 Role: 0
0 69 40 0 Role: 1
0 48 0 Role: 1
0 61 95 0 Role: 1
0 64 78 0 Role: 1
0 54 0 Role: 1
0 86 0 Role: 2
0 17 0 Role: 2

Số khách: 25
Chi phí: 4.93315e+06
0 36 39 19 15 12 20 1 6 7 22 62 57 26 29 76 0 Role: 0
0 69 40 0 Role: 1
0 48 0 Role: 1
0 61 95 0 Role: 1
0 64 78 0 Role: 1
0 54 0 Role: 1
0 17 86 0 Role: 2

Số khách: 15
Chi phí: 3.61653e+06
0 40 71 29 7 6 12 15 19 22 57 62 0 Role: 0
0 17 86 0 Role: 1
0 64 54 0 Role: 2

Số khách: 21
Chi phí: 4.38708e+06
0 6 1 12 84 15 19 22 7 26 29 71 40 57 62 76 0 Role: 0
0 86 17 0 Role: 1
0 48 36 0 Role: 1
0 61 95 0 Role: 1

Số khách: 63
Chi phí: 1.51212e+07
0 3 2 25 37 19 38 9 5 33 41 63 81 49 43 62 57 69 55 79 88 31 40 0 Role: 0
0 42 20 10 28 16 4 11 23 39 44 70 66 89 83 21 26 92 72 51 56 67 71 95 76 7 29 0 Role: 0
0 1 6 12 15 22 59 75 0 Role: 0
0 54 78 64 0 Role: 1
0 17 86 0 Role: 2
0 36 48 0 Role: 2
0 61 0 Role: 2

Số khách: 39
Chi phí: 7.92365e+06
0 42 20 10 28 16 4 11 23 39 44 70 66 89 83 21 26 92 72 51 56 67 71 29 7 95 76 57 62 19 63 81 0 Role: 0
0 48 69 0 Role: 1
0 78 54 0 Role: 1
0 17 86 0 Role: 2
0 36 61 0 Role: 2

Số khách: 44
Chi phí: 9.40153e+06
0 21 87 97 84 45 90 68 98 93 52 58 59 92 89 60 75 72 51 56 67 71 79 91 41 63 81 19 0 Role: 0
0 1 6 7 12 15 22 0 Role: 0
0 86 17 0 Role: 1
0 61 95 0 Role: 1
0 69 40 0 Role: 1
0 64 78 54 0 Role: 1
0 36 48 0 Role: 2

Số khách: 41
Chi phí: 8.10198e+06
0 42 20 10 28 16 4 11 23 39 44 70 66 89 83 21 26 92 72 51 56 67 71 29 7 95 76 57 62 19 63 81 0 Role: 0
0 17 86 0 Role: 1
0 36 61 0 Role: 1
0 54 64 0 Role: 1
0 40 0 Role: 2
0 48 69 0 Role: 2
0 78 0 Role: 2

Số khách: 53
Chi phí: 1.19234e+07
0 3 2 25 37 38 31 9 5 33 43 83 62 57 92 59 72 75 88 49 0 Role: 0
0 11 4 19 15 12 10 1 6 7 22 81 63 41 29 0 Role: 0
0 55 71 79 67 56 91 51 76 26 0 Role: 0
0 86 17 0 Role: 1
0 61 95 0 Role: 1
0 69 40 0 Role: 1
0 64 78 54 0 Role: 1
0 36 48 0 Role: 2

Số khách: 62
Chi phí: 1.43399e+07
0 21 87 97 84 45 90 68 98 93 52 58 59 92 89 60 75 72 51 56 67 71 79 91 41 76 0 Role: 0
0 3 2 25 37 38 31 9 5 33 43 83 62 57 55 7 12 88 49 19 63 81 0 Role: 0
0 1 6 15 22 26 29 0 Role: 0
0 86 17 0 Role: 1
0 61 95 0 Role: 1
0 69 40 0 Role: 1
0 64 78 54 0 Role: 1
0 36 0 Role: 2

Số khách: 36
Chi phí: 6.70653e+06
0 2 25 37 38 31 9 5 43 3 83 62 57 92 59 12 72 75 88 49 22 29 7 19 63 81 0 Role: 0
0 86 17 0 Role: 1
0 61 95 0 Role: 1
0 69 40 0 Role: 1
0 64 78 54 0 Role: 1
0 36 48 0 Role: 2

Số khách: 64
Chi phí: 1.53978e+07
0 42 20 10 28 16 4 11 23 39 44 70 66 89 83 21 26 92 72 51 56 67 71 95 76 7 29 0 Role: 0
0 75 91 90 1 6 59 12 15 22 0 Role: 0
0 3 2 25 37 19 38 9 5 33 41 63 81 49 43 62 57 69 55 79 88 31 40 0 Role: 0
0 17 86 0 Role: 1
0 78 54 0 Role: 2
0 48 36 0 Role: 3
0 61 0 Role: 3

Số khách: 56
Chi phí: 1.22138e+07
0 42 20 10 28 16 4 11 23 39 44 70 66 89 83 21 26 92 72 51 56 67 71 95 76 7 29 0 Role: 0
0 3 2 25 37 19 38 9 5 33 41 63 81 49 43 62 57 69 55 79 88 31 40 0 Role: 0
0 17 86 0 Role: 1
0 36 48 0 Role: 1
0 61 0 Role: 1
0 54 78 64 0 Role: 2

Số khách: 86
Chi phí: 2.31537e+07
0 27 46 87 32 24 52 98 64 54 58 84 60 0 Role: 0
0 90 45 68 93 0 Role: 0
0 3 2 25 37 19 38 9 5 33 41 63 81 49 43 62 57 69 55 79 88 31 0 Role: 0
0 42 20 10 28 16 4 11 23 39 44 70 66 89 83 21 26 92 72 51 56 67 71 95 76 7 29 40 0 Role: 0
0 13 34 100 82 50 65 18 85 74 75 99 91 1 6 59 78 22 15 12 0 Role: 0
0 48 0 Role: 1
0 86 17 0 Role: 1

Số khách: 35
Chi phí: 6.54453e+06
0 3 2 25 37 38 31 9 5 33 43 83 62 57 92 59 72 75 88 49 7 12 19 26 76 0 Role: 0
0 86 17 0 Role: 1
0 61 95 0 Role: 1
0 69 40 0 Role: 1
0 64 78 54 0 Role: 1
0 36 48 0 Role: 2

Số khách: 24
Chi phí: 4.65392e+06
0 6 1 12 9 15 19 22 7 26 29 76 62 57 0 Role: 0
0 36 0 Role: 1
0 48 0 Role: 1
0 86 17 0 Role: 2
0 61 95 0 Role: 2
0 69 40 0 Role: 2
0 64 78 54 0 Role: 2

Số khách: 34
Chi phí: 6.30917e+06
0 2 25 37 38 31 9 5 43 3 83 62 57 92 59 12 72 75 88 49 22 29 7 19 63 81 0 Role: 0
0 86 17 0 Role: 1
0 61 95 0 Role: 1
0 69 40 0 Role: 1
0 64 78 54 0 Role: 1

Số khách: 32
Chi phí: 6.13847e+06
0 3 2 25 37 38 31 9 5 33 43 83 62 57 92 59 72 75 88 49 7 12 19 26 76 0 Role: 0
0 86 0 Role: 1
0 61 95 0 Role: 1
0 69 40 0 Role: 1
0 64 78 54 0 Role: 1

Số khách: 52
Chi phí: 1.18686e+07
0 3 2 25 37 19 38 9 5 33 41 63 81 49 43 62 57 69 55 79 88 31 40 0 Role: 0
0 42 20 10 28 16 4 11 23 39 44 70 66 83 21 26 92 72 51 56 67 7 95 76 29 71 0 Role: 0
0 54 78 64 0 Role: 1
0 17 86 0 Role: 2

Số khách: 23
Chi phí: 4.54199e+06
0 36 39 16 15 12 20 1 6 7 19 22 76 29 26 57 62 0 Role: 0
0 69 40 0 Role: 1
0 48 0 Role: 1
0 61 0 Role: 1
0 64 78 0 Role: 1
0 54 0 Role: 1

Số khách: 40
Chi phí: 7.99374e+06
0 42 20 10 28 16 4 11 23 39 44 70 66 89 83 21 26 92 72 51 56 67 71 29 7 95 76 57 62 19 63 81 0 Role: 0
0 17 86 0 Role: 1
0 36 61 0 Role: 1
0 54 64 0 Role: 1
0 40 69 0 Role: 2
0 48 0 Role: 2

Số khách: 33
Chi phí: 6.24891e+06
0 2 25 37 38 31 9 5 43 3 83 62 57 92 12 72 75 88 49 22 29 7 19 63 81 0 Role: 0
0 86 17 0 Role: 1
0 61 95 0 Role: 1
0 69 40 0 Role: 1
0 64 78 54 0 Role: 1

Số khách: 22
Chi phí: 4.46769e+06
0 6 1 12 9 31 15 19 22 29 26 76 62 57 0 Role: 0
0 86 17 0 Role: 1
0 36 48 0 Role: 1
0 40 69 0 Role: 1
0 54 64 0 Role: 2
0 78 0 Role: 2

Số khách: 41
Chi phí: 8.10198e+06
0 42 20 10 28 16 4 11 23 39 44 70 66 89 83 21 26 92 72 51 56 67 71 29 7 95 76 57 62 19 63 81 0 Role: 0
0 17 86 0 Role: 1
0 36 61 0 Role: 1
0 54 64 0 Role: 1
0 40 0 Role: 2
0 48 69 0 Role: 2
0 78 0 Role: 2

