Số khách: 16
Chi phí: 3.21052e+06
0 4 16 22 57 42 10 5 54 6 0 Role: 0
0 73 97 0 Role: 1
0 24 17 0 Role: 1
0 70 37 81 0 Role: 1

Số khách: 94
Chi phí: 3.06487e+07
0 39 32 18 27 33 35 41 53 49 56 14 79 88 94 64 0 Role: 0
0 46 36 45 52 51 31 62 59 58 66 4 54 20 80 47 71 42 10 13 6 16 24 55 0 Role: 0
0 76 92 40 44 68 83 57 77 8 11 30 50 12 19 5 22 0 Role: 0
0 7 26 1 2 3 28 15 21 17 34 23 99 38 86 37 93 25 65 85 0 Role: 0
0 29 43 48 69 84 0 Role: 0
0 60 61 72 74 75 89 90 96 98 100 0 Role: 0
0 67 0 Role: 1
0 97 9 81 0 Role: 2
0 73 70 0 Role: 3

Số khách: 92
Chi phí: 2.97387e+07
0 7 26 1 2 3 28 15 21 17 34 23 99 38 86 37 93 25 65 85 0 Role: 0
0 60 61 69 70 74 75 84 89 14 43 64 79 0 Role: 0
0 46 36 45 52 51 31 62 59 58 66 4 54 20 80 47 71 42 10 13 6 16 24 55 0 Role: 0
0 76 92 40 44 68 83 57 77 8 11 30 50 12 19 5 22 0 Role: 0
0 32 39 18 27 33 35 41 49 53 56 88 94 0 Role: 0
0 29 63 72 78 82 0 Role: 0
0 97 9 81 0 Role: 1
0 73 0 Role: 2
0 67 0 Role: 3

Số khách: 90
Chi phí: 2.73061e+07
0 1 2 3 33 27 18 35 48 41 49 56 53 79 88 94 38 64 43 0 Role: 0
0 26 92 28 21 34 77 0 Role: 0
0 39 32 22 8 11 19 30 12 50 37 5 0 Role: 0
0 46 36 45 52 51 31 62 59 58 66 4 54 20 80 47 71 42 10 13 6 16 24 55 0 Role: 0
0 61 60 75 74 70 69 84 40 89 44 68 57 99 23 67 86 93 83 14 25 65 85 0 Role: 0
0 29 63 72 0 Role: 0
0 7 0 Role: 1
0 15 0 Role: 1
0 17 0 Role: 1
0 73 0 Role: 1
0 97 9 81 0 Role: 2

Số khách: 59
Chi phí: 1.38305e+07
0 58 17 21 15 18 33 28 25 26 40 43 56 57 65 68 53 44 47 79 83 11 5 55 19 30 12 50 85 22 0 Role: 0
0 7 9 10 20 93 81 24 0 Role: 0
0 39 4 32 1 51 52 2 3 46 6 8 16 37 13 54 14 42 99 0 Role: 0
0 34 97 0 Role: 1
0 73 59 0 Role: 1
0 67 0 Role: 1

Số khách: 55
Chi phí: 1.16976e+07
0 39 4 32 1 51 52 2 3 46 6 8 16 37 13 54 14 42 99 0 Role: 0
0 58 17 21 15 18 33 28 25 26 40 43 56 83 57 65 68 53 44 47 11 85 22 50 12 30 19 55 5 0 Role: 0
0 34 97 0 Role: 1
0 73 59 0 Role: 1
0 67 0 Role: 1
0 7 0 Role: 2
0 9 81 0 Role: 2
0 24 0 Role: 2

Số khách: 66
Chi phí: 1.59968e+07
0 46 36 45 52 51 31 62 59 58 66 54 20 80 47 71 42 10 13 6 24 25 85 65 99 4 0 Role: 0
0 63 43 18 69 33 61 28 2 26 48 53 49 64 50 12 93 30 19 94 0 Role: 0
0 21 3 57 23 34 9 38 5 14 16 22 55 79 0 Role: 0
0 17 0 Role: 1
0 15 73 0 Role: 1
0 7 97 0 Role: 1
0 70 37 81 0 Role: 1
0 67 0 Role: 2

Số khách: 86
Chi phí: 2.50935e+07
0 39 32 22 8 11 19 30 12 50 37 5 0 Role: 0
0 61 60 75 74 70 69 84 40 89 44 68 57 99 23 67 86 93 83 14 25 65 85 0 Role: 0
0 26 34 21 28 79 92 38 64 43 0 Role: 0
0 46 36 45 52 51 31 62 59 58 66 4 54 20 80 47 71 42 10 13 6 16 24 55 0 Role: 0
0 1 2 3 33 27 18 35 48 41 49 56 53 88 94 0 Role: 0
0 97 9 81 0 Role: 1
0 7 0 Role: 2
0 15 0 Role: 2
0 17 0 Role: 2
0 73 0 Role: 2

Số khách: 62
Chi phí: 1.55611e+07
0 46 36 45 52 51 31 62 59 58 66 54 20 80 47 71 42 10 13 6 24 25 85 65 99 5 55 0 Role: 0
0 63 43 18 69 33 61 28 2 26 48 53 4 49 64 50 12 30 19 94 14 16 22 0 Role: 0
0 1 3 7 8 9 0 Role: 0
0 67 0 Role: 1
0 17 0 Role: 2
0 15 73 0 Role: 2
0 97 34 0 Role: 2
0 70 37 81 0 Role: 2

Số khách: 89
Chi phí: 2.60756e+07
0 39 32 49 18 27 33 48 35 41 53 98 56 88 94 0 Role: 0
0 76 92 40 44 68 83 57 77 8 11 30 50 12 19 5 22 0 Role: 0
0 46 36 45 52 51 31 62 59 58 66 4 54 20 80 47 71 42 10 13 6 16 24 55 0 Role: 0
0 61 60 84 89 69 70 74 75 9 14 25 79 64 43 85 65 0 Role: 0
0 7 26 1 2 3 28 15 21 17 34 99 23 38 93 86 37 81 0 Role: 0
0 67 0 Role: 1
0 73 97 0 Role: 2

Số khách: 71
Chi phí: 1.87352e+07
0 21 86 3 57 23 34 9 38 5 14 22 16 79 55 0 Role: 0
0 26 1 2 90 28 88 67 43 64 94 0 Role: 0
0 46 36 45 52 51 31 62 59 58 66 4 54 20 80 47 71 42 10 13 6 24 25 65 85 99 0 Role: 0
0 76 92 40 44 11 68 83 77 8 30 93 50 12 19 0 Role: 0
0 17 0 Role: 1
0 15 73 0 Role: 1
0 7 97 0 Role: 1
0 70 37 81 0 Role: 1

Số khách: 84
Chi phí: 2.39237e+07
0 61 60 75 74 70 69 84 40 89 68 57 99 23 67 86 93 25 83 14 65 85 0 Role: 0
0 15 21 17 34 92 28 26 77 0 Role: 0
0 46 36 45 52 51 31 62 59 58 66 4 54 20 80 47 71 42 10 13 6 16 24 55 0 Role: 0
0 39 32 22 8 11 19 30 12 50 37 5 0 Role: 0
0 1 2 3 33 27 18 35 48 41 49 56 53 79 88 94 38 64 43 0 Role: 0
0 97 9 81 0 Role: 1

Số khách: 44
Chi phí: 9.70673e+06
0 58 17 21 15 18 33 28 25 26 40 43 56 57 65 68 53 44 47 79 83 11 5 55 19 30 12 50 85 22 0 Role: 0
0 6 67 4 16 77 42 14 13 37 54 0 Role: 0
0 97 9 81 0 Role: 1
0 7 0 Role: 2
0 24 0 Role: 2

Số khách: 75
Chi phí: 2.00913e+07
0 61 60 75 74 70 69 84 40 89 44 68 57 99 23 67 86 93 83 14 25 85 22 65 5 0 Role: 0
0 1 2 3 33 27 18 35 48 41 49 56 53 11 88 94 19 30 12 37 50 0 Role: 0
0 46 36 45 52 51 31 62 59 58 66 4 54 20 80 47 71 42 10 13 6 16 24 55 0 Role: 0
0 97 9 81 0 Role: 1
0 7 0 Role: 2
0 15 0 Role: 2
0 17 0 Role: 2
0 73 0 Role: 2
0 34 0 Role: 3

Số khách: 60
Chi phí: 1.44548e+07
0 58 17 21 15 18 33 28 25 26 40 43 56 57 65 68 53 44 47 79 83 11 5 55 19 30 12 50 85 22 0 Role: 0
0 39 4 32 1 51 52 2 3 46 6 8 16 37 13 54 14 42 0 Role: 0
0 24 99 10 20 93 64 0 Role: 0
0 97 9 81 0 Role: 1
0 34 0 Role: 2
0 73 59 0 Role: 2
0 67 0 Role: 2
0 7 0 Role: 3

Số khách: 79
Chi phí: 2.13993e+07
0 46 36 45 52 51 31 62 59 58 66 4 54 20 80 47 71 42 10 13 6 24 25 65 85 99 0 Role: 0
0 21 3 57 23 34 9 38 5 14 16 22 55 79 0 Role: 0
0 63 43 18 69 33 61 28 2 26 48 53 49 64 50 12 93 30 19 94 0 Role: 0
0 1 90 27 35 98 56 41 88 86 11 44 83 68 0 Role: 0
0 17 0 Role: 1
0 15 73 0 Role: 1
0 7 97 0 Role: 1
0 70 37 81 0 Role: 1
0 67 0 Role: 2

Số khách: 21
Chi phí: 3.96105e+06
0 16 67 77 22 42 11 5 54 0 Role: 0
0 15 59 0 Role: 1
0 7 97 0 Role: 2
0 4 9 0 Role: 2
0 24 17 0 Role: 2
0 6 0 Role: 2
0 37 81 0 Role: 2
0 73 70 0 Role: 3

Số khách: 74
Chi phí: 1.94725e+07
0 46 36 45 52 51 31 62 59 58 66 54 20 80 47 71 42 10 13 6 24 25 85 65 99 0 Role: 0
0 76 92 40 44 11 68 83 77 8 30 93 50 12 19 0 Role: 0
0 21 3 57 23 34 9 38 5 14 16 22 55 79 0 Role: 0
0 63 43 18 69 33 61 28 2 26 48 53 49 64 94 0 Role: 0
0 17 0 Role: 1
0 15 73 0 Role: 1
0 7 97 0 Role: 1
0 70 37 81 0 Role: 1
0 67 0 Role: 2

Số khách: 77
Chi phí: 2.13884e+07
0 46 36 45 52 51 31 62 59 58 66 4 54 20 80 47 71 42 10 13 6 24 25 65 85 99 0 Role: 0
0 76 92 40 44 68 83 57 77 8 11 30 50 12 19 93 0 Role: 0
0 18 29 27 33 48 35 41 53 49 56 79 88 94 64 43 5 14 16 22 55 0 Role: 0
0 1 2 3 9 21 23 34 38 86 0 Role: 0
0 17 0 Role: 1
0 15 73 0 Role: 1
0 7 97 0 Role: 1
0 70 37 81 0 Role: 1

Số khách: 81
Chi phí: 2.27535e+07
0 1 2 90 28 26 57 23 67 9 0 Role: 0
0 76 92 40 44 11 68 83 77 8 30 93 50 12 19 0 Role: 0
0 46 36 45 52 51 31 62 59 58 66 4 54 20 80 47 71 42 10 13 6 24 25 65 85 99 0 Role: 0
0 18 29 27 33 48 35 41 53 49 56 79 88 94 64 43 5 14 16 22 55 0 Role: 0
0 3 21 34 38 86 0 Role: 0
0 17 0 Role: 1
0 15 73 0 Role: 1
0 7 97 0 Role: 1
0 70 37 81 0 Role: 1

Số khách: 67
Chi phí: 1.77505e+07
0 61 60 75 74 70 69 84 40 89 44 68 57 83 16 67 6 24 13 54 55 11 50 12 30 0 Role: 0
0 18 29 27 33 48 35 41 53 49 56 25 88 43 64 94 79 14 65 85 4 42 0 Role: 0
0 7 26 1 2 3 28 15 21 17 34 23 37 86 38 93 19 5 99 22 0 Role: 0
0 97 9 81 0 Role: 1

Số khách: 43
Chi phí: 8.17218e+06
0 58 17 21 15 18 33 28 25 26 43 56 83 57 65 68 53 44 47 79 11 85 22 16 50 12 30 19 55 5 42 0 Role: 0
0 24 0 Role: 1
0 34 0 Role: 1
0 67 0 Role: 1
0 73 59 0 Role: 2
0 70 37 81 0 Role: 2
0 7 97 0 Role: 3
0 9 4 0 Role: 3
0 6 0 Role: 4

Số khách: 17
Chi phí: 3.64451e+06
0 57 10 0 Role: 0
0 15 59 0 Role: 1
0 9 37 0 Role: 1
0 24 0 Role: 1
0 34 0 Role: 1
0 4 67 0 Role: 1
0 6 0 Role: 1
0 81 0 Role: 1
0 73 97 0 Role: 2
0 17 0 Role: 2
0 70 0 Role: 2
0 7 0 Role: 3

Số khách: 53
Chi phí: 1.1231e+07
0 58 17 21 15 18 33 28 25 26 40 43 56 57 65 68 53 44 47 79 83 11 5 55 19 30 12 50 85 22 0 Role: 0
0 63 29 72 78 3 2 4 82 6 8 16 9 37 13 54 14 42 0 Role: 0
0 24 0 Role: 1
0 7 97 0 Role: 2
0 34 0 Role: 2
0 59 73 81 0 Role: 2

Số khách: 68
Chi phí: 1.79673e+07
0 39 86 26 32 1 2 90 28 67 11 9 50 12 30 19 0 Role: 0
0 46 36 45 52 51 31 62 59 58 66 4 54 20 80 47 71 42 10 13 6 24 25 65 85 99 0 Role: 0
0 18 29 27 33 48 35 41 53 49 56 79 88 94 64 43 5 14 16 22 55 0 Role: 0
0 17 0 Role: 1
0 15 73 0 Role: 1
0 7 97 0 Role: 1
0 70 37 81 0 Role: 1

Số khách: 47
Chi phí: 1.00517e+07
0 4 16 67 77 42 54 13 37 6 0 Role: 0
0 58 17 21 15 18 33 28 25 26 40 43 56 57 65 68 53 44 47 79 83 11 5 55 19 30 12 50 85 22 0 Role: 0
0 73 9 0 Role: 1
0 70 0 Role: 2
0 34 97 0 Role: 2
0 7 0 Role: 3
0 24 0 Role: 3
0 59 81 0 Role: 3

Số khách: 49
Chi phí: 1.08766e+07
0 58 17 21 15 18 33 40 28 26 43 56 83 57 65 53 11 44 47 79 85 22 54 50 12 30 19 55 5 0 Role: 0
0 1 2 3 13 8 99 42 14 16 0 Role: 0
0 70 0 Role: 1
0 34 97 0 Role: 1
0 4 7 0 Role: 2
0 6 0 Role: 2
0 9 37 81 0 Role: 2
0 24 0 Role: 2
0 59 0 Role: 3
0 67 0 Role: 3

Số khách: 82
Chi phí: 2.30359e+07
0 18 29 27 33 48 35 41 53 49 56 79 88 94 64 43 5 14 16 22 55 0 Role: 0
0 26 1 2 90 28 57 23 67 9 38 86 0 Role: 0
0 76 92 40 44 11 68 83 77 8 30 93 50 12 19 0 Role: 0
0 46 36 45 52 51 31 62 59 58 66 4 54 20 80 47 71 42 10 13 6 24 25 65 85 99 0 Role: 0
0 3 21 34 61 0 Role: 0
0 17 0 Role: 1
0 15 73 0 Role: 1
0 7 97 0 Role: 1
0 70 37 81 0 Role: 1

Số khách: 31
Chi phí: 5.86357e+06
0 58 17 21 15 18 33 28 25 26 40 56 83 57 65 68 53 44 47 79 11 5 55 19 30 12 50 22 85 0 Role: 0
0 97 9 81 0 Role: 1

Số khách: 27
Chi phí: 5.01087e+06
0 16 22 57 42 10 11 5 54 19 30 47 55 65 85 0 Role: 0
0 15 59 73 0 Role: 1
0 9 37 0 Role: 1
0 24 0 Role: 1
0 34 0 Role: 1
0 4 67 0 Role: 1
0 6 0 Role: 1
0 81 0 Role: 1
0 7 97 0 Role: 2

Số khách: 23
Chi phí: 4.30156e+06
0 16 22 57 42 10 11 5 54 12 0 Role: 0
0 15 59 73 0 Role: 1
0 9 37 0 Role: 1
0 24 0 Role: 1
0 34 0 Role: 1
0 4 67 0 Role: 1
0 6 0 Role: 1
0 81 0 Role: 1
0 7 97 0 Role: 2
0 17 0 Role: 2

Số khách: 29
Chi phí: 5.66131e+06
0 16 22 57 42 10 11 5 54 12 19 30 47 55 65 0 Role: 0
0 15 59 73 0 Role: 1
0 9 37 0 Role: 1
0 24 0 Role: 1
0 34 0 Role: 1
0 4 67 0 Role: 1
0 6 0 Role: 1
0 81 0 Role: 1
0 7 97 0 Role: 2
0 17 0 Role: 2
0 70 0 Role: 3

Số khách: 33
Chi phí: 6.06662e+06
0 58 17 21 15 18 33 40 28 26 56 83 57 65 68 53 11 44 47 79 5 85 22 16 4 50 12 30 19 55 42 0 Role: 0
0 97 9 81 0 Role: 1

Số khách: 48
Chi phí: 1.06807e+07
0 58 17 21 15 33 40 28 25 26 43 56 83 57 65 68 53 44 47 79 11 5 55 19 30 12 50 22 85 0 Role: 0
0 63 29 72 78 3 2 82 8 13 14 54 16 42 0 Role: 0
0 4 7 97 0 Role: 1
0 6 0 Role: 1
0 9 37 81 0 Role: 1

Số khách: 25
Chi phí: 4.61324e+06
0 16 22 57 42 10 11 5 54 19 30 47 55 65 85 0 Role: 0
0 15 59 73 0 Role: 1
0 9 37 0 Role: 1
0 24 0 Role: 1
0 34 0 Role: 1
0 4 67 0 Role: 1
0 6 0 Role: 1
0 81 0 Role: 1

Số khách: 41
Chi phí: 7.47655e+06
0 58 17 21 15 18 33 28 25 26 43 56 83 57 65 68 53 44 47 79 11 5 55 19 30 12 50 22 85 0 Role: 0
0 24 0 Role: 1
0 34 0 Role: 1
0 67 0 Role: 1
0 73 59 0 Role: 2
0 70 37 81 0 Role: 2
0 7 97 0 Role: 3
0 9 4 0 Role: 3
0 6 0 Role: 4

Số khách: 42
Chi phí: 7.87241e+06
0 58 17 21 15 18 33 28 25 26 40 43 56 83 57 65 53 44 47 79 11 85 22 50 12 30 19 55 5 54 0 Role: 0
0 70 0 Role: 1
0 34 97 0 Role: 1
0 4 7 0 Role: 2
0 6 0 Role: 2
0 9 37 81 0 Role: 2
0 24 0 Role: 2
0 59 73 0 Role: 3
0 67 0 Role: 3

Số khách: 37
Chi phí: 7.02892e+06
0 58 17 21 15 18 33 28 25 26 40 43 56 83 57 65 53 11 47 79 85 5 55 19 30 12 50 54 22 0 Role: 0
0 4 7 97 0 Role: 1
0 6 0 Role: 1
0 9 37 81 0 Role: 1
0 24 0 Role: 1
0 34 0 Role: 2

Số khách: 36
Chi phí: 6.66771e+06
0 58 17 21 15 18 33 28 25 26 40 43 56 57 65 68 53 44 47 79 83 11 5 55 19 30 12 50 85 22 0 Role: 0
0 4 7 97 0 Role: 1
0 6 0 Role: 1
0 9 37 81 0 Role: 1

Số khách: 54
Chi phí: 1.16148e+07
0 58 17 21 15 18 33 28 25 26 40 43 56 57 65 68 53 44 47 79 83 11 5 55 19 30 12 50 85 22 0 Role: 0
0 63 29 72 78 3 2 4 82 6 8 16 9 37 13 54 14 42 0 Role: 0
0 24 0 Role: 1
0 7 97 0 Role: 2
0 34 0 Role: 2
0 59 73 81 0 Role: 2
0 67 0 Role: 3

Số khách: 34
Chi phí: 6.44093e+06
0 58 17 21 15 18 33 28 25 26 40 56 83 57 65 68 53 44 47 79 11 5 55 19 30 12 50 4 22 85 16 42 0 Role: 0
0 97 9 81 0 Role: 1

Số khách: 38
Chi phí: 7.19055e+06
0 58 17 21 15 18 33 28 25 26 40 43 56 83 57 65 53 11 47 79 85 54 50 12 30 19 55 5 42 22 0 Role: 0
0 34 0 Role: 1
0 4 7 97 0 Role: 2
0 6 0 Role: 2
0 9 37 81 0 Role: 2
0 24 0 Role: 2

Số khách: 24
Chi phí: 4.56897e+06
0 16 22 57 42 10 11 5 54 19 30 47 55 65 0 Role: 0
0 15 59 73 0 Role: 1
0 9 37 0 Role: 1
0 24 0 Role: 1
0 34 0 Role: 1
0 4 67 0 Role: 1
0 6 0 Role: 1
0 81 0 Role: 1

Số khách: 35
Chi phí: 6.52509e+06
0 58 17 21 15 18 33 40 28 26 56 83 57 65 68 53 11 44 47 79 5 85 22 16 4 50 12 30 19 55 42 0 Role: 0
0 97 9 81 0 Role: 1
0 6 0 Role: 2
0 24 0 Role: 2

Số khách: 28
Chi phí: 5.27393e+06
0 16 22 57 42 10 11 5 54 12 19 30 47 55 65 0 Role: 0
0 7 97 0 Role: 1
0 17 0 Role: 1
0 15 59 73 0 Role: 2
0 9 37 0 Role: 2
0 24 0 Role: 2
0 34 0 Role: 2
0 4 67 0 Role: 2
0 6 0 Role: 2
0 81 0 Role: 2

Số khách: 39
Chi phí: 7.45779e+06
0 58 17 21 15 18 33 28 25 26 40 43 56 57 65 68 53 44 47 79 83 11 5 55 19 30 12 50 85 22 0 Role: 0
0 7 97 0 Role: 1
0 9 4 0 Role: 1
0 73 59 0 Role: 2
0 70 37 81 0 Role: 2
0 6 0 Role: 3

Số khách: 39
Chi phí: 7.45779e+06
0 58 17 21 15 18 33 28 25 26 40 43 56 57 65 68 53 44 47 79 83 11 5 55 19 30 12 50 85 22 0 Role: 0
0 6 0 Role: 1
0 73 59 0 Role: 2
0 70 37 81 0 Role: 2
0 7 97 0 Role: 3
0 9 4 0 Role: 3

Số khách: 28
Chi phí: 5.27393e+06
0 16 22 57 42 10 11 5 54 12 19 30 47 55 65 0 Role: 0
0 15 59 73 0 Role: 1
0 9 37 0 Role: 1
0 24 0 Role: 1
0 34 0 Role: 1
0 4 67 0 Role: 1
0 6 0 Role: 1
0 81 0 Role: 1
0 7 97 0 Role: 2
0 17 0 Role: 2

