Số khách: 163
Chi phí: 1.01047e+07
0 74 0 Role: 0
0 27 147 96 101 158 0 Role: 0
0 197 0 Role: 0
0 95 0 Role: 1
0 12 0 Role: 1
0 64 73 171 68 0 Role: 1
0 150 31 156 144 113 20 0 Role: 1
0 165 23 120 198 80 200 129 116 106 0 Role: 2
0 181 75 22 90 89 188 140 0 Role: 2
0 104 0 Role: 2
0 125 0 Role: 2
0 160 0 Role: 2
0 37 174 107 0 Role: 2
0 115 0 Role: 2
0 132 159 139 65 173 92 0 Role: 2
0 15 135 48 0 Role: 2
0 77 0 Role: 2
0 182 149 179 102 124 0 Role: 2
0 192 24 58 0 Role: 3
0 55 72 0 Role: 3
0 134 52 66 112 127 50 0 Role: 3
0 111 185 153 0 Role: 4
0 130 146 5 128 86 119 0 Role: 4
0 194 155 40 0 Role: 4
0 189 0 Role: 4
0 85 184 166 13 0 Role: 4
0 178 61 46 151 0 Role: 4
0 131 152 176 148 0 Role: 4
0 45 0 Role: 4
0 180 190 0 Role: 4
0 136 56 49 162 98 186 0 Role: 5
0 70 114 47 42 0 Role: 5
0 157 0 Role: 5
0 9 32 29 122 0 Role: 6
0 91 117 63 60 36 76 41 0 Role: 7
0 6 110 0 Role: 7
0 161 87 0 Role: 7
0 88 82 44 16 0 Role: 7
0 17 137 154 0 Role: 8
0 39 57 108 0 Role: 8
0 187 38 105 0 Role: 8
0 109 1 195 196 51 138 0 Role: 8
0 100 11 62 0 Role: 9
0 126 145 0 Role: 10
0 69 21 164 142 0 Role: 10
0 54 175 93 0 Role: 10
0 81 172 19 78 7 26 0 Role: 11
0 177 0 Role: 11
0 2 43 121 0 Role: 12

Số khách: 130
Chi phí: 7.08613e+06
0 139 0 Role: 0
0 150 159 0 Role: 1
0 135 0 Role: 1
0 158 0 Role: 1
0 102 0 Role: 1
0 152 148 0 Role: 1
0 145 0 Role: 2
0 134 48 95 0 Role: 2
0 132 0 Role: 2
0 129 137 0 Role: 3
0 186 77 198 0 Role: 3
0 50 161 46 44 104 90 125 106 0 Role: 3
0 72 37 0 Role: 3
0 68 200 156 0 Role: 3
0 182 116 0 Role: 3
0 162 0 Role: 3
0 13 92 149 113 173 0 Role: 3
0 86 127 136 176 47 0 Role: 4
0 171 155 180 20 98 188 80 31 0 Role: 4
0 12 181 0 Role: 4
0 115 0 Role: 4
0 74 174 107 64 112 0 Role: 4
0 73 190 45 0 Role: 4
0 22 52 65 85 0 Role: 4
0 41 184 166 119 1 130 42 131 0 Role: 5
0 15 40 144 89 61 0 Role: 5
0 110 32 140 0 Role: 6
0 66 157 189 179 0 Role: 6
0 160 194 178 0 Role: 6
0 49 124 75 87 56 0 Role: 7
0 147 58 23 101 0 Role: 7
0 151 70 114 0 Role: 7
0 43 0 Role: 8
0 55 16 0 Role: 9
0 38 24 62 122 153 82 0 Role: 9
0 187 54 185 100 0 Role: 10
0 57 29 128 154 0 Role: 10
0 78 39 9 63 76 117 0 Role: 11
0 177 51 138 88 6 0 Role: 12

Số khách: 155
Chi phí: 7.55648e+06
0 68 150 48 133 22 0 Role: 0
0 9 122 174 72 37 134 198 98 140 0 Role: 1
0 20 194 75 0 Role: 1
0 13 107 50 148 182 80 31 0 Role: 1
0 127 0 Role: 2
0 104 113 149 129 124 89 116 106 0 Role: 2
0 152 47 0 Role: 2
0 77 16 128 119 88 82 135 0 Role: 3
0 189 125 42 178 0 Role: 3
0 188 73 66 64 65 0 Role: 3
0 115 157 49 85 186 184 61 12 0 Role: 4
0 176 173 180 0 Role: 4
0 190 131 171 130 181 139 0 Role: 4
0 156 15 112 158 92 0 Role: 4
0 102 160 179 132 52 0 Role: 4
0 101 200 0 Role: 5
0 145 45 159 0 Role: 6
0 144 0 Role: 6
0 126 5 38 161 110 76 41 0 Role: 7
0 153 136 58 0 Role: 7
0 74 0 Role: 7
0 196 195 109 185 187 36 138 0 Role: 8
0 29 11 55 151 62 147 0 Role: 8
0 23 24 1 0 Role: 8
0 46 155 0 Role: 8
0 87 90 162 32 0 Role: 8
0 164 100 56 44 166 0 Role: 9
0 114 70 6 40 0 Role: 9
0 137 111 117 0 Role: 10
0 105 91 0 Role: 10
0 95 86 39 146 63 51 0 Role: 10
0 120 0 Role: 11
0 19 54 154 0 Role: 11
0 17 0 Role: 11
0 69 21 60 96 108 0 Role: 11
0 81 27 165 175 142 93 0 Role: 12
0 57 192 0 Role: 12

Số khách: 165
Chi phí: 1.47424e+07
0 167 114 157 0 Role: 0
0 189 72 107 0 Role: 0
0 38 85 0 Role: 0
0 162 131 0 Role: 0
0 80 0 Role: 0
0 148 8 105 151 83 0 Role: 0
0 161 115 0 Role: 0
0 188 68 87 0 Role: 0
0 140 15 159 0 Role: 1
0 49 182 104 106 64 200 0 Role: 1
0 22 160 92 0 Role: 1
0 31 89 149 144 61 0 Role: 1
0 66 65 180 0 Role: 1
0 127 179 52 130 132 173 37 0 Role: 1
0 48 46 13 156 113 0 Role: 1
0 135 116 124 198 125 0 Role: 1
0 174 0 Role: 1
0 56 44 186 194 178 20 98 0 Role: 2
0 42 112 171 102 12 0 Role: 2
0 190 158 181 50 0 Role: 2
0 75 150 0 Role: 2
0 73 139 176 45 129 0 Role: 2
0 77 152 0 Role: 2
0 121 137 109 110 11 134 119 0 Role: 3
0 55 153 95 128 0 Role: 3
0 117 70 58 147 0 Role: 3
0 51 90 0 Role: 3
0 23 122 0 Role: 3
0 74 0 Role: 3
0 166 0 Role: 3
0 29 101 184 0 Role: 3
0 136 155 47 0 Role: 3
0 2 91 6 62 40 0 Role: 4
0 16 88 32 0 Role: 4
0 100 0 Role: 5
0 63 196 1 138 86 41 76 82 0 Role: 5
0 142 54 0 Role: 6
0 185 96 93 164 172 60 9 36 0 Role: 6
0 111 39 5 108 146 0 Role: 6
0 57 154 192 0 Role: 6
0 24 0 Role: 6
0 120 0 Role: 7
0 7 21 27 195 187 0 Role: 7
0 175 17 0 Role: 7
0 165 78 19 26 69 0 Role: 8
0 126 145 0 Role: 8
0 177 81 43 0 Role: 9

Số khách: 165
Chi phí: 1.57786e+07
0 89 0 Role: 0
0 173 122 49 0 Role: 0
0 168 105 0 Role: 0
0 104 171 52 151 0 Role: 0
0 127 156 40 161 0 Role: 0
0 78 0 Role: 0
0 130 23 189 0 Role: 0
0 9 140 183 97 0 Role: 0
0 24 0 Role: 1
0 45 116 74 22 188 0 Role: 1
0 119 65 75 159 148 200 113 182 64 48 198 0 Role: 2
0 77 73 13 66 0 Role: 2
0 106 0 Role: 2
0 38 108 114 0 Role: 3
0 115 0 Role: 3
0 37 179 90 129 0 Role: 3
0 150 0 Role: 3
0 190 0 Role: 3
0 158 160 92 107 0 Role: 3
0 15 46 152 149 0 Role: 3
0 132 85 176 0 Role: 3
0 68 112 139 125 194 124 0 Role: 3
0 80 102 144 135 174 20 0 Role: 3
0 172 55 87 76 0 Role: 4
0 29 181 136 98 0 Role: 4
0 157 0 Role: 4
0 47 56 178 31 131 184 0 Role: 4
0 180 0 Role: 4
0 186 162 0 Role: 4
0 61 12 50 0 Role: 4
0 70 0 Role: 5
0 88 82 155 0 Role: 5
0 6 153 16 147 0 Role: 5
0 44 72 0 Role: 5
0 42 32 58 0 Role: 5
0 134 166 101 0 Role: 5
0 110 41 39 0 Role: 6
0 1 95 0 Role: 6
0 5 63 164 0 Role: 7
0 69 11 195 17 128 86 138 0 Role: 8
0 154 117 51 91 0 Role: 8
0 62 0 Role: 8
0 177 0 Role: 9
0 165 27 0 Role: 9
0 192 100 146 54 0 Role: 9
0 57 196 0 Role: 9
0 7 26 175 93 109 0 Role: 10
0 185 187 36 120 137 111 0 Role: 10
0 145 60 0 Role: 11
0 19 96 126 142 0 Role: 11
0 21 0 Role: 11
0 81 0 Role: 12
0 43 2 121 0 Role: 12

Số khách: 159
Chi phí: 1.01885e+07
0 44 81 0 Role: 0
0 156 136 0 Role: 0
0 55 114 0 Role: 0
0 38 1 178 198 80 127 65 188 125 0 Role: 1
0 37 31 153 75 0 Role: 2
0 76 130 98 113 184 102 0 Role: 2
0 179 68 88 147 72 32 0 Role: 2
0 132 186 42 0 Role: 2
0 90 171 106 0 Role: 2
0 66 0 Role: 2
0 15 0 Role: 2
0 50 152 112 200 135 12 0 Role: 2
0 157 0 Role: 2
0 174 0 Role: 2
0 45 73 148 0 Role: 2
0 158 194 46 173 0 Role: 2
0 180 0 Role: 2
0 48 0 Role: 2
0 92 124 20 85 140 182 0 Role: 2
0 144 107 160 159 77 116 149 0 Role: 2
0 13 115 89 22 0 Role: 2
0 150 0 Role: 3
0 181 52 151 0 Role: 3
0 139 0 Role: 3
0 104 190 0 Role: 3
0 196 21 101 0 Role: 4
0 117 131 0 Role: 5
0 110 87 172 0 Role: 6
0 27 134 0 Role: 6
0 40 29 49 64 129 0 Role: 6
0 176 166 0 Role: 6
0 162 11 41 95 36 122 105 51 0 Role: 7
0 138 58 0 Role: 7
0 24 62 0 Role: 7
0 54 74 61 0 Role: 8
0 47 189 0 Role: 8
0 5 120 0 Role: 9
0 155 192 39 128 0 Role: 9
0 119 86 70 0 Role: 9
0 16 0 Role: 9
0 23 161 82 0 Role: 9
0 56 6 0 Role: 9
0 60 0 Role: 10
0 126 142 187 96 145 146 0 Role: 10
0 137 9 0 Role: 10
0 175 108 185 100 0 Role: 10
0 195 17 0 Role: 10
0 63 0 Role: 10
0 109 0 Role: 10
0 91 154 0 Role: 10
0 57 78 0 Role: 11
0 19 0 Role: 11
0 93 165 0 Role: 11
0 111 0 Role: 11
0 177 7 0 Role: 12
0 26 69 0 Role: 12
0 164 0 Role: 12

Số khách: 162
Chi phí: 9.13924e+06
0 96 74 65 0 Role: 0
0 37 105 85 59 58 144 176 22 10 49 66 182 75 0 Role: 0
0 76 126 15 104 148 52 0 Role: 1
0 188 20 140 0 Role: 1
0 159 127 115 73 0 Role: 1
0 174 152 68 198 48 135 0 Role: 1
0 200 189 0 Role: 2
0 2 24 102 40 155 80 162 180 0 Role: 3
0 89 166 64 0 Role: 3
0 132 0 Role: 3
0 47 12 125 92 158 149 131 0 Role: 3
0 179 186 116 0 Role: 3
0 46 173 77 156 139 106 129 0 Role: 3
0 107 13 130 194 113 181 0 Role: 3
0 112 0 Role: 3
0 160 45 171 124 0 Role: 3
0 38 151 196 32 153 0 Role: 4
0 98 0 Role: 4
0 31 150 50 61 0 Role: 5
0 190 0 Role: 5
0 101 0 Role: 6
0 147 136 184 70 90 178 0 Role: 6
0 86 0 Role: 7
0 109 0 Role: 7
0 157 0 Role: 7
0 51 56 0 Role: 7
0 161 29 72 44 134 0 Role: 7
0 6 114 0 Role: 7
0 42 23 0 Role: 7
0 91 154 60 0 Role: 8
0 1 185 165 21 0 Role: 8
0 175 17 0 Role: 8
0 62 137 88 122 0 Role: 8
0 87 16 0 Role: 8
0 81 11 192 55 36 117 41 0 Role: 9
0 95 63 39 82 0 Role: 9
0 119 128 138 110 0 Role: 9
0 19 57 145 111 0 Role: 10
0 9 195 108 187 0 Role: 10
0 5 146 0 Role: 10
0 164 120 93 54 27 100 0 Role: 11
0 121 0 Role: 12
0 142 0 Role: 12
0 26 0 Role: 12
0 78 69 172 7 0 Role: 12

Số khách: 164
Chi phí: 1.57849e+07
0 121 78 187 100 179 49 40 0 Role: 0
0 33 162 182 0 Role: 0
0 38 0 Role: 0
0 27 110 0 Role: 0
0 118 181 0 Role: 0
0 158 134 0 Role: 0
0 174 0 Role: 0
0 132 87 119 128 42 124 0 Role: 0
0 58 157 125 0 Role: 1
0 147 122 0 Role: 1
0 80 0 Role: 1
0 66 56 0 Role: 1
0 136 22 186 65 144 13 173 0 Role: 1
0 150 127 15 31 68 188 0 Role: 1
0 130 77 0 Role: 1
0 171 0 Role: 1
0 112 135 107 0 Role: 1
0 116 102 37 156 198 48 20 0 Role: 1
0 44 153 0 Role: 2
0 93 159 11 0 Role: 2
0 54 98 178 200 106 45 75 89 0 Role: 2
0 52 139 160 115 0 Role: 2
0 189 152 140 151 92 129 0 Role: 2
0 190 148 180 113 0 Role: 2
0 149 0 Role: 2
0 73 0 Role: 2
0 194 46 176 0 Role: 2
0 51 114 74 61 131 12 0 Role: 3
0 146 126 96 166 0 Role: 4
0 95 55 101 155 50 0 Role: 4
0 165 70 0 Role: 5
0 161 184 86 29 0 Role: 5
0 82 62 47 88 64 0 Role: 5
0 72 32 6 90 104 0 Role: 5
0 85 0 Role: 5
0 2 105 9 138 154 0 Role: 6
0 76 24 16 0 Role: 6
0 23 0 Role: 6
0 81 137 41 63 117 0 Role: 7
0 109 91 36 39 1 0 Role: 7
0 5 0 Role: 8
0 175 0 Role: 8
0 108 195 164 120 0 Role: 8
0 192 0 Role: 8
0 185 111 196 0 Role: 8
0 57 0 Role: 8
0 60 17 145 19 0 Role: 9
0 142 21 0 Role: 9
0 7 172 177 26 69 0 Role: 10
0 43 0 Role: 11

Số khách: 160
Chi phí: 1.10804e+07
0 29 0 Role: 0
0 28 0 Role: 0
0 5 159 150 0 Role: 0
0 56 22 181 6 31 0 Role: 0
0 147 112 144 198 154 64 200 0 Role: 1
0 171 113 174 125 188 0 Role: 1
0 73 15 68 0 Role: 1
0 102 140 129 135 158 156 80 20 0 Role: 1
0 152 189 13 173 194 37 180 0 Role: 1
0 77 66 48 0 Role: 1
0 119 0 Role: 2
0 16 74 41 98 36 0 Role: 2
0 117 39 52 85 149 0 Role: 2
0 65 124 45 160 131 104 179 116 0 Role: 2
0 182 61 0 Role: 2
0 127 139 89 107 0 Role: 2
0 162 44 49 11 55 0 Role: 3
0 106 38 178 0 Role: 3
0 115 151 90 0 Role: 3
0 190 0 Role: 3
0 46 130 75 0 Role: 3
0 155 0 Role: 4
0 120 0 Role: 4
0 111 0 Role: 4
0 108 153 51 176 62 110 0 Role: 4
0 186 132 70 161 92 50 0 Role: 4
0 136 148 157 12 0 Role: 4
0 47 42 134 0 Role: 4
0 184 40 0 Role: 4
0 2 96 114 101 166 58 0 Role: 5
0 23 0 Role: 5
0 63 17 145 185 172 164 146 0 Role: 6
0 95 9 24 32 82 0 Role: 6
0 122 88 72 0 Role: 6
0 69 76 192 0 Role: 7
0 1 86 54 128 138 87 0 Role: 7
0 91 0 Role: 7
0 142 100 0 Role: 8
0 165 175 137 27 0 Role: 9
0 21 187 105 0 Role: 10
0 196 195 109 0 Role: 10
0 60 19 57 93 0 Role: 11
0 126 0 Role: 11
0 26 7 0 Role: 12
0 177 78 0 Role: 12

Số khách: 152
Chi phí: 8.56811e+06
0 3 74 0 Role: 0
0 143 0 Role: 0
0 75 104 0 Role: 1
0 40 112 134 102 176 173 116 127 0 Role: 1
0 49 151 156 0 Role: 1
0 107 37 200 182 144 68 80 178 64 0 Role: 1
0 140 42 115 194 61 184 198 0 Role: 2
0 45 89 181 50 124 139 92 188 125 0 Role: 2
0 159 135 65 0 Role: 2
0 46 77 0 Role: 2
0 149 152 113 20 66 180 0 Role: 2
0 15 171 132 174 22 179 73 0 Role: 2
0 160 0 Role: 2
0 13 48 0 Role: 2
0 158 0 Role: 2
0 23 16 189 44 62 161 146 106 0 Role: 3
0 76 129 186 114 131 12 0 Role: 4
0 190 90 31 0 Role: 4
0 47 150 157 0 Role: 4
0 130 52 0 Role: 4
0 147 0 Role: 5
0 24 38 0 Role: 5
0 88 87 162 122 98 136 0 Role: 5
0 81 100 128 154 101 0 Role: 6
0 85 70 166 58 155 0 Role: 6
0 148 0 Role: 6
0 82 26 95 72 29 0 Role: 7
0 32 0 Role: 7
0 145 0 Role: 8
0 111 0 Role: 8
0 119 39 105 137 9 138 0 Role: 8
0 91 41 1 110 0 Role: 8
0 117 56 6 0 Role: 8
0 165 175 69 0 Role: 9
0 195 36 51 55 153 11 86 0 Role: 10
0 2 0 Role: 11
0 109 54 0 Role: 12
0 196 108 17 93 0 Role: 12
0 192 0 Role: 12
0 164 0 Role: 12
0 120 57 27 5 185 187 0 Role: 12
0 63 0 Role: 12

Số khách: 146
Chi phí: 8.38258e+06
0 93 103 0 Role: 0
0 134 55 0 Role: 0
0 9 190 0 Role: 1
0 194 182 176 47 29 0 Role: 1
0 88 102 0 Role: 1
0 155 6 151 0 Role: 1
0 70 161 173 0 Role: 1
0 159 90 74 156 200 0 Role: 1
0 158 0 Role: 1
0 106 21 110 45 22 13 125 0 Role: 2
0 77 131 0 Role: 2
0 85 89 0 Role: 2
0 61 0 Role: 2
0 46 15 66 174 148 116 139 129 127 0 Role: 2
0 150 132 31 52 149 188 0 Role: 3
0 92 101 135 20 144 114 181 0 Role: 4
0 107 104 198 64 0 Role: 4
0 50 68 130 73 0 Role: 4
0 140 40 0 Role: 4
0 178 65 180 0 Role: 4
0 179 112 152 160 115 75 0 Role: 4
0 113 171 189 37 48 80 0 Role: 4
0 124 0 Role: 4
0 36 27 0 Role: 5
0 76 0 Role: 5
0 98 0 Role: 5
0 154 1 96 196 117 0 Role: 5
0 51 95 0 Role: 5
0 23 0 Role: 6
0 111 0 Role: 6
0 153 186 0 Role: 6
0 12 0 Role: 6
0 162 0 Role: 6
0 42 184 49 0 Role: 6
0 72 147 166 157 44 56 136 0 Role: 7
0 58 0 Role: 7
0 192 57 175 32 38 122 0 Role: 8
0 16 87 0 Role: 8
0 11 63 0 Role: 9
0 187 0 Role: 9
0 128 0 Role: 9
0 91 0 Role: 9
0 24 62 0 Role: 9
0 119 82 0 Role: 9
0 41 39 109 138 86 0 Role: 10
0 121 100 120 0 Role: 11
0 78 195 185 146 60 0 Role: 12
0 17 137 105 0 Role: 12

Số khách: 158
Chi phí: 1.57995e+07
0 157 61 0 Role: 0
0 88 122 0 Role: 0
0 123 0 Role: 0
0 111 103 98 173 139 131 155 0 Role: 0
0 174 0 Role: 0
0 142 41 0 Role: 0
0 124 0 Role: 0
0 102 50 179 188 11 83 42 134 183 0 Role: 0
0 116 147 0 Role: 1
0 58 198 51 77 13 0 Role: 1
0 144 115 52 80 113 74 92 0 Role: 1
0 1 0 Role: 2
0 15 0 Role: 2
0 127 171 156 178 107 106 20 31 0 Role: 2
0 150 0 Role: 2
0 65 140 152 194 12 37 125 0 Role: 2
0 129 68 181 151 0 Role: 2
0 48 130 0 Role: 2
0 148 160 180 149 135 89 0 Role: 2
0 176 45 22 75 132 159 0 Role: 2
0 73 46 158 182 112 0 Role: 2
0 66 0 Role: 2
0 72 32 23 64 162 200 0 Role: 3
0 190 0 Role: 3
0 184 85 0 Role: 3
0 189 104 0 Role: 3
0 39 110 138 128 56 136 0 Role: 4
0 70 161 82 44 186 90 0 Role: 5
0 16 0 Role: 5
0 114 40 29 0 Role: 5
0 101 166 0 Role: 5
0 5 27 76 54 119 0 Role: 6
0 187 63 195 91 137 36 55 153 0 Role: 6
0 26 196 38 0 Role: 7
0 49 86 62 87 0 Role: 7
0 78 9 185 146 117 100 0 Role: 8
0 6 47 0 Role: 8
0 109 0 Role: 9
0 192 145 0 Role: 10
0 172 0 Role: 11
0 126 95 164 175 57 0 Role: 11
0 93 17 154 96 60 0 Role: 11
0 165 108 105 24 0 Role: 11
0 120 21 0 Role: 12

Số khách: 162
Chi phí: 7.85185e+06
0 179 20 119 0 Role: 0
0 140 61 174 0 Role: 1
0 85 181 124 22 198 188 125 0 Role: 1
0 89 180 176 52 171 77 68 0 Role: 1
0 102 0 Role: 1
0 139 182 159 66 113 80 0 Role: 1
0 112 48 73 45 156 0 Role: 1
0 15 0 Role: 1
0 115 37 0 Role: 1
0 152 0 Role: 1
0 46 127 149 92 158 0 Role: 1
0 173 75 0 Role: 1
0 177 153 155 0 Role: 2
0 9 76 109 185 162 12 200 0 Role: 2
0 151 144 104 50 186 90 31 0 Role: 2
0 41 0 Role: 3
0 16 0 Role: 3
0 64 135 55 23 0 Role: 3
0 114 56 72 0 Role: 3
0 47 160 0 Role: 3
0 107 132 166 190 116 129 0 Role: 3
0 49 148 74 40 0 Role: 3
0 194 65 184 130 0 Role: 3
0 106 157 131 13 189 150 0 Role: 3
0 100 0 Role: 4
0 154 87 147 86 82 32 38 0 Role: 4
0 58 178 42 0 Role: 4
0 17 128 0 Role: 5
0 6 29 0 Role: 5
0 70 0 Role: 5
0 110 101 136 134 0 Role: 5
0 98 0 Role: 5
0 138 44 161 62 95 1 11 0 Role: 6
0 165 145 187 36 60 108 137 0 Role: 7
0 120 122 63 0 Role: 7
0 88 0 Role: 7
0 142 105 91 5 39 192 0 Role: 8
0 51 117 24 0 Role: 8
0 146 0 Role: 9
0 54 96 164 0 Role: 9
0 172 0 Role: 9
0 111 0 Role: 9
0 196 57 0 Role: 9
0 195 0 Role: 9
0 21 27 0 Role: 10
0 175 93 0 Role: 10
0 43 0 Role: 11
0 2 81 78 26 7 0 Role: 11
0 126 69 19 0 Role: 11
0 121 0 Role: 12

Số khách: 125
Chi phí: 1.06552e+07
0 50 4 24 1 22 85 163 0 Role: 0
0 5 99 160 82 0 Role: 0
0 95 66 158 171 32 0 Role: 0
0 130 45 113 0 Role: 0
0 188 131 0 Role: 1
0 154 63 149 140 80 151 0 Role: 2
0 126 176 16 56 0 Role: 3
0 75 29 0 Role: 3
0 20 48 116 0 Role: 3
0 73 148 52 102 0 Role: 4
0 198 12 0 Role: 4
0 200 0 Role: 5
0 15 0 Role: 5
0 61 184 115 157 125 31 64 0 Role: 5
0 127 37 46 107 0 Role: 5
0 89 92 132 112 139 181 0 Role: 5
0 156 13 77 0 Role: 5
0 6 189 0 Role: 6
0 194 0 Role: 7
0 104 42 122 173 38 129 110 106 0 Role: 7
0 68 155 0 Role: 7
0 179 162 0 Role: 7
0 178 98 144 0 Role: 8
0 135 159 74 180 182 0 Role: 8
0 47 190 152 174 150 65 0 Role: 8
0 124 0 Role: 8
0 49 11 161 147 153 55 0 Role: 9
0 101 40 166 0 Role: 9
0 58 136 186 0 Role: 9
0 90 134 0 Role: 9
0 137 51 87 23 128 138 119 0 Role: 10
0 105 0 Role: 11
0 62 109 70 44 114 72 0 Role: 11
0 2 88 86 0 Role: 12

Số khách: 157
Chi phí: 7.76449e+06
0 196 70 178 0 Role: 0
0 187 20 23 0 Role: 1
0 135 42 0 Role: 1
0 77 47 181 40 124 13 106 0 Role: 1
0 58 0 Role: 1
0 188 92 116 186 0 Role: 1
0 89 37 162 22 171 31 0 Role: 1
0 151 49 12 127 173 125 140 198 80 0 Role: 1
0 102 0 Role: 1
0 50 6 0 Role: 2
0 114 0 Role: 2
0 104 48 0 Role: 2
0 147 75 0 Role: 2
0 194 0 Role: 2
0 158 85 0 Role: 2
0 144 0 Role: 3
0 61 149 113 0 Role: 3
0 179 160 129 182 68 0 Role: 3
0 112 65 159 73 15 107 156 0 Role: 3
0 189 139 66 174 0 Role: 3
0 152 0 Role: 3
0 46 52 0 Role: 3
0 132 115 0 Role: 3
0 98 145 62 122 41 0 Role: 4
0 153 105 134 39 119 130 0 Role: 4
0 154 157 110 1 184 55 0 Role: 5
0 51 32 88 0 Role: 5
0 150 74 64 131 0 Role: 5
0 45 148 190 0 Role: 5
0 176 180 0 Role: 5
0 142 0 Role: 6
0 54 0 Role: 6
0 111 86 195 138 56 29 0 Role: 6
0 16 0 Role: 6
0 90 166 155 44 72 0 Role: 6
0 164 137 108 11 0 Role: 7
0 36 57 38 101 161 0 Role: 7
0 200 0 Role: 7
0 100 82 0 Role: 8
0 128 87 136 0 Role: 8
0 117 0 Role: 9
0 60 21 63 192 27 165 0 Role: 10
0 146 0 Role: 10
0 109 185 91 0 Role: 10
0 9 24 0 Role: 10
0 17 175 172 76 96 69 0 Role: 11
0 120 93 0 Role: 11
0 95 126 19 0 Role: 11
0 5 0 Role: 11
0 26 78 0 Role: 12
0 177 0 Role: 12

Số khách: 157
Chi phí: 1.27284e+07
0 137 37 109 163 173 106 171 116 191 0 Role: 0
0 88 131 132 156 0 Role: 0
0 28 100 17 186 0 Role: 0
0 104 140 12 143 112 0 Role: 0
0 181 158 72 0 Role: 0
0 113 184 124 0 Role: 1
0 5 0 Role: 2
0 96 119 87 122 151 200 0 Role: 3
0 47 64 20 0 Role: 3
0 68 0 Role: 3
0 107 139 160 45 75 0 Role: 3
0 189 52 13 190 174 89 125 0 Role: 3
0 80 152 48 61 148 65 0 Role: 3
0 66 0 Role: 3
0 135 0 Role: 3
0 155 98 195 90 182 76 0 Role: 4
0 40 153 70 0 Role: 4
0 16 31 0 Role: 4
0 32 188 0 Role: 4
0 49 0 Role: 4
0 42 29 23 6 114 129 136 0 Role: 4
0 127 46 180 198 134 50 92 0 Role: 4
0 194 176 0 Role: 4
0 115 77 102 0 Role: 4
0 142 51 149 15 0 Role: 5
0 74 144 130 73 150 0 Role: 5
0 159 85 179 0 Role: 5
0 22 0 Role: 5
0 187 56 157 161 0 Role: 6
0 44 0 Role: 7
0 27 21 146 0 Role: 7
0 36 86 0 Role: 7
0 82 55 63 117 138 147 178 0 Role: 7
0 162 0 Role: 7
0 164 101 0 Role: 8
0 166 58 0 Role: 8
0 172 0 Role: 9
0 177 43 9 154 38 110 0 Role: 10
0 105 91 1 11 192 0 Role: 10
0 39 128 95 62 41 0 Role: 10
0 165 78 60 108 0 Role: 11
0 57 54 175 0 Role: 11
0 185 93 24 0 Role: 11
0 19 196 111 0 Role: 12

Số khách: 143
Chi phí: 7.27189e+06
0 32 112 22 200 0 Role: 0
0 90 52 0 Role: 1
0 20 182 0 Role: 1
0 113 0 Role: 1
0 180 158 0 Role: 1
0 105 194 153 46 160 58 119 188 0 Role: 2
0 31 70 134 0 Role: 2
0 196 80 159 151 156 127 0 Role: 3
0 166 162 147 106 125 140 198 0 Role: 4
0 65 0 Role: 4
0 12 50 64 61 130 149 116 129 139 0 Role: 4
0 15 150 68 132 104 135 0 Role: 4
0 124 179 115 92 176 75 173 0 Role: 4
0 181 89 45 0 Role: 4
0 152 102 144 189 0 Role: 4
0 48 107 13 37 0 Role: 4
0 174 66 77 73 171 0 Role: 4
0 192 38 82 109 36 0 Role: 5
0 62 0 Role: 6
0 136 72 155 114 101 148 131 178 0 Role: 6
0 41 23 157 0 Role: 7
0 6 88 186 0 Role: 7
0 142 108 0 Role: 8
0 54 120 187 0 Role: 8
0 161 137 0 Role: 8
0 154 0 Role: 8
0 9 184 63 195 91 47 0 Role: 8
0 40 42 29 16 49 87 122 98 0 Role: 8
0 44 85 56 0 Role: 8
0 74 190 0 Role: 8
0 100 0 Role: 9
0 177 175 1 57 39 138 0 Role: 10
0 86 76 95 24 0 Role: 10
0 110 0 Role: 10
0 55 11 0 Role: 10
0 111 128 0 Role: 11
0 117 51 0 Role: 11
0 17 146 0 Role: 12
0 185 19 0 Role: 12

Số khách: 154
Chi phí: 1.51025e+07
0 52 0 Role: 0
0 76 190 136 125 0 Role: 0
0 130 117 155 47 110 15 139 0 Role: 0
0 93 0 Role: 0
0 31 129 99 116 22 154 55 0 Role: 0
0 184 0 Role: 0
0 49 82 153 144 45 0 Role: 0
0 17 157 122 65 0 Role: 1
0 66 32 0 Role: 1
0 200 0 Role: 1
0 151 0 Role: 1
0 189 102 80 48 89 68 0 Role: 1
0 112 173 0 Role: 1
0 159 0 Role: 1
0 148 61 140 124 37 20 113 0 Role: 1
0 179 0 Role: 1
0 176 182 152 107 0 Role: 1
0 160 127 198 73 13 135 0 Role: 1
0 46 194 156 158 0 Role: 1
0 145 29 188 75 0 Role: 2
0 186 44 174 50 0 Role: 2
0 42 0 Role: 2
0 72 115 74 162 12 0 Role: 3
0 90 92 0 Role: 3
0 85 64 0 Role: 3
0 180 149 0 Role: 3
0 1 0 Role: 4
0 132 0 Role: 4
0 138 0 Role: 4
0 60 62 0 Role: 5
0 95 70 181 0 Role: 5
0 147 11 24 58 38 88 106 0 Role: 5
0 101 0 Role: 5
0 77 178 98 150 0 Role: 5
0 171 131 0 Role: 5
0 104 0 Role: 5
0 114 166 23 56 134 0 Role: 6
0 108 0 Role: 7
0 41 40 6 161 0 Role: 8
0 16 0 Role: 8
0 87 0 Role: 8
0 96 164 187 5 51 86 119 0 Role: 9
0 128 0 Role: 9
0 78 54 109 120 175 36 0 Role: 10
0 57 111 185 105 0 Role: 10
0 91 195 9 146 0 Role: 10
0 39 63 192 0 Role: 10
0 126 137 165 196 27 142 0 Role: 11
0 2 81 0 Role: 12
0 100 0 Role: 12

Số khách: 160
Chi phí: 1.13011e+07
0 173 84 140 0 Role: 0
0 186 0 Role: 0
0 23 177 190 68 13 0 Role: 0
0 131 125 0 Role: 0
0 160 32 50 155 0 Role: 1
0 113 0 Role: 1
0 129 0 Role: 1
0 122 0 Role: 1
0 194 0 Role: 1
0 150 151 0 Role: 1
0 152 179 112 188 0 Role: 1
0 171 0 Role: 1
0 15 80 65 0 Role: 1
0 89 0 Role: 1
0 104 93 0 Role: 2
0 5 195 0 Role: 2
0 166 135 124 132 0 Role: 2
0 161 200 148 37 178 156 0 Role: 2
0 116 85 0 Role: 2
0 92 0 Role: 2
0 106 182 159 48 198 20 0 Role: 2
0 185 75 128 0 Role: 3
0 1 0 Role: 3
0 70 88 0 Role: 3
0 6 40 74 0 Role: 4
0 136 12 0 Role: 4
0 47 46 127 107 64 0 Role: 4
0 176 144 0 Role: 4
0 181 130 174 31 61 180 0 Role: 4
0 22 77 52 66 139 158 0 Role: 4
0 189 0 Role: 4
0 73 0 Role: 4
0 45 149 115 102 0 Role: 4
0 27 164 60 162 0 Role: 5
0 58 138 117 86 98 134 0 Role: 5
0 41 44 72 114 184 56 42 0 Role: 6
0 157 0 Role: 6
0 49 90 0 Role: 6
0 9 11 55 0 Role: 7
0 51 62 16 95 82 119 0 Role: 7
0 192 120 87 111 108 110 0 Role: 8
0 57 154 153 147 137 0 Role: 8
0 29 36 39 63 105 0 Role: 8
0 38 76 101 0 Role: 8
0 172 69 146 78 109 91 100 0 Role: 9
0 54 17 187 196 0 Role: 9
0 24 0 Role: 9
0 21 165 142 0 Role: 10
0 145 0 Role: 10
0 96 175 0 Role: 10
0 121 0 Role: 11
0 26 126 7 19 0 Role: 12

Số khách: 164
Chi phí: 1.47962e+07
0 40 103 0 Role: 0
0 170 66 17 0 Role: 0
0 15 74 0 Role: 0
0 95 122 106 20 47 143 0 Role: 0
0 196 32 64 123 162 152 199 140 139 0 Role: 0
0 141 0 Role: 0
0 102 157 0 Role: 0
0 72 115 75 22 125 182 156 89 135 68 12 188 0 Role: 1
0 160 0 Role: 1
0 129 178 73 65 150 148 0 Role: 1
0 61 171 198 116 180 37 80 113 0 Role: 1
0 149 194 130 50 0 Role: 2
0 166 6 52 45 13 104 0 Role: 3
0 112 124 107 158 173 131 0 Role: 3
0 176 0 Role: 3
0 189 46 48 0 Role: 3
0 179 127 85 92 0 Role: 3
0 174 0 Role: 3
0 77 132 144 159 0 Role: 3
0 60 5 0 Role: 4
0 38 190 23 0 Role: 4
0 200 184 31 151 90 0 Role: 4
0 109 101 0 Role: 5
0 42 136 70 0 Role: 5
0 134 186 0 Role: 5
0 155 98 181 0 Role: 5
0 57 153 56 147 0 Role: 6
0 49 0 Role: 6
0 29 58 114 161 44 0 Role: 6
0 172 82 120 54 195 138 0 Role: 7
0 55 154 119 24 0 Role: 7
0 78 36 0 Role: 8
0 11 91 128 117 51 41 0 Role: 8
0 88 16 87 0 Role: 8
0 63 100 76 111 110 146 0 Role: 9
0 1 185 39 9 0 Role: 9
0 137 86 0 Role: 9
0 19 93 175 164 105 187 0 Role: 10
0 62 192 0 Role: 10
0 21 142 27 165 96 145 0 Role: 11
0 108 0 Role: 11
0 177 26 69 7 126 0 Role: 12

Số khách: 145
Chi phí: 7.38838e+06
0 42 88 101 98 0 Role: 0
0 111 115 194 162 37 0 Role: 1
0 178 0 Role: 1
0 52 0 Role: 1
0 198 113 0 Role: 1
0 173 190 107 116 102 13 135 0 Role: 1
0 65 148 48 124 0 Role: 1
0 179 156 180 0 Role: 1
0 112 0 Role: 1
0 85 66 144 45 92 80 0 Role: 1
0 174 77 20 182 140 89 127 139 0 Role: 1
0 22 171 15 158 0 Role: 1
0 57 0 Role: 2
0 119 149 155 47 31 0 Role: 2
0 152 68 50 0 Role: 3
0 64 161 0 Role: 4
0 106 0 Role: 4
0 87 38 54 55 0 Role: 4
0 154 147 100 0 Role: 5
0 58 12 184 125 186 181 129 200 0 Role: 5
0 159 176 0 Role: 5
0 157 150 130 74 151 188 0 Role: 5
0 11 93 128 122 61 0 Role: 6
0 132 104 131 160 75 73 0 Role: 6
0 46 189 0 Role: 6
0 2 16 62 76 105 36 0 Role: 7
0 27 6 70 0 Role: 8
0 82 72 49 32 40 0 Role: 8
0 86 134 24 90 0 Role: 9
0 29 136 44 56 0 Role: 9
0 114 23 0 Role: 9
0 196 9 63 0 Role: 10
0 192 0 Role: 10
0 153 5 137 109 0 Role: 10
0 41 166 95 1 138 51 0 Role: 10
0 164 0 Role: 11
0 142 187 185 91 60 0 Role: 11
0 108 110 117 0 Role: 11
0 39 195 0 Role: 11
0 146 0 Role: 11
0 78 0 Role: 12

Số khách: 164
Chi phí: 1.2381e+07
0 84 97 144 136 162 179 45 0 Role: 0
0 65 0 Role: 0
0 96 0 Role: 0
0 182 37 80 0 Role: 0
0 87 46 101 0 Role: 0
0 192 36 102 0 Role: 1
0 17 1 117 0 Role: 2
0 171 186 0 Role: 2
0 148 48 50 104 116 0 Role: 2
0 13 127 40 22 178 113 200 0 Role: 2
0 73 0 Role: 2
0 31 150 112 0 Role: 2
0 180 124 68 0 Role: 2
0 139 61 20 140 52 75 92 156 0 Role: 2
0 115 0 Role: 2
0 85 89 107 125 152 149 0 Role: 2
0 77 176 160 0 Role: 2
0 198 0 Role: 2
0 158 66 194 0 Role: 2
0 174 173 0 Role: 2
0 159 132 15 0 Role: 2
0 130 0 Role: 3
0 100 157 0 Role: 3
0 151 44 64 106 181 134 12 98 188 0 Role: 3
0 190 74 0 Role: 3
0 47 184 90 0 Role: 3
0 147 189 195 128 166 0 Role: 4
0 70 0 Role: 4
0 42 122 0 Role: 4
0 23 55 110 114 129 0 Role: 4
0 58 32 72 135 161 0 Role: 4
0 131 155 0 Role: 4
0 108 39 0 Role: 5
0 6 38 153 16 49 82 0 Role: 5
0 56 29 88 0 Role: 5
0 57 0 Role: 6
0 93 0 Role: 7
0 5 54 187 0 Role: 8
0 11 146 51 0 Role: 8
0 24 119 86 62 0 Role: 8
0 172 196 27 21 0 Role: 9
0 111 137 9 105 91 76 41 0 Role: 9
0 109 138 95 154 0 Role: 9
0 177 0 Role: 10
0 165 19 78 164 142 145 69 60 0 Role: 10
0 120 63 126 175 0 Role: 10
0 81 26 7 0 Role: 11
0 185 0 Role: 11
0 43 0 Role: 12
0 121 0 Role: 12
0 2 0 Role: 12

Số khách: 140
Chi phí: 7.45097e+06
0 6 122 0 Role: 0
0 108 0 Role: 1
0 144 178 31 157 0 Role: 2
0 181 161 0 Role: 3
0 86 48 0 Role: 3
0 82 90 115 70 155 92 0 Role: 3
0 116 52 104 135 0 Role: 3
0 152 130 131 171 37 125 106 188 0 Role: 3
0 182 0 Role: 3
0 159 124 139 174 107 0 Role: 3
0 140 85 0 Role: 3
0 172 138 110 0 Role: 4
0 42 160 0 Role: 4
0 147 89 194 102 80 0 Role: 4
0 162 132 190 179 127 200 0 Role: 4
0 13 46 0 Role: 4
0 150 0 Role: 4
0 66 0 Role: 4
0 15 113 73 0 Role: 4
0 120 0 Role: 5
0 177 47 56 148 45 189 22 173 0 Role: 5
0 149 0 Role: 5
0 176 0 Role: 5
0 77 151 65 20 198 12 68 0 Role: 5
0 75 156 158 129 61 0 Role: 5
0 112 180 0 Role: 5
0 187 128 134 41 153 0 Role: 6
0 51 0 Role: 6
0 87 44 55 64 119 98 0 Role: 6
0 186 29 114 166 32 0 Role: 6
0 23 0 Role: 6
0 49 0 Role: 6
0 50 58 184 40 0 Role: 6
0 74 0 Role: 6
0 185 19 154 175 39 146 76 0 Role: 7
0 95 9 0 Role: 7
0 136 72 101 0 Role: 7
0 96 165 1 195 38 0 Role: 8
0 137 0 Role: 9
0 2 0 Role: 10
0 192 109 17 0 Role: 10
0 88 16 0 Role: 10
0 5 63 62 11 36 0 Role: 11
0 105 24 0 Role: 12

Số khách: 150
Chi phí: 8.34586e+06
0 129 0 Role: 0
0 167 101 0 Role: 0
0 77 148 37 0 Role: 1
0 106 131 157 66 178 182 31 0 Role: 1
0 85 46 0 Role: 1
0 104 139 107 198 0 Role: 1
0 113 24 0 Role: 2
0 42 12 89 150 0 Role: 2
0 188 48 190 160 135 0 Role: 2
0 144 20 125 0 Role: 2
0 116 13 0 Role: 2
0 180 173 80 179 22 0 Role: 2
0 158 149 52 0 Role: 2
0 73 15 132 75 68 0 Role: 2
0 127 112 140 159 0 Role: 2
0 186 174 0 Role: 3
0 23 49 166 147 50 98 200 0 Role: 3
0 176 74 156 124 0 Role: 3
0 134 0 Role: 4
0 11 0 Role: 4
0 117 108 36 137 54 184 55 65 0 Role: 4
0 195 63 91 60 181 64 0 Role: 5
0 45 92 162 90 194 0 Role: 5
0 189 152 61 171 102 0 Role: 5
0 151 115 130 0 Role: 5
0 39 0 Role: 6
0 1 70 29 87 0 Role: 6
0 72 161 6 44 56 32 155 0 Role: 7
0 47 40 58 136 0 Role: 7
0 114 0 Role: 7
0 82 27 185 0 Role: 8
0 192 109 128 95 16 0 Role: 8
0 145 41 51 0 Role: 9
0 110 86 119 88 122 0 Role: 9
0 153 38 0 Role: 9
0 43 177 0 Role: 10
0 69 96 5 17 146 100 0 Role: 10
0 165 172 76 196 138 154 62 0 Role: 11
0 187 78 9 120 111 105 0 Role: 12

Số khách: 142
Chi phí: 7.27407e+06
0 150 179 75 80 0 Role: 0
0 68 0 Role: 1
0 181 0 Role: 1
0 107 66 89 0 Role: 1
0 159 115 140 113 116 40 127 0 Role: 1
0 162 73 151 144 106 188 0 Role: 1
0 37 0 Role: 1
0 139 92 198 85 182 48 180 20 0 Role: 1
0 174 15 0 Role: 1
0 130 0 Role: 1
0 156 173 77 52 13 125 176 22 0 Role: 1
0 189 124 0 Role: 1
0 152 0 Role: 1
0 194 65 102 158 112 135 0 Role: 1
0 54 47 12 61 129 131 0 Role: 2
0 148 29 134 0 Role: 3
0 146 145 74 0 Role: 4
0 6 42 166 58 0 Role: 4
0 200 178 31 155 160 45 46 149 0 Role: 5
0 157 132 171 190 0 Role: 5
0 192 101 0 Role: 6
0 16 49 0 Role: 7
0 184 0 Role: 7
0 161 0 Role: 7
0 136 64 104 114 70 56 98 0 Role: 7
0 186 90 50 0 Role: 7
0 91 27 100 196 0 Role: 8
0 119 0 Role: 8
0 57 105 109 76 0 Role: 8
0 39 62 95 138 1 82 0 Role: 8
0 32 122 0 Role: 8
0 88 153 44 0 Role: 8
0 23 87 147 0 Role: 8
0 72 0 Role: 8
0 38 108 17 137 0 Role: 9
0 110 142 164 185 0 Role: 10
0 120 154 51 0 Role: 10
0 41 86 128 11 55 117 0 Role: 11
0 24 0 Role: 11
0 187 96 21 175 60 0 Role: 12

Số khách: 166
Chi phí: 1.50437e+07
0 83 0 Role: 0
0 102 64 48 11 16 22 0 Role: 0
0 88 0 Role: 0
0 42 178 3 181 0 Role: 0
0 77 41 147 168 160 80 0 Role: 0
0 94 149 0 Role: 0
0 155 113 0 Role: 0
0 95 44 142 106 61 12 107 188 125 0 Role: 1
0 50 45 124 135 68 116 139 198 20 0 Role: 1
0 174 148 173 159 132 0 Role: 1
0 180 179 189 13 0 Role: 1
0 127 176 73 37 112 0 Role: 1
0 75 85 158 182 0 Role: 1
0 89 15 194 0 Role: 1
0 46 0 Role: 1
0 144 171 115 66 0 Role: 1
0 140 156 152 92 0 Role: 1
0 130 122 1 87 0 Role: 2
0 39 55 200 131 129 0 Role: 2
0 150 186 151 104 0 Role: 2
0 184 65 166 162 90 0 Role: 3
0 109 63 56 74 0 Role: 4
0 114 134 32 157 58 31 0 Role: 4
0 40 98 0 Role: 4
0 190 0 Role: 4
0 47 52 0 Role: 4
0 153 82 105 0 Role: 5
0 51 0 Role: 6
0 117 24 136 101 0 Role: 6
0 70 0 Role: 6
0 49 0 Role: 6
0 121 165 0 Role: 7
0 146 196 0 Role: 7
0 111 5 86 128 29 0 Role: 7
0 119 72 23 0 Role: 7
0 6 161 0 Role: 7
0 69 192 187 175 96 76 0 Role: 8
0 120 0 Role: 8
0 93 0 Role: 8
0 57 110 36 0 Role: 8
0 17 54 91 108 164 100 0 Role: 8
0 137 154 38 62 138 0 Role: 8
0 145 60 9 195 0 Role: 9
0 27 185 0 Role: 9
0 7 21 0 Role: 10
0 2 177 26 19 78 0 Role: 11
0 43 81 172 126 0 Role: 12

Số khách: 168
Chi phí: 1.05729e+07
0 116 1 50 158 183 13 163 106 3 0 Role: 0
0 142 168 0 Role: 0
0 197 51 55 6 190 110 38 182 99 0 Role: 0
0 44 119 187 0 Role: 1
0 112 148 75 101 150 89 37 188 68 0 Role: 1
0 92 22 113 181 0 Role: 1
0 20 176 180 0 Role: 1
0 174 0 Role: 1
0 85 124 140 156 0 Role: 1
0 171 52 102 80 107 135 73 125 0 Role: 1
0 198 152 115 139 48 0 Role: 1
0 15 127 132 159 149 0 Role: 1
0 194 160 0 Role: 1
0 46 173 77 0 Role: 1
0 66 0 Role: 1
0 47 12 104 151 65 134 200 0 Role: 2
0 184 131 45 64 186 90 31 0 Role: 2
0 61 130 129 144 189 0 Role: 2
0 179 0 Role: 2
0 24 58 29 11 98 153 0 Role: 3
0 157 23 86 32 72 0 Role: 3
0 87 108 0 Role: 4
0 56 16 88 40 155 0 Role: 4
0 70 162 136 0 Role: 4
0 42 178 49 0 Role: 4
0 105 161 62 9 76 122 0 Role: 5
0 41 82 0 Role: 5
0 117 114 147 74 0 Role: 5
0 166 0 Role: 5
0 96 196 146 63 5 137 0 Role: 6
0 128 138 95 91 154 0 Role: 6
0 43 93 126 0 Role: 7
0 19 195 0 Role: 7
0 164 100 0 Role: 7
0 111 0 Role: 7
0 175 145 0 Role: 8
0 39 17 0 Role: 8
0 2 0 Role: 9
0 109 36 185 0 Role: 10
0 192 54 120 27 57 0 Role: 10
0 177 26 0 Role: 11
0 78 165 172 21 60 0 Role: 11
0 81 69 121 0 Role: 12
0 7 0 Role: 12

Số khách: 161
Chi phí: 1.06663e+07
0 3 115 64 160 0 Role: 0
0 71 193 73 10 50 44 118 182 65 112 0 Role: 0
0 35 81 33 162 139 129 104 0 Role: 0
0 31 0 Role: 1
0 130 125 0 Role: 1
0 75 0 Role: 1
0 19 11 91 49 114 92 113 37 80 0 Role: 2
0 194 52 61 174 127 116 0 Role: 2
0 93 0 Role: 3
0 85 150 0 Role: 3
0 179 158 22 189 132 131 173 107 135 188 0 Role: 3
0 77 46 0 Role: 3
0 148 149 176 68 181 140 0 Role: 3
0 159 0 Role: 3
0 198 144 13 156 171 45 102 0 Role: 3
0 152 66 48 20 124 0 Role: 3
0 89 0 Role: 3
0 15 0 Role: 3
0 165 56 186 0 Role: 4
0 98 74 72 136 106 90 200 12 0 Role: 4
0 47 0 Role: 4
0 184 180 151 0 Role: 4
0 190 0 Role: 4
0 196 0 Role: 5
0 146 120 0 Role: 6
0 38 1 100 138 155 0 Role: 7
0 110 0 Role: 7
0 24 153 32 62 0 Role: 7
0 58 88 0 Role: 7
0 87 157 23 0 Role: 7
0 166 147 29 0 Role: 7
0 101 42 0 Role: 7
0 178 40 0 Role: 7
0 36 187 39 86 0 Role: 8
0 105 192 154 0 Role: 8
0 109 0 Role: 8
0 161 41 0 Role: 8
0 145 0 Role: 9
0 57 60 0 Role: 9
0 27 5 76 0 Role: 9
0 82 0 Role: 9
0 177 111 117 122 55 119 134 0 Role: 10
0 185 17 95 142 0 Role: 11
0 126 16 175 96 9 0 Role: 11
0 108 195 137 63 51 6 0 Role: 11
0 70 0 Role: 11
0 121 164 0 Role: 12
0 54 128 0 Role: 12

Số khách: 138
Chi phí: 1.52152e+07
0 25 0 Role: 0
0 115 157 0 Role: 0
0 33 0 Role: 0
0 84 0 Role: 0
0 49 48 181 0 Role: 0
0 79 0 Role: 0
0 22 0 Role: 0
0 8 89 0 Role: 0
0 72 130 0 Role: 1
0 107 178 0 Role: 1
0 125 74 75 150 0 Role: 1
0 7 182 122 0 Role: 2
0 101 70 176 113 42 0 Role: 2
0 132 85 0 Role: 2
0 194 186 160 127 0 Role: 2
0 106 40 64 158 31 188 135 149 0 Role: 2
0 152 140 0 Role: 2
0 173 0 Role: 2
0 93 174 37 105 55 0 Role: 3
0 77 0 Role: 3
0 114 0 Role: 4
0 102 52 0 Role: 4
0 104 0 Role: 4
0 20 68 92 0 Role: 4
0 171 156 124 0 Role: 4
0 110 63 58 45 144 116 200 0 Role: 5
0 180 0 Role: 5
0 139 46 50 0 Role: 5
0 189 190 12 80 129 0 Role: 5
0 66 198 179 73 13 0 Role: 5
0 23 60 0 Role: 6
0 96 0 Role: 6
0 41 128 44 151 65 134 0 Role: 6
0 15 47 131 112 0 Role: 6
0 162 90 0 Role: 6
0 119 117 16 76 164 98 0 Role: 7
0 38 1 36 29 87 0 Role: 7
0 166 6 155 88 82 86 136 0 Role: 8
0 148 147 184 159 0 Role: 8
0 61 0 Role: 8
0 177 27 154 120 0 Role: 9
0 153 32 161 56 0 Role: 9
0 81 0 Role: 10
0 24 62 11 0 Role: 11
0 126 142 121 51 0 Role: 12
0 95 138 0 Role: 12

Số khách: 160
Chi phí: 1.11001e+07
0 92 0 Role: 0
0 44 60 190 52 125 89 135 0 Role: 0
0 121 22 13 0 Role: 0
0 47 0 Role: 0
0 134 48 146 153 127 173 0 Role: 1
0 132 75 70 0 Role: 1
0 24 88 50 0 Role: 2
0 106 131 65 113 0 Role: 2
0 179 198 0 Role: 2
0 74 77 181 0 Role: 2
0 124 189 15 112 139 20 182 80 0 Role: 2
0 66 152 0 Role: 2
0 130 144 46 149 73 140 0 Role: 2
0 145 109 159 62 174 0 Role: 3
0 96 150 158 102 129 156 0 Role: 4
0 37 151 107 180 68 12 116 0 Role: 4
0 160 115 176 148 171 85 61 0 Role: 4
0 45 194 0 Role: 4
0 86 58 100 200 90 184 0 Role: 5
0 178 0 Role: 5
0 29 128 136 155 101 104 188 0 Role: 6
0 40 23 31 64 162 0 Role: 6
0 186 98 157 0 Role: 6
0 41 154 138 0 Role: 7
0 56 166 0 Role: 7
0 32 114 42 0 Role: 7
0 49 147 0 Role: 7
0 165 51 38 82 72 6 161 0 Role: 8
0 36 26 63 110 105 185 119 0 Role: 9
0 9 39 55 95 11 76 0 Role: 9
0 16 0 Role: 9
0 91 0 Role: 9
0 1 117 87 0 Role: 9
0 5 0 Role: 10
0 17 0 Role: 10
0 164 192 122 0 Role: 10
0 177 57 54 0 Role: 11
0 108 111 0 Role: 11
0 137 187 196 195 0 Role: 11
0 69 0 Role: 12
0 78 43 19 0 Role: 12
0 81 172 7 142 175 0 Role: 12
0 21 93 27 120 0 Role: 12

Số khách: 169
Chi phí: 1.62563e+07
0 174 20 101 158 34 50 0 Role: 0
0 134 100 18 161 139 159 140 107 0 Role: 0
0 114 98 180 25 0 Role: 0
0 167 188 33 130 10 80 46 0 Role: 0
0 91 181 0 Role: 0
0 117 113 42 83 198 0 Role: 0
0 26 122 75 82 16 1 149 186 189 0 Role: 0
0 70 73 116 0 Role: 0
0 115 49 129 125 0 Role: 1
0 176 13 0 Role: 1
0 190 0 Role: 1
0 24 0 Role: 2
0 178 157 155 200 112 31 0 Role: 3
0 106 135 151 124 52 15 171 0 Role: 3
0 160 12 194 37 131 65 68 0 Role: 3
0 89 182 132 85 0 Role: 3
0 173 0 Role: 3
0 58 0 Role: 4
0 23 109 120 0 Role: 4
0 44 166 56 152 92 156 127 0 Role: 4
0 150 66 102 179 0 Role: 4
0 22 144 45 48 0 Role: 4
0 148 61 77 0 Role: 4
0 9 162 11 47 63 105 110 41 76 0 Role: 5
0 29 119 0 Role: 5
0 136 74 90 104 0 Role: 5
0 184 0 Role: 5
0 64 40 0 Role: 5
0 88 62 6 38 32 147 87 153 0 Role: 6
0 72 0 Role: 6
0 27 21 128 154 95 51 0 Role: 7
0 86 55 138 0 Role: 7
0 96 108 0 Role: 8
0 192 93 0 Role: 8
0 39 195 36 0 Role: 8
0 137 54 187 57 146 0 Role: 8
0 19 142 81 0 Role: 9
0 165 185 60 69 175 164 0 Role: 9
0 5 17 196 0 Role: 9
0 111 0 Role: 9
0 2 0 Role: 10
0 177 0 Role: 10
0 43 126 172 7 145 0 Role: 10
0 78 121 0 Role: 11

Số khách: 167
Chi phí: 1.62264e+07
0 70 0 Role: 0
0 124 0 Role: 0
0 174 1 113 176 42 56 77 0 Role: 0
0 18 99 181 10 0 Role: 0
0 74 83 33 171 68 0 Role: 0
0 59 179 107 102 198 114 50 0 Role: 0
0 22 150 37 52 156 84 0 Role: 0
0 192 160 0 Role: 0
0 137 154 104 82 24 101 40 80 31 0 Role: 1
0 19 125 190 29 189 200 64 0 Role: 2
0 13 188 0 Role: 2
0 73 180 194 0 Role: 2
0 135 144 158 89 182 0 Role: 2
0 130 65 66 0 Role: 2
0 48 0 Role: 2
0 115 92 75 0 Role: 2
0 95 0 Role: 3
0 131 47 155 173 106 127 129 116 139 112 0 Role: 3
0 20 159 45 157 151 149 12 0 Role: 3
0 46 0 Role: 3
0 132 61 85 140 152 0 Role: 3
0 15 148 0 Role: 3
0 111 76 105 90 0 Role: 4
0 51 117 0 Role: 4
0 153 0 Role: 4
0 49 44 134 110 0 Role: 4
0 120 78 145 0 Role: 5
0 6 166 88 136 72 98 178 0 Role: 5
0 184 0 Role: 5
0 41 38 186 0 Role: 6
0 43 138 11 62 58 32 147 0 Role: 7
0 16 36 63 87 17 21 108 196 119 0 Role: 8
0 175 185 55 128 162 0 Role: 8
0 161 91 86 0 Role: 8
0 23 122 0 Role: 8
0 60 57 39 5 100 54 9 0 Role: 9
0 187 146 0 Role: 9
0 109 195 0 Role: 9
0 177 0 Role: 10
0 96 165 164 93 27 0 Role: 10
0 142 0 Role: 10
0 2 126 0 Role: 11
0 69 7 172 26 0 Role: 12

Số khách: 162
Chi phí: 1.02365e+07
0 188 157 0 Role: 0
0 187 143 0 Role: 0
0 45 182 10 181 15 0 Role: 0
0 31 111 63 104 140 200 116 125 0 Role: 1
0 135 0 Role: 2
0 42 65 178 90 124 198 80 0 Role: 2
0 115 131 127 194 113 0 Role: 2
0 156 174 37 179 139 112 0 Role: 2
0 132 61 0 Role: 2
0 92 144 107 190 0 Role: 2
0 158 160 68 77 159 0 Role: 2
0 171 22 173 0 Role: 2
0 66 149 89 20 75 0 Role: 2
0 152 48 0 Role: 2
0 136 0 Role: 3
0 151 114 130 49 0 Role: 3
0 155 0 Role: 3
0 58 46 176 162 186 106 129 0 Role: 3
0 40 0 Role: 3
0 102 0 Role: 3
0 5 88 0 Role: 4
0 23 98 0 Role: 4
0 32 47 12 0 Role: 4
0 184 148 73 150 74 50 180 0 Role: 4
0 175 96 0 Role: 5
0 126 95 0 Role: 5
0 108 62 195 122 153 64 36 0 Role: 5
0 52 85 13 189 0 Role: 6
0 185 146 91 101 44 147 0 Role: 7
0 29 70 56 0 Role: 7
0 134 0 Role: 7
0 38 0 Role: 8
0 105 0 Role: 8
0 86 82 55 110 0 Role: 8
0 76 166 1 154 87 39 161 119 0 Role: 8
0 72 6 0 Role: 8
0 26 24 11 16 0 Role: 9
0 78 142 7 165 57 109 137 0 Role: 10
0 41 117 138 51 128 0 Role: 10
0 121 81 19 0 Role: 11
0 69 21 164 54 60 0 Role: 11
0 196 0 Role: 11
0 27 100 120 9 0 Role: 11
0 192 0 Role: 11
0 43 17 93 172 145 0 Role: 12

Số khách: 132
Chi phí: 9.34017e+06
0 52 150 0 Role: 0
0 90 83 86 0 Role: 0
0 135 155 0 Role: 0
0 11 12 31 37 0 Role: 1
0 75 132 104 129 15 0 Role: 1
0 190 113 0 Role: 1
0 139 0 Role: 2
0 29 92 127 65 0 Role: 2
0 102 0 Role: 2
0 32 0 Role: 3
0 158 151 173 50 149 64 0 Role: 3
0 22 106 107 115 0 Role: 3
0 43 17 122 20 0 Role: 4
0 188 49 125 186 134 162 48 178 80 0 Role: 4
0 184 0 Role: 4
0 160 181 130 0 Role: 4
0 45 74 148 198 0 Role: 4
0 182 66 180 124 116 0 Role: 4
0 46 171 68 152 89 140 0 Role: 4
0 194 0 Role: 4
0 156 85 179 0 Role: 4
0 6 13 166 42 23 47 200 0 Role: 5
0 73 176 77 61 131 0 Role: 5
0 189 174 159 0 Role: 5
0 154 0 Role: 6
0 40 87 70 0 Role: 7
0 145 44 109 88 144 58 112 147 0 Role: 8
0 114 136 98 56 157 0 Role: 8
0 63 0 Role: 9
0 165 5 0 Role: 9
0 38 62 72 161 101 0 Role: 9
0 126 146 1 54 108 82 76 0 Role: 10
0 39 110 100 57 0 Role: 11
0 142 93 195 0 Role: 12
0 51 119 138 24 153 55 0 Role: 12
0 16 0 Role: 12

Số khách: 155
Chi phí: 1.1805e+07
0 21 0 Role: 0
0 124 14 29 6 23 32 125 84 129 66 58 140 155 50 97 130 22 0 Role: 0
0 15 107 0 Role: 0
0 94 0 Role: 0
0 198 136 149 135 151 0 Role: 1
0 150 0 Role: 2
0 189 148 116 61 80 0 Role: 2
0 159 46 0 Role: 2
0 7 39 0 Role: 3
0 49 0 Role: 3
0 104 77 101 37 0 Role: 3
0 186 13 0 Role: 3
0 64 70 0 Role: 3
0 27 0 Role: 4
0 75 0 Role: 4
0 190 0 Role: 4
0 11 122 180 134 176 44 62 12 188 0 Role: 4
0 65 194 160 0 Role: 4
0 48 131 90 112 31 139 106 0 Role: 4
0 173 92 0 Role: 4
0 1 60 110 40 0 Role: 5
0 102 132 147 73 68 156 200 0 Role: 5
0 115 181 0 Role: 5
0 74 89 0 Role: 5
0 127 52 152 144 182 20 113 0 Role: 5
0 171 0 Role: 5
0 174 45 158 179 0 Role: 5
0 17 0 Role: 6
0 43 0 Role: 7
0 120 93 177 137 165 38 161 86 119 76 0 Role: 7
0 87 54 72 42 56 0 Role: 7
0 162 184 47 0 Role: 7
0 85 157 98 178 0 Role: 7
0 175 55 105 0 Role: 8
0 91 82 63 117 0 Role: 8
0 114 166 0 Role: 8
0 185 172 24 153 0 Role: 9
0 88 16 0 Role: 9
0 36 154 0 Role: 10
0 78 187 5 109 0 Role: 10
0 26 51 41 138 95 128 0 Role: 11
0 111 192 196 0 Role: 12
0 146 195 57 0 Role: 12
0 108 9 0 Role: 12

Số khách: 159
Chi phí: 9.24624e+06
0 77 42 13 112 158 72 127 66 52 20 140 174 0 Role: 0
0 62 58 178 0 Role: 0
0 108 0 Role: 1
0 159 85 9 11 119 184 134 0 Role: 1
0 92 171 0 Role: 1
0 107 73 190 129 31 182 80 0 Role: 1
0 50 194 148 116 12 0 Role: 1
0 139 125 157 15 186 68 188 0 Role: 1
0 55 0 Role: 2
0 17 37 161 192 36 76 200 0 Role: 3
0 113 132 114 150 176 135 89 106 0 Role: 4
0 156 181 75 179 0 Role: 4
0 151 130 0 Role: 4
0 61 160 152 48 198 0 Role: 4
0 189 0 Role: 4
0 144 180 102 173 0 Role: 4
0 45 149 22 115 0 Role: 4
0 124 46 0 Role: 4
0 110 19 27 21 51 88 0 Role: 5
0 104 0 Role: 5
0 47 155 122 0 Role: 5
0 49 64 0 Role: 5
0 65 166 136 23 98 0 Role: 5
0 56 74 70 40 0 Role: 5
0 90 131 162 0 Role: 5
0 16 6 0 Role: 6
0 32 0 Role: 6
0 69 39 153 82 95 138 0 Role: 7
0 128 41 0 Role: 7
0 154 0 Role: 8
0 96 24 86 0 Role: 8
0 43 87 0 Role: 9
0 165 1 5 105 101 0 Role: 9
0 29 0 Role: 9
0 126 117 0 Role: 10
0 57 0 Role: 10
0 195 91 60 109 120 100 0 Role: 10
0 44 38 147 0 Role: 10
0 146 196 185 63 111 0 Role: 10
0 81 145 0 Role: 11
0 175 142 164 54 137 0 Role: 11
0 93 187 0 Role: 11
0 78 0 Role: 12
0 177 172 26 0 Role: 12

Số khách: 126
Chi phí: 7.14563e+06
0 155 5 199 192 102 0 Role: 0
0 46 174 75 129 110 0 Role: 1
0 23 56 92 37 0 Role: 1
0 49 50 0 Role: 1
0 22 140 0 Role: 1
0 106 152 159 65 0 Role: 1
0 74 139 0 Role: 1
0 130 80 151 144 31 0 Role: 1
0 68 0 Role: 2
0 47 198 127 181 189 188 116 0 Role: 2
0 90 0 Role: 3
0 13 134 70 0 Role: 3
0 29 77 156 124 104 135 0 Role: 3
0 45 150 149 85 132 0 Role: 4
0 125 160 115 113 179 112 0 Role: 4
0 12 107 66 176 180 182 0 Role: 4
0 194 0 Role: 4
0 73 148 171 173 158 89 0 Role: 4
0 48 20 15 52 0 Role: 4
0 93 38 0 Role: 5
0 119 161 131 186 184 157 0 Role: 6
0 114 136 98 0 Role: 7
0 162 178 61 0 Role: 7
0 64 190 0 Role: 7
0 2 9 0 Role: 8
0 195 72 42 6 0 Role: 8
0 200 0 Role: 8
0 40 0 Role: 8
0 16 63 165 146 0 Role: 9
0 51 87 0 Role: 9
0 196 36 88 153 0 Role: 10
0 147 0 Role: 10
0 166 32 122 0 Role: 10
0 44 101 58 0 Role: 10
0 76 86 39 109 55 0 Role: 11
0 177 117 185 108 0 Role: 12
0 11 0 Role: 12

Số khách: 164
Chi phí: 1.42516e+07
0 153 168 89 102 62 71 171 0 Role: 0
0 81 0 Role: 0
0 84 110 124 66 74 39 194 15 10 186 139 182 0 Role: 0
0 12 0 Role: 0
0 166 131 65 0 Role: 0
0 11 125 32 162 0 Role: 0
0 155 0 Role: 1
0 86 192 0 Role: 1
0 20 77 179 0 Role: 1
0 200 160 148 0 Role: 1
0 181 52 115 106 156 13 104 188 0 Role: 1
0 73 144 140 159 0 Role: 1
0 132 130 92 48 80 113 0 Role: 1
0 46 0 Role: 1
0 37 198 116 176 152 68 127 0 Role: 1
0 175 0 Role: 2
0 43 138 180 44 0 Role: 2
0 178 49 0 Role: 2
0 173 0 Role: 3
0 21 58 149 190 107 135 0 Role: 3
0 85 174 0 Role: 3
0 75 0 Role: 3
0 151 158 45 61 0 Role: 3
0 22 112 189 0 Role: 3
0 54 26 142 154 0 Role: 4
0 134 87 98 0 Role: 4
0 117 64 108 36 70 0 Role: 4
0 157 128 1 55 119 31 0 Role: 4
0 23 147 6 90 0 Role: 4
0 184 50 56 161 129 72 0 Role: 4
0 60 88 114 0 Role: 5
0 126 100 41 76 150 40 0 Role: 6
0 19 101 29 136 42 0 Role: 7
0 47 0 Role: 7
0 7 122 38 82 0 Role: 8
0 95 24 0 Role: 8
0 91 0 Role: 9
0 63 196 57 111 146 0 Role: 9
0 165 185 9 51 0 Role: 10
0 16 0 Role: 10
0 69 145 172 187 120 96 0 Role: 11
0 195 109 164 0 Role: 11
0 27 105 137 5 0 Role: 11
0 93 177 78 17 0 Role: 12

Số khách: 153
Chi phí: 1.11194e+07
0 70 163 83 47 0 Role: 0
0 51 0 Role: 0
0 96 169 12 143 182 162 158 0 Role: 0
0 133 71 6 0 Role: 0
0 36 0 Role: 1
0 86 0 Role: 1
0 27 113 173 171 159 136 125 0 Role: 1
0 116 0 Role: 1
0 161 140 194 115 181 127 0 Role: 2
0 13 75 152 80 0 Role: 2
0 50 31 148 174 131 0 Role: 2
0 20 73 160 189 129 65 149 188 0 Role: 2
0 147 146 176 120 77 128 82 76 0 Role: 3
0 156 166 98 52 0 Role: 3
0 85 0 Role: 3
0 126 15 112 178 200 90 106 0 Role: 4
0 58 0 Role: 5
0 192 0 Role: 5
0 134 63 61 64 104 0 Role: 5
0 142 0 Role: 6
0 119 39 17 66 72 0 Role: 7
0 179 157 92 56 68 107 0 Role: 7
0 139 22 49 37 0 Role: 7
0 102 144 0 Role: 7
0 111 0 Role: 8
0 11 0 Role: 8
0 42 184 198 154 32 48 180 153 0 Role: 8
0 46 88 87 155 0 Role: 8
0 135 0 Role: 8
0 40 16 44 114 124 0 Role: 8
0 45 0 Role: 8
0 190 74 89 0 Role: 8
0 130 150 132 151 0 Role: 8
0 187 110 55 0 Role: 9
0 1 117 105 138 62 38 0 Role: 9
0 145 95 196 164 57 0 Role: 10
0 5 29 186 101 0 Role: 10
0 69 0 Role: 11
0 54 195 24 122 0 Role: 11
0 23 0 Role: 11
0 137 93 165 108 91 60 0 Role: 12
0 41 0 Role: 12
0 109 0 Role: 12

