Số khách: 100
Chi phí: 1.69335e+07
0 53 6 19 44 60 72 75 88 92 96 98 74 79 3 5 9 11 12 16 17 27 29 30 34 50 54 0 Role: 0
0 100 8 23 33 37 52 55 64 69 70 73 77 78 81 83 85 87 93 51 62 86 0 Role: 0
0 39 40 57 61 68 82 89 25 31 0 Role: 0
0 1 7 43 0 Role: 0
0 24 18 84 0 Role: 1
0 67 4 0 Role: 1
0 47 21 32 0 Role: 1
0 56 46 0 Role: 1
0 63 2 99 36 0 Role: 1
0 49 48 0 Role: 1
0 59 20 0 Role: 2
0 15 95 91 0 Role: 2
0 71 65 14 0 Role: 2
0 13 76 0 Role: 3
0 94 28 58 0 Role: 3
0 66 42 38 0 Role: 3
0 22 0 Role: 3
0 41 45 0 Role: 3
0 90 26 97 0 Role: 3
0 10 35 80 0 Role: 3

Số khách: 17
Chi phí: 3.63176e+06
0 11 80 93 2 3 5 12 16 17 27 29 30 34 54 0 Role: 0
0 20 48 21 0 Role: 1

Số khách: 82
Chi phí: 1.08649e+07
0 1 5 7 8 9 11 12 17 27 29 30 31 34 50 51 54 65 69 73 77 83 85 0 Role: 0
0 18 19 23 24 33 37 47 52 55 64 78 79 81 87 93 0 Role: 0
0 6 44 96 0 Role: 1
0 76 0 Role: 1
0 14 89 46 0 Role: 2
0 97 84 32 48 63 0 Role: 2
0 16 4 21 0 Role: 2
0 86 25 99 0 Role: 2
0 3 36 0 Role: 2
0 62 0 Role: 2
0 59 20 0 Role: 3
0 15 95 91 0 Role: 3
0 71 2 49 0 Role: 3
0 13 0 Role: 4
0 94 28 58 0 Role: 4
0 66 42 38 0 Role: 4
0 22 0 Role: 4
0 41 45 0 Role: 4
0 90 26 0 Role: 4
0 10 35 80 0 Role: 4
0 67 0 Role: 5

Số khách: 92
Chi phí: 1.38243e+07
0 100 8 23 33 37 52 55 64 69 70 73 77 78 81 83 85 87 93 51 62 86 3 12 17 0 Role: 0
0 39 40 57 61 68 82 89 25 31 5 9 11 16 27 29 30 34 50 54 0 Role: 0
0 1 7 19 43 74 79 0 Role: 0
0 13 76 0 Role: 1
0 94 28 58 0 Role: 1
0 66 42 38 0 Role: 1
0 22 0 Role: 1
0 41 45 0 Role: 1
0 90 26 97 0 Role: 1
0 10 35 80 0 Role: 1
0 59 20 0 Role: 2
0 15 95 91 0 Role: 2
0 71 65 14 0 Role: 2
0 24 18 84 0 Role: 3
0 67 4 0 Role: 3
0 47 21 32 0 Role: 3
0 56 46 0 Role: 3
0 63 2 99 36 0 Role: 3
0 49 48 0 Role: 3
0 44 96 0 Role: 4

Số khách: 85
Chi phí: 1.24456e+07
0 13 39 40 43 57 61 68 74 19 33 37 47 52 55 70 78 79 81 87 93 99 80 5 11 16 27 29 30 50 54 0 Role: 0
0 8 38 9 4 7 23 25 31 34 51 64 69 73 77 83 86 12 17 0 Role: 0
0 44 6 41 0 Role: 1
0 89 84 0 Role: 1
0 20 66 59 0 Role: 2
0 76 0 Role: 2
0 58 22 0 Role: 3
0 10 67 94 0 Role: 3
0 91 95 0 Role: 3
0 42 24 18 0 Role: 3
0 35 14 96 0 Role: 4
0 15 26 21 0 Role: 4
0 36 65 48 0 Role: 4
0 49 63 2 0 Role: 4
0 32 97 0 Role: 4
0 46 56 0 Role: 4
0 62 0 Role: 4
0 3 0 Role: 4

Số khách: 72
Chi phí: 8.43651e+06
0 43 74 1 19 37 52 55 64 70 78 81 82 87 93 2 5 11 12 17 27 29 30 0 Role: 0
0 15 59 66 0 Role: 1
0 96 42 28 25 99 0 Role: 1
0 86 0 Role: 2
0 62 80 9 0 Role: 2
0 46 56 65 0 Role: 2
0 97 32 21 63 0 Role: 2
0 6 13 0 Role: 3
0 76 0 Role: 3
0 20 58 0 Role: 4
0 44 94 10 26 38 0 Role: 4
0 35 67 47 0 Role: 4
0 91 89 0 Role: 4
0 71 18 0 Role: 5
0 45 95 0 Role: 5
0 90 41 4 14 0 Role: 5
0 22 3 36 84 0 Role: 5
0 16 0 Role: 6
0 24 48 0 Role: 6
0 49 0 Role: 6

Số khách: 70
Chi phí: 7.39117e+06
0 18 19 23 24 33 37 47 52 55 64 78 79 81 87 93 5 9 11 12 17 27 29 30 34 50 54 0 Role: 0
0 14 89 46 0 Role: 1
0 97 84 32 48 63 0 Role: 1
0 16 4 21 0 Role: 1
0 86 25 99 0 Role: 1
0 3 36 0 Role: 1
0 62 0 Role: 1
0 67 96 0 Role: 2
0 13 6 44 0 Role: 3
0 94 28 58 0 Role: 3
0 66 42 38 0 Role: 3
0 22 0 Role: 3
0 41 45 0 Role: 3
0 90 26 0 Role: 3
0 10 35 80 0 Role: 3
0 59 20 0 Role: 4
0 15 95 91 0 Role: 4
0 71 2 49 0 Role: 4

Số khách: 98
Chi phí: 1.57957e+07
0 39 40 43 19 23 33 37 52 55 64 70 78 79 81 87 93 0 Role: 0
0 1 5 7 8 9 11 12 17 27 29 30 31 34 50 51 54 65 69 73 77 83 85 0 Role: 0
0 53 57 61 68 74 0 Role: 0
0 72 75 82 88 92 98 0 Role: 0
0 24 18 0 Role: 1
0 67 0 Role: 1
0 47 21 32 0 Role: 1
0 56 46 0 Role: 1
0 63 2 99 36 0 Role: 1
0 49 48 0 Role: 1
0 13 0 Role: 2
0 94 28 58 0 Role: 2
0 66 42 38 0 Role: 2
0 22 0 Role: 2
0 41 45 0 Role: 2
0 90 26 0 Role: 2
0 10 35 80 0 Role: 2
0 6 44 96 0 Role: 3
0 76 0 Role: 3
0 14 89 0 Role: 4
0 97 84 0 Role: 4
0 16 4 0 Role: 4
0 86 25 0 Role: 4
0 3 0 Role: 4
0 62 0 Role: 4
0 59 20 0 Role: 5
0 15 95 91 0 Role: 5
0 71 0 Role: 5

Số khách: 95
Chi phí: 1.49337e+07
0 8 38 9 4 7 23 25 31 34 51 64 69 73 77 83 86 12 17 0 Role: 0
0 1 28 72 75 82 88 92 5 11 16 27 29 30 50 54 85 0 Role: 0
0 13 39 40 43 57 61 68 74 19 33 37 47 52 55 70 78 79 81 87 93 99 80 0 Role: 0
0 71 18 0 Role: 1
0 45 41 0 Role: 1
0 90 84 0 Role: 1
0 20 66 59 0 Role: 2
0 76 0 Role: 2
0 44 0 Role: 3
0 89 0 Role: 3
0 58 22 0 Role: 4
0 10 67 94 0 Role: 4
0 91 95 0 Role: 4
0 42 24 0 Role: 4
0 35 14 96 0 Role: 5
0 15 26 21 0 Role: 5
0 36 65 48 0 Role: 5
0 49 63 2 0 Role: 5
0 32 97 0 Role: 5
0 46 56 0 Role: 5
0 62 0 Role: 5
0 3 0 Role: 5

Số khách: 76
Chi phí: 9.80044e+06
0 18 19 23 24 33 37 47 52 55 64 78 79 81 87 93 5 9 11 12 17 27 29 30 34 50 54 0 Role: 0
0 1 7 8 0 Role: 0
0 13 0 Role: 1
0 94 28 58 0 Role: 1
0 66 42 38 0 Role: 1
0 22 0 Role: 1
0 41 45 0 Role: 1
0 90 26 0 Role: 1
0 10 35 80 0 Role: 1
0 67 0 Role: 2
0 59 20 0 Role: 3
0 15 95 91 0 Role: 3
0 71 2 49 0 Role: 3
0 14 89 46 0 Role: 4
0 97 84 32 48 63 0 Role: 4
0 16 4 21 0 Role: 4
0 86 25 99 0 Role: 4
0 3 36 0 Role: 4
0 62 0 Role: 4
0 6 44 96 0 Role: 5
0 76 0 Role: 5
0 56 65 0 Role: 6

Số khách: 77
Chi phí: 1.07035e+07
0 43 74 1 19 37 52 55 64 70 78 81 82 87 93 2 5 11 12 17 27 29 30 0 Role: 0
0 7 8 23 31 34 0 Role: 0
0 6 13 0 Role: 1
0 76 0 Role: 1
0 24 25 18 84 0 Role: 2
0 38 89 0 Role: 2
0 4 16 47 0 Role: 2
0 49 48 0 Role: 2
0 99 14 0 Role: 2
0 3 0 Role: 2
0 36 0 Role: 2
0 20 58 0 Role: 3
0 44 94 10 26 0 Role: 3
0 35 67 0 Role: 3
0 91 0 Role: 3
0 86 0 Role: 4
0 62 80 9 0 Role: 4
0 46 56 65 0 Role: 4
0 97 32 21 63 0 Role: 4
0 71 0 Role: 5
0 45 95 0 Role: 5
0 90 41 0 Role: 5
0 22 0 Role: 5
0 15 59 66 0 Role: 6
0 96 42 28 0 Role: 6

Số khách: 74
Chi phí: 9.12035e+06
0 53 6 19 44 60 72 75 88 92 96 98 74 79 5 9 11 12 17 27 29 30 34 50 51 54 77 85 86 0 Role: 0
0 24 18 84 0 Role: 1
0 67 4 0 Role: 1
0 47 21 32 0 Role: 1
0 56 46 0 Role: 1
0 63 2 99 36 0 Role: 1
0 49 48 0 Role: 1
0 59 20 0 Role: 2
0 15 95 91 0 Role: 2
0 71 65 14 0 Role: 2
0 13 76 0 Role: 3
0 94 28 58 0 Role: 3
0 66 42 38 0 Role: 3
0 22 0 Role: 3
0 41 45 0 Role: 3
0 90 26 97 0 Role: 3
0 10 35 80 0 Role: 3
0 3 0 Role: 4
0 16 0 Role: 4
0 25 0 Role: 4
0 62 0 Role: 4
0 89 0 Role: 5

Số khách: 89
Chi phí: 1.29058e+07
0 1 7 8 23 31 64 5 11 12 16 17 27 29 30 50 54 0 Role: 0
0 13 39 40 43 57 61 68 74 19 33 37 47 52 55 70 78 79 81 87 93 99 9 34 51 69 73 77 86 0 Role: 0
0 58 22 0 Role: 1
0 10 67 94 0 Role: 1
0 91 95 0 Role: 1
0 42 24 25 0 Role: 1
0 20 66 59 0 Role: 2
0 76 0 Role: 2
0 35 14 96 0 Role: 3
0 15 26 21 0 Role: 3
0 36 65 48 0 Role: 3
0 49 63 2 0 Role: 3
0 32 97 80 0 Role: 3
0 46 56 0 Role: 3
0 62 0 Role: 3
0 3 0 Role: 3
0 6 44 0 Role: 4
0 28 0 Role: 4
0 89 0 Role: 4
0 71 18 0 Role: 5
0 45 41 4 38 0 Role: 5
0 90 84 0 Role: 5

Số khách: 57
Chi phí: 5.85817e+06
0 1 7 43 31 5 9 11 12 17 27 29 30 34 50 51 54 0 Role: 0
0 13 15 20 96 0 Role: 1
0 94 28 58 0 Role: 1
0 66 42 38 0 Role: 1
0 22 36 0 Role: 1
0 41 45 46 0 Role: 1
0 90 26 0 Role: 1
0 10 35 80 0 Role: 1
0 14 65 89 0 Role: 2
0 97 84 32 48 63 0 Role: 2
0 16 4 21 0 Role: 2
0 86 25 99 0 Role: 2
0 3 0 Role: 2
0 62 0 Role: 2
0 59 71 18 0 Role: 3
0 91 95 0 Role: 3

Số khách: 29
Chi phí: 4.14749e+06
0 93 79 5 11 12 27 30 34 50 54 77 85 29 86 0 Role: 0
0 4 14 16 66 0 Role: 1
0 18 24 99 36 0 Role: 1
0 22 25 0 Role: 1
0 41 80 0 Role: 1
0 2 9 21 0 Role: 2

Số khách: 36
Chi phí: 4.16862e+06
0 11 25 80 93 2 3 5 12 16 17 27 29 30 34 0 Role: 0
0 44 6 9 66 0 Role: 1
0 10 96 59 94 0 Role: 1
0 22 15 0 Role: 1
0 26 47 35 97 0 Role: 1
0 86 99 84 0 Role: 1
0 4 67 38 0 Role: 1
0 89 14 0 Role: 1

Số khách: 97
Chi phí: 1.51356e+07
0 82 1 5 7 8 11 12 17 27 29 30 31 34 48 50 51 54 65 69 77 85 0 Role: 0
0 53 60 39 100 9 19 23 33 35 37 52 55 64 70 73 78 79 80 81 83 87 93 0 Role: 0
0 40 43 57 61 68 74 88 92 98 0 Role: 0
0 13 0 Role: 1
0 94 28 58 0 Role: 1
0 66 42 38 0 Role: 1
0 22 0 Role: 1
0 41 45 0 Role: 1
0 90 26 0 Role: 1
0 10 0 Role: 1
0 14 89 0 Role: 2
0 97 84 0 Role: 2
0 16 4 0 Role: 2
0 86 25 0 Role: 2
0 3 0 Role: 2
0 62 0 Role: 2
0 6 44 96 0 Role: 3
0 76 0 Role: 3
0 59 20 0 Role: 4
0 15 95 91 0 Role: 4
0 71 0 Role: 4
0 24 18 0 Role: 5
0 67 0 Role: 5
0 47 21 32 0 Role: 5
0 56 0 Role: 5
0 63 2 99 36 0 Role: 5
0 49 0 Role: 5

Số khách: 26
Chi phí: 3.90034e+06
0 11 80 2 3 5 12 16 17 27 29 30 34 54 0 Role: 0
0 20 71 48 21 0 Role: 1
0 4 9 10 38 0 Role: 2
0 14 18 32 63 84 0 Role: 2

Số khách: 66
Chi phí: 7.09809e+06
0 1 7 43 31 5 9 11 12 17 27 29 30 34 50 51 54 0 Role: 0
0 24 18 0 Role: 1
0 67 0 Role: 1
0 47 21 32 0 Role: 1
0 56 46 0 Role: 1
0 63 2 99 36 0 Role: 1
0 49 48 0 Role: 1
0 14 65 89 0 Role: 2
0 97 84 0 Role: 2
0 16 4 0 Role: 2
0 86 25 0 Role: 2
0 3 0 Role: 2
0 62 0 Role: 2
0 13 15 20 0 Role: 3
0 94 28 58 0 Role: 3
0 66 42 38 0 Role: 3
0 22 0 Role: 3
0 41 45 0 Role: 3
0 90 26 0 Role: 3
0 10 35 80 0 Role: 3
0 59 71 0 Role: 4
0 91 95 0 Role: 4
0 6 44 96 0 Role: 5
0 76 0 Role: 5

Số khách: 60
Chi phí: 6.35543e+06
0 1 7 43 31 5 9 12 17 27 29 30 34 50 51 54 0 Role: 0
0 59 20 0 Role: 1
0 15 95 91 0 Role: 1
0 71 65 0 Role: 1
0 14 89 46 0 Role: 2
0 97 84 32 48 63 0 Role: 2
0 16 4 21 0 Role: 2
0 86 25 99 0 Role: 2
0 3 36 0 Role: 2
0 62 0 Role: 2
0 13 6 44 0 Role: 3
0 94 28 58 0 Role: 3
0 66 42 38 0 Role: 3
0 22 0 Role: 3
0 41 45 0 Role: 3
0 90 26 0 Role: 3
0 10 35 80 0 Role: 3
0 2 49 0 Role: 4
0 47 0 Role: 4
0 56 0 Role: 4

Số khách: 21
Chi phí: 3.77963e+06
0 83 87 25 48 51 62 65 69 77 85 86 3 12 29 17 49 0 Role: 0
0 4 10 21 32 63 0 Role: 1

Số khách: 54
Chi phí: 5.63561e+06
0 1 7 43 31 5 9 11 12 17 27 29 30 34 50 51 54 86 0 Role: 0
0 24 18 84 0 Role: 1
0 4 16 97 0 Role: 1
0 47 21 32 0 Role: 1
0 56 65 0 Role: 1
0 63 2 99 36 0 Role: 1
0 49 48 0 Role: 1
0 13 15 20 96 0 Role: 2
0 94 28 58 0 Role: 2
0 66 42 38 0 Role: 2
0 22 0 Role: 2
0 41 45 46 0 Role: 2
0 90 26 14 0 Role: 2
0 10 35 80 0 Role: 2

Số khách: 86
Chi phí: 1.27897e+07
0 1 5 7 8 9 11 12 17 27 29 30 31 34 50 51 54 65 69 73 77 83 85 0 Role: 0
0 19 23 33 37 52 55 64 70 78 79 81 87 0 Role: 0
0 39 40 43 0 Role: 0
0 59 20 0 Role: 1
0 15 95 91 0 Role: 1
0 71 0 Role: 1
0 14 89 0 Role: 2
0 97 84 0 Role: 2
0 16 4 0 Role: 2
0 86 25 0 Role: 2
0 3 0 Role: 2
0 62 0 Role: 2
0 13 0 Role: 3
0 94 28 58 0 Role: 3
0 66 42 38 0 Role: 3
0 22 0 Role: 3
0 41 45 0 Role: 3
0 90 26 0 Role: 3
0 10 35 80 0 Role: 3
0 24 18 0 Role: 4
0 67 0 Role: 4
0 47 21 32 0 Role: 4
0 56 46 0 Role: 4
0 63 2 99 36 0 Role: 4
0 49 48 0 Role: 4
0 6 44 96 0 Role: 5
0 76 0 Role: 5

Số khách: 63
Chi phí: 6.61684e+06
0 1 7 43 31 5 9 11 12 17 27 29 30 34 50 51 54 0 Role: 0
0 13 15 20 96 0 Role: 1
0 94 28 58 0 Role: 1
0 66 42 38 0 Role: 1
0 22 0 Role: 1
0 41 45 0 Role: 1
0 90 26 0 Role: 1
0 10 35 80 0 Role: 1
0 14 65 89 0 Role: 2
0 97 84 0 Role: 2
0 16 4 0 Role: 2
0 86 25 0 Role: 2
0 3 0 Role: 2
0 62 0 Role: 2
0 59 71 0 Role: 3
0 91 95 0 Role: 3
0 24 18 0 Role: 4
0 67 0 Role: 4
0 47 21 32 0 Role: 4
0 56 46 0 Role: 4
0 63 2 99 36 0 Role: 4
0 49 48 0 Role: 4

Số khách: 64
Chi phí: 7.03561e+06
0 1 7 43 31 5 9 11 12 17 27 29 30 34 50 51 54 0 Role: 0
0 24 18 0 Role: 1
0 67 0 Role: 1
0 47 21 32 0 Role: 1
0 56 46 0 Role: 1
0 63 2 99 36 0 Role: 1
0 49 48 0 Role: 1
0 59 95 0 Role: 2
0 71 0 Role: 2
0 13 15 20 0 Role: 3
0 94 28 58 0 Role: 3
0 66 42 38 0 Role: 3
0 22 0 Role: 3
0 41 45 0 Role: 3
0 90 26 0 Role: 3
0 10 35 80 0 Role: 3
0 14 65 0 Role: 4
0 97 84 0 Role: 4
0 16 4 0 Role: 4
0 86 25 0 Role: 4
0 3 0 Role: 4
0 62 0 Role: 4
0 6 44 96 0 Role: 5
0 76 0 Role: 5

Số khách: 43
Chi phí: 4.89263e+06
0 11 25 80 93 2 3 5 12 16 17 27 29 30 34 54 0 Role: 0
0 13 18 21 32 48 63 0 Role: 1
0 44 6 66 9 0 Role: 2
0 10 96 59 94 0 Role: 2
0 22 15 0 Role: 2
0 26 47 35 97 0 Role: 2
0 86 99 84 0 Role: 2
0 4 67 38 0 Role: 2
0 89 14 0 Role: 2

Số khách: 37
Chi phí: 4.31191e+06
0 11 25 80 93 2 3 5 12 16 17 27 29 30 34 49 0 Role: 0
0 44 6 9 66 0 Role: 1
0 10 96 59 94 0 Role: 1
0 22 15 0 Role: 1
0 26 47 35 97 0 Role: 1
0 86 99 84 0 Role: 1
0 4 67 38 0 Role: 1
0 89 14 0 Role: 1

Số khách: 50
Chi phí: 5.21457e+06
0 11 80 93 2 3 5 12 16 17 27 29 30 34 54 0 Role: 0
0 20 71 48 21 0 Role: 1
0 44 6 9 66 0 Role: 2
0 10 96 59 94 0 Role: 2
0 22 15 0 Role: 2
0 26 47 35 97 0 Role: 2
0 86 99 84 0 Role: 2
0 4 67 38 0 Role: 2
0 89 14 0 Role: 2
0 13 18 0 Role: 3
0 24 36 0 Role: 3
0 32 0 Role: 3
0 46 56 65 0 Role: 3
0 49 63 0 Role: 3

Số khách: 46
Chi phí: 5.18512e+06
0 93 79 5 11 12 17 27 30 34 50 54 77 85 29 86 0 Role: 0
0 96 38 46 84 0 Role: 1
0 26 35 47 10 0 Role: 1
0 36 3 0 Role: 1
0 89 9 0 Role: 1
0 65 48 0 Role: 1
0 62 21 0 Role: 1
0 49 2 32 63 0 Role: 1
0 4 14 16 66 0 Role: 2
0 18 24 99 0 Role: 2
0 22 25 0 Role: 2
0 41 80 0 Role: 2

Số khách: 53
Chi phí: 5.28714e+06
0 33 24 98 0 Role: 0
0 13 0 Role: 1
0 99 25 9 21 0 Role: 1
0 46 0 Role: 1
0 16 80 0 Role: 1
0 56 65 0 Role: 1
0 47 32 84 0 Role: 2
0 49 0 Role: 2
0 86 36 0 Role: 2
0 2 0 Role: 2
0 63 0 Role: 2
0 62 97 0 Role: 2
0 14 48 0 Role: 2
0 3 0 Role: 2
0 42 66 96 38 0 Role: 3
0 18 4 0 Role: 3
0 76 15 0 Role: 4
0 94 10 26 35 0 Role: 4
0 20 0 Role: 5
0 6 41 44 0 Role: 5
0 71 0 Role: 5
0 90 0 Role: 5
0 91 89 0 Role: 5
0 28 58 59 0 Role: 6
0 95 45 0 Role: 6
0 67 0 Role: 6
0 22 0 Role: 6

Số khách: 38
Chi phí: 4.72301e+06
0 83 87 25 48 51 62 65 69 77 85 86 3 12 29 17 49 0 Role: 0
0 59 20 42 0 Role: 1
0 15 95 66 0 Role: 1
0 71 9 4 14 38 0 Role: 1
0 2 84 0 Role: 2
0 16 21 0 Role: 2
0 32 36 63 0 Role: 2
0 46 0 Role: 2
0 56 0 Role: 2
0 80 97 0 Role: 2

Số khách: 45
Chi phí: 5.15676e+06
0 93 79 5 11 12 17 27 30 34 50 54 77 85 29 86 0 Role: 0
0 4 14 16 66 0 Role: 1
0 18 24 99 0 Role: 1
0 22 25 0 Role: 1
0 41 80 0 Role: 1
0 96 38 46 84 0 Role: 2
0 26 35 47 10 0 Role: 2
0 36 0 Role: 2
0 89 9 0 Role: 2
0 65 48 0 Role: 2
0 62 21 0 Role: 2
0 49 2 32 63 0 Role: 2

Số khách: 61
Chi phí: 6.52142e+06
0 1 7 43 31 5 9 11 12 17 27 29 30 34 50 51 54 0 Role: 0
0 14 65 89 0 Role: 1
0 97 84 0 Role: 1
0 16 4 0 Role: 1
0 86 25 0 Role: 1
0 3 36 0 Role: 1
0 62 0 Role: 1
0 24 18 0 Role: 2
0 67 0 Role: 2
0 47 21 32 0 Role: 2
0 56 46 0 Role: 2
0 63 2 99 0 Role: 2
0 49 48 0 Role: 2
0 13 15 20 96 0 Role: 3
0 94 28 58 0 Role: 3
0 66 42 38 0 Role: 3
0 22 0 Role: 3
0 41 45 0 Role: 3
0 90 26 0 Role: 3
0 10 35 80 0 Role: 3
0 6 44 0 Role: 4

Số khách: 28
Chi phí: 3.97867e+06
0 83 87 25 48 51 62 65 69 77 85 86 3 12 29 17 49 0 Role: 0
0 59 20 42 0 Role: 1
0 15 95 91 66 0 Role: 1
0 71 9 4 14 38 0 Role: 1

Số khách: 19
Chi phí: 3.77477e+06
0 83 87 25 48 51 62 65 69 77 85 86 3 12 29 17 49 0 Role: 0
0 2 14 9 0 Role: 1

Số khách: 51
Chi phí: 5.25773e+06
0 11 80 93 2 3 5 12 16 17 27 29 30 34 54 0 Role: 0
0 13 18 95 0 Role: 1
0 24 36 0 Role: 1
0 32 0 Role: 1
0 46 56 65 0 Role: 1
0 49 63 0 Role: 1
0 20 71 48 21 0 Role: 2
0 44 6 9 66 0 Role: 3
0 10 96 59 94 0 Role: 3
0 22 15 0 Role: 3
0 26 47 35 97 0 Role: 3
0 86 99 84 0 Role: 3
0 4 67 38 0 Role: 3
0 89 14 0 Role: 3

Số khách: 41
Chi phí: 4.88745e+06
0 11 25 80 93 2 3 5 12 16 17 27 29 30 34 54 0 Role: 0
0 20 71 48 21 0 Role: 1
0 44 6 9 66 0 Role: 2
0 10 96 59 94 0 Role: 2
0 22 15 0 Role: 2
0 26 47 35 97 0 Role: 2
0 86 99 84 0 Role: 2
0 4 67 38 0 Role: 2
0 89 14 0 Role: 2

Số khách: 39
Chi phí: 4.84745e+06
0 11 25 80 93 2 3 5 12 16 17 27 29 30 34 54 0 Role: 0
0 44 6 66 9 0 Role: 1
0 10 96 59 94 0 Role: 1
0 22 15 0 Role: 1
0 26 47 35 97 0 Role: 1
0 86 99 84 0 Role: 1
0 4 67 38 0 Role: 1
0 89 14 0 Role: 1
0 13 18 0 Role: 2

Số khách: 18
Chi phí: 3.63404e+06
0 11 80 93 2 3 5 12 16 17 27 29 30 34 54 0 Role: 0
0 20 71 48 21 0 Role: 1

Số khách: 40
Chi phí: 4.88419e+06
0 11 25 80 93 2 3 5 12 16 17 27 29 30 34 54 0 Role: 0
0 20 71 48 21 0 Role: 1
0 44 6 9 0 Role: 2
0 10 96 59 94 0 Role: 2
0 22 15 0 Role: 2
0 26 47 35 97 0 Role: 2
0 86 99 84 0 Role: 2
0 4 67 38 0 Role: 2
0 89 14 0 Role: 2

Số khách: 100
Chi phí: 1.40546e+07
0 53 57 61 12 82 7 88 68 74 19 22 33 43 45 35 52 67 38 23 79 81 80 0 Role: 0
0 13 20 72 76 75 39 60 40 6 92 94 98 31 0 Role: 0
0 59 1 46 100 8 11 83 10 18 84 25 36 65 56 26 47 37 54 62 73 69 93 85 77 51 87 0 Role: 0
0 97 70 64 78 55 3 86 2 63 4 16 29 5 27 30 17 32 21 9 34 50 14 48 49 0 Role: 0
0 96 44 58 42 28 0 Role: 1
0 66 24 99 0 Role: 1
0 41 90 0 Role: 1
0 91 95 0 Role: 2
0 15 71 0 Role: 3
0 89 0 Role: 3

Số khách: 22
Chi phí: 3.17386e+06
0 9 23 19 7 5 31 50 3 2 11 54 16 29 12 30 27 14 17 0 Role: 0
0 67 35 4 38 0 Role: 1

Số khách: 84
Chi phí: 9.92556e+06
0 23 7 39 61 40 57 6 1 43 68 74 17 11 4 27 79 29 5 12 30 51 54 34 50 0 Role: 0
0 33 19 52 8 37 70 64 55 31 78 77 87 81 83 73 69 93 85 0 Role: 0
0 91 65 0 Role: 1
0 94 10 38 0 Role: 1
0 56 0 Role: 1
0 99 86 25 0 Role: 1
0 48 2 0 Role: 1
0 47 16 0 Role: 1
0 62 80 0 Role: 1
0 14 97 32 0 Role: 1
0 41 44 0 Role: 2
0 24 0 Role: 2
0 67 26 0 Role: 2
0 76 15 0 Role: 3
0 49 58 71 0 Role: 3
0 18 36 63 0 Role: 3
0 3 84 0 Role: 3
0 9 35 0 Role: 3
0 46 21 0 Role: 3
0 13 20 28 42 66 0 Role: 4

Số khách: 80
Chi phí: 8.45633e+06
0 13 17 11 79 29 5 12 30 27 34 50 69 85 77 87 51 54 83 73 93 65 0 Role: 0
0 1 53 57 61 82 7 88 68 74 8 81 24 22 23 31 78 64 0 Role: 0
0 91 95 0 Role: 1
0 94 10 4 38 0 Role: 1
0 56 0 Role: 1
0 99 86 25 0 Role: 1
0 48 2 80 0 Role: 1
0 47 16 0 Role: 1
0 62 0 Role: 1
0 14 97 32 0 Role: 1
0 76 15 0 Role: 2
0 49 58 42 66 0 Role: 2
0 18 36 63 0 Role: 2
0 3 84 0 Role: 2
0 67 35 26 9 0 Role: 2
0 46 21 0 Role: 2
0 6 41 44 0 Role: 3
0 20 28 71 0 Role: 3

Số khách: 91
Chi phí: 1.2545e+07
0 59 1 46 100 8 11 83 10 18 84 25 36 65 56 26 47 37 54 62 73 69 93 12 85 77 51 87 0 Role: 0
0 97 70 64 78 55 3 86 2 63 4 16 29 5 27 30 17 32 21 9 34 50 14 48 49 0 Role: 0
0 53 57 61 82 7 19 88 68 74 22 33 43 23 45 38 67 52 35 79 31 81 80 0 Role: 0
0 6 13 0 Role: 0
0 96 44 58 42 28 0 Role: 1
0 66 24 99 0 Role: 1
0 41 90 0 Role: 1
0 91 95 0 Role: 2
0 15 71 94 0 Role: 3
0 89 0 Role: 3

Số khách: 87
Chi phí: 1.08627e+07
0 59 1 46 100 8 11 83 10 18 84 25 36 65 56 26 47 37 54 62 73 69 93 12 85 77 51 87 0 Role: 0
0 97 70 64 78 55 3 86 2 63 4 16 29 5 27 30 17 32 21 9 34 50 14 48 49 0 Role: 0
0 53 57 61 82 7 19 88 68 74 22 33 43 23 45 38 67 52 35 79 31 81 80 0 Role: 0
0 96 44 58 42 28 0 Role: 1
0 66 24 99 0 Role: 1
0 41 90 0 Role: 1
0 94 15 71 0 Role: 2
0 89 0 Role: 2

Số khách: 89
Chi phí: 1.16458e+07
0 59 42 28 18 24 41 90 8 10 25 73 84 83 26 47 37 87 93 99 0 Role: 0
0 53 57 61 82 7 19 88 68 74 22 33 43 23 45 38 67 52 35 79 12 31 56 46 36 80 81 11 54 51 62 77 85 69 65 0 Role: 0
0 97 70 64 78 55 3 86 2 63 4 16 29 5 27 30 17 32 21 9 34 50 14 48 49 0 Role: 0
0 66 91 95 15 0 Role: 1
0 6 13 58 0 Role: 2
0 76 0 Role: 2
0 20 44 0 Role: 3
0 71 94 0 Role: 3

Số khách: 28
Chi phí: 3.75034e+06
0 9 23 19 7 5 31 50 3 2 11 16 29 12 30 34 46 14 32 17 49 86 0 Role: 0
0 35 4 38 21 0 Role: 1
0 6 10 80 0 Role: 2

Số khách: 94
Chi phí: 1.35479e+07
0 13 20 72 76 75 39 60 40 6 92 81 94 98 31 80 12 2 3 5 9 14 16 17 27 29 30 86 0 Role: 0
0 53 57 61 82 7 19 88 68 74 22 33 43 23 45 38 67 52 35 79 4 21 32 34 48 49 50 0 Role: 0
0 59 1 46 100 8 11 83 10 18 84 25 36 65 56 26 47 37 54 62 73 69 93 85 77 51 87 0 Role: 0
0 15 71 63 0 Role: 1
0 89 0 Role: 1
0 24 99 0 Role: 2
0 41 90 0 Role: 2
0 91 95 0 Role: 2
0 97 0 Role: 2
0 28 42 0 Role: 3
0 66 96 0 Role: 3

Số khách: 71
Chi phí: 6.88032e+06
0 23 7 39 61 40 57 6 1 43 68 74 17 11 4 27 79 29 5 12 30 85 77 51 54 83 73 34 50 69 0 Role: 0
0 13 20 28 42 66 0 Role: 1
0 41 44 0 Role: 2
0 24 0 Role: 2
0 67 26 0 Role: 2
0 91 65 0 Role: 3
0 94 10 38 0 Role: 3
0 56 0 Role: 3
0 99 86 25 0 Role: 3
0 48 2 0 Role: 3
0 47 16 0 Role: 3
0 62 80 0 Role: 3
0 14 97 32 0 Role: 3
0 76 15 0 Role: 4
0 49 58 71 0 Role: 4
0 18 36 63 0 Role: 4
0 3 84 0 Role: 4
0 9 35 0 Role: 4
0 46 21 0 Role: 4

Số khách: 72
Chi phí: 7.94332e+06
0 13 17 11 79 29 5 12 30 27 34 50 69 85 77 87 51 54 83 73 93 0 Role: 0
0 1 7 8 0 Role: 0
0 76 15 0 Role: 1
0 49 58 42 71 0 Role: 1
0 18 36 63 0 Role: 1
0 3 84 0 Role: 1
0 47 35 26 9 0 Role: 1
0 46 21 0 Role: 1
0 96 20 0 Role: 2
0 44 6 0 Role: 2
0 91 65 0 Role: 3
0 94 38 0 Role: 3
0 56 0 Role: 3
0 99 86 25 0 Role: 3
0 48 2 0 Role: 3
0 16 0 Role: 3
0 62 80 0 Role: 3
0 14 97 32 0 Role: 3
0 59 4 90 41 66 0 Role: 4
0 24 0 Role: 4
0 10 67 0 Role: 4
0 22 0 Role: 5
0 28 0 Role: 5
0 45 89 0 Role: 5

Số khách: 48
Chi phí: 4.45406e+06
0 13 17 11 79 29 5 12 30 27 34 50 69 85 77 87 51 54 83 73 93 46 65 49 86 3 0 Role: 0
0 15 95 91 0 Role: 1
0 94 10 4 9 38 84 0 Role: 1
0 56 0 Role: 1
0 99 25 63 0 Role: 1
0 48 2 21 80 0 Role: 1
0 47 16 0 Role: 1
0 62 0 Role: 1
0 14 97 32 0 Role: 1

Số khách: 69
Chi phí: 6.62451e+06
0 13 17 11 79 29 5 12 30 27 34 50 69 85 77 87 51 54 83 73 0 Role: 0
0 96 59 4 66 0 Role: 1
0 47 0 Role: 1
0 22 0 Role: 1
0 45 95 0 Role: 1
0 10 35 26 0 Role: 1
0 89 0 Role: 1
0 20 0 Role: 2
0 6 44 0 Role: 2
0 76 15 0 Role: 3
0 49 58 42 71 0 Role: 3
0 18 36 63 0 Role: 3
0 3 84 0 Role: 3
0 9 0 Role: 3
0 46 21 0 Role: 3
0 41 90 0 Role: 4
0 24 0 Role: 4
0 67 0 Role: 4
0 91 65 0 Role: 5
0 94 38 0 Role: 5
0 56 0 Role: 5
0 99 86 25 0 Role: 5
0 48 2 0 Role: 5
0 16 0 Role: 5
0 62 80 0 Role: 5
0 14 97 32 0 Role: 5
0 28 0 Role: 6

Số khách: 55
Chi phí: 4.56631e+06
0 13 17 11 79 29 5 12 30 27 34 50 69 85 77 87 51 54 83 73 0 Role: 0
0 91 65 0 Role: 1
0 94 10 4 38 0 Role: 1
0 56 0 Role: 1
0 99 86 25 0 Role: 1
0 48 2 80 0 Role: 1
0 47 16 0 Role: 1
0 62 0 Role: 1
0 14 97 32 0 Role: 1
0 76 15 0 Role: 2
0 49 58 42 66 0 Role: 2
0 18 36 63 0 Role: 2
0 3 84 0 Role: 2
0 67 35 26 9 0 Role: 2
0 46 21 0 Role: 2

Số khách: 24
Chi phí: 3.27452e+06
0 9 23 19 7 5 31 50 3 2 11 16 29 12 30 46 14 32 49 17 86 0 Role: 0
0 35 4 38 21 0 Role: 1

Số khách: 67
Chi phí: 5.89719e+06
0 13 17 11 79 29 5 12 30 27 34 50 69 85 77 87 51 54 83 73 93 0 Role: 0
0 59 4 90 41 66 0 Role: 1
0 24 0 Role: 1
0 10 67 0 Role: 1
0 91 65 0 Role: 2
0 94 38 0 Role: 2
0 56 0 Role: 2
0 99 86 25 0 Role: 2
0 48 2 0 Role: 2
0 16 0 Role: 2
0 62 80 0 Role: 2
0 14 97 32 0 Role: 2
0 76 15 0 Role: 3
0 49 58 42 71 0 Role: 3
0 18 36 63 0 Role: 3
0 3 84 0 Role: 3
0 47 35 26 9 0 Role: 3
0 46 21 0 Role: 3
0 6 44 0 Role: 4
0 20 28 96 0 Role: 4
0 22 0 Role: 4

Số khách: 34
Chi phí: 3.82033e+06
0 71 8 27 7 30 34 31 5 29 48 17 11 54 51 77 85 12 69 50 86 0 Role: 0
0 63 32 2 84 0 Role: 1
0 99 3 36 0 Role: 1
0 47 14 80 21 0 Role: 1
0 9 62 0 Role: 1
0 65 0 Role: 1

Số khách: 36
Chi phí: 3.99341e+06
0 71 8 27 7 30 34 31 5 29 48 2 3 50 69 12 85 77 51 54 14 32 17 49 86 46 65 0 Role: 0
0 20 28 15 66 0 Role: 1
0 9 4 38 84 63 21 0 Role: 1

Số khách: 41
Chi phí: 4.14078e+06
0 13 17 11 79 29 5 12 30 27 34 50 69 85 77 87 51 54 83 73 93 86 2 32 14 0 Role: 0
0 76 15 0 Role: 1
0 49 58 42 71 0 Role: 1
0 18 36 63 0 Role: 1
0 3 84 0 Role: 1
0 47 35 26 38 0 Role: 1
0 46 21 0 Role: 1

Số khách: 96
Chi phí: 1.37292e+07
0 53 57 61 82 7 19 88 68 74 22 33 43 23 45 38 67 52 35 79 12 31 56 46 36 80 81 11 54 51 62 77 85 69 65 0 Role: 0
0 1 20 72 75 39 40 8 10 18 24 25 73 84 83 26 47 37 87 93 99 0 Role: 0
0 97 70 64 78 55 3 86 2 63 4 16 29 5 27 30 17 32 21 9 34 50 14 48 49 0 Role: 0
0 59 42 28 41 90 0 Role: 0
0 6 13 58 0 Role: 1
0 76 0 Role: 1
0 15 71 94 0 Role: 2
0 89 0 Role: 2
0 66 91 95 0 Role: 3
0 44 96 0 Role: 4

Số khách: 45
Chi phí: 4.29387e+06
0 13 17 11 79 29 5 12 30 27 34 50 69 85 77 87 51 54 83 73 93 3 46 49 0 Role: 0
0 91 65 0 Role: 1
0 94 10 4 38 9 84 0 Role: 1
0 56 0 Role: 1
0 99 86 25 0 Role: 1
0 48 21 63 0 Role: 1
0 47 16 0 Role: 1
0 62 80 0 Role: 1
0 14 97 32 0 Role: 1

Số khách: 98
Chi phí: 1.39266e+07
0 53 57 61 82 7 19 88 68 74 22 33 43 23 45 38 67 52 35 79 12 31 80 81 0 Role: 0
0 97 70 64 78 55 3 86 2 63 4 16 29 5 27 30 17 32 21 9 34 50 14 48 49 0 Role: 0
0 59 1 46 100 8 11 83 10 18 84 25 36 65 56 26 47 37 54 62 73 69 93 85 77 51 87 0 Role: 0
0 20 39 40 60 72 75 0 Role: 0
0 91 95 0 Role: 1
0 15 71 94 0 Role: 2
0 89 0 Role: 2
0 96 44 58 42 28 0 Role: 3
0 66 24 99 0 Role: 3
0 41 90 0 Role: 3
0 6 13 0 Role: 4
0 76 0 Role: 4

Số khách: 76
Chi phí: 8.37015e+06
0 13 17 11 79 29 5 12 30 27 34 50 69 85 77 87 51 54 83 73 93 3 0 Role: 0
0 1 53 57 61 82 7 88 68 74 8 81 24 22 23 31 78 64 0 Role: 0
0 76 15 0 Role: 1
0 49 58 42 66 0 Role: 1
0 18 36 63 0 Role: 1
0 84 0 Role: 1
0 67 35 26 9 0 Role: 1
0 46 21 0 Role: 1
0 6 41 44 0 Role: 2
0 91 65 0 Role: 3
0 94 10 4 38 0 Role: 3
0 56 0 Role: 3
0 99 86 25 0 Role: 3
0 48 2 80 0 Role: 3
0 47 16 0 Role: 3
0 62 0 Role: 3
0 14 97 32 0 Role: 3

Số khách: 74
Chi phí: 8.15248e+06
0 13 17 11 79 29 5 12 30 27 34 50 69 85 77 87 51 54 83 73 93 86 65 0 Role: 0
0 1 7 8 22 23 24 31 0 Role: 0
0 91 95 0 Role: 1
0 94 10 4 38 0 Role: 1
0 56 0 Role: 1
0 99 25 0 Role: 1
0 48 2 80 0 Role: 1
0 47 16 0 Role: 1
0 62 0 Role: 1
0 14 97 32 0 Role: 1
0 76 15 0 Role: 2
0 49 58 42 66 0 Role: 2
0 18 36 63 0 Role: 2
0 3 84 0 Role: 2
0 67 35 26 9 0 Role: 2
0 46 21 0 Role: 2
0 6 41 44 0 Role: 3
0 20 28 71 0 Role: 3
0 45 89 0 Role: 3
0 59 90 0 Role: 4

Số khách: 62
Chi phí: 5.3239e+06
0 13 17 11 79 29 5 12 30 27 34 50 69 85 77 87 51 54 83 73 93 65 0 Role: 0
0 76 15 0 Role: 1
0 49 58 42 66 0 Role: 1
0 18 36 63 0 Role: 1
0 3 84 0 Role: 1
0 67 35 26 9 0 Role: 1
0 46 21 0 Role: 1
0 91 0 Role: 2
0 94 10 4 38 0 Role: 2
0 56 0 Role: 2
0 99 86 25 0 Role: 2
0 48 2 80 0 Role: 2
0 47 16 0 Role: 2
0 62 0 Role: 2
0 14 97 32 0 Role: 2
0 6 41 44 0 Role: 3
0 20 28 71 0 Role: 3

Số khách: 63
Chi phí: 5.73056e+06
0 13 17 11 79 29 5 12 30 27 34 50 69 85 77 87 51 54 83 73 93 0 Role: 0
0 59 4 90 41 0 Role: 1
0 24 0 Role: 1
0 10 67 0 Role: 1
0 76 15 0 Role: 2
0 49 58 42 71 0 Role: 2
0 18 36 63 0 Role: 2
0 3 84 0 Role: 2
0 47 35 26 9 0 Role: 2
0 46 21 0 Role: 2
0 91 65 0 Role: 3
0 94 38 0 Role: 3
0 56 0 Role: 3
0 99 86 25 0 Role: 3
0 48 2 0 Role: 3
0 16 0 Role: 3
0 62 80 0 Role: 3
0 14 97 32 0 Role: 3
0 96 0 Role: 4
0 6 44 0 Role: 4

Số khách: 56
Chi phí: 4.8234e+06
0 13 17 11 79 29 5 12 30 27 34 50 69 85 77 87 51 54 83 73 93 65 0 Role: 0
0 76 15 0 Role: 1
0 49 58 42 66 0 Role: 1
0 18 36 63 0 Role: 1
0 3 84 0 Role: 1
0 67 35 26 9 0 Role: 1
0 46 21 0 Role: 1
0 91 95 0 Role: 2
0 94 10 4 38 0 Role: 2
0 56 0 Role: 2
0 99 25 0 Role: 2
0 48 2 80 0 Role: 2
0 47 16 0 Role: 2
0 62 0 Role: 2
0 14 97 32 0 Role: 2

Số khách: 57
Chi phí: 4.9388e+06
0 13 17 11 79 29 5 12 30 27 34 50 69 85 77 87 51 54 83 73 0 Role: 0
0 91 65 0 Role: 1
0 94 10 4 38 0 Role: 1
0 56 0 Role: 1
0 25 86 0 Role: 1
0 48 2 0 Role: 1
0 47 16 0 Role: 1
0 62 80 0 Role: 1
0 14 97 32 0 Role: 1
0 76 15 0 Role: 2
0 49 58 42 66 0 Role: 2
0 18 36 63 0 Role: 2
0 3 84 0 Role: 2
0 67 35 26 9 0 Role: 2
0 46 21 0 Role: 2
0 6 41 44 0 Role: 3

Số khách: 65
Chi phí: 5.80084e+06
0 13 17 11 79 29 5 12 30 27 34 50 69 85 77 87 51 54 83 73 93 0 Role: 0
0 91 65 0 Role: 1
0 94 38 0 Role: 1
0 56 0 Role: 1
0 99 86 25 0 Role: 1
0 48 2 0 Role: 1
0 16 0 Role: 1
0 62 80 0 Role: 1
0 14 97 32 0 Role: 1
0 59 4 90 41 66 0 Role: 2
0 24 0 Role: 2
0 10 67 0 Role: 2
0 96 20 0 Role: 3
0 6 44 0 Role: 3
0 76 15 0 Role: 4
0 49 58 42 71 0 Role: 4
0 18 36 63 0 Role: 4
0 3 84 0 Role: 4
0 47 35 26 9 0 Role: 4
0 46 21 0 Role: 4

Số khách: 43
Chi phí: 4.24087e+06
0 13 17 11 79 29 5 12 30 27 34 50 69 85 77 87 51 54 83 73 93 86 2 32 14 65 0 Role: 0
0 76 15 0 Role: 1
0 49 58 42 66 38 0 Role: 1
0 18 36 63 0 Role: 1
0 3 84 0 Role: 1
0 67 35 26 9 0 Role: 1
0 46 21 0 Role: 1

Số khách: 58
Chi phí: 5.12139e+06
0 13 17 11 79 29 5 12 30 27 34 50 69 85 77 87 51 54 83 73 93 14 0 Role: 0
0 91 65 0 Role: 1
0 94 10 4 38 0 Role: 1
0 56 0 Role: 1
0 99 86 25 0 Role: 1
0 48 2 0 Role: 1
0 47 16 0 Role: 1
0 62 80 0 Role: 1
0 97 32 0 Role: 1
0 6 41 44 0 Role: 2
0 76 15 0 Role: 3
0 49 58 42 66 0 Role: 3
0 18 36 63 0 Role: 3
0 84 0 Role: 3
0 67 35 26 9 0 Role: 3
0 46 21 0 Role: 3

Số khách: 75
Chi phí: 8.33081e+06
0 13 17 11 79 29 5 12 30 27 34 50 69 85 77 87 51 54 83 73 93 0 Role: 0
0 1 53 57 61 82 7 88 68 74 8 81 24 22 23 31 78 64 0 Role: 0
0 6 41 44 0 Role: 1
0 76 15 0 Role: 2
0 49 58 42 66 0 Role: 2
0 18 36 63 0 Role: 2
0 3 84 0 Role: 2
0 67 35 26 9 0 Role: 2
0 46 21 0 Role: 2
0 91 65 0 Role: 3
0 94 10 4 38 0 Role: 3
0 56 0 Role: 3
0 99 86 25 0 Role: 3
0 48 2 0 Role: 3
0 47 16 0 Role: 3
0 62 80 0 Role: 3
0 97 32 0 Role: 3

Số khách: 35
Chi phí: 3.88217e+06
0 8 27 7 29 5 31 30 34 48 2 3 50 69 12 85 77 51 54 14 32 46 65 86 49 17 0 Role: 0
0 20 28 15 66 0 Role: 1
0 9 4 38 84 63 21 0 Role: 1

Số khách: 61
Chi phí: 5.28292e+06
0 13 17 11 79 29 5 12 30 27 34 50 69 85 77 87 51 54 83 73 93 0 Role: 0
0 96 20 0 Role: 1
0 6 41 59 44 0 Role: 1
0 91 65 0 Role: 2
0 94 10 4 38 0 Role: 2
0 56 0 Role: 2
0 99 86 25 0 Role: 2
0 48 2 0 Role: 2
0 16 0 Role: 2
0 62 80 0 Role: 2
0 14 97 32 0 Role: 2
0 76 15 0 Role: 3
0 49 58 42 71 0 Role: 3
0 18 36 63 0 Role: 3
0 3 84 0 Role: 3
0 47 35 26 9 0 Role: 3
0 46 21 0 Role: 3

Số khách: 42
Chi phí: 4.14539e+06
0 13 17 11 79 29 5 12 30 27 34 50 69 85 77 87 51 54 83 73 93 86 2 32 14 0 Role: 0
0 76 15 0 Role: 1
0 49 58 42 66 38 0 Role: 1
0 18 36 63 0 Role: 1
0 3 84 0 Role: 1
0 67 35 26 9 0 Role: 1
0 46 21 0 Role: 1

Số khách: 59
Chi phí: 5.21073e+06
0 13 17 11 79 29 5 12 30 27 34 50 69 85 77 87 51 54 83 73 93 0 Role: 0
0 6 41 44 0 Role: 1
0 91 65 0 Role: 2
0 94 10 4 38 0 Role: 2
0 56 0 Role: 2
0 99 86 25 0 Role: 2
0 48 2 0 Role: 2
0 47 16 0 Role: 2
0 62 80 0 Role: 2
0 14 97 32 0 Role: 2
0 76 15 0 Role: 3
0 49 58 42 66 0 Role: 3
0 18 36 63 0 Role: 3
0 3 84 0 Role: 3
0 67 35 26 9 0 Role: 3
0 46 21 0 Role: 3

Số khách: 60
Chi phí: 5.21323e+06
0 13 17 11 79 29 5 12 30 27 34 50 69 85 77 87 51 54 83 73 93 0 Role: 0
0 76 15 0 Role: 1
0 49 58 42 71 0 Role: 1
0 18 36 63 0 Role: 1
0 3 84 0 Role: 1
0 47 35 26 9 0 Role: 1
0 46 21 0 Role: 1
0 91 65 0 Role: 2
0 94 10 4 38 0 Role: 2
0 56 0 Role: 2
0 99 86 25 0 Role: 2
0 48 2 0 Role: 2
0 16 0 Role: 2
0 62 80 0 Role: 2
0 14 97 32 0 Role: 2
0 96 0 Role: 3
0 6 41 59 44 0 Role: 3

Số khách: 64
Chi phí: 5.74021e+06
0 13 17 11 79 29 5 12 30 27 34 50 69 85 77 87 51 54 83 73 93 0 Role: 0
0 76 15 0 Role: 1
0 49 58 42 71 0 Role: 1
0 18 36 63 0 Role: 1
0 3 84 0 Role: 1
0 47 35 26 9 0 Role: 1
0 46 21 0 Role: 1
0 59 4 90 41 66 0 Role: 2
0 24 0 Role: 2
0 10 67 0 Role: 2
0 96 20 0 Role: 3
0 44 0 Role: 3
0 91 65 0 Role: 4
0 94 38 0 Role: 4
0 56 0 Role: 4
0 99 86 25 0 Role: 4
0 48 2 0 Role: 4
0 16 0 Role: 4
0 62 80 0 Role: 4
0 14 97 32 0 Role: 4

