Số khách: 136
Chi phí: 1.8421e+07
0 145 45 140 0 Role: 0
0 123 183 0 Role: 0
0 29 38 2 192 0 Role: 0
0 165 175 153 101 111 87 0 Role: 0
0 18 43 148 149 56 92 188 0 Role: 0
0 129 60 189 27 59 0 Role: 0
0 174 10 11 179 24 117 0 Role: 0
0 94 0 Role: 1
0 42 112 93 68 0 Role: 1
0 160 64 97 51 0 Role: 1
0 91 5 0 Role: 1
0 136 171 0 Role: 1
0 65 139 0 Role: 1
0 109 0 Role: 1
0 13 176 34 39 82 0 Role: 1
0 72 88 177 0 Role: 1
0 31 162 9 200 0 Role: 1
0 135 6 143 0 Role: 1
0 19 33 146 0 Role: 1
0 169 128 0 Role: 1
0 116 0 Role: 1
0 195 0 Role: 1
0 122 75 49 170 0 Role: 2
0 99 0 Role: 3
0 7 126 40 77 0 Role: 3
0 102 199 190 118 0 Role: 4
0 159 144 121 0 Role: 5
0 85 193 32 150 0 Role: 5
0 28 3 0 Role: 5
0 104 0 Role: 5
0 83 0 Role: 6
0 90 22 14 62 0 Role: 6
0 25 57 8 0 Role: 6
0 17 0 Role: 6
0 71 58 164 0 Role: 7
0 96 154 114 0 Role: 7
0 84 53 44 0 Role: 7
0 108 16 1 0 Role: 8
0 161 0 Role: 8
0 100 0 Role: 8
0 4 0 Role: 8
0 158 0 Role: 8
0 81 21 0 Role: 9
0 106 23 0 Role: 10
0 41 0 Role: 10
0 70 89 0 Role: 10
0 20 134 76 0 Role: 11
0 152 0 Role: 11
0 67 0 Role: 11
0 180 163 35 0 Role: 12
0 182 0 Role: 12
0 172 0 Role: 12

Số khách: 143
Chi phí: 2.07162e+07
0 167 37 0 Role: 0
0 60 82 0 Role: 0
0 135 0 Role: 0
0 111 197 0 Role: 0
0 84 36 116 109 104 12 0 Role: 0
0 117 194 100 44 28 181 95 171 139 0 Role: 0
0 89 51 57 69 33 24 140 169 98 54 0 Role: 0
0 72 83 173 0 Role: 0
0 94 146 123 177 148 68 0 Role: 1
0 200 0 Role: 1
0 162 176 0 Role: 1
0 93 143 170 97 0 Role: 1
0 40 0 Role: 1
0 19 13 0 Role: 1
0 9 91 6 128 0 Role: 1
0 56 0 Role: 2
0 183 5 64 39 0 Role: 2
0 195 112 3 0 Role: 2
0 189 1 161 87 0 Role: 3
0 158 88 0 Role: 3
0 29 0 Role: 4
0 20 118 0 Role: 4
0 14 0 Role: 4
0 65 62 0 Role: 4
0 90 99 114 199 150 0 Role: 5
0 126 0 Role: 5
0 129 153 160 121 0 Role: 5
0 31 32 188 59 0 Role: 5
0 4 136 0 Role: 5
0 76 34 38 0 Role: 6
0 101 85 0 Role: 6
0 53 0 Role: 6
0 67 0 Role: 6
0 16 144 0 Role: 6
0 41 182 75 0 Role: 7
0 96 17 8 49 0 Role: 7
0 154 77 0 Role: 8
0 2 22 0 Role: 8
0 193 0 Role: 8
0 149 92 0 Role: 8
0 102 25 164 7 0 Role: 9
0 134 0 Role: 9
0 45 81 165 0 Role: 9
0 122 119 190 0 Role: 10
0 35 174 71 0 Role: 10
0 58 159 0 Role: 10
0 42 0 Role: 10
0 152 0 Role: 10
0 21 15 23 0 Role: 11
0 108 172 0 Role: 11
0 145 180 0 Role: 11
0 163 0 Role: 11
0 106 138 0 Role: 12
0 70 0 Role: 12

Số khách: 111
Chi phí: 8.78376e+06
0 182 171 0 Role: 0
0 159 8 199 94 0 Role: 1
0 16 183 75 200 153 67 0 Role: 1
0 117 13 150 0 Role: 1
0 59 57 144 0 Role: 1
0 3 193 188 39 32 0 Role: 2
0 64 0 Role: 2
0 148 169 19 176 177 0 Role: 2
0 33 0 Role: 2
0 195 56 68 0 Role: 2
0 104 0 Role: 3
0 4 111 0 Role: 3
0 99 24 17 146 60 0 Role: 3
0 116 0 Role: 3
0 100 9 83 0 Role: 4
0 138 108 1 6 0 Role: 5
0 28 93 123 0 Role: 6
0 92 0 Role: 6
0 143 0 Role: 6
0 34 88 2 0 Role: 6
0 170 65 0 Role: 6
0 31 0 Role: 6
0 44 162 0 Role: 6
0 128 5 82 91 0 Role: 6
0 97 0 Role: 6
0 77 158 14 0 Role: 7
0 135 118 0 Role: 7
0 139 0 Role: 7
0 72 0 Role: 7
0 45 85 49 0 Role: 8
0 90 51 140 121 0 Role: 8
0 152 89 0 Role: 9
0 112 0 Role: 9
0 109 136 0 Role: 9
0 22 0 Role: 9
0 174 96 0 Role: 9
0 149 0 Role: 9
0 40 0 Role: 9
0 119 180 35 0 Role: 10
0 21 0 Role: 10
0 165 190 0 Role: 10
0 161 62 38 126 0 Role: 10
0 15 114 84 160 0 Role: 11
0 154 0 Role: 11
0 87 0 Role: 11
0 189 53 0 Role: 12
0 101 0 Role: 12
0 25 0 Role: 12

Số khách: 114
Chi phí: 8.49845e+06
0 160 181 0 Role: 0
0 148 0 Role: 1
0 19 183 143 0 Role: 1
0 169 88 146 5 176 39 177 0 Role: 1
0 91 171 33 97 0 Role: 1
0 34 93 128 0 Role: 1
0 75 0 Role: 2
0 44 112 31 150 0 Role: 2
0 14 53 118 32 0 Role: 2
0 188 92 57 82 0 Role: 2
0 162 56 195 123 68 0 Role: 2
0 4 117 139 0 Role: 2
0 200 0 Role: 3
0 81 0 Role: 3
0 170 2 6 3 0 Role: 3
0 174 59 0 Role: 3
0 96 193 0 Role: 3
0 163 94 49 0 Role: 4
0 45 38 0 Role: 5
0 1 65 0 Role: 5
0 89 9 83 0 Role: 5
0 108 0 Role: 6
0 153 40 100 0 Role: 6
0 90 28 0 Role: 6
0 13 24 136 0 Role: 6
0 64 149 109 0 Role: 6
0 104 135 116 0 Role: 6
0 140 0 Role: 6
0 72 0 Role: 6
0 15 0 Role: 7
0 158 114 0 Role: 7
0 144 182 51 121 0 Role: 7
0 71 60 77 0 Role: 7
0 76 101 85 62 0 Role: 8
0 41 126 199 0 Role: 9
0 25 0 Role: 9
0 8 189 87 161 16 0 Role: 10
0 22 0 Role: 10
0 35 129 17 154 0 Role: 11
0 84 0 Role: 12
0 42 29 190 0 Role: 12
0 99 0 Role: 12
0 165 0 Role: 12
0 67 0 Role: 12
0 152 0 Role: 12

Số khách: 103
Chi phí: 9.61985e+06
0 185 0 Role: 0
0 100 0 Role: 0
0 77 104 0 Role: 1
0 162 68 148 0 Role: 1
0 109 149 0 Role: 1
0 72 0 Role: 1
0 4 57 0 Role: 1
0 165 0 Role: 2
0 59 174 146 0 Role: 2
0 169 64 39 31 0 Role: 2
0 19 6 97 0 Role: 2
0 56 91 13 5 177 0 Role: 2
0 24 34 65 88 0 Role: 2
0 143 40 176 0 Role: 2
0 17 159 49 150 0 Role: 3
0 108 121 0 Role: 3
0 71 154 0 Role: 4
0 76 123 0 Role: 5
0 2 0 Role: 5
0 44 195 112 0 Role: 5
0 3 135 0 Role: 5
0 164 83 60 8 190 62 0 Role: 6
0 126 0 Role: 6
0 158 9 32 0 Role: 6
0 188 96 193 33 0 Role: 7
0 82 128 200 140 0 Role: 7
0 28 0 Role: 7
0 117 171 0 Role: 7
0 21 0 Role: 8
0 42 15 14 0 Role: 9
0 139 144 118 0 Role: 9
0 89 0 Role: 10
0 170 0 Role: 10
0 22 93 0 Role: 10
0 16 90 183 0 Role: 10
0 92 0 Role: 10
0 116 0 Role: 10
0 182 38 67 51 0 Role: 11
0 101 0 Role: 11
0 1 45 87 161 0 Role: 11
0 136 0 Role: 11
0 58 153 0 Role: 12
0 134 29 114 0 Role: 12

Số khách: 106
Chi phí: 8.54675e+06
0 6 174 0 Role: 0
0 75 16 0 Role: 1
0 14 83 161 153 0 Role: 1
0 49 189 123 3 183 0 Role: 1
0 93 177 170 140 97 0 Role: 1
0 28 68 0 Role: 2
0 160 62 0 Role: 3
0 65 72 34 176 32 150 0 Role: 4
0 90 31 188 118 143 0 Role: 4
0 64 92 57 0 Role: 4
0 195 5 0 Role: 4
0 112 0 Role: 4
0 13 0 Role: 4
0 148 0 Role: 4
0 128 200 88 82 0 Role: 4
0 122 114 121 182 51 0 Role: 5
0 89 0 Role: 5
0 104 2 77 0 Role: 5
0 171 144 193 59 39 0 Role: 5
0 116 9 0 Role: 5
0 42 119 84 0 Role: 6
0 163 0 Role: 7
0 17 0 Role: 7
0 15 1 135 0 Role: 8
0 136 4 19 0 Role: 8
0 70 190 0 Role: 9
0 24 91 0 Role: 9
0 117 0 Role: 9
0 146 56 162 0 Role: 9
0 58 139 169 60 0 Role: 10
0 100 0 Role: 10
0 96 0 Role: 10
0 149 109 33 0 Role: 10
0 44 0 Role: 10
0 40 0 Role: 10
0 101 38 0 Role: 11
0 126 199 87 0 Role: 11
0 22 0 Role: 11
0 138 53 0 Role: 12
0 159 0 Role: 12
0 111 0 Role: 12
0 99 8 164 94 0 Role: 12
0 71 0 Role: 12

Số khách: 138
Chi phí: 1.46097e+07
0 64 54 0 Role: 0
0 130 19 0 Role: 0
0 114 113 101 198 123 0 Role: 0
0 57 200 11 52 16 51 105 0 Role: 0
0 161 182 121 0 Role: 1
0 169 83 67 128 0 Role: 1
0 14 3 0 Role: 2
0 34 17 111 82 38 0 Role: 2
0 6 0 Role: 2
0 9 0 Role: 2
0 2 148 40 0 Role: 2
0 171 92 177 150 0 Role: 2
0 149 176 0 Role: 2
0 44 39 0 Role: 2
0 162 56 88 31 68 0 Role: 2
0 91 72 0 Role: 2
0 93 97 33 0 Role: 2
0 146 0 Role: 2
0 5 109 143 0 Role: 2
0 159 60 8 94 0 Role: 3
0 59 0 Role: 3
0 118 135 87 62 0 Role: 3
0 77 32 193 0 Role: 3
0 138 0 Role: 4
0 22 53 85 0 Role: 4
0 45 13 199 0 Role: 4
0 165 100 0 Role: 4
0 183 188 65 0 Role: 4
0 117 96 144 0 Role: 4
0 112 116 0 Role: 4
0 139 4 0 Role: 4
0 170 104 0 Role: 4
0 195 0 Role: 4
0 28 0 Role: 4
0 7 172 153 0 Role: 5
0 190 164 71 154 49 0 Role: 5
0 89 0 Role: 5
0 189 0 Role: 5
0 136 140 0 Role: 5
0 24 174 0 Role: 5
0 158 0 Role: 5
0 160 90 0 Role: 6
0 25 0 Role: 6
0 102 126 0 Role: 7
0 81 75 0 Role: 7
0 152 0 Role: 7
0 1 0 Role: 7
0 180 0 Role: 8
0 20 0 Role: 8
0 129 0 Role: 8
0 42 0 Role: 8
0 163 35 21 0 Role: 9
0 58 145 0 Role: 9
0 76 0 Role: 9
0 99 84 0 Role: 9
0 29 134 0 Role: 9
0 41 122 0 Role: 10
0 15 23 0 Role: 10
0 108 0 Role: 10
0 119 70 0 Role: 11
0 106 0 Role: 12

Số khách: 126
Chi phí: 1.32531e+07
0 119 73 150 0 Role: 0
0 41 108 45 0 Role: 0
0 195 91 183 141 0 Role: 0
0 137 29 86 44 185 2 0 Role: 0
0 102 24 17 82 0 Role: 1
0 28 1 68 0 Role: 1
0 193 174 0 Role: 1
0 19 97 177 32 0 Role: 1
0 13 0 Role: 1
0 172 87 6 51 143 0 Role: 2
0 136 5 77 118 176 0 Role: 3
0 149 169 171 0 Role: 3
0 129 0 Role: 4
0 165 123 0 Role: 5
0 34 200 128 0 Role: 5
0 33 92 39 0 Role: 5
0 40 65 148 0 Role: 5
0 109 117 146 0 Role: 5
0 31 9 88 0 Role: 5
0 72 0 Role: 5
0 56 0 Role: 5
0 116 0 Role: 5
0 4 38 94 0 Role: 6
0 49 67 162 62 0 Role: 6
0 152 89 83 0 Role: 6
0 100 0 Role: 6
0 75 53 112 0 Role: 7
0 60 0 Role: 7
0 22 85 0 Role: 7
0 144 0 Role: 7
0 42 14 190 0 Role: 8
0 99 159 164 59 0 Role: 8
0 180 21 111 8 7 0 Role: 9
0 76 90 121 0 Role: 9
0 16 81 3 153 170 0 Role: 9
0 188 64 93 0 Role: 9
0 135 0 Role: 9
0 134 0 Role: 10
0 126 20 0 Role: 10
0 25 0 Role: 11
0 58 96 154 0 Role: 11
0 161 0 Role: 11
0 101 158 0 Role: 11
0 35 182 0 Role: 12
0 84 140 199 114 0 Role: 12
0 189 0 Role: 12
0 57 139 0 Role: 12
0 104 0 Role: 12

Số khách: 129
Chi phí: 1.5093e+07
0 194 115 97 25 127 197 0 Role: 0
0 64 146 135 40 0 Role: 0
0 80 98 140 123 0 Role: 0
0 183 175 131 148 188 0 Role: 0
0 72 101 0 Role: 0
0 28 93 85 49 150 0 Role: 1
0 32 44 68 0 Role: 2
0 6 13 0 Role: 2
0 149 143 0 Role: 2
0 200 112 0 Role: 2
0 116 3 170 0 Role: 2
0 169 91 176 82 0 Role: 2
0 117 19 171 39 0 Role: 2
0 9 2 0 Role: 2
0 77 0 Role: 3
0 59 118 0 Role: 3
0 41 0 Role: 4
0 163 35 0 Role: 4
0 34 109 193 0 Role: 4
0 70 99 7 0 Role: 5
0 153 0 Role: 5
0 165 81 16 128 67 0 Role: 5
0 104 14 31 83 177 0 Role: 5
0 51 139 33 0 Role: 5
0 4 5 0 Role: 5
0 57 92 0 Role: 5
0 65 195 162 0 Role: 5
0 56 88 0 Role: 5
0 71 29 121 0 Role: 6
0 96 129 60 199 94 0 Role: 6
0 174 111 190 8 0 Role: 6
0 42 38 0 Role: 6
0 75 126 154 0 Role: 6
0 84 144 62 160 0 Role: 7
0 24 136 0 Role: 7
0 158 0 Role: 7
0 100 90 0 Role: 7
0 23 172 161 87 0 Role: 8
0 119 189 1 0 Role: 9
0 17 0 Role: 9
0 53 0 Role: 9
0 76 15 0 Role: 10
0 58 0 Role: 10
0 138 102 114 0 Role: 11
0 108 45 0 Role: 12
0 152 89 0 Role: 12
0 22 0 Role: 12

Số khách: 138
Chi phí: 2.00119e+07
0 195 12 183 65 43 4 173 0 Role: 0
0 103 136 92 170 143 116 0 Role: 0
0 190 137 33 200 0 Role: 0
0 166 83 0 Role: 0
0 167 44 0 Role: 0
0 58 2 72 97 13 168 118 146 0 Role: 0
0 20 79 64 174 188 53 67 0 Role: 0
0 52 69 102 171 108 0 Role: 0
0 153 193 0 Role: 1
0 154 0 Role: 2
0 16 28 148 68 0 Role: 2
0 88 176 0 Role: 2
0 21 140 84 49 6 62 121 0 Role: 3
0 81 161 32 150 0 Role: 3
0 139 5 177 0 Role: 3
0 128 104 31 39 0 Role: 3
0 57 82 0 Role: 3
0 169 19 109 0 Role: 3
0 135 123 0 Role: 3
0 96 34 0 Role: 3
0 162 9 56 0 Role: 3
0 117 91 0 Role: 3
0 159 59 60 0 Role: 4
0 93 45 51 0 Role: 4
0 89 144 0 Role: 4
0 77 3 0 Role: 4
0 90 100 40 0 Role: 4
0 114 126 8 38 94 75 0 Role: 5
0 160 87 112 14 0 Role: 5
0 22 0 Role: 5
0 25 17 111 0 Role: 6
0 101 85 0 Role: 6
0 42 1 0 Role: 6
0 158 0 Role: 6
0 189 0 Role: 6
0 149 0 Role: 6
0 76 99 7 0 Role: 7
0 119 182 199 0 Role: 8
0 129 24 0 Role: 8
0 164 23 0 Role: 9
0 71 29 0 Role: 9
0 134 0 Role: 10
0 152 0 Role: 10
0 106 180 35 70 0 Role: 11
0 163 145 0 Role: 11
0 41 122 0 Role: 12

Số khách: 126
Chi phí: 1.43954e+07
0 67 16 0 Role: 0
0 10 0 Role: 0
0 123 33 82 54 0 Role: 0
0 140 0 Role: 0
0 182 101 141 0 Role: 0
0 161 135 0 Role: 1
0 188 0 Role: 1
0 119 0 Role: 2
0 2 116 40 148 128 0 Role: 2
0 68 146 117 5 39 0 Role: 2
0 169 24 177 0 Role: 2
0 8 0 Role: 3
0 58 190 114 0 Role: 3
0 150 51 162 0 Role: 4
0 53 88 59 143 0 Role: 4
0 106 28 85 0 Role: 5
0 200 45 6 62 183 153 0 Role: 5
0 136 118 0 Role: 5
0 171 193 32 31 0 Role: 5
0 3 97 176 0 Role: 5
0 109 0 Role: 5
0 65 72 91 34 0 Role: 5
0 102 152 83 0 Role: 6
0 9 56 112 93 0 Role: 6
0 64 92 19 0 Role: 7
0 170 104 0 Role: 7
0 195 13 0 Role: 7
0 44 0 Role: 7
0 96 0 Role: 7
0 57 0 Role: 7
0 172 121 94 0 Role: 8
0 99 60 38 126 0 Role: 8
0 4 49 0 Role: 8
0 89 14 0 Role: 8
0 154 139 144 0 Role: 9
0 174 0 Role: 9
0 87 90 100 0 Role: 9
0 22 0 Role: 9
0 149 0 Role: 9
0 17 41 129 0 Role: 10
0 1 77 0 Role: 10
0 158 0 Role: 10
0 76 111 0 Role: 11
0 15 29 7 21 75 0 Role: 11
0 189 0 Role: 11
0 25 0 Role: 11
0 164 0 Role: 12
0 81 108 160 0 Role: 12
0 42 84 0 Role: 12
0 134 20 0 Role: 12
0 165 0 Role: 12
0 199 71 0 Role: 12
0 159 0 Role: 12

Số khách: 106
Chi phí: 8.29168e+06
0 22 42 161 199 0 Role: 0
0 25 144 68 0 Role: 1
0 84 123 176 65 0 Role: 1
0 169 148 6 3 128 183 0 Role: 1
0 171 33 5 188 39 177 0 Role: 1
0 40 146 0 Role: 1
0 109 57 117 82 0 Role: 1
0 45 0 Role: 2
0 83 0 Role: 2
0 97 0 Role: 3
0 136 0 Role: 3
0 200 77 150 140 0 Role: 3
0 64 0 Role: 3
0 162 31 118 32 0 Role: 3
0 88 145 94 0 Role: 4
0 91 56 0 Role: 4
0 143 0 Role: 4
0 96 139 0 Role: 4
0 170 112 14 0 Role: 5
0 58 154 60 8 0 Role: 6
0 71 4 193 0 Role: 6
0 34 174 24 59 0 Role: 6
0 92 149 19 0 Role: 6
0 93 28 0 Role: 6
0 13 72 0 Role: 6
0 195 0 Role: 6
0 182 121 0 Role: 7
0 67 16 0 Role: 8
0 89 62 0 Role: 9
0 2 51 0 Role: 9
0 9 100 90 0 Role: 9
0 138 190 0 Role: 10
0 35 164 114 49 153 0 Role: 10
0 104 160 85 38 0 Role: 10
0 189 116 135 0 Role: 10
0 44 0 Role: 10
0 99 152 0 Role: 11
0 101 158 0 Role: 11
0 1 53 87 0 Role: 11
0 76 0 Role: 12

Số khách: 131
Chi phí: 1.39883e+07
0 153 0 Role: 0
0 143 86 46 88 59 68 72 135 0 Role: 0
0 40 121 127 197 0 Role: 0
0 179 0 Role: 0
0 19 65 118 177 39 32 0 Role: 1
0 171 91 13 148 6 128 0 Role: 1
0 146 56 0 Role: 1
0 49 134 0 Role: 2
0 53 114 83 188 150 0 Role: 2
0 174 64 33 0 Role: 2
0 31 200 183 0 Role: 2
0 170 82 97 0 Role: 2
0 57 5 176 0 Role: 2
0 140 2 3 0 Role: 2
0 116 0 Role: 2
0 44 123 0 Role: 2
0 9 0 Role: 2
0 195 34 0 Role: 2
0 92 169 0 Role: 2
0 96 154 0 Role: 3
0 108 14 62 0 Role: 3
0 90 28 16 160 0 Role: 3
0 93 1 60 51 0 Role: 3
0 144 77 193 0 Role: 3
0 100 0 Role: 3
0 162 136 0 Role: 3
0 149 109 0 Role: 3
0 112 0 Role: 3
0 104 0 Role: 3
0 117 0 Role: 3
0 152 0 Role: 4
0 101 0 Role: 4
0 189 87 161 0 Role: 4
0 24 0 Role: 4
0 158 0 Role: 4
0 4 0 Role: 4
0 139 0 Role: 4
0 67 45 0 Role: 5
0 89 0 Role: 5
0 22 0 Role: 5
0 172 8 7 94 0 Role: 6
0 199 85 190 29 111 38 0 Role: 6
0 41 126 182 75 0 Role: 7
0 20 159 99 0 Role: 8
0 81 0 Role: 8
0 145 0 Role: 9
0 71 129 25 0 Role: 10
0 42 0 Role: 10
0 17 0 Role: 10
0 165 0 Role: 10
0 164 70 119 23 0 Role: 11
0 102 35 58 0 Role: 11
0 76 0 Role: 11
0 84 0 Role: 11
0 15 21 0 Role: 12

Số khách: 134
Chi phí: 1.72757e+07
0 141 0 Role: 0
0 165 0 Role: 0
0 47 130 78 0 Role: 0
0 104 173 86 0 Role: 0
0 48 94 188 105 184 39 198 89 0 Role: 0
0 51 60 182 185 98 12 92 0 Role: 0
0 14 91 0 Role: 1
0 109 82 19 32 0 Role: 1
0 123 65 176 33 143 0 Role: 1
0 180 0 Role: 2
0 56 177 118 150 0 Role: 3
0 5 0 Role: 3
0 2 146 0 Role: 3
0 135 8 121 49 0 Role: 4
0 136 148 3 0 Role: 4
0 112 0 Role: 4
0 31 0 Role: 4
0 40 9 68 0 Role: 4
0 183 93 128 6 200 0 Role: 4
0 57 0 Role: 4
0 162 34 0 Role: 4
0 108 53 84 0 Role: 5
0 134 83 114 38 0 Role: 5
0 17 13 144 126 0 Role: 5
0 28 0 Role: 5
0 16 64 59 0 Role: 5
0 149 0 Role: 5
0 171 0 Role: 5
0 87 0 Role: 5
0 116 170 140 97 0 Role: 5
0 169 24 0 Role: 5
0 88 0 Role: 5
0 25 129 199 0 Role: 6
0 139 117 96 193 0 Role: 6
0 70 153 0 Role: 7
0 44 190 0 Role: 7
0 164 0 Role: 8
0 20 111 29 77 0 Role: 9
0 158 195 0 Role: 9
0 4 0 Role: 9
0 75 90 161 160 67 0 Role: 10
0 101 0 Role: 10
0 72 0 Role: 10
0 174 62 0 Role: 10
0 22 0 Role: 10
0 100 0 Role: 10
0 122 58 99 0 Role: 11
0 42 45 0 Role: 11
0 154 85 0 Role: 11
0 1 189 0 Role: 11
0 152 0 Role: 11
0 159 7 0 Role: 12
0 145 0 Role: 12
0 76 0 Role: 12
0 81 172 0 Role: 12
0 71 0 Role: 12

Số khách: 129
Chi phí: 9.61965e+06
0 171 36 19 173 0 Role: 0
0 83 44 77 39 150 0 Role: 1
0 5 96 139 146 118 32 0 Role: 1
0 57 68 0 Role: 1
0 33 0 Role: 1
0 162 128 0 Role: 1
0 6 0 Role: 1
0 164 49 8 21 180 7 0 Role: 2
0 84 126 0 Role: 2
0 3 67 87 90 148 177 0 Role: 2
0 123 135 97 0 Role: 2
0 34 13 169 143 0 Role: 2
0 117 0 Role: 2
0 2 0 Role: 2
0 31 91 176 88 0 Role: 2
0 195 56 9 0 Role: 2
0 82 92 0 Role: 2
0 116 200 0 Role: 2
0 199 170 60 0 Role: 3
0 140 59 193 183 51 0 Role: 4
0 16 144 188 0 Role: 4
0 64 0 Role: 4
0 104 161 85 0 Role: 5
0 101 38 0 Role: 5
0 76 160 62 0 Role: 6
0 23 17 0 Role: 6
0 121 149 129 94 0 Role: 6
0 109 25 154 0 Role: 6
0 22 0 Role: 6
0 71 0 Role: 7
0 29 40 153 75 0 Role: 7
0 152 65 0 Role: 7
0 189 28 14 0 Role: 7
0 158 112 0 Role: 7
0 136 0 Role: 7
0 72 0 Role: 7
0 4 0 Role: 7
0 24 174 0 Role: 7
0 45 42 1 0 Role: 8
0 100 93 0 Role: 8
0 89 0 Role: 8
0 190 20 111 0 Role: 9
0 114 182 0 Role: 9
0 134 99 0 Role: 9
0 165 81 53 0 Role: 9
0 159 0 Role: 9
0 102 70 41 0 Role: 10
0 35 58 0 Role: 10
0 172 0 Role: 10
0 108 0 Role: 11
0 145 163 0 Role: 11
0 138 0 Role: 12

Số khách: 119
Chi phí: 1.18679e+07
0 34 18 112 143 130 110 72 97 0 Role: 0
0 120 0 Role: 0
0 197 52 22 0 Role: 0
0 152 65 0 Role: 1
0 159 0 Role: 2
0 49 101 62 0 Role: 2
0 56 39 176 150 0 Role: 2
0 6 104 40 3 0 Role: 2
0 135 170 140 0 Role: 2
0 162 68 128 148 0 Role: 2
0 2 146 0 Role: 2
0 33 0 Role: 2
0 5 0 Role: 3
0 51 32 9 64 0 Role: 3
0 91 169 171 188 82 0 Role: 4
0 183 28 123 0 Role: 4
0 83 14 13 193 59 0 Role: 5
0 160 7 180 199 8 177 0 Role: 6
0 164 19 118 0 Role: 7
0 109 57 117 0 Role: 7
0 24 88 0 Role: 7
0 200 31 116 0 Role: 7
0 44 195 0 Role: 7
0 92 0 Role: 7
0 129 29 99 94 0 Role: 8
0 189 0 Role: 8
0 60 93 153 0 Role: 8
0 53 0 Role: 8
0 84 67 161 1 16 0 Role: 9
0 100 0 Role: 9
0 96 0 Role: 9
0 4 139 144 0 Role: 9
0 136 174 0 Role: 9
0 149 0 Role: 9
0 154 0 Role: 10
0 134 0 Role: 10
0 158 0 Role: 10
0 126 190 85 87 90 0 Role: 10
0 89 77 0 Role: 10
0 165 0 Role: 11
0 35 114 75 121 0 Role: 11
0 71 25 17 0 Role: 12
0 20 111 38 0 Role: 12
0 42 45 0 Role: 12

Số khách: 139
Chi phí: 1.57958e+07
0 199 117 0 Role: 0
0 169 99 0 Role: 0
0 181 175 2 66 0 Role: 0
0 104 96 70 78 168 191 140 110 174 130 0 Role: 0
0 76 63 59 116 128 19 11 0 Role: 0
0 16 93 144 39 32 150 0 Role: 1
0 24 177 0 Role: 1
0 9 0 Role: 1
0 6 91 65 0 Role: 1
0 109 0 Role: 2
0 51 5 126 3 0 Role: 2
0 4 149 25 33 0 Role: 2
0 118 123 13 68 0 Role: 2
0 56 146 82 0 Role: 2
0 148 135 0 Role: 2
0 154 145 21 7 94 49 0 Role: 3
0 164 159 83 114 0 Role: 4
0 40 100 28 31 0 Role: 4
0 72 34 0 Role: 4
0 112 195 158 162 0 Role: 4
0 136 139 0 Role: 4
0 188 143 200 183 0 Role: 4
0 44 88 0 Role: 4
0 97 176 170 0 Role: 4
0 171 57 92 0 Role: 4
0 42 84 62 0 Role: 5
0 75 0 Role: 5
0 60 0 Role: 5
0 165 189 161 0 Role: 5
0 152 0 Role: 5
0 193 90 14 77 0 Role: 5
0 64 0 Role: 5
0 53 81 1 153 67 0 Role: 6
0 87 0 Role: 6
0 22 0 Role: 6
0 89 0 Role: 6
0 85 29 121 38 0 Role: 7
0 101 20 190 0 Role: 7
0 17 0 Role: 7
0 172 8 0 Role: 8
0 160 111 0 Role: 8
0 180 0 Role: 8
0 182 35 129 0 Role: 8
0 45 0 Role: 8
0 102 119 0 Role: 9
0 108 0 Role: 10
0 71 58 0 Role: 10
0 138 23 0 Role: 11
0 163 0 Role: 11
0 41 0 Role: 11
0 134 0 Role: 11
0 15 0 Role: 12

Số khách: 139
Chi phí: 1.65474e+07
0 48 188 27 168 147 143 112 0 Role: 0
0 103 26 199 0 Role: 0
0 190 128 76 97 61 0 Role: 0
0 96 129 89 69 104 50 33 13 19 0 Role: 0
0 119 150 134 1 105 0 Role: 0
0 45 68 160 51 0 Role: 1
0 177 0 Role: 1
0 100 0 Role: 1
0 2 59 39 32 0 Role: 1
0 144 9 3 183 0 Role: 1
0 6 64 0 Role: 1
0 72 5 0 Role: 1
0 117 57 109 0 Role: 1
0 56 65 82 0 Role: 1
0 195 0 Role: 1
0 171 34 148 0 Role: 1
0 8 70 0 Role: 2
0 49 153 182 0 Role: 2
0 71 0 Role: 2
0 170 31 0 Role: 3
0 22 62 121 0 Role: 4
0 169 67 200 0 Role: 4
0 146 83 16 40 0 Role: 4
0 24 118 176 0 Role: 4
0 4 193 0 Role: 4
0 136 93 0 Role: 4
0 174 91 0 Role: 4
0 135 140 0 Role: 4
0 92 139 0 Role: 4
0 126 77 90 14 123 0 Role: 5
0 44 88 0 Role: 5
0 162 0 Role: 5
0 28 0 Role: 5
0 116 0 Role: 5
0 164 23 84 0 Role: 6
0 25 149 38 0 Role: 6
0 99 159 29 85 0 Role: 7
0 154 60 94 0 Role: 7
0 75 111 17 0 Role: 7
0 87 161 0 Role: 7
0 158 0 Role: 7
0 41 180 35 7 0 Role: 8
0 21 0 Role: 8
0 58 114 0 Role: 8
0 145 102 0 Role: 9
0 108 81 0 Role: 9
0 20 53 0 Role: 9
0 152 0 Role: 9
0 101 0 Role: 10
0 189 0 Role: 10
0 15 0 Role: 11
0 165 172 0 Role: 11
0 42 0 Role: 11
0 138 0 Role: 12
0 163 0 Role: 12

Số khách: 134
Chi phí: 1.11985e+07
0 153 110 50 0 Role: 0
0 179 2 73 11 0 Role: 0
0 182 126 19 140 0 Role: 1
0 116 5 0 Role: 1
0 33 57 0 Role: 1
0 31 148 200 6 3 0 Role: 1
0 135 68 176 39 0 Role: 1
0 171 123 177 0 Role: 1
0 162 195 44 56 0 Role: 1
0 92 82 146 59 0 Role: 2
0 109 150 183 0 Role: 2
0 13 112 93 32 0 Role: 2
0 65 188 169 118 0 Role: 2
0 88 0 Role: 2
0 165 0 Role: 3
0 87 97 0 Role: 3
0 128 144 9 77 0 Role: 3
0 139 64 0 Role: 3
0 15 20 199 49 0 Role: 4
0 8 16 62 38 0 Role: 4
0 25 83 190 0 Role: 4
0 90 51 60 143 0 Role: 4
0 53 94 75 121 0 Role: 5
0 174 111 34 0 Role: 5
0 160 189 45 1 40 0 Role: 5
0 159 84 85 0 Role: 6
0 14 89 0 Role: 6
0 158 0 Role: 6
0 96 91 0 Role: 6
0 106 136 4 0 Role: 7
0 28 100 0 Role: 7
0 193 0 Role: 7
0 117 149 0 Role: 7
0 104 0 Role: 7
0 170 0 Role: 7
0 72 0 Role: 7
0 24 0 Role: 7
0 119 0 Role: 8
0 42 0 Role: 8
0 17 0 Role: 8
0 41 58 0 Role: 8
0 22 0 Role: 8
0 161 81 0 Role: 8
0 102 76 7 0 Role: 9
0 71 67 0 Role: 9
0 152 0 Role: 9
0 180 99 0 Role: 10
0 21 129 154 0 Role: 10
0 70 23 0 Role: 11
0 172 29 0 Role: 11
0 145 114 0 Role: 11
0 35 164 0 Role: 11
0 134 101 0 Role: 11
0 138 108 0 Role: 12

Số khách: 130
Chi phí: 1.89623e+07
0 55 193 0 Role: 0
0 175 152 101 198 0 Role: 0
0 4 153 0 Role: 0
0 163 197 155 84 45 150 66 0 Role: 0
0 43 0 Role: 0
0 161 75 156 184 22 0 Role: 0
0 154 0 Role: 0
0 60 21 0 Role: 0
0 24 0 Role: 1
0 59 56 176 177 0 Role: 1
0 64 139 32 143 0 Role: 2
0 136 0 Role: 2
0 174 146 0 Role: 2
0 118 68 0 Role: 2
0 40 34 6 128 0 Role: 2
0 5 200 97 0 Role: 2
0 15 38 13 0 Role: 3
0 111 87 14 62 0 Role: 4
0 183 49 2 16 0 Role: 5
0 117 148 0 Role: 6
0 195 31 0 Role: 6
0 19 33 188 82 39 0 Role: 7
0 57 169 171 0 Role: 7
0 3 9 91 88 0 Role: 7
0 116 140 170 0 Role: 7
0 28 123 0 Role: 7
0 145 121 51 0 Role: 8
0 199 0 Role: 8
0 42 1 0 Role: 9
0 44 0 Role: 9
0 149 25 144 0 Role: 9
0 72 0 Role: 9
0 65 93 77 83 0 Role: 9
0 96 0 Role: 9
0 135 112 0 Role: 9
0 109 92 0 Role: 9
0 104 0 Role: 9
0 162 0 Role: 9
0 164 0 Role: 10
0 108 0 Role: 10
0 89 0 Role: 10
0 90 100 0 Role: 10
0 106 85 0 Role: 11
0 17 129 126 94 0 Role: 11
0 165 160 67 0 Role: 11
0 53 0 Role: 11
0 189 0 Role: 11
0 35 190 114 8 7 0 Role: 12
0 158 76 20 99 0 Role: 12
0 134 29 0 Role: 12
0 71 182 0 Role: 12
0 81 0 Role: 12
0 159 0 Role: 12

Số khách: 130
Chi phí: 1.21258e+07
0 55 0 Role: 0
0 108 123 5 0 Role: 0
0 155 121 89 96 0 Role: 0
0 100 28 90 0 Role: 1
0 22 0 Role: 1
0 3 0 Role: 1
0 68 172 6 128 153 150 0 Role: 2
0 112 193 33 0 Role: 2
0 92 19 97 0 Role: 2
0 183 2 116 148 0 Role: 2
0 91 88 0 Role: 3
0 140 0 Role: 3
0 177 0 Role: 3
0 4 171 188 39 0 Role: 3
0 162 200 0 Role: 3
0 24 65 13 176 0 Role: 3
0 104 0 Role: 3
0 170 31 146 82 0 Role: 3
0 109 57 117 169 0 Role: 3
0 44 195 9 0 Role: 3
0 34 143 0 Role: 3
0 56 0 Role: 3
0 93 60 59 51 0 Role: 4
0 32 144 40 0 Role: 4
0 135 118 0 Role: 4
0 161 67 62 49 0 Role: 5
0 101 77 83 0 Role: 5
0 139 174 136 64 0 Role: 5
0 149 0 Role: 5
0 72 0 Role: 5
0 129 0 Role: 6
0 53 165 1 16 0 Role: 6
0 17 14 0 Role: 6
0 25 0 Role: 6
0 87 0 Role: 6
0 158 0 Role: 6
0 180 70 0 Role: 7
0 76 38 0 Role: 7
0 20 190 160 0 Role: 7
0 119 85 94 8 0 Role: 8
0 81 0 Role: 8
0 189 45 0 Role: 8
0 58 126 199 0 Role: 9
0 75 154 0 Role: 9
0 42 0 Role: 9
0 152 0 Role: 9
0 111 0 Role: 10
0 99 35 145 7 0 Role: 10
0 41 0 Role: 11
0 163 164 21 0 Role: 11
0 182 84 29 114 0 Role: 11
0 138 0 Role: 12
0 23 102 71 0 Role: 12
0 134 0 Role: 12
0 159 0 Role: 12

Số khách: 135
Chi phí: 1.56944e+07
0 44 0 Role: 0
0 27 118 104 147 0 Role: 0
0 191 156 77 32 2 185 96 130 110 0 Role: 0
0 125 50 16 0 Role: 0
0 76 25 61 0 Role: 0
0 170 88 0 Role: 1
0 24 146 0 Role: 2
0 31 0 Role: 2
0 89 83 0 Role: 2
0 149 109 0 Role: 3
0 111 129 91 65 0 Role: 3
0 128 171 82 143 140 0 Role: 3
0 19 34 148 177 0 Role: 3
0 72 5 0 Role: 3
0 93 68 33 97 0 Role: 3
0 57 176 0 Role: 3
0 92 169 39 0 Role: 3
0 28 0 Role: 3
0 38 0 Role: 4
0 14 0 Role: 4
0 13 59 188 0 Role: 4
0 22 123 6 0 Role: 4
0 162 0 Role: 4
0 56 0 Role: 5
0 3 183 40 200 0 Role: 5
0 112 135 116 0 Role: 5
0 90 29 53 85 67 0 Role: 6
0 51 45 60 150 0 Role: 6
0 144 7 153 62 0 Role: 7
0 101 158 20 49 0 Role: 7
0 195 0 Role: 7
0 9 1 87 0 Role: 7
0 100 0 Role: 7
0 117 174 136 0 Role: 7
0 64 4 193 0 Role: 7
0 139 0 Role: 7
0 17 164 126 75 0 Role: 8
0 190 121 94 0 Role: 8
0 152 0 Role: 9
0 161 189 0 Role: 9
0 23 114 8 0 Role: 10
0 160 81 0 Role: 10
0 199 159 99 0 Role: 10
0 134 84 0 Role: 10
0 182 0 Role: 10
0 154 0 Role: 10
0 165 0 Role: 10
0 42 0 Role: 10
0 122 180 58 0 Role: 11
0 108 0 Role: 11
0 102 119 15 21 0 Role: 12
0 71 163 0 Role: 12
0 172 0 Role: 12

Số khách: 138
Chi phí: 1.49865e+07
0 9 162 18 139 148 0 Role: 0
0 48 0 Role: 0
0 163 132 0 Role: 0
0 56 123 78 98 198 0 Role: 0
0 79 84 176 85 52 129 197 0 Role: 0
0 97 38 0 Role: 1
0 128 118 32 5 146 0 Role: 1
0 169 68 177 150 0 Role: 1
0 44 31 6 0 Role: 1
0 170 3 116 200 183 0 Role: 1
0 171 92 19 33 143 0 Role: 1
0 39 72 88 0 Role: 1
0 75 59 34 136 188 0 Role: 2
0 90 64 13 77 0 Role: 2
0 109 149 193 0 Role: 2
0 91 174 65 0 Role: 2
0 135 112 0 Role: 2
0 96 0 Role: 2
0 182 0 Role: 3
0 83 57 49 0 Role: 3
0 41 71 58 17 144 0 Role: 4
0 140 45 190 121 0 Role: 4
0 28 40 0 Role: 5
0 1 53 62 14 0 Role: 5
0 82 117 51 0 Role: 5
0 100 93 16 0 Role: 5
0 158 195 0 Role: 5
0 24 0 Role: 5
0 2 0 Role: 5
0 104 0 Role: 5
0 87 161 0 Role: 6
0 25 8 199 94 0 Role: 7
0 153 0 Role: 7
0 160 111 60 0 Role: 7
0 189 67 0 Role: 7
0 165 172 81 0 Role: 8
0 126 4 154 0 Role: 8
0 89 0 Role: 8
0 22 0 Role: 8
0 114 42 0 Role: 9
0 152 0 Role: 9
0 101 0 Role: 9
0 164 23 0 Role: 10
0 35 180 7 0 Role: 10
0 134 76 99 0 Role: 10
0 20 29 0 Role: 10
0 159 0 Role: 10
0 15 70 102 0 Role: 11
0 138 0 Role: 11
0 145 21 0 Role: 11
0 108 0 Role: 11
0 119 0 Role: 12

Số khách: 120
Chi phí: 1.83478e+07
0 71 105 174 135 65 79 0 Role: 0
0 137 196 114 187 0 Role: 0
0 19 118 56 125 116 0 Role: 0
0 123 0 Role: 0
0 33 0 Role: 0
0 76 35 39 61 141 0 Role: 0
0 28 93 14 0 Role: 0
0 142 169 197 0 Role: 0
0 161 111 0 Role: 1
0 1 0 Role: 1
0 152 13 177 0 Role: 1
0 170 2 3 68 0 Role: 1
0 59 109 0 Role: 1
0 144 5 0 Role: 1
0 40 0 Role: 1
0 92 4 146 0 Role: 1
0 82 91 34 148 6 128 183 0 Role: 1
0 32 24 88 176 0 Role: 1
0 149 0 Role: 2
0 154 29 190 0 Role: 3
0 126 117 0 Role: 4
0 172 143 51 0 Role: 5
0 162 200 0 Role: 5
0 16 193 0 Role: 6
0 9 89 31 150 0 Role: 6
0 145 97 140 75 0 Role: 7
0 119 15 188 49 0 Role: 8
0 44 90 0 Role: 8
0 136 0 Role: 8
0 139 57 171 0 Role: 8
0 77 0 Role: 8
0 158 112 0 Role: 8
0 104 0 Role: 8
0 72 0 Role: 8
0 38 96 25 60 0 Role: 9
0 85 45 64 0 Role: 9
0 67 100 83 0 Role: 9
0 195 0 Role: 9
0 22 0 Role: 9
0 159 7 8 0 Role: 10
0 160 99 53 84 0 Role: 10
0 23 94 199 129 121 0 Role: 11
0 17 0 Role: 12
0 87 62 0 Role: 12

Số khách: 133
Chi phí: 1.96761e+07
0 161 126 3 0 Role: 0
0 9 132 0 Role: 0
0 5 186 74 0 Role: 0
0 6 196 140 94 0 Role: 0
0 35 0 Role: 0
0 4 156 171 66 44 157 32 24 0 Role: 0
0 153 179 184 46 104 0 Role: 0
0 159 85 0 Role: 0
0 112 0 Role: 1
0 93 160 183 0 Role: 1
0 14 91 176 33 143 0 Role: 1
0 65 83 90 177 0 Role: 2
0 19 31 68 128 0 Role: 2
0 82 2 123 0 Role: 2
0 13 148 40 200 0 Role: 2
0 169 57 39 0 Role: 2
0 117 88 0 Role: 2
0 119 0 Role: 3
0 174 51 0 Role: 3
0 134 56 150 0 Role: 3
0 139 118 0 Role: 3
0 92 188 146 0 Role: 3
0 96 34 0 Role: 3
0 100 77 0 Role: 4
0 22 0 Role: 4
0 53 199 59 60 0 Role: 5
0 158 101 162 0 Role: 5
0 135 0 Role: 5
0 62 97 0 Role: 5
0 193 136 64 0 Role: 5
0 28 16 0 Role: 5
0 109 149 0 Role: 5
0 116 170 0 Role: 5
0 195 0 Role: 5
0 72 0 Role: 5
0 38 17 0 Role: 6
0 152 49 0 Role: 6
0 189 67 0 Role: 6
0 87 0 Role: 6
0 89 144 0 Role: 6
0 164 0 Role: 7
0 99 111 21 182 0 Role: 8
0 84 20 190 114 8 121 0 Role: 8
0 1 45 0 Role: 8
0 25 0 Role: 8
0 154 58 129 0 Role: 9
0 81 75 0 Role: 9
0 42 0 Role: 9
0 165 0 Role: 9
0 7 0 Role: 10
0 106 102 15 23 0 Role: 11
0 71 163 0 Role: 12
0 29 172 0 Role: 12

Số khách: 133
Chi phí: 1.83762e+07
0 11 65 10 0 Role: 0
0 155 59 198 13 16 141 0 Role: 0
0 99 98 0 Role: 0
0 190 0 Role: 0
0 1 104 0 Role: 0
0 40 157 0 Role: 0
0 156 0 Role: 0
0 144 0 Role: 0
0 22 2 85 148 0 Role: 1
0 176 91 0 Role: 1
0 72 5 39 0 Role: 1
0 177 96 19 33 0 Role: 1
0 3 82 71 0 Role: 2
0 153 0 Role: 2
0 68 44 0 Role: 2
0 182 161 160 0 Role: 3
0 77 97 128 0 Role: 3
0 149 171 193 32 0 Role: 3
0 57 118 150 0 Role: 3
0 92 4 139 146 0 Role: 3
0 93 28 0 Role: 3
0 154 188 49 51 0 Role: 4
0 112 90 200 0 Role: 4
0 9 17 0 Role: 4
0 60 0 Role: 4
0 29 75 8 0 Role: 5
0 109 0 Role: 5
0 164 35 38 0 Role: 6
0 195 0 Role: 6
0 34 64 140 0 Role: 6
0 169 183 67 0 Role: 6
0 174 143 0 Role: 6
0 14 6 31 62 170 0 Role: 6
0 116 88 0 Role: 6
0 162 56 123 0 Role: 6
0 24 0 Role: 6
0 23 108 165 87 0 Role: 7
0 100 83 0 Role: 7
0 121 42 53 45 0 Role: 8
0 152 89 0 Role: 8
0 135 0 Role: 8
0 117 136 0 Role: 8
0 158 0 Role: 8
0 163 145 7 94 0 Role: 9
0 111 159 84 0 Role: 9
0 101 20 0 Role: 9
0 126 199 25 0 Role: 9
0 81 189 0 Role: 9
0 21 102 41 129 0 Role: 10
0 114 138 0 Role: 11
0 58 0 Role: 12
0 76 134 0 Role: 12
0 172 0 Role: 12

Số khách: 129
Chi phí: 9.63824e+06
0 148 97 185 183 0 Role: 0
0 29 44 177 0 Role: 1
0 28 0 Role: 1
0 193 0 Role: 2
0 3 144 0 Role: 2
0 100 40 128 32 0 Role: 3
0 116 176 0 Role: 3
0 72 0 Role: 3
0 56 39 0 Role: 3
0 31 13 0 Role: 3
0 34 33 82 0 Role: 3
0 5 9 143 0 Role: 3
0 2 195 0 Role: 3
0 19 0 Role: 3
0 200 0 Role: 3
0 6 0 Role: 3
0 88 146 91 0 Role: 3
0 169 92 0 Role: 3
0 14 58 0 Role: 4
0 150 1 189 161 90 0 Role: 4
0 60 174 117 188 0 Role: 4
0 83 51 140 0 Role: 4
0 68 104 170 0 Role: 4
0 57 139 64 0 Role: 4
0 171 0 Role: 4
0 24 65 118 0 Role: 4
0 59 0 Role: 4
0 112 123 0 Role: 4
0 162 93 0 Role: 4
0 135 0 Role: 4
0 109 0 Role: 4
0 96 0 Role: 4
0 99 152 89 0 Role: 5
0 149 0 Role: 5
0 22 190 0 Role: 6
0 77 136 0 Role: 6
0 4 25 164 199 94 0 Role: 7
0 159 17 38 49 0 Role: 7
0 16 85 126 121 0 Role: 7
0 20 76 111 114 0 Role: 8
0 21 0 Role: 9
0 119 165 53 62 0 Role: 9
0 129 0 Role: 9
0 182 0 Role: 9
0 160 45 8 153 0 Role: 9
0 101 158 0 Role: 9
0 42 0 Role: 9
0 67 87 0 Role: 9
0 145 70 7 0 Role: 10
0 81 84 75 0 Role: 10
0 154 0 Role: 10
0 106 134 0 Role: 11
0 172 0 Role: 11
0 71 0 Role: 11
0 138 102 0 Role: 12
0 23 180 0 Role: 12
0 163 35 0 Role: 12
0 108 0 Role: 12

Số khách: 114
Chi phí: 1.43469e+07
0 198 175 34 78 0 Role: 0
0 5 0 Role: 0
0 169 27 0 Role: 0
0 151 125 0 Role: 0
0 156 17 148 193 131 4 86 65 91 0 Role: 0
0 134 32 150 0 Role: 1
0 174 39 68 0 Role: 1
0 64 140 170 143 0 Role: 1
0 135 0 Role: 1
0 162 97 0 Role: 1
0 90 81 0 Role: 2
0 53 93 0 Role: 2
0 33 0 Role: 2
0 139 188 88 13 177 0 Role: 2
0 72 176 0 Role: 2
0 19 82 0 Role: 2
0 117 0 Role: 2
0 8 128 0 Role: 3
0 118 0 Role: 4
0 171 96 7 49 0 Role: 5
0 31 22 62 0 Role: 5
0 89 9 14 0 Role: 5
0 146 60 144 83 0 Role: 5
0 3 0 Role: 5
0 2 0 Role: 5
0 59 24 0 Role: 6
0 38 44 112 190 0 Role: 7
0 189 200 153 67 0 Role: 7
0 101 56 123 0 Role: 7
0 92 57 149 0 Role: 7
0 109 6 0 Role: 7
0 29 199 75 51 94 0 Role: 8
0 145 85 0 Role: 9
0 160 0 Role: 10
0 195 111 121 0 Role: 10
0 87 161 16 77 0 Role: 10
0 100 183 0 Role: 10
0 136 40 0 Role: 10
0 28 0 Role: 10
0 116 104 0 Role: 10
0 159 84 0 Role: 11
0 164 0 Role: 11
0 71 99 126 0 Role: 11
0 114 0 Role: 11
0 1 45 0 Role: 12

Số khách: 119
Chi phí: 1.30319e+07
0 40 0 Role: 0
0 1 0 Role: 0
0 157 83 188 47 200 3 177 0 Role: 0
0 17 174 80 2 127 16 42 88 66 0 Role: 0
0 99 8 23 68 0 Role: 1
0 39 118 45 53 5 32 0 Role: 1
0 91 64 33 143 97 140 0 Role: 1
0 170 0 Role: 1
0 67 87 100 14 183 128 0 Role: 2
0 158 77 31 148 0 Role: 2
0 9 0 Role: 3
0 34 144 93 6 0 Role: 3
0 13 72 0 Role: 3
0 117 4 146 150 0 Role: 3
0 161 160 153 49 75 0 Role: 4
0 165 90 190 0 Role: 4
0 154 24 176 38 0 Role: 4
0 189 0 Role: 4
0 25 169 19 0 Role: 4
0 82 0 Role: 4
0 44 123 0 Role: 4
0 65 195 0 Role: 4
0 96 171 0 Role: 4
0 135 104 116 0 Role: 4
0 28 0 Role: 4
0 92 0 Role: 4
0 60 0 Role: 5
0 59 0 Role: 6
0 111 199 0 Role: 7
0 71 109 0 Role: 7
0 112 56 162 0 Role: 8
0 139 57 0 Role: 8
0 149 0 Role: 8
0 119 85 126 62 94 0 Role: 9
0 22 121 0 Role: 9
0 193 51 0 Role: 9
0 136 0 Role: 9
0 152 89 0 Role: 10
0 129 29 0 Role: 11
0 20 101 0 Role: 11
0 7 159 84 0 Role: 12
0 134 114 0 Role: 12
0 182 0 Role: 12
0 81 0 Role: 12

Số khách: 117
Chi phí: 9.32448e+06
0 113 179 124 142 17 37 127 82 139 0 Role: 0
0 154 0 Role: 1
0 189 53 0 Role: 1
0 31 97 62 183 0 Role: 2
0 88 14 177 59 0 Role: 2
0 128 90 188 0 Role: 2
0 35 153 49 121 0 Role: 3
0 176 0 Role: 4
0 114 51 193 32 150 0 Role: 5
0 24 5 39 0 Role: 5
0 15 190 67 148 0 Role: 6
0 158 162 68 0 Role: 6
0 40 3 77 34 13 83 0 Role: 7
0 169 117 146 64 118 0 Role: 7
0 140 2 0 Role: 7
0 72 0 Role: 7
0 149 33 0 Role: 7
0 112 0 Role: 7
0 93 116 143 0 Role: 7
0 199 174 0 Role: 8
0 1 161 200 170 0 Role: 8
0 92 19 171 0 Role: 8
0 44 0 Role: 8
0 123 0 Role: 8
0 109 6 0 Role: 8
0 9 56 65 0 Role: 8
0 195 91 0 Role: 8
0 42 102 8 0 Role: 9
0 16 81 172 38 0 Role: 9
0 22 45 85 0 Role: 9
0 160 0 Role: 9
0 136 4 0 Role: 9
0 100 104 135 0 Role: 9
0 28 0 Role: 9
0 96 0 Role: 9
0 57 0 Role: 9
0 144 164 129 111 99 0 Role: 10
0 165 87 0 Role: 10
0 89 0 Role: 10
0 182 0 Role: 11
0 152 0 Role: 11
0 101 0 Role: 11
0 25 0 Role: 11
0 60 0 Role: 11
0 23 21 7 71 0 Role: 12

Số khách: 133
Chi phí: 1.54852e+07
0 159 59 27 96 13 158 0 Role: 0
0 171 196 136 95 65 44 110 132 140 0 Role: 0
0 45 150 94 79 61 0 Role: 0
0 87 0 Role: 0
0 32 0 Role: 0
0 161 112 0 Role: 1
0 104 3 148 68 183 0 Role: 1
0 34 0 Role: 1
0 88 123 177 5 0 Role: 1
0 92 169 0 Role: 1
0 128 188 9 0 Role: 1
0 57 39 143 0 Role: 1
0 176 200 6 0 Role: 1
0 117 97 0 Role: 1
0 116 31 0 Role: 1
0 56 146 0 Role: 1
0 33 19 82 91 0 Role: 1
0 195 0 Role: 1
0 109 38 153 0 Role: 2
0 164 0 Role: 3
0 129 160 40 0 Role: 3
0 28 0 Role: 3
0 83 0 Role: 3
0 29 62 67 0 Role: 4
0 139 174 60 0 Role: 4
0 170 0 Role: 4
0 1 49 51 0 Role: 5
0 4 25 118 0 Role: 5
0 93 144 64 0 Role: 5
0 84 77 2 16 0 Role: 6
0 90 135 0 Role: 6
0 193 149 0 Role: 6
0 162 0 Role: 6
0 24 0 Role: 6
0 72 0 Role: 6
0 199 8 0 Role: 7
0 85 22 121 0 Role: 7
0 189 0 Role: 7
0 89 14 0 Role: 7
0 100 0 Role: 7
0 23 41 126 0 Role: 8
0 75 154 0 Role: 8
0 190 76 99 114 7 0 Role: 9
0 53 182 0 Role: 9
0 111 71 0 Role: 9
0 58 17 0 Role: 9
0 20 0 Role: 9
0 163 180 21 0 Role: 10
0 35 102 0 Role: 10
0 108 0 Role: 10
0 101 0 Role: 10
0 165 0 Role: 10
0 42 81 0 Role: 10
0 152 0 Role: 10
0 70 0 Role: 11
0 172 0 Role: 11
0 134 0 Role: 11
0 145 0 Role: 12

Số khách: 133
Chi phí: 1.34454e+07
0 142 90 125 68 0 Role: 0
0 34 5 173 40 0 Role: 0
0 28 0 Role: 0
0 41 64 25 62 0 Role: 0
0 144 174 88 8 150 49 0 Role: 1
0 32 149 57 109 82 59 0 Role: 2
0 112 65 146 188 0 Role: 2
0 117 4 171 33 0 Role: 2
0 104 200 183 0 Role: 2
0 19 148 39 0 Role: 2
0 116 9 177 0 Role: 2
0 162 97 143 0 Role: 2
0 2 6 0 Role: 2
0 72 176 0 Role: 2
0 91 56 31 0 Role: 2
0 169 92 0 Role: 2
0 128 195 0 Role: 2
0 154 94 7 121 0 Role: 3
0 126 14 118 51 0 Role: 3
0 45 22 0 Role: 3
0 135 85 0 Role: 3
0 89 77 83 0 Role: 3
0 170 93 0 Role: 3
0 102 153 0 Role: 4
0 160 0 Role: 5
0 140 23 123 3 0 Role: 5
0 96 0 Role: 5
0 114 60 75 38 0 Role: 6
0 42 67 0 Role: 6
0 13 0 Role: 6
0 161 193 0 Role: 6
0 139 136 0 Role: 6
0 100 0 Role: 6
0 99 16 84 0 Role: 7
0 111 0 Role: 7
0 24 17 0 Role: 7
0 152 0 Role: 7
0 44 20 190 0 Role: 8
0 189 53 1 0 Role: 8
0 158 0 Role: 8
0 101 0 Role: 8
0 87 0 Role: 8
0 119 138 108 165 172 0 Role: 9
0 129 29 199 0 Role: 9
0 81 0 Role: 9
0 182 0 Role: 9
0 159 0 Role: 9
0 15 134 0 Role: 10
0 71 164 0 Role: 10
0 35 0 Role: 11
0 21 0 Role: 11
0 70 180 0 Role: 11
0 76 0 Role: 11
0 58 145 0 Role: 11
0 106 163 0 Role: 12

Số khách: 135
Chi phí: 1.44284e+07
0 57 77 117 157 33 5 78 93 198 0 Role: 0
0 14 0 Role: 0
0 94 133 100 109 18 168 0 Role: 0
0 31 97 61 46 0 Role: 0
0 99 29 75 0 Role: 1
0 20 2 0 Role: 1
0 176 1 170 0 Role: 1
0 51 195 0 Role: 1
0 90 88 143 150 0 Role: 1
0 116 148 6 183 0 Role: 1
0 28 112 68 0 Role: 1
0 96 13 177 0 Role: 1
0 171 34 9 39 0 Role: 1
0 92 19 146 0 Role: 2
0 140 135 3 128 0 Role: 2
0 65 200 0 Role: 2
0 40 162 123 0 Role: 2
0 85 159 0 Role: 3
0 190 16 81 49 0 Role: 3
0 149 118 59 0 Role: 3
0 108 0 Role: 4
0 160 17 0 Role: 4
0 161 67 153 60 32 0 Role: 4
0 136 174 188 82 0 Role: 4
0 25 0 Role: 5
0 24 121 0 Role: 5
0 4 0 Role: 5
0 101 158 44 83 0 Role: 5
0 91 64 144 0 Role: 5
0 72 0 Role: 5
0 180 199 0 Role: 6
0 164 0 Role: 6
0 56 0 Role: 6
0 104 0 Role: 6
0 169 139 0 Role: 6
0 7 71 126 62 0 Role: 7
0 189 87 0 Role: 7
0 89 0 Role: 7
0 138 102 114 38 0 Role: 8
0 154 193 0 Role: 8
0 22 0 Role: 8
0 42 23 0 Role: 9
0 165 53 84 0 Role: 9
0 152 0 Role: 9
0 45 0 Role: 9
0 15 41 129 0 Role: 10
0 182 8 0 Role: 10
0 145 163 35 0 Role: 11
0 134 76 0 Role: 11
0 21 111 58 0 Role: 12
0 172 0 Role: 12

Số khách: 131
Chi phí: 1.92648e+07
0 125 0 Role: 0
0 55 14 141 9 0 Role: 0
0 120 88 176 0 Role: 0
0 138 0 Role: 0
0 131 184 56 195 4 98 168 0 Role: 0
0 37 134 63 160 24 136 0 Role: 0
0 12 0 Role: 0
0 91 185 0 Role: 0
0 126 6 51 0 Role: 1
0 177 0 Role: 1
0 189 135 40 68 128 0 Role: 1
0 45 188 0 Role: 1
0 140 77 0 Role: 1
0 159 8 49 150 121 0 Role: 2
0 57 169 38 39 32 0 Role: 2
0 82 0 Role: 2
0 139 109 19 143 0 Role: 2
0 96 0 Role: 2
0 5 3 148 97 0 Role: 2
0 2 0 Role: 2
0 101 162 112 31 0 Role: 3
0 65 90 16 183 0 Role: 3
0 58 117 164 7 0 Role: 4
0 17 99 67 153 0 Role: 4
0 116 200 0 Role: 4
0 33 170 0 Role: 4
0 34 146 13 0 Role: 4
0 28 123 0 Role: 4
0 92 171 0 Role: 4
0 72 0 Role: 4
0 44 0 Role: 4
0 83 172 0 Role: 5
0 163 0 Role: 5
0 114 144 0 Role: 5
0 1 0 Role: 5
0 122 93 62 0 Role: 6
0 199 25 118 59 60 0 Role: 6
0 100 104 0 Role: 6
0 149 193 0 Role: 6
0 158 0 Role: 6
0 64 174 0 Role: 6
0 87 161 0 Role: 7
0 89 0 Role: 7
0 22 0 Role: 7
0 154 190 85 0 Role: 8
0 152 0 Role: 8
0 53 0 Role: 8
0 106 75 111 94 0 Role: 9
0 42 0 Role: 9
0 108 84 0 Role: 10
0 70 0 Role: 11
0 129 0 Role: 12
0 182 81 0 Role: 12
0 20 0 Role: 12
0 165 0 Role: 12

Số khách: 115
Chi phí: 1.1652e+07
0 140 113 0 Role: 0
0 189 130 0 Role: 0
0 72 49 53 0 Role: 0
0 148 31 32 200 128 3 183 0 Role: 1
0 104 116 6 0 Role: 1
0 93 0 Role: 1
0 96 0 Role: 1
0 13 188 0 Role: 1
0 28 68 0 Role: 1
0 16 199 62 121 0 Role: 2
0 119 109 59 150 0 Role: 3
0 51 174 0 Role: 3
0 89 0 Role: 3
0 97 162 9 177 0 Role: 3
0 171 0 Role: 3
0 92 82 118 39 0 Role: 3
0 44 90 0 Role: 3
0 136 91 123 0 Role: 3
0 56 176 143 0 Role: 3
0 5 0 Role: 3
0 135 170 0 Role: 3
0 33 2 0 Role: 3
0 88 117 146 0 Role: 3
0 195 34 0 Role: 3
0 169 19 0 Role: 3
0 22 112 190 0 Role: 4
0 65 0 Role: 4
0 87 0 Role: 4
0 158 77 83 0 Role: 4
0 23 75 1 40 0 Role: 5
0 193 4 64 0 Role: 5
0 24 144 0 Role: 5
0 58 99 0 Role: 6
0 172 45 8 0 Role: 6
0 41 163 7 94 0 Role: 7
0 84 101 20 0 Role: 7
0 108 153 0 Role: 8
0 129 60 0 Role: 9
0 100 14 0 Role: 9
0 71 154 149 0 Role: 10
0 17 38 67 0 Role: 11
0 57 25 139 0 Role: 11
0 161 0 Role: 11
0 164 122 0 Role: 12
0 126 114 29 0 Role: 12
0 159 152 0 Role: 12

Số khách: 122
Chi phí: 1.19337e+07
0 29 0 Role: 0
0 24 83 72 87 0 Role: 0
0 65 6 68 33 162 117 0 Role: 0
0 100 16 40 200 0 Role: 1
0 4 139 19 143 0 Role: 1
0 5 99 0 Role: 2
0 1 116 170 0 Role: 3
0 9 177 82 146 39 0 Role: 3
0 171 96 169 176 0 Role: 3
0 128 0 Role: 3
0 104 97 0 Role: 3
0 148 34 2 123 0 Role: 3
0 56 91 0 Role: 3
0 88 195 44 31 0 Role: 3
0 180 94 75 0 Role: 4
0 136 150 51 140 0 Role: 4
0 77 90 144 0 Role: 4
0 174 118 32 0 Role: 4
0 59 64 13 93 183 0 Role: 4
0 109 0 Role: 4
0 102 8 67 0 Role: 5
0 3 135 153 62 0 Role: 5
0 57 60 0 Role: 5
0 193 188 14 0 Role: 5
0 92 149 0 Role: 5
0 158 112 0 Role: 5
0 28 0 Role: 5
0 154 121 49 0 Role: 6
0 38 42 190 0 Role: 6
0 159 199 0 Role: 7
0 114 161 0 Role: 7
0 20 160 0 Role: 7
0 53 22 85 0 Role: 7
0 17 25 126 0 Role: 7
0 89 0 Role: 7
0 189 0 Role: 7
0 165 81 0 Role: 8
0 182 111 84 0 Role: 9
0 101 0 Role: 9
0 152 0 Role: 9
0 45 0 Role: 9
0 164 122 0 Role: 10
0 23 129 0 Role: 10
0 119 0 Role: 11
0 58 71 0 Role: 11
0 76 134 0 Role: 11
0 70 15 7 0 Role: 12

Số khách: 125
Chi phí: 8.90527e+06
0 136 0 Role: 0
0 161 183 94 8 150 121 0 Role: 1
0 49 0 Role: 1
0 193 148 88 32 0 Role: 1
0 169 96 177 68 0 Role: 1
0 13 0 Role: 1
0 5 118 3 97 140 143 0 Role: 1
0 176 44 195 9 0 Role: 1
0 38 42 0 Role: 2
0 22 14 6 0 Role: 2
0 159 62 128 0 Role: 3
0 123 0 Role: 3
0 190 58 154 188 82 0 Role: 4
0 29 76 112 77 83 0 Role: 5
0 144 39 33 170 0 Role: 5
0 116 0 Role: 5
0 57 19 171 146 0 Role: 5
0 104 135 31 0 Role: 5
0 81 0 Role: 6
0 129 111 90 160 0 Role: 6
0 4 109 60 199 0 Role: 6
0 53 0 Role: 6
0 75 51 17 0 Role: 6
0 100 16 40 200 0 Role: 6
0 56 91 64 0 Role: 6
0 162 2 93 0 Role: 6
0 117 34 0 Role: 6
0 65 72 0 Role: 6
0 28 0 Role: 6
0 92 0 Role: 6
0 67 59 0 Role: 7
0 149 25 0 Role: 7
0 174 139 0 Role: 7
0 134 158 20 114 0 Role: 8
0 84 99 0 Role: 8
0 165 0 Role: 8
0 101 85 0 Role: 8
0 89 0 Role: 8
0 163 71 126 0 Role: 9
0 138 45 153 0 Role: 10
0 189 1 0 Role: 10
0 24 0 Role: 10
0 87 0 Role: 10
0 106 15 0 Role: 11
0 108 172 0 Role: 11
0 7 164 70 35 180 21 0 Role: 12
0 182 0 Role: 12
0 152 0 Role: 12

Số khách: 121
Chi phí: 1.62195e+07
0 45 140 0 Role: 0
0 139 9 68 135 47 51 4 72 0 Role: 0
0 136 0 Role: 0
0 141 0 Role: 0
0 114 154 162 6 150 59 157 0 Role: 0
0 181 0 Role: 0
0 42 29 0 Role: 1
0 33 0 Role: 2
0 160 0 Role: 3
0 76 121 0 Role: 3
0 17 190 0 Role: 3
0 129 183 153 170 0 Role: 3
0 39 5 123 0 Role: 3
0 13 44 31 0 Role: 3
0 3 200 176 148 128 0 Role: 3
0 146 177 93 40 0 Role: 3
0 117 171 97 0 Role: 3
0 109 92 19 82 0 Role: 3
0 116 0 Role: 3
0 91 0 Role: 3
0 174 199 143 0 Role: 4
0 88 144 118 193 32 0 Role: 4
0 149 188 64 0 Role: 4
0 112 0 Role: 4
0 57 0 Role: 4
0 96 0 Role: 4
0 2 0 Role: 4
0 34 56 0 Role: 4
0 49 84 85 77 14 65 83 0 Role: 5
0 108 165 90 62 0 Role: 6
0 75 161 94 0 Role: 6
0 22 53 0 Role: 7
0 25 38 60 0 Role: 7
0 111 126 0 Role: 8
0 28 100 0 Role: 8
0 16 104 0 Role: 8
0 1 67 0 Role: 9
0 189 0 Role: 9
0 195 158 101 0 Role: 9
0 24 0 Role: 9
0 89 0 Role: 9
0 169 0 Role: 9
0 8 87 0 Role: 10
0 122 163 21 7 0 Role: 11
0 58 99 164 0 Role: 11
0 159 152 0 Role: 11
0 138 0 Role: 12
0 172 81 0 Role: 12

Số khách: 119
Chi phí: 1.16045e+07
0 104 190 91 0 Role: 0
0 97 111 4 152 0 Role: 0
0 196 0 Role: 0
0 135 150 199 49 0 Role: 1
0 89 65 77 32 0 Role: 1
0 116 88 13 39 0 Role: 1
0 6 56 93 177 0 Role: 1
0 189 148 0 Role: 2
0 195 44 112 68 121 0 Role: 3
0 82 34 183 128 67 0 Role: 3
0 1 3 60 176 0 Role: 3
0 92 0 Role: 3
0 149 5 118 0 Role: 3
0 24 174 64 188 146 0 Role: 3
0 35 139 0 Role: 4
0 51 90 53 0 Role: 4
0 100 0 Role: 4
0 163 7 94 0 Role: 5
0 101 9 83 0 Role: 5
0 87 2 0 Role: 5
0 169 0 Role: 5
0 158 123 0 Role: 5
0 143 33 57 19 171 0 Role: 5
0 40 20 14 85 0 Role: 6
0 62 0 Role: 7
0 162 136 144 0 Role: 8
0 109 170 0 Role: 8
0 117 0 Role: 8
0 193 31 0 Role: 8
0 200 140 0 Role: 8
0 106 160 16 164 59 0 Role: 9
0 17 25 0 Role: 9
0 161 28 0 Role: 9
0 72 0 Role: 9
0 96 0 Role: 9
0 172 0 Role: 10
0 154 38 0 Role: 10
0 42 22 45 0 Role: 10
0 153 0 Role: 10
0 84 99 75 0 Role: 11
0 81 0 Role: 11
0 145 102 0 Role: 12
0 23 70 114 8 0 Role: 12
0 126 29 0 Role: 12
0 165 0 Role: 12
0 129 182 0 Role: 12

Số khách: 114
Chi phí: 1.66814e+07
0 34 0 Role: 0
0 78 0 Role: 0
0 75 0 Role: 0
0 54 0 Role: 0
0 3 175 0 Role: 0
0 180 118 200 37 171 0 Role: 0
0 4 99 132 0 Role: 0
0 100 32 150 0 Role: 1
0 177 158 134 77 0 Role: 2
0 44 0 Role: 2
0 92 0 Role: 3
0 123 112 0 Role: 4
0 143 170 176 68 183 0 Role: 4
0 13 0 Role: 4
0 135 104 93 31 148 6 128 0 Role: 4
0 39 140 5 0 Role: 4
0 2 33 0 Role: 4
0 169 97 0 Role: 4
0 88 0 Role: 4
0 82 0 Role: 4
0 146 56 9 0 Role: 4
0 195 91 0 Role: 4
0 116 0 Role: 4
0 20 164 0 Role: 5
0 71 94 193 51 0 Role: 5
0 149 139 59 0 Role: 5
0 162 144 188 0 Role: 5
0 84 87 14 0 Role: 6
0 41 121 0 Role: 7
0 38 85 0 Role: 7
0 65 136 0 Role: 8
0 83 174 64 0 Role: 8
0 72 0 Role: 8
0 40 19 0 Role: 8
0 109 117 0 Role: 8
0 106 126 129 0 Role: 9
0 165 1 153 67 0 Role: 9
0 25 17 60 0 Role: 9
0 189 16 62 0 Role: 9
0 161 90 0 Role: 9
0 49 0 Role: 10
0 8 24 190 0 Role: 11
0 53 160 0 Role: 11
0 28 0 Role: 11
0 35 0 Role: 12
0 145 58 7 0 Role: 12
0 159 0 Role: 12
0 29 199 114 0 Role: 12
0 89 0 Role: 12
0 22 0 Role: 12

Số khách: 99
Chi phí: 1.25528e+07
0 34 38 135 49 0 Role: 0
0 12 87 4 43 33 127 146 0 Role: 0
0 79 19 57 11 0 Role: 0
0 9 86 0 Role: 0
0 85 112 77 59 32 0 Role: 1
0 176 31 64 144 0 Role: 1
0 134 62 0 Role: 2
0 158 0 Role: 2
0 171 17 97 143 0 Role: 3
0 161 0 Role: 3
0 29 0 Role: 4
0 117 0 Role: 4
0 177 53 0 Role: 5
0 67 2 162 83 0 Role: 5
0 109 51 150 0 Role: 5
0 71 93 0 Role: 6
0 174 0 Role: 6
0 136 68 39 0 Role: 6
0 82 91 0 Role: 6
0 6 195 183 0 Role: 6
0 160 119 88 13 0 Role: 7
0 139 25 60 0 Role: 7
0 42 0 Role: 8
0 89 65 118 5 0 Role: 9
0 123 56 44 148 0 Role: 9
0 28 0 Role: 9
0 72 0 Role: 9
0 106 149 163 126 199 94 0 Role: 10
0 20 0 Role: 10
0 101 121 0 Role: 11
0 170 0 Role: 11
0 70 200 153 0 Role: 12
0 128 0 Role: 12
0 129 8 75 140 0 Role: 12
0 14 189 40 3 0 Role: 12
0 1 116 104 0 Role: 12

Số khách: 129
Chi phí: 1.45794e+07
0 174 0 Role: 0
0 182 132 12 9 0 Role: 0
0 150 0 Role: 0
0 96 138 0 Role: 0
0 87 0 Role: 0
0 146 0 Role: 1
0 193 170 33 143 0 Role: 1
0 57 0 Role: 1
0 3 148 140 200 6 68 0 Role: 1
0 65 31 93 39 177 0 Role: 1
0 5 82 0 Role: 1
0 109 128 0 Role: 1
0 42 45 67 0 Role: 2
0 4 25 176 32 0 Role: 2
0 195 183 0 Role: 2
0 97 118 171 19 188 0 Role: 2
0 117 0 Role: 2
0 91 56 0 Role: 2
0 44 123 0 Role: 2
0 35 90 85 0 Role: 3
0 139 169 0 Role: 3
0 112 135 62 0 Role: 3
0 28 0 Role: 3
0 13 34 40 14 0 Role: 3
0 189 51 0 Role: 3
0 72 88 83 0 Role: 3
0 145 199 121 49 0 Role: 4
0 159 89 60 0 Role: 4
0 116 104 2 0 Role: 4
0 92 0 Role: 4
0 162 0 Role: 4
0 129 0 Role: 5
0 165 161 153 0 Role: 5
0 24 190 0 Role: 5
0 158 101 77 0 Role: 5
0 149 144 0 Role: 5
0 136 59 0 Role: 5
0 64 0 Role: 5
0 23 20 114 7 0 Role: 6
0 172 100 16 0 Role: 6
0 70 71 75 0 Role: 7
0 1 53 0 Role: 7
0 22 0 Role: 7
0 17 0 Role: 7
0 102 180 84 0 Role: 8
0 126 0 Role: 8
0 8 160 111 99 0 Role: 8
0 38 152 0 Role: 8
0 29 94 21 0 Role: 9
0 81 119 0 Role: 10
0 15 0 Role: 10
0 108 0 Role: 11
0 163 164 0 Role: 11
0 76 0 Role: 11
0 154 0 Role: 11
0 134 0 Role: 12

Số khách: 110
Chi phí: 8.69381e+06
0 177 126 101 0 Role: 0
0 70 121 153 51 0 Role: 1
0 111 0 Role: 2
0 169 3 68 0 Role: 2
0 158 134 20 0 Role: 2
0 170 16 143 97 140 0 Role: 2
0 135 0 Role: 3
0 171 40 160 0 Role: 3
0 193 91 0 Role: 3
0 9 44 162 112 31 148 0 Role: 3
0 6 128 39 176 88 13 33 0 Role: 3
0 183 28 2 0 Role: 3
0 104 116 123 0 Role: 3
0 96 82 5 0 Role: 3
0 200 0 Role: 3
0 100 77 0 Role: 4
0 90 0 Role: 4
0 195 0 Role: 4
0 139 174 0 Role: 4
0 72 118 32 150 0 Role: 5
0 109 0 Role: 5
0 188 149 0 Role: 5
0 146 0 Role: 5
0 65 19 0 Role: 5
0 106 21 56 0 Role: 6
0 180 25 129 0 Role: 7
0 172 84 67 49 0 Role: 8
0 45 22 14 0 Role: 8
0 89 59 0 Role: 8
0 8 24 64 0 Role: 9
0 152 0 Role: 9
0 87 0 Role: 9
0 94 99 182 0 Role: 10
0 29 58 0 Role: 10
0 71 83 0 Role: 10
0 34 0 Role: 10
0 92 4 57 0 Role: 10
0 136 117 144 0 Role: 10
0 93 0 Role: 10
0 35 163 0 Role: 11
0 60 159 0 Role: 11
0 1 189 161 0 Role: 11
0 17 62 0 Role: 11
0 199 0 Role: 12
0 85 0 Role: 12

Số khách: 124
Chi phí: 1.13596e+07
0 8 26 0 Role: 0
0 1 112 130 176 150 2 0 Role: 0
0 86 171 65 123 0 Role: 0
0 160 165 177 49 0 Role: 1
0 44 62 0 Role: 1
0 87 59 33 0 Role: 1
0 140 169 143 0 Role: 1
0 119 118 0 Role: 2
0 144 200 0 Role: 2
0 3 82 128 68 121 0 Role: 2
0 159 199 94 0 Role: 2
0 51 56 0 Role: 3
0 101 0 Role: 4
0 77 0 Role: 4
0 152 89 83 0 Role: 5
0 7 135 84 31 0 Role: 6
0 4 193 32 0 Role: 6
0 170 0 Role: 6
0 104 183 97 0 Role: 6
0 41 149 126 60 0 Role: 7
0 153 67 45 90 6 148 39 0 Role: 7
0 92 0 Role: 7
0 71 163 109 19 0 Role: 8
0 188 5 0 Role: 8
0 88 34 91 162 9 13 0 Role: 8
0 182 16 38 0 Role: 9
0 75 146 136 64 0 Role: 9
0 28 0 Role: 9
0 14 100 93 40 0 Role: 9
0 96 117 139 0 Role: 9
0 72 0 Role: 10
0 17 24 174 0 Role: 10
0 195 53 0 Role: 10
0 22 0 Role: 10
0 161 116 0 Role: 10
0 158 134 20 190 0 Role: 11
0 129 99 85 0 Role: 11
0 154 111 0 Role: 11
0 57 25 0 Role: 11
0 42 81 0 Role: 11
0 70 15 102 114 0 Role: 12
0 21 164 23 0 Role: 12
0 172 189 0 Role: 12

Số khách: 140
Chi phí: 1.9678e+07
0 49 2 31 0 Role: 0
0 5 191 179 195 173 143 200 0 Role: 0
0 117 81 182 148 149 0 Role: 0
0 64 0 Role: 0
0 84 93 198 0 Role: 0
0 122 192 85 51 0 Role: 0
0 36 174 151 185 14 54 60 77 78 57 28 0 Role: 0
0 9 0 Role: 0
0 126 25 17 38 177 150 0 Role: 1
0 183 13 188 136 0 Role: 1
0 92 171 193 33 32 0 Role: 1
0 24 0 Role: 1
0 116 3 40 128 68 6 0 Role: 1
0 83 88 0 Role: 2
0 22 42 190 0 Role: 2
0 100 0 Role: 2
0 90 144 0 Role: 3
0 44 0 Role: 3
0 199 111 154 0 Role: 3
0 158 162 121 0 Role: 4
0 62 169 59 39 0 Role: 4
0 89 34 0 Role: 4
0 140 87 123 0 Role: 4
0 72 65 176 0 Role: 4
0 53 165 1 16 0 Role: 5
0 82 161 0 Role: 5
0 109 170 0 Role: 5
0 56 112 0 Role: 5
0 19 97 0 Role: 5
0 91 0 Role: 5
0 104 135 0 Role: 5
0 96 0 Role: 5
0 146 0 Role: 5
0 139 118 0 Role: 6
0 45 0 Role: 6
0 145 58 7 94 0 Role: 7
0 160 0 Role: 7
0 159 99 114 8 0 Role: 7
0 21 15 0 Role: 8
0 70 41 153 0 Role: 8
0 152 0 Role: 8
0 67 189 0 Role: 8
0 106 101 20 0 Role: 9
0 71 163 4 129 0 Role: 10
0 29 75 0 Role: 10
0 102 0 Role: 11
0 76 119 0 Role: 11
0 138 172 0 Role: 11
0 134 0 Role: 11
0 180 164 35 0 Role: 12
0 108 0 Role: 12

Số khách: 129
Chi phí: 1.85213e+07
0 88 7 68 0 Role: 0
0 157 0 Role: 0
0 123 132 86 0 Role: 0
0 65 97 22 77 0 Role: 0
0 117 142 0 Role: 0
0 195 0 Role: 0
0 2 69 130 0 Role: 0
0 161 82 0 Role: 0
0 170 104 116 0 Role: 1
0 56 146 5 177 0 Role: 1
0 39 44 162 9 148 0 Role: 1
0 109 169 13 0 Role: 1
0 176 143 0 Role: 1
0 19 92 57 171 33 0 Role: 1
0 183 0 Role: 2
0 15 32 118 150 0 Role: 3
0 90 0 Role: 3
0 145 0 Role: 4
0 158 62 0 Role: 4
0 200 112 0 Role: 4
0 139 83 0 Role: 4
0 89 60 0 Role: 5
0 4 64 0 Role: 5
0 96 188 0 Role: 5
0 174 136 0 Role: 5
0 40 128 3 0 Role: 5
0 163 8 0 Role: 6
0 160 102 21 182 75 51 0 Role: 6
0 165 135 1 67 153 0 Role: 6
0 91 6 0 Role: 6
0 28 0 Role: 6
0 31 0 Role: 6
0 24 34 0 Role: 6
0 72 0 Role: 6
0 93 14 20 85 49 0 Role: 7
0 87 16 59 0 Role: 7
0 140 144 193 0 Role: 7
0 149 0 Role: 7
0 100 0 Role: 7
0 58 154 164 0 Role: 8
0 138 45 121 0 Role: 9
0 152 0 Role: 9
0 25 17 0 Role: 9
0 53 189 0 Role: 9
0 101 190 38 0 Role: 10
0 126 0 Role: 10
0 42 0 Role: 10
0 199 0 Role: 10
0 94 70 0 Role: 11
0 71 129 99 0 Role: 11
0 81 0 Role: 11
0 159 111 0 Role: 11
0 108 0 Role: 12
0 114 134 0 Role: 12
0 172 29 0 Role: 12
0 84 0 Role: 12

Số khách: 119
Chi phí: 1.44255e+07
0 106 187 128 185 73 0 Role: 0
0 56 123 125 0 Role: 0
0 46 98 97 0 Role: 0
0 32 0 Role: 0
0 28 91 0 Role: 0
0 72 177 49 0 Role: 1
0 104 93 1 150 0 Role: 1
0 39 53 176 0 Role: 1
0 13 135 16 0 Role: 1
0 117 59 60 0 Role: 1
0 149 7 143 0 Role: 2
0 33 118 169 171 82 5 0 Role: 2
0 109 146 19 0 Role: 2
0 9 170 140 0 Role: 2
0 96 68 0 Role: 2
0 88 2 31 6 0 Role: 2
0 90 85 199 51 75 0 Role: 3
0 139 34 0 Role: 3
0 153 112 65 148 0 Role: 3
0 4 0 Role: 3
0 24 136 0 Role: 3
0 40 116 200 3 183 0 Role: 3
0 162 188 0 Role: 3
0 44 195 0 Role: 3
0 119 99 87 62 0 Role: 4
0 165 81 14 190 0 Role: 5
0 152 83 0 Role: 5
0 158 0 Role: 5
0 100 77 0 Role: 5
0 71 94 84 67 0 Role: 6
0 144 20 0 Role: 7
0 17 64 0 Role: 8
0 159 121 0 Role: 8
0 25 0 Role: 8
0 89 0 Role: 8
0 189 161 0 Role: 8
0 138 8 0 Role: 9
0 145 0 Role: 9
0 21 102 0 Role: 9
0 129 0 Role: 10
0 42 38 0 Role: 10
0 126 29 160 0 Role: 11
0 45 193 0 Role: 11
0 174 0 Role: 11
0 57 92 0 Role: 11
0 108 172 0 Role: 12

Số khách: 127
Chi phí: 1.22232e+07
0 48 69 136 0 Role: 0
0 77 96 0 Role: 0
0 174 0 Role: 0
0 114 0 Role: 1
0 5 0 Role: 2
0 90 116 148 39 177 0 Role: 3
0 93 0 Role: 3
0 92 188 146 82 0 Role: 3
0 34 0 Role: 3
0 13 0 Role: 3
0 143 65 0 Role: 4
0 183 32 171 0 Role: 4
0 28 6 0 Role: 4
0 117 176 0 Role: 4
0 72 0 Role: 4
0 109 118 0 Role: 5
0 160 0 Role: 5
0 3 0 Role: 5
0 195 31 0 Role: 5
0 97 128 19 0 Role: 5
0 56 200 0 Role: 5
0 140 9 123 68 0 Role: 5
0 57 33 0 Role: 5
0 104 135 170 0 Role: 5
0 169 88 0 Role: 5
0 162 91 0 Role: 5
0 2 0 Role: 5
0 149 25 38 49 150 0 Role: 6
0 60 89 83 0 Role: 6
0 161 100 112 14 0 Role: 6
0 40 59 193 0 Role: 6
0 102 20 29 0 Role: 7
0 199 0 Role: 8
0 153 62 84 71 126 94 0 Role: 8
0 42 53 190 121 0 Role: 8
0 81 182 0 Role: 8
0 75 144 85 0 Role: 8
0 189 0 Role: 8
0 16 0 Role: 8
0 1 64 0 Role: 8
0 4 0 Role: 8
0 158 44 0 Role: 8
0 51 139 0 Role: 8
0 24 0 Role: 8
0 108 172 67 0 Role: 9
0 45 87 0 Role: 9
0 22 0 Role: 9
0 122 180 8 111 7 0 Role: 10
0 58 0 Role: 10
0 129 154 0 Role: 10
0 152 0 Role: 10
0 101 0 Role: 10
0 17 0 Role: 10
0 106 119 35 145 164 0 Role: 11
0 23 0 Role: 12
0 70 0 Role: 12
0 134 76 99 0 Role: 12
0 159 0 Role: 12

Số khách: 113
Chi phí: 1.48132e+07
0 21 15 8 121 0 Role: 0
0 65 53 0 Role: 0
0 41 154 94 0 Role: 0
0 64 114 111 176 150 198 175 105 0 Role: 0
0 171 168 89 86 0 Role: 0
0 199 195 174 0 Role: 0
0 102 152 177 0 Role: 1
0 32 170 40 90 148 68 0 Role: 1
0 3 2 13 118 5 39 0 Role: 1
0 104 6 183 200 0 Role: 1
0 146 19 169 0 Role: 1
0 96 126 143 0 Role: 2
0 138 0 Role: 3
0 49 91 0 Role: 3
0 123 28 93 31 0 Role: 3
0 162 33 0 Role: 3
0 58 34 62 128 67 0 Role: 4
0 135 0 Role: 5
0 101 83 0 Role: 5
0 20 60 97 0 Role: 5
0 51 75 0 Role: 6
0 193 140 59 0 Role: 7
0 136 24 144 82 0 Role: 7
0 117 88 0 Role: 7
0 14 164 35 0 Role: 8
0 149 145 180 7 0 Role: 9
0 16 108 165 161 1 0 Role: 9
0 85 190 9 87 0 Role: 10
0 92 188 0 Role: 10
0 72 0 Role: 10
0 4 57 0 Role: 10
0 109 139 0 Role: 10
0 100 116 0 Role: 11
0 44 56 112 0 Role: 11
0 160 129 38 0 Role: 12
0 77 158 0 Role: 12

Số khách: 129
Chi phí: 1.24631e+07
0 168 164 200 68 127 171 31 87 185 0 Role: 0
0 157 18 0 Role: 0
0 66 40 36 46 0 Role: 0
0 1 176 13 5 60 150 0 Role: 1
0 57 117 0 Role: 1
0 64 83 146 177 32 143 0 Role: 1
0 174 136 39 148 0 Role: 1
0 44 123 0 Role: 1
0 4 96 82 0 Role: 1
0 104 190 84 0 Role: 2
0 162 101 195 77 0 Role: 3
0 188 0 Role: 3
0 88 139 0 Role: 3
0 183 135 116 0 Role: 3
0 28 6 128 0 Role: 3
0 56 9 3 0 Role: 3
0 34 169 91 0 Role: 3
0 72 0 Role: 3
0 92 19 0 Role: 3
0 33 97 0 Role: 3
0 2 0 Role: 3
0 109 154 0 Role: 4
0 121 0 Role: 4
0 152 49 0 Role: 4
0 7 0 Role: 5
0 29 145 94 0 Role: 5
0 38 59 144 0 Role: 5
0 25 0 Role: 5
0 76 102 119 0 Role: 6
0 134 0 Role: 7
0 20 99 65 0 Role: 7
0 165 67 153 0 Role: 8
0 14 0 Role: 8
0 17 140 51 0 Role: 8
0 189 90 16 62 0 Role: 8
0 24 118 0 Role: 8
0 93 161 100 0 Role: 8
0 170 112 0 Role: 8
0 22 0 Role: 8
0 193 149 0 Role: 8
0 70 0 Role: 9
0 81 23 160 85 0 Role: 9
0 53 8 0 Role: 9
0 21 35 126 199 75 0 Role: 10
0 89 0 Role: 10
0 41 71 182 0 Role: 11
0 42 45 0 Role: 11
0 158 0 Role: 11
0 180 111 0 Role: 12
0 129 0 Role: 12

Số khách: 0
Chi phí: 0

Số khách: 0
Chi phí: 0

