Số khách: 25
Chi phí: 3.53674e+06
0 68 0 Role: 0
0 56 0 Role: 1
0 74 0 Role: 1
0 2 91 75 28 0 Role: 1
0 26 37 0 Role: 1
0 47 64 65 3 0 Role: 1
0 72 88 0 Role: 2
0 62 78 8 0 Role: 3
0 94 0 Role: 3
0 33 96 43 38 0 Role: 4
0 20 22 0 Role: 5

Số khách: 100
Chi phí: 1.8959e+07
0 74 15 90 5 94 1 16 92 23 32 49 41 97 37 50 67 80 64 91 3 68 38 20 63 48 54 17 60 65 71 75 76 93 0 Role: 0
0 13 44 35 36 39 77 59 61 81 96 9 47 28 46 34 21 45 27 62 79 83 0 Role: 0
0 86 66 52 85 87 98 84 99 100 2 4 14 31 7 12 29 82 70 6 18 57 73 40 51 19 30 22 26 25 0 Role: 0
0 10 11 24 42 53 55 56 58 69 0 Role: 0
0 89 95 0 Role: 0
0 72 88 78 0 Role: 1
0 8 33 43 0 Role: 2

Số khách: 90
Chi phí: 1.37281e+07
0 74 15 90 5 94 1 16 92 23 32 49 41 97 37 50 67 80 64 91 3 68 38 20 63 48 54 17 60 65 71 93 76 88 75 0 Role: 0
0 86 66 52 85 87 98 84 99 100 2 4 14 31 7 12 29 82 70 6 18 57 73 40 51 19 30 22 26 25 0 Role: 0
0 13 44 35 36 39 77 59 61 81 96 9 47 28 46 34 21 45 27 62 79 83 0 Role: 0
0 56 33 43 0 Role: 1
0 8 72 0 Role: 2
0 78 0 Role: 2

Số khách: 97
Chi phí: 1.6879e+07
0 24 53 89 10 95 55 8 33 43 58 69 0 Role: 0
0 13 44 35 36 39 77 59 61 81 96 9 47 28 46 34 21 45 27 62 79 83 0 Role: 0
0 74 15 90 5 94 1 16 92 23 32 49 41 97 37 50 67 80 64 91 3 68 38 20 63 48 54 17 60 65 71 75 76 93 0 Role: 0
0 86 66 52 85 87 98 84 99 100 2 4 14 31 7 12 29 82 70 6 18 57 73 40 51 19 30 22 26 25 0 Role: 0
0 72 88 78 0 Role: 1

Số khách: 76
Chi phí: 1.21335e+07
0 4 62 19 83 70 6 17 12 88 25 18 93 71 57 40 63 51 30 65 73 76 0 Role: 0
0 16 55 59 27 85 58 9 33 56 61 67 80 3 38 98 82 69 81 21 28 75 45 31 29 34 46 0 Role: 0
0 11 1 10 15 52 32 5 14 23 41 50 49 54 48 79 53 60 91 68 0 Role: 0
0 8 72 0 Role: 1
0 20 96 43 0 Role: 2
0 47 0 Role: 2
0 22 64 0 Role: 2
0 37 26 0 Role: 2

Số khách: 82
Chi phí: 1.35425e+07
0 13 44 35 36 39 77 59 61 81 96 63 53 70 82 80 31 97 46 75 93 21 27 34 45 47 79 83 0 Role: 0
0 86 66 52 85 87 98 84 99 100 11 50 23 41 49 54 48 51 38 60 67 25 12 17 6 19 30 22 4 18 40 76 71 57 73 0 Role: 0
0 1 5 7 9 14 0 Role: 0
0 8 72 0 Role: 1
0 3 64 65 0 Role: 1
0 28 88 68 0 Role: 1
0 62 20 2 91 0 Role: 1
0 37 26 0 Role: 1
0 33 43 0 Role: 2

Số khách: 98
Chi phí: 1.78198e+07
0 8 95 55 10 53 24 58 33 43 69 0 Role: 0
0 86 66 52 85 87 98 84 99 100 2 4 14 31 7 12 29 82 70 6 18 57 73 40 51 19 30 22 26 25 0 Role: 0
0 68 3 11 17 54 48 60 20 38 63 65 75 76 93 71 0 Role: 0
0 74 15 90 5 94 1 16 92 23 32 49 41 97 37 50 67 80 64 91 0 Role: 0
0 13 44 35 36 39 77 59 61 81 96 9 47 28 46 34 21 45 27 62 79 83 0 Role: 0
0 72 88 78 0 Role: 1
0 56 0 Role: 2

Số khách: 93
Chi phí: 1.55002e+07
0 14 18 11 10 16 23 37 32 20 38 67 41 49 54 48 70 53 60 4 30 19 51 6 40 57 17 12 25 71 73 0 Role: 0
0 86 66 52 99 77 85 84 87 98 100 69 82 58 47 80 76 72 97 0 Role: 0
0 1 55 15 24 9 33 43 7 21 27 45 31 29 34 46 62 63 79 83 93 0 Role: 0
0 74 13 44 35 42 36 39 59 61 81 96 0 Role: 0
0 8 78 56 2 0 Role: 1
0 3 88 28 0 Role: 2
0 65 68 0 Role: 2
0 75 26 0 Role: 2
0 22 91 0 Role: 2
0 64 0 Role: 2

Số khách: 62
Chi phí: 7.33569e+06
0 15 89 10 16 11 13 24 32 43 50 67 55 82 70 53 58 9 19 80 29 45 83 79 20 4 18 46 34 12 25 63 30 51 40 73 57 71 93 76 0 Role: 0
0 62 56 78 0 Role: 1
0 38 22 0 Role: 1
0 28 2 91 75 0 Role: 1
0 26 37 68 0 Role: 1
0 3 65 64 47 0 Role: 1
0 8 33 96 0 Role: 2
0 72 88 0 Role: 2
0 74 0 Role: 3
0 94 0 Role: 3

Số khách: 74
Chi phí: 1.04171e+07
0 13 44 35 36 39 77 59 61 81 96 53 70 82 17 12 97 80 4 6 18 71 57 73 40 19 30 22 25 76 93 79 0 Role: 0
0 86 66 52 85 87 98 84 99 100 11 50 23 41 49 54 48 51 38 60 67 75 47 63 27 21 34 46 0 Role: 0
0 8 72 0 Role: 1
0 3 64 65 0 Role: 1
0 28 88 68 0 Role: 1
0 62 20 2 91 0 Role: 1
0 37 26 0 Role: 1
0 33 43 0 Role: 2

Số khách: 91
Chi phí: 1.54176e+07
0 8 58 42 24 15 10 55 1 5 16 49 53 32 64 37 50 67 23 41 80 91 0 Role: 0
0 86 66 52 85 87 98 84 99 100 2 4 14 31 7 12 29 82 70 6 18 25 26 22 30 19 51 40 73 57 88 0 Role: 0
0 13 44 35 36 39 77 59 61 81 96 9 47 28 46 34 21 45 27 62 79 83 0 Role: 0
0 68 3 11 17 54 48 60 20 38 63 65 75 76 93 71 0 Role: 0
0 72 78 0 Role: 1
0 33 43 0 Role: 2

Số khách: 63
Chi phí: 8.90704e+06
0 56 9 5 14 27 7 21 29 34 45 93 47 75 63 79 83 0 Role: 0
0 86 66 52 85 87 98 84 99 100 11 50 23 41 49 54 48 51 38 60 67 25 12 17 6 19 30 22 4 18 40 76 71 57 73 0 Role: 0
0 8 72 0 Role: 1
0 3 64 65 0 Role: 1
0 28 68 0 Role: 1
0 62 20 2 91 0 Role: 1
0 37 26 0 Role: 1

Số khách: 48
Chi phí: 5.27146e+06
0 86 66 9 87 98 84 99 7 14 62 63 27 71 45 31 21 29 34 46 57 73 12 25 76 18 4 75 51 40 93 0 Role: 0
0 28 37 0 Role: 1
0 3 78 0 Role: 1
0 38 20 56 0 Role: 1
0 88 68 0 Role: 1
0 65 2 43 0 Role: 1
0 96 0 Role: 1
0 72 26 0 Role: 1
0 22 64 47 0 Role: 1

Số khách: 60
Chi phí: 6.84223e+06
0 15 89 10 16 11 13 24 32 43 50 67 55 82 70 53 58 9 19 80 29 45 83 79 20 4 18 46 34 12 25 63 30 51 40 73 57 71 93 76 0 Role: 0
0 62 56 78 0 Role: 1
0 38 22 0 Role: 1
0 28 2 91 75 0 Role: 1
0 26 37 68 0 Role: 1
0 3 65 64 47 0 Role: 1
0 8 33 96 0 Role: 2
0 72 88 0 Role: 2

Số khách: 81
Chi phí: 1.25984e+07
0 86 66 52 85 87 98 84 99 100 11 50 23 41 49 54 48 51 38 60 67 25 12 17 6 19 30 22 4 18 40 76 71 57 73 0 Role: 0
0 13 44 35 36 39 77 59 61 81 96 63 53 70 82 80 31 97 46 75 93 0 Role: 0
0 56 9 5 14 27 7 21 29 34 45 47 79 83 0 Role: 0
0 8 72 0 Role: 1
0 3 64 65 0 Role: 1
0 28 88 68 0 Role: 1
0 62 20 2 91 0 Role: 1
0 37 26 0 Role: 1

Số khách: 26
Chi phí: 3.68547e+06
0 68 4 5 18 25 12 17 6 19 30 51 63 40 57 71 76 26 75 65 93 22 0 Role: 0
0 3 20 2 38 78 0 Role: 1

Số khách: 80
Chi phí: 1.22026e+07
0 38 9 70 48 54 27 29 41 60 83 40 6 18 12 25 26 4 30 19 51 63 20 65 93 71 57 73 0 Role: 0
0 35 42 36 39 77 44 59 61 81 97 46 28 3 22 47 45 17 21 34 62 75 68 76 0 Role: 0
0 86 66 87 98 84 5 99 7 14 23 31 49 79 53 64 80 67 50 37 88 91 0 Role: 0
0 2 0 Role: 1
0 78 33 0 Role: 1
0 56 96 43 0 Role: 1
0 8 0 Role: 2
0 74 0 Role: 2
0 94 0 Role: 2

Số khách: 73
Chi phí: 1.01992e+07
0 14 18 11 10 16 23 37 32 20 38 67 41 49 54 48 70 53 60 4 30 19 51 6 40 57 17 12 25 71 73 0 Role: 0
0 86 66 52 99 77 85 84 87 98 100 69 82 58 9 47 80 76 72 97 21 93 27 45 83 79 63 62 46 34 88 0 Role: 0
0 3 78 28 0 Role: 1
0 65 68 0 Role: 1
0 75 26 0 Role: 1
0 22 91 0 Role: 1
0 64 0 Role: 1
0 2 33 43 0 Role: 2

Số khách: 43
Chi phí: 4.88286e+06
0 68 4 5 18 25 12 17 6 19 30 51 79 40 73 57 45 71 76 63 93 22 20 75 0 Role: 0
0 8 38 43 62 0 Role: 1
0 72 0 Role: 1
0 88 0 Role: 1
0 96 0 Role: 1
0 78 33 56 0 Role: 2
0 74 0 Role: 2
0 28 2 91 0 Role: 2
0 26 37 0 Role: 2
0 47 64 65 3 0 Role: 2

Số khách: 31
Chi phí: 3.81774e+06
0 4 50 76 97 12 17 6 60 62 18 57 73 40 51 19 30 22 26 25 0 Role: 0
0 78 43 20 75 0 Role: 1
0 96 3 0 Role: 1
0 2 38 91 0 Role: 1
0 88 28 68 0 Role: 1

Số khách: 70
Chi phí: 9.74796e+06
0 86 66 87 98 84 5 99 7 14 23 37 50 67 80 64 53 79 49 31 88 28 3 91 22 47 45 17 21 34 62 75 68 76 0 Role: 0
0 38 9 70 48 54 27 29 41 60 83 40 6 18 12 25 26 4 30 19 51 63 20 65 93 71 57 73 0 Role: 0
0 2 0 Role: 1
0 78 33 0 Role: 1
0 56 96 43 0 Role: 1
0 8 72 0 Role: 2
0 74 0 Role: 2
0 94 0 Role: 2

Số khách: 37
Chi phí: 4.55723e+06
0 68 4 5 18 25 12 17 6 19 30 51 79 40 73 57 45 71 76 63 93 22 20 75 0 Role: 0
0 78 33 56 0 Role: 1
0 74 0 Role: 1
0 28 2 91 0 Role: 1
0 26 37 0 Role: 1
0 47 64 65 3 0 Role: 1
0 8 0 Role: 2

Số khách: 57
Chi phí: 6.49526e+06
0 86 66 87 98 84 5 99 7 14 23 31 49 79 53 64 80 67 50 37 88 26 65 91 30 63 48 40 6 27 71 51 19 20 22 4 18 25 12 93 57 76 73 0 Role: 0
0 62 2 3 78 0 Role: 1
0 38 33 0 Role: 1
0 56 96 43 75 0 Role: 1
0 8 47 28 0 Role: 2
0 72 68 0 Role: 2

Số khách: 64
Chi phí: 8.97212e+06
0 15 89 10 16 11 13 24 32 43 50 67 55 82 70 53 58 9 19 80 29 45 83 79 20 4 18 46 34 12 25 63 30 51 40 73 57 71 93 76 0 Role: 0
0 1 5 6 17 21 27 48 54 88 0 Role: 0
0 62 56 78 0 Role: 1
0 38 22 0 Role: 1
0 28 2 91 75 0 Role: 1
0 26 37 68 0 Role: 1
0 3 65 64 47 0 Role: 1

Số khách: 66
Chi phí: 9.39124e+06
0 86 66 87 98 84 5 99 7 14 23 31 49 79 53 64 80 67 50 37 88 26 65 91 30 63 48 40 6 27 71 51 19 20 22 4 18 25 12 93 57 76 73 0 Role: 0
0 15 9 11 1 16 17 21 34 0 Role: 0
0 62 2 3 78 0 Role: 1
0 38 33 0 Role: 1
0 56 96 43 75 0 Role: 1
0 28 68 47 0 Role: 2
0 8 72 0 Role: 3
0 74 0 Role: 3

Số khách: 49
Chi phí: 5.55602e+06
0 86 66 9 87 98 84 5 7 99 14 62 63 27 45 31 21 29 34 46 71 57 40 51 4 75 25 76 12 18 73 93 0 Role: 0
0 28 37 0 Role: 1
0 3 78 0 Role: 1
0 38 20 56 0 Role: 1
0 88 68 0 Role: 1
0 65 2 43 0 Role: 1
0 96 0 Role: 1
0 72 26 0 Role: 1
0 22 64 47 0 Role: 1

Số khách: 52
Chi phí: 5.95461e+06
0 86 66 9 87 98 84 5 7 99 14 62 63 27 45 31 21 29 34 46 71 57 40 51 4 75 25 76 12 18 73 93 0 Role: 0
0 28 37 0 Role: 1
0 3 78 0 Role: 1
0 38 20 56 0 Role: 1
0 88 68 0 Role: 1
0 65 2 43 0 Role: 1
0 96 0 Role: 1
0 72 26 0 Role: 1
0 22 64 47 0 Role: 1
0 8 33 91 0 Role: 2

Số khách: 50
Chi phí: 5.91335e+06
0 86 66 87 98 84 5 99 7 14 23 31 49 79 53 64 80 67 50 37 88 26 65 91 30 63 48 40 6 27 71 51 19 20 22 4 18 25 12 93 57 76 73 0 Role: 0
0 38 78 8 3 28 0 Role: 1
0 72 68 75 0 Role: 1

Số khách: 36
Chi phí: 3.97833e+06
0 68 4 5 18 25 12 17 6 19 30 51 79 40 73 57 45 71 93 76 22 63 20 75 0 Role: 0
0 78 33 56 0 Role: 1
0 74 0 Role: 1
0 28 2 91 0 Role: 1
0 26 37 0 Role: 1
0 47 64 65 3 0 Role: 1

Số khách: 32
Chi phí: 3.83838e+06
0 68 4 5 18 12 17 6 19 20 22 30 51 40 73 57 71 76 25 0 Role: 0
0 78 33 56 0 Role: 1
0 74 0 Role: 1
0 2 91 75 28 0 Role: 1
0 26 37 0 Role: 1
0 47 64 65 3 0 Role: 1

Số khách: 35
Chi phí: 3.97111e+06
0 68 4 5 18 25 12 17 6 19 30 51 79 40 73 57 45 71 93 76 22 63 20 75 0 Role: 0
0 78 56 0 Role: 1
0 74 0 Role: 1
0 28 2 91 0 Role: 1
0 26 37 0 Role: 1
0 47 64 65 3 0 Role: 1

Số khách: 69
Chi phí: 9.66386e+06
0 86 66 9 87 98 84 5 7 99 14 62 63 27 45 31 21 29 34 46 71 57 51 75 4 18 76 25 12 93 0 Role: 0
0 67 1 16 23 11 55 54 48 60 79 83 73 17 40 6 26 22 30 19 0 Role: 0
0 8 0 Role: 1
0 94 0 Role: 1
0 28 37 0 Role: 2
0 3 78 0 Role: 2
0 38 20 56 0 Role: 2
0 88 68 0 Role: 2
0 65 2 43 0 Role: 2
0 96 0 Role: 2
0 72 0 Role: 2
0 47 64 0 Role: 2
0 74 0 Role: 3
0 33 91 0 Role: 4

Số khách: 67
Chi phí: 9.45413e+06
0 86 66 87 98 84 5 99 7 14 23 31 49 79 53 64 80 67 50 37 88 26 65 91 30 63 48 40 6 27 71 51 19 20 22 4 18 25 12 93 57 76 73 0 Role: 0
0 15 9 11 1 16 29 21 17 0 Role: 0
0 28 68 47 0 Role: 1
0 62 2 3 78 0 Role: 2
0 38 33 0 Role: 2
0 56 96 43 75 0 Role: 2
0 8 72 0 Role: 3
0 74 0 Role: 3
0 94 0 Role: 3

Số khách: 40
Chi phí: 4.6375e+06
0 68 4 5 18 25 12 17 6 19 30 51 79 40 73 57 45 71 76 63 93 22 20 75 0 Role: 0
0 8 38 43 62 0 Role: 1
0 78 33 56 0 Role: 2
0 74 0 Role: 2
0 28 2 91 0 Role: 2
0 26 37 0 Role: 2
0 47 64 65 3 0 Role: 2

Số khách: 43
Chi phí: 4.88286e+06
0 68 4 5 18 25 12 17 6 19 30 51 79 40 73 57 45 71 76 63 93 22 20 75 0 Role: 0
0 78 33 56 0 Role: 1
0 74 0 Role: 1
0 28 2 91 0 Role: 1
0 26 37 0 Role: 1
0 47 64 65 3 0 Role: 1
0 8 38 43 62 0 Role: 2
0 72 0 Role: 2
0 88 0 Role: 2
0 96 0 Role: 2

Số khách: 53
Chi phí: 6.31247e+06
0 86 66 87 98 84 5 99 7 14 23 31 49 79 53 64 80 67 50 37 88 26 65 91 30 63 48 40 6 27 71 51 19 20 22 4 18 25 12 93 57 76 73 0 Role: 0
0 38 78 8 3 28 0 Role: 1
0 72 68 75 0 Role: 1
0 2 33 43 0 Role: 2

Số khách: 39
Chi phí: 4.63648e+06
0 68 4 5 18 25 12 17 6 19 30 51 79 40 73 57 45 71 76 63 93 22 20 75 0 Role: 0
0 33 56 0 Role: 1
0 74 0 Role: 1
0 28 2 91 0 Role: 1
0 26 37 0 Role: 1
0 47 64 65 3 0 Role: 1
0 8 38 43 62 0 Role: 2

Số khách: 54
Chi phí: 6.35702e+06
0 86 66 87 98 84 5 99 7 14 23 31 49 79 53 64 80 67 50 37 88 26 65 91 30 63 48 40 6 27 71 51 19 20 22 4 18 25 12 93 57 76 73 0 Role: 0
0 28 68 0 Role: 1
0 62 2 3 78 0 Role: 2
0 38 33 0 Role: 2
0 56 96 43 75 0 Role: 2

Số khách: 55
Chi phí: 6.40631e+06
0 86 66 87 98 84 5 99 7 14 23 31 49 79 53 64 80 67 50 37 88 26 65 91 30 63 48 40 6 27 71 51 19 20 22 4 18 25 12 93 57 76 73 0 Role: 0
0 62 2 3 78 0 Role: 1
0 38 33 0 Role: 1
0 56 96 43 75 0 Role: 1
0 28 68 47 0 Role: 2

Số khách: 56
Chi phí: 6.44786e+06
0 86 66 87 98 84 5 99 7 14 23 31 49 79 53 64 80 67 50 37 88 26 65 91 30 63 48 40 6 27 71 51 19 20 22 4 18 25 12 93 57 76 73 0 Role: 0
0 62 2 3 78 0 Role: 1
0 38 33 0 Role: 1
0 56 96 43 75 0 Role: 1
0 8 28 0 Role: 2
0 68 72 0 Role: 2

Số khách: 55
Chi phí: 6.40631e+06
0 86 66 87 98 84 5 99 7 14 23 31 49 79 53 64 80 67 50 37 88 26 65 91 30 63 48 40 6 27 71 51 19 20 22 4 18 25 12 93 57 76 73 0 Role: 0
0 28 68 47 0 Role: 1
0 62 2 3 78 0 Role: 2
0 38 33 0 Role: 2
0 56 96 43 75 0 Role: 2

Số khách: 56
Chi phí: 6.44786e+06
0 86 66 87 98 84 5 99 7 14 23 31 49 79 53 64 80 67 50 37 88 26 65 91 30 63 48 40 6 27 71 51 19 20 22 4 18 25 12 93 57 76 73 0 Role: 0
0 8 28 0 Role: 1
0 72 68 0 Role: 1
0 62 2 3 78 0 Role: 2
0 38 33 0 Role: 2
0 56 96 43 75 0 Role: 2

Số khách: 40
Chi phí: 4.6375e+06
0 68 4 5 18 25 12 17 6 19 30 51 79 40 73 57 45 71 76 63 93 22 20 75 0 Role: 0
0 78 33 56 0 Role: 1
0 74 0 Role: 1
0 28 2 91 0 Role: 1
0 26 37 0 Role: 1
0 47 64 65 3 0 Role: 1
0 8 38 43 62 0 Role: 2

Số khách: 40
Chi phí: 4.6375e+06
0 68 4 5 18 25 12 17 6 19 30 51 79 40 73 57 45 71 76 63 93 22 20 75 0 Role: 0
0 78 33 56 0 Role: 1
0 74 0 Role: 1
0 28 2 91 0 Role: 1
0 26 37 0 Role: 1
0 47 64 65 3 0 Role: 1
0 8 38 43 62 0 Role: 2

