Số khách: 153
Chi phí: 4.21706e+07
0 63 105 159 189 71 142 181 122 68 33 176 60 49 112 168 78 173 103 134 53 43 62 65 125 0 Role: 0
0 7 41 194 190 27 3 85 107 5 8 34 17 22 57 10 0 Role: 0
0 40 13 23 2 6 15 20 21 19 26 99 37 83 66 152 58 25 69 79 81 137 175 0 Role: 0
0 56 70 90 91 108 110 118 120 153 156 177 179 16 59 82 126 138 0 Role: 0
0 1 30 54 42 39 64 50 55 44 74 14 171 18 80 86 109 95 94 169 0 Role: 0
0 31 32 45 46 47 48 51 67 12 75 76 87 89 92 97 102 106 136 139 141 165 117 200 0 Role: 0
0 131 119 4 9 28 61 11 35 88 93 0 Role: 0
0 72 52 172 174 77 104 127 150 158 0 Role: 0
0 128 36 0 Role: 1
0 145 116 0 Role: 1
0 24 160 0 Role: 2
0 29 38 73 0 Role: 2
0 123 162 0 Role: 2
0 149 0 Role: 2
0 182 199 0 Role: 2

Số khách: 47
Chi phí: 1.84506e+07
0 191 0 Role: 0
0 12 134 0 Role: 0
0 154 0 Role: 0
0 139 0 Role: 0
0 69 95 53 0 Role: 0
0 88 0 Role: 0
0 103 177 68 152 189 37 129 200 5 0 Role: 0
0 173 50 169 86 4 118 35 0 Role: 0
0 2 116 0 Role: 1
0 16 8 162 0 Role: 1
0 117 158 0 Role: 1
0 123 0 Role: 1
0 199 93 0 Role: 1
0 29 73 182 0 Role: 2
0 14 0 Role: 2
0 149 0 Role: 2
0 128 36 0 Role: 3
0 145 0 Role: 3
0 38 0 Role: 3
0 46 160 0 Role: 4
0 24 0 Role: 4

Số khách: 136
Chi phí: 3.31343e+07
0 23 58 4 47 26 37 21 49 8 16 125 81 105 69 57 33 0 Role: 0
0 40 32 31 66 51 54 42 64 61 68 109 71 83 138 99 126 0 Role: 0
0 103 1 11 6 137 86 9 18 134 159 175 169 0 Role: 0
0 110 43 89 95 127 78 162 112 5 60 82 10 200 173 80 17 189 34 3 176 0 Role: 0
0 67 76 102 97 15 75 20 87 92 106 136 141 139 168 165 0 Role: 0
0 7 13 30 44 41 55 50 39 74 85 27 25 79 94 22 28 152 65 53 59 171 62 0 Role: 0
0 19 12 14 77 107 147 190 153 156 0 Role: 0
0 24 174 38 101 179 104 177 150 0 Role: 0
0 46 73 0 Role: 1
0 123 0 Role: 1
0 35 199 182 88 0 Role: 1
0 2 29 158 0 Role: 2
0 93 117 0 Role: 2
0 128 36 0 Role: 3
0 145 116 0 Role: 3
0 149 0 Role: 4
0 160 0 Role: 5

Số khách: 150
Chi phí: 3.91573e+07
0 56 70 2 6 90 15 20 21 19 23 152 69 22 81 79 25 10 5 8 137 175 0 Role: 0
0 7 40 13 156 66 41 85 58 153 11 16 99 27 0 Role: 0
0 1 30 54 42 39 64 50 55 44 74 14 18 80 86 109 95 94 169 3 17 57 171 59 0 Role: 0
0 29 108 26 37 147 110 174 107 116 167 172 194 158 162 199 88 0 Role: 0
0 24 38 123 101 104 179 150 177 28 35 93 0 Role: 0
0 45 46 32 31 47 67 48 51 12 75 97 102 76 106 136 87 89 92 139 141 165 200 117 82 126 138 34 0 Role: 0
0 63 105 159 189 71 142 181 122 68 33 176 60 49 112 168 78 173 103 134 53 43 62 65 125 0 Role: 0
0 170 83 190 61 9 4 118 127 0 Role: 0
0 160 0 Role: 1
0 182 0 Role: 1
0 128 36 0 Role: 2
0 145 0 Role: 2
0 149 73 0 Role: 2

Số khách: 107
Chi phí: 2.86678e+07
0 36 40 135 24 29 30 103 44 41 50 87 89 55 189 79 190 85 73 112 81 94 137 159 169 138 176 27 34 0 Role: 0
0 1 2 5 43 33 25 19 16 8 53 62 57 171 59 0 Role: 0
0 125 14 12 3 28 65 18 35 0 Role: 0
0 23 4 6 26 15 37 20 21 49 60 105 175 95 69 152 68 0 Role: 0
0 7 78 9 22 17 61 11 10 82 126 200 0 Role: 0
0 13 0 Role: 0
0 32 31 58 64 39 54 38 0 Role: 0
0 71 83 74 42 47 80 66 51 0 Role: 0
0 128 182 88 0 Role: 1
0 149 116 0 Role: 1
0 46 93 162 0 Role: 2
0 117 123 0 Role: 2
0 158 0 Role: 2
0 199 0 Role: 2
0 145 0 Role: 3
0 160 0 Role: 3

Số khách: 128
Chi phí: 3.20994e+07
0 168 156 4 6 200 162 116 16 8 0 Role: 0
0 51 54 42 39 64 26 47 66 61 69 71 83 99 78 35 43 82 125 126 0 Role: 0
0 12 23 68 95 105 20 25 19 60 174 0 Role: 0
0 38 49 21 3 147 37 136 106 153 5 10 17 171 59 53 0 Role: 0
0 36 40 135 24 29 30 103 44 41 50 87 89 55 189 79 190 85 73 112 81 94 137 159 169 138 176 27 34 0 Role: 0
0 7 13 1 48 58 67 52 15 74 75 97 102 76 109 86 80 127 134 92 165 0 Role: 0
0 141 107 104 139 158 11 22 33 57 62 65 152 173 175 0 Role: 0
0 2 0 Role: 0
0 46 160 0 Role: 1
0 128 182 88 0 Role: 1
0 93 117 0 Role: 2
0 123 0 Role: 2
0 199 0 Role: 2
0 14 0 Role: 3
0 149 0 Role: 3
0 145 0 Role: 4

Số khách: 110
Chi phí: 3.01419e+07
0 141 107 104 139 158 11 28 22 33 57 62 65 152 173 175 0 Role: 0
0 36 40 135 24 29 30 103 44 41 50 87 89 55 189 79 190 85 73 112 81 94 137 159 169 138 176 27 34 0 Role: 0
0 2 4 6 9 18 123 162 199 8 16 88 93 117 168 200 0 Role: 0
0 38 49 21 3 147 37 136 106 153 5 10 17 171 59 53 0 Role: 0
0 51 54 42 39 64 26 47 66 61 69 71 83 99 78 35 43 82 125 126 0 Role: 0
0 1 7 0 Role: 0
0 12 19 20 23 0 Role: 0
0 13 15 25 60 0 Role: 0
0 145 0 Role: 1
0 149 116 0 Role: 1
0 46 160 0 Role: 2
0 128 182 0 Role: 2
0 14 0 Role: 3

Số khách: 137
Chi phí: 3.56041e+07
0 103 1 11 6 137 86 9 18 134 159 175 169 3 17 34 0 Role: 0
0 24 174 38 101 179 104 177 150 5 10 43 78 82 173 176 0 Role: 0
0 7 13 30 44 41 55 50 39 74 85 27 25 79 94 22 28 152 65 53 59 171 62 200 0 Role: 0
0 40 32 31 66 51 54 42 64 61 68 109 71 83 138 99 126 60 95 189 0 Role: 0
0 67 76 102 97 15 75 20 87 92 106 136 141 139 168 165 80 0 Role: 0
0 19 12 14 77 107 147 190 153 156 112 162 0 Role: 0
0 23 58 4 47 26 37 21 49 8 16 125 81 105 69 57 33 0 Role: 0
0 45 48 52 89 0 Role: 0
0 46 73 0 Role: 1
0 123 0 Role: 1
0 35 199 182 88 0 Role: 1
0 2 29 158 0 Role: 2
0 93 117 0 Role: 2
0 128 36 0 Role: 3
0 145 116 0 Role: 3
0 160 0 Role: 4
0 149 0 Role: 5

Số khách: 85
Chi phí: 2.63081e+07
0 45 46 32 31 47 67 48 51 12 75 97 102 76 106 136 87 89 92 139 141 165 200 117 82 126 138 34 0 Role: 0
0 23 20 61 95 69 109 159 169 25 176 3 27 0 Role: 0
0 1 0 Role: 0
0 4 6 0 Role: 0
0 7 9 0 Role: 0
0 10 11 17 22 28 33 43 53 0 Role: 0
0 13 0 Role: 0
0 15 18 57 59 62 65 79 81 125 0 Role: 0
0 128 36 0 Role: 1
0 145 0 Role: 1
0 73 5 149 116 0 Role: 1
0 2 29 158 0 Role: 2
0 8 0 Role: 2
0 16 35 162 0 Role: 2
0 88 93 199 0 Role: 2
0 14 0 Role: 3
0 123 38 0 Role: 3
0 182 0 Role: 3
0 24 0 Role: 4
0 160 0 Role: 4

Số khách: 98
Chi phí: 2.83823e+07
0 156 65 66 80 28 55 87 149 85 89 92 62 171 162 112 158 43 79 57 22 125 0 Role: 0
0 160 140 179 33 81 99 21 60 5 88 27 34 105 94 175 17 137 152 10 53 0 Role: 0
0 23 20 61 95 69 109 159 169 25 176 3 138 0 Role: 0
0 1 4 0 Role: 0
0 16 19 11 6 9 59 68 78 35 82 126 173 200 0 Role: 0
0 7 0 Role: 0
0 12 18 58 71 83 189 190 0 Role: 0
0 24 13 30 26 39 15 37 38 0 Role: 0
0 145 0 Role: 1
0 182 8 0 Role: 1
0 36 2 29 0 Role: 2
0 14 116 0 Role: 2
0 46 0 Role: 3
0 93 0 Role: 3
0 117 123 0 Role: 3
0 199 0 Role: 3
0 128 0 Role: 4

Số khách: 122
Chi phí: 3.19356e+07
0 11 22 6 4 152 65 173 8 16 200 0 Role: 0
0 7 13 1 48 58 67 52 15 74 75 97 102 76 109 86 80 127 134 92 165 68 105 95 0 Role: 0
0 38 49 21 3 147 37 136 106 153 5 10 17 171 59 53 33 57 62 175 0 Role: 0
0 36 40 135 24 29 30 103 44 41 50 87 89 55 189 79 190 85 73 112 81 94 137 159 169 138 176 27 34 0 Role: 0
0 51 54 42 39 64 26 47 66 61 69 71 83 99 78 35 43 82 125 126 0 Role: 0
0 9 0 Role: 0
0 168 12 141 28 18 0 Role: 0
0 19 0 Role: 0
0 145 0 Role: 1
0 160 149 158 0 Role: 1
0 128 88 0 Role: 2
0 123 2 117 0 Role: 3
0 199 93 162 0 Role: 3
0 14 116 0 Role: 4
0 46 182 0 Role: 5

Số khách: 67
Chi phí: 2.31368e+07
0 174 126 27 71 52 91 175 26 78 34 16 5 0 Role: 0
0 103 135 0 Role: 0
0 104 0 Role: 0
0 97 80 4 161 122 0 Role: 0
0 113 45 0 Role: 0
0 137 44 150 0 Role: 0
0 133 138 81 149 134 0 Role: 0
0 63 76 90 15 75 166 39 127 187 68 9 57 17 33 10 88 93 0 Role: 0
0 123 38 0 Role: 1
0 14 0 Role: 1
0 35 199 162 116 0 Role: 1
0 117 8 0 Role: 1
0 158 0 Role: 1
0 24 160 0 Role: 2
0 73 182 0 Role: 2
0 145 0 Role: 3
0 46 29 36 0 Role: 3
0 2 0 Role: 3
0 128 0 Role: 4

Số khách: 78
Chi phí: 2.55966e+07
0 2 50 67 39 166 97 54 14 38 73 104 8 167 107 174 126 172 82 117 16 3 17 53 171 0 Role: 0
0 103 9 68 192 78 199 11 19 22 57 62 65 125 0 Role: 0
0 160 140 179 33 81 99 21 60 5 88 27 34 105 94 175 137 152 10 59 173 200 0 Role: 0
0 1 0 Role: 0
0 4 0 Role: 0
0 6 0 Role: 0
0 7 0 Role: 0
0 12 18 0 Role: 0
0 182 35 116 0 Role: 1
0 24 0 Role: 2
0 29 0 Role: 2
0 36 93 162 0 Role: 2
0 123 0 Role: 2
0 158 0 Role: 2
0 46 149 0 Role: 3
0 128 0 Role: 4
0 145 0 Role: 4

Số khách: 61
Chi phí: 2.18635e+07
0 45 125 99 97 141 43 5 112 0 Role: 0
0 173 109 179 0 Role: 0
0 190 155 0 Role: 0
0 79 153 10 117 162 0 Role: 0
0 174 116 169 159 134 0 Role: 0
0 2 21 87 67 17 44 68 123 73 22 71 27 62 171 65 0 Role: 0
0 196 78 122 120 0 Role: 0
0 115 0 Role: 0
0 199 182 0 Role: 1
0 88 93 8 0 Role: 1
0 16 158 0 Role: 1
0 35 0 Role: 1
0 36 14 0 Role: 2
0 149 0 Role: 2
0 29 0 Role: 3
0 145 0 Role: 3
0 38 0 Role: 3
0 128 0 Role: 4
0 24 160 0 Role: 4
0 46 0 Role: 5

Số khách: 57
Chi phí: 2.07281e+07
0 137 165 117 126 0 Role: 0
0 16 58 9 152 0 Role: 0
0 29 0 Role: 0
0 103 108 75 74 14 0 Role: 0
0 63 105 159 189 71 142 181 122 68 33 112 0 Role: 0
0 53 129 172 99 17 109 28 153 82 0 Role: 0
0 50 0 Role: 0
0 191 0 Role: 0
0 36 88 8 0 Role: 1
0 162 158 0 Role: 1
0 35 93 199 5 0 Role: 1
0 182 116 0 Role: 2
0 123 0 Role: 2
0 24 160 0 Role: 3
0 145 0 Role: 3
0 149 0 Role: 3
0 73 0 Role: 3
0 38 0 Role: 4
0 128 0 Role: 5
0 2 0 Role: 5
0 46 0 Role: 6

Số khách: 69
Chi phí: 2.47782e+07
0 69 95 190 157 39 173 23 176 174 0 Role: 0
0 11 170 74 83 102 44 53 0 Role: 0
0 131 119 0 Role: 0
0 30 17 117 199 0 Role: 0
0 21 160 140 179 5 33 81 99 60 0 Role: 0
0 24 79 94 80 175 61 59 73 8 0 Role: 0
0 137 108 12 123 200 97 34 138 25 0 Role: 0
0 66 76 161 0 Role: 0
0 29 182 35 0 Role: 1
0 16 88 162 0 Role: 1
0 158 0 Role: 1
0 93 0 Role: 1
0 38 0 Role: 2
0 149 116 0 Role: 2
0 14 0 Role: 3
0 36 2 0 Role: 4
0 145 0 Role: 4
0 46 0 Role: 5
0 128 0 Role: 5

Số khách: 118
Chi phí: 3.09641e+07
0 38 49 21 3 147 37 136 106 153 5 125 10 17 171 59 53 0 Role: 0
0 2 4 28 6 43 82 126 16 8 200 0 Role: 0
0 7 13 1 48 58 67 52 15 74 75 97 102 76 109 86 80 127 134 92 165 162 35 168 0 Role: 0
0 36 40 135 24 29 30 103 44 41 50 87 89 55 189 79 190 85 73 112 81 94 137 159 169 138 176 27 34 0 Role: 0
0 104 139 11 62 57 22 33 141 158 65 152 175 173 0 Role: 0
0 12 23 68 95 105 20 25 19 60 174 78 0 Role: 0
0 9 18 61 0 Role: 0
0 26 0 Role: 0
0 14 0 Role: 1
0 149 116 0 Role: 1
0 145 0 Role: 2
0 46 160 0 Role: 3
0 128 182 88 0 Role: 3
0 93 117 0 Role: 4
0 123 0 Role: 4
0 199 0 Role: 4

Số khách: 49
Chi phí: 1.9252e+07
0 158 0 Role: 0
0 192 0 Role: 0
0 100 157 64 165 0 Role: 0
0 56 154 189 0 Role: 0
0 39 159 0 Role: 0
0 135 43 81 94 86 59 139 5 35 0 Role: 0
0 168 196 115 26 118 0 Role: 0
0 72 29 51 0 Role: 0
0 73 117 116 0 Role: 1
0 88 93 162 0 Role: 1
0 16 8 0 Role: 1
0 123 0 Role: 1
0 199 0 Role: 1
0 2 182 0 Role: 2
0 149 0 Role: 2
0 36 38 0 Role: 3
0 14 0 Role: 3
0 24 160 0 Role: 4
0 128 0 Role: 4
0 145 0 Role: 4
0 46 0 Role: 5

Số khách: 91
Chi phí: 2.65409e+07
0 110 43 89 95 127 78 162 112 5 60 3 34 189 17 80 200 10 82 0 Role: 0
0 7 13 30 44 41 55 50 39 74 85 27 25 79 94 22 28 152 65 53 59 171 62 0 Role: 0
0 52 72 147 172 174 77 16 104 8 33 57 81 125 0 Role: 0
0 11 1 6 9 18 0 Role: 0
0 12 14 19 0 Role: 0
0 15 20 0 Role: 0
0 21 23 58 26 47 37 49 0 Role: 0
0 31 0 Role: 0
0 46 73 0 Role: 1
0 123 0 Role: 1
0 35 199 182 88 0 Role: 1
0 24 160 0 Role: 2
0 128 36 0 Role: 3
0 145 116 0 Role: 3
0 2 29 158 0 Role: 4
0 93 117 0 Role: 4
0 38 0 Role: 5
0 149 0 Role: 5

Số khách: 64
Chi phí: 2.23051e+07
0 23 68 12 41 110 158 0 Role: 0
0 123 48 180 9 171 0 Role: 0
0 66 28 80 65 156 149 0 Role: 0
0 53 173 34 117 0 Role: 0
0 186 168 185 19 43 194 57 62 93 175 79 0 Role: 0
0 8 0 Role: 0
0 125 49 167 27 121 189 69 33 61 137 0 Role: 0
0 170 118 0 Role: 0
0 14 116 0 Role: 1
0 35 162 73 5 0 Role: 1
0 199 88 0 Role: 1
0 16 0 Role: 1
0 36 29 38 0 Role: 2
0 182 0 Role: 2
0 46 160 0 Role: 3
0 145 0 Role: 3
0 128 0 Role: 3
0 24 0 Role: 3
0 2 0 Role: 3

Số khách: 116
Chi phí: 3.04553e+07
0 2 50 67 39 166 97 54 14 38 73 167 3 172 174 107 16 104 53 17 62 171 0 Role: 0
0 23 20 61 95 69 109 159 169 25 176 125 0 Role: 0
0 7 127 12 64 47 76 41 86 103 150 177 165 57 22 189 138 43 0 Role: 0
0 160 140 179 33 81 99 21 60 5 88 27 34 105 94 175 137 152 59 10 173 200 0 Role: 0
0 1 11 79 6 28 4 65 68 8 126 0 Role: 0
0 32 31 9 18 78 35 117 82 0 Role: 0
0 13 15 19 0 Role: 0
0 29 30 44 66 58 26 71 37 49 83 190 141 0 Role: 0
0 46 0 Role: 1
0 128 36 0 Role: 1
0 24 116 0 Role: 2
0 199 93 162 0 Role: 2
0 123 0 Role: 2
0 158 0 Role: 2
0 145 0 Role: 3
0 149 0 Role: 3
0 182 0 Role: 3

Số khách: 93
Chi phí: 2.83411e+07
0 5 158 3 27 34 22 17 10 53 59 0 Role: 0
0 43 81 33 57 28 9 11 62 192 125 0 Role: 0
0 23 20 61 95 69 109 159 169 25 176 138 0 Role: 0
0 7 127 12 64 47 76 41 86 103 150 177 165 65 137 189 79 171 0 Role: 0
0 1 0 Role: 0
0 15 6 4 0 Role: 0
0 13 18 58 68 78 82 99 126 175 0 Role: 0
0 19 21 26 30 37 39 44 49 60 0 Role: 0
0 24 160 0 Role: 1
0 128 36 0 Role: 1
0 145 0 Role: 1
0 73 117 116 0 Role: 2
0 35 93 162 88 0 Role: 2
0 16 8 0 Role: 2
0 123 0 Role: 2
0 199 0 Role: 2
0 2 29 0 Role: 3
0 14 0 Role: 3
0 38 182 0 Role: 3
0 149 0 Role: 3
0 46 0 Role: 4

Số khách: 79
Chi phí: 2.57502e+07
0 63 105 159 189 71 142 181 122 68 33 176 60 49 112 168 78 173 103 134 53 43 62 65 125 0 Role: 0
0 1 0 Role: 0
0 3 0 Role: 0
0 4 6 0 Role: 0
0 7 9 10 11 17 22 0 Role: 0
0 34 27 12 79 57 18 59 0 Role: 0
0 13 23 69 28 15 20 21 25 19 80 81 0 Role: 0
0 26 30 0 Role: 0
0 14 16 0 Role: 1
0 73 149 158 5 0 Role: 1
0 123 117 0 Role: 1
0 24 160 0 Role: 2
0 38 182 162 0 Role: 2
0 128 36 0 Role: 3
0 145 116 0 Role: 3
0 2 29 0 Role: 4
0 8 35 88 0 Role: 4
0 93 199 0 Role: 4
0 46 0 Role: 5

Số khách: 92
Chi phí: 2.73946e+07
0 1 2 119 6 9 4 61 18 68 88 176 93 10 33 59 0 Role: 0
0 21 20 37 106 159 151 41 89 26 92 134 53 168 158 27 34 83 99 3 81 125 0 Role: 0
0 8 117 175 80 69 28 137 22 105 169 189 79 126 138 0 Role: 0
0 49 162 104 58 95 17 94 71 141 109 57 171 173 200 62 0 Role: 0
0 7 11 12 14 16 0 Role: 0
0 13 0 Role: 0
0 15 19 23 25 0 Role: 0
0 30 0 Role: 0
0 24 160 0 Role: 1
0 128 182 199 35 0 Role: 1
0 38 5 0 Role: 2
0 46 149 116 0 Role: 3
0 123 0 Role: 3
0 29 0 Role: 4
0 36 0 Role: 4
0 73 0 Role: 4
0 145 0 Role: 5

Số khách: 51
Chi phí: 2.03739e+07
0 110 0 Role: 0
0 123 98 172 0 Role: 0
0 16 17 134 199 0 Role: 0
0 189 176 49 0 Role: 0
0 90 140 0 Role: 0
0 71 195 99 34 80 59 10 125 0 Role: 0
0 95 144 33 0 Role: 0
0 32 65 152 136 194 88 0 Role: 0
0 24 160 116 0 Role: 1
0 73 5 93 0 Role: 1
0 35 8 0 Role: 1
0 117 158 0 Role: 1
0 162 0 Role: 1
0 29 149 0 Role: 2
0 182 0 Role: 2
0 14 0 Role: 2
0 36 2 38 0 Role: 3
0 128 0 Role: 4
0 145 0 Role: 4
0 46 0 Role: 5

Số khách: 68
Chi phí: 2.47685e+07
0 97 105 120 91 4 66 144 87 60 165 3 138 0 Role: 0
0 62 119 173 0 Role: 0
0 83 80 58 149 88 0 Role: 0
0 176 10 0 Role: 0
0 140 39 94 150 0 Role: 0
0 89 41 142 200 103 177 73 0 Role: 0
0 78 23 53 156 133 57 27 117 125 59 190 0 Role: 0
0 171 169 112 0 Role: 0
0 162 8 0 Role: 1
0 35 93 199 0 Role: 1
0 123 0 Role: 1
0 16 5 0 Role: 1
0 158 0 Role: 1
0 14 0 Role: 2
0 38 182 0 Role: 2
0 116 0 Role: 2
0 145 0 Role: 3
0 36 2 0 Role: 3
0 24 0 Role: 3
0 29 0 Role: 3
0 128 0 Role: 4
0 160 0 Role: 4
0 46 0 Role: 5

Số khách: 149
Chi phí: 3.8342e+07
0 45 46 32 31 47 67 48 51 12 75 97 102 76 106 136 87 89 92 139 141 165 200 117 82 126 138 34 0 Role: 0
0 1 30 54 42 39 64 50 55 44 74 14 18 80 86 109 95 94 169 3 17 57 171 59 0 Role: 0
0 29 108 26 37 147 110 174 107 116 167 172 194 158 199 162 0 Role: 0
0 63 105 159 189 71 142 181 122 68 33 176 60 49 112 168 78 173 103 134 53 43 62 65 125 0 Role: 0
0 56 70 2 6 90 15 20 21 19 23 152 69 22 81 79 25 10 5 8 137 175 0 Role: 0
0 24 38 123 101 179 104 177 150 0 Role: 0
0 193 127 4 9 28 11 61 190 27 83 99 16 88 93 35 0 Role: 0
0 7 40 13 156 66 41 85 58 153 0 Role: 0
0 128 36 0 Role: 1
0 145 0 Role: 1
0 149 73 0 Role: 1
0 160 0 Role: 2
0 182 0 Role: 2

Số khách: 140
Chi phí: 3.57478e+07
0 104 8 107 172 81 79 22 137 10 175 0 Role: 0
0 29 58 108 26 37 147 110 174 116 80 86 109 95 0 Role: 0
0 193 127 4 9 28 11 61 190 27 83 99 16 88 93 35 199 162 0 Role: 0
0 56 70 2 6 90 15 20 21 19 23 59 152 69 57 17 94 169 25 3 171 0 Role: 0
0 36 30 44 41 55 50 64 39 74 85 156 153 0 Role: 0
0 45 46 32 31 47 67 48 51 12 75 97 102 76 106 136 87 89 92 139 141 165 200 117 82 126 138 34 0 Role: 0
0 63 105 159 189 71 142 181 122 68 33 176 60 49 112 168 78 173 103 134 53 43 62 65 125 0 Role: 0
0 7 13 1 198 66 18 0 Role: 0
0 14 0 Role: 1
0 73 149 158 0 Role: 1
0 123 0 Role: 1
0 24 160 0 Role: 2
0 38 182 0 Role: 2
0 128 0 Role: 3
0 145 0 Role: 3

Số khách: 53
Chi phí: 2.05587e+07
0 32 1 165 156 192 162 0 Role: 0
0 103 155 0 Role: 0
0 19 94 61 59 0 Role: 0
0 137 106 151 26 57 88 0 Role: 0
0 62 35 0 Role: 0
0 95 124 86 109 141 134 171 0 Role: 0
0 105 118 5 8 0 Role: 0
0 44 41 0 Role: 0
0 117 158 0 Role: 1
0 16 0 Role: 1
0 123 0 Role: 1
0 199 93 0 Role: 1
0 2 29 116 0 Role: 2
0 73 0 Role: 2
0 14 0 Role: 3
0 38 182 0 Role: 3
0 149 0 Role: 3
0 128 36 0 Role: 4
0 24 160 0 Role: 4
0 145 0 Role: 4
0 46 0 Role: 5

Số khách: 142
Chi phí: 3.62813e+07
0 38 49 21 3 147 37 136 106 153 5 10 17 171 59 53 33 57 62 175 0 Role: 0
0 51 54 42 39 64 26 47 66 61 69 71 83 99 78 35 43 82 125 126 0 Role: 0
0 7 1 48 58 67 52 15 74 75 97 102 76 109 86 80 127 134 92 165 68 105 95 22 65 152 200 0 Role: 0
0 45 46 32 31 72 20 77 25 19 174 60 8 16 88 93 117 168 173 0 Role: 0
0 12 23 98 101 108 110 118 120 156 177 179 141 0 Role: 0
0 36 40 135 24 29 30 103 44 41 50 87 89 55 189 79 190 85 73 112 81 94 137 159 169 138 176 27 34 0 Role: 0
0 4 6 9 11 18 28 158 162 199 0 Role: 0
0 2 14 104 107 0 Role: 0
0 128 182 0 Role: 1
0 149 116 0 Role: 1
0 123 0 Role: 2
0 145 0 Role: 2
0 160 0 Role: 2

Số khách: 145
Chi phí: 3.71572e+07
0 24 38 101 179 104 177 150 123 158 162 199 0 Role: 0
0 45 46 32 31 47 67 48 51 12 75 97 102 76 106 136 87 89 92 139 141 165 200 117 82 126 138 34 0 Role: 0
0 29 108 26 37 147 110 174 107 116 167 172 194 0 Role: 0
0 56 70 2 6 90 15 20 21 19 23 152 69 137 22 81 79 25 5 10 175 0 Role: 0
0 63 105 159 189 71 142 181 122 68 33 176 60 49 112 168 78 173 103 134 53 43 62 65 125 0 Role: 0
0 1 30 54 42 39 64 50 55 44 74 14 18 80 86 109 95 94 169 3 17 57 171 59 0 Role: 0
0 193 127 4 9 28 11 61 190 27 83 99 16 88 93 35 0 Role: 0
0 7 40 13 66 41 58 0 Role: 0
0 128 36 0 Role: 1
0 145 0 Role: 1
0 73 149 0 Role: 1
0 160 0 Role: 2
0 182 0 Role: 2

Số khách: 144
Chi phí: 3.65247e+07
0 38 49 21 3 147 37 136 106 153 5 10 17 171 59 53 0 Role: 0
0 7 13 1 48 58 67 52 15 74 75 97 102 76 109 86 80 127 134 92 165 68 105 95 0 Role: 0
0 51 54 42 39 64 26 47 66 61 69 71 83 99 78 35 43 82 125 126 0 Role: 0
0 36 40 135 24 29 30 103 44 41 50 87 89 55 189 79 190 85 73 112 81 94 137 159 169 138 176 27 34 0 Role: 0
0 2 4 6 9 18 123 162 199 8 16 88 93 117 168 200 0 Role: 0
0 141 107 104 139 158 11 28 22 33 57 62 65 152 173 175 0 Role: 0
0 45 46 32 31 72 20 77 25 19 174 60 0 Role: 0
0 12 23 98 101 108 110 118 120 156 177 179 0 Role: 0
0 128 182 0 Role: 1
0 149 0 Role: 1
0 145 0 Role: 2
0 160 0 Role: 2
0 14 116 0 Role: 3

Số khách: 147
Chi phí: 3.78323e+07
0 193 127 4 9 28 11 61 190 27 83 99 16 88 93 35 0 Role: 0
0 63 105 159 189 71 142 181 122 68 33 176 60 49 112 168 78 173 103 134 53 43 62 65 125 0 Role: 0
0 56 70 2 6 90 15 20 21 19 23 152 69 137 22 81 79 25 5 10 175 0 Role: 0
0 24 38 101 179 104 177 150 123 158 162 8 199 0 Role: 0
0 1 30 54 42 39 64 50 55 44 74 14 18 80 86 109 95 94 169 3 17 57 171 59 0 Role: 0
0 45 46 32 31 47 67 48 51 12 75 97 102 76 106 136 87 89 92 139 141 165 200 117 82 126 138 34 0 Role: 0
0 29 108 26 37 147 110 174 107 116 167 172 194 0 Role: 0
0 66 58 77 155 156 198 153 0 Role: 0
0 128 36 0 Role: 1
0 145 0 Role: 1
0 73 149 0 Role: 1
0 160 0 Role: 2
0 182 0 Role: 2

Số khách: 146
Chi phí: 3.77016e+07
0 63 105 159 189 71 142 181 122 68 33 176 60 49 112 168 78 173 103 134 53 43 62 65 125 0 Role: 0
0 1 30 54 42 39 64 50 55 44 74 14 18 80 86 109 95 94 169 3 17 57 171 59 0 Role: 0
0 193 127 4 9 28 11 61 190 27 83 99 16 88 93 35 199 162 0 Role: 0
0 45 46 32 31 47 67 48 51 12 75 97 102 76 106 136 87 89 92 139 141 165 200 117 82 126 138 34 0 Role: 0
0 24 38 101 179 104 177 150 123 158 0 Role: 0
0 29 108 26 37 147 110 174 107 167 172 194 0 Role: 0
0 56 70 2 6 90 15 20 21 19 23 152 69 22 81 79 25 10 5 8 137 175 0 Role: 0
0 7 40 13 58 66 41 85 0 Role: 0
0 128 36 0 Role: 1
0 145 0 Role: 1
0 149 73 0 Role: 1
0 160 0 Role: 2
0 182 0 Role: 2

