Số khách: 200
Chi phí: 2.56288e+07
0 8 52 38 58 47 165 3 170 89 102 104 12 138 2 111 163 118 15 22 25 29 97 150 36 80 26 35 174 0 Role: 0
0 70 110 160 19 60 149 115 86 75 114 175 189 137 152 196 77 0 Role: 0
0 164 142 135 81 7 87 74 158 127 177 4 41 186 71 172 63 23 94 20 188 31 198 99 191 0 Role: 0
0 93 13 194 46 92 51 78 62 141 143 179 123 95 162 14 83 185 0 Role: 0
0 107 109 0 Role: 0
0 139 171 0 Role: 0
0 183 193 195 0 Role: 0
0 100 169 124 73 0 Role: 1
0 181 130 0 Role: 1
0 129 126 161 0 Role: 1
0 61 0 Role: 1
0 120 0 Role: 1
0 37 6 0 Role: 2
0 53 147 0 Role: 2
0 76 156 153 28 0 Role: 3
0 24 0 Role: 3
0 65 144 44 0 Role: 3
0 103 9 200 0 Role: 3
0 1 56 184 84 0 Role: 3
0 155 105 128 0 Role: 3
0 79 18 180 0 Role: 3
0 192 54 0 Role: 3
0 178 42 173 154 0 Role: 3
0 133 108 134 0 Role: 3
0 131 0 Role: 3
0 10 88 72 112 0 Role: 3
0 159 166 0 Role: 3
0 132 16 0 Role: 4
0 49 57 0 Role: 4
0 27 199 146 0 Role: 4
0 91 11 0 Role: 5
0 33 168 21 0 Role: 5
0 30 197 136 0 Role: 5
0 69 40 0 Role: 6
0 32 113 0 Role: 6
0 64 145 116 0 Role: 6
0 148 167 0 Role: 6
0 125 34 0 Role: 6
0 101 0 Role: 6
0 55 122 45 0 Role: 7
0 68 96 0 Role: 7
0 5 0 Role: 7
0 176 98 0 Role: 7
0 106 43 50 0 Role: 8
0 187 39 66 0 Role: 8
0 90 0 Role: 8
0 67 0 Role: 8
0 59 0 Role: 8
0 85 117 0 Role: 8
0 121 0 Role: 8
0 151 157 0 Role: 8
0 17 0 Role: 8
0 48 182 0 Role: 9
0 140 0 Role: 9
0 82 190 0 Role: 10
0 119 0 Role: 11

Số khách: 31
Chi phí: 3.22569e+06
0 57 166 191 14 2 24 10 110 77 9 72 56 15 159 162 154 42 173 174 12 54 0 Role: 0
0 73 7 1 147 21 35 0 Role: 1
0 6 17 37 95 0 Role: 1

Số khách: 173
Chi phí: 1.76769e+07
0 164 142 135 81 7 87 74 158 127 177 4 41 186 71 172 63 23 94 20 188 191 141 198 2 12 15 19 25 97 150 174 0 Role: 0
0 8 52 38 58 47 165 3 170 89 102 104 163 118 111 35 14 138 13 46 51 78 62 162 92 83 185 143 95 123 22 26 29 36 80 99 137 152 0 Role: 0
0 45 113 57 0 Role: 1
0 182 157 194 0 Role: 1
0 27 48 0 Role: 2
0 140 0 Role: 2
0 106 43 50 0 Role: 3
0 187 39 66 0 Role: 3
0 90 0 Role: 3
0 67 0 Role: 3
0 59 0 Role: 3
0 85 117 0 Role: 3
0 121 0 Role: 3
0 151 0 Role: 3
0 17 0 Role: 3
0 100 169 124 0 Role: 4
0 181 130 0 Role: 4
0 129 126 161 0 Role: 4
0 61 0 Role: 4
0 120 0 Role: 4
0 91 11 0 Role: 5
0 33 168 21 0 Role: 5
0 30 197 136 0 Role: 5
0 37 6 0 Role: 6
0 53 147 0 Role: 6
0 69 40 0 Role: 7
0 32 132 0 Role: 7
0 64 145 116 0 Role: 7
0 167 148 0 Role: 7
0 125 34 0 Role: 7
0 101 0 Role: 7
0 76 156 153 28 0 Role: 8
0 24 0 Role: 8
0 65 144 44 0 Role: 8
0 103 9 200 0 Role: 8
0 1 56 184 84 0 Role: 8
0 155 105 128 0 Role: 8
0 79 18 180 0 Role: 8
0 192 54 0 Role: 8
0 178 42 173 154 0 Role: 8
0 133 108 134 0 Role: 8
0 131 0 Role: 8
0 88 10 112 72 0 Role: 8
0 159 166 0 Role: 8
0 55 122 73 0 Role: 9
0 68 96 0 Role: 9
0 5 146 0 Role: 9
0 176 98 0 Role: 9
0 16 82 0 Role: 10

Số khách: 177
Chi phí: 1.95142e+07
0 150 140 26 2 12 15 22 25 29 31 36 77 97 99 137 152 0 Role: 0
0 8 52 38 58 47 165 3 170 89 102 104 163 118 111 35 14 138 13 46 51 78 62 162 92 83 185 143 95 123 19 20 41 71 75 110 114 160 175 0 Role: 0
0 4 60 63 86 93 94 115 141 179 189 196 0 Role: 0
0 91 11 68 0 Role: 1
0 33 168 21 0 Role: 1
0 30 197 136 191 0 Role: 1
0 100 169 124 0 Role: 2
0 181 130 0 Role: 2
0 129 126 161 0 Role: 2
0 61 23 0 Role: 2
0 120 0 Role: 2
0 73 48 80 146 174 0 Role: 3
0 45 113 57 55 0 Role: 4
0 82 182 157 0 Role: 4
0 76 156 153 28 0 Role: 5
0 24 0 Role: 5
0 65 144 44 0 Role: 5
0 103 9 200 0 Role: 5
0 1 56 184 84 0 Role: 5
0 155 105 128 0 Role: 5
0 79 18 180 0 Role: 5
0 192 54 0 Role: 5
0 178 42 173 154 0 Role: 5
0 133 108 134 0 Role: 5
0 131 0 Role: 5
0 88 10 112 72 0 Role: 5
0 159 166 0 Role: 5
0 37 0 Role: 6
0 53 147 0 Role: 6
0 69 40 0 Role: 7
0 32 0 Role: 7
0 64 145 116 0 Role: 7
0 167 148 0 Role: 7
0 125 34 0 Role: 7
0 101 0 Role: 7
0 106 43 50 0 Role: 8
0 187 39 66 0 Role: 8
0 90 177 0 Role: 8
0 67 98 0 Role: 8
0 59 0 Role: 8
0 85 117 0 Role: 8
0 121 0 Role: 8
0 151 0 Role: 8
0 17 0 Role: 8
0 119 5 0 Role: 9
0 190 194 0 Role: 9
0 132 16 0 Role: 10
0 49 176 0 Role: 10
0 27 199 87 0 Role: 10
0 7 0 Role: 11

Số khách: 191
Chi phí: 2.20227e+07
0 8 52 38 58 47 165 3 170 89 102 104 163 118 111 35 14 138 13 46 51 78 62 162 92 83 185 143 95 123 0 Role: 0
0 164 142 135 81 7 87 74 158 127 177 4 41 186 71 172 63 23 94 20 188 191 141 198 0 Role: 0
0 149 115 70 160 75 19 60 86 110 114 175 189 196 0 Role: 0
0 150 140 26 2 12 15 22 25 29 31 36 77 97 99 137 152 0 Role: 0
0 45 113 57 0 Role: 1
0 82 182 157 0 Role: 1
0 73 48 80 146 174 0 Role: 2
0 106 43 50 0 Role: 3
0 187 39 66 0 Role: 3
0 90 0 Role: 3
0 67 0 Role: 3
0 59 0 Role: 3
0 85 117 0 Role: 3
0 121 0 Role: 3
0 151 0 Role: 3
0 17 0 Role: 3
0 132 16 0 Role: 4
0 49 0 Role: 4
0 27 199 0 Role: 4
0 69 40 0 Role: 5
0 32 0 Role: 5
0 64 145 116 0 Role: 5
0 167 148 0 Role: 5
0 125 34 0 Role: 5
0 101 0 Role: 5
0 37 6 0 Role: 6
0 53 147 0 Role: 6
0 119 0 Role: 7
0 190 194 0 Role: 7
0 91 11 0 Role: 8
0 33 168 21 0 Role: 8
0 30 197 136 0 Role: 8
0 76 156 153 28 0 Role: 9
0 24 0 Role: 9
0 65 144 44 0 Role: 9
0 103 9 200 0 Role: 9
0 1 56 184 84 0 Role: 9
0 155 105 128 0 Role: 9
0 79 18 180 0 Role: 9
0 192 54 0 Role: 9
0 178 42 173 154 0 Role: 9
0 133 108 134 0 Role: 9
0 131 0 Role: 9
0 88 10 112 72 0 Role: 9
0 159 166 0 Role: 9
0 100 169 124 0 Role: 10
0 181 130 0 Role: 10
0 129 126 161 0 Role: 10
0 61 0 Role: 10
0 120 0 Role: 10
0 55 122 0 Role: 11
0 68 96 0 Role: 11
0 5 0 Role: 11
0 176 98 0 Role: 11

Số khách: 198
Chi phí: 2.42995e+07
0 93 13 194 46 92 51 78 62 141 143 179 123 95 162 14 83 185 0 Role: 0
0 171 195 139 96 5 68 98 0 Role: 0
0 164 142 135 81 7 87 74 158 127 177 4 41 186 71 172 63 23 94 20 188 31 198 99 191 0 Role: 0
0 70 110 160 19 60 149 115 86 75 114 175 189 137 152 196 77 0 Role: 0
0 8 52 38 58 47 165 3 170 89 102 104 12 138 2 111 163 118 15 22 25 29 97 150 36 80 26 35 174 0 Role: 0
0 45 55 107 176 109 183 0 Role: 0
0 106 43 50 0 Role: 1
0 187 39 66 0 Role: 1
0 90 0 Role: 1
0 67 0 Role: 1
0 59 0 Role: 1
0 85 117 0 Role: 1
0 121 0 Role: 1
0 151 157 0 Role: 1
0 17 0 Role: 1
0 69 40 0 Role: 2
0 32 113 0 Role: 2
0 64 145 116 0 Role: 2
0 148 167 0 Role: 2
0 125 34 0 Role: 2
0 101 0 Role: 2
0 91 11 0 Role: 3
0 33 168 21 0 Role: 3
0 30 197 136 0 Role: 3
0 37 6 0 Role: 4
0 53 147 0 Role: 4
0 82 190 0 Role: 5
0 76 156 153 28 0 Role: 6
0 24 0 Role: 6
0 65 144 44 0 Role: 6
0 103 9 200 0 Role: 6
0 1 56 184 84 0 Role: 6
0 155 105 128 0 Role: 6
0 79 18 180 0 Role: 6
0 192 54 0 Role: 6
0 178 42 173 154 0 Role: 6
0 133 108 134 0 Role: 6
0 131 0 Role: 6
0 10 88 72 112 0 Role: 6
0 159 166 0 Role: 6
0 119 0 Role: 7
0 132 16 0 Role: 8
0 49 57 0 Role: 8
0 27 199 146 0 Role: 8
0 100 169 124 73 0 Role: 9
0 181 130 0 Role: 9
0 129 126 161 0 Role: 9
0 61 0 Role: 9
0 120 0 Role: 9
0 48 182 0 Role: 10
0 140 0 Role: 10

Số khách: 192
Chi phí: 2.34461e+07
0 93 13 194 46 92 51 78 62 141 143 179 123 95 162 14 83 185 0 Role: 0
0 150 140 26 2 12 15 22 25 29 31 36 77 97 99 137 152 0 Role: 0
0 127 158 74 87 7 81 135 142 164 177 4 41 186 71 172 63 23 94 20 188 198 191 0 Role: 0
0 149 115 70 160 75 19 60 86 110 114 175 189 196 0 Role: 0
0 8 52 38 58 47 165 3 170 89 102 104 138 111 118 163 0 Role: 0
0 76 156 153 28 0 Role: 1
0 24 0 Role: 1
0 65 144 44 0 Role: 1
0 103 9 200 0 Role: 1
0 1 56 184 84 0 Role: 1
0 155 105 128 0 Role: 1
0 79 18 180 0 Role: 1
0 192 54 0 Role: 1
0 178 42 173 154 0 Role: 1
0 133 108 134 0 Role: 1
0 131 0 Role: 1
0 88 10 112 72 0 Role: 1
0 159 166 0 Role: 1
0 73 48 80 146 174 0 Role: 2
0 55 122 0 Role: 3
0 68 96 0 Role: 3
0 5 0 Role: 3
0 176 98 0 Role: 3
0 45 113 57 0 Role: 4
0 82 182 157 0 Role: 4
0 37 6 0 Role: 5
0 53 147 0 Role: 5
0 100 169 124 0 Role: 6
0 181 130 0 Role: 6
0 129 126 161 0 Role: 6
0 61 0 Role: 6
0 120 0 Role: 6
0 69 40 0 Role: 7
0 32 0 Role: 7
0 64 145 116 0 Role: 7
0 167 148 0 Role: 7
0 125 34 0 Role: 7
0 101 0 Role: 7
0 91 11 0 Role: 8
0 33 168 21 0 Role: 8
0 30 197 136 0 Role: 8
0 132 16 0 Role: 9
0 49 0 Role: 9
0 27 199 0 Role: 9
0 106 43 50 0 Role: 10
0 187 39 66 0 Role: 10
0 90 0 Role: 10
0 67 0 Role: 10
0 59 0 Role: 10
0 85 117 0 Role: 10
0 121 0 Role: 10
0 151 0 Role: 10
0 17 0 Role: 10
0 119 0 Role: 11
0 190 0 Role: 11

Số khách: 73
Chi phí: 4.96642e+06
0 200 188 157 145 149 172 116 83 85 192 2 10 56 144 15 120 131 12 154 159 173 0 Role: 0
0 100 119 182 40 0 Role: 1
0 113 34 91 197 0 Role: 1
0 132 5 0 Role: 1
0 176 187 39 96 66 156 0 Role: 1
0 190 21 0 Role: 1
0 130 134 84 73 0 Role: 2
0 147 6 0 Role: 2
0 125 18 26 180 0 Role: 2
0 95 140 184 128 0 Role: 2
0 72 9 108 65 88 0 Role: 2
0 14 42 191 23 0 Role: 2
0 123 148 153 0 Role: 2
0 24 103 133 0 Role: 2
0 150 53 162 35 174 0 Role: 2

Số khách: 183
Chi phí: 2.13162e+07
0 164 142 135 81 7 87 74 158 127 177 4 41 186 71 172 63 23 94 20 188 191 141 198 2 12 15 19 25 97 150 174 0 Role: 0
0 8 52 38 58 47 165 3 170 89 102 104 163 118 111 35 14 138 13 46 51 78 62 162 92 83 185 143 95 123 22 26 29 36 80 99 137 152 0 Role: 0
0 31 49 60 70 75 0 Role: 0
0 77 86 93 0 Role: 0
0 37 6 0 Role: 1
0 53 147 0 Role: 1
0 55 122 73 0 Role: 2
0 68 96 0 Role: 2
0 5 146 0 Role: 2
0 176 98 0 Role: 2
0 106 43 50 0 Role: 3
0 187 39 66 0 Role: 3
0 90 0 Role: 3
0 67 0 Role: 3
0 59 0 Role: 3
0 85 117 0 Role: 3
0 121 0 Role: 3
0 151 0 Role: 3
0 17 0 Role: 3
0 45 113 57 0 Role: 4
0 182 157 0 Role: 4
0 76 156 153 28 0 Role: 5
0 24 0 Role: 5
0 65 144 44 0 Role: 5
0 103 9 200 0 Role: 5
0 1 56 184 84 0 Role: 5
0 155 105 128 0 Role: 5
0 79 18 180 0 Role: 5
0 192 54 0 Role: 5
0 178 42 173 154 0 Role: 5
0 133 108 134 0 Role: 5
0 131 0 Role: 5
0 88 10 112 72 0 Role: 5
0 159 166 0 Role: 5
0 119 16 199 0 Role: 6
0 190 194 0 Role: 6
0 69 40 0 Role: 7
0 32 132 0 Role: 7
0 64 145 116 0 Role: 7
0 167 148 0 Role: 7
0 125 34 0 Role: 7
0 101 0 Role: 7
0 100 169 124 0 Role: 8
0 181 130 0 Role: 8
0 129 126 161 0 Role: 8
0 61 0 Role: 8
0 120 0 Role: 8
0 91 11 0 Role: 9
0 33 168 21 0 Role: 9
0 30 197 136 0 Role: 9
0 27 48 0 Role: 10
0 140 0 Role: 10

Số khách: 83
Chi phí: 5.54134e+06
0 2 12 92 80 98 128 15 25 143 29 97 114 95 103 174 99 36 175 0 Role: 0
0 68 156 66 130 0 Role: 1
0 184 146 21 0 Role: 1
0 197 90 116 0 Role: 1
0 33 136 14 180 0 Role: 1
0 147 148 112 153 0 Role: 1
0 125 85 30 35 73 0 Role: 1
0 18 91 23 34 191 0 Role: 1
0 1 20 194 44 0 Role: 1
0 134 133 0 Role: 1
0 56 84 105 150 0 Role: 1
0 123 6 0 Role: 1
0 155 140 0 Role: 1
0 173 178 61 192 0 Role: 1
0 72 108 65 0 Role: 1
0 88 137 0 Role: 1
0 162 53 144 0 Role: 1
0 79 0 Role: 1
0 24 19 26 0 Role: 1
0 120 0 Role: 1
0 159 166 0 Role: 1
0 10 0 Role: 1
0 54 0 Role: 1
0 42 0 Role: 1
0 9 0 Role: 1

Số khách: 178
Chi phí: 2.08522e+07
0 30 93 77 6 31 53 60 34 86 61 101 120 175 114 110 75 160 0 Role: 0
0 8 52 38 58 47 165 3 170 89 102 104 163 118 111 35 14 138 13 46 51 78 62 162 92 83 185 143 95 123 22 26 29 36 80 99 137 152 0 Role: 0
0 164 142 135 81 7 87 74 158 127 177 4 41 186 71 172 63 23 94 20 188 191 141 198 2 12 15 19 25 97 150 174 0 Role: 0
0 33 40 45 49 57 64 69 70 115 125 126 145 0 Role: 0
0 76 156 153 28 0 Role: 1
0 24 116 147 0 Role: 1
0 65 144 44 0 Role: 1
0 103 9 200 0 Role: 1
0 1 56 184 84 0 Role: 1
0 155 105 128 0 Role: 1
0 79 18 180 0 Role: 1
0 192 54 0 Role: 1
0 178 42 173 154 0 Role: 1
0 133 108 134 0 Role: 1
0 131 0 Role: 1
0 88 10 112 72 0 Role: 1
0 159 166 0 Role: 1
0 119 16 199 0 Role: 2
0 190 194 0 Role: 2
0 27 48 21 0 Role: 3
0 140 0 Role: 3
0 55 122 73 0 Role: 4
0 68 96 130 0 Role: 4
0 5 146 0 Role: 4
0 176 98 0 Role: 4
0 106 43 50 0 Role: 5
0 39 187 66 0 Role: 5
0 197 90 136 0 Role: 5
0 169 67 0 Role: 5
0 59 148 0 Role: 5
0 85 117 0 Role: 5
0 32 121 91 0 Role: 5
0 151 157 0 Role: 5
0 17 37 0 Role: 5
0 11 0 Role: 6

Số khách: 57
Chi phí: 4.50609e+06
0 185 93 94 189 115 36 141 78 143 196 25 97 15 162 12 2 14 35 174 175 173 42 154 159 0 Role: 0
0 176 39 187 59 96 73 0 Role: 1
0 80 190 61 146 0 Role: 1
0 180 68 43 50 0 Role: 1
0 125 85 24 117 0 Role: 1
0 106 168 136 191 21 44 147 0 Role: 1
0 169 67 6 95 0 Role: 1
0 112 167 9 28 0 Role: 1

Số khách: 154
Chi phí: 1.32549e+07
0 30 14 23 34 46 4 29 51 6 60 12 160 65 86 114 175 62 120 92 15 0 Role: 0
0 50 85 32 121 52 69 7 3 70 111 188 118 198 163 149 172 116 138 179 22 41 36 99 35 26 2 77 25 97 162 174 0 Role: 0
0 11 0 Role: 1
0 38 64 0 Role: 1
0 66 87 98 0 Role: 1
0 194 0 Role: 1
0 176 39 187 59 96 0 Role: 2
0 61 190 0 Role: 2
0 180 68 43 0 Role: 2
0 117 0 Role: 2
0 106 168 136 191 0 Role: 2
0 67 169 0 Role: 2
0 112 167 0 Role: 2
0 125 73 40 146 157 0 Role: 3
0 126 145 131 0 Role: 3
0 18 79 0 Role: 3
0 200 128 0 Role: 3
0 129 27 182 0 Role: 4
0 113 197 0 Role: 4
0 91 44 147 80 21 0 Role: 5
0 148 28 72 153 0 Role: 5
0 155 56 0 Role: 5
0 150 53 161 0 Role: 5
0 159 0 Role: 5
0 105 1 144 0 Role: 5
0 63 0 Role: 5
0 10 0 Role: 5
0 134 108 0 Role: 5
0 192 20 178 173 0 Role: 5
0 166 84 0 Role: 5
0 24 0 Role: 5
0 9 103 133 88 0 Role: 5
0 95 123 0 Role: 5
0 42 154 19 0 Role: 5
0 184 0 Role: 5
0 54 137 0 Role: 5
0 177 0 Role: 6
0 48 33 0 Role: 6
0 37 17 0 Role: 6
0 101 0 Role: 6
0 140 0 Role: 6
0 122 16 55 0 Role: 7
0 57 199 76 151 0 Role: 8
0 132 156 0 Role: 8
0 90 0 Role: 8
0 181 130 0 Role: 8

Số khách: 166
Chi phí: 1.69258e+07
0 70 110 160 19 60 149 115 86 75 114 77 196 2 152 137 12 189 15 175 150 174 162 0 Role: 0
0 3 139 96 5 68 195 4 171 98 6 35 14 26 13 20 36 22 29 25 80 95 97 0 Role: 0
0 38 8 51 31 62 41 46 63 71 78 99 83 185 143 0 Role: 0
0 48 182 147 0 Role: 1
0 140 0 Role: 1
0 76 156 153 28 0 Role: 2
0 24 23 191 0 Role: 2
0 65 144 44 0 Role: 2
0 103 9 200 0 Role: 2
0 1 56 184 84 0 Role: 2
0 155 105 128 0 Role: 2
0 79 18 180 0 Role: 2
0 192 54 0 Role: 2
0 178 42 173 154 0 Role: 2
0 133 108 134 0 Role: 2
0 131 0 Role: 2
0 10 88 72 112 0 Role: 2
0 159 166 0 Role: 2
0 82 190 0 Role: 3
0 132 16 0 Role: 4
0 49 57 0 Role: 4
0 27 199 146 0 Role: 4
0 119 7 53 0 Role: 5
0 91 11 0 Role: 6
0 33 168 21 0 Role: 6
0 30 197 136 0 Role: 6
0 100 169 124 73 0 Role: 7
0 181 130 0 Role: 7
0 129 126 161 0 Role: 7
0 61 194 0 Role: 7
0 120 0 Role: 7
0 106 43 50 0 Role: 8
0 39 187 66 0 Role: 8
0 90 177 0 Role: 8
0 67 0 Role: 8
0 59 123 0 Role: 8
0 85 117 0 Role: 8
0 121 0 Role: 8
0 151 157 0 Role: 8
0 17 37 0 Role: 8
0 69 40 0 Role: 9
0 32 113 0 Role: 9
0 64 145 116 0 Role: 9
0 148 167 0 Role: 9
0 125 34 0 Role: 9
0 101 0 Role: 9
0 45 0 Role: 10
0 55 0 Role: 10
0 87 0 Role: 10

Số khách: 163
Chi phí: 1.5345e+07
0 75 4 53 62 31 22 41 71 77 83 152 137 12 99 15 97 174 2 160 0 Role: 0
0 93 110 51 78 92 46 60 94 86 14 19 80 162 36 175 29 25 95 35 114 143 179 185 189 196 0 Role: 0
0 3 6 13 101 115 141 145 188 198 0 Role: 0
0 106 43 50 0 Role: 1
0 187 39 66 0 Role: 1
0 90 177 0 Role: 1
0 67 0 Role: 1
0 59 123 148 0 Role: 1
0 85 117 0 Role: 1
0 121 32 116 0 Role: 1
0 151 0 Role: 1
0 17 37 0 Role: 1
0 100 169 124 0 Role: 2
0 181 130 0 Role: 2
0 129 126 161 191 0 Role: 2
0 61 23 0 Role: 2
0 120 0 Role: 2
0 55 122 34 40 0 Role: 3
0 68 96 0 Role: 3
0 5 0 Role: 3
0 176 98 0 Role: 3
0 91 11 0 Role: 4
0 33 168 21 0 Role: 4
0 30 197 136 0 Role: 4
0 48 20 0 Role: 5
0 63 26 0 Role: 5
0 140 0 Role: 5
0 132 16 0 Role: 6
0 49 125 0 Role: 6
0 27 199 87 0 Role: 6
0 119 7 73 146 0 Role: 7
0 190 147 0 Role: 7
0 76 156 153 28 0 Role: 8
0 24 0 Role: 8
0 65 144 44 0 Role: 8
0 103 9 200 0 Role: 8
0 1 56 184 84 0 Role: 8
0 155 105 128 0 Role: 8
0 79 18 180 0 Role: 8
0 192 54 0 Role: 8
0 178 42 173 154 0 Role: 8
0 133 108 134 0 Role: 8
0 131 0 Role: 8
0 88 10 112 72 0 Role: 8
0 159 150 0 Role: 8
0 45 113 57 0 Role: 9
0 82 182 157 0 Role: 9

Số khách: 44
Chi phí: 4.16733e+06
0 2 18 137 12 36 15 29 25 77 95 9 10 103 173 154 174 56 175 97 19 35 150 159 162 42 54 24 0 Role: 0
0 5 117 30 65 0 Role: 1
0 17 123 200 0 Role: 1
0 21 32 44 147 73 0 Role: 1
0 33 1 14 26 180 0 Role: 1

Số khách: 128
Chi phí: 8.99336e+06
0 70 110 160 19 60 149 115 86 75 114 196 2 14 12 189 162 150 15 175 25 97 35 95 0 Role: 0
0 106 43 50 0 Role: 1
0 130 39 187 66 0 Role: 1
0 90 116 0 Role: 1
0 67 98 0 Role: 1
0 123 59 0 Role: 1
0 85 117 0 Role: 1
0 121 26 0 Role: 1
0 151 0 Role: 1
0 17 0 Role: 1
0 11 32 91 68 0 Role: 2
0 33 168 21 0 Role: 2
0 197 136 191 30 0 Role: 2
0 5 49 100 0 Role: 3
0 69 7 87 0 Role: 3
0 20 61 126 145 161 0 Role: 3
0 137 63 0 Role: 3
0 73 48 80 146 174 0 Role: 4
0 45 113 57 40 55 0 Role: 5
0 82 182 157 0 Role: 5
0 148 37 6 0 Role: 6
0 53 147 0 Role: 6
0 76 156 153 28 0 Role: 7
0 24 23 34 0 Role: 7
0 65 144 44 0 Role: 7
0 103 9 200 0 Role: 7
0 1 56 184 84 0 Role: 7
0 155 105 128 0 Role: 7
0 79 18 180 0 Role: 7
0 192 54 0 Role: 7
0 178 42 173 154 0 Role: 7
0 133 108 134 0 Role: 7
0 131 0 Role: 7
0 88 10 112 72 0 Role: 7
0 159 166 0 Role: 7
0 16 27 38 0 Role: 8
0 64 129 0 Role: 8

Số khách: 158
Chi phí: 1.44261e+07
0 3 139 96 5 68 195 4 171 98 6 35 14 26 13 20 36 22 29 25 80 12 2 174 95 97 175 15 150 162 0 Role: 0
0 38 8 51 31 62 41 46 63 71 78 114 143 77 110 185 83 19 137 99 152 0 Role: 0
0 45 122 0 Role: 1
0 176 55 0 Role: 1
0 87 0 Role: 1
0 76 156 153 28 0 Role: 2
0 24 23 191 0 Role: 2
0 65 144 44 0 Role: 2
0 103 9 200 0 Role: 2
0 1 56 184 84 0 Role: 2
0 155 105 128 0 Role: 2
0 79 18 180 0 Role: 2
0 192 54 0 Role: 2
0 178 42 173 154 0 Role: 2
0 133 108 134 0 Role: 2
0 131 0 Role: 2
0 10 88 72 112 0 Role: 2
0 159 166 0 Role: 2
0 132 16 0 Role: 3
0 49 57 0 Role: 3
0 27 199 146 0 Role: 3
0 106 43 50 0 Role: 4
0 39 187 66 0 Role: 4
0 90 177 0 Role: 4
0 67 0 Role: 4
0 59 123 0 Role: 4
0 85 117 0 Role: 4
0 121 0 Role: 4
0 151 157 0 Role: 4
0 17 37 0 Role: 4
0 48 182 147 0 Role: 5
0 140 0 Role: 5
0 119 7 53 0 Role: 6
0 91 11 0 Role: 7
0 33 168 21 0 Role: 7
0 30 197 136 0 Role: 7
0 100 169 124 73 0 Role: 8
0 181 130 0 Role: 8
0 129 126 161 0 Role: 8
0 61 194 0 Role: 8
0 120 0 Role: 8
0 69 40 0 Role: 9
0 32 113 0 Role: 9
0 64 145 116 0 Role: 9
0 148 0 Role: 9
0 125 34 0 Role: 9
0 101 0 Role: 9
0 82 190 0 Role: 10

Số khách: 65
Chi phí: 4.87791e+06
0 185 93 94 189 115 36 141 78 143 196 25 97 15 162 12 2 14 35 174 175 154 42 173 0 Role: 0
0 176 39 187 59 96 73 0 Role: 1
0 80 190 61 146 0 Role: 1
0 180 68 43 50 0 Role: 1
0 125 85 24 117 0 Role: 1
0 106 168 136 191 21 44 147 0 Role: 1
0 169 67 6 95 0 Role: 1
0 112 167 9 28 0 Role: 1
0 1 7 0 Role: 2
0 10 19 23 91 0 Role: 2
0 17 37 200 0 Role: 2

Số khách: 132
Chi phí: 9.1652e+06
0 50 85 32 121 52 69 7 3 70 111 188 118 198 163 149 172 116 138 179 22 41 36 99 35 26 2 77 25 97 162 174 12 15 175 0 Role: 0
0 57 199 76 151 0 Role: 1
0 132 156 0 Role: 1
0 90 177 197 0 Role: 1
0 181 130 0 Role: 1
0 91 44 147 80 21 0 Role: 2
0 148 28 72 153 0 Role: 2
0 155 56 0 Role: 2
0 150 53 161 0 Role: 2
0 159 0 Role: 2
0 105 1 144 0 Role: 2
0 63 14 0 Role: 2
0 10 65 0 Role: 2
0 134 108 0 Role: 2
0 192 20 178 173 0 Role: 2
0 166 84 0 Role: 2
0 24 0 Role: 2
0 9 103 133 88 0 Role: 2
0 95 123 0 Role: 2
0 42 154 19 0 Role: 2
0 184 0 Role: 2
0 54 137 0 Role: 2
0 125 73 40 146 157 0 Role: 3
0 126 145 131 0 Role: 3
0 18 79 0 Role: 3
0 200 128 0 Role: 3
0 176 39 187 59 96 0 Role: 4
0 61 190 0 Role: 4
0 180 68 43 34 0 Role: 4
0 117 0 Role: 4
0 106 168 136 191 0 Role: 4
0 67 169 6 0 Role: 4
0 112 167 0 Role: 4
0 11 55 0 Role: 5
0 38 64 33 182 0 Role: 5
0 66 87 98 0 Role: 5
0 194 23 0 Role: 5

Số khách: 121
Chi phí: 8.46686e+06
0 70 110 160 19 60 149 115 86 75 114 196 2 14 12 189 162 150 15 175 25 97 35 95 0 Role: 0
0 76 156 153 28 0 Role: 1
0 24 23 34 0 Role: 1
0 65 144 44 0 Role: 1
0 103 9 200 0 Role: 1
0 1 56 184 84 0 Role: 1
0 155 105 128 0 Role: 1
0 79 18 180 0 Role: 1
0 192 54 0 Role: 1
0 178 42 173 154 0 Role: 1
0 133 108 134 0 Role: 1
0 131 0 Role: 1
0 88 10 112 72 0 Role: 1
0 159 166 0 Role: 1
0 11 32 91 68 0 Role: 2
0 33 168 21 0 Role: 2
0 197 136 191 30 0 Role: 2
0 106 43 50 0 Role: 3
0 130 39 187 66 0 Role: 3
0 90 116 0 Role: 3
0 67 98 0 Role: 3
0 123 59 0 Role: 3
0 85 117 0 Role: 3
0 121 26 0 Role: 3
0 151 0 Role: 3
0 17 0 Role: 3
0 148 37 6 0 Role: 4
0 53 147 0 Role: 4
0 73 48 80 146 174 0 Role: 5
0 45 113 57 40 55 0 Role: 6
0 82 182 157 0 Role: 6
0 5 49 100 0 Role: 7
0 87 7 0 Role: 7
0 20 61 126 145 161 0 Role: 7
0 63 0 Role: 7

Số khách: 143
Chi phí: 1.1435e+07
0 3 139 96 5 68 195 4 171 98 6 35 14 26 13 20 36 22 29 25 80 12 2 174 95 97 175 15 150 162 99 137 152 0 Role: 0
0 69 40 0 Role: 1
0 32 113 0 Role: 1
0 64 145 116 0 Role: 1
0 148 167 0 Role: 1
0 125 34 0 Role: 1
0 101 0 Role: 1
0 100 169 124 73 0 Role: 2
0 181 130 0 Role: 2
0 129 126 161 0 Role: 2
0 61 194 0 Role: 2
0 120 0 Role: 2
0 91 11 0 Role: 3
0 33 168 21 0 Role: 3
0 30 197 136 0 Role: 3
0 106 43 50 0 Role: 4
0 39 187 66 0 Role: 4
0 90 177 0 Role: 4
0 67 0 Role: 4
0 59 123 0 Role: 4
0 85 117 0 Role: 4
0 121 0 Role: 4
0 151 157 0 Role: 4
0 17 37 0 Role: 4
0 132 16 0 Role: 5
0 49 57 0 Role: 5
0 27 199 146 0 Role: 5
0 76 156 153 28 0 Role: 6
0 24 23 191 0 Role: 6
0 65 144 44 0 Role: 6
0 103 9 200 0 Role: 6
0 1 56 184 84 0 Role: 6
0 155 105 128 0 Role: 6
0 79 18 180 0 Role: 6
0 192 54 19 0 Role: 6
0 178 42 173 154 0 Role: 6
0 133 108 134 0 Role: 6
0 131 0 Role: 6
0 10 88 72 112 0 Role: 6
0 159 166 0 Role: 6
0 45 122 0 Role: 7
0 176 55 0 Role: 7
0 87 7 53 0 Role: 7
0 48 182 147 0 Role: 8
0 140 0 Role: 8
0 38 0 Role: 9
0 82 190 0 Role: 10

Số khách: 164
Chi phí: 1.64614e+07
0 127 158 74 87 7 81 135 142 164 177 4 41 186 71 172 63 23 94 20 188 15 198 12 191 14 19 2 95 25 97 29 36 99 152 162 150 0 Role: 0
0 3 8 13 22 31 62 75 77 83 110 114 160 175 0 Role: 0
0 156 153 28 0 Role: 1
0 24 26 0 Role: 1
0 44 144 0 Role: 1
0 103 9 200 0 Role: 1
0 1 56 184 84 0 Role: 1
0 155 105 128 0 Role: 1
0 79 18 180 0 Role: 1
0 192 54 0 Role: 1
0 178 42 173 154 0 Role: 1
0 133 108 134 0 Role: 1
0 131 0 Role: 1
0 88 10 112 72 0 Role: 1
0 159 166 0 Role: 1
0 100 169 124 0 Role: 2
0 181 130 0 Role: 2
0 129 126 161 0 Role: 2
0 61 0 Role: 2
0 120 0 Role: 2
0 45 113 57 35 0 Role: 3
0 82 182 157 0 Role: 3
0 38 76 0 Role: 4
0 137 0 Role: 4
0 140 0 Role: 4
0 132 16 0 Role: 5
0 49 0 Role: 5
0 27 199 0 Role: 5
0 106 43 50 0 Role: 6
0 187 39 66 0 Role: 6
0 90 0 Role: 6
0 67 0 Role: 6
0 59 0 Role: 6
0 85 117 0 Role: 6
0 121 0 Role: 6
0 151 0 Role: 6
0 17 0 Role: 6
0 55 122 0 Role: 7
0 68 96 0 Role: 7
0 5 0 Role: 7
0 176 98 0 Role: 7
0 123 119 0 Role: 8
0 190 194 0 Role: 8
0 69 40 0 Role: 9
0 32 0 Role: 9
0 64 145 116 0 Role: 9
0 167 148 0 Role: 9
0 125 34 0 Role: 9
0 101 0 Role: 9
0 37 6 0 Role: 10
0 53 147 0 Role: 10
0 73 48 80 146 174 0 Role: 11
0 91 11 0 Role: 12
0 33 168 21 0 Role: 12
0 197 136 30 0 Role: 12

Số khách: 106
Chi phí: 7.3256e+06
0 2 12 92 80 98 128 15 25 143 29 97 114 95 103 174 99 36 175 0 Role: 0
0 5 50 0 Role: 1
0 7 69 157 0 Role: 1
0 11 32 40 0 Role: 2
0 55 181 49 0 Role: 2
0 182 151 87 0 Role: 2
0 176 39 130 112 153 0 Role: 2
0 1 126 20 44 0 Role: 2
0 125 23 116 191 0 Role: 2
0 34 63 0 Role: 2
0 68 156 66 0 Role: 3
0 184 146 21 0 Role: 3
0 197 90 0 Role: 3
0 33 136 14 180 0 Role: 3
0 200 148 147 0 Role: 3
0 73 35 85 30 0 Role: 3
0 18 91 0 Role: 3
0 194 0 Role: 3
0 134 133 0 Role: 3
0 56 84 105 150 0 Role: 3
0 123 6 0 Role: 3
0 155 140 0 Role: 3
0 173 178 61 154 192 0 Role: 3
0 72 108 65 0 Role: 3
0 88 137 0 Role: 3
0 162 53 144 0 Role: 3
0 79 0 Role: 3
0 24 19 26 0 Role: 3
0 120 0 Role: 3
0 159 166 0 Role: 3
0 10 0 Role: 3
0 54 0 Role: 3
0 42 0 Role: 3
0 9 0 Role: 3
0 16 27 38 0 Role: 4

Số khách: 140
Chi phí: 1.03204e+07
0 50 85 32 121 52 69 7 3 70 111 188 118 198 163 149 172 116 138 179 22 41 99 35 26 77 25 97 2 12 15 162 174 0 Role: 0
0 177 14 0 Role: 1
0 48 33 0 Role: 1
0 37 17 0 Role: 1
0 101 0 Role: 1
0 140 0 Role: 1
0 57 199 76 151 0 Role: 2
0 132 156 0 Role: 2
0 197 90 0 Role: 2
0 5 130 0 Role: 2
0 176 39 187 59 96 0 Role: 3
0 61 190 0 Role: 3
0 180 68 43 34 0 Role: 3
0 181 117 0 Role: 3
0 106 168 136 191 0 Role: 3
0 67 169 6 0 Role: 3
0 112 167 0 Role: 3
0 11 55 0 Role: 4
0 38 64 129 182 0 Role: 4
0 66 87 98 0 Role: 4
0 194 0 Role: 4
0 125 73 40 146 157 0 Role: 5
0 126 145 131 0 Role: 5
0 18 79 0 Role: 5
0 200 128 0 Role: 5
0 91 44 147 80 21 0 Role: 6
0 148 28 72 153 0 Role: 6
0 155 56 0 Role: 6
0 150 53 161 0 Role: 6
0 159 0 Role: 6
0 105 1 144 0 Role: 6
0 63 23 0 Role: 6
0 10 65 0 Role: 6
0 134 108 0 Role: 6
0 192 20 178 173 0 Role: 6
0 166 84 0 Role: 6
0 24 0 Role: 6
0 9 103 133 88 0 Role: 6
0 95 123 0 Role: 6
0 42 154 19 0 Role: 6
0 184 0 Role: 6
0 54 137 0 Role: 6
0 16 27 82 0 Role: 7

Số khách: 161
Chi phí: 1.44564e+07
0 70 110 160 19 60 149 115 86 75 114 175 15 150 162 189 12 2 196 0 Role: 0
0 8 52 38 58 47 165 3 170 89 102 104 4 163 118 111 14 138 13 20 22 36 26 35 95 97 25 29 0 Role: 0
0 69 40 0 Role: 1
0 32 0 Role: 1
0 64 145 116 0 Role: 1
0 167 148 0 Role: 1
0 125 23 34 191 0 Role: 1
0 101 0 Role: 1
0 91 11 0 Role: 2
0 33 168 21 0 Role: 2
0 30 197 136 0 Role: 2
0 45 113 57 0 Role: 3
0 82 182 157 0 Role: 3
0 100 169 124 0 Role: 4
0 181 130 0 Role: 4
0 129 126 161 0 Role: 4
0 61 194 0 Role: 4
0 120 0 Role: 4
0 55 122 0 Role: 5
0 68 96 0 Role: 5
0 5 0 Role: 5
0 176 98 0 Role: 5
0 119 87 7 0 Role: 6
0 190 177 0 Role: 6
0 76 156 153 28 0 Role: 7
0 24 0 Role: 7
0 65 144 44 0 Role: 7
0 103 9 200 0 Role: 7
0 1 56 184 84 0 Role: 7
0 155 105 128 0 Role: 7
0 79 18 180 0 Role: 7
0 192 54 0 Role: 7
0 178 42 173 154 0 Role: 7
0 133 108 134 0 Role: 7
0 131 0 Role: 7
0 88 10 112 72 0 Role: 7
0 159 166 0 Role: 7
0 106 43 50 0 Role: 8
0 187 39 66 0 Role: 8
0 90 0 Role: 8
0 67 0 Role: 8
0 123 59 0 Role: 8
0 85 117 0 Role: 8
0 121 0 Role: 8
0 151 0 Role: 8
0 17 0 Role: 8
0 132 16 0 Role: 9
0 49 0 Role: 9
0 27 199 0 Role: 9
0 37 6 0 Role: 10
0 53 147 0 Role: 10
0 73 48 80 146 174 0 Role: 11

Số khách: 34
Chi phí: 3.66573e+06
0 57 166 191 14 24 10 110 179 77 9 72 56 15 159 162 154 42 173 174 12 54 0 Role: 0
0 73 7 1 147 21 35 0 Role: 1
0 6 17 37 95 0 Role: 1
0 5 28 30 0 Role: 2

Số khách: 135
Chi phí: 1.0178e+07
0 70 110 160 19 60 149 115 86 75 114 196 2 14 12 189 162 150 15 175 25 95 35 0 Role: 0
0 148 37 6 0 Role: 1
0 53 147 0 Role: 1
0 32 91 116 0 Role: 2
0 33 168 21 0 Role: 2
0 197 136 191 30 0 Role: 2
0 45 113 57 40 0 Role: 3
0 82 182 157 0 Role: 3
0 73 48 80 146 174 0 Role: 4
0 106 43 50 0 Role: 5
0 187 39 66 0 Role: 5
0 90 0 Role: 5
0 67 0 Role: 5
0 123 59 0 Role: 5
0 85 117 0 Role: 5
0 121 26 0 Role: 5
0 151 0 Role: 5
0 17 0 Role: 5
0 100 169 124 0 Role: 6
0 181 130 0 Role: 6
0 129 126 161 0 Role: 6
0 61 20 194 0 Role: 6
0 120 0 Role: 6
0 119 87 7 69 0 Role: 7
0 190 177 0 Role: 7
0 132 16 0 Role: 8
0 125 49 0 Role: 8
0 27 199 0 Role: 8
0 76 156 153 28 0 Role: 9
0 24 23 34 0 Role: 9
0 65 144 44 0 Role: 9
0 103 9 200 0 Role: 9
0 1 56 184 84 0 Role: 9
0 155 105 128 0 Role: 9
0 79 18 180 0 Role: 9
0 192 54 0 Role: 9
0 178 42 173 154 0 Role: 9
0 133 108 134 0 Role: 9
0 131 0 Role: 9
0 88 10 112 72 0 Role: 9
0 159 166 0 Role: 9
0 55 122 0 Role: 10
0 68 96 0 Role: 10
0 5 0 Role: 10
0 176 98 0 Role: 10

Số khách: 41
Chi phí: 3.81949e+06
0 57 166 191 14 2 24 10 110 77 9 72 56 15 159 162 154 42 173 174 12 54 0 Role: 0
0 73 7 1 147 21 35 0 Role: 1
0 6 17 37 95 0 Role: 1
0 5 28 30 0 Role: 2
0 18 19 23 34 0 Role: 2
0 20 26 180 0 Role: 2

Số khách: 149
Chi phí: 1.31759e+07
0 8 52 38 58 47 165 3 170 89 102 104 4 163 118 111 14 138 13 20 22 36 26 35 95 97 25 29 2 12 15 150 162 175 0 Role: 0
0 11 31 37 41 46 0 Role: 0
0 69 40 0 Role: 1
0 32 68 91 197 0 Role: 1
0 64 145 116 0 Role: 1
0 167 148 0 Role: 1
0 125 23 34 191 0 Role: 1
0 101 0 Role: 1
0 132 16 0 Role: 2
0 49 5 176 0 Role: 2
0 27 199 98 0 Role: 2
0 76 156 153 28 0 Role: 3
0 24 19 30 0 Role: 3
0 65 144 44 147 0 Role: 3
0 103 9 200 0 Role: 3
0 1 56 184 84 0 Role: 3
0 155 105 128 0 Role: 3
0 79 18 180 0 Role: 3
0 192 54 0 Role: 3
0 178 42 173 154 0 Role: 3
0 133 108 134 0 Role: 3
0 131 0 Role: 3
0 88 10 112 72 0 Role: 3
0 159 166 0 Role: 3
0 73 48 80 146 174 0 Role: 4
0 45 113 57 55 0 Role: 5
0 82 182 157 0 Role: 5
0 100 169 124 0 Role: 6
0 181 130 0 Role: 6
0 129 126 161 0 Role: 6
0 61 194 0 Role: 6
0 120 0 Role: 6
0 119 87 7 33 0 Role: 7
0 190 177 21 0 Role: 7
0 106 43 50 0 Role: 8
0 187 39 66 0 Role: 8
0 90 136 0 Role: 8
0 67 0 Role: 8
0 123 59 0 Role: 8
0 85 117 0 Role: 8
0 121 0 Role: 8
0 151 0 Role: 8
0 17 6 0 Role: 8

Số khách: 59
Chi phí: 4.7032e+06
0 185 93 94 189 115 36 141 78 143 196 25 97 15 162 12 2 14 35 174 175 154 42 173 0 Role: 0
0 122 16 55 0 Role: 1
0 176 39 187 59 96 73 0 Role: 2
0 80 190 61 146 0 Role: 2
0 180 68 43 50 0 Role: 2
0 125 85 24 117 0 Role: 2
0 106 168 136 191 21 44 147 0 Role: 2
0 169 67 6 95 0 Role: 2
0 112 167 9 28 0 Role: 2

Số khách: 147
Chi phí: 1.26435e+07
0 164 142 135 81 7 87 74 158 127 177 4 41 186 71 172 63 23 94 20 188 15 198 12 191 14 19 2 95 25 97 162 150 0 Role: 0
0 45 113 57 35 0 Role: 1
0 82 182 157 0 Role: 1
0 91 11 0 Role: 2
0 33 168 21 0 Role: 2
0 30 197 136 0 Role: 2
0 37 6 0 Role: 3
0 53 147 0 Role: 3
0 73 48 80 146 174 0 Role: 4
0 156 153 28 0 Role: 5
0 24 26 0 Role: 5
0 65 144 44 0 Role: 5
0 103 9 200 0 Role: 5
0 1 56 184 84 0 Role: 5
0 155 105 128 0 Role: 5
0 79 18 180 0 Role: 5
0 192 54 0 Role: 5
0 178 42 173 154 0 Role: 5
0 133 108 134 0 Role: 5
0 131 0 Role: 5
0 88 10 112 72 0 Role: 5
0 159 166 0 Role: 5
0 55 122 0 Role: 6
0 68 96 0 Role: 6
0 5 0 Role: 6
0 176 98 0 Role: 6
0 123 119 0 Role: 7
0 190 194 0 Role: 7
0 69 40 0 Role: 8
0 32 0 Role: 8
0 64 145 116 0 Role: 8
0 167 148 0 Role: 8
0 125 34 0 Role: 8
0 101 0 Role: 8
0 100 169 124 0 Role: 9
0 181 130 0 Role: 9
0 129 126 161 0 Role: 9
0 61 0 Role: 9
0 120 0 Role: 9
0 106 43 50 0 Role: 10
0 187 39 66 0 Role: 10
0 90 0 Role: 10
0 67 0 Role: 10
0 59 0 Role: 10
0 85 117 0 Role: 10
0 121 0 Role: 10
0 151 0 Role: 10
0 17 0 Role: 10
0 132 16 0 Role: 11
0 49 0 Role: 11
0 27 199 0 Role: 11
0 38 0 Role: 12
0 137 0 Role: 12
0 140 0 Role: 12

Số khách: 102
Chi phí: 6.87387e+06
0 2 12 92 80 98 128 15 25 143 29 97 114 95 103 174 99 36 175 0 Role: 0
0 68 156 66 0 Role: 1
0 184 146 21 0 Role: 1
0 197 90 0 Role: 1
0 33 136 14 180 0 Role: 1
0 200 148 147 0 Role: 1
0 73 35 85 30 0 Role: 1
0 18 91 0 Role: 1
0 194 0 Role: 1
0 134 133 0 Role: 1
0 56 84 105 150 0 Role: 1
0 123 6 0 Role: 1
0 155 140 0 Role: 1
0 173 178 61 154 192 0 Role: 1
0 72 108 65 0 Role: 1
0 88 0 Role: 1
0 162 53 144 0 Role: 1
0 79 0 Role: 1
0 24 19 26 0 Role: 1
0 120 0 Role: 1
0 159 166 0 Role: 1
0 10 0 Role: 1
0 54 0 Role: 1
0 42 0 Role: 1
0 9 0 Role: 1
0 5 50 0 Role: 2
0 7 69 157 0 Role: 2
0 11 32 40 0 Role: 3
0 55 181 49 0 Role: 3
0 182 151 87 0 Role: 3
0 176 39 130 112 153 0 Role: 3
0 1 126 20 44 0 Role: 3
0 125 23 116 191 0 Role: 3
0 34 63 0 Role: 3

Số khách: 115
Chi phí: 8.09184e+06
0 70 110 160 19 60 149 115 86 75 114 196 2 14 12 189 162 150 15 175 25 97 35 95 0 Role: 0
0 106 43 50 0 Role: 1
0 130 39 187 66 0 Role: 1
0 61 90 0 Role: 1
0 169 67 0 Role: 1
0 123 59 0 Role: 1
0 85 117 0 Role: 1
0 121 26 0 Role: 1
0 151 157 147 0 Role: 1
0 17 6 0 Role: 1
0 73 48 80 146 174 0 Role: 2
0 32 91 116 0 Role: 3
0 33 168 21 0 Role: 3
0 197 136 191 30 0 Role: 3
0 76 156 153 28 0 Role: 4
0 24 23 34 0 Role: 4
0 65 144 44 0 Role: 4
0 103 9 200 0 Role: 4
0 1 56 184 84 0 Role: 4
0 155 105 128 0 Role: 4
0 79 18 180 0 Role: 4
0 192 54 0 Role: 4
0 178 42 173 154 0 Role: 4
0 133 108 134 0 Role: 4
0 131 0 Role: 4
0 88 10 112 72 0 Role: 4
0 159 166 0 Role: 4
0 40 122 55 0 Role: 5
0 68 96 0 Role: 5
0 5 181 0 Role: 5
0 176 98 0 Role: 5
0 132 16 0 Role: 6
0 125 49 0 Role: 6
0 27 199 87 0 Role: 6

Số khách: 112
Chi phí: 7.68727e+06
0 3 7 13 22 31 41 71 75 77 83 2 12 14 15 25 35 97 162 174 0 Role: 0
0 122 16 55 0 Role: 1
0 125 73 40 146 157 0 Role: 2
0 126 145 131 0 Role: 2
0 18 79 0 Role: 2
0 200 128 0 Role: 2
0 57 199 76 151 0 Role: 3
0 132 156 0 Role: 3
0 90 116 0 Role: 3
0 181 130 0 Role: 3
0 176 39 187 59 96 0 Role: 4
0 61 190 197 0 Role: 4
0 180 68 43 32 50 0 Role: 4
0 117 66 0 Role: 4
0 106 168 136 191 0 Role: 4
0 67 169 6 0 Role: 4
0 112 167 0 Role: 4
0 91 44 147 80 21 0 Role: 5
0 148 28 72 153 0 Role: 5
0 155 56 0 Role: 5
0 150 53 161 0 Role: 5
0 159 0 Role: 5
0 105 1 144 0 Role: 5
0 63 26 23 0 Role: 5
0 10 65 0 Role: 5
0 134 108 0 Role: 5
0 192 20 178 173 0 Role: 5
0 166 84 0 Role: 5
0 24 0 Role: 5
0 9 103 133 88 0 Role: 5
0 95 123 0 Role: 5
0 42 154 19 0 Role: 5
0 184 0 Role: 5
0 54 137 0 Role: 5

Số khách: 146
Chi phí: 1.21439e+07
0 127 158 74 87 7 81 135 142 164 177 4 41 186 71 172 63 23 94 20 188 15 198 12 191 14 19 2 95 25 97 29 175 36 162 35 150 0 Role: 0
0 156 153 28 116 0 Role: 1
0 24 26 0 Role: 1
0 65 144 44 0 Role: 1
0 103 9 200 0 Role: 1
0 1 56 184 84 0 Role: 1
0 155 105 128 0 Role: 1
0 79 18 180 0 Role: 1
0 192 54 0 Role: 1
0 178 42 173 154 0 Role: 1
0 133 108 134 0 Role: 1
0 131 0 Role: 1
0 88 10 112 72 0 Role: 1
0 159 166 0 Role: 1
0 40 38 0 Role: 2
0 34 137 0 Role: 2
0 140 0 Role: 2
0 123 119 0 Role: 3
0 190 194 0 Role: 3
0 106 43 50 0 Role: 4
0 187 39 66 0 Role: 4
0 90 0 Role: 4
0 67 0 Role: 4
0 59 148 0 Role: 4
0 85 117 0 Role: 4
0 32 121 0 Role: 4
0 151 157 0 Role: 4
0 17 0 Role: 4
0 91 11 0 Role: 5
0 33 168 21 0 Role: 5
0 30 197 136 0 Role: 5
0 132 16 0 Role: 6
0 57 49 0 Role: 6
0 76 199 27 182 0 Role: 6
0 37 6 0 Role: 7
0 53 147 0 Role: 7
0 100 169 124 0 Role: 8
0 181 130 0 Role: 8
0 129 126 161 0 Role: 8
0 61 145 0 Role: 8
0 120 0 Role: 8
0 45 122 55 0 Role: 9
0 68 96 0 Role: 9
0 5 0 Role: 9
0 176 98 0 Role: 9
0 73 48 80 146 174 0 Role: 10
0 64 0 Role: 11
0 69 0 Role: 11

Số khách: 117
Chi phí: 8.39134e+06
0 8 52 38 58 47 165 3 170 89 102 104 4 163 118 111 14 138 13 20 22 29 25 97 95 35 2 26 12 36 15 162 150 175 0 Role: 0
0 73 48 80 146 174 0 Role: 1
0 148 37 6 0 Role: 2
0 53 147 0 Role: 2
0 40 16 132 0 Role: 3
0 5 49 100 130 0 Role: 3
0 27 199 87 98 0 Role: 3
0 76 156 153 28 0 Role: 4
0 24 19 23 34 116 191 0 Role: 4
0 65 144 44 0 Role: 4
0 103 9 200 0 Role: 4
0 1 56 184 84 0 Role: 4
0 155 105 128 0 Role: 4
0 79 18 180 0 Role: 4
0 192 54 0 Role: 4
0 178 42 173 154 0 Role: 4
0 133 108 134 0 Role: 4
0 131 0 Role: 4
0 88 10 112 72 0 Role: 4
0 159 166 0 Role: 4
0 106 43 50 0 Role: 5
0 187 39 66 0 Role: 5
0 197 90 61 0 Role: 5
0 169 67 0 Role: 5
0 123 59 0 Role: 5
0 85 117 0 Role: 5
0 32 121 91 0 Role: 5
0 151 157 0 Role: 5
0 17 0 Role: 5

Số khách: 111
Chi phí: 7.34757e+06
0 185 93 94 189 115 36 141 78 143 196 174 15 162 12 2 14 25 35 97 175 0 Role: 0
0 176 39 187 59 96 0 Role: 1
0 61 190 0 Role: 1
0 180 68 43 50 0 Role: 1
0 117 85 125 0 Role: 1
0 106 168 136 191 0 Role: 1
0 169 67 6 0 Role: 1
0 112 167 108 0 Role: 1
0 91 44 147 80 21 0 Role: 2
0 148 28 72 153 0 Role: 2
0 155 56 0 Role: 2
0 150 53 161 0 Role: 2
0 159 0 Role: 2
0 105 1 144 0 Role: 2
0 116 63 0 Role: 2
0 10 0 Role: 2
0 200 134 0 Role: 2
0 192 20 178 173 0 Role: 2
0 166 84 0 Role: 2
0 24 79 0 Role: 2
0 9 103 133 88 0 Role: 2
0 95 123 0 Role: 2
0 42 154 19 0 Role: 2
0 184 0 Role: 2
0 54 137 0 Role: 2
0 129 27 182 40 0 Role: 3
0 113 197 146 157 0 Role: 3
0 11 18 32 73 0 Role: 4
0 33 38 48 64 0 Role: 4
0 128 87 98 66 0 Role: 4
0 194 23 26 65 0 Role: 4

Số khách: 144
Chi phí: 1.17921e+07
0 3 139 96 5 68 195 4 171 98 6 35 14 26 13 20 36 22 29 25 80 12 2 174 95 97 175 15 150 162 99 137 152 0 Role: 0
0 76 156 153 28 0 Role: 1
0 24 23 191 0 Role: 1
0 65 144 44 0 Role: 1
0 103 9 200 0 Role: 1
0 1 56 184 84 0 Role: 1
0 155 105 128 0 Role: 1
0 79 18 180 0 Role: 1
0 192 54 19 0 Role: 1
0 178 42 173 154 0 Role: 1
0 133 108 134 0 Role: 1
0 131 0 Role: 1
0 10 88 72 112 0 Role: 1
0 159 166 0 Role: 1
0 82 190 0 Role: 2
0 100 169 124 73 0 Role: 3
0 181 130 0 Role: 3
0 129 126 161 0 Role: 3
0 61 194 0 Role: 3
0 120 0 Role: 3
0 119 7 53 0 Role: 4
0 69 40 0 Role: 5
0 32 113 0 Role: 5
0 64 145 116 0 Role: 5
0 148 167 0 Role: 5
0 125 34 0 Role: 5
0 101 0 Role: 5
0 106 43 50 0 Role: 6
0 39 187 66 0 Role: 6
0 90 177 0 Role: 6
0 67 0 Role: 6
0 59 123 0 Role: 6
0 85 117 0 Role: 6
0 121 0 Role: 6
0 151 157 0 Role: 6
0 17 37 0 Role: 6
0 132 16 0 Role: 7
0 49 57 0 Role: 7
0 27 199 146 0 Role: 7
0 48 182 147 0 Role: 8
0 140 0 Role: 8
0 91 11 0 Role: 9
0 33 168 21 0 Role: 9
0 30 197 136 0 Role: 9
0 45 122 0 Role: 10
0 176 55 0 Role: 10
0 87 0 Role: 10
0 38 0 Role: 11

Số khách: 97
Chi phí: 6.61495e+06
0 2 12 92 80 98 128 15 25 143 29 97 114 95 103 174 99 36 175 0 Role: 0
0 11 32 40 0 Role: 1
0 16 20 126 131 145 0 Role: 1
0 101 0 Role: 1
0 5 50 0 Role: 2
0 7 69 157 44 0 Role: 2
0 68 156 66 130 0 Role: 3
0 184 146 21 0 Role: 3
0 197 90 116 0 Role: 3
0 33 136 14 180 0 Role: 3
0 147 148 112 153 0 Role: 3
0 125 85 30 35 73 0 Role: 3
0 18 91 23 34 191 0 Role: 3
0 194 1 0 Role: 3
0 134 133 0 Role: 3
0 56 84 105 150 0 Role: 3
0 123 6 0 Role: 3
0 155 140 0 Role: 3
0 173 178 61 154 192 0 Role: 3
0 72 108 65 0 Role: 3
0 88 137 0 Role: 3
0 162 53 144 0 Role: 3
0 79 0 Role: 3
0 24 19 26 0 Role: 3
0 120 0 Role: 3
0 159 166 0 Role: 3
0 10 0 Role: 3
0 54 0 Role: 3
0 42 0 Role: 3
0 9 0 Role: 3

Số khách: 94
Chi phí: 6.40488e+06
0 2 12 92 80 98 128 15 25 143 29 175 36 99 174 103 95 114 0 Role: 0
0 68 156 66 130 0 Role: 1
0 184 146 21 0 Role: 1
0 197 90 116 0 Role: 1
0 33 136 14 180 0 Role: 1
0 147 148 112 153 0 Role: 1
0 125 85 30 35 73 0 Role: 1
0 18 91 23 34 191 0 Role: 1
0 1 44 194 0 Role: 1
0 134 133 0 Role: 1
0 56 84 105 150 0 Role: 1
0 123 6 0 Role: 1
0 155 140 0 Role: 1
0 173 178 61 154 192 0 Role: 1
0 72 108 65 0 Role: 1
0 88 137 0 Role: 1
0 162 53 144 0 Role: 1
0 79 0 Role: 1
0 24 19 26 0 Role: 1
0 120 0 Role: 1
0 159 166 0 Role: 1
0 10 0 Role: 1
0 54 0 Role: 1
0 42 0 Role: 1
0 9 0 Role: 1
0 5 28 0 Role: 2
0 32 57 40 55 0 Role: 3
0 16 20 126 131 145 0 Role: 3
0 101 0 Role: 3

Số khách: 91
Chi phí: 6.09541e+06
0 2 12 92 80 98 128 15 25 143 29 97 114 95 103 174 99 36 175 0 Role: 0
0 32 40 0 Role: 1
0 16 20 126 131 145 0 Role: 1
0 101 0 Role: 1
0 68 156 66 130 0 Role: 2
0 184 146 21 0 Role: 2
0 197 90 116 0 Role: 2
0 33 136 14 180 0 Role: 2
0 147 148 112 153 0 Role: 2
0 125 85 30 35 73 0 Role: 2
0 18 91 23 34 191 0 Role: 2
0 1 44 194 0 Role: 2
0 134 133 0 Role: 2
0 56 84 105 150 0 Role: 2
0 123 6 0 Role: 2
0 155 140 0 Role: 2
0 173 178 61 154 192 0 Role: 2
0 72 108 65 0 Role: 2
0 88 137 0 Role: 2
0 162 53 144 0 Role: 2
0 79 0 Role: 2
0 24 19 26 0 Role: 2
0 120 0 Role: 2
0 159 166 0 Role: 2
0 10 0 Role: 2
0 54 0 Role: 2
0 42 0 Role: 2
0 9 0 Role: 2

Số khách: 86
Chi phí: 5.91398e+06
0 2 12 92 80 98 128 15 25 143 29 97 114 95 103 174 99 36 175 0 Role: 0
0 68 156 66 130 0 Role: 1
0 184 146 21 0 Role: 1
0 197 90 116 0 Role: 1
0 33 136 14 180 0 Role: 1
0 147 148 112 153 0 Role: 1
0 125 85 30 35 73 0 Role: 1
0 18 91 23 34 191 0 Role: 1
0 1 20 194 44 0 Role: 1
0 134 133 0 Role: 1
0 56 84 105 150 0 Role: 1
0 123 6 0 Role: 1
0 155 140 0 Role: 1
0 173 178 61 154 192 0 Role: 1
0 72 108 65 0 Role: 1
0 88 137 0 Role: 1
0 162 53 144 0 Role: 1
0 79 0 Role: 1
0 24 19 26 0 Role: 1
0 120 0 Role: 1
0 159 166 0 Role: 1
0 10 0 Role: 1
0 54 0 Role: 1
0 42 0 Role: 1
0 9 0 Role: 1
0 5 28 0 Role: 2

Số khách: 100
Chi phí: 6.69227e+06
0 70 110 160 19 60 149 115 86 75 114 196 2 14 12 189 162 150 15 175 25 97 35 95 80 174 0 Role: 0
0 5 49 100 73 0 Role: 1
0 87 7 69 98 0 Role: 1
0 20 61 126 145 161 147 0 Role: 1
0 63 26 116 0 Role: 1
0 76 156 153 28 0 Role: 2
0 24 23 34 0 Role: 2
0 65 144 44 0 Role: 2
0 103 9 200 0 Role: 2
0 1 56 184 84 0 Role: 2
0 155 105 128 0 Role: 2
0 79 18 180 0 Role: 2
0 192 54 0 Role: 2
0 178 42 173 154 0 Role: 2
0 133 108 134 0 Role: 2
0 131 0 Role: 2
0 88 10 112 72 0 Role: 2
0 159 166 0 Role: 2
0 11 32 91 68 0 Role: 3
0 33 168 21 0 Role: 3
0 197 136 191 30 0 Role: 3
0 45 113 57 40 55 0 Role: 4
0 82 182 157 0 Role: 4

Số khách: 87
Chi phí: 5.95655e+06
0 2 12 92 80 98 128 15 25 143 29 97 114 95 103 174 99 36 175 0 Role: 0
0 68 156 66 130 0 Role: 1
0 146 21 0 Role: 1
0 197 90 116 0 Role: 1
0 33 136 14 180 0 Role: 1
0 147 148 112 153 0 Role: 1
0 125 85 30 35 73 0 Role: 1
0 18 91 23 34 191 0 Role: 1
0 194 1 0 Role: 1
0 134 133 0 Role: 1
0 56 84 105 150 0 Role: 1
0 123 6 0 Role: 1
0 155 140 0 Role: 1
0 173 178 61 154 192 0 Role: 1
0 72 108 65 0 Role: 1
0 88 137 0 Role: 1
0 162 53 144 0 Role: 1
0 79 0 Role: 1
0 24 19 26 0 Role: 1
0 120 0 Role: 1
0 159 166 0 Role: 1
0 10 0 Role: 1
0 54 0 Role: 1
0 42 0 Role: 1
0 9 0 Role: 1
0 5 50 0 Role: 2
0 7 69 157 44 0 Role: 2

Số khách: 32
Chi phí: 3.44561e+06
0 57 166 191 14 2 24 110 179 77 10 9 72 56 15 159 174 173 154 42 162 12 54 0 Role: 0
0 73 7 1 147 21 35 0 Role: 1
0 6 17 37 95 0 Role: 1

Số khách: 42
Chi phí: 4.1605e+06
0 2 18 137 12 36 15 29 25 77 95 9 10 103 173 154 174 56 175 97 19 35 150 159 162 42 54 24 0 Role: 0
0 5 117 30 65 0 Role: 1
0 17 0 Role: 1
0 21 32 44 147 73 0 Role: 1
0 33 1 14 26 180 0 Role: 1

Số khách: 93
Chi phí: 6.11342e+06
0 2 12 92 80 98 128 15 25 143 29 97 114 95 103 174 99 36 175 0 Role: 0
0 68 156 66 130 0 Role: 1
0 184 146 21 0 Role: 1
0 197 90 116 0 Role: 1
0 33 136 14 180 0 Role: 1
0 147 148 112 153 0 Role: 1
0 125 85 30 35 73 0 Role: 1
0 18 91 23 34 191 0 Role: 1
0 1 44 194 0 Role: 1
0 134 133 0 Role: 1
0 56 84 105 150 0 Role: 1
0 123 6 0 Role: 1
0 155 140 0 Role: 1
0 173 178 61 154 192 0 Role: 1
0 72 108 65 0 Role: 1
0 88 137 0 Role: 1
0 162 53 144 0 Role: 1
0 79 0 Role: 1
0 24 19 26 0 Role: 1
0 120 0 Role: 1
0 159 166 0 Role: 1
0 10 0 Role: 1
0 54 0 Role: 1
0 42 0 Role: 1
0 9 0 Role: 1
0 32 57 40 55 0 Role: 2
0 16 20 126 131 145 0 Role: 2
0 101 0 Role: 2

Số khách: 136
Chi phí: 1.01949e+07
0 50 85 32 121 52 69 7 3 70 111 188 118 198 163 149 172 116 138 179 22 41 36 99 35 26 2 77 25 97 162 174 12 15 175 0 Role: 0
0 129 27 182 0 Role: 1
0 113 197 14 0 Role: 1
0 91 44 147 80 21 0 Role: 2
0 148 28 72 153 0 Role: 2
0 155 56 0 Role: 2
0 150 53 161 0 Role: 2
0 159 0 Role: 2
0 105 1 144 0 Role: 2
0 63 23 0 Role: 2
0 10 65 0 Role: 2
0 134 108 0 Role: 2
0 192 20 178 173 0 Role: 2
0 166 84 0 Role: 2
0 24 0 Role: 2
0 9 103 133 88 0 Role: 2
0 95 123 0 Role: 2
0 42 154 19 0 Role: 2
0 184 0 Role: 2
0 54 137 0 Role: 2
0 122 16 55 0 Role: 3
0 177 34 0 Role: 4
0 48 33 0 Role: 4
0 37 17 6 0 Role: 4
0 101 0 Role: 4
0 140 0 Role: 4
0 57 199 76 151 0 Role: 5
0 132 156 0 Role: 5
0 90 0 Role: 5
0 181 130 0 Role: 5
0 176 39 187 59 96 0 Role: 6
0 61 190 0 Role: 6
0 180 68 43 0 Role: 6
0 117 66 0 Role: 6
0 106 168 136 191 0 Role: 6
0 67 169 0 Role: 6
0 112 167 0 Role: 6
0 125 73 40 146 157 0 Role: 7
0 126 145 131 0 Role: 7
0 18 79 0 Role: 7
0 200 128 0 Role: 7

Số khách: 139
Chi phí: 1.03077e+07
0 50 85 32 121 52 69 7 3 70 111 188 118 198 163 149 172 116 138 179 22 41 36 99 35 26 2 77 25 97 162 174 12 15 175 0 Role: 0
0 57 199 76 151 0 Role: 1
0 132 156 0 Role: 1
0 90 197 0 Role: 1
0 181 130 0 Role: 1
0 177 14 0 Role: 2
0 48 33 0 Role: 2
0 17 6 0 Role: 2
0 101 0 Role: 2
0 140 0 Role: 2
0 176 39 187 59 96 0 Role: 3
0 61 190 0 Role: 3
0 180 68 43 34 0 Role: 3
0 117 0 Role: 3
0 106 168 136 191 0 Role: 3
0 67 169 0 Role: 3
0 112 167 0 Role: 3
0 91 44 147 80 21 0 Role: 4
0 148 28 72 153 0 Role: 4
0 155 56 0 Role: 4
0 150 53 161 0 Role: 4
0 159 0 Role: 4
0 105 1 144 0 Role: 4
0 63 23 0 Role: 4
0 10 65 0 Role: 4
0 134 108 0 Role: 4
0 192 20 178 173 0 Role: 4
0 166 84 0 Role: 4
0 24 0 Role: 4
0 9 103 133 88 0 Role: 4
0 95 123 0 Role: 4
0 42 154 19 0 Role: 4
0 184 0 Role: 4
0 54 137 0 Role: 4
0 11 55 0 Role: 5
0 38 64 129 182 0 Role: 5
0 66 87 98 0 Role: 5
0 194 0 Role: 5
0 125 73 40 146 157 0 Role: 6
0 126 145 131 0 Role: 6
0 18 79 0 Role: 6
0 200 128 0 Role: 6
0 5 30 0 Role: 7

