Số khách: 38
Chi phí: 1.77741e+07
0 127 0 Role: 0
0 6 28 0 Role: 0
0 158 0 Role: 0
0 145 152 53 0 Role: 0
0 103 180 0 Role: 0
0 64 129 0 Role: 0
0 157 85 0 Role: 0
0 27 153 35 93 0 Role: 0
0 16 116 5 73 0 Role: 1
0 162 117 0 Role: 1
0 199 88 8 0 Role: 1
0 123 0 Role: 1
0 36 182 0 Role: 2
0 149 0 Role: 2
0 29 38 0 Role: 3
0 14 0 Role: 3
0 46 160 0 Role: 4
0 2 0 Role: 4
0 24 0 Role: 4
0 128 0 Role: 5

Số khách: 79
Chi phí: 3.04078e+07
0 13 75 87 4 150 19 95 141 105 79 81 0 Role: 0
0 30 43 129 57 175 92 0 Role: 0
0 148 130 91 154 21 174 25 0 Role: 0
0 20 76 122 97 0 Role: 0
0 199 82 173 176 162 93 83 171 0 Role: 0
0 112 187 192 126 22 0 Role: 0
0 197 102 191 172 65 108 159 125 0 Role: 0
0 163 15 51 9 17 147 66 69 0 Role: 0
0 160 36 0 Role: 1
0 123 2 117 0 Role: 1
0 5 35 8 0 Role: 1
0 16 158 0 Role: 1
0 88 0 Role: 1
0 46 29 0 Role: 2
0 73 149 116 0 Role: 2
0 14 0 Role: 3
0 182 0 Role: 3
0 145 0 Role: 4
0 128 0 Role: 4
0 24 0 Role: 4
0 38 0 Role: 4

Số khách: 78
Chi phí: 2.51943e+07
0 168 200 95 109 33 158 35 0 Role: 0
0 66 41 165 62 94 189 34 174 0 Role: 0
0 67 146 21 48 4 55 0 Role: 0
0 36 177 144 167 0 Role: 0
0 137 69 120 79 81 43 82 5 112 0 Role: 0
0 11 65 198 87 99 0 Role: 0
0 89 159 138 27 173 150 78 88 0 Role: 0
0 126 166 64 47 184 6 101 23 199 187 17 153 0 Role: 0
0 2 0 Role: 1
0 16 14 0 Role: 1
0 73 162 93 0 Role: 1
0 117 116 0 Role: 1
0 8 0 Role: 1
0 123 0 Role: 1
0 29 38 0 Role: 2
0 182 0 Role: 2
0 149 0 Role: 2
0 24 0 Role: 3
0 145 0 Role: 3
0 128 0 Role: 3
0 160 0 Role: 3
0 46 0 Role: 4

Số khách: 65
Chi phí: 2.16733e+07
0 112 0 Role: 0
0 147 148 39 120 28 180 65 200 139 59 80 169 0 Role: 0
0 71 27 176 19 43 89 137 118 127 0 Role: 0
0 189 17 6 159 99 149 158 179 0 Role: 0
0 131 23 38 62 150 0 Role: 0
0 162 104 0 Role: 0
0 55 194 198 0 Role: 0
0 34 190 153 10 93 0 Role: 0
0 2 73 116 0 Role: 1
0 35 199 88 0 Role: 1
0 5 8 0 Role: 1
0 123 117 0 Role: 1
0 16 0 Role: 1
0 36 0 Role: 2
0 145 0 Role: 2
0 24 0 Role: 2
0 182 0 Role: 2
0 14 0 Role: 2
0 46 29 0 Role: 3
0 128 0 Role: 4
0 160 0 Role: 4

Số khách: 49
Chi phí: 1.87069e+07
0 145 114 66 142 138 99 20 11 134 43 0 Role: 0
0 16 3 135 158 0 Role: 0
0 67 178 0 Role: 0
0 97 159 17 57 171 78 0 Role: 0
0 128 187 0 Role: 0
0 165 0 Role: 0
0 2 192 0 Role: 0
0 34 75 0 Role: 0
0 29 35 93 0 Role: 1
0 117 8 0 Role: 1
0 116 162 5 0 Role: 1
0 123 0 Role: 1
0 199 88 0 Role: 1
0 24 160 0 Role: 2
0 14 0 Role: 2
0 73 149 0 Role: 2
0 182 0 Role: 2
0 36 38 0 Role: 3
0 46 0 Role: 4

Số khách: 68
Chi phí: 2.446e+07
0 152 154 105 141 181 147 85 134 0 Role: 0
0 34 117 8 0 Role: 0
0 168 30 77 43 169 95 11 200 162 103 158 138 137 59 0 Role: 0
0 123 153 79 0 Role: 0
0 119 65 55 37 0 Role: 0
0 100 29 125 172 83 27 171 53 139 0 Role: 0
0 68 82 60 0 Role: 0
0 1 76 189 92 112 0 Role: 0
0 145 116 0 Role: 1
0 93 0 Role: 1
0 16 5 0 Role: 1
0 35 199 88 0 Role: 1
0 38 73 0 Role: 2
0 182 0 Role: 2
0 14 0 Role: 2
0 149 0 Role: 2
0 46 160 0 Role: 3
0 24 0 Role: 3
0 36 2 0 Role: 3
0 128 0 Role: 4

Số khách: 57
Chi phí: 2.10666e+07
0 148 147 0 Role: 0
0 137 156 127 200 112 0 Role: 0
0 189 141 25 158 0 Role: 0
0 3 99 111 68 5 172 167 0 Role: 0
0 179 149 153 0 Role: 0
0 66 133 159 106 123 0 Role: 0
0 21 27 121 33 103 0 Role: 0
0 196 93 162 81 190 194 138 0 Role: 0
0 182 116 0 Role: 1
0 35 199 8 0 Role: 1
0 16 88 0 Role: 1
0 117 0 Role: 1
0 128 73 0 Role: 2
0 14 0 Role: 2
0 46 29 0 Role: 3
0 24 0 Role: 3
0 2 38 0 Role: 3
0 160 36 0 Role: 4
0 145 0 Role: 4

Số khách: 56
Chi phí: 2.00675e+07
0 114 184 0 Role: 0
0 100 140 173 59 109 5 125 0 Role: 0
0 89 44 21 158 16 0 Role: 0
0 66 182 0 Role: 0
0 53 187 199 0 Role: 0
0 146 164 172 43 0 Role: 0
0 7 101 150 123 0 Role: 0
0 188 171 108 26 151 166 148 3 74 77 0 Role: 0
0 2 38 73 0 Role: 1
0 149 116 8 0 Role: 1
0 93 117 0 Role: 1
0 35 162 88 0 Role: 1
0 160 36 0 Role: 2
0 24 0 Role: 2
0 14 0 Role: 2
0 46 29 0 Role: 3
0 145 0 Role: 3
0 128 0 Role: 4

Số khách: 66
Chi phí: 2.37221e+07
0 179 149 0 Role: 0
0 17 87 92 82 117 35 0 Role: 0
0 97 55 171 43 147 19 93 0 Role: 0
0 103 48 59 4 172 60 88 0 Role: 0
0 69 86 169 39 122 18 200 0 Role: 0
0 152 128 192 78 8 138 34 158 0 Role: 0
0 95 41 144 199 73 125 0 Role: 0
0 113 77 3 99 20 141 81 165 0 Role: 0
0 116 0 Role: 1
0 16 162 0 Role: 1
0 123 0 Role: 1
0 5 0 Role: 1
0 36 38 182 0 Role: 2
0 14 0 Role: 2
0 24 160 0 Role: 3
0 145 0 Role: 3
0 2 29 0 Role: 3
0 46 0 Role: 4

Số khách: 51
Chi phí: 1.91283e+07
0 62 65 144 20 43 0 Role: 0
0 40 8 174 0 Role: 0
0 132 27 147 60 158 0 Role: 0
0 126 99 190 0 Role: 0
0 34 105 138 25 176 5 0 Role: 0
0 110 0 Role: 0
0 57 0 Role: 0
0 3 185 79 159 78 93 0 Role: 0
0 24 160 116 0 Role: 1
0 35 199 162 0 Role: 1
0 123 117 0 Role: 1
0 16 88 0 Role: 1
0 38 73 0 Role: 2
0 149 0 Role: 2
0 14 0 Role: 2
0 182 0 Role: 2
0 36 29 0 Role: 3
0 2 0 Role: 3
0 145 0 Role: 3
0 46 0 Role: 4
0 128 0 Role: 4

