Số khách: 82
Chi phí: 8.75565e+06
0 66 99 41 68 18 56 22 75 72 0 Role: 0
0 30 51 0 Role: 0
0 8 55 0 Role: 0
0 5 11 47 54 25 0 Role: 0
0 98 0 Role: 1
0 7 1 35 2 88 19 0 Role: 2
0 69 31 84 0 Role: 2
0 92 60 39 78 77 40 61 0 Role: 2
0 38 17 85 86 0 Role: 2
0 59 3 36 6 74 0 Role: 2
0 73 58 4 64 0 Role: 2
0 10 0 Role: 3
0 34 100 71 70 0 Role: 4
0 62 49 0 Role: 4
0 16 89 96 45 91 0 Role: 4
0 50 93 52 48 27 23 28 13 0 Role: 5
0 90 0 Role: 5
0 67 24 43 0 Role: 5
0 9 12 46 0 Role: 6
0 95 97 44 53 0 Role: 7
0 14 37 80 0 Role: 8

Số khách: 74
Chi phí: 5.15743e+06
0 10 36 64 5 33 72 20 85 0 Role: 0
0 66 31 35 54 19 69 61 0 Role: 1
0 46 51 13 0 Role: 2
0 56 2 59 6 92 75 60 40 39 0 Role: 2
0 62 11 74 25 0 Role: 3
0 4 0 Role: 3
0 27 0 Role: 4
0 67 0 Role: 4
0 84 17 18 8 3 0 Role: 4
0 58 78 0 Role: 4
0 86 77 38 68 88 0 Role: 4
0 73 22 0 Role: 4
0 89 93 1 41 0 Role: 5
0 43 9 90 23 16 71 0 Role: 5
0 98 49 0 Role: 6
0 91 24 7 47 0 Role: 6
0 44 52 0 Role: 7
0 14 70 0 Role: 8
0 99 0 Role: 8
0 97 12 45 48 28 0 Role: 9

Số khách: 84
Chi phí: 1.06256e+07
0 50 74 0 Role: 0
0 54 35 81 42 0 Role: 0
0 53 0 Role: 0
0 71 78 55 48 57 59 0 Role: 0
0 41 5 0 Role: 0
0 19 37 58 0 Role: 0
0 13 70 0 Role: 1
0 4 39 51 0 Role: 1
0 6 0 Role: 1
0 77 0 Role: 1
0 84 88 0 Role: 1
0 75 0 Role: 1
0 40 17 89 47 61 60 0 Role: 1
0 68 24 31 72 67 86 0 Role: 1
0 38 8 22 25 0 Role: 2
0 36 56 0 Role: 2
0 85 18 0 Role: 2
0 2 64 92 69 0 Role: 2
0 3 0 Role: 2
0 12 62 90 73 43 0 Role: 3
0 91 0 Role: 3
0 9 27 28 98 23 49 0 Role: 4
0 45 93 11 0 Role: 4
0 100 44 52 7 0 Role: 5
0 1 99 10 16 96 34 14 66 46 0 Role: 6
0 97 95 0 Role: 6
0 80 0 Role: 7

Số khách: 82
Chi phí: 1.07988e+07
0 49 32 73 6 69 0 Role: 0
0 62 36 39 84 17 0 Role: 0
0 22 0 Role: 0
0 4 72 51 0 Role: 0
0 74 67 76 92 78 0 Role: 0
0 43 44 0 Role: 0
0 34 23 68 0 Role: 1
0 77 89 25 85 19 0 Role: 1
0 60 40 0 Role: 1
0 2 31 58 0 Role: 1
0 64 0 Role: 1
0 75 16 0 Role: 2
0 10 41 54 50 0 Role: 3
0 56 86 27 71 91 18 0 Role: 4
0 88 5 24 47 11 8 98 0 Role: 4
0 35 59 0 Role: 4
0 38 61 0 Role: 4
0 3 0 Role: 4
0 12 48 45 70 0 Role: 5
0 93 0 Role: 5
0 90 13 7 0 Role: 5
0 14 0 Role: 6
0 66 100 53 0 Role: 6
0 28 96 52 0 Role: 6
0 95 1 37 99 46 9 0 Role: 7
0 97 0 Role: 7
0 80 0 Role: 8

Số khách: 80
Chi phí: 4.70115e+06
0 89 0 Role: 0
0 11 98 5 61 60 58 39 0 Role: 1
0 67 68 25 22 0 Role: 1
0 18 4 92 88 69 8 19 35 0 Role: 1
0 86 2 0 Role: 1
0 37 7 66 49 74 0 Role: 2
0 71 0 Role: 2
0 40 70 59 75 91 77 13 31 0 Role: 2
0 3 84 0 Role: 2
0 85 17 56 38 78 0 Role: 2
0 64 73 72 6 36 0 Role: 2
0 14 99 1 44 0 Role: 3
0 90 28 16 51 47 43 0 Role: 3
0 54 93 24 0 Role: 3
0 45 0 Role: 3
0 27 0 Role: 3
0 41 48 0 Role: 4
0 23 0 Role: 4
0 12 10 50 0 Role: 5
0 52 96 0 Role: 5
0 97 9 62 53 0 Role: 5
0 95 34 0 Role: 6
0 100 0 Role: 6
0 80 46 0 Role: 7

Số khách: 80
Chi phí: 5.08561e+06
0 1 0 Role: 0
0 59 2 60 56 54 0 Role: 1
0 74 47 91 38 72 39 35 0 Role: 1
0 77 18 84 0 Role: 1
0 67 0 Role: 1
0 31 36 22 86 25 0 Role: 1
0 3 0 Role: 1
0 8 5 0 Role: 1
0 75 78 0 Role: 1
0 4 85 73 19 6 0 Role: 1
0 40 0 Role: 1
0 89 0 Role: 2
0 23 71 28 62 0 Role: 2
0 44 0 Role: 2
0 50 17 43 49 58 0 Role: 3
0 64 68 24 69 11 61 0 Role: 3
0 92 88 0 Role: 3
0 52 10 12 66 51 98 27 13 0 Role: 4
0 99 0 Role: 5
0 41 80 0 Role: 6
0 34 90 93 70 0 Role: 6
0 7 16 0 Role: 6
0 48 0 Role: 6
0 45 0 Role: 6
0 95 100 96 0 Role: 7
0 53 0 Role: 7
0 46 9 97 14 0 Role: 8
0 37 0 Role: 8

Số khách: 84
Chi phí: 1.06888e+07
0 30 2 22 43 78 64 0 Role: 0
0 66 14 21 0 Role: 0
0 25 85 0 Role: 0
0 56 47 0 Role: 0
0 33 87 0 Role: 0
0 27 88 0 Role: 0
0 73 8 39 58 35 74 60 0 Role: 1
0 75 61 77 36 0 Role: 1
0 67 38 72 68 5 31 19 0 Role: 1
0 86 6 92 18 59 0 Role: 1
0 84 17 69 3 0 Role: 1
0 4 40 0 Role: 1
0 16 70 0 Role: 2
0 41 12 98 7 49 0 Role: 2
0 24 91 0 Role: 2
0 71 13 51 54 11 0 Role: 2
0 93 9 0 Role: 3
0 62 23 96 52 28 0 Role: 3
0 90 0 Role: 3
0 89 0 Role: 3
0 48 45 0 Role: 3
0 10 53 44 50 0 Role: 4
0 34 0 Role: 5
0 95 100 0 Role: 6
0 1 37 97 99 46 0 Role: 7
0 80 0 Role: 8

Số khách: 82
Chi phí: 1.03148e+07
0 84 20 48 17 0 Role: 0
0 90 73 0 Role: 0
0 23 16 0 Role: 0
0 5 40 0 Role: 0
0 56 0 Role: 0
0 95 29 22 93 67 18 19 0 Role: 0
0 36 28 53 66 34 46 85 39 35 0 Role: 1
0 13 49 70 0 Role: 2
0 47 11 74 0 Role: 2
0 78 24 4 58 77 2 31 0 Role: 2
0 75 64 8 3 38 60 0 Role: 2
0 88 92 86 25 69 0 Role: 2
0 61 0 Role: 2
0 72 0 Role: 2
0 6 59 0 Role: 2
0 71 68 0 Role: 3
0 99 37 14 9 96 98 51 0 Role: 4
0 12 50 10 62 44 0 Role: 5
0 27 45 43 0 Role: 5
0 91 0 Role: 5
0 7 0 Role: 5
0 54 0 Role: 5
0 89 0 Role: 6
0 80 41 97 1 0 Role: 6
0 100 52 0 Role: 6

Số khách: 85
Chi phí: 1.02642e+07
0 44 51 23 0 Role: 0
0 15 18 0 Role: 0
0 13 49 55 77 2 0 Role: 0
0 24 75 12 27 73 87 36 72 6 92 58 68 0 Role: 0
0 29 53 0 Role: 0
0 4 11 76 61 22 35 40 0 Role: 0
0 70 60 69 0 Role: 1
0 64 3 85 19 56 39 0 Role: 1
0 5 67 0 Role: 1
0 84 38 86 0 Role: 1
0 17 0 Role: 1
0 88 74 8 78 25 0 Role: 1
0 37 54 41 66 9 14 0 Role: 2
0 71 7 0 Role: 2
0 98 45 91 43 47 0 Role: 2
0 59 31 0 Role: 2
0 97 52 46 0 Role: 3
0 100 96 89 50 16 0 Role: 3
0 48 90 93 0 Role: 3
0 28 0 Role: 3
0 1 10 34 99 95 0 Role: 4
0 62 0 Role: 4
0 80 0 Role: 5

Số khách: 80
Chi phí: 5.31844e+06
0 22 0 Role: 0
0 95 45 35 3 0 Role: 1
0 40 75 85 0 Role: 1
0 86 17 68 64 19 77 0 Role: 1
0 56 0 Role: 1
0 80 0 Role: 2
0 99 53 51 74 0 Role: 2
0 73 31 24 38 84 39 60 0 Role: 2
0 96 67 18 0 Role: 3
0 71 88 8 0 Role: 3
0 1 41 97 37 46 0 Role: 4
0 11 36 4 92 78 2 61 69 0 Role: 4
0 58 6 0 Role: 4
0 59 5 25 72 0 Role: 4
0 70 16 91 7 0 Role: 5
0 47 98 13 0 Role: 5
0 54 0 Role: 5
0 43 0 Role: 5
0 14 66 12 0 Role: 6
0 44 90 0 Role: 6
0 28 0 Role: 6
0 48 0 Role: 6
0 49 0 Role: 6
0 23 0 Role: 6
0 93 27 89 0 Role: 6
0 9 34 62 52 50 0 Role: 7
0 100 0 Role: 8
0 10 0 Role: 9

Số khách: 82
Chi phí: 1.05294e+07
0 45 0 Role: 0
0 5 25 2 31 72 40 39 0 Role: 0
0 91 86 0 Role: 0
0 81 78 4 88 0 Role: 0
0 63 0 Role: 0
0 1 68 0 Role: 0
0 71 34 92 24 0 Role: 1
0 8 58 0 Role: 1
0 3 75 73 35 61 56 0 Role: 2
0 17 0 Role: 2
0 74 19 69 38 0 Role: 2
0 85 60 84 77 0 Role: 2
0 22 18 6 59 0 Role: 2
0 64 0 Role: 2
0 99 66 100 0 Role: 3
0 44 0 Role: 3
0 90 48 7 70 89 0 Role: 3
0 93 54 11 0 Role: 3
0 47 36 43 67 0 Role: 3
0 80 50 27 13 49 0 Role: 4
0 53 62 16 28 0 Role: 5
0 98 23 51 0 Role: 5
0 41 0 Role: 6
0 12 10 97 9 52 46 14 0 Role: 6
0 96 37 0 Role: 6
0 95 0 Role: 7

Số khách: 80
Chi phí: 7.08673e+06
0 17 0 Role: 0
0 89 0 Role: 0
0 41 14 86 40 0 Role: 0
0 52 0 Role: 1
0 10 45 38 35 77 61 19 22 0 Role: 1
0 84 0 Role: 1
0 31 72 74 36 0 Role: 1
0 58 0 Role: 1
0 56 39 18 0 Role: 1
0 8 4 75 2 73 85 0 Role: 1
0 78 0 Role: 1
0 6 5 59 25 60 0 Role: 1
0 3 0 Role: 1
0 92 64 0 Role: 1
0 47 44 90 12 49 27 69 11 0 Role: 2
0 67 91 0 Role: 2
0 88 0 Role: 2
0 24 68 0 Role: 2
0 100 7 0 Role: 3
0 51 13 0 Role: 4
0 43 54 98 71 70 0 Role: 4
0 99 0 Role: 5
0 93 9 0 Role: 5
0 66 97 28 96 0 Role: 5
0 16 23 53 37 48 0 Role: 5
0 62 50 0 Role: 6
0 80 34 0 Role: 7
0 95 1 46 0 Role: 7

Số khách: 81
Chi phí: 6.50009e+06
0 89 0 Role: 0
0 40 93 35 54 76 0 Role: 0
0 34 4 39 59 71 28 0 Role: 1
0 56 85 8 11 74 0 Role: 1
0 6 31 47 84 92 0 Role: 1
0 86 75 77 72 36 2 0 Role: 1
0 22 61 73 69 19 0 Role: 1
0 25 18 60 58 3 38 0 Role: 1
0 49 90 0 Role: 2
0 12 27 7 88 43 0 Role: 2
0 45 13 78 51 0 Role: 2
0 100 16 98 70 24 0 Role: 3
0 14 1 91 5 0 Role: 4
0 68 17 64 67 0 Role: 4
0 66 37 41 97 96 9 44 0 Role: 5
0 99 0 Role: 6
0 50 0 Role: 6
0 53 0 Role: 7
0 52 0 Role: 7
0 23 48 0 Role: 7
0 95 0 Role: 8
0 10 46 0 Role: 8
0 62 0 Role: 8
0 80 0 Role: 9

Số khách: 83
Chi phí: 1.04613e+07
0 50 0 Role: 0
0 76 81 0 Role: 0
0 12 35 26 98 89 85 0 Role: 0
0 72 0 Role: 0
0 74 27 25 67 0 Role: 0
0 8 0 Role: 0
0 96 77 0 Role: 1
0 86 39 38 5 6 36 0 Role: 1
0 31 3 40 0 Role: 2
0 48 43 69 0 Role: 3
0 51 56 75 4 13 92 0 Role: 3
0 46 16 11 19 88 47 22 61 0 Role: 4
0 78 17 60 59 2 0 Role: 4
0 68 84 0 Role: 4
0 64 73 18 58 0 Role: 4
0 80 23 91 24 7 0 Role: 5
0 54 71 0 Role: 5
0 100 93 62 90 0 Role: 6
0 14 34 45 53 1 41 52 44 0 Role: 7
0 70 28 0 Role: 7
0 49 0 Role: 7
0 95 37 97 9 66 0 Role: 8
0 99 10 0 Role: 8

Số khách: 85
Chi phí: 1.07885e+07
0 94 66 28 4 0 Role: 0
0 8 0 Role: 0
0 17 65 16 33 77 0 Role: 0
0 22 0 Role: 0
0 15 48 60 25 67 35 0 Role: 0
0 75 46 38 86 21 0 Role: 0
0 95 0 Role: 1
0 18 84 0 Role: 1
0 23 3 0 Role: 1
0 52 19 62 49 69 36 61 0 Role: 2
0 59 72 0 Role: 2
0 39 0 Role: 2
0 74 6 5 88 0 Role: 2
0 70 10 0 Role: 3
0 85 40 0 Role: 3
0 24 73 92 64 54 56 31 0 Role: 3
0 44 51 68 91 43 0 Role: 4
0 98 13 0 Role: 4
0 71 11 2 58 47 0 Role: 4
0 78 0 Role: 4
0 97 90 27 7 45 12 0 Role: 5
0 37 100 41 53 93 0 Role: 6
0 9 1 50 89 99 0 Role: 7
0 80 96 34 14 0 Role: 8

Số khách: 85
Chi phí: 1.10121e+07
0 35 78 84 19 0 Role: 0
0 89 26 0 Role: 0
0 54 49 0 Role: 0
0 50 96 63 30 15 11 39 17 75 58 8 40 0 Role: 0
0 37 48 81 7 23 0 Role: 0
0 56 72 88 5 0 Role: 0
0 93 41 68 0 Role: 1
0 98 74 0 Role: 1
0 73 92 91 47 77 2 85 0 Role: 1
0 59 12 14 70 46 43 44 0 Role: 2
0 52 62 22 6 0 Role: 2
0 69 61 24 31 64 38 0 Role: 2
0 13 0 Role: 3
0 4 45 16 36 3 0 Role: 3
0 86 25 60 67 18 0 Role: 3
0 95 71 53 0 Role: 4
0 34 99 0 Role: 5
0 66 90 51 0 Role: 6
0 80 100 28 27 0 Role: 7
0 10 97 1 9 0 Role: 8

Số khách: 82
Chi phí: 7.46552e+06
0 21 0 Role: 0
0 35 0 Role: 0
0 94 16 0 Role: 0
0 77 4 47 13 0 Role: 1
0 8 31 6 91 0 Role: 1
0 24 61 5 75 39 40 0 Role: 1
0 18 67 3 0 Role: 1
0 69 0 Role: 1
0 73 36 58 92 84 78 74 85 0 Role: 1
0 17 38 0 Role: 1
0 60 64 22 19 2 88 56 0 Role: 1
0 59 25 0 Role: 1
0 72 0 Role: 1
0 45 93 0 Role: 2
0 9 34 86 71 98 0 Role: 2
0 28 66 0 Role: 3
0 52 46 99 11 0 Role: 3
0 43 68 54 0 Role: 3
0 7 90 70 89 51 0 Role: 4
0 23 27 49 0 Role: 4
0 48 0 Role: 5
0 50 44 12 62 0 Role: 6
0 96 53 0 Role: 6
0 80 41 1 14 37 0 Role: 7
0 97 100 0 Role: 7
0 95 0 Role: 8
0 10 0 Role: 9

Số khách: 81
Chi phí: 5.96608e+06
0 34 13 68 0 Role: 0
0 33 0 Role: 0
0 39 90 54 0 Role: 1
0 74 98 0 Role: 1
0 49 69 17 86 77 35 0 Role: 1
0 75 47 56 24 64 25 0 Role: 1
0 61 92 88 0 Role: 1
0 85 22 18 78 84 4 60 0 Role: 1
0 73 0 Role: 1
0 40 19 72 0 Role: 1
0 5 0 Role: 1
0 16 97 58 11 36 31 0 Role: 2
0 3 2 0 Role: 2
0 59 6 8 67 0 Role: 2
0 38 0 Role: 2
0 23 44 62 0 Role: 3
0 50 7 96 28 0 Role: 3
0 45 93 0 Role: 3
0 51 27 70 71 0 Role: 3
0 43 0 Role: 3
0 89 91 0 Role: 3
0 41 100 53 52 48 0 Role: 4
0 99 12 37 10 14 46 0 Role: 5
0 66 9 1 0 Role: 5
0 95 0 Role: 6
0 80 0 Role: 7

Số khách: 82
Chi phí: 5.86243e+06
0 1 18 11 87 0 Role: 0
0 30 66 5 69 0 Role: 0
0 61 72 56 64 59 60 0 Role: 1
0 67 78 36 75 25 4 0 Role: 1
0 74 8 86 38 85 0 Role: 1
0 58 19 22 39 3 31 6 35 0 Role: 1
0 92 17 40 77 2 0 Role: 1
0 88 84 73 0 Role: 1
0 7 70 51 24 43 47 0 Role: 2
0 98 89 27 91 71 0 Role: 2
0 68 45 48 93 0 Role: 3
0 23 54 49 13 90 0 Role: 3
0 34 52 28 53 37 50 0 Role: 4
0 100 96 12 41 44 0 Role: 4
0 16 62 0 Role: 4
0 80 0 Role: 5
0 9 97 95 14 99 10 0 Role: 6
0 46 0 Role: 7

Số khách: 80
Chi phí: 6.11304e+06
0 71 0 Role: 0
0 14 62 8 0 Role: 0
0 6 84 61 58 74 60 85 0 Role: 1
0 59 22 31 77 56 92 39 0 Role: 1
0 19 38 0 Role: 1
0 73 2 0 Role: 1
0 69 27 25 35 68 88 36 0 Role: 2
0 67 4 75 0 Role: 2
0 17 86 40 0 Role: 2
0 78 0 Role: 2
0 64 18 3 0 Role: 2
0 28 93 9 1 13 43 0 Role: 3
0 99 48 89 98 47 70 0 Role: 4
0 96 12 0 Role: 5
0 37 90 51 54 23 0 Role: 5
0 5 49 0 Role: 5
0 7 45 91 72 24 0 Role: 5
0 11 0 Role: 5
0 46 53 52 100 44 0 Role: 6
0 95 0 Role: 7
0 34 97 41 0 Role: 7
0 50 10 16 66 0 Role: 7
0 80 0 Role: 8

Số khách: 81
Chi phí: 1.09906e+07
0 67 0 Role: 0
0 37 2 8 0 Role: 0
0 91 0 Role: 0
0 18 84 0 Role: 0
0 71 88 0 Role: 0
0 19 74 51 20 0 Role: 0
0 6 0 Role: 1
0 68 0 Role: 1
0 64 43 70 89 0 Role: 1
0 69 58 86 5 72 39 0 Role: 1
0 31 0 Role: 1
0 54 40 4 24 38 35 0 Role: 1
0 77 92 36 60 0 Role: 1
0 11 0 Role: 2
0 22 0 Role: 2
0 3 59 17 61 85 0 Role: 2
0 78 25 0 Role: 2
0 49 0 Role: 3
0 53 50 96 13 0 Role: 3
0 27 0 Role: 3
0 16 98 45 28 47 0 Role: 3
0 7 75 56 90 73 0 Role: 3
0 48 0 Role: 4
0 62 12 44 23 52 0 Role: 5
0 93 0 Role: 5
0 95 9 66 100 0 Role: 6
0 41 0 Role: 6
0 97 10 14 99 46 0 Role: 7
0 34 0 Role: 7
0 80 0 Role: 8
0 1 0 Role: 9

Số khách: 84
Chi phí: 9.26394e+06
0 70 82 91 19 20 88 71 4 0 Role: 0
0 29 0 Role: 0
0 59 90 78 48 0 Role: 0
0 73 0 Role: 0
0 93 25 86 18 84 87 0 Role: 0
0 89 6 0 Role: 1
0 17 49 38 85 0 Role: 1
0 69 0 Role: 1
0 61 68 5 35 0 Role: 1
0 67 64 8 3 60 0 Role: 1
0 75 36 40 92 74 0 Role: 1
0 39 0 Role: 1
0 31 22 2 72 77 56 0 Role: 1
0 98 27 28 24 11 0 Role: 2
0 54 47 58 0 Role: 2
0 100 96 0 Role: 3
0 53 44 45 43 0 Role: 3
0 23 16 7 52 0 Role: 3
0 62 51 13 0 Role: 3
0 14 0 Role: 4
0 99 0 Role: 4
0 97 34 9 0 Role: 4
0 1 12 37 0 Role: 4
0 46 50 0 Role: 5
0 10 0 Role: 5
0 66 80 41 95 0 Role: 6

Số khách: 81
Chi phí: 6.36077e+06
0 63 14 0 Role: 0
0 36 0 Role: 0
0 25 88 18 0 Role: 1
0 19 59 84 5 73 35 0 Role: 1
0 38 0 Role: 1
0 31 0 Role: 1
0 2 56 0 Role: 1
0 22 4 75 0 Role: 1
0 64 92 39 8 74 85 60 0 Role: 1
0 6 72 49 7 27 13 77 0 Role: 2
0 3 61 40 17 0 Role: 3
0 66 53 0 Role: 4
0 89 0 Role: 4
0 70 96 28 90 43 47 0 Role: 4
0 93 0 Role: 4
0 48 11 86 24 67 78 0 Role: 5
0 54 68 0 Role: 5
0 69 58 0 Role: 5
0 51 91 71 0 Role: 6
0 34 97 52 23 44 0 Role: 7
0 16 62 12 98 0 Role: 7
0 45 0 Role: 7
0 9 80 46 10 50 0 Role: 8
0 95 99 1 100 41 0 Role: 8
0 37 0 Role: 9

Số khách: 86
Chi phí: 1.05804e+07
0 38 0 Role: 0
0 86 0 Role: 0
0 23 83 26 30 34 39 85 0 Role: 0
0 15 98 13 90 0 Role: 0
0 20 60 58 76 59 74 35 91 0 Role: 0
0 14 80 52 0 Role: 0
0 27 36 6 0 Role: 1
0 44 89 4 93 16 69 11 40 0 Role: 2
0 24 2 0 Role: 2
0 72 8 3 61 0 Role: 2
0 51 19 7 67 73 84 18 77 0 Role: 3
0 43 0 Role: 4
0 62 96 22 71 31 0 Role: 4
0 88 12 49 25 0 Role: 4
0 92 64 5 78 0 Role: 4
0 68 17 56 75 0 Role: 4
0 41 0 Role: 5
0 46 50 47 54 48 0 Role: 5
0 70 28 45 0 Role: 5
0 95 9 66 10 97 0 Role: 6
0 1 37 0 Role: 6
0 53 100 0 Role: 6
0 99 0 Role: 7

Số khách: 81
Chi phí: 5.46845e+06
0 75 42 45 0 Role: 0
0 86 73 5 59 60 35 39 0 Role: 1
0 18 74 17 2 0 Role: 1
0 36 67 85 19 6 78 56 0 Role: 1
0 22 8 0 Role: 1
0 4 0 Role: 1
0 61 31 38 72 69 0 Role: 1
0 43 13 0 Role: 2
0 24 70 0 Role: 2
0 7 49 54 28 58 40 98 0 Role: 2
0 3 64 84 0 Role: 2
0 88 77 25 92 68 0 Role: 2
0 34 0 Role: 3
0 66 47 96 52 0 Role: 3
0 53 0 Role: 3
0 62 16 0 Role: 3
0 41 51 93 0 Role: 4
0 11 91 0 Role: 4
0 48 71 89 0 Role: 5
0 90 27 0 Role: 5
0 37 0 Role: 6
0 50 12 14 46 97 0 Role: 7
0 100 23 44 0 Role: 7
0 80 0 Role: 8
0 10 0 Role: 8
0 99 9 1 95 0 Role: 9

Số khách: 83
Chi phí: 1.02038e+07
0 45 0 Role: 0
0 9 90 0 Role: 0
0 69 0 Role: 0
0 92 7 21 2 0 Role: 0
0 71 13 31 16 89 23 36 0 Role: 0
0 65 33 73 0 Role: 0
0 25 88 6 75 61 77 0 Role: 1
0 3 72 0 Role: 1
0 4 0 Role: 1
0 35 78 5 0 Role: 1
0 85 74 0 Role: 1
0 56 18 64 0 Role: 1
0 22 8 38 84 0 Role: 1
0 59 0 Role: 1
0 60 19 39 0 Role: 1
0 40 0 Role: 1
0 10 80 99 52 67 0 Role: 2
0 98 68 86 47 24 58 43 0 Role: 2
0 54 17 0 Role: 2
0 44 27 0 Role: 3
0 12 51 49 11 0 Role: 3
0 91 0 Role: 3
0 62 70 0 Role: 4
0 28 1 0 Role: 5
0 41 14 0 Role: 5
0 53 100 48 93 0 Role: 5
0 96 34 50 95 46 0 Role: 6
0 66 0 Role: 6
0 37 0 Role: 6
0 97 0 Role: 6

Số khách: 83
Chi phí: 9.68624e+06
0 20 0 Role: 0
0 25 55 0 Role: 0
0 68 58 40 57 5 0 Role: 0
0 14 84 92 48 72 19 71 91 2 0 Role: 0
0 98 23 24 35 0 Role: 0
0 3 56 86 64 0 Role: 1
0 67 0 Role: 1
0 4 59 88 6 38 77 39 0 Role: 1
0 8 75 61 36 31 60 0 Role: 1
0 69 18 22 0 Role: 1
0 78 73 0 Role: 1
0 74 85 17 0 Role: 1
0 52 100 13 89 47 43 70 0 Role: 2
0 11 54 0 Role: 2
0 41 62 44 0 Role: 3
0 99 46 96 0 Role: 4
0 97 53 93 27 49 12 45 28 0 Role: 4
0 90 16 51 0 Role: 5
0 7 0 Role: 5
0 37 34 66 9 50 0 Role: 6
0 95 1 0 Role: 6
0 80 0 Role: 7
0 10 0 Role: 8

