Số khách: 50
Chi phí: 7.39238e+06
0 25 3 19 12 39 27 9 24 7 30 33 37 44 38 40 0 Role: 0
0 21 4 10 1 8 42 50 31 20 41 49 0 Role: 0
0 29 36 43 0 Role: 0
0 46 0 Role: 1
0 45 32 22 0 Role: 1
0 14 17 0 Role: 1
0 23 28 0 Role: 2
0 34 16 48 47 0 Role: 2
0 26 35 0 Role: 2
0 18 15 0 Role: 2
0 6 5 11 0 Role: 2
0 2 0 Role: 2
0 13 0 Role: 2

Số khách: 22
Chi phí: 2.96559e+06
0 10 35 7 24 33 37 19 44 2 18 38 40 5 27 11 48 47 25 0 Role: 0
0 14 17 45 16 0 Role: 1

Số khách: 49
Chi phí: 6.28656e+06
0 21 4 10 1 8 42 50 31 20 41 7 49 30 24 9 27 12 19 25 33 37 44 38 40 0 Role: 0
0 3 36 39 43 0 Role: 0
0 23 28 0 Role: 1
0 34 16 48 47 0 Role: 1
0 26 35 0 Role: 1
0 18 15 0 Role: 1
0 6 5 11 0 Role: 1
0 2 0 Role: 1
0 13 0 Role: 1
0 46 0 Role: 2
0 45 32 22 0 Role: 2
0 14 17 0 Role: 2

Số khách: 48
Chi phí: 5.98638e+06
0 25 3 19 12 39 27 9 24 7 30 40 44 37 33 0 Role: 0
0 31 4 10 1 8 42 50 21 0 Role: 0
0 17 43 20 0 Role: 1
0 41 49 0 Role: 1
0 38 0 Role: 1
0 23 28 0 Role: 2
0 34 16 48 47 0 Role: 2
0 26 35 0 Role: 2
0 18 15 0 Role: 2
0 6 5 11 0 Role: 2
0 2 0 Role: 2
0 13 0 Role: 2
0 46 0 Role: 3
0 22 32 45 0 Role: 3
0 14 0 Role: 3

Số khách: 47
Chi phí: 4.98421e+06
0 21 4 10 1 8 42 50 31 20 41 7 49 30 24 9 27 12 19 25 33 37 44 38 40 0 Role: 0
0 46 0 Role: 1
0 45 32 22 0 Role: 1
0 14 17 0 Role: 1
0 23 28 0 Role: 2
0 34 16 48 47 0 Role: 2
0 35 26 0 Role: 2
0 18 15 0 Role: 2
0 6 5 11 0 Role: 2
0 2 0 Role: 2
0 13 0 Role: 2
0 39 0 Role: 3
0 43 0 Role: 3

Số khách: 29
Chi phí: 3.13288e+06
0 25 3 19 12 39 27 9 24 7 30 11 47 13 40 18 2 44 37 33 48 0 Role: 0
0 17 43 20 15 0 Role: 1
0 41 49 0 Role: 1
0 21 38 16 0 Role: 1

Số khách: 23
Chi phí: 3.11198e+06
0 10 35 7 24 33 37 19 44 2 18 25 47 48 11 27 5 13 40 38 0 Role: 0
0 14 17 45 16 0 Role: 1

Số khách: 34
Chi phí: 3.75443e+06
0 25 3 19 12 39 27 9 24 7 30 6 42 31 40 38 44 37 33 0 Role: 0
0 1 22 21 0 Role: 1
0 23 28 0 Role: 2
0 34 16 48 47 0 Role: 2
0 26 35 0 Role: 2
0 18 0 Role: 2
0 5 11 0 Role: 2
0 2 0 Role: 2
0 13 0 Role: 2

Số khách: 33
Chi phí: 3.4189e+06
0 25 3 19 12 39 27 9 24 7 30 33 37 44 15 38 40 31 42 6 0 Role: 0
0 28 1 21 0 Role: 1
0 34 16 48 47 0 Role: 1
0 26 35 0 Role: 1
0 18 0 Role: 1
0 5 11 0 Role: 1
0 2 0 Role: 1
0 13 0 Role: 1

Số khách: 37
Chi phí: 3.78713e+06
0 25 3 19 12 39 27 9 24 7 30 38 44 37 33 0 Role: 0
0 23 28 0 Role: 1
0 34 16 48 47 0 Role: 1
0 26 35 0 Role: 1
0 18 15 0 Role: 1
0 6 5 11 0 Role: 1
0 2 0 Role: 1
0 13 0 Role: 1
0 46 21 0 Role: 2
0 22 32 45 0 Role: 2
0 14 17 20 0 Role: 2

Số khách: 46
Chi phí: 4.9117e+06
0 21 4 10 1 8 42 50 31 20 41 7 49 30 24 9 27 12 19 25 33 37 44 38 40 0 Role: 0
0 23 28 0 Role: 1
0 34 16 48 47 0 Role: 1
0 26 35 0 Role: 1
0 18 15 0 Role: 1
0 6 5 11 0 Role: 1
0 2 0 Role: 1
0 13 0 Role: 1
0 46 0 Role: 2
0 45 32 22 0 Role: 2
0 14 17 0 Role: 2
0 43 0 Role: 3

Số khách: 45
Chi phí: 4.54153e+06
0 21 4 10 1 8 42 50 31 20 41 7 49 30 24 9 27 12 19 25 33 37 44 38 40 0 Role: 0
0 23 28 0 Role: 1
0 34 16 48 47 0 Role: 1
0 26 35 0 Role: 1
0 18 15 0 Role: 1
0 6 5 11 0 Role: 1
0 2 0 Role: 1
0 13 0 Role: 1
0 46 0 Role: 2
0 45 32 22 0 Role: 2
0 14 17 0 Role: 2

Số khách: 40
Chi phí: 4.17698e+06
0 11 7 24 33 37 19 44 38 31 6 42 25 47 48 0 Role: 0
0 14 12 0 Role: 1
0 9 27 16 0 Role: 1
0 13 0 Role: 1
0 34 15 18 0 Role: 1
0 35 41 0 Role: 1
0 2 0 Role: 1
0 40 0 Role: 1
0 5 0 Role: 1
0 30 0 Role: 1
0 46 21 0 Role: 2
0 45 32 22 0 Role: 2
0 1 23 28 0 Role: 2
0 17 26 0 Role: 2
0 39 0 Role: 2

Số khách: 39
Chi phí: 3.95789e+06
0 25 3 12 39 27 9 24 7 30 33 37 44 38 40 31 42 0 Role: 0
0 23 28 0 Role: 1
0 34 16 48 47 0 Role: 1
0 26 35 0 Role: 1
0 18 15 0 Role: 1
0 6 5 11 0 Role: 1
0 2 0 Role: 1
0 13 0 Role: 1
0 46 21 0 Role: 2
0 45 32 22 0 Role: 2
0 14 17 20 0 Role: 2

Số khách: 30
Chi phí: 3.35008e+06
0 25 3 19 12 39 27 9 24 7 30 6 42 40 38 44 37 33 0 Role: 0
0 23 0 Role: 1
0 34 16 48 47 0 Role: 1
0 26 35 0 Role: 1
0 18 15 0 Role: 1
0 5 11 0 Role: 1
0 2 0 Role: 1
0 13 0 Role: 1

Số khách: 31
Chi phí: 3.36025e+06
0 25 3 19 12 39 27 9 24 7 30 6 42 40 38 44 37 33 0 Role: 0
0 23 28 0 Role: 1
0 34 16 48 47 0 Role: 1
0 26 35 0 Role: 1
0 18 15 0 Role: 1
0 5 11 0 Role: 1
0 2 0 Role: 1
0 13 0 Role: 1

Số khách: 41
Chi phí: 4.31031e+06
0 25 3 19 12 39 27 9 24 7 30 33 37 44 15 38 40 31 42 6 0 Role: 0
0 45 21 22 1 0 Role: 1
0 23 28 0 Role: 2
0 16 48 47 0 Role: 2
0 26 35 0 Role: 2
0 18 0 Role: 2
0 5 11 0 Role: 2
0 2 0 Role: 2
0 13 0 Role: 2
0 14 17 20 0 Role: 3
0 41 49 0 Role: 3
0 43 0 Role: 3

Số khách: 38
Chi phí: 3.92941e+06
0 21 4 10 41 1 8 42 31 20 7 49 30 24 9 27 33 12 19 25 37 44 40 38 0 Role: 0
0 23 28 0 Role: 1
0 34 16 48 47 0 Role: 1
0 26 35 0 Role: 1
0 18 15 0 Role: 1
0 6 5 11 0 Role: 1
0 2 0 Role: 1
0 13 0 Role: 1

Số khách: 42
Chi phí: 4.40367e+06
0 4 10 11 39 9 7 5 6 35 13 47 37 44 19 33 27 24 30 0 Role: 0
0 25 18 20 43 0 Role: 1
0 21 49 0 Role: 1
0 15 38 48 0 Role: 1
0 12 2 0 Role: 1
0 14 45 0 Role: 2
0 34 32 22 0 Role: 2
0 46 26 0 Role: 2
0 28 41 16 0 Role: 2
0 40 0 Role: 2
0 1 23 0 Role: 3

Số khách: 43
Chi phí: 4.45915e+06
0 4 10 11 39 9 7 5 6 35 13 47 37 44 19 33 27 24 30 0 Role: 0
0 1 23 0 Role: 1
0 17 0 Role: 1
0 14 45 0 Role: 2
0 34 32 22 0 Role: 2
0 46 26 0 Role: 2
0 28 41 16 0 Role: 2
0 40 0 Role: 2
0 25 18 43 20 0 Role: 3
0 21 49 0 Role: 3
0 15 38 48 0 Role: 3
0 12 2 0 Role: 3

Số khách: 44
Chi phí: 4.49411e+06
0 21 4 10 41 1 8 42 31 20 7 49 30 24 9 27 33 12 19 25 37 44 40 38 0 Role: 0
0 46 0 Role: 1
0 45 32 22 0 Role: 1
0 14 17 0 Role: 1
0 23 28 0 Role: 2
0 34 16 48 47 0 Role: 2
0 26 35 0 Role: 2
0 18 15 0 Role: 2
0 6 5 11 0 Role: 2
0 2 0 Role: 2
0 13 0 Role: 2

