Số khách: 16
Chi phí: 3.86117e+06
0 31 27 20 36 88 80 33 10 26 40 45 76 0 Role: 0
0 7 18 4 19 0 Role: 1

Số khách: 100
Chi phí: 2.41754e+07
0 63 64 66 78 23 57 58 62 70 73 90 91 2 15 17 26 37 45 0 Role: 0
0 3 8 9 12 13 14 25 28 30 33 49 52 55 65 71 74 75 80 89 10 11 40 76 0 Role: 0
0 21 39 44 1 35 47 56 61 77 79 82 84 92 95 24 32 50 81 0 Role: 0
0 16 29 31 34 38 41 42 46 54 85 4 27 43 53 86 88 0 Role: 0
0 51 97 99 100 0 Role: 0
0 68 98 0 Role: 0
0 93 96 83 0 Role: 1
0 72 22 59 0 Role: 2
0 6 18 7 20 0 Role: 2
0 87 48 0 Role: 2
0 69 5 0 Role: 2
0 19 36 94 0 Role: 2
0 60 0 Role: 2
0 67 0 Role: 2

Số khách: 34
Chi phí: 4.33495e+06
0 37 0 Role: 0
0 76 48 93 0 Role: 1
0 92 1 59 0 Role: 1
0 11 35 18 0 Role: 1
0 7 53 22 0 Role: 1
0 67 0 Role: 2
0 24 0 Role: 2
0 94 20 0 Role: 2
0 69 27 0 Role: 2
0 23 43 0 Role: 2
0 87 0 Role: 2
0 36 4 0 Role: 2
0 19 0 Role: 2
0 60 0 Role: 2
0 70 0 Role: 3
0 6 0 Role: 3
0 5 0 Role: 3
0 96 0 Role: 4
0 72 0 Role: 4
0 83 0 Role: 4
0 44 0 Role: 4
0 79 0 Role: 4

Số khách: 22
Chi phí: 4.16098e+06
0 31 27 17 36 88 80 33 10 26 40 76 86 0 Role: 0
0 7 18 4 19 0 Role: 1
0 1 20 72 0 Role: 2
0 5 22 59 0 Role: 2

Số khách: 90
Chi phí: 1.84847e+07
0 21 39 42 3 14 31 33 41 57 58 62 71 77 85 90 91 2 10 11 17 26 40 86 88 0 Role: 0
0 84 5 7 8 13 15 22 23 24 25 30 32 37 45 50 52 65 69 74 80 89 0 Role: 0
0 16 34 51 56 61 97 99 46 47 64 66 73 78 38 49 54 55 75 81 0 Role: 0
0 79 0 Role: 1
0 96 0 Role: 1
0 18 43 94 0 Role: 2
0 87 76 0 Role: 2
0 59 20 19 0 Role: 2
0 36 4 0 Role: 2
0 48 53 0 Role: 2
0 60 0 Role: 2
0 27 0 Role: 2
0 70 93 0 Role: 3
0 6 0 Role: 3
0 92 0 Role: 3
0 35 0 Role: 4
0 44 0 Role: 5
0 1 0 Role: 5
0 83 72 0 Role: 5
0 67 0 Role: 5

Số khách: 98
Chi phí: 2.25882e+07
0 68 82 5 7 11 22 23 24 0 Role: 0
0 8 9 12 13 28 29 30 38 45 49 50 54 65 74 75 80 89 69 10 17 40 86 0 Role: 0
0 46 47 52 55 2 15 25 26 32 37 81 88 0 Role: 0
0 63 64 66 73 78 84 95 0 Role: 0
0 21 39 42 3 14 31 33 41 57 58 62 71 77 85 90 91 0 Role: 0
0 16 34 51 56 61 97 99 0 Role: 0
0 44 0 Role: 1
0 1 0 Role: 1
0 83 72 0 Role: 1
0 67 0 Role: 1
0 18 43 94 0 Role: 2
0 87 76 0 Role: 2
0 59 20 19 0 Role: 2
0 36 4 0 Role: 2
0 48 53 0 Role: 2
0 60 0 Role: 2
0 27 0 Role: 2
0 70 93 0 Role: 3
0 6 0 Role: 3
0 92 0 Role: 3
0 35 0 Role: 4
0 79 0 Role: 5
0 96 0 Role: 5

Số khách: 91
Chi phí: 2.02388e+07
0 2 15 17 24 26 32 37 45 50 81 10 11 40 76 0 Role: 0
0 16 29 31 34 38 41 42 46 54 85 4 27 43 53 86 88 52 74 75 80 89 0 Role: 0
0 63 64 66 78 23 57 58 62 70 73 90 91 25 33 65 0 Role: 0
0 21 39 44 1 35 47 56 61 77 79 82 84 92 95 3 8 13 14 30 49 55 71 0 Role: 0
0 93 96 83 0 Role: 1
0 72 22 59 0 Role: 2
0 6 18 7 20 0 Role: 2
0 87 48 0 Role: 2
0 69 5 0 Role: 2
0 19 36 94 0 Role: 2
0 60 0 Role: 2
0 67 0 Role: 2

Số khách: 70
Chi phí: 1.2498e+07
0 16 29 31 34 38 41 42 46 50 2 4 10 15 17 20 26 32 37 40 45 86 88 0 Role: 0
0 3 8 9 12 13 14 25 28 30 33 49 52 55 65 71 74 75 80 89 0 Role: 0
0 93 83 5 0 Role: 1
0 79 0 Role: 1
0 1 0 Role: 1
0 24 0 Role: 1
0 94 36 0 Role: 2
0 70 53 0 Role: 2
0 92 0 Role: 2
0 11 0 Role: 2
0 43 0 Role: 3
0 96 23 0 Role: 4
0 44 0 Role: 4
0 7 59 76 0 Role: 5
0 72 22 0 Role: 6
0 6 18 0 Role: 6
0 87 0 Role: 6
0 27 69 0 Role: 6
0 19 0 Role: 6
0 60 0 Role: 6
0 67 0 Role: 6

Số khách: 85
Chi phí: 1.79234e+07
0 63 64 66 73 78 84 95 4 19 20 27 36 43 48 53 59 60 76 87 94 0 Role: 0
0 46 47 52 55 2 15 25 26 32 37 81 88 0 Role: 0
0 21 39 42 3 14 31 33 41 57 58 62 71 77 85 90 91 0 Role: 0
0 8 9 12 13 28 29 30 38 45 49 50 54 65 74 75 80 89 69 10 17 40 86 0 Role: 0
0 70 93 0 Role: 1
0 6 18 0 Role: 1
0 92 0 Role: 1
0 79 7 0 Role: 2
0 11 0 Role: 2
0 24 0 Role: 2
0 22 5 0 Role: 2
0 23 0 Role: 2
0 1 72 0 Role: 3
0 35 0 Role: 3

Số khách: 66
Chi phí: 1.21488e+07
0 3 8 9 12 13 14 25 28 30 33 49 52 55 65 71 74 80 89 10 11 40 76 0 Role: 0
0 2 4 15 17 26 32 37 45 75 86 88 0 Role: 0
0 16 29 31 34 0 Role: 0
0 93 83 5 0 Role: 1
0 79 0 Role: 1
0 1 7 20 0 Role: 1
0 24 0 Role: 1
0 72 22 53 59 0 Role: 2
0 6 18 0 Role: 2
0 87 48 0 Role: 2
0 27 69 0 Role: 2
0 19 36 94 0 Role: 2
0 60 0 Role: 2
0 67 0 Role: 2
0 35 23 0 Role: 3
0 70 0 Role: 3
0 92 0 Role: 3
0 43 0 Role: 4
0 44 0 Role: 5

Số khách: 40
Chi phí: 5.10506e+06
0 3 8 9 12 13 14 25 28 30 33 49 52 55 65 74 75 80 89 10 11 40 76 0 Role: 0
0 72 22 53 59 0 Role: 1
0 6 18 7 20 0 Role: 1
0 87 48 0 Role: 1
0 27 69 5 0 Role: 1
0 19 36 94 0 Role: 1
0 60 0 Role: 1
0 67 0 Role: 1

Số khách: 72
Chi phí: 1.36429e+07
0 9 12 14 15 16 25 28 32 38 41 42 46 50 55 71 81 85 91 2 10 17 26 40 45 86 88 0 Role: 0
0 1 3 8 13 29 30 33 37 52 65 74 75 80 89 0 Role: 0
0 21 31 34 35 0 Role: 0
0 48 93 96 0 Role: 1
0 83 72 0 Role: 1
0 22 5 7 20 18 0 Role: 2
0 6 94 0 Role: 2
0 92 0 Role: 2
0 24 0 Role: 2
0 4 36 0 Role: 2
0 60 0 Role: 2
0 19 0 Role: 2
0 70 53 0 Role: 3
0 87 0 Role: 3
0 23 43 59 0 Role: 3
0 11 0 Role: 3
0 67 0 Role: 3
0 69 27 0 Role: 3

Số khách: 80
Chi phí: 1.60083e+07
0 46 47 52 55 2 15 25 26 32 37 81 88 60 76 87 0 Role: 0
0 21 39 42 3 14 31 33 41 57 58 62 71 77 85 90 91 4 20 27 43 48 94 0 Role: 0
0 8 9 12 13 28 29 30 38 45 49 50 54 65 74 75 80 89 69 10 17 40 86 0 Role: 0
0 35 18 0 Role: 1
0 44 0 Role: 2
0 1 0 Role: 2
0 83 72 0 Role: 2
0 67 0 Role: 2
0 70 93 59 0 Role: 3
0 6 36 0 Role: 3
0 92 0 Role: 3
0 79 7 0 Role: 4
0 11 0 Role: 4
0 24 0 Role: 4
0 22 5 0 Role: 4
0 23 19 0 Role: 4

Số khách: 76
Chi phí: 1.36733e+07
0 21 34 51 56 57 3 8 13 27 30 33 37 52 65 74 75 80 89 0 Role: 0
0 9 12 14 15 16 25 28 32 38 41 42 46 50 55 71 81 85 91 2 10 17 26 40 45 86 88 0 Role: 0
0 70 53 0 Role: 1
0 87 76 0 Role: 1
0 23 43 59 0 Role: 1
0 11 0 Role: 1
0 67 0 Role: 1
0 69 0 Role: 1
0 48 93 0 Role: 2
0 83 18 72 0 Role: 2
0 79 0 Role: 3
0 96 1 0 Role: 3
0 35 0 Role: 3
0 44 0 Role: 3
0 22 5 7 20 0 Role: 4
0 6 94 0 Role: 4
0 92 0 Role: 4
0 24 0 Role: 4
0 4 36 0 Role: 4
0 60 0 Role: 4
0 19 0 Role: 4

Số khách: 65
Chi phí: 1.09377e+07
0 3 8 9 12 13 14 25 28 30 33 49 52 55 65 71 74 75 80 89 10 11 40 76 0 Role: 0
0 2 15 17 26 32 37 45 50 81 86 88 0 Role: 0
0 93 83 5 0 Role: 1
0 79 0 Role: 1
0 1 7 20 0 Role: 1
0 24 0 Role: 1
0 72 22 53 59 0 Role: 2
0 6 18 0 Role: 2
0 87 0 Role: 2
0 69 27 0 Role: 2
0 19 36 94 0 Role: 2
0 60 0 Role: 2
0 67 0 Role: 2
0 96 23 0 Role: 3
0 44 48 0 Role: 3
0 35 0 Role: 4
0 70 0 Role: 4
0 92 0 Role: 4
0 43 4 0 Role: 5

Số khách: 96
Chi phí: 2.1999e+07
0 8 9 12 13 28 29 30 38 45 49 50 54 65 74 75 80 89 69 10 17 40 86 0 Role: 0
0 46 47 52 55 2 15 25 26 32 37 81 88 0 Role: 0
0 21 39 42 3 14 31 33 41 57 58 62 71 77 85 90 91 0 Role: 0
0 16 34 51 56 61 0 Role: 0
0 63 64 66 73 78 84 95 0 Role: 0
0 68 82 0 Role: 0
0 79 7 0 Role: 1
0 11 0 Role: 1
0 24 0 Role: 1
0 22 5 0 Role: 1
0 23 0 Role: 1
0 44 0 Role: 2
0 1 0 Role: 2
0 83 72 0 Role: 2
0 67 0 Role: 2
0 96 0 Role: 3
0 70 93 0 Role: 4
0 6 0 Role: 4
0 92 0 Role: 4
0 18 43 94 0 Role: 5
0 87 76 0 Role: 5
0 59 20 19 0 Role: 5
0 36 4 0 Role: 5
0 48 53 0 Role: 5
0 60 0 Role: 5
0 27 0 Role: 5
0 35 0 Role: 6

Số khách: 77
Chi phí: 1.49362e+07
0 62 3 8 27 30 33 37 52 65 74 75 80 89 0 Role: 0
0 9 12 14 15 16 25 28 32 38 41 42 46 50 55 71 81 85 91 2 10 17 26 40 45 86 88 0 Role: 0
0 13 29 31 47 49 54 0 Role: 0
0 1 59 0 Role: 1
0 35 0 Role: 1
0 44 0 Role: 1
0 79 7 0 Role: 1
0 70 53 0 Role: 2
0 87 76 0 Role: 2
0 23 43 0 Role: 2
0 11 0 Role: 2
0 67 0 Role: 2
0 69 0 Role: 2
0 48 93 96 0 Role: 3
0 83 18 72 0 Role: 3
0 22 5 20 0 Role: 4
0 6 94 0 Role: 4
0 92 0 Role: 4
0 24 0 Role: 4
0 4 36 0 Role: 4
0 60 0 Role: 4
0 19 0 Role: 4

Số khách: 81
Chi phí: 1.71729e+07
0 68 82 2 3 8 10 14 15 17 25 26 32 33 37 40 86 88 0 Role: 0
0 64 66 73 78 84 95 13 30 38 45 49 50 52 55 65 69 74 75 80 89 0 Role: 0
0 16 34 51 56 61 6 41 42 46 54 70 71 81 91 0 Role: 0
0 79 7 0 Role: 1
0 11 0 Role: 1
0 24 0 Role: 1
0 22 5 0 Role: 1
0 23 0 Role: 1
0 35 0 Role: 2
0 96 0 Role: 3
0 44 0 Role: 4
0 1 92 0 Role: 4
0 83 72 0 Role: 4
0 67 0 Role: 4
0 18 43 94 0 Role: 5
0 87 76 0 Role: 5
0 59 20 19 0 Role: 5
0 36 4 0 Role: 5
0 48 53 0 Role: 5
0 60 0 Role: 5
0 27 0 Role: 5
0 93 0 Role: 6

Số khách: 55
Chi phí: 8.34727e+06
0 9 12 14 15 16 25 28 32 38 41 42 46 50 55 71 81 85 91 2 10 17 26 40 45 86 88 0 Role: 0
0 22 5 7 20 18 0 Role: 1
0 6 94 0 Role: 1
0 92 0 Role: 1
0 24 0 Role: 1
0 4 36 0 Role: 1
0 60 0 Role: 1
0 19 0 Role: 1
0 70 53 0 Role: 2
0 87 76 0 Role: 2
0 23 43 59 0 Role: 2
0 11 0 Role: 2
0 67 0 Role: 2
0 69 27 0 Role: 2
0 48 93 96 0 Role: 3
0 83 72 0 Role: 3

Số khách: 50
Chi phí: 6.57153e+06
0 3 8 9 12 13 14 25 28 30 33 49 52 55 65 71 74 75 80 89 10 11 40 76 0 Role: 0
0 72 22 53 59 0 Role: 1
0 6 18 7 20 0 Role: 1
0 87 0 Role: 1
0 69 27 0 Role: 1
0 19 36 94 0 Role: 1
0 60 0 Role: 1
0 67 0 Role: 1
0 43 4 0 Role: 2
0 96 23 0 Role: 3
0 44 48 0 Role: 3
0 35 0 Role: 4
0 70 93 0 Role: 4
0 92 1 0 Role: 4

Số khách: 59
Chi phí: 8.95254e+06
0 9 12 14 15 16 25 28 32 38 41 42 46 50 55 71 81 85 91 2 10 17 26 40 45 86 88 0 Role: 0
0 48 93 96 0 Role: 1
0 83 18 72 0 Role: 1
0 70 53 0 Role: 2
0 87 76 0 Role: 2
0 23 43 0 Role: 2
0 11 0 Role: 2
0 67 0 Role: 2
0 69 27 0 Role: 2
0 1 59 0 Role: 3
0 35 0 Role: 3
0 44 0 Role: 3
0 79 7 0 Role: 3
0 22 5 20 0 Role: 4
0 6 94 0 Role: 4
0 92 0 Role: 4
0 24 0 Role: 4
0 4 36 0 Role: 4
0 60 0 Role: 4
0 19 0 Role: 4

Số khách: 94
Chi phí: 2.11548e+07
0 16 29 31 34 38 41 42 46 54 85 4 27 43 53 86 88 0 Role: 0
0 3 8 9 12 13 14 25 28 30 33 49 52 55 65 71 74 75 80 89 10 11 40 76 0 Role: 0
0 2 15 17 24 26 32 37 45 50 81 0 Role: 0
0 63 64 66 78 23 57 58 62 70 73 90 91 0 Role: 0
0 21 39 44 1 35 47 56 61 77 79 82 84 92 95 0 Role: 0
0 93 96 83 0 Role: 1
0 72 22 59 0 Role: 2
0 6 18 7 20 0 Role: 2
0 87 48 0 Role: 2
0 69 5 0 Role: 2
0 19 36 94 0 Role: 2
0 60 0 Role: 2
0 67 0 Role: 2

Số khách: 79
Chi phí: 1.51323e+07
0 63 64 66 73 78 84 95 3 14 33 42 58 70 71 85 90 91 0 Role: 0
0 8 9 12 13 28 29 30 38 45 49 50 54 65 74 75 80 89 69 10 17 40 86 0 Role: 0
0 46 47 52 55 2 15 25 26 32 37 81 88 0 Role: 0
0 44 0 Role: 1
0 1 92 0 Role: 1
0 83 72 0 Role: 1
0 67 0 Role: 1
0 79 7 0 Role: 2
0 11 0 Role: 2
0 24 0 Role: 2
0 22 5 0 Role: 2
0 23 0 Role: 2
0 18 43 94 0 Role: 3
0 87 76 0 Role: 3
0 59 20 19 0 Role: 3
0 36 4 0 Role: 3
0 48 53 0 Role: 3
0 60 0 Role: 3
0 27 0 Role: 3
0 6 0 Role: 4

Số khách: 62
Chi phí: 1.06714e+07
0 9 12 14 15 16 25 28 32 38 41 42 46 50 55 71 81 85 91 2 10 17 26 40 45 86 88 0 Role: 0
0 8 13 29 0 Role: 0
0 70 53 0 Role: 1
0 87 76 0 Role: 1
0 23 43 59 0 Role: 1
0 11 0 Role: 1
0 67 0 Role: 1
0 69 27 0 Role: 1
0 48 93 0 Role: 2
0 83 72 0 Role: 2
0 79 0 Role: 3
0 96 1 18 0 Role: 3
0 35 0 Role: 3
0 44 0 Role: 3
0 22 5 7 20 0 Role: 4
0 6 94 0 Role: 4
0 92 0 Role: 4
0 24 0 Role: 4
0 4 36 0 Role: 4
0 60 0 Role: 4
0 19 0 Role: 4

Số khách: 83
Chi phí: 1.73202e+07
0 9 12 14 15 16 25 28 32 38 41 42 46 50 55 71 81 85 91 2 10 17 26 40 45 86 88 0 Role: 0
0 21 34 51 56 57 58 61 64 66 73 77 78 90 13 36 49 54 27 33 37 52 65 75 80 89 0 Role: 0
0 3 0 Role: 0
0 1 0 Role: 1
0 35 0 Role: 1
0 44 0 Role: 1
0 79 7 0 Role: 1
0 70 53 0 Role: 2
0 87 76 0 Role: 2
0 23 43 94 0 Role: 2
0 11 0 Role: 2
0 67 0 Role: 2
0 69 0 Role: 2
0 22 5 20 0 Role: 3
0 6 0 Role: 3
0 92 59 0 Role: 3
0 24 0 Role: 3
0 4 0 Role: 3
0 60 0 Role: 3
0 19 0 Role: 3
0 48 93 96 0 Role: 4
0 83 18 72 0 Role: 4

Số khách: 60
Chi phí: 9.63075e+06
0 3 8 9 12 13 14 25 28 30 33 49 52 55 65 71 74 80 89 10 11 40 76 0 Role: 0
0 2 4 15 17 26 32 37 45 75 86 88 0 Role: 0
0 72 22 53 59 0 Role: 1
0 6 18 0 Role: 1
0 87 48 0 Role: 1
0 27 69 0 Role: 1
0 19 36 94 0 Role: 1
0 60 0 Role: 1
0 67 0 Role: 1
0 93 83 5 0 Role: 2
0 79 0 Role: 2
0 1 7 20 0 Role: 2
0 24 0 Role: 2
0 35 23 0 Role: 3
0 70 0 Role: 3
0 92 0 Role: 3

Số khách: 93
Chi phí: 2.08971e+07
0 8 9 12 13 28 29 30 38 45 49 50 54 65 74 75 80 89 69 10 17 40 86 0 Role: 0
0 68 82 1 5 7 11 22 23 24 64 67 73 0 Role: 0
0 16 34 51 56 61 44 66 78 84 95 0 Role: 0
0 46 47 52 55 2 15 25 26 32 37 81 88 0 Role: 0
0 21 39 42 3 14 31 33 41 57 58 62 71 77 85 90 91 0 Role: 0
0 35 72 0 Role: 1
0 96 83 0 Role: 2
0 70 93 0 Role: 3
0 6 0 Role: 3
0 92 0 Role: 3
0 18 43 0 Role: 4
0 87 76 0 Role: 4
0 59 20 19 0 Role: 4
0 36 4 0 Role: 4
0 48 53 0 Role: 4
0 60 0 Role: 4
0 27 0 Role: 4

Số khách: 53
Chi phí: 7.20444e+06
0 3 8 9 12 13 14 25 28 30 33 49 52 55 65 71 74 75 80 89 10 11 40 76 0 Role: 0
0 96 23 0 Role: 1
0 44 48 0 Role: 1
0 72 22 53 59 0 Role: 2
0 6 18 0 Role: 2
0 87 0 Role: 2
0 69 27 0 Role: 2
0 19 36 0 Role: 2
0 60 0 Role: 2
0 67 0 Role: 2
0 93 83 5 0 Role: 3
0 79 0 Role: 3
0 1 7 20 0 Role: 3
0 24 0 Role: 3
0 43 4 0 Role: 4
0 35 0 Role: 5
0 70 0 Role: 5
0 92 0 Role: 5

Số khách: 54
Chi phí: 7.23262e+06
0 3 8 9 12 13 14 25 28 30 33 49 52 55 65 71 74 75 80 89 10 11 40 76 0 Role: 0
0 35 0 Role: 1
0 70 0 Role: 1
0 92 0 Role: 1
0 43 4 0 Role: 2
0 93 83 5 0 Role: 3
0 79 0 Role: 3
0 1 7 20 0 Role: 3
0 24 0 Role: 3
0 72 22 53 59 0 Role: 4
0 6 18 0 Role: 4
0 87 0 Role: 4
0 69 27 0 Role: 4
0 19 36 94 0 Role: 4
0 60 0 Role: 4
0 67 0 Role: 4
0 96 23 0 Role: 5
0 44 48 0 Role: 5

Số khách: 56
Chi phí: 8.74734e+06
0 9 12 14 15 16 25 28 32 38 41 42 46 50 55 71 81 85 91 2 10 17 26 40 45 86 88 0 Role: 0
0 5 7 18 0 Role: 1
0 6 48 0 Role: 1
0 19 36 94 0 Role: 1
0 27 0 Role: 1
0 60 0 Role: 1
0 79 0 Role: 2
0 96 1 22 0 Role: 2
0 35 72 0 Role: 2
0 44 0 Role: 2
0 70 53 0 Role: 3
0 87 76 0 Role: 3
0 23 43 4 20 0 Role: 3
0 11 0 Role: 3
0 67 0 Role: 3
0 69 59 0 Role: 3
0 24 0 Role: 4

Số khách: 61
Chi phí: 1.01853e+07
0 3 8 9 12 13 14 25 28 30 33 49 52 55 65 71 74 75 80 89 10 11 40 76 0 Role: 0
0 2 15 17 26 32 37 45 0 Role: 0
0 44 0 Role: 1
0 35 23 0 Role: 2
0 70 0 Role: 2
0 92 0 Role: 2
0 93 83 5 0 Role: 3
0 79 0 Role: 3
0 1 7 20 0 Role: 3
0 24 0 Role: 3
0 43 4 0 Role: 4
0 72 22 53 59 0 Role: 5
0 6 18 0 Role: 5
0 87 48 0 Role: 5
0 69 27 0 Role: 5
0 19 36 94 0 Role: 5
0 60 0 Role: 5
0 67 0 Role: 5
0 96 0 Role: 6

Số khách: 42
Chi phí: 5.69249e+06
0 3 8 9 12 13 14 25 28 30 33 49 52 55 65 74 75 80 89 10 11 40 76 86 0 Role: 0
0 72 22 53 59 0 Role: 1
0 6 18 7 20 0 Role: 1
0 48 0 Role: 1
0 27 69 5 0 Role: 1
0 19 36 94 0 Role: 1
0 60 0 Role: 1
0 67 0 Role: 1
0 1 83 0 Role: 2

Số khách: 45
Chi phí: 5.70604e+06
0 3 8 9 12 13 14 25 28 30 33 49 52 55 65 71 74 75 80 89 10 11 40 76 0 Role: 0
0 72 22 53 59 0 Role: 1
0 6 18 7 20 0 Role: 1
0 87 48 0 Role: 1
0 69 5 0 Role: 1
0 19 36 94 0 Role: 1
0 60 0 Role: 1
0 67 0 Role: 1
0 1 27 0 Role: 2
0 4 43 0 Role: 2
0 70 0 Role: 2

Số khách: 41
Chi phí: 5.33699e+06
0 3 8 9 12 13 14 25 28 30 33 49 52 55 65 74 75 80 89 10 11 40 76 86 0 Role: 0
0 72 22 53 59 0 Role: 1
0 6 18 7 20 0 Role: 1
0 87 48 0 Role: 1
0 27 69 5 0 Role: 1
0 19 36 94 0 Role: 1
0 60 0 Role: 1
0 67 0 Role: 1

Số khách: 49
Chi phí: 6.25113e+06
0 3 8 9 12 13 14 25 28 30 33 49 52 55 65 71 74 75 80 89 10 11 40 76 0 Role: 0
0 72 22 53 59 0 Role: 1
0 6 18 0 Role: 1
0 87 48 0 Role: 1
0 69 27 0 Role: 1
0 19 36 4 0 Role: 1
0 60 0 Role: 1
0 67 0 Role: 1
0 93 83 5 0 Role: 2
0 79 0 Role: 2
0 1 7 20 0 Role: 2
0 24 0 Role: 2
0 23 35 0 Role: 3
0 43 0 Role: 3

Số khách: 47
Chi phí: 6.22966e+06
0 3 8 12 13 14 25 28 30 33 49 52 55 65 74 75 80 89 10 11 40 76 86 0 Role: 0
0 1 83 0 Role: 1
0 4 43 0 Role: 1
0 70 0 Role: 1
0 72 22 53 59 0 Role: 2
0 6 18 7 20 0 Role: 2
0 87 48 0 Role: 2
0 27 69 5 0 Role: 2
0 19 36 94 0 Role: 2
0 60 0 Role: 2
0 67 0 Role: 2
0 23 35 0 Role: 3

Số khách: 46
Chi phí: 5.9144e+06
0 3 8 9 12 13 14 25 28 30 33 49 52 55 65 74 75 80 89 10 11 40 76 86 0 Role: 0
0 72 22 53 59 0 Role: 1
0 6 18 7 20 0 Role: 1
0 87 48 0 Role: 1
0 27 69 5 0 Role: 1
0 19 36 94 0 Role: 1
0 60 0 Role: 1
0 67 0 Role: 1
0 1 83 0 Role: 2
0 4 43 0 Role: 2
0 70 0 Role: 2

