Số khách: 44
Chi phí: 4.71738e+06
0 49 0 Role: 0
0 158 0 Role: 0
0 70 103 0 Role: 1
0 200 123 0 Role: 1
0 19 0 Role: 1
0 157 73 155 78 178 0 Role: 1
0 23 32 191 0 Role: 1
0 47 25 0 Role: 1
0 10 72 109 168 0 Role: 1
0 184 0 Role: 1
0 57 193 0 Role: 1
0 121 113 0 Role: 1
0 81 35 180 0 Role: 1
0 152 141 0 Role: 1
0 5 0 Role: 1
0 199 18 104 95 0 Role: 2
0 183 154 101 9 0 Role: 2
0 84 31 0 Role: 2
0 99 0 Role: 2
0 160 0 Role: 2

Số khách: 117
Chi phí: 9.76066e+06
0 150 15 166 19 13 3 52 20 5 26 28 44 60 37 107 54 83 41 82 131 146 184 115 118 136 137 0 Role: 0
0 1 8 93 21 14 148 2 6 16 22 64 58 53 51 59 50 23 68 71 79 86 165 98 159 85 111 124 135 128 176 192 185 196 0 Role: 0
0 123 132 73 95 0 Role: 1
0 108 141 152 103 0 Role: 1
0 140 112 101 0 Role: 1
0 49 31 0 Role: 1
0 99 113 57 32 0 Role: 1
0 155 10 168 78 0 Role: 1
0 35 180 81 0 Role: 1
0 121 109 193 178 0 Role: 1
0 72 0 Role: 1
0 157 47 0 Role: 1
0 4 7 38 69 97 167 0 Role: 2
0 80 11 186 0 Role: 2
0 17 29 48 9 0 Role: 2
0 43 65 154 0 Role: 2
0 66 102 70 0 Role: 2
0 84 25 0 Role: 2
0 183 189 27 104 0 Role: 2
0 160 200 0 Role: 2

Số khách: 56
Chi phí: 5.19217e+06
0 167 24 0 Role: 0
0 188 172 0 Role: 0
0 157 1 132 0 Role: 1
0 195 95 103 154 32 25 0 Role: 1
0 81 84 23 0 Role: 1
0 200 31 73 0 Role: 1
0 152 189 141 0 Role: 1
0 123 78 35 0 Role: 1
0 168 72 178 0 Role: 1
0 193 109 191 0 Role: 1
0 5 180 155 0 Role: 1
0 47 19 0 Role: 1
0 121 113 57 0 Role: 1
0 184 0 Role: 1
0 10 0 Role: 1
0 43 27 101 0 Role: 2
0 112 90 48 9 0 Role: 2
0 29 140 0 Role: 2
0 66 63 70 0 Role: 2
0 49 0 Role: 2
0 99 0 Role: 2
0 160 0 Role: 2

Số khách: 63
Chi phí: 5.80932e+06
0 23 32 154 78 0 Role: 0
0 65 9 168 163 64 86 137 0 Role: 0
0 29 102 95 0 Role: 1
0 104 25 43 0 Role: 1
0 141 157 0 Role: 1
0 123 191 186 178 0 Role: 1
0 109 72 193 10 0 Role: 1
0 180 155 5 73 0 Role: 1
0 31 81 103 0 Role: 1
0 19 160 0 Role: 1
0 35 0 Role: 1
0 47 200 0 Role: 1
0 57 0 Role: 1
0 184 0 Role: 1
0 121 113 152 0 Role: 1
0 116 132 183 189 66 164 0 Role: 2
0 70 63 0 Role: 2
0 112 84 101 0 Role: 2
0 99 195 0 Role: 2
0 199 27 0 Role: 2
0 169 0 Role: 2
0 48 0 Role: 2
0 49 140 0 Role: 2

Số khách: 57
Chi phí: 5.50575e+06
0 37 196 41 53 190 178 0 Role: 0
0 186 54 121 68 13 128 146 0 Role: 0
0 69 164 47 0 Role: 1
0 81 140 29 101 0 Role: 1
0 73 23 123 78 155 0 Role: 1
0 141 0 Role: 1
0 10 25 103 0 Role: 1
0 99 57 32 0 Role: 1
0 157 31 180 0 Role: 1
0 168 72 109 193 0 Role: 1
0 160 200 0 Role: 1
0 152 113 0 Role: 1
0 191 0 Role: 1
0 5 35 0 Role: 1
0 184 0 Role: 1
0 187 195 48 9 0 Role: 2
0 70 63 19 0 Role: 2
0 183 27 0 Role: 2
0 189 0 Role: 2

Số khách: 109
Chi phí: 8.7275e+06
0 20 28 21 8 3 13 94 15 26 37 44 60 79 64 41 58 82 54 52 83 146 131 107 136 86 115 118 135 124 137 196 176 184 0 Role: 0
0 50 5 16 128 71 68 19 53 59 85 111 185 159 98 165 143 192 0 Role: 0
0 123 132 73 95 0 Role: 1
0 108 141 152 103 0 Role: 1
0 140 112 101 0 Role: 1
0 49 31 0 Role: 1
0 99 113 57 32 0 Role: 1
0 155 10 168 78 0 Role: 1
0 35 180 81 0 Role: 1
0 178 121 109 0 Role: 1
0 193 72 0 Role: 1
0 157 47 200 0 Role: 1
0 4 7 38 69 97 167 0 Role: 2
0 80 11 186 0 Role: 2
0 17 29 48 9 0 Role: 2
0 43 65 154 0 Role: 2
0 66 102 70 0 Role: 2
0 84 25 0 Role: 2
0 183 189 27 104 23 0 Role: 2
0 160 0 Role: 2

Số khách: 68
Chi phí: 6.29318e+06
0 70 15 13 3 26 20 65 10 178 28 115 60 44 37 54 131 47 41 118 0 Role: 0
0 6 1 2 0 Role: 0
0 84 48 29 95 0 Role: 1
0 57 99 123 0 Role: 1
0 155 9 0 Role: 1
0 66 108 152 0 Role: 1
0 72 109 193 0 Role: 1
0 140 31 0 Role: 1
0 168 32 25 78 0 Role: 1
0 191 0 Role: 1
0 73 141 103 23 0 Role: 1
0 160 200 157 0 Role: 1
0 19 0 Role: 1
0 81 5 180 0 Role: 1
0 184 0 Role: 1
0 121 113 0 Role: 1
0 43 104 183 189 154 0 Role: 2
0 186 101 0 Role: 2
0 112 35 0 Role: 2
0 27 0 Role: 2

Số khách: 100
Chi phí: 8.24879e+06
0 50 23 21 22 8 58 94 53 59 64 124 111 85 135 128 98 86 71 79 159 37 165 5 176 13 196 185 192 26 54 131 118 137 136 60 115 107 0 Role: 0
0 1 2 3 15 0 Role: 0
0 4 7 38 69 97 167 0 Role: 1
0 80 11 186 0 Role: 1
0 17 29 48 9 0 Role: 1
0 43 65 154 0 Role: 1
0 66 102 70 0 Role: 1
0 84 25 0 Role: 1
0 183 189 27 104 0 Role: 1
0 160 200 0 Role: 1
0 123 132 73 95 0 Role: 2
0 108 141 152 103 0 Role: 2
0 140 112 101 0 Role: 2
0 49 31 0 Role: 2
0 99 113 57 32 0 Role: 2
0 155 10 168 78 0 Role: 2
0 35 180 81 0 Role: 2
0 178 121 109 0 Role: 2
0 72 193 0 Role: 2
0 157 47 19 0 Role: 2

Số khách: 66
Chi phí: 6.00717e+06
0 123 10 193 99 64 13 15 47 83 20 107 37 60 115 28 26 82 41 54 0 Role: 0
0 1 0 Role: 0
0 84 48 29 95 0 Role: 1
0 57 65 0 Role: 1
0 155 9 70 0 Role: 1
0 66 108 152 0 Role: 1
0 72 109 178 0 Role: 1
0 140 31 0 Role: 1
0 168 32 25 78 0 Role: 1
0 191 0 Role: 1
0 73 141 103 23 0 Role: 1
0 160 200 157 0 Role: 1
0 19 0 Role: 1
0 81 5 180 0 Role: 1
0 184 0 Role: 1
0 121 113 0 Role: 1
0 43 104 183 189 154 0 Role: 2
0 186 101 0 Role: 2
0 112 35 0 Role: 2
0 27 0 Role: 2

Số khách: 87
Chi phí: 6.74122e+06
0 158 1 19 15 41 3 44 28 20 52 122 136 60 137 118 82 83 146 131 5 54 107 37 115 26 196 13 176 0 Role: 0
0 2 0 Role: 0
0 4 7 38 69 97 167 0 Role: 1
0 80 11 186 0 Role: 1
0 17 29 48 9 0 Role: 1
0 43 65 154 0 Role: 1
0 66 102 70 0 Role: 1
0 84 25 0 Role: 1
0 183 189 27 104 23 0 Role: 1
0 160 200 0 Role: 1
0 123 132 73 95 0 Role: 2
0 108 141 152 103 0 Role: 2
0 112 101 0 Role: 2
0 49 31 0 Role: 2
0 99 113 57 32 0 Role: 2
0 155 10 168 78 0 Role: 2
0 35 180 81 0 Role: 2
0 121 109 193 178 0 Role: 2
0 72 0 Role: 2
0 157 47 0 Role: 2

Số khách: 111
Chi phí: 9.05131e+06
0 5 6 1 2 14 8 3 13 15 19 41 58 26 21 28 44 37 52 54 60 115 118 79 64 82 83 146 131 107 0 Role: 0
0 106 119 92 16 53 196 22 20 50 59 85 111 124 135 128 71 137 86 136 159 184 192 176 185 0 Role: 0
0 123 132 73 95 0 Role: 1
0 108 141 152 103 0 Role: 1
0 140 112 101 0 Role: 1
0 49 31 0 Role: 1
0 99 113 57 32 0 Role: 1
0 155 10 168 78 0 Role: 1
0 81 180 23 0 Role: 1
0 178 121 109 0 Role: 1
0 193 72 0 Role: 1
0 157 47 0 Role: 1
0 4 7 38 69 97 167 0 Role: 2
0 80 11 186 0 Role: 2
0 17 29 48 9 0 Role: 2
0 43 65 154 0 Role: 2
0 66 102 70 0 Role: 2
0 84 25 0 Role: 2
0 183 189 27 104 0 Role: 2
0 160 200 0 Role: 2

Số khách: 74
Chi phí: 6.45612e+06
0 178 37 196 3 13 41 15 53 190 20 52 28 44 60 79 64 58 26 54 82 118 115 107 121 131 146 83 0 Role: 0
0 1 0 Role: 0
0 187 195 48 9 0 Role: 1
0 70 63 19 0 Role: 1
0 183 27 0 Role: 1
0 189 0 Role: 1
0 69 164 47 95 0 Role: 2
0 81 140 29 101 0 Role: 2
0 73 23 123 78 155 0 Role: 2
0 141 43 0 Role: 2
0 10 25 103 0 Role: 2
0 99 57 32 0 Role: 2
0 157 31 180 0 Role: 2
0 168 72 109 193 0 Role: 2
0 160 200 0 Role: 2
0 152 113 0 Role: 2
0 191 0 Role: 2
0 5 35 0 Role: 2
0 184 0 Role: 2

Số khách: 83
Chi phí: 6.52865e+06
0 20 52 28 44 60 3 41 15 19 82 13 137 136 122 118 184 146 5 83 26 115 107 54 0 Role: 0
0 1 2 0 Role: 0
0 123 132 73 95 0 Role: 1
0 108 141 152 103 0 Role: 1
0 140 112 101 0 Role: 1
0 49 31 0 Role: 1
0 99 113 57 32 0 Role: 1
0 10 168 78 155 0 Role: 1
0 35 180 81 23 0 Role: 1
0 121 109 193 178 0 Role: 1
0 72 0 Role: 1
0 157 47 0 Role: 1
0 4 7 38 69 97 167 0 Role: 2
0 80 186 0 Role: 2
0 17 29 48 9 0 Role: 2
0 43 65 154 0 Role: 2
0 66 102 70 0 Role: 2
0 84 25 0 Role: 2
0 183 189 27 104 0 Role: 2
0 160 200 0 Role: 2

Số khách: 98
Chi phí: 7.91758e+06
0 50 23 21 22 8 58 94 53 59 64 124 111 85 135 128 98 86 71 79 159 37 165 5 176 13 196 185 192 26 54 131 118 137 136 60 115 107 0 Role: 0
0 1 2 0 Role: 0
0 4 7 38 69 97 167 0 Role: 1
0 80 11 186 0 Role: 1
0 17 29 48 9 0 Role: 1
0 43 65 154 0 Role: 1
0 66 102 70 0 Role: 1
0 84 25 0 Role: 1
0 183 189 27 104 0 Role: 1
0 160 200 0 Role: 1
0 123 132 73 95 0 Role: 2
0 108 141 152 103 0 Role: 2
0 140 112 101 0 Role: 2
0 49 31 0 Role: 2
0 99 113 57 32 0 Role: 2
0 155 10 168 78 0 Role: 2
0 35 180 81 0 Role: 2
0 178 121 109 0 Role: 2
0 72 193 0 Role: 2
0 157 47 19 0 Role: 2

Số khách: 103
Chi phí: 8.60748e+06
0 6 45 23 2 14 21 22 8 16 50 59 51 53 85 64 71 79 68 58 86 128 135 124 111 176 185 159 98 165 184 26 115 60 37 107 54 5 13 196 118 131 0 Role: 0
0 1 3 15 20 0 Role: 0
0 123 132 73 95 0 Role: 1
0 108 141 152 103 0 Role: 1
0 112 101 0 Role: 1
0 49 31 0 Role: 1
0 99 113 57 32 0 Role: 1
0 155 10 168 78 0 Role: 1
0 35 180 81 0 Role: 1
0 121 109 193 178 0 Role: 1
0 72 0 Role: 1
0 157 47 19 0 Role: 1
0 4 7 38 69 97 167 0 Role: 2
0 80 11 186 0 Role: 2
0 17 29 48 9 0 Role: 2
0 43 65 154 0 Role: 2
0 66 102 70 0 Role: 2
0 84 25 0 Role: 2
0 183 189 27 104 0 Role: 2
0 200 140 0 Role: 2

Số khách: 92
Chi phí: 7.26423e+06
0 158 1 19 15 41 3 44 28 20 52 122 136 60 137 118 82 83 146 131 5 176 13 135 196 26 115 37 107 54 184 192 185 0 Role: 0
0 2 6 0 Role: 0
0 4 7 38 69 97 167 0 Role: 1
0 80 11 186 0 Role: 1
0 17 29 48 9 0 Role: 1
0 43 65 154 0 Role: 1
0 66 102 70 0 Role: 1
0 84 25 0 Role: 1
0 183 189 27 104 23 0 Role: 1
0 160 200 0 Role: 1
0 123 132 73 95 0 Role: 2
0 108 141 152 103 0 Role: 2
0 112 101 0 Role: 2
0 49 31 0 Role: 2
0 99 113 57 32 0 Role: 2
0 155 10 168 78 0 Role: 2
0 35 180 81 0 Role: 2
0 121 109 193 178 0 Role: 2
0 72 0 Role: 2
0 157 47 0 Role: 2

Số khách: 73
Chi phí: 6.43465e+06
0 178 37 196 3 13 41 15 53 190 20 52 28 44 60 79 64 58 26 54 82 118 115 107 121 131 146 83 0 Role: 0
0 1 0 Role: 0
0 187 195 48 9 0 Role: 1
0 70 63 19 0 Role: 1
0 183 27 0 Role: 1
0 189 0 Role: 1
0 69 164 47 95 0 Role: 2
0 81 140 29 101 0 Role: 2
0 73 23 123 78 155 0 Role: 2
0 141 43 0 Role: 2
0 10 25 0 Role: 2
0 99 57 32 0 Role: 2
0 157 31 180 0 Role: 2
0 168 72 109 193 0 Role: 2
0 160 200 0 Role: 2
0 152 113 0 Role: 2
0 191 0 Role: 2
0 5 35 0 Role: 2
0 184 0 Role: 2

Số khách: 102
Chi phí: 8.4896e+06
0 10 20 28 26 8 3 13 15 19 32 57 37 44 60 82 41 83 35 54 115 0 Role: 0
0 6 1 2 14 21 22 16 24 50 52 107 98 86 71 79 64 85 53 58 111 124 118 131 146 0 Role: 0
0 116 132 183 189 66 164 23 0 Role: 1
0 70 63 47 73 0 Role: 1
0 112 84 101 155 0 Role: 1
0 99 195 123 0 Role: 1
0 199 27 43 0 Role: 1
0 169 9 25 0 Role: 1
0 48 5 29 81 95 0 Role: 1
0 49 140 31 0 Role: 1
0 80 4 7 17 33 100 0 Role: 2
0 186 18 154 0 Role: 2
0 72 78 0 Role: 2
0 103 104 113 121 178 0 Role: 2
0 109 168 0 Role: 2
0 141 157 0 Role: 2
0 160 200 0 Role: 2
0 152 180 0 Role: 2
0 191 193 0 Role: 2

Số khách: 93
Chi phí: 7.48247e+06
0 158 1 19 15 41 3 44 28 20 52 122 136 60 137 118 82 83 146 131 5 176 13 135 196 26 115 37 107 54 184 192 185 0 Role: 0
0 2 6 8 0 Role: 0
0 4 7 38 69 97 167 0 Role: 1
0 80 11 186 0 Role: 1
0 17 29 48 9 0 Role: 1
0 43 65 154 0 Role: 1
0 66 102 70 0 Role: 1
0 84 25 0 Role: 1
0 183 189 27 104 23 0 Role: 1
0 160 200 0 Role: 1
0 123 132 73 95 0 Role: 2
0 108 141 152 103 0 Role: 2
0 112 101 0 Role: 2
0 49 31 0 Role: 2
0 99 113 57 32 0 Role: 2
0 155 10 168 78 0 Role: 2
0 35 180 81 0 Role: 2
0 121 109 193 178 0 Role: 2
0 72 0 Role: 2
0 157 47 0 Role: 2

Số khách: 90
Chi phí: 6.95371e+06
0 158 1 19 15 41 3 44 28 20 52 122 136 60 137 118 82 83 146 131 5 176 13 135 196 26 115 37 107 54 184 192 185 0 Role: 0
0 2 0 Role: 0
0 69 167 4 7 38 0 Role: 1
0 80 11 186 0 Role: 1
0 17 29 48 9 0 Role: 1
0 43 65 154 0 Role: 1
0 66 102 70 0 Role: 1
0 84 25 0 Role: 1
0 183 189 27 104 23 0 Role: 1
0 160 200 0 Role: 1
0 123 132 73 95 0 Role: 2
0 108 141 152 103 0 Role: 2
0 112 101 0 Role: 2
0 49 31 0 Role: 2
0 99 113 57 32 0 Role: 2
0 155 10 168 78 0 Role: 2
0 35 180 81 0 Role: 2
0 121 109 193 178 0 Role: 2
0 72 0 Role: 2
0 157 47 0 Role: 2

Số khách: 84
Chi phí: 6.54889e+06
0 20 52 28 44 60 3 41 15 19 82 13 137 136 122 118 184 146 5 83 26 115 107 54 0 Role: 0
0 1 2 0 Role: 0
0 123 132 73 95 0 Role: 1
0 108 141 152 103 0 Role: 1
0 140 112 101 0 Role: 1
0 49 31 0 Role: 1
0 99 113 57 32 0 Role: 1
0 10 168 78 155 0 Role: 1
0 35 180 81 23 0 Role: 1
0 121 109 193 178 0 Role: 1
0 72 0 Role: 1
0 157 47 0 Role: 1
0 4 7 38 69 97 167 0 Role: 2
0 80 11 186 0 Role: 2
0 17 29 48 9 0 Role: 2
0 43 65 154 0 Role: 2
0 66 102 70 0 Role: 2
0 84 25 0 Role: 2
0 183 189 27 104 0 Role: 2
0 160 200 0 Role: 2

Số khách: 96
Chi phí: 7.77907e+06
0 50 23 21 22 8 58 94 53 59 64 124 111 85 135 128 98 86 71 79 159 37 165 5 176 13 196 185 192 26 54 131 118 137 136 60 115 107 0 Role: 0
0 1 0 Role: 0
0 4 7 38 69 97 167 0 Role: 1
0 80 11 186 0 Role: 1
0 17 29 48 9 0 Role: 1
0 43 65 154 0 Role: 1
0 66 102 70 0 Role: 1
0 84 25 0 Role: 1
0 183 189 27 104 0 Role: 1
0 160 200 0 Role: 1
0 123 132 73 95 0 Role: 2
0 108 141 152 103 0 Role: 2
0 140 112 101 0 Role: 2
0 49 31 0 Role: 2
0 99 113 57 32 0 Role: 2
0 155 10 168 78 0 Role: 2
0 35 180 81 0 Role: 2
0 178 121 109 0 Role: 2
0 72 0 Role: 2
0 157 47 19 0 Role: 2

Số khách: 91
Chi phí: 6.96144e+06
0 158 1 19 15 41 3 44 28 20 52 122 136 60 137 118 82 83 146 131 5 176 13 135 196 26 115 37 107 54 184 192 185 0 Role: 0
0 2 0 Role: 0
0 123 132 73 95 0 Role: 1
0 108 141 152 103 0 Role: 1
0 112 101 0 Role: 1
0 49 31 0 Role: 1
0 99 113 57 32 0 Role: 1
0 155 10 168 78 0 Role: 1
0 35 180 81 0 Role: 1
0 121 109 193 178 0 Role: 1
0 72 0 Role: 1
0 157 47 0 Role: 1
0 4 7 38 69 97 167 0 Role: 2
0 80 11 186 0 Role: 2
0 17 29 48 9 0 Role: 2
0 43 65 154 0 Role: 2
0 66 102 70 0 Role: 2
0 84 25 0 Role: 2
0 183 189 27 104 23 0 Role: 2
0 160 200 0 Role: 2

Số khách: 114
Chi phí: 9.19903e+06
0 6 45 23 2 14 21 22 8 16 50 59 51 53 85 64 71 79 68 58 86 128 135 124 111 176 185 159 98 165 184 26 115 60 37 107 54 5 13 196 118 131 0 Role: 0
0 1 19 15 41 3 44 28 52 20 82 192 137 136 122 143 146 83 0 Role: 0
0 123 132 73 95 0 Role: 1
0 108 141 152 103 0 Role: 1
0 112 101 0 Role: 1
0 49 31 0 Role: 1
0 99 113 57 32 0 Role: 1
0 155 10 168 78 0 Role: 1
0 35 180 81 0 Role: 1
0 121 109 193 178 0 Role: 1
0 72 0 Role: 1
0 157 47 0 Role: 1
0 4 7 38 69 97 167 0 Role: 2
0 80 11 186 0 Role: 2
0 17 29 48 9 0 Role: 2
0 43 65 154 0 Role: 2
0 66 102 70 0 Role: 2
0 84 25 0 Role: 2
0 183 189 27 104 0 Role: 2
0 200 0 Role: 2

Số khách: 115
Chi phí: 9.2182e+06
0 6 45 23 2 14 21 22 8 16 50 59 51 53 85 64 71 79 68 58 86 128 135 124 111 176 185 159 98 165 192 184 26 115 37 107 54 5 13 196 0 Role: 0
0 158 1 19 15 41 3 44 28 20 52 122 136 60 137 118 82 83 146 131 0 Role: 0
0 123 132 73 95 0 Role: 1
0 108 141 152 103 0 Role: 1
0 112 101 0 Role: 1
0 49 31 0 Role: 1
0 99 113 57 32 0 Role: 1
0 155 10 168 78 0 Role: 1
0 35 180 81 0 Role: 1
0 121 109 193 178 0 Role: 1
0 72 0 Role: 1
0 157 47 0 Role: 1
0 4 7 38 69 97 167 0 Role: 2
0 80 11 186 0 Role: 2
0 17 29 48 9 0 Role: 2
0 43 65 154 0 Role: 2
0 66 102 70 0 Role: 2
0 84 25 0 Role: 2
0 183 189 27 104 0 Role: 2
0 160 200 0 Role: 2

Số khách: 116
Chi phí: 9.47602e+06
0 1 8 93 21 14 148 2 6 16 22 64 58 53 51 59 50 23 68 71 79 128 135 124 111 85 159 98 165 86 176 5 54 107 37 26 192 185 196 13 115 131 0 Role: 0
0 19 15 41 3 60 44 28 52 20 82 83 146 184 118 122 136 137 0 Role: 0
0 123 132 73 95 0 Role: 1
0 108 141 152 103 0 Role: 1
0 140 112 101 0 Role: 1
0 49 31 0 Role: 1
0 99 113 57 32 0 Role: 1
0 155 10 168 78 0 Role: 1
0 35 180 81 0 Role: 1
0 121 109 193 178 0 Role: 1
0 72 0 Role: 1
0 157 47 0 Role: 1
0 4 7 38 69 97 167 0 Role: 2
0 80 11 186 0 Role: 2
0 17 29 48 9 0 Role: 2
0 43 65 154 0 Role: 2
0 66 102 70 0 Role: 2
0 84 25 0 Role: 2
0 183 189 27 104 0 Role: 2
0 160 200 0 Role: 2

Số khách: 116
Chi phí: 9.47602e+06
0 1 8 93 21 14 148 2 6 16 22 64 58 53 51 59 50 23 68 71 79 128 135 124 111 85 159 98 165 86 176 5 54 107 37 26 192 185 196 13 115 131 0 Role: 0
0 19 15 41 3 60 44 28 52 20 82 83 146 184 118 122 136 137 0 Role: 0
0 4 7 38 69 97 167 0 Role: 1
0 80 11 186 0 Role: 1
0 17 29 48 9 0 Role: 1
0 43 65 154 0 Role: 1
0 66 102 70 0 Role: 1
0 84 25 0 Role: 1
0 183 189 27 104 0 Role: 1
0 160 200 0 Role: 1
0 123 132 73 95 0 Role: 2
0 108 141 152 103 0 Role: 2
0 140 112 101 0 Role: 2
0 49 31 0 Role: 2
0 99 113 57 32 0 Role: 2
0 155 10 168 78 0 Role: 2
0 35 180 81 0 Role: 2
0 121 109 193 178 0 Role: 2
0 72 0 Role: 2
0 157 47 0 Role: 2

Số khách: 94
Chi phí: 7.62598e+06
0 158 1 19 15 41 3 44 28 20 52 122 136 60 137 118 82 83 146 131 5 176 13 135 196 26 115 37 107 54 184 192 185 0 Role: 0
0 2 6 8 14 0 Role: 0
0 4 7 38 69 97 167 0 Role: 1
0 80 11 186 0 Role: 1
0 17 29 48 9 0 Role: 1
0 43 65 154 0 Role: 1
0 66 102 70 0 Role: 1
0 84 25 0 Role: 1
0 183 189 27 104 23 0 Role: 1
0 160 200 0 Role: 1
0 123 132 73 95 0 Role: 2
0 108 141 152 103 0 Role: 2
0 112 101 0 Role: 2
0 49 31 0 Role: 2
0 99 113 57 32 0 Role: 2
0 155 10 168 78 0 Role: 2
0 35 180 81 0 Role: 2
0 121 109 178 0 Role: 2
0 72 193 0 Role: 2
0 157 47 0 Role: 2

Số khách: 95
Chi phí: 7.65116e+06
0 50 23 21 22 8 58 94 53 59 64 124 111 85 135 128 98 86 71 79 159 37 165 5 176 13 196 185 192 26 54 131 118 115 60 107 0 Role: 0
0 1 0 Role: 0
0 4 7 38 69 97 167 0 Role: 1
0 80 11 186 0 Role: 1
0 17 29 48 9 0 Role: 1
0 43 65 154 0 Role: 1
0 66 102 70 0 Role: 1
0 84 25 0 Role: 1
0 183 189 27 104 0 Role: 1
0 160 200 0 Role: 1
0 123 132 73 95 0 Role: 2
0 108 141 152 103 0 Role: 2
0 140 112 101 0 Role: 2
0 49 31 0 Role: 2
0 99 113 57 32 0 Role: 2
0 155 10 168 78 0 Role: 2
0 35 180 81 0 Role: 2
0 178 121 109 0 Role: 2
0 72 193 0 Role: 2
0 157 47 19 0 Role: 2

