Số khách: 60
Chi phí: 1.8322e+07
0 75 0 Role: 0
0 152 0 Role: 0
0 76 30 0 Role: 0
0 47 29 199 33 113 0 Role: 0
0 168 16 158 9 92 127 175 102 38 45 0 Role: 0
0 13 0 Role: 0
0 97 162 112 0 Role: 0
0 147 192 0 Role: 0
0 72 0 Role: 1
0 166 90 95 185 0 Role: 1
0 101 181 0 Role: 1
0 111 12 0 Role: 1
0 7 121 0 Role: 1
0 164 0 Role: 1
0 23 67 0 Role: 2
0 114 143 0 Role: 2
0 71 0 Role: 2
0 184 177 0 Role: 2
0 123 0 Role: 2
0 117 200 82 115 0 Role: 3
0 135 144 189 0 Role: 3
0 124 0 Role: 3
0 84 0 Role: 3
0 145 0 Role: 3
0 86 89 0 Role: 4
0 140 0 Role: 4
0 141 0 Role: 4
0 34 0 Role: 5

Số khách: 171
Chi phí: 4.53451e+07
0 25 35 57 59 77 87 92 4 6 16 36 45 54 56 83 95 196 0 Role: 0
0 10 60 31 70 26 85 74 50 84 91 55 181 104 113 13 40 44 80 0 Role: 0
0 19 14 8 174 156 41 47 151 23 48 65 101 143 18 71 164 49 81 162 27 119 108 63 29 52 46 17 21 33 38 39 96 198 0 Role: 0
0 128 61 68 73 64 125 110 122 127 130 158 150 131 153 132 175 133 134 172 138 157 165 0 Role: 0
0 34 62 93 58 20 11 82 98 67 99 116 105 106 100 102 121 166 126 186 0 Role: 0
0 88 69 5 9 2 24 1 3 7 66 12 15 37 43 94 139 0 Role: 0
0 22 79 28 30 53 51 32 42 72 76 107 159 111 90 0 Role: 0
0 78 120 97 75 103 136 142 118 146 152 192 169 0 Role: 0
0 86 115 135 0 Role: 1
0 112 114 185 0 Role: 2
0 123 124 0 Role: 2
0 177 184 0 Role: 2
0 117 0 Role: 3
0 141 0 Role: 3
0 144 147 0 Role: 3
0 145 0 Role: 3
0 189 0 Role: 3
0 200 89 140 199 0 Role: 4

Số khách: 96
Chi phí: 2.62803e+07
0 162 172 81 2 5 4 153 1 3 9 44 15 24 12 21 94 46 33 39 43 96 0 Role: 0
0 26 6 27 37 28 30 18 16 17 38 45 40 52 83 0 Role: 0
0 8 11 14 19 0 Role: 0
0 20 22 10 31 0 Role: 0
0 25 0 Role: 0
0 32 36 0 Role: 0
0 35 41 42 47 48 49 51 53 54 55 0 Role: 0
0 50 0 Role: 0
0 34 67 23 0 Role: 1
0 71 84 147 184 0 Role: 1
0 115 185 0 Role: 1
0 177 0 Role: 1
0 164 0 Role: 2
0 82 181 0 Role: 3
0 166 124 114 135 0 Role: 3
0 72 0 Role: 3
0 7 121 123 143 90 0 Role: 3
0 101 13 0 Role: 3
0 111 199 0 Role: 3
0 29 0 Role: 3
0 95 0 Role: 3
0 200 0 Role: 4
0 86 140 89 0 Role: 5
0 117 112 0 Role: 5
0 141 0 Role: 5
0 144 189 0 Role: 5
0 145 0 Role: 5

Số khách: 87
Chi phí: 2.52413e+07
0 84 111 8 9 105 80 1 7 96 94 0 Role: 0
0 52 150 163 185 70 47 74 17 39 0 Role: 0
0 164 149 81 118 2 136 4 132 30 98 196 0 Role: 0
0 24 92 90 0 Role: 0
0 184 11 167 65 48 119 139 91 166 40 0 Role: 0
0 186 85 113 0 Role: 0
0 44 37 176 116 56 27 6 108 0 Role: 0
0 57 0 Role: 0
0 112 82 115 135 0 Role: 1
0 13 29 181 0 Role: 1
0 123 95 0 Role: 1
0 12 199 0 Role: 1
0 143 121 0 Role: 1
0 101 0 Role: 1
0 117 34 200 0 Role: 2
0 23 67 0 Role: 2
0 72 0 Role: 2
0 145 0 Role: 3
0 114 189 0 Role: 3
0 177 0 Role: 3
0 71 0 Role: 3
0 124 0 Role: 4
0 89 140 0 Role: 4
0 141 0 Role: 4
0 147 144 0 Role: 4
0 86 0 Role: 5

Số khách: 170
Chi phí: 4.4471e+07
0 34 62 93 58 20 11 82 98 67 99 116 105 106 100 102 121 166 126 186 0 Role: 0
0 19 14 8 174 156 41 47 151 23 48 65 101 143 18 71 164 49 81 162 27 119 108 63 29 52 46 17 21 33 38 39 96 198 0 Role: 0
0 88 69 5 9 2 24 1 3 7 66 12 15 37 43 94 139 0 Role: 0
0 128 61 68 73 64 125 110 122 127 130 158 150 131 153 132 175 133 134 172 138 157 165 0 Role: 0
0 22 79 28 30 53 51 32 42 72 76 107 159 111 90 0 Role: 0
0 10 60 31 70 26 85 74 50 84 91 55 181 104 113 13 40 44 80 0 Role: 0
0 25 35 57 77 59 87 6 92 4 36 95 83 56 196 54 45 0 Role: 0
0 78 120 97 75 103 136 142 118 146 152 192 169 0 Role: 0
0 112 114 185 0 Role: 1
0 123 124 0 Role: 1
0 177 184 0 Role: 1
0 86 115 135 0 Role: 2
0 200 89 140 199 0 Role: 3
0 117 0 Role: 4
0 141 0 Role: 4
0 144 147 0 Role: 4
0 145 0 Role: 4
0 189 0 Role: 4

Số khách: 102
Chi phí: 2.72933e+07
0 20 11 19 14 26 8 28 22 23 31 70 143 51 32 113 36 77 150 121 186 90 13 80 24 45 33 0 Role: 0
0 61 64 6 2 5 4 65 1 3 7 9 94 43 0 Role: 0
0 10 15 16 0 Role: 0
0 17 18 0 Role: 0
0 21 27 37 30 0 Role: 0
0 25 44 35 46 40 39 52 38 0 Role: 0
0 41 48 47 53 49 42 0 Role: 0
0 54 50 58 56 66 63 55 0 Role: 0
0 86 89 0 Role: 1
0 112 117 0 Role: 1
0 140 111 0 Role: 1
0 141 101 0 Role: 1
0 144 147 0 Role: 1
0 166 145 0 Role: 1
0 34 67 0 Role: 2
0 84 184 185 0 Role: 2
0 114 189 0 Role: 2
0 123 124 0 Role: 2
0 177 0 Role: 2
0 12 199 0 Role: 2
0 200 71 82 115 135 0 Role: 3
0 181 29 0 Role: 4
0 95 0 Role: 4
0 164 0 Role: 4

Số khách: 169
Chi phí: 4.11493e+07
0 25 103 109 130 110 120 128 122 127 133 66 106 4 102 1 29 3 17 113 0 Role: 0
0 117 112 84 134 169 138 175 165 91 0 Role: 0
0 181 151 191 92 27 28 131 43 77 54 46 9 44 15 24 13 111 94 45 139 196 0 Role: 0
0 61 125 64 118 10 99 67 114 82 132 101 153 105 5 158 58 164 157 121 107 162 0 Role: 0
0 34 62 73 68 8 97 88 75 78 11 16 14 32 26 22 30 23 20 36 37 40 53 38 76 70 83 55 63 80 96 95 90 0 Role: 0
0 79 57 42 81 41 48 47 31 18 49 51 72 108 159 119 56 74 85 104 0 Role: 0
0 35 93 19 126 59 50 116 65 100 150 7 12 172 6 33 21 52 39 186 166 198 0 Role: 0
0 98 60 69 142 163 87 2 192 0 Role: 0
0 200 71 0 Role: 1
0 86 89 135 115 0 Role: 2
0 124 123 143 0 Role: 2
0 185 189 184 0 Role: 2
0 199 0 Role: 2
0 140 0 Role: 3
0 141 0 Role: 3
0 144 147 0 Role: 3
0 145 0 Role: 3
0 177 0 Role: 3

Số khách: 132
Chi phí: 3.26659e+07
0 18 10 37 6 45 52 11 16 17 54 196 139 0 Role: 0
0 20 42 19 14 22 8 41 48 47 49 51 53 58 76 55 63 80 66 56 83 0 Role: 0
0 162 172 81 2 5 4 153 1 3 9 44 15 24 12 21 94 46 33 39 43 96 0 Role: 0
0 77 26 74 27 28 65 102 30 70 108 198 0 Role: 0
0 31 36 40 32 104 85 92 107 38 119 159 0 Role: 0
0 25 35 50 59 0 Role: 0
0 57 60 69 88 87 105 106 98 91 113 175 131 0 Role: 0
0 61 64 68 0 Role: 0
0 34 67 23 0 Role: 1
0 71 84 147 184 0 Role: 1
0 115 185 0 Role: 1
0 177 0 Role: 1
0 82 0 Role: 2
0 166 124 114 135 0 Role: 2
0 72 0 Role: 2
0 7 121 123 143 90 0 Role: 2
0 101 13 0 Role: 2
0 111 199 0 Role: 2
0 29 0 Role: 2
0 95 0 Role: 2
0 164 0 Role: 3
0 86 89 140 0 Role: 4
0 112 0 Role: 4
0 117 0 Role: 4
0 141 0 Role: 4
0 144 189 0 Role: 4
0 145 0 Role: 4
0 200 0 Role: 5

Số khách: 81
Chi phí: 2.43258e+07
0 124 42 194 118 46 45 51 84 189 39 52 21 44 90 0 Role: 0
0 67 0 Role: 0
0 190 50 71 136 183 100 107 6 113 85 74 24 139 0 Role: 0
0 111 12 180 105 159 15 126 0 Role: 0
0 187 162 3 123 0 Role: 0
0 166 13 108 193 56 198 72 0 Role: 0
0 160 81 61 58 178 87 0 Role: 0
0 79 0 Role: 0
0 135 164 0 Role: 1
0 114 185 7 0 Role: 1
0 95 121 0 Role: 1
0 143 181 0 Role: 1
0 199 0 Role: 1
0 184 0 Role: 1
0 29 0 Role: 1
0 101 0 Role: 1
0 147 144 0 Role: 2
0 82 115 0 Role: 2
0 23 0 Role: 2
0 177 0 Role: 2
0 86 200 0 Role: 3
0 141 0 Role: 3
0 145 0 Role: 3
0 117 0 Role: 3
0 112 0 Role: 3
0 89 140 0 Role: 3
0 34 0 Role: 4

Số khách: 156
Chi phí: 3.76267e+07
0 25 2 5 169 4 12 1 3 7 13 38 24 66 37 15 45 94 43 39 52 80 0 Role: 0
0 70 65 28 22 35 74 51 50 16 30 55 83 96 36 54 53 76 63 0 Role: 0
0 23 8 26 32 14 19 42 11 20 47 102 71 77 104 85 56 81 58 0 Role: 0
0 67 31 84 59 48 105 92 101 91 107 159 119 108 0 Role: 0
0 18 57 10 69 60 88 82 93 87 98 106 116 162 113 126 166 181 0 Role: 0
0 6 49 27 9 41 100 29 21 17 33 40 198 44 46 196 139 0 Role: 0
0 129 165 153 131 134 175 138 192 0 Role: 0
0 78 61 75 97 64 73 118 68 99 124 157 150 125 158 130 172 133 132 0 Role: 0
0 34 112 0 Role: 1
0 72 0 Role: 1
0 90 123 185 0 Role: 1
0 143 121 95 0 Role: 1
0 111 199 0 Role: 1
0 164 0 Role: 1
0 200 89 115 135 0 Role: 2
0 86 140 0 Role: 3
0 117 114 0 Role: 3
0 141 0 Role: 3
0 144 147 184 0 Role: 3
0 145 0 Role: 3
0 177 0 Role: 3
0 189 0 Role: 4

Số khách: 64
Chi phí: 1.99215e+07
0 175 0 Role: 0
0 76 93 159 85 94 0 Role: 0
0 187 118 33 16 176 132 123 0 Role: 0
0 48 107 0 Role: 0
0 86 72 0 Role: 0
0 24 89 183 163 126 96 0 Role: 0
0 20 50 43 147 142 0 Role: 0
0 120 0 Role: 0
0 184 144 0 Role: 1
0 111 199 0 Role: 1
0 166 0 Role: 1
0 101 0 Role: 1
0 71 0 Role: 1
0 13 29 0 Role: 1
0 12 0 Role: 1
0 7 121 95 0 Role: 1
0 143 90 181 0 Role: 1
0 164 0 Role: 1
0 185 0 Role: 1
0 117 23 34 0 Role: 2
0 84 135 115 0 Role: 2
0 141 0 Role: 2
0 67 0 Role: 2
0 114 189 0 Role: 2
0 145 0 Role: 2
0 82 124 0 Role: 2
0 177 0 Role: 2
0 140 0 Role: 3
0 112 0 Role: 3
0 200 0 Role: 4

Số khách: 106
Chi phí: 2.80428e+07
0 127 69 92 28 163 91 165 98 1 56 74 139 94 43 17 108 15 9 0 Role: 0
0 109 76 31 95 7 3 4 33 21 38 96 39 0 Role: 0
0 78 63 66 24 37 192 54 6 40 44 46 45 0 Role: 0
0 18 146 186 16 52 81 196 2 5 53 80 55 83 0 Role: 0
0 104 36 58 102 30 70 121 0 Role: 0
0 11 14 8 0 Role: 0
0 10 19 0 Role: 0
0 20 22 0 Role: 0
0 117 23 34 0 Role: 1
0 86 82 135 0 Role: 1
0 115 12 0 Role: 2
0 199 71 0 Role: 2
0 184 177 84 0 Role: 2
0 166 123 13 0 Role: 2
0 90 29 0 Role: 2
0 143 181 0 Role: 2
0 72 0 Role: 2
0 101 0 Role: 2
0 164 0 Role: 2
0 111 0 Role: 2
0 67 0 Role: 3
0 114 124 185 0 Role: 3
0 189 0 Role: 3
0 89 0 Role: 4
0 112 144 0 Role: 4
0 145 0 Role: 4
0 147 0 Role: 4
0 140 0 Role: 5
0 141 0 Role: 5
0 200 0 Role: 6

Số khách: 136
Chi phí: 3.41951e+07
0 185 98 176 107 37 159 9 46 94 80 175 0 Role: 0
0 157 58 81 75 106 60 63 76 85 162 116 169 7 0 Role: 0
0 23 70 153 28 22 11 36 74 27 186 126 150 158 181 0 Role: 0
0 82 89 122 183 4 5 2 1 3 6 15 38 96 39 43 33 0 Role: 0
0 18 108 119 56 51 113 17 16 198 172 0 Role: 0
0 25 154 35 8 26 14 19 20 32 42 41 105 65 47 91 77 53 55 83 102 111 139 196 0 Role: 0
0 71 52 21 87 164 199 131 30 90 95 40 45 104 54 44 66 24 0 Role: 0
0 10 48 49 72 165 0 Role: 0
0 13 29 0 Role: 1
0 166 12 0 Role: 1
0 143 123 121 0 Role: 1
0 101 0 Role: 1
0 34 67 0 Role: 2
0 84 115 135 0 Role: 2
0 114 124 0 Role: 2
0 145 0 Role: 2
0 147 177 184 0 Role: 2
0 86 140 0 Role: 3
0 112 117 0 Role: 3
0 141 0 Role: 3
0 144 189 0 Role: 3
0 200 0 Role: 4

Số khách: 159
Chi phí: 3.86662e+07
0 61 125 64 118 10 99 67 114 82 132 101 153 105 5 158 58 164 157 121 107 24 162 9 66 0 Role: 0
0 25 54 94 45 46 44 15 28 13 181 139 0 Role: 0
0 35 2 93 19 59 50 65 100 138 172 6 192 12 7 39 17 52 21 33 196 0 Role: 0
0 60 69 106 4 116 98 91 126 186 150 131 175 111 0 Role: 0
0 134 87 152 169 3 29 1 102 165 77 0 Role: 0
0 79 57 42 81 41 48 47 31 18 49 51 72 108 159 119 56 74 85 104 113 198 0 Role: 0
0 34 62 73 68 8 97 88 75 78 11 16 14 32 26 22 30 23 20 36 37 80 63 55 83 70 76 38 53 40 96 95 90 166 0 Role: 0
0 27 92 130 133 180 0 Role: 0
0 86 89 135 0 Role: 1
0 124 123 143 0 Role: 1
0 189 185 0 Role: 1
0 71 199 0 Role: 1
0 112 144 184 0 Role: 2
0 145 115 0 Role: 2
0 147 177 84 0 Role: 2
0 117 200 0 Role: 3
0 140 0 Role: 3
0 141 0 Role: 3

Số khách: 70
Chi phí: 2.15184e+07
0 118 111 167 163 114 0 Role: 0
0 68 8 4 101 113 42 198 95 18 0 Role: 0
0 63 0 Role: 0
0 162 81 26 85 119 80 181 29 121 0 Role: 0
0 179 165 0 Role: 0
0 133 0 Role: 0
0 128 172 39 150 0 Role: 0
0 178 168 173 93 9 47 0 Role: 0
0 135 189 185 0 Role: 1
0 166 7 123 143 90 0 Role: 1
0 12 199 0 Role: 1
0 164 0 Role: 1
0 13 0 Role: 1
0 184 0 Role: 1
0 141 0 Role: 2
0 112 82 115 0 Role: 2
0 71 0 Role: 2
0 23 67 0 Role: 2
0 84 177 0 Role: 2
0 72 0 Role: 2
0 89 140 0 Role: 3
0 124 0 Role: 3
0 147 144 0 Role: 3
0 145 0 Role: 3
0 117 200 0 Role: 4
0 34 0 Role: 5
0 86 0 Role: 5

Số khách: 120
Chi phí: 3.0466e+07
0 38 5 4 63 55 1 29 3 17 76 83 0 Role: 0
0 18 30 80 133 66 37 2 40 16 0 Role: 0
0 35 93 19 126 59 50 116 65 100 150 7 12 172 6 33 21 52 39 186 166 96 198 0 Role: 0
0 181 151 191 92 27 28 131 43 77 54 46 9 44 15 24 13 111 94 45 139 196 0 Role: 0
0 129 134 138 192 56 74 85 53 90 0 Role: 0
0 11 8 0 Role: 0
0 20 14 10 22 0 Role: 0
0 25 32 26 58 41 47 31 70 36 102 0 Role: 0
0 89 140 135 0 Role: 1
0 124 114 0 Role: 1
0 147 144 189 0 Role: 1
0 101 145 0 Role: 1
0 117 200 0 Role: 2
0 141 0 Role: 3
0 112 82 115 185 0 Role: 3
0 71 184 0 Role: 3
0 23 67 0 Role: 3
0 84 177 0 Role: 3
0 72 0 Role: 3
0 34 0 Role: 4
0 86 199 0 Role: 4
0 95 121 123 143 0 Role: 5
0 164 0 Role: 5

Số khách: 113
Chi phí: 2.85855e+07
0 164 104 9 44 4 183 153 29 12 15 24 43 94 139 196 0 Role: 0
0 25 2 6 48 5 1 3 18 186 17 21 37 46 33 39 0 Role: 0
0 31 23 20 11 16 14 8 27 22 28 38 53 54 45 52 36 83 55 30 181 0 Role: 0
0 58 40 87 32 56 41 180 47 7 63 66 80 76 0 Role: 0
0 70 129 102 134 138 169 192 96 95 198 0 Role: 0
0 10 19 26 0 Role: 0
0 35 0 Role: 0
0 42 49 51 0 Role: 0
0 101 141 0 Role: 1
0 111 115 135 0 Role: 1
0 82 89 0 Role: 1
0 147 71 0 Role: 1
0 84 185 166 0 Role: 1
0 124 123 143 90 0 Role: 1
0 72 0 Role: 1
0 184 0 Role: 1
0 13 199 0 Role: 1
0 34 67 0 Role: 2
0 114 121 0 Role: 2
0 86 140 0 Role: 3
0 117 112 0 Role: 3
0 144 189 0 Role: 3
0 145 0 Role: 3
0 177 0 Role: 3
0 200 0 Role: 4

Số khách: 144
Chi phí: 3.49025e+07
0 189 42 38 37 132 47 30 83 18 56 159 58 111 198 139 104 85 74 196 96 166 181 0 Role: 0
0 25 27 119 87 49 93 116 41 108 126 7 12 15 66 44 9 46 21 39 0 Role: 0
0 20 11 19 14 26 8 28 22 23 31 70 143 51 32 113 36 77 72 121 150 186 33 45 90 13 24 80 0 Role: 0
0 2 1 3 0 Role: 0
0 4 5 6 16 17 29 40 43 52 54 94 0 Role: 0
0 35 10 48 53 50 76 63 55 91 102 162 105 107 106 0 Role: 0
0 57 157 59 81 92 65 100 153 131 158 0 Role: 0
0 98 60 69 88 97 99 118 130 125 133 134 0 Role: 0
0 86 89 82 0 Role: 1
0 112 117 0 Role: 1
0 140 115 135 0 Role: 1
0 141 101 0 Role: 1
0 144 147 0 Role: 1
0 145 0 Role: 1
0 34 67 0 Role: 2
0 84 184 185 0 Role: 2
0 114 0 Role: 2
0 123 124 0 Role: 2
0 177 0 Role: 2
0 199 71 0 Role: 2
0 95 0 Role: 3
0 164 0 Role: 3
0 200 0 Role: 4

Số khách: 112
Chi phí: 2.81268e+07
0 6 49 27 9 41 100 29 21 17 33 139 196 46 44 40 0 Role: 0
0 98 165 153 131 87 152 93 126 123 16 53 54 55 76 80 0 Role: 0
0 25 2 5 169 4 12 1 3 7 13 39 43 94 45 15 37 66 24 38 0 Role: 0
0 11 14 8 0 Role: 0
0 18 10 0 Role: 0
0 20 26 32 19 42 36 22 28 30 47 83 58 52 56 63 0 Role: 0
0 31 48 0 Role: 0
0 70 65 35 74 51 50 0 Role: 0
0 67 23 0 Role: 1
0 114 82 115 135 0 Role: 1
0 166 124 185 0 Role: 1
0 184 177 0 Role: 1
0 71 199 0 Role: 1
0 86 140 89 0 Role: 2
0 117 112 0 Role: 2
0 101 141 0 Role: 2
0 144 189 0 Role: 2
0 145 181 0 Role: 2
0 147 84 0 Role: 2
0 34 0 Role: 3
0 72 0 Role: 3
0 90 0 Role: 3
0 143 121 95 0 Role: 3
0 111 0 Role: 3
0 164 0 Role: 3
0 200 0 Role: 4

Số khách: 160
Chi phí: 3.97061e+07
0 70 65 28 22 35 74 51 50 16 30 55 83 96 36 54 53 108 76 63 119 0 Role: 0
0 23 8 26 32 14 19 42 11 20 47 71 58 81 56 85 104 77 91 102 101 107 105 159 0 Role: 0
0 6 49 27 9 41 100 29 21 17 33 40 198 44 46 196 139 0 Role: 0
0 78 61 75 97 64 73 118 68 99 124 157 150 125 158 130 172 92 133 132 186 0 Role: 0
0 129 165 131 134 175 138 192 0 Role: 0
0 25 2 5 169 4 12 1 3 7 13 38 24 66 37 15 45 94 43 39 52 80 0 Role: 0
0 18 57 10 69 60 88 82 93 87 98 106 116 162 113 126 166 181 0 Role: 0
0 31 48 59 67 151 176 180 183 0 Role: 0
0 34 112 0 Role: 1
0 72 0 Role: 1
0 90 123 185 0 Role: 1
0 143 121 95 0 Role: 1
0 111 199 0 Role: 1
0 164 0 Role: 1
0 86 140 0 Role: 2
0 117 114 0 Role: 2
0 141 0 Role: 2
0 144 147 184 0 Role: 2
0 145 0 Role: 2
0 177 84 0 Role: 2
0 200 89 115 135 0 Role: 3
0 189 0 Role: 4

Số khách: 67
Chi phí: 2.05424e+07
0 96 45 159 0 Role: 0
0 18 30 175 4 66 6 52 0 Role: 0
0 104 180 121 39 0 Role: 0
0 114 8 0 Role: 0
0 57 77 157 26 0 Role: 0
0 7 165 163 36 0 Role: 0
0 14 0 Role: 0
0 22 164 167 94 85 119 123 0 Role: 0
0 140 111 0 Role: 1
0 166 12 199 0 Role: 1
0 184 185 90 0 Role: 1
0 13 29 181 0 Role: 1
0 72 0 Role: 1
0 143 95 0 Role: 1
0 101 0 Role: 1
0 86 200 115 82 135 0 Role: 2
0 84 71 0 Role: 2
0 124 0 Role: 2
0 23 67 0 Role: 2
0 189 0 Role: 2
0 177 0 Role: 2
0 145 0 Role: 3
0 117 112 0 Role: 3
0 89 0 Role: 3
0 147 144 0 Role: 3
0 34 0 Role: 4
0 141 0 Role: 4

Số khách: 163
Chi phí: 4.05608e+07
0 6 49 27 9 41 100 29 21 17 33 40 52 96 83 44 46 196 139 0 Role: 0
0 70 65 28 22 35 74 51 50 20 30 36 104 56 58 63 102 0 Role: 0
0 77 42 32 26 81 48 60 47 31 85 113 108 106 107 105 159 119 0 Role: 0
0 8 14 19 59 150 11 92 116 91 162 198 0 Role: 0
0 18 57 68 10 61 69 88 75 97 99 127 132 157 125 158 130 118 133 138 172 175 0 Role: 0
0 25 2 5 169 4 12 1 3 7 13 39 43 94 45 15 37 66 24 38 0 Role: 0
0 98 165 153 131 87 152 93 126 123 16 53 54 55 76 80 0 Role: 0
0 62 64 73 78 103 120 128 134 163 186 192 0 Role: 0
0 200 0 Role: 1
0 67 23 0 Role: 2
0 114 82 115 135 0 Role: 2
0 166 124 185 0 Role: 2
0 184 177 0 Role: 2
0 71 199 0 Role: 2
0 34 0 Role: 3
0 72 0 Role: 3
0 90 0 Role: 3
0 143 121 95 0 Role: 3
0 111 0 Role: 3
0 164 0 Role: 3
0 86 140 89 0 Role: 4
0 117 112 0 Role: 4
0 101 141 0 Role: 4
0 144 189 0 Role: 4
0 145 181 0 Role: 4
0 147 84 0 Role: 4

Số khách: 129
Chi phí: 3.2115e+07
0 189 42 38 37 132 47 30 83 18 56 159 58 111 198 139 104 85 74 196 96 166 181 0 Role: 0
0 53 16 54 9 5 107 106 4 7 43 94 0 Role: 0
0 25 27 119 87 49 93 116 41 108 126 39 21 46 15 12 0 Role: 0
0 20 11 19 14 26 8 28 22 23 31 70 143 51 32 113 36 77 72 121 150 186 33 45 90 13 24 80 0 Role: 0
0 44 2 66 1 29 3 6 40 17 0 Role: 0
0 50 52 48 69 60 63 76 55 91 95 102 101 131 162 164 0 Role: 0
0 57 10 35 59 0 Role: 0
0 61 64 65 0 Role: 0
0 200 71 82 115 135 0 Role: 1
0 34 67 0 Role: 2
0 84 184 185 0 Role: 2
0 114 0 Role: 2
0 123 124 0 Role: 2
0 177 0 Role: 2
0 199 0 Role: 2
0 86 89 0 Role: 3
0 112 117 0 Role: 3
0 140 0 Role: 3
0 141 0 Role: 3
0 144 0 Role: 3
0 145 0 Role: 3

Số khách: 127
Chi phí: 3.1791e+07
0 128 24 9 178 43 39 17 21 6 94 196 139 0 Role: 0
0 16 33 37 66 106 15 58 72 18 44 45 46 119 0 Role: 0
0 184 71 52 56 5 4 1 3 123 53 54 55 83 0 Role: 0
0 20 11 157 19 14 26 8 27 22 28 74 32 36 96 70 30 80 0 Role: 0
0 77 186 85 169 162 38 180 47 29 102 0 Role: 0
0 104 200 91 92 159 107 108 0 Role: 0
0 76 78 63 100 175 105 131 40 113 198 0 Role: 0
0 98 60 69 134 81 87 152 2 192 116 126 0 Role: 0
0 34 0 Role: 1
0 86 115 135 0 Role: 2
0 147 189 0 Role: 2
0 84 177 0 Role: 2
0 166 95 7 143 90 0 Role: 3
0 111 12 199 0 Role: 3
0 101 13 0 Role: 3
0 185 121 0 Role: 3
0 164 0 Role: 3
0 181 0 Role: 3
0 112 82 0 Role: 4
0 117 114 0 Role: 4
0 23 67 0 Role: 4
0 144 0 Role: 4
0 124 0 Role: 4
0 145 0 Role: 4
0 89 140 0 Role: 5
0 141 0 Role: 5

Số khách: 151
Chi phí: 3.70483e+07
0 57 60 69 99 118 130 87 125 133 134 172 43 45 9 192 15 169 24 13 46 94 0 Role: 0
0 138 175 106 107 105 44 54 113 39 139 181 0 Role: 0
0 18 34 62 73 68 97 88 75 78 19 42 31 47 48 41 56 74 49 51 81 85 119 159 162 108 102 121 111 164 196 0 Role: 0
0 10 35 93 50 59 150 65 100 132 153 96 198 95 166 90 55 165 63 80 104 0 Role: 0
0 126 186 16 37 116 98 91 29 7 38 40 83 76 0 Role: 0
0 25 32 26 53 36 101 30 70 123 58 157 158 0 Role: 0
0 20 11 14 2 8 22 1 23 3 4 66 5 6 33 21 17 52 12 0 Role: 0
0 27 28 67 0 Role: 0
0 86 200 115 82 135 0 Role: 1
0 71 84 147 184 0 Role: 2
0 114 124 143 0 Role: 2
0 177 0 Role: 2
0 185 199 0 Role: 2
0 89 140 0 Role: 3
0 112 117 0 Role: 3
0 141 0 Role: 3
0 144 0 Role: 3
0 145 0 Role: 3
0 189 0 Role: 3

Số khách: 168
Chi phí: 4.09113e+07
0 34 62 73 68 8 97 88 75 78 11 16 14 32 26 22 30 23 20 36 37 80 63 55 83 70 76 38 53 40 96 95 90 166 0 Role: 0
0 25 103 109 130 110 120 128 122 127 133 169 102 165 1 29 3 7 17 6 12 21 33 39 52 0 Role: 0
0 60 69 106 4 116 98 91 126 186 150 175 0 Role: 0
0 61 125 64 118 10 99 67 114 82 132 101 153 105 5 158 58 164 157 121 107 162 66 0 Role: 0
0 35 2 93 19 59 50 65 100 138 172 192 0 Role: 0
0 79 57 42 81 41 48 47 31 18 49 51 72 108 159 119 56 74 85 104 113 198 0 Role: 0
0 181 151 191 92 27 28 131 43 77 54 46 9 44 15 24 13 111 94 45 139 196 0 Role: 0
0 87 134 152 0 Role: 0
0 112 144 184 0 Role: 1
0 145 115 0 Role: 1
0 147 177 84 0 Role: 1
0 86 89 135 0 Role: 2
0 124 123 143 0 Role: 2
0 189 185 0 Role: 2
0 199 71 0 Role: 2
0 117 200 0 Role: 3
0 140 0 Role: 3
0 141 0 Role: 3

Số khách: 114
Chi phí: 3.00444e+07
0 76 78 63 100 5 9 15 40 113 17 21 24 94 43 0 Role: 0
0 20 16 6 196 153 1 55 29 3 33 39 139 46 0 Role: 0
0 60 69 106 4 116 98 91 126 186 150 44 37 66 175 80 38 0 Role: 0
0 18 30 2 45 87 152 52 53 134 54 83 74 0 Role: 0
0 8 11 0 Role: 0
0 10 14 19 22 26 27 28 0 Role: 0
0 25 31 0 Role: 0
0 41 47 58 56 85 32 36 96 198 0 Role: 0
0 166 95 7 143 90 0 Role: 1
0 111 12 199 0 Role: 1
0 101 13 0 Role: 1
0 185 121 123 0 Role: 1
0 164 0 Role: 1
0 181 0 Role: 1
0 34 23 67 0 Role: 2
0 86 115 135 82 0 Role: 3
0 147 189 0 Role: 3
0 84 177 184 0 Role: 3
0 71 0 Role: 4
0 72 0 Role: 4
0 89 140 0 Role: 5
0 112 0 Role: 5
0 114 0 Role: 5
0 117 124 0 Role: 5
0 141 0 Role: 5
0 144 0 Role: 5
0 145 0 Role: 5
0 200 0 Role: 6

Số khách: 138
Chi phí: 3.48858e+07
0 25 2 48 5 4 1 3 18 186 6 7 24 9 46 196 139 0 Role: 0
0 153 183 15 44 104 164 12 29 13 17 21 40 33 43 39 96 0 Role: 0
0 157 126 16 54 154 92 188 106 38 36 83 55 63 80 66 37 52 0 Role: 0
0 70 47 176 56 45 94 58 121 95 102 108 166 181 0 Role: 0
0 31 23 20 11 42 14 8 27 41 74 119 113 77 85 0 Role: 0
0 79 28 22 32 51 53 30 72 107 159 111 90 198 0 Role: 0
0 128 61 68 73 64 125 89 122 127 130 81 134 162 133 138 175 91 101 131 0 Role: 0
0 10 65 26 19 49 71 0 Role: 0
0 86 200 82 115 135 0 Role: 1
0 34 67 0 Role: 2
0 84 147 184 185 0 Role: 2
0 114 0 Role: 2
0 123 124 143 0 Role: 2
0 177 0 Role: 2
0 199 0 Role: 2
0 112 117 0 Role: 3
0 140 0 Role: 3
0 141 0 Role: 3
0 144 189 0 Role: 3
0 145 0 Role: 3

Số khách: 79
Chi phí: 2.34439e+07
0 53 46 159 105 0 Role: 0
0 28 127 153 163 177 0 Role: 0
0 118 188 0 Role: 0
0 189 40 32 74 27 44 172 12 90 181 9 0 Role: 0
0 101 161 54 87 33 17 16 150 96 43 104 0 Role: 0
0 22 89 61 107 139 6 131 121 0 Role: 0
0 7 83 3 92 15 0 Role: 0
0 23 129 108 0 Role: 0
0 166 185 114 95 0 Role: 1
0 13 143 0 Role: 1
0 111 199 0 Role: 1
0 72 0 Role: 1
0 164 0 Role: 1
0 29 0 Role: 1
0 200 71 135 0 Role: 2
0 124 123 0 Role: 2
0 67 0 Role: 2
0 84 184 0 Role: 2
0 82 140 115 0 Role: 3
0 145 0 Role: 3
0 141 0 Role: 3
0 147 144 0 Role: 3
0 34 112 0 Role: 4
0 117 0 Role: 4
0 86 0 Role: 5

Số khách: 145
Chi phí: 3.54602e+07
0 25 27 119 87 49 93 116 41 108 126 39 21 46 15 175 12 0 Role: 0
0 50 52 48 69 60 63 76 55 91 95 102 101 131 162 164 0 Role: 0
0 20 11 19 14 26 8 28 22 23 31 70 143 51 32 113 36 77 72 121 150 186 33 45 90 13 24 80 0 Role: 0
0 189 42 38 37 132 47 30 83 18 56 159 58 111 198 139 104 85 74 196 96 166 181 0 Role: 0
0 98 61 35 81 64 59 71 92 65 100 165 153 105 0 Role: 0
0 53 16 54 9 5 107 106 4 7 43 94 0 Role: 0
0 40 6 2 44 66 1 29 3 17 158 0 Role: 0
0 68 10 97 57 73 88 75 78 0 Role: 0
0 86 89 82 0 Role: 1
0 117 112 0 Role: 1
0 140 115 135 0 Role: 1
0 141 0 Role: 1
0 144 147 0 Role: 1
0 145 0 Role: 1
0 34 67 0 Role: 2
0 84 184 185 0 Role: 2
0 114 0 Role: 2
0 123 124 0 Role: 2
0 177 0 Role: 2
0 199 0 Role: 2
0 200 0 Role: 3

Số khách: 76
Chi phí: 2.16835e+07
0 52 85 46 92 199 0 Role: 0
0 18 23 29 3 45 96 198 0 Role: 0
0 40 94 2 49 172 193 5 169 7 0 Role: 0
0 97 0 Role: 0
0 24 66 139 54 33 39 143 102 0 Role: 0
0 84 184 157 74 174 134 180 98 0 Role: 0
0 167 71 37 0 Role: 0
0 158 17 36 0 Role: 0
0 147 144 185 0 Role: 1
0 101 181 13 0 Role: 1
0 166 123 90 0 Role: 1
0 95 121 0 Role: 1
0 72 0 Role: 1
0 111 12 0 Role: 1
0 164 0 Role: 1
0 135 189 0 Role: 2
0 177 0 Role: 2
0 34 115 82 0 Role: 3
0 141 0 Role: 3
0 114 124 0 Role: 3
0 145 0 Role: 3
0 67 0 Role: 3
0 89 140 0 Role: 4
0 117 112 0 Role: 4
0 86 200 0 Role: 5

Số khách: 77
Chi phí: 2.28914e+07
0 25 48 186 18 0 Role: 0
0 176 58 45 94 121 0 Role: 0
0 104 44 183 153 29 164 0 Role: 0
0 24 99 119 2 196 51 42 0 Role: 0
0 154 92 188 106 38 54 126 157 0 Role: 0
0 40 87 180 7 0 Role: 0
0 70 181 12 172 130 133 66 80 95 0 Role: 0
0 31 0 Role: 0
0 101 141 0 Role: 1
0 111 115 135 0 Role: 1
0 82 0 Role: 1
0 147 71 0 Role: 1
0 84 185 166 0 Role: 1
0 124 123 143 90 0 Role: 1
0 72 0 Role: 1
0 184 0 Role: 1
0 13 199 0 Role: 1
0 89 140 0 Role: 2
0 23 67 0 Role: 2
0 144 189 0 Role: 2
0 177 0 Role: 2
0 34 114 0 Role: 3
0 145 0 Role: 3
0 117 112 0 Role: 3
0 86 200 0 Role: 4

Số khách: 123
Chi phí: 3.12191e+07
0 33 6 9 66 106 15 58 72 7 13 24 0 Role: 0
0 76 78 63 100 4 12 40 113 17 21 43 94 196 37 0 Role: 0
0 186 38 162 169 180 1 29 3 18 36 52 45 46 44 80 0 Role: 0
0 157 53 32 54 2 5 41 55 83 90 96 139 0 Role: 0
0 128 70 178 104 74 119 39 0 Role: 0
0 71 184 77 85 56 47 102 123 166 181 0 Role: 0
0 23 20 11 16 14 26 8 27 22 28 81 42 51 111 108 101 91 107 105 159 0 Role: 0
0 30 65 48 116 92 93 49 126 121 164 198 0 Role: 0
0 89 140 82 115 0 Role: 1
0 141 0 Role: 1
0 34 0 Role: 2
0 67 0 Role: 2
0 84 135 0 Role: 2
0 114 124 143 0 Role: 2
0 145 0 Role: 2
0 147 177 0 Role: 2
0 185 199 0 Role: 2
0 86 200 0 Role: 3
0 112 117 0 Role: 3
0 144 189 0 Role: 3

Số khách: 146
Chi phí: 3.63876e+07
0 57 59 77 91 92 105 106 107 113 186 0 Role: 0
0 165 30 22 27 104 32 45 6 40 52 80 66 54 56 74 85 102 0 Role: 0
0 10 35 48 49 42 51 65 70 98 108 116 119 131 159 0 Role: 0
0 60 69 50 88 93 99 100 126 150 157 158 175 0 Role: 0
0 18 185 184 11 16 87 17 164 58 33 43 39 38 37 196 139 0 Role: 0
0 162 172 81 2 5 4 153 1 3 9 44 15 24 12 21 94 46 0 Role: 0
0 23 78 31 28 8 26 14 19 20 36 53 41 63 47 76 55 83 198 96 0 Role: 0
0 25 61 64 68 73 75 0 Role: 0
0 82 181 0 Role: 1
0 166 124 114 135 0 Role: 1
0 72 0 Role: 1
0 7 121 123 143 90 0 Role: 1
0 101 13 0 Role: 1
0 111 199 0 Role: 1
0 29 0 Role: 1
0 95 0 Role: 1
0 200 0 Role: 2
0 34 67 0 Role: 3
0 71 84 147 0 Role: 3
0 115 0 Role: 3
0 177 0 Role: 3
0 86 89 140 0 Role: 4
0 117 112 0 Role: 4
0 141 0 Role: 4
0 144 189 0 Role: 4
0 145 0 Role: 4

Số khách: 74
Chi phí: 2.16791e+07
0 70 28 8 45 166 0 Role: 0
0 98 47 11 21 33 196 74 159 24 121 17 0 Role: 0
0 23 153 193 80 38 139 36 0 Role: 0
0 124 1 156 5 107 39 186 198 90 95 0 Role: 0
0 114 0 Role: 0
0 122 0 Role: 0
0 18 177 16 72 0 Role: 0
0 79 81 77 135 3 0 Role: 0
0 86 82 115 0 Role: 1
0 84 71 0 Role: 1
0 143 181 0 Role: 1
0 7 13 0 Role: 1
0 111 12 199 0 Role: 1
0 164 0 Role: 1
0 184 185 0 Role: 1
0 101 0 Role: 1
0 123 0 Role: 1
0 29 0 Role: 1
0 144 189 0 Role: 2
0 67 0 Role: 2
0 147 0 Role: 2
0 145 0 Role: 2
0 89 140 0 Role: 3
0 117 112 0 Role: 3
0 141 0 Role: 3
0 200 0 Role: 4
0 34 0 Role: 5

Số khách: 148
Chi phí: 3.64186e+07
0 53 16 54 9 5 107 106 4 7 43 94 0 Role: 0
0 40 6 2 44 66 1 29 3 17 158 175 0 Role: 0
0 50 52 48 69 60 63 76 55 91 95 102 101 131 162 164 0 Role: 0
0 25 27 119 87 49 93 116 41 108 126 39 21 46 15 12 0 Role: 0
0 189 42 38 37 132 47 30 83 18 56 159 58 111 198 139 104 85 74 196 96 166 181 0 Role: 0
0 20 11 19 14 26 8 28 22 23 31 70 143 51 32 113 36 77 72 121 150 186 33 45 90 13 24 80 0 Role: 0
0 10 35 81 57 59 71 67 65 92 105 153 199 165 0 Role: 0
0 78 61 97 64 73 68 88 75 84 98 99 169 100 157 123 0 Role: 0
0 86 89 82 0 Role: 1
0 117 112 0 Role: 1
0 140 115 135 0 Role: 1
0 141 0 Role: 1
0 144 147 184 0 Role: 1
0 145 0 Role: 1
0 34 114 0 Role: 2
0 124 185 0 Role: 2
0 177 0 Role: 2
0 200 0 Role: 3

Số khách: 162
Chi phí: 4.01774e+07
0 34 62 73 68 8 97 88 75 78 11 16 14 32 26 22 30 23 20 36 37 80 63 55 83 70 76 38 53 40 96 198 90 95 0 Role: 0
0 25 103 109 130 110 120 128 122 127 133 169 102 165 1 29 3 17 6 56 74 85 104 108 159 119 0 Role: 0
0 61 125 64 118 10 99 67 114 82 132 101 153 105 5 158 58 164 157 121 107 162 66 0 Role: 0
0 129 7 12 134 138 4 192 33 21 39 113 52 166 0 Role: 0
0 60 69 106 116 81 186 126 91 98 172 18 150 0 Role: 0
0 41 48 47 31 2 49 51 42 72 0 Role: 0
0 181 151 191 92 27 28 131 43 77 54 46 9 44 15 24 13 111 94 45 139 196 0 Role: 0
0 19 35 50 59 65 0 Role: 0
0 117 200 0 Role: 1
0 140 0 Role: 1
0 144 0 Role: 1
0 84 112 147 184 0 Role: 2
0 141 0 Role: 2
0 145 0 Role: 2
0 177 0 Role: 2
0 86 89 135 115 0 Role: 3
0 124 123 143 0 Role: 3
0 189 185 0 Role: 3
0 71 199 0 Role: 3

Số khách: 116
Chi phí: 3.04307e+07
0 4 5 6 40 52 17 43 16 29 54 9 24 94 0 Role: 0
0 98 60 69 88 97 99 118 130 125 133 134 33 21 7 3 13 1 12 15 39 44 46 45 0 Role: 0
0 189 42 38 37 132 47 30 83 18 56 159 58 111 198 139 104 85 74 196 96 166 181 0 Role: 0
0 11 19 14 26 8 2 27 22 20 0 Role: 0
0 10 28 31 32 36 41 51 53 0 Role: 0
0 25 35 48 49 66 63 55 0 Role: 0
0 50 0 Role: 0
0 57 0 Role: 0
0 34 67 23 0 Role: 1
0 84 184 185 0 Role: 1
0 114 143 0 Role: 1
0 123 124 0 Role: 1
0 177 0 Role: 1
0 199 71 0 Role: 1
0 200 90 0 Role: 2
0 86 89 82 0 Role: 3
0 112 117 0 Role: 3
0 140 115 135 0 Role: 3
0 141 101 0 Role: 3
0 144 147 0 Role: 3
0 145 0 Role: 3
0 72 0 Role: 4
0 95 121 0 Role: 4
0 164 0 Role: 4

Số khách: 124
Chi phí: 3.12614e+07
0 108 119 56 51 113 17 16 198 18 7 24 66 44 9 46 0 Role: 0
0 82 89 122 183 4 5 2 1 3 6 15 38 96 39 43 21 40 33 45 52 80 0 Role: 0
0 20 11 62 14 19 26 8 22 23 27 54 32 36 53 28 76 55 30 37 83 0 Role: 0
0 41 10 48 47 31 42 49 58 63 70 102 74 94 77 0 Role: 0
0 25 35 50 0 Role: 0
0 57 59 104 85 139 81 65 91 0 Role: 0
0 88 60 69 92 93 87 0 Role: 0
0 61 0 Role: 0
0 13 29 90 0 Role: 1
0 166 12 199 0 Role: 1
0 143 123 121 95 185 0 Role: 1
0 101 181 0 Role: 1
0 34 200 0 Role: 2
0 145 115 0 Role: 3
0 147 189 0 Role: 3
0 84 177 184 0 Role: 3
0 72 0 Role: 3
0 86 0 Role: 4
0 117 112 0 Role: 4
0 140 111 0 Role: 4
0 141 0 Role: 4
0 114 124 0 Role: 5
0 67 0 Role: 5
0 135 144 0 Role: 5
0 71 0 Role: 6
0 164 0 Role: 6

Số khách: 150
Chi phí: 3.70286e+07
0 6 2 9 5 4 30 76 1 3 15 24 21 43 94 0 Role: 0
0 29 47 199 16 17 113 33 37 38 39 46 196 0 Role: 0
0 20 11 14 8 27 28 22 13 18 32 45 40 52 36 53 80 66 44 54 0 Role: 0
0 147 96 139 192 63 55 83 0 Role: 0
0 75 41 10 26 19 42 31 48 49 51 85 74 56 58 108 102 70 198 0 Role: 0
0 112 65 97 162 35 81 50 59 77 91 104 119 159 0 Role: 0
0 126 152 87 93 116 92 105 107 106 186 0 Role: 0
0 128 61 68 73 64 125 110 122 127 130 158 150 131 153 132 175 133 134 172 138 157 165 0 Role: 0
0 117 200 82 115 0 Role: 1
0 135 144 189 0 Role: 1
0 124 0 Role: 1
0 84 0 Role: 1
0 145 0 Role: 1
0 72 0 Role: 2
0 166 90 95 185 0 Role: 2
0 101 181 0 Role: 2
0 111 12 0 Role: 2
0 7 121 0 Role: 2
0 164 0 Role: 2
0 23 67 0 Role: 3
0 114 143 0 Role: 3
0 71 0 Role: 3
0 184 177 0 Role: 3
0 123 0 Role: 3
0 86 89 0 Role: 4
0 140 0 Role: 4
0 141 0 Role: 4
0 34 0 Role: 5

Số khách: 66
Chi phí: 2.02513e+07
0 106 66 33 15 58 72 0 Role: 0
0 184 71 56 123 0 Role: 0
0 20 196 153 55 0 Role: 0
0 157 0 Role: 0
0 186 38 162 169 180 29 0 Role: 0
0 128 178 39 0 Role: 0
0 200 91 0 Role: 0
0 76 78 63 100 40 113 0 Role: 0
0 166 95 7 143 90 0 Role: 1
0 111 12 199 0 Role: 1
0 101 13 0 Role: 1
0 185 121 0 Role: 1
0 164 0 Role: 1
0 181 0 Role: 1
0 86 115 135 0 Role: 2
0 147 189 0 Role: 2
0 84 177 0 Role: 2
0 112 82 0 Role: 3
0 117 114 0 Role: 3
0 23 67 0 Role: 3
0 144 0 Role: 3
0 124 0 Role: 3
0 145 0 Role: 3
0 89 140 0 Role: 4
0 141 0 Role: 4
0 34 0 Role: 5

Số khách: 137
Chi phí: 3.45754e+07
0 25 27 119 87 49 93 116 41 108 126 7 12 24 66 15 9 46 21 39 0 Role: 0
0 10 35 57 59 2 5 4 1 3 29 43 94 33 40 0 Role: 0
0 11 64 44 61 65 6 17 16 36 45 54 80 0 Role: 0
0 189 42 38 37 132 47 30 83 18 56 159 58 111 198 139 104 85 74 196 96 166 181 0 Role: 0
0 50 52 48 69 60 63 76 55 91 95 90 102 101 131 162 164 53 113 0 Role: 0
0 120 97 75 103 136 142 146 152 118 169 192 158 175 107 0 Role: 0
0 8 14 19 20 22 23 26 28 31 0 Role: 0
0 32 51 0 Role: 0
0 200 71 82 115 135 0 Role: 1
0 34 67 0 Role: 2
0 72 0 Role: 2
0 121 123 0 Role: 2
0 143 185 0 Role: 2
0 199 0 Role: 2
0 84 0 Role: 3
0 86 89 140 0 Role: 3
0 112 0 Role: 3
0 114 117 0 Role: 3
0 124 0 Role: 3
0 141 0 Role: 3
0 144 147 184 0 Role: 3
0 145 0 Role: 3
0 177 0 Role: 3

Số khách: 78
Chi phí: 2.30415e+07
0 186 146 196 81 0 Role: 0
0 41 53 36 7 0 Role: 0
0 127 69 92 28 163 91 165 98 1 56 74 17 108 0 Role: 0
0 26 0 Role: 0
0 22 43 130 118 44 183 153 67 0 Role: 0
0 24 78 63 66 192 54 0 Role: 0
0 76 109 31 3 95 0 Role: 0
0 121 0 Role: 0
0 115 12 0 Role: 1
0 199 0 Role: 1
0 184 177 0 Role: 1
0 166 123 13 0 Role: 1
0 90 29 0 Role: 1
0 143 181 0 Role: 1
0 72 0 Role: 1
0 101 0 Role: 1
0 164 0 Role: 1
0 111 0 Role: 1
0 82 135 124 0 Role: 2
0 141 0 Role: 2
0 89 140 0 Role: 2
0 84 147 185 0 Role: 2
0 23 0 Role: 2
0 71 0 Role: 2
0 114 189 0 Role: 2
0 144 0 Role: 3
0 145 0 Role: 3
0 117 200 0 Role: 4
0 112 0 Role: 4
0 34 0 Role: 5
0 86 0 Role: 5

Số khách: 115
Chi phí: 3.01361e+07
0 21 24 4 37 92 15 3 83 7 45 94 196 0 Role: 0
0 101 161 54 87 33 17 16 150 96 43 104 38 39 0 Role: 0
0 53 52 46 159 5 105 66 63 55 80 0 Role: 0
0 28 127 76 30 1 18 163 177 56 102 108 198 0 Role: 0
0 22 89 61 131 6 139 119 107 121 0 Role: 0
0 70 47 188 41 2 118 58 11 36 106 113 0 Role: 0
0 189 40 32 74 27 44 172 12 90 181 126 77 9 162 0 Role: 0
0 14 19 8 0 Role: 0
0 200 71 135 115 0 Role: 1
0 124 123 0 Role: 1
0 67 23 0 Role: 1
0 84 184 0 Role: 1
0 166 185 114 95 0 Role: 2
0 13 143 0 Role: 2
0 111 199 0 Role: 2
0 72 0 Role: 2
0 164 0 Role: 2
0 29 0 Role: 2
0 86 82 0 Role: 3
0 34 112 0 Role: 4
0 117 0 Role: 4
0 140 0 Role: 4
0 141 0 Role: 4
0 144 147 0 Role: 4
0 145 0 Role: 4

