Số khách: 57
Chi phí: 1.70354e+07
0 18 165 0 Role: 0
0 38 177 0 Role: 0
0 103 48 0 Role: 0
0 130 27 119 92 169 58 29 198 0 Role: 0
0 123 0 Role: 0
0 162 49 125 77 0 Role: 0
0 147 0 Role: 0
0 6 90 0 Role: 0
0 89 140 115 135 0 Role: 1
0 111 12 0 Role: 1
0 166 124 121 143 7 0 Role: 1
0 71 184 0 Role: 1
0 185 95 0 Role: 1
0 72 0 Role: 1
0 101 181 13 0 Role: 1
0 164 0 Role: 1
0 199 0 Role: 1
0 144 0 Role: 2
0 145 0 Role: 2
0 82 0 Role: 2
0 23 67 0 Role: 2
0 84 0 Role: 2
0 114 189 0 Role: 2
0 117 112 0 Role: 3
0 141 0 Role: 3
0 34 200 0 Role: 4
0 86 0 Role: 5

Số khách: 88
Chi phí: 3.18009e+07
0 120 108 126 94 5 53 9 92 162 106 70 0 Role: 0
0 10 186 178 0 Role: 0
0 40 6 180 56 138 44 58 77 55 80 102 0 Role: 0
0 110 72 7 37 175 33 39 0 Role: 0
0 35 140 136 15 83 90 0 Role: 0
0 199 30 74 38 24 0 Role: 0
0 172 163 132 67 46 165 131 107 0 Role: 0
0 185 81 123 184 196 166 139 0 Role: 0
0 143 124 115 0 Role: 1
0 147 71 82 135 0 Role: 1
0 177 84 0 Role: 1
0 121 95 0 Role: 1
0 12 111 0 Role: 1
0 164 0 Role: 1
0 29 13 0 Role: 1
0 101 181 0 Role: 1
0 23 34 117 0 Role: 2
0 200 89 0 Role: 2
0 145 0 Role: 2
0 144 189 0 Role: 2
0 114 0 Role: 2
0 112 0 Role: 3
0 141 0 Role: 3
0 86 0 Role: 4

Số khách: 86
Chi phí: 2.51303e+07
0 84 11 168 116 5 4 100 47 76 98 0 Role: 0
0 54 17 0 Role: 0
0 45 0 Role: 0
0 23 138 0 Role: 0
0 101 58 194 119 9 46 150 163 126 199 15 24 80 55 83 198 0 Role: 0
0 128 0 Role: 0
0 187 104 94 33 127 105 132 1 121 175 96 0 Role: 0
0 111 172 113 85 196 37 165 95 166 107 13 139 0 Role: 0
0 67 90 0 Role: 1
0 7 0 Role: 1
0 12 0 Role: 1
0 72 0 Role: 1
0 185 123 0 Role: 1
0 143 181 0 Role: 1
0 164 0 Role: 1
0 29 0 Role: 1
0 34 114 0 Role: 2
0 135 71 147 0 Role: 2
0 184 189 0 Role: 2
0 124 0 Role: 2
0 177 0 Role: 2
0 89 82 0 Role: 3
0 144 0 Role: 3
0 145 115 0 Role: 3
0 140 0 Role: 4
0 141 0 Role: 4
0 117 0 Role: 4
0 112 0 Role: 5
0 86 200 0 Role: 6

Số khách: 84
Chi phí: 2.33633e+07
0 164 42 194 9 37 99 106 60 13 12 0 Role: 0
0 102 56 158 0 Role: 0
0 185 6 159 5 116 131 0 Role: 0
0 101 130 139 45 40 17 157 126 96 0 Role: 0
0 115 28 142 92 14 21 20 184 189 84 0 Role: 0
0 52 39 85 74 119 46 55 0 Role: 0
0 160 2 75 141 70 167 150 144 147 0 Role: 0
0 118 156 0 Role: 0
0 123 95 90 0 Role: 1
0 181 29 0 Role: 1
0 121 0 Role: 1
0 166 7 0 Role: 1
0 199 0 Role: 1
0 143 0 Role: 1
0 111 0 Role: 1
0 145 135 0 Role: 2
0 82 71 0 Role: 2
0 67 0 Role: 2
0 114 124 0 Role: 2
0 177 0 Role: 2
0 72 0 Role: 2
0 34 112 0 Role: 3
0 117 23 0 Role: 3
0 89 140 0 Role: 3
0 200 0 Role: 4
0 86 0 Role: 5

Số khách: 76
Chi phí: 2.24929e+07
0 162 43 54 9 159 40 36 198 0 Role: 0
0 124 27 0 Role: 0
0 164 127 56 0 Role: 0
0 186 155 146 108 65 176 29 0 Role: 0
0 99 107 0 Role: 0
0 1 46 152 150 0 Role: 0
0 101 175 116 58 130 21 77 121 83 0 Role: 0
0 11 173 172 80 132 70 0 Role: 0
0 82 140 115 135 0 Role: 1
0 7 13 181 0 Role: 1
0 84 185 166 0 Role: 1
0 184 189 0 Role: 1
0 71 199 0 Role: 1
0 111 12 0 Role: 1
0 72 0 Role: 1
0 123 95 90 0 Role: 1
0 143 0 Role: 1
0 23 67 0 Role: 2
0 147 144 0 Role: 2
0 145 0 Role: 2
0 114 0 Role: 2
0 177 0 Role: 2
0 89 0 Role: 3
0 141 0 Role: 3
0 117 112 0 Role: 3
0 86 200 0 Role: 4
0 34 0 Role: 5

Số khách: 67
Chi phí: 2.02395e+07
0 121 0 Role: 0
0 70 30 5 44 172 40 71 17 0 Role: 0
0 130 2 193 33 150 0 Role: 0
0 28 169 46 0 Role: 0
0 79 4 175 0 Role: 0
0 126 0 Role: 0
0 76 1 100 106 94 199 0 Role: 0
0 54 56 38 181 0 Role: 0
0 117 101 0 Role: 1
0 135 164 0 Role: 1
0 166 115 90 143 123 7 0 Role: 1
0 184 185 95 0 Role: 1
0 111 12 0 Role: 1
0 13 29 0 Role: 1
0 72 0 Role: 1
0 112 0 Role: 2
0 141 0 Role: 2
0 145 0 Role: 2
0 82 114 0 Role: 2
0 124 0 Role: 2
0 144 189 0 Role: 2
0 84 147 0 Role: 2
0 23 67 0 Role: 2
0 177 0 Role: 2
0 89 140 0 Role: 3
0 86 200 0 Role: 4
0 34 0 Role: 5

Số khách: 60
Chi phí: 1.91498e+07
0 80 0 Role: 0
0 70 72 0 Role: 0
0 190 38 65 12 53 113 7 0 Role: 0
0 84 52 32 56 153 199 0 Role: 0
0 101 180 184 0 Role: 0
0 112 6 0 Role: 0
0 178 0 Role: 0
0 76 67 165 47 119 130 96 95 0 Role: 0
0 71 0 Role: 1
0 166 123 185 0 Role: 1
0 13 29 181 0 Role: 1
0 164 0 Role: 1
0 121 90 0 Role: 1
0 111 0 Role: 1
0 143 0 Role: 1
0 144 189 0 Role: 2
0 124 115 135 0 Role: 2
0 145 0 Role: 2
0 114 147 0 Role: 2
0 23 0 Role: 2
0 177 0 Role: 2
0 117 0 Role: 3
0 89 140 82 0 Role: 3
0 141 0 Role: 3
0 86 0 Role: 4
0 200 0 Role: 4
0 34 0 Role: 5

Số khách: 71
Chi phí: 2.05895e+07
0 178 158 85 46 4 193 83 90 0 Role: 0
0 162 74 43 72 95 166 0 Role: 0
0 164 6 94 45 56 119 44 3 143 13 0 Role: 0
0 53 0 Role: 0
0 126 189 116 48 153 0 Role: 0
0 98 150 0 Role: 0
0 141 88 0 Role: 0
0 16 33 92 58 131 1 0 Role: 0
0 7 0 Role: 1
0 185 121 0 Role: 1
0 101 181 0 Role: 1
0 111 0 Role: 1
0 184 0 Role: 1
0 12 199 0 Role: 1
0 123 0 Role: 1
0 29 0 Role: 1
0 135 71 115 0 Role: 2
0 23 67 0 Role: 2
0 114 124 0 Role: 2
0 177 0 Role: 2
0 89 82 0 Role: 3
0 145 0 Role: 3
0 84 147 0 Role: 3
0 144 0 Role: 3
0 117 200 0 Role: 4
0 112 0 Role: 4
0 140 0 Role: 4
0 86 0 Role: 5
0 34 0 Role: 5

Số khách: 63
Chi phí: 1.95506e+07
0 105 0 Role: 0
0 112 96 121 0 Role: 0
0 81 48 3 90 0 Role: 0
0 170 0 Role: 0
0 24 4 101 51 158 16 0 Role: 0
0 115 11 164 111 58 2 136 47 30 72 0 Role: 0
0 59 0 Role: 0
0 166 185 150 39 17 53 66 0 Role: 0
0 86 140 0 Role: 1
0 84 177 0 Role: 1
0 95 0 Role: 1
0 199 0 Role: 1
0 13 29 0 Role: 1
0 7 123 143 0 Role: 1
0 184 0 Role: 1
0 12 0 Role: 1
0 181 0 Role: 1
0 200 147 0 Role: 2
0 23 67 0 Role: 2
0 114 124 135 0 Role: 2
0 145 0 Role: 2
0 82 71 0 Role: 2
0 189 0 Role: 2
0 89 0 Role: 3
0 117 0 Role: 3
0 141 0 Role: 3
0 144 0 Role: 3
0 34 0 Role: 4

Số khách: 72
Chi phí: 2.18247e+07
0 104 44 66 80 58 96 0 Role: 0
0 148 0 Role: 0
0 98 47 60 105 51 36 0 Role: 0
0 70 132 106 48 108 0 Role: 0
0 77 157 139 130 196 65 153 7 185 0 Role: 0
0 20 174 151 0 Role: 0
0 129 29 74 45 0 Role: 0
0 125 0 Role: 0
0 124 95 143 90 0 Role: 1
0 164 0 Role: 1
0 166 12 0 Role: 1
0 13 199 0 Role: 1
0 111 0 Role: 1
0 101 181 0 Role: 1
0 121 0 Role: 1
0 82 147 135 115 0 Role: 2
0 144 0 Role: 2
0 184 177 0 Role: 2
0 72 0 Role: 2
0 123 0 Role: 2
0 114 189 0 Role: 3
0 23 67 0 Role: 3
0 84 71 0 Role: 3
0 117 112 0 Role: 4
0 89 140 0 Role: 4
0 145 0 Role: 4
0 141 0 Role: 4
0 200 0 Role: 5
0 86 0 Role: 6
0 34 0 Role: 6

Số khách: 74
Chi phí: 2.20314e+07
0 145 150 167 159 55 0 Role: 0
0 135 108 48 183 0 Role: 0
0 106 153 7 189 72 0 Role: 0
0 77 163 36 6 164 30 0 Role: 0
0 54 60 80 45 87 58 12 199 0 Role: 0
0 20 175 127 133 28 91 70 143 166 39 186 104 94 0 Role: 0
0 1 21 0 Role: 0
0 146 0 Role: 0
0 144 0 Role: 1
0 82 184 115 0 Role: 1
0 114 95 123 0 Role: 1
0 185 121 90 0 Role: 1
0 13 29 181 0 Role: 1
0 101 0 Role: 1
0 111 0 Role: 1
0 124 0 Role: 2
0 84 71 0 Role: 2
0 147 177 0 Role: 2
0 34 0 Role: 3
0 141 0 Role: 3
0 23 67 0 Role: 3
0 117 0 Role: 4
0 140 0 Role: 4
0 112 0 Role: 4
0 89 0 Role: 4
0 86 200 0 Role: 5

Số khách: 62
Chi phí: 1.94389e+07
0 16 126 198 0 Role: 0
0 81 31 7 0 Role: 0
0 20 76 138 111 53 21 39 0 Role: 0
0 33 181 3 143 0 Role: 0
0 102 144 139 159 0 Role: 0
0 169 192 15 0 Role: 0
0 129 30 0 Role: 0
0 122 0 Role: 0
0 101 145 13 0 Role: 1
0 166 12 199 0 Role: 1
0 72 0 Role: 1
0 185 121 90 0 Role: 1
0 29 0 Role: 1
0 164 0 Role: 1
0 95 0 Role: 1
0 82 115 124 0 Role: 2
0 141 0 Role: 2
0 114 147 0 Role: 2
0 135 184 189 0 Role: 2
0 23 67 0 Role: 2
0 84 71 0 Role: 2
0 177 0 Role: 2
0 123 0 Role: 2
0 117 112 0 Role: 3
0 89 140 0 Role: 3
0 200 0 Role: 4
0 34 0 Role: 5
0 86 0 Role: 5

