Số khách: 104
Chi phí: 9.81384e+06
0 95 186 0 Role: 0
0 189 0 Role: 0
0 69 0 Role: 1
0 39 184 10 24 0 Role: 1
0 154 133 27 127 0 Role: 1
0 200 91 157 8 177 80 58 107 0 Role: 2
0 145 148 44 100 41 0 Role: 2
0 7 147 57 0 Role: 2
0 61 120 142 0 Role: 2
0 25 0 Role: 2
0 11 78 194 112 181 0 Role: 3
0 118 0 Role: 3
0 13 51 0 Role: 3
0 185 175 0 Role: 3
0 1 30 0 Role: 4
0 122 0 Role: 4
0 99 150 129 170 86 0 Role: 4
0 33 31 161 64 0 Role: 4
0 54 146 141 124 0 Role: 4
0 20 90 0 Role: 4
0 6 173 0 Role: 4
0 76 0 Role: 5
0 103 65 106 32 71 0 Role: 5
0 43 196 188 18 0 Role: 5
0 55 22 0 Role: 6
0 187 121 119 0 Role: 6
0 143 162 52 0 Role: 6
0 117 172 0 Role: 6
0 62 0 Role: 6
0 193 0 Role: 6
0 140 93 0 Role: 7
0 56 165 0 Role: 7
0 179 74 2 0 Role: 8
0 23 0 Role: 8
0 17 111 0 Role: 9
0 163 4 0 Role: 10
0 108 0 Role: 10
0 169 199 0 Role: 10
0 96 126 0 Role: 11
0 183 0 Role: 11
0 98 0 Role: 11
0 53 0 Role: 12

Số khách: 107
Chi phí: 1.27688e+07
0 151 57 118 182 41 10 0 Role: 0
0 147 0 Role: 0
0 36 116 0 Role: 0
0 61 197 186 0 Role: 0
0 24 100 161 27 127 0 Role: 1
0 58 91 112 8 39 107 0 Role: 1
0 13 20 0 Role: 1
0 80 194 51 177 0 Role: 1
0 143 103 23 71 170 0 Role: 2
0 117 124 129 0 Role: 2
0 184 193 157 86 0 Role: 2
0 185 141 0 Role: 2
0 145 1 181 7 172 0 Role: 2
0 78 0 Role: 2
0 25 173 154 90 0 Role: 2
0 175 69 133 6 0 Role: 2
0 142 0 Role: 2
0 17 0 Role: 3
0 165 121 30 200 64 99 0 Role: 3
0 33 187 44 148 0 Role: 3
0 18 0 Role: 4
0 106 0 Role: 4
0 65 146 0 Role: 4
0 55 2 22 0 Role: 5
0 120 0 Role: 5
0 111 188 98 0 Role: 6
0 140 0 Role: 6
0 31 4 52 0 Role: 6
0 199 122 54 0 Role: 7
0 11 0 Role: 7
0 162 62 150 0 Role: 8
0 43 0 Role: 8
0 169 0 Role: 9
0 119 56 196 0 Role: 9
0 108 0 Role: 9
0 126 53 74 0 Role: 10
0 76 32 0 Role: 10
0 179 93 0 Role: 11
0 183 163 0 Role: 11
0 96 0 Role: 12

Số khách: 106
Chi phí: 1.22225e+07
0 113 0 Role: 0
0 188 108 164 61 117 0 Role: 0
0 58 73 186 0 Role: 0
0 134 0 Role: 0
0 86 98 0 Role: 1
0 187 148 127 107 0 Role: 1
0 154 120 27 39 0 Role: 1
0 6 147 0 Role: 2
0 181 80 24 0 Role: 2
0 25 0 Role: 2
0 10 142 41 0 Role: 2
0 74 0 Role: 3
0 129 184 177 0 Role: 3
0 185 0 Role: 3
0 20 69 175 90 0 Role: 3
0 51 8 0 Role: 3
0 194 13 57 7 0 Role: 3
0 91 118 0 Role: 3
0 169 146 170 18 141 124 0 Role: 4
0 44 157 0 Role: 4
0 173 133 0 Role: 4
0 100 0 Role: 4
0 96 54 103 119 0 Role: 5
0 11 0 Role: 5
0 165 200 106 1 0 Role: 5
0 62 0 Role: 5
0 122 99 0 Role: 5
0 121 112 172 0 Role: 5
0 126 78 161 0 Role: 6
0 30 193 145 0 Role: 6
0 4 0 Role: 7
0 43 2 0 Role: 7
0 22 196 150 52 0 Role: 7
0 56 143 71 64 0 Role: 7
0 31 33 0 Role: 7
0 162 163 0 Role: 8
0 140 55 0 Role: 8
0 23 65 0 Role: 8
0 199 0 Role: 9
0 32 53 111 0 Role: 10
0 17 0 Role: 11
0 76 183 0 Role: 11
0 93 179 0 Role: 11

Số khách: 106
Chi phí: 9.18786e+06
0 54 29 49 90 101 64 27 86 124 3 100 8 128 164 24 0 Role: 0
0 133 0 Role: 1
0 30 33 4 71 18 127 0 Role: 2
0 7 6 61 193 91 41 39 107 0 Role: 2
0 11 0 Role: 3
0 154 175 0 Role: 3
0 147 1 129 58 177 0 Role: 3
0 145 186 194 112 80 0 Role: 3
0 142 57 69 0 Role: 3
0 187 148 0 Role: 4
0 118 0 Role: 4
0 17 121 0 Role: 5
0 10 170 141 0 Role: 6
0 172 51 0 Role: 6
0 23 161 157 188 0 Role: 7
0 146 117 120 0 Role: 7
0 13 181 0 Role: 7
0 173 185 25 0 Role: 7
0 184 20 0 Role: 7
0 53 32 22 0 Role: 8
0 55 165 0 Role: 8
0 93 62 150 200 0 Role: 8
0 99 122 78 0 Role: 8
0 44 0 Role: 8
0 119 140 162 196 0 Role: 9
0 199 106 0 Role: 9
0 65 0 Role: 9
0 143 0 Role: 9
0 31 52 0 Role: 9
0 103 111 0 Role: 10
0 56 0 Role: 10
0 108 43 0 Role: 10
0 76 2 74 0 Role: 11
0 183 163 0 Role: 11
0 179 0 Role: 11
0 169 0 Role: 11
0 98 0 Role: 12

Số khách: 92
Chi phí: 9.52217e+06
0 128 0 Role: 0
0 148 190 6 186 0 Role: 0
0 146 0 Role: 1
0 98 74 64 127 0 Role: 2
0 145 8 61 0 Role: 2
0 78 0 Role: 3
0 185 0 Role: 3
0 172 181 147 107 27 0 Role: 3
0 157 57 44 0 Role: 3
0 13 80 39 177 0 Role: 3
0 51 7 58 0 Role: 3
0 2 10 86 170 0 Role: 4
0 103 184 0 Role: 5
0 117 0 Role: 5
0 20 161 112 24 1 0 Role: 5
0 133 154 0 Role: 5
0 196 99 0 Role: 6
0 120 0 Role: 6
0 194 142 0 Role: 6
0 175 41 90 0 Role: 6
0 91 118 69 0 Role: 6
0 25 100 0 Role: 6
0 193 52 11 129 0 Role: 7
0 108 141 124 0 Role: 7
0 30 173 0 Role: 7
0 188 33 162 0 Role: 8
0 165 143 106 71 0 Role: 8
0 140 93 200 0 Role: 9
0 31 187 0 Role: 9
0 121 54 0 Role: 9
0 122 0 Role: 9
0 62 0 Role: 9
0 199 23 0 Role: 10
0 43 0 Role: 10
0 18 65 0 Role: 10
0 150 0 Role: 10
0 53 0 Role: 11
0 56 119 0 Role: 12
0 55 0 Role: 12

Số khách: 93
Chi phí: 9.32965e+06
0 15 0 Role: 0
0 33 0 Role: 0
0 154 0 Role: 1
0 57 1 127 177 27 107 0 Role: 1
0 74 126 124 0 Role: 2
0 100 61 8 0 Role: 2
0 6 24 80 0 Role: 2
0 199 143 0 Role: 3
0 10 20 0 Role: 3
0 13 39 58 0 Role: 3
0 51 184 186 181 0 Role: 3
0 25 147 120 91 0 Role: 4
0 7 175 69 90 118 0 Role: 4
0 185 133 0 Role: 4
0 150 64 188 170 0 Role: 5
0 65 71 18 0 Role: 5
0 161 11 86 141 0 Role: 5
0 193 117 0 Role: 5
0 194 112 41 0 Role: 5
0 44 142 0 Role: 5
0 148 145 0 Role: 5
0 78 0 Role: 6
0 172 129 157 0 Role: 6
0 173 0 Role: 6
0 103 169 0 Role: 7
0 23 52 0 Role: 7
0 99 54 31 146 0 Role: 7
0 30 187 121 0 Role: 7
0 165 0 Role: 8
0 62 200 0 Role: 8
0 55 0 Role: 9
0 56 106 0 Role: 10
0 196 0 Role: 10
0 162 0 Role: 10
0 43 108 0 Role: 10
0 98 2 4 0 Role: 11
0 140 163 119 0 Role: 11
0 122 0 Role: 12

Số khách: 101
Chi phí: 1.19187e+07
0 182 162 135 161 80 69 189 51 28 25 133 61 120 0 Role: 0
0 102 193 16 70 142 164 148 171 46 107 0 Role: 0
0 97 104 0 Role: 0
0 6 27 99 86 170 39 58 127 0 Role: 1
0 179 157 177 0 Role: 2
0 100 7 0 Role: 2
0 185 175 90 0 Role: 2
0 41 0 Role: 2
0 11 0 Role: 3
0 43 118 18 0 Role: 4
0 106 10 181 129 124 141 0 Role: 4
0 194 0 Role: 4
0 44 91 0 Role: 4
0 169 52 147 117 0 Role: 5
0 143 33 8 0 Role: 5
0 121 24 1 172 0 Role: 6
0 173 154 0 Role: 6
0 146 199 0 Role: 7
0 108 0 Role: 7
0 30 57 112 0 Role: 7
0 13 0 Role: 7
0 145 186 78 0 Role: 7
0 184 20 0 Role: 7
0 188 119 23 54 64 0 Role: 8
0 187 0 Role: 8
0 17 111 0 Role: 9
0 196 140 150 0 Role: 10
0 165 56 200 0 Role: 11
0 122 0 Role: 11
0 62 0 Role: 11
0 96 126 0 Role: 12
0 71 0 Role: 12
0 65 0 Role: 12
0 31 0 Role: 12

Số khách: 121
Chi phí: 1.97813e+07
0 26 109 0 Role: 0
0 43 98 115 151 85 34 132 0 Role: 0
0 12 0 Role: 0
0 154 193 0 Role: 0
0 178 44 82 137 0 Role: 0
0 9 134 0 Role: 0
0 29 142 3 45 35 36 0 Role: 0
0 152 130 145 0 Role: 0
0 188 0 Role: 1
0 107 0 Role: 1
0 165 199 184 129 58 0 Role: 2
0 69 157 100 127 27 0 Role: 2
0 7 181 175 64 0 Role: 2
0 99 121 0 Role: 3
0 90 0 Role: 3
0 117 86 177 39 0 Role: 3
0 6 25 133 0 Role: 3
0 33 78 170 0 Role: 4
0 8 91 161 141 0 Role: 4
0 120 0 Role: 4
0 57 118 0 Role: 4
0 41 31 0 Role: 5
0 51 24 10 0 Role: 5
0 147 1 172 0 Role: 5
0 148 0 Role: 5
0 183 93 30 0 Role: 6
0 20 13 80 0 Role: 6
0 186 112 0 Role: 6
0 185 0 Role: 6
0 61 194 0 Role: 6
0 146 200 124 0 Role: 7
0 173 0 Role: 7
0 163 119 18 0 Role: 8
0 17 111 0 Role: 9
0 32 54 162 196 0 Role: 9
0 56 143 106 71 0 Role: 9
0 11 187 52 0 Role: 9
0 108 150 0 Role: 9
0 122 0 Role: 9
0 65 23 0 Role: 10
0 62 0 Role: 10
0 103 2 4 0 Role: 11
0 76 140 74 0 Role: 11
0 169 0 Role: 11
0 55 0 Role: 11
0 179 0 Role: 11
0 96 0 Role: 12
0 53 0 Role: 12
0 22 0 Role: 12

Số khách: 102
Chi phí: 1.40667e+07
0 71 182 0 Role: 0
0 13 163 0 Role: 0
0 22 91 78 26 0 Role: 0
0 80 3 0 Role: 0
0 156 0 Role: 0
0 175 157 0 Role: 1
0 61 0 Role: 2
0 143 52 0 Role: 2
0 100 86 0 Role: 2
0 170 187 1 141 124 0 Role: 2
0 57 6 27 39 58 177 107 127 0 Role: 2
0 145 120 41 0 Role: 2
0 90 0 Role: 2
0 10 7 0 Role: 2
0 8 118 69 0 Role: 2
0 142 44 0 Role: 2
0 24 184 0 Role: 2
0 133 147 0 Role: 2
0 193 0 Role: 3
0 23 194 20 181 0 Role: 4
0 185 154 0 Role: 4
0 25 0 Role: 4
0 126 186 0 Role: 5
0 51 172 0 Role: 5
0 93 117 188 18 0 Role: 6
0 43 173 0 Role: 6
0 111 54 0 Role: 7
0 161 65 112 0 Role: 7
0 129 0 Role: 7
0 200 62 121 0 Role: 8
0 150 0 Role: 9
0 122 106 64 99 0 Role: 9
0 11 0 Role: 9
0 146 0 Role: 9
0 30 33 0 Role: 9
0 31 0 Role: 9
0 148 0 Role: 9
0 17 140 0 Role: 10
0 169 196 165 0 Role: 10
0 4 162 179 119 0 Role: 10
0 53 0 Role: 11
0 74 98 0 Role: 11
0 199 56 0 Role: 11
0 108 0 Role: 11
0 55 2 0 Role: 12
0 103 0 Role: 12

Số khách: 101
Chi phí: 8.91388e+06
0 12 39 107 168 7 0 Role: 0
0 117 6 58 64 170 0 Role: 1
0 145 0 Role: 1
0 10 41 157 0 Role: 2
0 80 120 61 0 Role: 3
0 90 69 142 57 177 0 Role: 3
0 44 91 127 0 Role: 3
0 100 27 0 Role: 3
0 13 8 0 Role: 3
0 98 172 146 11 187 33 0 Role: 4
0 106 78 161 0 Role: 4
0 141 147 25 154 175 0 Role: 4
0 118 133 173 185 0 Role: 4
0 24 112 181 0 Role: 4
0 148 0 Role: 4
0 184 194 0 Role: 4
0 143 52 99 129 0 Role: 5
0 193 186 1 0 Role: 5
0 20 0 Role: 5
0 51 0 Role: 5
0 18 0 Role: 6
0 122 54 0 Role: 6
0 150 0 Role: 6
0 124 86 0 Role: 6
0 31 0 Role: 6
0 162 30 200 121 0 Role: 7
0 62 0 Role: 7
0 199 23 71 188 0 Role: 8
0 43 0 Role: 8
0 65 0 Role: 8
0 179 2 0 Role: 9
0 32 4 140 119 0 Role: 10
0 165 56 196 0 Role: 10
0 108 55 0 Role: 10
0 169 0 Role: 11
0 163 0 Role: 11
0 76 0 Role: 12
0 53 22 0 Role: 12
0 111 17 0 Role: 12
0 103 0 Role: 12
0 93 74 0 Role: 12

Số khách: 102
Chi phí: 8.69545e+06
0 77 40 52 154 175 94 161 0 Role: 0
0 8 0 Role: 1
0 196 1 112 80 0 Role: 1
0 69 100 58 107 0 Role: 1
0 117 25 0 Role: 2
0 181 186 127 39 177 27 0 Role: 2
0 57 41 6 0 Role: 2
0 120 61 91 7 0 Role: 2
0 44 148 145 0 Role: 2
0 185 133 118 0 Role: 2
0 147 142 0 Role: 2
0 121 172 10 0 Role: 3
0 22 24 13 78 184 0 Role: 4
0 194 51 0 Role: 4
0 90 0 Role: 4
0 119 33 141 99 86 170 0 Role: 5
0 64 146 20 193 157 0 Role: 5
0 173 0 Role: 5
0 143 165 129 0 Role: 6
0 124 30 0 Role: 7
0 31 0 Role: 7
0 74 188 140 18 0 Role: 8
0 71 0 Role: 8
0 187 54 106 0 Role: 8
0 23 65 122 0 Role: 8
0 162 200 150 0 Role: 8
0 11 0 Role: 8
0 62 0 Role: 8
0 43 2 0 Role: 9
0 93 4 0 Role: 9
0 56 0 Role: 9
0 108 55 0 Role: 9
0 183 111 0 Role: 10
0 169 0 Role: 10
0 17 0 Role: 11
0 32 0 Role: 11
0 98 199 0 Role: 11
0 103 0 Role: 12
0 76 163 0 Role: 12
0 179 0 Role: 12

Số khách: 120
Chi phí: 1.89318e+07
0 167 186 13 128 0 Role: 0
0 85 0 Role: 0
0 161 0 Role: 0
0 180 178 99 118 122 157 171 192 0 Role: 0
0 53 82 0 Role: 0
0 63 37 0 Role: 0
0 124 61 147 3 144 0 Role: 0
0 125 162 110 45 6 16 69 101 134 112 0 Role: 0
0 41 80 27 8 39 0 Role: 1
0 175 0 Role: 1
0 185 90 127 107 0 Role: 1
0 71 1 145 193 0 Role: 2
0 57 154 0 Role: 2
0 172 0 Role: 2
0 51 78 177 58 0 Role: 2
0 142 148 44 91 0 Role: 2
0 24 194 100 0 Role: 2
0 25 120 0 Role: 2
0 98 33 170 188 86 129 0 Role: 3
0 74 0 Role: 3
0 10 184 181 7 0 Role: 3
0 173 133 0 Role: 3
0 20 0 Role: 3
0 30 108 0 Role: 4
0 119 18 52 64 0 Role: 4
0 54 187 121 141 0 Role: 4
0 62 0 Role: 4
0 117 146 0 Role: 4
0 103 65 0 Role: 5
0 31 169 165 0 Role: 5
0 199 11 143 0 Role: 5
0 183 76 200 0 Role: 6
0 106 0 Role: 6
0 126 56 196 0 Role: 7
0 150 55 43 0 Role: 7
0 23 0 Role: 7
0 93 179 111 0 Role: 8
0 163 0 Role: 8
0 140 0 Role: 8
0 32 2 4 0 Role: 9
0 17 0 Role: 9
0 22 0 Role: 9
0 96 0 Role: 10

Số khách: 111
Chi phí: 1.30985e+07
0 193 20 0 Role: 0
0 8 175 114 51 178 79 72 47 115 0 Role: 0
0 120 13 190 130 12 0 Role: 0
0 1 108 0 Role: 0
0 117 93 0 Role: 1
0 186 41 91 0 Role: 1
0 57 172 0 Role: 1
0 44 127 107 0 Role: 1
0 112 184 177 58 27 39 0 Role: 1
0 24 6 80 0 Role: 1
0 10 61 145 0 Role: 1
0 43 119 18 0 Role: 2
0 173 185 25 69 0 Role: 2
0 118 7 0 Role: 2
0 65 0 Role: 3
0 157 147 62 100 52 170 0 Role: 3
0 90 64 161 181 129 0 Role: 3
0 33 142 124 141 0 Role: 3
0 154 133 0 Role: 3
0 194 0 Role: 3
0 148 0 Role: 3
0 78 86 0 Role: 4
0 30 0 Role: 4
0 54 187 99 0 Role: 5
0 143 31 106 0 Role: 5
0 121 11 146 0 Role: 5
0 122 0 Role: 5
0 162 0 Role: 6
0 55 71 0 Role: 6
0 23 188 0 Role: 6
0 200 150 0 Role: 6
0 2 169 165 0 Role: 7
0 199 56 0 Role: 7
0 179 196 111 0 Role: 8
0 17 76 140 0 Role: 8
0 4 163 0 Role: 8
0 103 0 Role: 8
0 126 183 74 0 Role: 9
0 32 22 98 0 Role: 9
0 53 0 Role: 10
0 96 0 Role: 11

Số khách: 100
Chi phí: 1.10938e+07
0 141 194 8 25 0 Role: 0
0 177 0 Role: 0
0 90 24 161 0 Role: 0
0 124 1 20 0 Role: 1
0 78 193 0 Role: 1
0 133 0 Role: 1
0 118 0 Role: 1
0 44 162 119 86 0 Role: 2
0 112 145 7 127 0 Role: 2
0 107 18 200 61 64 58 39 27 0 Role: 3
0 181 154 69 175 0 Role: 3
0 185 6 0 Role: 3
0 148 120 91 0 Role: 3
0 147 142 41 80 0 Role: 3
0 184 0 Role: 3
0 57 100 0 Role: 3
0 13 0 Role: 3
0 32 0 Role: 4
0 196 10 170 0 Role: 5
0 173 0 Role: 5
0 51 0 Role: 5
0 76 74 188 129 0 Role: 6
0 117 172 71 99 0 Role: 7
0 150 62 0 Role: 7
0 11 186 157 0 Role: 7
0 17 55 30 0 Role: 8
0 31 187 4 0 Role: 8
0 52 23 106 0 Role: 9
0 143 121 0 Role: 9
0 65 0 Role: 9
0 33 146 54 0 Role: 9
0 122 0 Role: 9
0 53 22 0 Role: 10
0 43 183 163 0 Role: 10
0 165 56 0 Role: 10
0 108 0 Role: 10
0 2 0 Role: 11
0 169 0 Role: 11
0 140 0 Role: 11
0 179 0 Role: 11
0 199 0 Role: 11
0 93 111 0 Role: 12
0 103 0 Role: 12
0 98 0 Role: 12

Số khách: 106
Chi phí: 1.44825e+07
0 151 57 0 Role: 0
0 170 48 16 0 Role: 0
0 32 180 0 Role: 0
0 150 52 42 43 0 Role: 0
0 187 81 39 109 0 Role: 0
0 184 172 129 127 27 58 107 0 Role: 1
0 11 147 30 121 0 Role: 2
0 154 161 86 0 Role: 2
0 120 0 Role: 2
0 194 51 0 Role: 3
0 196 157 64 177 0 Role: 4
0 1 20 91 7 181 80 0 Role: 4
0 90 24 0 Role: 4
0 10 61 0 Role: 4
0 145 8 175 0 Role: 4
0 71 0 Role: 5
0 78 112 41 124 0 Role: 5
0 44 0 Role: 5
0 118 185 0 Role: 6
0 148 6 0 Role: 6
0 13 0 Role: 6
0 142 0 Role: 6
0 25 0 Role: 6
0 100 0 Role: 6
0 133 69 0 Role: 6
0 193 4 99 141 0 Role: 7
0 33 54 122 0 Role: 7
0 31 0 Role: 7
0 62 117 0 Role: 7
0 173 0 Role: 7
0 186 0 Role: 7
0 200 143 146 0 Role: 8
0 106 0 Role: 8
0 23 0 Role: 9
0 162 18 0 Role: 9
0 119 0 Role: 10
0 93 179 74 0 Role: 11
0 76 0 Role: 11
0 163 55 0 Role: 11
0 108 140 188 0 Role: 11
0 165 56 199 0 Role: 11
0 65 0 Role: 11
0 126 53 2 111 0 Role: 12
0 103 98 22 0 Role: 12
0 169 0 Role: 12

Số khách: 103
Chi phí: 1.48359e+07
0 129 195 148 0 Role: 0
0 71 0 Role: 0
0 70 97 159 192 0 Role: 0
0 69 0 Role: 0
0 29 0 Role: 0
0 90 145 0 Role: 0
0 13 27 170 107 127 0 Role: 1
0 99 175 1 58 39 0 Role: 2
0 100 194 112 181 80 0 Role: 2
0 24 57 177 0 Role: 2
0 10 41 7 0 Role: 2
0 118 25 133 0 Role: 2
0 61 184 0 Role: 2
0 154 173 6 0 Role: 3
0 186 8 91 0 Role: 3
0 44 142 0 Role: 3
0 185 147 0 Role: 3
0 120 0 Role: 3
0 157 20 0 Role: 4
0 93 188 86 0 Role: 5
0 140 165 146 33 106 64 0 Role: 5
0 11 0 Role: 5
0 121 172 187 0 Role: 5
0 22 162 54 0 Role: 6
0 150 200 161 141 124 0 Role: 6
0 51 78 0 Role: 6
0 193 0 Role: 6
0 103 23 18 0 Role: 7
0 43 117 0 Role: 7
0 169 30 4 0 Role: 8
0 65 122 0 Role: 9
0 143 31 52 0 Role: 9
0 62 0 Role: 9
0 98 196 0 Role: 10
0 183 0 Role: 11
0 74 53 0 Role: 11
0 199 56 0 Role: 11
0 108 0 Role: 11
0 126 2 163 0 Role: 12
0 55 119 0 Role: 12
0 179 0 Role: 12

Số khách: 98
Chi phí: 8.84007e+06
0 110 1 85 35 27 61 168 45 15 0 Role: 0
0 186 78 10 112 41 39 127 107 0 Role: 1
0 145 0 Role: 2
0 118 52 99 170 58 129 0 Role: 3
0 117 154 86 0 Role: 3
0 177 25 90 0 Role: 4
0 80 120 6 175 69 0 Role: 4
0 185 147 0 Role: 4
0 8 7 142 100 91 0 Role: 4
0 124 133 173 0 Role: 5
0 181 184 57 0 Role: 5
0 148 44 0 Role: 5
0 194 24 0 Role: 5
0 13 0 Role: 5
0 51 54 64 0 Role: 6
0 56 11 0 Role: 6
0 196 18 157 0 Role: 6
0 172 0 Role: 6
0 93 126 0 Role: 7
0 33 74 22 119 188 0 Role: 7
0 169 65 23 106 71 0 Role: 8
0 193 140 141 121 0 Role: 9
0 30 20 161 0 Role: 9
0 143 103 0 Role: 10
0 55 0 Role: 10
0 163 200 0 Role: 10
0 146 31 0 Role: 10
0 62 0 Role: 10
0 162 150 4 165 0 Role: 11
0 122 0 Role: 11
0 187 0 Role: 11
0 43 0 Role: 11
0 183 111 0 Role: 12

Số khách: 98
Chi phí: 1.13373e+07
0 45 101 82 151 0 Role: 0
0 182 0 Role: 0
0 47 200 118 85 0 Role: 0
0 64 133 0 Role: 1
0 117 177 127 0 Role: 1
0 4 0 Role: 2
0 8 78 0 Role: 2
0 100 147 193 27 86 107 0 Role: 2
0 91 90 157 39 0 Role: 2
0 154 57 58 0 Role: 2
0 51 80 181 0 Role: 2
0 170 179 0 Role: 3
0 199 11 161 172 1 99 129 0 Role: 3
0 62 185 121 0 Role: 4
0 106 143 41 33 0 Role: 4
0 141 0 Role: 5
0 175 0 Role: 5
0 186 194 0 Role: 5
0 93 150 124 0 Role: 6
0 25 173 69 0 Role: 7
0 184 20 0 Role: 7
0 13 24 7 0 Role: 7
0 6 0 Role: 7
0 148 61 0 Role: 7
0 187 103 98 22 71 0 Role: 8
0 108 55 0 Role: 8
0 142 10 0 Role: 8
0 120 112 0 Role: 8
0 122 18 0 Role: 9
0 2 44 146 0 Role: 10
0 54 30 0 Role: 10
0 196 0 Role: 11
0 162 140 0 Role: 11
0 23 65 0 Role: 11
0 43 0 Role: 11
0 96 126 74 0 Role: 12
0 31 56 165 0 Role: 12
0 145 0 Role: 12

Số khách: 110
Chi phí: 8.83309e+06
0 121 35 199 117 68 189 152 16 63 80 85 144 0 Role: 0
0 161 39 127 177 58 0 Role: 1
0 6 0 Role: 1
0 41 27 69 175 107 0 Role: 1
0 118 91 100 0 Role: 1
0 194 120 0 Role: 1
0 13 57 7 0 Role: 1
0 71 90 18 170 0 Role: 2
0 78 129 124 0 Role: 2
0 142 0 Role: 2
0 148 44 145 8 0 Role: 2
0 51 181 0 Role: 2
0 112 24 0 Role: 2
0 154 147 0 Role: 2
0 64 193 200 146 86 0 Role: 3
0 143 187 61 0 Role: 3
0 11 56 196 141 0 Role: 4
0 54 1 30 157 0 Role: 4
0 133 62 0 Role: 4
0 25 173 185 0 Role: 4
0 184 0 Role: 4
0 20 186 10 0 Role: 4
0 99 150 33 0 Role: 5
0 106 122 172 0 Role: 5
0 43 4 2 0 Role: 6
0 52 55 188 0 Role: 6
0 65 23 0 Role: 6
0 179 93 111 0 Role: 7
0 140 162 165 119 0 Role: 7
0 163 108 0 Role: 7
0 31 169 0 Role: 7
0 53 32 0 Role: 8
0 96 126 22 0 Role: 9
0 183 76 0 Role: 9
0 103 98 0 Role: 10
0 17 0 Role: 10
0 74 0 Role: 10

Số khách: 106
Chi phí: 1.13452e+07
0 17 69 6 95 0 Role: 0
0 138 168 186 0 Role: 0
0 175 161 198 70 80 0 Role: 0
0 185 124 0 Role: 1
0 58 154 25 27 127 0 Role: 1
0 145 181 39 177 107 0 Role: 1
0 61 90 0 Role: 1
0 140 121 43 150 0 Role: 2
0 170 18 52 172 0 Role: 2
0 33 11 194 91 0 Role: 2
0 44 0 Role: 2
0 57 13 78 1 0 Role: 3
0 112 193 142 8 7 0 Role: 3
0 120 0 Role: 3
0 133 0 Role: 3
0 10 51 24 0 Role: 3
0 147 100 20 41 0 Role: 3
0 86 196 129 64 71 99 0 Role: 4
0 184 54 146 157 0 Role: 4
0 118 62 30 141 0 Role: 4
0 53 162 4 165 0 Role: 5
0 103 111 188 0 Role: 6
0 173 0 Role: 6
0 148 0 Role: 6
0 187 0 Role: 7
0 200 117 0 Role: 7
0 106 31 143 0 Role: 7
0 122 0 Role: 7
0 119 179 93 0 Role: 8
0 65 23 0 Role: 8
0 55 108 163 0 Role: 9
0 74 56 0 Role: 9
0 199 0 Role: 9
0 98 169 0 Role: 10
0 2 183 76 0 Role: 11
0 32 22 0 Role: 11
0 126 0 Role: 12

Số khách: 93
Chi phí: 8.04694e+06
0 147 12 0 Role: 0
0 199 129 127 0 Role: 1
0 64 6 170 177 107 0 Role: 1
0 13 194 41 0 Role: 1
0 43 2 86 27 0 Role: 2
0 93 154 0 Role: 3
0 44 8 7 58 0 Role: 4
0 112 10 145 0 Role: 4
0 185 157 39 0 Role: 4
0 91 0 Role: 4
0 148 80 0 Role: 4
0 188 161 0 Role: 5
0 120 142 1 181 172 0 Role: 5
0 133 0 Role: 6
0 4 52 31 193 57 0 Role: 6
0 118 90 141 69 124 0 Role: 6
0 54 18 0 Role: 7
0 98 143 0 Role: 8
0 33 65 0 Role: 8
0 103 0 Role: 8
0 187 169 162 100 0 Role: 9
0 56 61 20 186 0 Role: 9
0 184 51 78 24 0 Role: 9
0 25 175 0 Role: 9
0 108 119 0 Role: 10
0 99 122 146 0 Role: 10
0 121 117 30 0 Role: 10
0 200 0 Role: 11
0 106 11 0 Role: 11
0 62 0 Role: 11
0 173 0 Role: 11
0 74 55 0 Role: 12
0 140 163 150 0 Role: 12
0 165 196 71 0 Role: 12
0 23 0 Role: 12

Số khách: 108
Chi phí: 1.32503e+07
0 2 166 14 72 172 48 0 Role: 0
0 197 139 0 Role: 0
0 142 20 0 Role: 0
0 31 105 131 0 Role: 0
0 44 0 Role: 1
0 10 129 0 Role: 1
0 184 0 Role: 1
0 148 7 58 127 0 Role: 1
0 39 0 Role: 1
0 25 118 27 107 0 Role: 1
0 51 65 170 0 Role: 2
0 150 121 0 Role: 2
0 33 147 193 0 Role: 2
0 141 187 1 181 86 177 0 Role: 2
0 80 145 90 0 Role: 2
0 69 41 175 0 Role: 2
0 8 100 57 120 91 0 Role: 2
0 61 13 24 0 Role: 2
0 194 186 112 0 Role: 3
0 6 185 154 0 Role: 3
0 133 0 Role: 3
0 157 124 64 0 Role: 4
0 173 0 Role: 4
0 30 99 106 0 Role: 5
0 117 62 161 0 Role: 5
0 126 22 74 76 196 119 0 Role: 6
0 11 200 0 Role: 6
0 188 143 54 71 0 Role: 7
0 23 52 0 Role: 7
0 103 0 Role: 8
0 108 111 18 0 Role: 8
0 199 56 0 Role: 8
0 78 0 Role: 8
0 55 140 0 Role: 9
0 163 43 0 Role: 9
0 122 146 0 Role: 10
0 162 0 Role: 10
0 165 98 169 4 0 Role: 11
0 93 0 Role: 12
0 17 0 Role: 12
0 32 53 0 Role: 12
0 179 0 Role: 12

Số khách: 117
Chi phí: 1.65049e+07
0 68 62 14 132 123 137 120 192 0 Role: 0
0 142 139 0 Role: 0
0 97 89 112 0 Role: 0
0 58 27 189 57 182 0 Role: 0
0 38 173 35 39 80 134 0 Role: 0
0 148 101 0 Role: 0
0 147 106 172 0 Role: 1
0 31 187 20 127 0 Role: 1
0 41 0 Role: 1
0 103 129 177 107 0 Role: 2
0 169 0 Role: 3
0 78 170 86 124 0 Role: 4
0 69 118 193 7 0 Role: 4
0 100 133 175 0 Role: 4
0 1 90 141 0 Role: 4
0 44 91 0 Role: 4
0 145 61 6 8 0 Role: 4
0 184 24 10 186 181 0 Role: 4
0 154 25 185 0 Role: 4
0 108 140 121 0 Role: 5
0 179 200 30 0 Role: 5
0 11 33 0 Role: 5
0 64 13 161 0 Role: 5
0 51 0 Role: 5
0 194 0 Role: 5
0 146 143 56 188 18 0 Role: 6
0 122 65 54 99 0 Role: 6
0 23 157 0 Role: 7
0 76 165 71 0 Role: 8
0 55 0 Role: 8
0 117 43 0 Role: 8
0 162 150 0 Role: 8
0 199 52 0 Role: 8
0 74 163 119 0 Role: 9
0 93 196 0 Role: 9
0 4 0 Role: 9
0 98 22 2 0 Role: 10
0 17 0 Role: 10
0 126 111 183 0 Role: 11
0 96 32 0 Role: 12
0 53 0 Role: 12

Số khách: 103
Chi phí: 8.29619e+06
0 63 0 Role: 0
0 185 62 200 0 Role: 1
0 64 143 0 Role: 1
0 117 86 124 107 127 0 Role: 1
0 142 0 Role: 1
0 43 0 Role: 2
0 150 27 129 39 58 0 Role: 2
0 10 194 7 0 Role: 2
0 147 25 0 Role: 2
0 118 145 91 0 Role: 2
0 100 24 0 Role: 2
0 44 61 8 0 Role: 2
0 41 57 69 0 Role: 2
0 133 0 Role: 2
0 80 90 175 177 0 Role: 3
0 120 154 0 Role: 3
0 13 184 0 Role: 3
0 148 0 Role: 3
0 121 188 71 18 99 170 0 Role: 4
0 186 141 0 Role: 4
0 161 78 181 1 172 0 Role: 4
0 112 0 Role: 4
0 20 6 0 Role: 4
0 2 76 0 Role: 5
0 193 140 30 119 0 Role: 5
0 52 0 Role: 5
0 106 23 146 33 0 Role: 5
0 122 0 Role: 6
0 165 22 157 196 0 Role: 7
0 187 11 199 0 Role: 7
0 54 56 162 0 Role: 7
0 173 0 Role: 7
0 51 0 Role: 7
0 108 183 111 0 Role: 8
0 53 4 74 0 Role: 9
0 103 169 0 Role: 9
0 65 98 0 Role: 10
0 17 163 55 0 Role: 10
0 93 179 0 Role: 10
0 31 0 Role: 10
0 96 126 32 0 Role: 11

Số khách: 103
Chi phí: 1.19401e+07
0 163 0 Role: 0
0 31 128 114 89 118 37 0 Role: 0
0 34 0 Role: 0
0 146 143 129 107 0 Role: 1
0 33 170 69 188 0 Role: 1
0 1 0 Role: 2
0 196 106 181 99 177 127 0 Role: 2
0 13 8 80 39 27 0 Role: 2
0 41 0 Role: 2
0 6 0 Role: 2
0 175 57 142 0 Role: 2
0 91 100 61 7 58 0 Role: 2
0 120 145 147 0 Role: 2
0 64 0 Role: 3
0 179 157 86 0 Role: 3
0 53 32 71 0 Role: 4
0 133 0 Role: 5
0 10 193 0 Role: 6
0 186 0 Role: 6
0 173 90 0 Role: 6
0 185 154 0 Role: 6
0 184 194 0 Role: 6
0 112 0 Role: 6
0 44 148 0 Role: 6
0 4 0 Role: 7
0 24 0 Role: 7
0 161 172 20 0 Role: 7
0 51 0 Role: 7
0 25 0 Role: 7
0 17 141 0 Role: 8
0 11 54 124 0 Role: 8
0 30 0 Role: 8
0 18 0 Role: 9
0 150 56 187 0 Role: 9
0 200 121 0 Role: 9
0 122 78 0 Role: 9
0 111 0 Role: 10
0 98 0 Role: 10
0 199 0 Role: 10
0 108 0 Role: 10
0 162 52 117 0 Role: 10
0 62 43 0 Role: 10
0 65 0 Role: 10
0 22 169 0 Role: 11
0 119 23 0 Role: 11
0 76 55 74 165 0 Role: 12
0 140 93 0 Role: 12
0 103 0 Role: 12

Số khách: 103
Chi phí: 8.96622e+06
0 184 51 157 194 175 34 190 131 0 Role: 0
0 57 118 86 27 127 107 0 Role: 1
0 8 33 170 99 39 177 80 181 58 0 Role: 2
0 25 0 Role: 2
0 24 186 112 1 7 161 41 0 Role: 3
0 6 0 Role: 3
0 145 100 142 120 91 0 Role: 4
0 133 173 90 0 Role: 4
0 44 148 0 Role: 4
0 13 10 0 Role: 4
0 185 69 0 Role: 4
0 61 147 0 Role: 4
0 106 53 165 0 Role: 5
0 93 0 Role: 5
0 196 64 188 0 Role: 6
0 146 71 30 0 Role: 6
0 43 141 124 0 Role: 6
0 172 0 Role: 6
0 193 78 0 Role: 6
0 17 140 18 0 Role: 7
0 150 117 0 Role: 7
0 200 129 121 0 Role: 7
0 20 0 Role: 7
0 154 0 Role: 7
0 2 0 Role: 8
0 23 52 0 Role: 8
0 122 0 Role: 9
0 62 162 0 Role: 9
0 31 187 0 Role: 9
0 11 54 0 Role: 9
0 143 0 Role: 9
0 163 74 119 0 Role: 10
0 65 169 0 Role: 10
0 179 4 0 Role: 10
0 126 183 55 0 Role: 11
0 199 0 Role: 11
0 56 0 Role: 11
0 111 32 22 98 0 Role: 12
0 108 0 Role: 12
0 103 0 Role: 12

Số khách: 99
Chi phí: 1.1321e+07
0 59 0 Role: 0
0 77 68 0 Role: 0
0 12 0 Role: 0
0 141 107 57 0 Role: 1
0 124 69 100 61 41 39 127 0 Role: 1
0 147 0 Role: 1
0 185 25 0 Role: 1
0 51 184 0 Role: 1
0 133 175 27 58 0 Role: 1
0 118 0 Role: 1
0 8 24 91 0 Role: 1
0 194 142 7 0 Role: 1
0 13 0 Role: 1
0 148 0 Role: 1
0 64 165 78 86 170 0 Role: 2
0 55 62 117 6 0 Role: 3
0 177 112 0 Role: 3
0 120 0 Role: 3
0 154 80 181 0 Role: 3
0 145 0 Role: 3
0 65 199 186 172 1 0 Role: 4
0 193 0 Role: 4
0 20 90 0 Role: 4
0 44 0 Role: 4
0 10 0 Role: 4
0 108 0 Role: 5
0 179 93 200 0 Role: 5
0 161 30 150 188 18 0 Role: 6
0 31 157 129 0 Role: 6
0 173 0 Role: 6
0 126 0 Role: 7
0 53 169 33 99 0 Role: 8
0 146 11 106 54 0 Role: 8
0 71 56 143 119 0 Role: 9
0 74 140 196 4 0 Role: 10
0 2 52 121 0 Role: 11
0 43 0 Role: 11
0 162 187 0 Role: 11
0 23 122 0 Role: 11
0 103 0 Role: 12
0 183 163 0 Role: 12

Số khách: 98
Chi phí: 1.30878e+07
0 79 39 0 Role: 0
0 32 0 Role: 0
0 78 0 Role: 0
0 87 0 Role: 0
0 118 44 73 0 Role: 0
0 74 33 120 161 129 0 Role: 1
0 157 27 0 Role: 2
0 147 0 Role: 2
0 181 122 99 107 170 127 0 Role: 2
0 6 0 Role: 2
0 54 64 30 124 0 Role: 2
0 24 51 8 58 0 Role: 2
0 194 61 142 145 80 177 0 Role: 2
0 10 41 172 7 86 0 Role: 3
0 148 100 0 Role: 3
0 90 175 1 0 Role: 3
0 91 184 112 0 Role: 3
0 13 57 0 Role: 3
0 93 141 0 Role: 4
0 20 186 0 Role: 4
0 69 133 173 25 154 0 Role: 4
0 43 162 0 Role: 5
0 52 0 Role: 6
0 126 196 0 Role: 7
0 140 165 121 119 0 Role: 7
0 185 55 18 0 Role: 7
0 200 143 0 Role: 7
0 146 11 187 0 Role: 7
0 169 150 188 0 Role: 8
0 106 71 23 0 Role: 8
0 96 193 4 22 0 Role: 9
0 199 65 0 Role: 10
0 108 0 Role: 10
0 31 0 Role: 10
0 62 117 0 Role: 10
0 111 17 0 Role: 11
0 103 0 Role: 12
0 2 0 Role: 12

Số khách: 119
Chi phí: 1.92436e+07
0 187 0 Role: 0
0 199 100 171 37 3 0 Role: 0
0 186 182 60 0 Role: 0
0 105 0 Role: 0
0 38 131 0 Role: 0
0 104 68 16 136 122 73 0 Role: 0
0 184 110 88 185 120 168 90 51 175 0 Role: 0
0 49 0 Role: 0
0 61 0 Role: 1
0 112 80 107 0 Role: 1
0 39 0 Role: 1
0 41 10 27 127 58 0 Role: 1
0 57 86 170 0 Role: 2
0 142 44 8 177 0 Role: 2
0 91 154 0 Role: 2
0 13 7 0 Role: 2
0 181 145 147 0 Role: 2
0 25 69 118 0 Role: 2
0 24 194 0 Role: 2
0 148 0 Role: 2
0 133 0 Role: 2
0 96 6 99 0 Role: 3
0 121 0 Role: 3
0 157 0 Role: 3
0 54 0 Role: 3
0 31 172 1 129 0 Role: 3
0 146 33 0 Role: 3
0 193 0 Role: 3
0 117 64 0 Role: 3
0 124 141 173 0 Role: 3
0 20 0 Role: 3
0 108 43 183 200 0 Role: 4
0 106 0 Role: 5
0 162 161 0 Role: 6
0 93 119 18 0 Role: 6
0 150 62 52 0 Role: 6
0 78 0 Role: 6
0 30 0 Role: 6
0 76 111 188 71 0 Role: 7
0 143 165 4 0 Role: 8
0 196 11 169 0 Role: 8
0 179 0 Role: 8
0 56 0 Role: 8
0 23 65 0 Role: 8
0 98 2 140 0 Role: 9
0 163 55 0 Role: 9
0 103 0 Role: 9
0 126 22 74 53 0 Role: 10
0 17 0 Role: 10
0 32 0 Role: 11

Số khách: 107
Chi phí: 1.08484e+07
0 152 5 0 Role: 0
0 75 0 Role: 0
0 113 95 0 Role: 0
0 161 1 58 157 127 0 Role: 1
0 100 175 129 107 86 27 0 Role: 1
0 124 10 24 186 112 0 Role: 1
0 44 91 41 39 0 Role: 1
0 194 177 0 Role: 1
0 145 181 0 Role: 1
0 184 61 57 8 0 Role: 1
0 13 80 7 0 Role: 1
0 98 6 147 200 0 Role: 2
0 64 170 106 20 0 Role: 2
0 143 0 Role: 3
0 31 172 99 0 Role: 3
0 196 199 71 0 Role: 4
0 122 54 0 Role: 4
0 52 62 0 Role: 4
0 117 25 154 90 0 Role: 4
0 173 185 118 0 Role: 4
0 120 69 0 Role: 4
0 133 0 Role: 4
0 148 142 0 Role: 4
0 162 0 Role: 5
0 193 121 18 188 0 Role: 5
0 56 187 30 141 0 Role: 5
0 51 78 0 Role: 5
0 2 165 119 146 33 0 Role: 6
0 65 11 0 Role: 6
0 108 150 0 Role: 6
0 43 0 Role: 6
0 126 0 Role: 7
0 74 32 22 111 0 Role: 7
0 140 4 169 0 Role: 7
0 163 55 0 Role: 7
0 179 0 Role: 7
0 23 0 Role: 7
0 53 0 Role: 8
0 76 183 0 Role: 8
0 17 0 Role: 9
0 93 0 Role: 9
0 103 0 Role: 9
0 96 0 Role: 10

Số khách: 84
Chi phí: 1.32158e+07
0 165 0 Role: 0
0 190 122 181 0 Role: 0
0 133 0 Role: 0
0 138 121 174 159 157 78 0 Role: 0
0 164 0 Role: 0
0 163 175 107 0 Role: 1
0 127 172 143 24 58 0 Role: 2
0 44 187 41 177 27 0 Role: 3
0 57 0 Role: 3
0 74 170 99 64 124 0 Role: 4
0 30 186 112 1 0 Role: 4
0 120 69 39 0 Role: 5
0 91 61 10 0 Role: 5
0 147 0 Role: 5
0 185 90 0 Role: 5
0 56 52 8 80 7 0 Role: 6
0 193 86 129 0 Role: 7
0 154 0 Role: 8
0 184 20 161 0 Role: 8
0 118 142 145 0 Role: 8
0 13 0 Role: 8
0 51 194 0 Role: 8
0 6 25 0 Role: 8
0 32 0 Role: 9
0 98 169 0 Role: 9
0 23 11 146 71 0 Role: 9
0 179 100 0 Role: 10
0 17 150 0 Role: 11
0 148 0 Role: 11
0 173 0 Role: 11
0 53 111 141 0 Role: 12
0 54 33 0 Role: 12
0 62 0 Role: 12
0 31 0 Role: 12

Số khách: 105
Chi phí: 8.4536e+06
0 134 19 115 0 Role: 0
0 31 71 80 27 107 127 0 Role: 1
0 172 0 Role: 2
0 162 147 30 39 177 58 0 Role: 2
0 154 100 57 41 0 Role: 2
0 24 194 181 7 8 0 Role: 2
0 25 90 0 Role: 2
0 184 61 91 0 Role: 2
0 22 140 86 0 Role: 3
0 106 169 69 121 141 124 0 Role: 3
0 51 170 129 0 Role: 3
0 173 118 175 0 Role: 3
0 186 13 20 1 0 Role: 3
0 6 145 120 142 0 Role: 3
0 33 183 196 188 18 0 Role: 4
0 199 122 99 0 Role: 4
0 11 78 0 Role: 4
0 10 0 Role: 4
0 44 161 157 0 Role: 4
0 133 185 0 Role: 4
0 193 0 Role: 4
0 112 0 Role: 4
0 64 117 200 0 Role: 5
0 143 146 54 0 Role: 5
0 148 0 Role: 5
0 32 150 119 0 Role: 6
0 56 52 187 0 Role: 6
0 93 74 2 4 126 0 Role: 7
0 53 111 0 Role: 7
0 65 23 0 Role: 7
0 55 0 Role: 8
0 96 165 98 0 Role: 9
0 103 0 Role: 9
0 108 43 0 Role: 9
0 62 0 Role: 10
0 17 163 0 Role: 11
0 179 0 Role: 11
0 76 0 Role: 12

Số khách: 112
Chi phí: 1.36403e+07
0 2 35 108 71 97 187 95 94 88 0 Role: 0
0 33 91 28 0 Role: 0
0 15 10 0 Role: 0
0 105 0 Role: 0
0 152 60 0 Role: 0
0 154 0 Role: 1
0 25 90 107 127 0 Role: 1
0 175 0 Role: 2
0 124 86 120 145 7 39 27 0 Role: 2
0 1 142 69 0 Role: 2
0 147 58 0 Role: 2
0 133 185 0 Role: 2
0 100 61 57 8 41 80 0 Role: 2
0 118 0 Role: 2
0 64 24 51 184 186 172 181 0 Role: 3
0 177 112 20 194 0 Role: 3
0 6 0 Role: 3
0 44 148 0 Role: 3
0 119 43 140 121 0 Role: 4
0 129 18 146 0 Role: 4
0 193 30 150 200 0 Role: 4
0 157 173 0 Role: 4
0 13 0 Role: 4
0 179 117 74 170 0 Role: 5
0 103 188 0 Role: 5
0 99 0 Role: 5
0 106 143 54 0 Role: 5
0 11 161 141 0 Role: 5
0 78 0 Role: 5
0 93 4 126 0 Role: 6
0 55 0 Role: 6
0 163 162 0 Role: 6
0 31 165 0 Role: 6
0 65 0 Role: 6
0 196 199 0 Role: 6
0 56 52 0 Role: 6
0 23 0 Role: 6
0 122 0 Role: 6
0 62 0 Role: 6
0 32 53 22 0 Role: 7
0 76 17 0 Role: 7
0 183 111 0 Role: 7
0 96 169 0 Role: 8
0 98 0 Role: 9

Số khách: 111
Chi phí: 1.83041e+07
0 177 0 Role: 0
0 80 81 12 0 Role: 0
0 140 192 79 57 0 Role: 0
0 82 0 Role: 0
0 103 157 1 15 130 0 Role: 0
0 77 156 137 0 Role: 0
0 65 171 0 Role: 0
0 126 190 0 Role: 0
0 74 0 Role: 1
0 76 0 Role: 2
0 147 150 100 27 127 107 0 Role: 2
0 41 25 0 Role: 2
0 172 106 170 58 86 99 0 Role: 3
0 175 6 0 Role: 3
0 8 20 44 0 Role: 3
0 91 0 Role: 4
0 142 90 141 39 0 Role: 4
0 124 69 129 7 181 0 Role: 5
0 10 61 145 161 0 Role: 5
0 173 154 118 0 Role: 5
0 13 194 112 24 0 Role: 5
0 184 51 0 Role: 5
0 43 111 121 18 0 Role: 6
0 23 186 78 0 Role: 6
0 120 133 0 Role: 6
0 185 0 Role: 6
0 148 0 Role: 6
0 187 31 0 Role: 7
0 193 200 0 Role: 7
0 62 0 Role: 7
0 117 30 33 0 Role: 7
0 54 64 0 Role: 7
0 183 22 0 Role: 8
0 4 119 165 71 188 0 Role: 8
0 143 0 Role: 8
0 122 146 0 Role: 8
0 11 52 162 0 Role: 8
0 53 2 196 0 Role: 9
0 163 55 108 0 Role: 10
0 179 0 Role: 10
0 93 0 Role: 10
0 17 0 Role: 11
0 199 56 0 Role: 11
0 169 0 Role: 12

Số khách: 102
Chi phí: 1.01588e+07
0 25 82 10 85 46 0 Role: 0
0 102 16 0 Role: 0
0 4 76 119 107 170 39 127 0 Role: 1
0 58 0 Role: 1
0 142 0 Role: 2
0 7 157 186 181 0 Role: 2
0 44 6 27 0 Role: 2
0 118 147 0 Role: 2
0 61 175 90 0 Role: 2
0 91 112 41 177 0 Role: 2
0 78 124 0 Role: 3
0 172 0 Role: 3
0 80 51 184 24 0 Role: 3
0 120 0 Role: 4
0 173 0 Role: 4
0 185 69 0 Role: 4
0 23 193 33 64 99 129 0 Role: 5
0 96 0 Role: 6
0 140 52 54 86 0 Role: 6
0 162 154 30 121 141 0 Role: 6
0 148 145 100 0 Role: 6
0 57 1 8 0 Role: 6
0 133 0 Role: 6
0 194 13 0 Role: 6
0 179 62 200 0 Role: 7
0 117 0 Role: 7
0 122 18 0 Role: 8
0 106 165 22 188 0 Role: 9
0 56 0 Role: 9
0 150 55 71 0 Role: 9
0 65 11 0 Role: 9
0 199 143 146 0 Role: 9
0 20 161 0 Role: 9
0 108 74 111 0 Role: 10
0 32 187 196 2 0 Role: 11
0 169 0 Role: 11
0 43 163 0 Role: 11
0 31 0 Role: 11
0 183 93 0 Role: 12

Số khách: 105
Chi phí: 8.63265e+06
0 84 28 93 168 94 0 Role: 0
0 80 142 57 91 61 127 0 Role: 1
0 185 175 177 0 Role: 1
0 90 39 58 7 27 107 0 Role: 1
0 187 20 0 Role: 2
0 13 181 0 Role: 3
0 173 0 Role: 3
0 145 41 8 1 0 Role: 3
0 65 71 129 170 86 18 0 Role: 4
0 122 194 112 0 Role: 4
0 120 118 69 0 Role: 4
0 147 100 0 Role: 4
0 133 0 Role: 4
0 43 183 117 0 Role: 5
0 62 121 141 124 0 Role: 5
0 6 172 161 0 Role: 5
0 148 44 0 Role: 5
0 25 154 0 Role: 6
0 24 186 0 Role: 6
0 184 51 0 Role: 6
0 10 0 Role: 6
0 119 179 157 0 Role: 7
0 52 0 Role: 7
0 106 199 64 188 0 Role: 7
0 31 0 Role: 7
0 200 143 11 146 0 Role: 7
0 78 0 Role: 7
0 193 0 Role: 7
0 140 150 163 108 30 0 Role: 8
0 103 0 Role: 8
0 2 165 22 0 Role: 9
0 99 54 33 0 Role: 9
0 4 98 169 0 Role: 10
0 162 56 196 0 Role: 10
0 55 0 Role: 10
0 23 0 Role: 10
0 17 111 0 Role: 11
0 53 74 0 Role: 11
0 76 0 Role: 11
0 32 126 0 Role: 12

Số khách: 102
Chi phí: 1.12992e+07
0 73 1 39 44 0 Role: 0
0 54 0 Role: 0
0 120 79 186 190 0 Role: 0
0 193 140 175 170 127 107 0 Role: 1
0 90 69 86 99 27 64 58 129 0 Role: 1
0 20 0 Role: 1
0 148 7 0 Role: 1
0 194 61 80 181 177 0 Role: 1
0 91 0 Role: 1
0 10 13 24 0 Role: 1
0 133 147 100 0 Role: 1
0 118 33 141 124 0 Role: 2
0 51 112 172 0 Role: 2
0 78 41 0 Role: 2
0 62 0 Role: 3
0 185 6 157 0 Role: 3
0 200 161 146 30 121 0 Role: 3
0 93 2 126 0 Role: 4
0 163 196 18 0 Role: 4
0 142 8 0 Role: 4
0 25 0 Role: 4
0 154 173 0 Role: 4
0 184 57 0 Role: 4
0 145 0 Role: 4
0 17 188 0 Role: 5
0 143 74 165 0 Role: 6
0 122 106 0 Role: 7
0 150 0 Role: 7
0 52 31 0 Role: 7
0 187 0 Role: 7
0 11 0 Role: 7
0 117 0 Role: 7
0 162 71 119 0 Role: 8
0 43 0 Role: 9
0 32 23 0 Role: 9
0 65 0 Role: 9
0 179 111 0 Role: 10
0 169 56 0 Role: 10
0 108 55 0 Role: 10
0 199 0 Role: 10
0 22 98 103 0 Role: 11
0 4 0 Role: 11
0 96 0 Role: 12

Số khách: 119
Chi phí: 1.93674e+07
0 12 14 173 0 Role: 0
0 104 91 0 Role: 0
0 39 132 0 Role: 0
0 77 43 0 Role: 0
0 47 188 141 36 13 0 Role: 0
0 166 60 89 138 68 182 0 Role: 0
0 96 20 0 Role: 0
0 102 35 10 144 94 194 0 Role: 0
0 69 150 0 Role: 1
0 30 143 146 127 0 Role: 1
0 61 0 Role: 1
0 199 33 172 1 27 0 Role: 2
0 193 64 86 0 Role: 2
0 177 118 0 Role: 2
0 24 120 100 0 Role: 2
0 129 124 157 170 181 0 Role: 3
0 51 78 107 0 Role: 3
0 112 142 8 80 58 0 Role: 3
0 25 175 90 0 Role: 3
0 41 148 57 0 Role: 3
0 44 145 7 0 Role: 3
0 147 185 133 0 Role: 3
0 184 0 Role: 3
0 71 55 121 18 0 Role: 4
0 56 0 Role: 4
0 187 161 11 186 0 Role: 4
0 6 154 0 Role: 4
0 183 0 Role: 5
0 76 200 0 Role: 5
0 122 0 Role: 6
0 52 99 106 0 Role: 6
0 31 54 0 Role: 6
0 65 22 0 Role: 7
0 179 119 0 Role: 7
0 62 117 162 0 Role: 7
0 111 17 108 0 Role: 8
0 53 74 4 165 2 0 Role: 8
0 93 196 0 Role: 8
0 103 23 0 Role: 8
0 126 169 140 0 Role: 9
0 163 0 Role: 10
0 98 0 Role: 11
0 32 0 Role: 12

Số khách: 106
Chi phí: 1.06658e+07
0 140 21 0 Role: 0
0 191 100 118 110 152 24 37 0 Role: 0
0 112 177 1 27 39 107 127 0 Role: 1
0 194 0 Role: 1
0 147 57 120 0 Role: 1
0 91 8 61 0 Role: 1
0 80 0 Role: 1
0 133 25 175 0 Role: 1
0 44 58 0 Role: 1
0 7 0 Role: 1
0 13 184 0 Role: 1
0 148 142 41 0 Role: 1
0 69 0 Role: 1
0 18 157 0 Role: 2
0 146 0 Role: 2
0 31 0 Role: 2
0 33 71 170 141 90 86 0 Role: 2
0 78 20 145 161 0 Role: 2
0 193 154 0 Role: 2
0 51 172 181 0 Role: 2
0 185 0 Role: 2
0 6 10 0 Role: 2
0 173 0 Role: 3
0 186 0 Role: 3
0 62 117 52 129 0 Role: 4
0 124 30 0 Role: 4
0 76 188 119 64 99 0 Role: 5
0 187 0 Role: 5
0 122 106 0 Role: 5
0 169 0 Role: 6
0 179 162 0 Role: 6
0 11 0 Role: 6
0 196 165 200 121 0 Role: 7
0 53 56 0 Role: 8
0 65 0 Role: 8
0 150 0 Role: 8
0 103 98 0 Role: 9
0 2 143 0 Role: 9
0 163 108 55 0 Role: 10
0 54 4 0 Role: 10
0 93 0 Role: 10
0 199 23 0 Role: 10
0 43 0 Role: 10
0 74 96 0 Role: 11
0 17 111 0 Role: 11
0 22 32 0 Role: 12
0 183 0 Role: 12

Số khách: 89
Chi phí: 1.35936e+07
0 107 157 115 0 Role: 0
0 2 68 25 0 Role: 0
0 42 104 100 99 0 Role: 0
0 173 186 0 Role: 0
0 117 194 0 Role: 0
0 78 51 10 170 127 0 Role: 1
0 147 7 124 27 0 Role: 2
0 1 86 0 Role: 2
0 129 141 61 172 39 0 Role: 2
0 8 44 0 Role: 2
0 71 150 188 0 Role: 3
0 121 145 0 Role: 4
0 181 120 142 20 177 0 Role: 4
0 112 41 69 175 0 Role: 4
0 96 0 Role: 5
0 118 0 Role: 5
0 91 6 24 58 0 Role: 6
0 57 184 0 Role: 6
0 140 0 Role: 7
0 23 64 80 0 Role: 7
0 13 0 Role: 7
0 185 0 Role: 7
0 90 133 0 Role: 7
0 146 154 30 0 Role: 8
0 161 33 193 0 Role: 8
0 62 0 Role: 8
0 31 0 Role: 8
0 148 0 Role: 8
0 76 0 Role: 9
0 43 0 Role: 9
0 200 106 0 Role: 10
0 54 0 Role: 10
0 122 0 Role: 10
0 52 162 187 56 0 Role: 11
0 18 65 199 0 Role: 11
0 108 0 Role: 11
0 11 0 Role: 11
0 143 0 Role: 11
0 74 126 0 Role: 12

Số khách: 102
Chi phí: 8.48398e+06
0 78 6 0 Role: 0
0 61 150 30 0 Role: 1
0 4 194 0 Role: 2
0 185 107 27 127 0 Role: 2
0 142 0 Role: 2
0 69 0 Role: 2
0 111 141 146 91 39 0 Role: 3
0 177 0 Role: 3
0 93 86 170 0 Role: 4
0 43 124 0 Role: 4
0 173 25 118 0 Role: 4
0 100 0 Role: 4
0 186 58 80 0 Role: 4
0 120 147 175 41 0 Role: 4
0 22 32 0 Role: 5
0 56 157 90 0 Role: 6
0 23 18 0 Role: 6
0 129 0 Role: 6
0 162 0 Role: 6
0 184 0 Role: 6
0 161 57 20 112 10 172 7 181 0 Role: 6
0 24 8 1 0 Role: 6
0 133 154 0 Role: 6
0 44 148 145 0 Role: 6
0 51 13 0 Role: 6
0 143 199 106 99 0 Role: 7
0 122 33 0 Role: 7
0 193 11 31 187 64 0 Role: 7
0 62 0 Role: 7
0 121 0 Role: 7
0 117 0 Role: 7
0 196 179 0 Role: 8
0 65 169 54 0 Role: 8
0 140 71 119 188 0 Role: 8
0 52 200 0 Role: 8
0 55 108 163 0 Role: 9
0 165 0 Role: 10
0 17 0 Role: 10
0 98 0 Role: 10
0 74 2 0 Role: 10
0 103 0 Role: 10
0 96 0 Role: 11
0 53 0 Role: 11
0 183 76 0 Role: 11
0 126 0 Role: 12

Số khách: 101
Chi phí: 1.51306e+07
0 42 69 64 134 101 185 194 57 190 151 0 Role: 0
0 135 184 0 Role: 0
0 79 0 Role: 0
0 93 199 0 Role: 0
0 28 156 0 Role: 0
0 112 1 41 39 58 177 27 107 127 0 Role: 1
0 133 100 91 0 Role: 1
0 55 0 Role: 2
0 108 0 Role: 3
0 6 173 175 0 Role: 3
0 18 0 Role: 4
0 122 54 80 7 0 Role: 4
0 118 142 145 0 Role: 4
0 61 8 147 0 Role: 4
0 13 0 Role: 5
0 157 162 0 Role: 6
0 188 0 Role: 6
0 51 0 Role: 6
0 150 120 172 0 Role: 6
0 86 0 Role: 6
0 24 90 0 Role: 6
0 10 0 Role: 6
0 181 154 0 Role: 6
0 148 20 0 Role: 6
0 44 0 Role: 6
0 169 0 Role: 7
0 4 0 Role: 7
0 186 124 0 Role: 8
0 25 0 Role: 8
0 183 0 Role: 9
0 196 33 99 170 129 0 Role: 9
0 106 121 0 Role: 9
0 143 141 0 Role: 9
0 146 0 Role: 9
0 31 0 Role: 9
0 161 117 62 30 0 Role: 9
0 78 193 0 Role: 9
0 71 165 0 Role: 10
0 119 11 200 0 Role: 10
0 187 0 Role: 10
0 96 56 52 0 Role: 11
0 43 0 Role: 11
0 65 0 Role: 11
0 23 0 Role: 11
0 163 0 Role: 12
0 103 0 Role: 12
0 140 0 Role: 12
0 179 0 Role: 12

Số khách: 112
Chi phí: 1.33339e+07
0 105 89 134 10 158 0 Role: 0
0 42 0 Role: 0
0 93 55 100 119 71 150 36 97 185 15 0 Role: 0
0 81 31 64 168 0 Role: 0
0 106 0 Role: 1
0 133 0 Role: 1
0 121 99 91 27 0 Role: 1
0 8 69 118 58 107 127 0 Role: 1
0 173 147 6 0 Role: 1
0 188 24 80 7 177 39 0 Role: 2
0 51 181 0 Role: 2
0 175 25 41 0 Role: 2
0 44 61 0 Role: 2
0 142 120 145 57 0 Role: 2
0 194 13 184 0 Role: 2
0 148 0 Role: 2
0 33 186 124 0 Role: 3
0 20 0 Role: 3
0 143 170 129 86 0 Role: 4
0 117 187 165 157 0 Role: 4
0 169 52 90 18 0 Role: 4
0 154 62 141 0 Role: 4
0 193 112 0 Role: 4
0 172 161 1 0 Role: 4
0 78 0 Role: 4
0 2 56 196 30 0 Role: 5
0 54 200 0 Role: 5
0 11 146 0 Role: 5
0 122 0 Role: 5
0 183 0 Role: 6
0 4 76 0 Role: 6
0 32 111 74 0 Role: 6
0 98 199 0 Role: 6
0 162 43 0 Role: 6
0 23 65 0 Role: 6
0 53 22 0 Role: 7
0 17 140 0 Role: 8
0 163 108 0 Role: 8
0 103 0 Role: 8
0 179 0 Role: 8
0 96 126 0 Role: 9

Số khách: 117
Chi phí: 1.84231e+07
0 124 41 154 120 97 47 0 Role: 0
0 193 198 21 39 194 90 0 Role: 0
0 69 148 0 Role: 0
0 13 0 Role: 0
0 99 45 92 24 37 91 177 0 Role: 0
0 87 138 15 0 Role: 0
0 164 149 8 137 109 0 Role: 0
0 43 192 0 Role: 0
0 23 51 172 181 86 0 Role: 1
0 145 0 Role: 1
0 127 161 142 0 Role: 1
0 200 0 Role: 2
0 117 147 146 0 Role: 2
0 107 27 0 Role: 2
0 10 6 157 0 Role: 2
0 186 184 61 7 1 0 Role: 2
0 20 112 0 Role: 2
0 118 0 Role: 2
0 25 0 Role: 2
0 133 58 0 Role: 2
0 44 100 0 Role: 2
0 175 0 Role: 2
0 57 80 0 Role: 2
0 185 0 Role: 2
0 33 11 52 141 170 0 Role: 3
0 65 22 18 0 Role: 4
0 199 122 78 129 0 Role: 4
0 173 0 Role: 4
0 196 121 71 119 0 Role: 5
0 162 0 Role: 5
0 143 188 0 Role: 5
0 31 56 64 0 Role: 5
0 30 108 0 Role: 5
0 106 187 54 0 Role: 5
0 150 62 0 Role: 5
0 140 4 165 169 0 Role: 6
0 179 0 Role: 6
0 163 55 0 Role: 6
0 98 74 2 0 Role: 7
0 93 0 Role: 7
0 111 76 183 0 Role: 8
0 53 0 Role: 8
0 103 0 Role: 8
0 17 0 Role: 8
0 32 126 0 Role: 9
0 96 0 Role: 10

Số khách: 100
Chi phí: 8.56762e+06
0 47 0 Role: 0
0 177 20 186 24 127 107 0 Role: 1
0 184 7 0 Role: 1
0 112 0 Role: 1
0 39 8 145 148 27 0 Role: 1
0 118 100 0 Role: 1
0 120 41 147 0 Role: 1
0 25 69 175 0 Role: 1
0 44 0 Role: 1
0 173 133 90 0 Role: 2
0 142 157 0 Role: 3
0 61 181 58 141 0 Role: 3
0 193 91 194 80 0 Role: 3
0 57 0 Role: 3
0 51 10 0 Role: 3
0 55 0 Role: 4
0 71 6 172 0 Role: 4
0 170 140 0 Role: 5
0 78 124 0 Role: 5
0 1 0 Role: 5
0 161 86 0 Role: 5
0 185 154 0 Role: 5
0 13 0 Role: 5
0 179 74 0 Role: 6
0 188 143 64 18 0 Role: 7
0 99 150 30 129 0 Role: 7
0 121 117 146 33 0 Role: 7
0 62 0 Role: 7
0 54 0 Role: 7
0 53 187 0 Role: 8
0 163 200 0 Role: 8
0 108 0 Role: 9
0 93 111 119 0 Role: 9
0 199 65 0 Role: 9
0 106 52 56 0 Role: 9
0 43 162 0 Role: 9
0 31 11 0 Role: 9
0 32 126 98 0 Role: 10
0 165 4 103 23 0 Role: 10
0 122 0 Role: 10
0 22 76 0 Role: 11
0 2 0 Role: 12
0 196 169 0 Role: 12

Số khách: 109
Chi phí: 1.12181e+07
0 24 141 81 171 197 63 184 80 44 104 46 69 147 58 0 Role: 0
0 75 200 107 30 0 Role: 0
0 91 133 0 Role: 1
0 39 13 0 Role: 2
0 145 10 181 127 0 Role: 2
0 57 41 194 7 0 Role: 2
0 142 100 8 0 Role: 2
0 118 185 0 Role: 2
0 161 199 18 0 Role: 3
0 1 170 175 121 0 Role: 3
0 64 129 90 124 177 27 0 Role: 3
0 108 173 0 Role: 4
0 6 61 20 120 0 Role: 4
0 51 112 0 Role: 4
0 25 0 Role: 4
0 148 0 Role: 4
0 186 0 Role: 5
0 157 193 0 Role: 5
0 172 78 0 Role: 5
0 154 0 Role: 5
0 179 117 0 Role: 6
0 119 106 146 187 86 0 Role: 6
0 43 62 150 0 Role: 6
0 162 0 Role: 6
0 52 33 0 Role: 6
0 11 31 0 Role: 6
0 54 0 Role: 6
0 143 99 0 Role: 6
0 122 0 Role: 6
0 32 4 140 188 0 Role: 7
0 165 71 196 0 Role: 7
0 56 0 Role: 7
0 23 0 Role: 7
0 65 0 Role: 7
0 74 53 2 22 0 Role: 8
0 103 111 0 Role: 8
0 76 163 55 0 Role: 9
0 169 0 Role: 9
0 98 0 Role: 10
0 17 0 Role: 10
0 93 0 Role: 10
0 183 0 Role: 11
0 96 0 Role: 12
0 126 0 Role: 12

Số khách: 96
Chi phí: 8.78534e+06
0 63 120 0 Role: 0
0 1 33 0 Role: 1
0 99 142 80 41 39 107 0 Role: 1
0 133 185 58 127 0 Role: 1
0 175 147 0 Role: 1
0 57 0 Role: 1
0 161 100 169 0 Role: 2
0 106 0 Role: 2
0 119 173 118 27 0 Role: 2
0 44 0 Role: 2
0 61 0 Role: 2
0 177 112 0 Role: 2
0 194 91 7 0 Role: 2
0 90 69 0 Role: 2
0 24 13 0 Role: 2
0 25 0 Role: 2
0 184 8 0 Role: 2
0 65 0 Role: 3
0 71 162 124 170 86 0 Role: 3
0 31 6 157 0 Role: 3
0 20 10 181 0 Role: 3
0 148 0 Role: 3
0 51 0 Role: 3
0 145 186 0 Role: 3
0 154 0 Role: 3
0 32 199 129 18 188 0 Role: 4
0 56 0 Role: 5
0 98 52 30 0 Role: 6
0 187 200 150 0 Role: 6
0 172 0 Role: 7
0 43 163 141 0 Role: 8
0 146 193 64 121 0 Role: 8
0 62 0 Role: 8
0 74 76 0 Role: 9
0 23 122 0 Role: 10
0 117 0 Role: 10
0 54 0 Role: 10
0 17 0 Role: 11
0 143 196 0 Role: 11
0 140 0 Role: 11
0 108 55 0 Role: 11
0 4 179 0 Role: 11
0 78 0 Role: 11
0 22 11 0 Role: 12
0 165 0 Role: 12
0 93 0 Role: 12

Số khách: 106
Chi phí: 1.84321e+07
0 118 110 39 70 100 0 Role: 0
0 146 0 Role: 0
0 83 145 158 0 Role: 0
0 174 0 Role: 0
0 65 0 Role: 0
0 161 34 8 0 Role: 0
0 7 44 189 1 173 197 0 Role: 0
0 163 137 181 172 159 94 109 0 Role: 0
0 43 170 27 86 0 Role: 1
0 185 25 90 127 0 Role: 2
0 133 80 177 107 0 Role: 2
0 58 0 Role: 2
0 112 10 13 194 0 Role: 2
0 184 157 41 0 Role: 3
0 193 0 Role: 3
0 154 175 30 69 141 124 0 Role: 3
0 11 0 Role: 4
0 199 71 33 64 99 129 0 Role: 5
0 142 120 91 6 147 0 Role: 5
0 61 0 Role: 5
0 187 150 196 121 188 0 Role: 6
0 51 78 24 0 Role: 6
0 200 106 54 0 Role: 7
0 31 57 0 Role: 7
0 148 20 0 Role: 7
0 143 74 18 0 Role: 8
0 162 0 Role: 8
0 186 0 Role: 8
0 98 0 Role: 9
0 52 23 0 Role: 9
0 122 0 Role: 9
0 62 117 0 Role: 9
0 179 0 Role: 10
0 76 0 Role: 10
0 119 140 108 55 0 Role: 10
0 169 56 165 0 Role: 10
0 126 0 Role: 11
0 2 93 111 0 Role: 12

Số khách: 117
Chi phí: 1.65297e+07
0 150 23 156 33 197 11 143 0 Role: 0
0 21 57 141 173 189 0 Role: 0
0 79 134 7 104 36 132 97 45 0 Role: 0
0 2 24 69 0 Role: 0
0 101 117 88 6 190 181 13 0 Role: 0
0 149 0 Role: 0
0 17 111 0 Role: 1
0 62 157 27 107 127 170 0 Role: 1
0 142 100 0 Role: 1
0 145 58 0 Role: 1
0 175 1 41 80 39 0 Role: 1
0 187 56 99 64 177 0 Role: 2
0 90 0 Role: 2
0 91 133 0 Role: 2
0 122 112 8 86 0 Role: 3
0 186 194 120 0 Role: 3
0 44 61 0 Role: 3
0 140 18 200 30 0 Role: 4
0 25 0 Role: 4
0 154 118 0 Role: 4
0 148 20 0 Role: 4
0 51 10 0 Role: 4
0 147 0 Role: 4
0 185 0 Role: 4
0 124 161 193 0 Role: 5
0 172 129 0 Role: 5
0 184 78 0 Role: 5
0 183 162 52 119 188 0 Role: 6
0 31 71 0 Role: 7
0 54 121 196 0 Role: 7
0 106 65 199 146 0 Role: 7
0 43 108 0 Role: 7
0 74 0 Role: 8
0 169 165 4 0 Role: 8
0 55 163 0 Role: 8
0 98 22 0 Role: 9
0 179 93 0 Role: 9
0 103 0 Role: 9
0 126 53 32 0 Role: 10
0 76 0 Role: 10
0 96 0 Role: 11

Số khách: 111
Chi phí: 1.36546e+07
0 18 110 0 Role: 0
0 9 13 37 0 Role: 0
0 178 89 159 144 175 0 Role: 0
0 131 28 167 129 0 Role: 0
0 57 181 27 39 58 177 107 127 0 Role: 1
0 51 186 80 0 Role: 1
0 184 24 7 41 0 Role: 1
0 44 120 0 Role: 1
0 118 133 0 Role: 1
0 161 0 Role: 2
0 200 157 0 Role: 2
0 148 6 91 0 Role: 2
0 10 61 1 0 Role: 2
0 112 100 8 0 Role: 2
0 185 25 147 0 Role: 2
0 74 145 124 141 0 Role: 3
0 90 69 0 Role: 3
0 154 193 0 Role: 3
0 142 20 0 Role: 3
0 194 0 Role: 3
0 32 52 54 0 Role: 4
0 121 196 172 0 Role: 4
0 173 0 Role: 4
0 56 0 Role: 5
0 11 64 188 0 Role: 5
0 146 0 Role: 5
0 43 76 119 86 0 Role: 6
0 117 0 Role: 7
0 71 143 31 99 170 0 Role: 7
0 150 62 30 0 Role: 7
0 106 78 0 Role: 7
0 169 0 Role: 8
0 108 140 0 Role: 8
0 65 165 33 0 Role: 8
0 23 187 0 Role: 9
0 162 0 Role: 9
0 122 0 Role: 9
0 179 2 0 Role: 10
0 17 163 55 0 Role: 10
0 93 4 0 Role: 10
0 103 199 0 Role: 10
0 22 183 0 Role: 11
0 111 53 0 Role: 11
0 98 0 Role: 11
0 126 0 Role: 12

Số khách: 115
Chi phí: 1.68906e+07
0 82 19 0 Role: 0
0 193 134 154 112 6 69 41 46 171 139 164 168 0 Role: 0
0 106 97 143 133 0 Role: 0
0 10 89 25 147 0 Role: 0
0 72 14 117 12 0 Role: 0
0 103 87 55 121 0 Role: 0
0 96 122 0 Role: 1
0 177 91 57 27 181 127 0 Role: 1
0 7 1 194 58 107 39 0 Role: 1
0 185 90 0 Role: 1
0 80 148 100 0 Role: 1
0 118 120 175 0 Role: 1
0 108 74 111 0 Role: 2
0 173 0 Role: 2
0 51 8 0 Role: 2
0 142 124 141 0 Role: 3
0 24 20 161 172 0 Role: 4
0 145 186 78 0 Role: 4
0 44 61 0 Role: 4
0 184 13 0 Role: 4
0 200 0 Role: 5
0 150 146 71 64 86 0 Role: 6
0 33 188 157 0 Role: 6
0 62 170 0 Role: 6
0 31 11 18 0 Role: 6
0 187 54 99 129 0 Role: 6
0 30 0 Role: 6
0 52 0 Role: 7
0 162 4 140 119 0 Role: 8
0 179 0 Role: 9
0 65 0 Role: 9
0 93 0 Role: 9
0 169 196 0 Role: 9
0 199 23 0 Role: 9
0 22 0 Role: 10
0 183 165 0 Role: 10
0 98 2 0 Role: 10
0 43 0 Role: 10
0 126 0 Role: 11
0 53 32 0 Role: 11
0 56 0 Role: 11
0 76 0 Role: 12
0 163 0 Role: 12

Số khách: 103
Chi phí: 8.44499e+06
0 105 30 0 Role: 0
0 61 186 0 Role: 1
0 78 51 58 27 107 127 0 Role: 1
0 172 175 177 80 39 0 Role: 1
0 57 44 120 0 Role: 1
0 69 0 Role: 1
0 154 121 86 99 129 170 0 Role: 2
0 10 181 0 Role: 2
0 90 91 157 141 0 Role: 2
0 6 24 112 7 1 0 Role: 2
0 185 0 Role: 2
0 173 0 Role: 2
0 118 145 0 Role: 2
0 147 133 0 Role: 2
0 194 41 0 Role: 2
0 13 8 0 Role: 2
0 25 100 0 Role: 2
0 142 148 0 Role: 2
0 184 0 Role: 2
0 53 0 Role: 3
0 187 0 Role: 4
0 140 0 Role: 4
0 162 179 93 0 Role: 5
0 4 56 71 18 0 Role: 5
0 146 143 161 64 188 0 Role: 5
0 117 0 Role: 5
0 200 54 33 0 Role: 5
0 62 0 Role: 5
0 122 0 Role: 5
0 31 193 0 Role: 5
0 20 0 Role: 5
0 108 163 43 196 119 0 Role: 6
0 23 52 0 Role: 6
0 65 11 0 Role: 6
0 199 106 0 Role: 7
0 124 0 Role: 7
0 74 96 0 Role: 8
0 103 0 Role: 8
0 2 165 98 22 0 Role: 8
0 55 150 0 Role: 8
0 169 0 Role: 8
0 111 32 0 Role: 9
0 76 17 0 Role: 10
0 183 0 Role: 10
0 126 0 Role: 11

Số khách: 114
Chi phí: 1.85381e+07
0 7 0 Role: 0
0 192 102 0 Role: 0
0 37 115 95 0 Role: 0
0 33 0 Role: 0
0 176 109 194 130 0 Role: 0
0 14 40 0 Role: 0
0 119 13 78 0 Role: 0
0 84 185 101 0 Role: 0
0 44 193 127 107 0 Role: 1
0 23 0 Role: 1
0 54 0 Role: 1
0 58 39 10 0 Role: 1
0 154 0 Role: 1
0 51 0 Role: 1
0 175 0 Role: 1
0 184 61 8 41 27 0 Role: 1
0 69 133 118 0 Role: 1
0 148 91 0 Role: 1
0 52 20 57 0 Role: 2
0 100 25 0 Role: 2
0 24 112 1 80 181 177 0 Role: 2
0 145 0 Role: 2
0 121 200 64 99 86 124 141 0 Role: 3
0 129 62 6 170 0 Role: 4
0 11 0 Role: 4
0 142 186 172 0 Role: 4
0 65 0 Role: 5
0 165 0 Role: 5
0 162 43 30 188 0 Role: 5
0 18 173 90 0 Role: 6
0 147 120 0 Role: 6
0 31 157 0 Role: 7
0 55 71 0 Role: 7
0 161 150 196 0 Role: 7
0 108 0 Role: 7
0 106 146 199 0 Role: 7
0 117 187 0 Role: 7
0 143 0 Role: 7
0 93 140 0 Role: 8
0 103 4 0 Role: 8
0 122 0 Role: 8
0 53 74 22 0 Role: 9
0 2 183 111 0 Role: 9
0 98 56 0 Role: 9
0 179 0 Role: 9
0 17 76 0 Role: 10
0 163 0 Role: 10
0 169 0 Role: 10
0 96 126 32 0 Role: 11

Số khách: 107
Chi phí: 1.35946e+07
0 77 0 Role: 0
0 1 190 0 Role: 0
0 59 0 Role: 0
0 5 118 68 57 0 Role: 0
0 80 0 Role: 0
0 76 119 6 52 0 Role: 1
0 27 78 141 124 0 Role: 1
0 91 100 39 181 177 107 127 0 Role: 1
0 44 148 8 0 Role: 1
0 175 147 7 41 0 Role: 1
0 185 90 69 0 Role: 1
0 121 162 150 200 129 58 0 Role: 2
0 133 117 170 0 Role: 2
0 145 194 10 0 Role: 2
0 120 0 Role: 2
0 184 0 Role: 2
0 142 24 0 Role: 2
0 61 13 0 Role: 2
0 25 0 Role: 2
0 53 169 86 18 0 Role: 3
0 108 64 0 Role: 3
0 23 193 71 0 Role: 3
0 31 20 157 0 Role: 3
0 154 0 Role: 3
0 186 0 Role: 3
0 112 51 0 Role: 3
0 43 183 111 188 0 Role: 4
0 55 140 30 0 Role: 4
0 172 0 Role: 4
0 106 0 Role: 5
0 2 196 4 146 161 33 99 0 Role: 6
0 74 187 54 165 0 Role: 7
0 199 65 122 0 Role: 7
0 143 11 0 Role: 7
0 96 0 Role: 8
0 173 0 Role: 8
0 22 56 0 Role: 9
0 179 62 0 Role: 9
0 103 32 98 0 Role: 10
0 17 0 Role: 10
0 163 0 Role: 10
0 93 0 Role: 10
0 126 0 Role: 11

Số khách: 113
Chi phí: 1.54613e+07
0 132 36 133 102 35 0 Role: 0
0 152 0 Role: 0
0 159 31 69 3 148 0 Role: 0
0 150 120 0 Role: 0
0 100 138 112 24 185 115 68 57 0 Role: 0
0 128 147 0 Role: 0
0 27 0 Role: 1
0 41 80 145 6 0 Role: 1
0 118 0 Role: 1
0 51 0 Role: 1
0 11 162 39 107 127 0 Role: 2
0 154 58 177 0 Role: 2
0 90 61 8 181 0 Role: 2
0 44 91 0 Role: 2
0 13 0 Role: 2
0 187 103 10 129 170 0 Role: 3
0 1 161 141 124 0 Role: 3
0 172 20 0 Role: 3
0 25 175 0 Role: 3
0 186 142 0 Role: 3
0 194 184 7 0 Role: 3
0 117 64 86 0 Role: 4
0 18 30 54 106 99 0 Role: 4
0 62 121 0 Role: 4
0 173 0 Role: 4
0 74 0 Role: 5
0 76 43 111 188 0 Role: 5
0 165 0 Role: 5
0 22 119 33 0 Role: 5
0 163 4 157 0 Role: 5
0 199 78 0 Role: 5
0 193 0 Role: 5
0 143 200 0 Role: 6
0 122 0 Role: 6
0 146 0 Role: 6
0 126 52 56 71 0 Role: 7
0 196 108 0 Role: 7
0 65 23 0 Role: 7
0 183 140 0 Role: 8
0 179 93 0 Role: 8
0 55 0 Role: 8
0 169 0 Role: 8
0 96 32 2 0 Role: 9
0 98 0 Role: 9
0 17 0 Role: 9
0 53 0 Role: 10

Số khách: 105
Chi phí: 1.00637e+07
0 61 97 73 186 141 85 0 Role: 0
0 98 170 0 Role: 0
0 169 51 0 Role: 1
0 129 100 58 64 80 127 107 0 Role: 1
0 27 185 0 Role: 1
0 148 44 142 39 0 Role: 1
0 90 147 7 0 Role: 1
0 175 57 91 0 Role: 1
0 184 8 0 Role: 1
0 96 194 41 0 Role: 2
0 10 24 13 177 0 Role: 2
0 118 145 0 Role: 2
0 133 25 69 0 Role: 2
0 120 0 Role: 2
0 172 146 181 71 0 Role: 3
0 117 119 140 86 0 Role: 4
0 65 18 0 Role: 4
0 143 200 30 0 Role: 4
0 157 124 1 0 Role: 4
0 20 0 Role: 4
0 154 0 Role: 4
0 6 0 Role: 4
0 112 0 Role: 4
0 43 74 196 111 0 Role: 5
0 108 188 0 Role: 5
0 122 78 0 Role: 6
0 173 0 Role: 6
0 99 62 0 Role: 7
0 33 161 121 0 Role: 7
0 187 103 0 Role: 8
0 4 23 54 106 0 Role: 8
0 31 11 193 0 Role: 8
0 162 150 52 0 Role: 8
0 76 55 165 0 Role: 9
0 179 93 0 Role: 9
0 199 56 0 Role: 9
0 2 53 32 22 0 Role: 10
0 163 0 Role: 10
0 183 0 Role: 11
0 17 0 Role: 11
0 126 0 Role: 12

Số khách: 95
Chi phí: 1.10164e+07
0 39 0 Role: 0
0 193 189 88 0 Role: 0
0 138 0 Role: 0
0 57 118 0 Role: 1
0 13 20 172 0 Role: 1
0 142 141 107 27 127 0 Role: 1
0 10 0 Role: 1
0 69 80 58 181 7 177 0 Role: 1
0 61 0 Role: 1
0 133 0 Role: 1
0 184 8 0 Role: 1
0 163 52 86 0 Role: 2
0 121 106 64 0 Role: 2
0 98 11 0 Role: 3
0 120 129 170 124 0 Role: 3
0 17 185 154 175 0 Role: 4
0 99 0 Role: 5
0 143 91 1 0 Role: 5
0 140 6 0 Role: 6
0 173 90 0 Role: 6
0 147 0 Role: 6
0 148 100 41 0 Role: 6
0 145 0 Role: 6
0 24 194 0 Role: 6
0 44 0 Role: 6
0 25 0 Role: 6
0 4 76 0 Role: 7
0 112 161 157 0 Role: 7
0 51 186 0 Role: 7
0 78 0 Role: 7
0 23 71 18 0 Role: 8
0 179 111 0 Role: 9
0 199 0 Role: 10
0 117 62 200 30 0 Role: 10
0 122 146 33 0 Role: 10
0 31 54 0 Role: 10
0 150 119 188 0 Role: 11
0 43 108 0 Role: 11
0 169 187 0 Role: 12
0 65 0 Role: 12
0 165 196 56 0 Role: 12
0 55 0 Role: 12
0 162 0 Role: 12

Số khách: 110
Chi phí: 1.82973e+07
0 55 57 0 Role: 0
0 56 0 Role: 0
0 95 0 Role: 0
0 24 46 197 173 190 112 0 Role: 0
0 37 58 164 194 0 Role: 0
0 157 0 Role: 0
0 68 25 182 0 Role: 0
0 76 73 0 Role: 0
0 98 65 8 99 129 0 Role: 1
0 147 124 39 0 Role: 2
0 186 177 0 Role: 2
0 20 44 41 27 0 Role: 3
0 161 127 107 7 0 Role: 3
0 51 0 Role: 3
0 91 0 Role: 3
0 148 100 120 6 0 Role: 3
0 145 80 181 0 Role: 3
0 185 0 Role: 3
0 133 0 Role: 3
0 13 10 0 Role: 3
0 170 106 30 0 Role: 4
0 17 140 0 Role: 5
0 196 143 169 71 64 86 0 Role: 5
0 193 31 0 Role: 5
0 108 111 121 188 18 0 Role: 6
0 54 11 0 Role: 6
0 162 150 119 141 0 Role: 7
0 33 118 90 175 0 Role: 7
0 146 1 61 172 0 Role: 7
0 154 117 62 0 Role: 7
0 142 0 Role: 7
0 69 0 Role: 7
0 78 184 0 Role: 7
0 52 200 0 Role: 8
0 122 0 Role: 8
0 53 2 4 0 Role: 9
0 22 103 32 0 Role: 9
0 183 93 0 Role: 9
0 163 74 0 Role: 9
0 187 199 23 0 Role: 9
0 179 0 Role: 10
0 96 0 Role: 11
0 43 0 Role: 12
0 165 0 Role: 12

Số khách: 109
Chi phí: 1.14506e+07
0 182 79 170 65 129 0 Role: 0
0 132 35 57 69 20 131 0 Role: 0
0 94 138 0 Role: 0
0 175 27 64 7 99 177 127 0 Role: 1
0 120 0 Role: 1
0 90 142 91 6 41 39 0 Role: 1
0 185 25 154 107 0 Role: 1
0 194 58 80 0 Role: 1
0 44 145 8 0 Role: 1
0 184 0 Role: 1
0 93 200 30 124 0 Role: 2
0 10 141 86 0 Role: 2
0 61 0 Role: 2
0 1 0 Role: 2
0 148 147 0 Role: 2
0 98 0 Role: 3
0 78 161 181 0 Role: 3
0 133 0 Role: 3
0 173 118 0 Role: 3
0 13 112 0 Role: 3
0 186 100 0 Role: 3
0 162 106 0 Role: 4
0 172 187 0 Role: 4
0 52 143 0 Role: 4
0 150 18 0 Role: 4
0 121 117 146 33 0 Role: 4
0 11 0 Role: 4
0 183 74 157 0 Role: 5
0 122 51 54 0 Role: 5
0 24 193 0 Role: 5
0 140 4 56 119 0 Role: 6
0 188 108 55 196 0 Role: 6
0 23 71 0 Role: 6
0 62 43 0 Role: 6
0 2 32 126 0 Role: 7
0 169 199 0 Role: 7
0 111 76 163 0 Role: 8
0 17 0 Role: 9
0 22 103 165 0 Role: 9
0 31 0 Role: 9
0 179 0 Role: 9
0 96 0 Role: 10
0 53 0 Role: 10

Số khách: 117
Chi phí: 1.9383e+07
0 94 6 30 134 0 Role: 0
0 63 109 131 112 0 Role: 0
0 103 148 128 0 Role: 0
0 5 0 Role: 0
0 182 143 36 73 152 0 Role: 0
0 196 168 34 151 0 Role: 0
0 44 82 51 39 0 Role: 0
0 110 0 Role: 0
0 22 145 161 0 Role: 1
0 127 0 Role: 1
0 64 90 99 86 58 170 27 107 0 Role: 2
0 175 80 181 8 0 Role: 2
0 142 0 Role: 2
0 69 100 57 91 177 0 Role: 2
0 7 184 10 24 41 0 Role: 2
0 133 0 Role: 2
0 61 0 Role: 2
0 13 194 0 Role: 2
0 122 18 0 Role: 3
0 62 193 0 Role: 3
0 186 20 141 0 Role: 3
0 118 25 147 0 Role: 3
0 185 173 154 0 Role: 3
0 120 0 Role: 3
0 165 74 0 Role: 4
0 106 98 23 124 0 Role: 4
0 33 129 0 Role: 5
0 188 0 Role: 5
0 4 31 172 71 0 Role: 5
0 187 117 157 0 Role: 5
0 78 1 0 Role: 6
0 150 146 0 Role: 7
0 199 54 52 0 Role: 7
0 43 200 121 0 Role: 7
0 11 0 Role: 7
0 163 0 Role: 8
0 169 65 0 Role: 8
0 179 162 119 0 Role: 8
0 55 0 Role: 8
0 108 0 Role: 8
0 56 0 Role: 8
0 140 93 0 Role: 9
0 32 111 2 0 Role: 10
0 17 76 0 Role: 10
0 53 0 Role: 10
0 183 0 Role: 11
0 126 0 Role: 12

Số khách: 104
Chi phí: 1.03672e+07
0 93 73 58 161 192 104 173 57 100 95 0 Role: 0
0 99 54 0 Role: 0
0 107 186 41 0 Role: 1
0 20 8 90 127 0 Role: 1
0 172 78 0 Role: 2
0 22 76 0 Role: 3
0 112 147 0 Role: 4
0 141 0 Role: 4
0 157 0 Role: 4
0 10 145 80 0 Role: 4
0 142 61 0 Role: 4
0 7 194 0 Role: 4
0 118 133 91 27 0 Role: 4
0 24 13 39 0 Role: 4
0 175 69 25 120 0 Role: 4
0 184 0 Role: 4
0 148 0 Role: 4
0 74 30 146 177 0 Role: 5
0 154 0 Role: 5
0 51 0 Role: 5
0 181 0 Role: 5
0 6 44 0 Role: 5
0 185 0 Role: 5
0 200 0 Role: 6
0 62 86 129 170 0 Role: 6
0 124 64 0 Role: 6
0 165 33 150 2 4 0 Role: 7
0 117 52 188 0 Role: 8
0 31 71 0 Role: 8
0 193 53 187 119 18 0 Role: 9
0 121 162 11 1 0 Role: 9
0 23 122 106 0 Role: 9
0 143 0 Role: 9
0 43 0 Role: 9
0 169 65 199 0 Role: 10
0 56 0 Role: 10
0 183 163 0 Role: 11
0 140 196 55 0 Role: 11
0 108 0 Role: 11
0 179 0 Role: 11
0 126 32 103 98 0 Role: 12
0 17 0 Role: 12

Số khách: 103
Chi phí: 9.07298e+06
0 15 5 25 145 1 118 130 8 0 Role: 0
0 93 62 0 Role: 1
0 100 0 Role: 2
0 177 61 112 127 107 27 39 0 Role: 2
0 7 20 0 Role: 2
0 64 199 18 0 Role: 3
0 65 129 58 170 86 0 Role: 3
0 41 194 186 184 80 181 0 Role: 3
0 185 175 69 90 0 Role: 3
0 13 24 10 0 Role: 3
0 142 57 147 120 0 Role: 3
0 91 44 148 0 Role: 3
0 133 0 Role: 3
0 111 0 Role: 4
0 17 0 Role: 4
0 43 188 124 0 Role: 4
0 6 31 161 0 Role: 4
0 172 193 0 Role: 4
0 78 157 0 Role: 4
0 187 141 0 Role: 5
0 122 51 54 0 Role: 5
0 121 0 Role: 5
0 30 154 33 0 Role: 5
0 162 0 Role: 6
0 146 23 99 0 Role: 6
0 143 0 Role: 6
0 173 0 Role: 6
0 165 11 119 0 Role: 7
0 163 0 Role: 7
0 140 0 Role: 7
0 150 71 0 Role: 7
0 108 55 200 0 Role: 7
0 117 0 Role: 7
0 52 56 106 0 Role: 8
0 196 0 Role: 8
0 74 53 22 0 Role: 9
0 96 169 4 0 Role: 10
0 76 32 0 Role: 11
0 103 0 Role: 11
0 98 2 0 Role: 12
0 179 0 Role: 12

Số khách: 104
Chi phí: 8.66999e+06
0 163 33 81 118 168 0 Role: 0
0 172 64 61 11 58 129 107 127 0 Role: 1
0 122 0 Role: 1
0 1 6 142 57 193 161 27 0 Role: 1
0 25 175 90 39 0 Role: 1
0 133 80 177 0 Role: 1
0 44 145 41 0 Role: 1
0 184 194 13 7 0 Role: 1
0 100 148 147 0 Role: 1
0 69 185 0 Role: 1
0 91 120 0 Role: 1
0 24 0 Role: 1
0 8 0 Role: 1
0 154 117 121 0 Role: 2
0 99 0 Role: 2
0 20 181 157 0 Role: 2
0 108 141 170 86 0 Role: 3
0 10 0 Role: 3
0 56 106 0 Role: 4
0 188 0 Role: 4
0 186 112 124 0 Role: 4
0 51 78 0 Role: 4
0 173 0 Role: 4
0 179 0 Role: 5
0 196 74 76 0 Role: 5
0 53 32 0 Role: 5
0 169 0 Role: 5
0 54 71 0 Role: 5
0 43 55 18 0 Role: 5
0 199 65 23 0 Role: 6
0 126 165 31 52 119 0 Role: 7
0 62 200 30 0 Role: 7
0 143 187 0 Role: 7
0 146 0 Role: 7
0 2 22 140 0 Role: 8
0 93 162 4 0 Role: 8
0 150 0 Role: 8
0 98 103 0 Role: 9
0 17 0 Role: 9
0 111 183 0 Role: 10
0 96 0 Role: 11

Số khách: 105
Chi phí: 9.77905e+06
0 73 57 12 63 0 Role: 0
0 198 61 0 Role: 0
0 199 161 172 80 107 27 127 0 Role: 1
0 185 6 177 39 0 Role: 1
0 33 76 150 0 Role: 2
0 24 0 Role: 2
0 147 100 7 8 58 0 Role: 2
0 20 148 41 0 Role: 2
0 78 1 170 124 0 Role: 3
0 69 173 25 0 Role: 3
0 184 13 186 112 0 Role: 3
0 51 181 0 Role: 3
0 142 0 Role: 3
0 43 117 141 0 Role: 4
0 175 62 64 0 Role: 4
0 31 157 86 0 Role: 4
0 44 120 91 0 Role: 4
0 90 145 193 0 Role: 4
0 133 154 118 0 Role: 4
0 10 194 0 Role: 4
0 56 143 106 71 129 0 Role: 5
0 11 0 Role: 6
0 140 200 99 0 Role: 6
0 146 187 121 30 0 Role: 6
0 122 54 0 Role: 6
0 53 0 Role: 7
0 18 188 52 162 0 Role: 7
0 65 0 Role: 7
0 23 0 Role: 7
0 165 0 Role: 8
0 98 103 119 0 Role: 9
0 108 163 196 0 Role: 9
0 179 4 0 Role: 9
0 93 2 126 0 Role: 10
0 32 169 0 Role: 10
0 55 0 Role: 10
0 111 22 74 0 Role: 11
0 17 0 Role: 11
0 96 0 Role: 12

Số khách: 103
Chi phí: 8.70404e+06
0 40 31 173 0 Role: 0
0 196 27 140 121 141 0 Role: 1
0 122 24 107 39 127 0 Role: 1
0 57 175 0 Role: 1
0 74 100 150 86 170 129 58 0 Role: 2
0 185 0 Role: 2
0 120 181 8 0 Role: 2
0 10 91 157 41 177 0 Role: 2
0 188 71 145 20 161 80 0 Role: 3
0 147 148 142 0 Role: 3
0 61 194 184 7 0 Role: 3
0 118 0 Role: 3
0 44 0 Role: 3
0 133 25 0 Role: 3
0 69 0 Role: 3
0 13 0 Role: 3
0 179 2 4 0 Role: 4
0 112 0 Role: 4
0 186 193 0 Role: 4
0 103 22 64 99 0 Role: 5
0 78 172 124 0 Role: 5
0 1 0 Role: 5
0 51 0 Role: 5
0 6 154 90 0 Role: 5
0 199 143 187 146 33 0 Role: 6
0 52 106 54 18 0 Role: 6
0 200 0 Role: 6
0 117 30 0 Role: 6
0 62 0 Role: 6
0 43 76 111 119 0 Role: 7
0 55 0 Role: 7
0 65 0 Role: 7
0 169 162 165 0 Role: 7
0 23 11 0 Role: 7
0 163 0 Role: 8
0 183 93 0 Role: 9
0 98 56 0 Role: 9
0 108 0 Role: 9
0 32 126 0 Role: 10
0 53 0 Role: 10
0 17 0 Role: 11
0 96 0 Role: 12

Số khách: 103
Chi phí: 1.7668e+07
0 10 194 182 63 145 0 Role: 0
0 80 175 189 0 Role: 0
0 78 0 Role: 0
0 101 34 170 0 Role: 0
0 187 176 58 86 99 0 Role: 0
0 57 26 0 Role: 0
0 67 7 143 0 Role: 0
0 11 131 0 Role: 0
0 112 61 141 127 107 0 Role: 1
0 147 1 27 39 0 Role: 1
0 186 8 91 100 177 0 Role: 1
0 184 13 181 0 Role: 1
0 118 41 0 Role: 1
0 148 142 120 0 Role: 1
0 185 69 0 Role: 1
0 133 25 0 Role: 1
0 44 0 Role: 1
0 24 0 Role: 1
0 62 18 0 Role: 2
0 193 0 Role: 2
0 52 64 188 121 124 0 Role: 3
0 179 30 119 0 Role: 4
0 157 0 Role: 4
0 169 65 23 71 129 0 Role: 4
0 31 33 172 0 Role: 5
0 76 4 6 161 0 Role: 6
0 122 51 54 0 Role: 7
0 117 154 90 0 Role: 7
0 98 0 Role: 8
0 196 55 150 0 Role: 8
0 162 93 200 0 Role: 8
0 106 0 Role: 8
0 20 0 Role: 8
0 173 0 Role: 8
0 43 108 0 Role: 9
0 22 74 140 0 Role: 9
0 146 199 0 Role: 10
0 56 0 Role: 10
0 165 0 Role: 11
0 163 0 Role: 12
0 103 0 Role: 12

Số khách: 108
Chi phí: 1.55519e+07
0 173 73 0 Role: 0
0 122 114 0 Role: 0
0 50 143 120 0 Role: 0
0 174 168 164 0 Role: 0
0 100 25 0 Role: 0
0 195 194 0 Role: 0
0 112 20 39 177 127 0 Role: 1
0 24 142 41 27 107 0 Role: 1
0 148 91 8 0 Role: 1
0 80 58 61 0 Role: 1
0 133 150 52 157 86 0 Role: 2
0 96 186 172 124 0 Role: 3
0 184 161 0 Role: 3
0 147 0 Role: 4
0 187 0 Role: 5
0 43 2 0 Role: 5
0 140 181 71 165 0 Role: 5
0 23 13 0 Role: 5
0 175 99 64 141 0 Role: 5
0 90 62 30 170 0 Role: 5
0 111 0 Role: 6
0 44 6 0 Role: 6
0 146 0 Role: 6
0 78 145 193 57 0 Role: 6
0 51 7 1 0 Role: 6
0 118 154 69 0 Role: 6
0 10 0 Role: 6
0 185 0 Role: 6
0 53 4 129 18 0 Role: 7
0 200 106 33 0 Role: 7
0 11 54 0 Role: 7
0 31 0 Role: 7
0 17 108 188 0 Role: 8
0 119 93 117 121 0 Role: 8
0 55 0 Role: 8
0 199 0 Role: 8
0 65 0 Role: 8
0 162 0 Role: 8
0 98 56 0 Role: 9
0 74 183 196 0 Role: 10
0 22 32 0 Role: 11
0 169 0 Role: 11
0 163 0 Role: 11
0 179 0 Role: 11
0 103 0 Role: 12
0 76 0 Role: 12

Số khách: 104
Chi phí: 9.55021e+06
0 76 198 0 Role: 0
0 9 183 0 Role: 0
0 53 18 124 0 Role: 1
0 86 170 20 0 Role: 1
0 141 185 69 0 Role: 1
0 58 80 133 90 0 Role: 1
0 91 154 107 27 0 Role: 1
0 184 24 39 127 0 Role: 1
0 8 142 100 0 Role: 1
0 61 148 41 0 Role: 1
0 162 106 177 0 Role: 2
0 64 0 Role: 3
0 51 10 0 Role: 3
0 175 0 Role: 3
0 44 161 157 0 Role: 3
0 118 25 0 Role: 3
0 1 186 120 0 Role: 3
0 181 13 112 7 0 Role: 3
0 145 194 0 Role: 3
0 57 147 0 Role: 3
0 32 33 103 71 0 Role: 4
0 129 56 187 30 121 188 0 Role: 4
0 146 11 54 0 Role: 4
0 52 200 150 6 0 Role: 4
0 78 193 0 Role: 4
0 172 0 Role: 4
0 179 4 2 0 Role: 5
0 99 143 31 0 Role: 5
0 62 117 0 Role: 5
0 122 0 Role: 5
0 173 0 Role: 5
0 199 65 23 0 Role: 6
0 43 0 Role: 6
0 93 140 0 Role: 7
0 126 0 Role: 8
0 74 98 0 Role: 8
0 22 0 Role: 8
0 55 108 163 196 119 0 Role: 9
0 17 111 0 Role: 10
0 169 165 0 Role: 10
0 96 0 Role: 11

Số khách: 111
Chi phí: 1.81715e+07
0 127 95 97 102 41 173 79 47 0 Role: 0
0 113 100 0 Role: 0
0 168 151 90 120 0 Role: 0
0 182 135 0 Role: 0
0 17 0 Role: 0
0 59 64 1 0 Role: 0
0 197 28 175 122 134 109 192 139 0 Role: 0
0 150 154 0 Role: 1
0 78 194 0 Role: 1
0 27 142 145 6 58 107 0 Role: 1
0 184 8 0 Role: 1
0 80 0 Role: 1
0 147 25 118 69 0 Role: 1
0 44 7 39 0 Role: 1
0 161 187 91 141 177 0 Role: 2
0 24 57 181 0 Role: 2
0 148 61 0 Role: 3
0 20 186 10 112 0 Role: 3
0 51 13 0 Role: 3
0 185 0 Role: 3
0 133 0 Role: 3
0 99 200 124 86 0 Role: 4
0 31 0 Role: 4
0 172 157 193 0 Role: 4
0 165 143 0 Role: 5
0 179 117 119 188 18 0 Role: 5
0 32 54 0 Role: 6
0 56 170 129 0 Role: 6
0 30 121 0 Role: 6
0 53 146 52 33 0 Role: 7
0 11 65 106 0 Role: 8
0 23 71 0 Role: 8
0 43 162 0 Role: 8
0 62 0 Role: 8
0 74 0 Role: 9
0 126 93 196 0 Role: 9
0 199 0 Role: 10
0 108 0 Role: 10
0 55 0 Role: 11
0 140 4 169 0 Role: 12
0 163 0 Role: 12

Số khách: 102
Chi phí: 1.18956e+07
0 125 108 42 156 24 0 Role: 0
0 137 6 139 145 0 Role: 0
0 150 194 0 Role: 0
0 107 129 90 141 118 86 58 0 Role: 1
0 147 0 Role: 2
0 185 0 Role: 2
0 106 11 41 0 Role: 2
0 119 133 173 69 27 127 0 Role: 3
0 142 7 1 0 Role: 3
0 184 186 181 0 Role: 3
0 154 0 Role: 3
0 57 0 Role: 3
0 25 39 0 Role: 3
0 13 8 0 Role: 3
0 103 65 199 0 Role: 4
0 117 200 172 170 0 Role: 4
0 31 193 177 0 Role: 4
0 20 80 0 Role: 4
0 148 120 100 0 Role: 4
0 44 91 0 Role: 4
0 10 61 0 Role: 4
0 175 0 Role: 4
0 96 124 0 Role: 5
0 30 161 0 Role: 5
0 169 121 188 0 Role: 6
0 51 0 Role: 6
0 23 18 0 Role: 6
0 99 78 157 0 Role: 6
0 112 0 Role: 6
0 43 140 0 Role: 7
0 93 4 0 Role: 7
0 56 71 33 0 Role: 7
0 52 54 146 187 0 Role: 7
0 143 64 0 Role: 7
0 122 0 Role: 7
0 62 162 0 Role: 7
0 98 165 0 Role: 8
0 76 0 Role: 9
0 55 163 196 74 0 Role: 10
0 17 0 Role: 11
0 179 111 0 Role: 12
0 22 0 Role: 12

Số khách: 105
Chi phí: 9.33486e+06
0 154 104 157 170 25 58 16 3 0 Role: 0
0 142 141 124 107 0 Role: 1
0 193 91 175 27 0 Role: 1
0 161 148 6 177 127 0 Role: 1
0 13 57 8 80 39 0 Role: 1
0 194 0 Role: 1
0 145 44 0 Role: 1
0 24 100 0 Role: 1
0 147 69 7 0 Role: 1
0 41 0 Role: 1
0 52 71 54 0 Role: 2
0 173 185 0 Role: 2
0 20 10 181 1 0 Role: 2
0 133 118 90 0 Role: 2
0 61 120 0 Role: 2
0 184 0 Role: 2
0 196 30 0 Role: 3
0 55 99 129 0 Role: 4
0 33 186 0 Role: 4
0 78 0 Role: 4
0 112 0 Role: 4
0 172 0 Role: 4
0 56 0 Role: 5
0 162 200 146 86 0 Role: 5
0 179 111 188 18 0 Role: 6
0 117 169 64 0 Role: 7
0 53 32 106 0 Role: 8
0 150 165 0 Role: 8
0 43 121 119 0 Role: 8
0 126 51 0 Role: 9
0 93 2 0 Role: 9
0 22 65 98 0 Role: 9
0 140 187 4 0 Role: 9
0 23 122 0 Role: 9
0 143 11 0 Role: 9
0 31 0 Role: 9
0 62 0 Role: 9
0 183 76 0 Role: 10
0 108 0 Role: 10
0 199 0 Role: 10
0 17 163 0 Role: 11
0 103 0 Role: 11
0 74 96 0 Role: 12

Số khách: 105
Chi phí: 9.91927e+06
0 93 62 156 143 0 Role: 0
0 109 63 100 0 Role: 0
0 161 121 157 86 0 Role: 1
0 146 61 18 58 39 27 127 107 0 Role: 1
0 133 147 0 Role: 1
0 90 0 Role: 1
0 13 194 0 Role: 1
0 25 91 41 0 Role: 1
0 24 145 8 7 0 Role: 1
0 118 0 Role: 1
0 148 142 57 0 Role: 1
0 69 0 Role: 1
0 184 0 Role: 1
0 43 0 Role: 2
0 150 120 6 193 80 0 Role: 2
0 112 177 181 0 Role: 2
0 185 175 0 Role: 2
0 10 0 Role: 2
0 187 170 124 0 Role: 3
0 20 141 0 Role: 3
0 44 0 Role: 3
0 119 179 30 0 Role: 4
0 200 1 0 Role: 4
0 11 31 33 0 Role: 4
0 186 78 0 Role: 4
0 173 154 0 Role: 4
0 199 0 Role: 5
0 188 0 Role: 5
0 71 64 56 52 0 Role: 5
0 51 0 Role: 5
0 106 54 162 0 Role: 5
0 103 172 129 0 Role: 6
0 122 65 99 0 Role: 6
0 2 126 4 74 111 0 Role: 7
0 169 0 Role: 7
0 55 163 108 0 Role: 7
0 165 117 196 0 Role: 7
0 23 0 Role: 7
0 17 140 0 Role: 8
0 22 0 Role: 9
0 53 32 0 Role: 9
0 183 0 Role: 9
0 96 0 Role: 10
0 76 0 Role: 10
0 98 0 Role: 11

Số khách: 111
Chi phí: 1.17473e+07
0 116 0 Role: 0
0 192 45 34 189 104 124 190 0 Role: 0
0 40 138 132 0 Role: 0
0 80 186 100 6 39 0 Role: 1
0 27 148 0 Role: 1
0 145 24 10 58 127 107 0 Role: 1
0 184 57 7 0 Role: 1
0 71 41 8 161 0 Role: 2
0 165 0 Role: 3
0 103 194 177 0 Role: 3
0 25 154 147 0 Role: 3
0 185 0 Role: 3
0 120 61 91 0 Role: 3
0 44 142 0 Role: 3
0 69 133 0 Role: 3
0 13 0 Role: 3
0 143 157 188 18 0 Role: 4
0 118 90 0 Role: 4
0 11 193 99 64 86 170 0 Role: 4
0 4 111 52 196 141 0 Role: 5
0 175 54 33 0 Role: 5
0 30 173 0 Role: 5
0 129 169 1 140 121 0 Role: 6
0 31 119 0 Role: 6
0 51 23 172 181 0 Role: 6
0 199 146 106 0 Role: 7
0 187 56 112 0 Role: 7
0 20 78 0 Role: 7
0 122 65 0 Role: 8
0 162 163 0 Role: 9
0 179 62 117 200 0 Role: 9
0 74 183 55 0 Role: 10
0 150 93 0 Role: 10
0 96 2 0 Role: 11
0 17 108 0 Role: 11
0 22 76 0 Role: 11
0 98 0 Role: 11
0 53 32 0 Role: 12
0 43 0 Role: 12

Số khách: 120
Chi phí: 1.98292e+07
0 42 0 Role: 0
0 137 43 185 149 142 25 73 94 0 Role: 0
0 144 0 Role: 0
0 70 157 36 115 91 0 Role: 0
0 82 97 0 Role: 0
0 20 190 79 48 39 85 0 Role: 0
0 41 0 Role: 0
0 100 40 114 192 58 0 Role: 0
0 112 194 186 13 181 80 107 0 Role: 1
0 69 175 120 0 Role: 1
0 61 177 0 Role: 1
0 90 8 145 27 127 0 Role: 1
0 24 184 7 0 Role: 1
0 148 147 0 Role: 1
0 57 0 Role: 1
0 133 0 Role: 1
0 169 118 121 18 0 Role: 2
0 146 11 64 0 Role: 2
0 141 86 54 124 0 Role: 2
0 162 179 119 170 0 Role: 3
0 172 51 1 129 0 Role: 3
0 10 0 Role: 3
0 78 161 193 0 Role: 3
0 154 6 0 Role: 3
0 173 0 Role: 3
0 44 0 Role: 3
0 65 122 33 0 Role: 4
0 143 187 4 188 0 Role: 5
0 2 103 106 0 Role: 6
0 200 150 99 0 Role: 6
0 62 117 30 0 Role: 6
0 31 0 Role: 6
0 52 56 199 71 0 Role: 7
0 23 0 Role: 7
0 76 17 140 0 Role: 8
0 55 196 165 0 Role: 8
0 93 0 Role: 8
0 126 0 Role: 9
0 108 183 111 0 Role: 9
0 53 74 22 0 Role: 9
0 163 0 Role: 9
0 96 0 Role: 10
0 98 0 Role: 11
0 32 0 Role: 12

Số khách: 106
Chi phí: 8.8738e+06
0 10 118 45 97 151 186 142 189 184 0 Role: 0
0 86 65 103 0 Role: 1
0 169 0 Role: 1
0 181 165 157 140 124 170 0 Role: 1
0 112 90 107 127 0 Role: 1
0 8 172 27 39 177 58 80 0 Role: 2
0 7 0 Role: 2
0 147 154 0 Role: 2
0 25 120 100 41 0 Role: 2
0 22 0 Role: 3
0 185 150 6 0 Role: 3
0 51 24 0 Role: 3
0 148 57 0 Role: 3
0 20 69 0 Role: 3
0 175 61 0 Role: 3
0 13 194 0 Role: 3
0 44 145 0 Role: 3
0 146 143 0 Role: 4
0 173 133 0 Role: 4
0 96 122 64 99 129 0 Role: 5
0 1 106 200 91 0 Role: 5
0 56 0 Role: 6
0 141 11 54 0 Role: 6
0 78 193 161 0 Role: 6
0 179 121 18 0 Role: 7
0 62 30 0 Role: 7
0 187 31 52 33 0 Role: 7
0 117 0 Role: 7
0 183 76 196 119 0 Role: 8
0 55 188 0 Role: 8
0 199 23 71 0 Role: 8
0 53 4 0 Role: 9
0 163 108 0 Role: 10
0 74 43 0 Role: 10
0 162 93 0 Role: 10
0 2 111 0 Role: 11
0 17 0 Role: 11
0 98 0 Role: 11
0 32 126 0 Role: 12

Số khách: 103
Chi phí: 8.22774e+06
0 47 56 13 173 0 Role: 0
0 193 169 199 0 Role: 1
0 44 177 107 127 0 Role: 1
0 25 175 0 Role: 1
0 1 20 184 10 39 0 Role: 1
0 90 145 100 120 6 27 0 Role: 1
0 118 142 0 Role: 1
0 8 194 80 58 0 Role: 1
0 133 185 147 0 Role: 1
0 57 148 41 0 Role: 1
0 61 69 0 Role: 1
0 91 24 0 Role: 1
0 33 0 Role: 2
0 154 0 Role: 3
0 129 117 181 0 Role: 3
0 51 170 0 Role: 3
0 141 124 172 86 0 Role: 3
0 186 7 161 157 0 Role: 3
0 78 112 0 Role: 3
0 111 183 0 Role: 4
0 43 4 2 0 Role: 4
0 31 106 99 0 Role: 5
0 11 143 146 187 0 Role: 5
0 62 0 Role: 5
0 98 103 119 18 0 Role: 6
0 140 0 Role: 7
0 165 55 150 0 Role: 7
0 122 65 54 64 0 Role: 7
0 121 0 Role: 7
0 52 162 200 0 Role: 7
0 30 0 Role: 7
0 179 93 188 0 Role: 8
0 17 0 Role: 8
0 71 23 0 Role: 8
0 108 196 0 Role: 9
0 22 76 74 0 Role: 9
0 163 0 Role: 9
0 126 0 Role: 10
0 32 53 0 Role: 10
0 96 0 Role: 11

Số khách: 105
Chi phí: 8.9448e+06
0 53 43 108 50 178 51 73 27 151 0 Role: 0
0 117 18 58 129 0 Role: 1
0 64 133 118 141 124 0 Role: 1
0 55 0 Role: 2
0 74 146 0 Role: 2
0 120 148 6 177 39 0 Role: 2
0 24 13 0 Role: 2
0 100 194 112 127 107 0 Role: 2
0 41 184 10 7 0 Role: 2
0 142 91 147 80 0 Role: 2
0 61 0 Role: 2
0 8 44 57 0 Role: 2
0 69 0 Role: 2
0 33 98 170 0 Role: 3
0 143 106 172 0 Role: 3
0 20 181 157 0 Role: 3
0 175 90 185 154 0 Role: 3
0 54 0 Role: 4
0 65 0 Role: 4
0 200 0 Role: 4
0 30 186 1 0 Role: 4
0 193 161 78 0 Role: 4
0 173 25 0 Role: 4
0 145 0 Role: 4
0 103 71 99 86 0 Role: 5
0 187 11 121 0 Role: 5
0 122 0 Role: 5
0 31 0 Role: 5
0 93 150 119 188 0 Role: 6
0 62 52 0 Role: 6
0 183 76 196 0 Role: 7
0 162 140 0 Role: 8
0 163 0 Role: 9
0 169 165 0 Role: 10
0 199 23 0 Role: 10
0 56 0 Role: 11
0 179 0 Role: 11
0 32 2 4 126 111 0 Role: 12
0 22 0 Role: 12
0 17 0 Role: 12

Số khách: 106
Chi phí: 1.18233e+07
0 184 167 0 Role: 0
0 34 197 0 Role: 0
0 147 187 132 0 Role: 0
0 200 127 0 Role: 0
0 181 169 27 1 129 107 0 Role: 1
0 61 6 0 Role: 2
0 20 0 Role: 2
0 78 39 177 58 0 Role: 2
0 10 194 7 80 0 Role: 2
0 185 90 175 0 Role: 2
0 120 133 118 0 Role: 2
0 57 13 8 0 Role: 2
0 44 148 100 41 0 Role: 2
0 142 69 0 Role: 2
0 91 24 0 Role: 2
0 146 0 Role: 3
0 186 112 124 141 0 Role: 3
0 56 162 172 86 0 Role: 4
0 161 0 Role: 4
0 122 65 0 Role: 4
0 62 33 170 0 Role: 4
0 121 52 117 0 Role: 4
0 11 157 30 0 Role: 4
0 25 154 0 Role: 4
0 145 0 Role: 4
0 51 0 Role: 4
0 98 196 0 Role: 5
0 99 64 193 106 54 0 Role: 5
0 173 0 Role: 5
0 108 150 111 188 18 0 Role: 6
0 143 23 71 0 Role: 6
0 31 0 Role: 6
0 93 126 0 Role: 7
0 103 165 4 0 Role: 7
0 43 140 0 Role: 7
0 163 55 119 0 Role: 7
0 179 0 Role: 7
0 2 183 76 0 Role: 8
0 32 22 74 0 Role: 8
0 53 0 Role: 8
0 17 0 Role: 8
0 199 0 Role: 8
0 96 0 Role: 9

Số khách: 104
Chi phí: 1.04257e+07
0 41 123 0 Role: 0
0 87 0 Role: 0
0 18 124 91 0 Role: 0
0 163 170 58 107 127 0 Role: 1
0 133 62 30 121 0 Role: 1
0 120 148 100 27 0 Role: 1
0 147 20 0 Role: 1
0 80 0 Role: 1
0 57 112 194 24 181 0 Role: 1
0 185 177 39 0 Role: 1
0 175 69 25 0 Role: 1
0 10 0 Role: 1
0 142 61 7 8 0 Role: 1
0 13 184 0 Role: 1
0 146 0 Role: 2
0 187 11 157 129 0 Role: 2
0 6 193 117 86 0 Role: 2
0 118 0 Role: 2
0 33 172 1 0 Role: 2
0 143 54 99 0 Role: 2
0 186 51 78 0 Role: 2
0 74 22 161 64 0 Role: 3
0 200 141 90 0 Role: 3
0 43 140 188 0 Role: 4
0 23 0 Role: 4
0 106 150 0 Role: 4
0 122 65 0 Role: 4
0 44 52 0 Role: 4
0 173 154 0 Role: 4
0 145 0 Role: 4
0 71 165 162 119 196 0 Role: 5
0 199 56 0 Role: 5
0 31 0 Role: 5
0 53 111 0 Role: 6
0 169 4 0 Role: 7
0 179 0 Role: 7
0 55 108 0 Role: 7
0 103 0 Role: 8
0 76 183 2 0 Role: 8
0 98 0 Role: 8
0 17 0 Role: 8
0 93 0 Role: 8
0 32 126 0 Role: 9
0 96 0 Role: 10

Số khách: 103
Chi phí: 1.26838e+07
0 106 119 27 182 0 Role: 0
0 82 138 0 Role: 0
0 199 0 Role: 0
0 93 0 Role: 0
0 142 172 0 Role: 1
0 107 0 Role: 1
0 25 118 175 127 0 Role: 2
0 90 154 1 58 0 Role: 2
0 184 177 80 39 0 Role: 3
0 185 0 Role: 3
0 133 91 41 0 Role: 3
0 10 57 61 0 Role: 3
0 44 8 7 0 Role: 3
0 74 162 145 0 Role: 4
0 53 11 71 181 64 170 0 Role: 5
0 124 0 Role: 5
0 20 186 24 78 112 0 Role: 5
0 148 147 0 Role: 5
0 157 69 0 Role: 6
0 200 187 120 6 86 0 Role: 6
0 173 0 Role: 6
0 121 0 Role: 7
0 99 194 0 Role: 7
0 13 51 0 Role: 7
0 165 161 129 18 141 0 Role: 8
0 117 0 Role: 8
0 62 33 0 Role: 8
0 2 23 54 0 Role: 9
0 100 0 Role: 9
0 43 30 0 Role: 9
0 143 52 146 0 Role: 9
0 31 193 0 Role: 9
0 122 0 Role: 9
0 150 0 Role: 9
0 111 55 163 0 Role: 10
0 188 0 Role: 10
0 140 196 4 56 0 Role: 10
0 108 0 Role: 10
0 65 0 Role: 10
0 22 0 Role: 11
0 32 0 Role: 11
0 183 76 0 Role: 11
0 103 98 169 0 Role: 11
0 179 0 Role: 12
0 17 0 Role: 12

Số khách: 101
Chi phí: 8.32604e+06
0 119 0 Role: 0
0 142 0 Role: 1
0 57 147 41 157 127 27 107 0 Role: 1
0 1 194 100 39 0 Role: 1
0 90 154 177 58 0 Role: 1
0 10 0 Role: 1
0 148 120 91 0 Role: 1
0 175 0 Role: 1
0 163 108 55 18 0 Role: 2
0 143 64 86 188 0 Role: 2
0 31 161 0 Role: 2
0 181 80 0 Role: 2
0 61 0 Role: 2
0 184 7 8 0 Role: 2
0 145 24 0 Role: 2
0 185 133 0 Role: 2
0 13 0 Role: 2
0 69 0 Role: 2
0 44 0 Role: 2
0 62 25 0 Role: 3
0 173 6 0 Role: 3
0 118 0 Role: 3
0 199 193 146 129 170 0 Role: 4
0 172 186 51 78 112 0 Role: 4
0 22 141 121 99 0 Role: 5
0 30 117 33 0 Role: 5
0 96 98 165 196 124 0 Role: 6
0 20 0 Role: 6
0 140 43 200 0 Role: 7
0 106 122 54 0 Role: 7
0 23 0 Role: 8
0 71 150 52 0 Role: 8
0 187 0 Role: 8
0 11 0 Role: 8
0 4 103 169 0 Role: 9
0 56 162 0 Role: 9
0 65 0 Role: 9
0 17 0 Role: 10
0 111 0 Role: 10
0 53 0 Role: 10
0 74 93 183 0 Role: 11
0 76 32 0 Role: 12
0 179 2 0 Role: 12

Số khách: 96
Chi phí: 8.55484e+06
0 86 189 151 0 Role: 0
0 142 0 Role: 1
0 175 39 1 7 107 127 0 Role: 1
0 186 24 61 0 Role: 1
0 154 133 25 118 0 Role: 1
0 148 80 27 0 Role: 1
0 194 0 Role: 1
0 8 147 58 0 Role: 1
0 65 129 177 0 Role: 2
0 44 57 0 Role: 2
0 120 90 69 0 Role: 2
0 108 64 0 Role: 3
0 170 31 106 99 0 Role: 3
0 112 20 161 0 Role: 4
0 10 0 Role: 4
0 150 43 121 124 0 Role: 5
0 100 0 Role: 6
0 4 0 Role: 6
0 22 52 199 54 181 0 Role: 6
0 33 188 18 141 0 Role: 6
0 51 184 172 0 Role: 6
0 91 157 145 6 41 0 Role: 6
0 173 0 Role: 6
0 185 0 Role: 6
0 13 0 Role: 6
0 30 193 71 0 Role: 7
0 119 162 196 0 Role: 7
0 23 146 187 0 Role: 7
0 117 62 200 0 Role: 7
0 179 0 Role: 8
0 55 165 0 Role: 8
0 140 0 Role: 9
0 163 0 Role: 10
0 56 0 Role: 10
0 11 0 Role: 10
0 143 0 Role: 10
0 122 0 Role: 10
0 93 111 0 Role: 11
0 2 0 Role: 11
0 76 74 0 Role: 11
0 78 0 Role: 11
0 169 0 Role: 12

Số khách: 103
Chi phí: 7.66472e+06
0 32 62 37 0 Role: 0
0 30 4 76 119 0 Role: 1
0 93 150 27 127 0 Role: 1
0 8 0 Role: 1
0 86 54 100 175 0 Role: 1
0 124 154 157 6 0 Role: 1
0 51 107 0 Role: 1
0 193 44 148 142 91 177 0 Role: 1
0 145 118 90 0 Role: 1
0 126 41 121 0 Role: 2
0 69 1 58 129 64 39 0 Role: 2
0 7 10 186 0 Role: 2
0 181 0 Role: 2
0 25 133 0 Role: 2
0 24 0 Role: 2
0 61 184 194 80 0 Role: 2
0 147 57 0 Role: 2
0 53 187 172 170 18 0 Role: 3
0 33 71 0 Role: 3
0 20 13 112 0 Role: 3
0 141 173 185 0 Role: 3
0 143 161 74 0 Role: 4
0 55 43 140 188 0 Role: 4
0 31 146 0 Role: 4
0 199 23 11 106 99 0 Role: 4
0 200 0 Role: 5
0 17 163 0 Role: 6
0 162 52 120 0 Role: 6
0 78 0 Role: 6
0 108 196 111 0 Role: 7
0 122 65 0 Role: 7
0 117 0 Role: 7
0 103 0 Role: 8
0 56 165 0 Role: 8
0 179 0 Role: 8
0 96 22 98 0 Role: 9
0 169 0 Role: 9
0 183 2 0 Role: 10

Số khách: 105
Chi phí: 1.34276e+07
0 170 0 Role: 0
0 163 0 Role: 0
0 65 0 Role: 0
0 83 0 Role: 0
0 106 113 97 99 0 Role: 0
0 71 62 200 0 Role: 1
0 96 6 0 Role: 2
0 118 52 64 181 58 107 127 0 Role: 3
0 39 41 145 57 112 7 80 0 Role: 3
0 140 11 27 0 Role: 4
0 13 186 0 Role: 4
0 24 184 172 8 177 0 Role: 4
0 54 51 122 129 0 Role: 5
0 33 0 Role: 5
0 117 0 Role: 5
0 31 187 0 Role: 5
0 143 18 0 Role: 5
0 133 86 124 0 Role: 5
0 120 90 175 69 141 0 Role: 5
0 76 119 146 0 Role: 6
0 44 148 100 91 0 Role: 6
0 173 25 147 0 Role: 6
0 154 185 0 Role: 6
0 10 194 0 Role: 6
0 142 61 0 Role: 6
0 183 93 150 30 0 Role: 7
0 23 157 0 Role: 7
0 161 121 1 0 Role: 7
0 162 20 0 Role: 7
0 193 78 0 Role: 7
0 2 165 188 22 0 Role: 8
0 108 43 55 0 Role: 8
0 56 196 0 Role: 8
0 199 0 Role: 8
0 98 0 Role: 9
0 4 0 Role: 9
0 179 74 0 Role: 9
0 169 0 Role: 9
0 103 32 0 Role: 10
0 126 111 53 0 Role: 11
0 17 0 Role: 12

Số khách: 113
Chi phí: 1.26885e+07
0 146 178 182 14 48 124 70 154 0 Role: 0
0 185 100 20 181 34 1 41 79 104 139 107 131 0 Role: 0
0 133 115 0 Role: 0
0 58 86 112 0 Role: 1
0 44 4 165 27 127 0 Role: 2
0 64 145 186 80 177 39 0 Role: 2
0 120 6 118 0 Role: 2
0 142 148 0 Role: 2
0 184 8 7 0 Role: 2
0 23 24 161 0 Role: 3
0 10 61 172 0 Role: 3
0 57 13 194 0 Role: 3
0 91 25 175 0 Role: 3
0 52 69 0 Role: 4
0 129 78 157 170 0 Role: 4
0 141 173 90 0 Role: 4
0 147 0 Role: 4
0 51 0 Role: 4
0 169 187 140 0 Role: 5
0 179 188 0 Role: 5
0 11 199 71 99 0 Role: 6
0 62 0 Role: 6
0 30 106 33 0 Role: 6
0 122 0 Role: 6
0 117 0 Role: 6
0 193 121 0 Role: 6
0 31 0 Role: 6
0 65 98 0 Role: 7
0 22 55 18 0 Role: 7
0 56 143 0 Role: 7
0 54 162 0 Role: 7
0 43 200 0 Role: 7
0 103 0 Role: 8
0 2 0 Role: 8
0 111 150 0 Role: 8
0 53 196 74 119 0 Role: 8
0 108 0 Role: 8
0 163 0 Role: 8
0 17 76 0 Role: 9
0 96 32 0 Role: 10
0 126 183 0 Role: 10
0 93 0 Role: 10

Số khách: 90
Chi phí: 9.19338e+06
0 117 0 Role: 0
0 118 97 28 157 148 0 Role: 0
0 55 188 107 0 Role: 1
0 103 71 0 Role: 1
0 179 0 Role: 2
0 57 172 10 24 58 0 Role: 2
0 17 163 121 0 Role: 3
0 56 150 27 127 0 Role: 3
0 23 91 177 39 0 Role: 3
0 145 186 112 181 80 0 Role: 3
0 194 8 61 7 0 Role: 3
0 106 0 Role: 4
0 100 20 41 141 0 Role: 5
0 6 154 25 69 0 Role: 5
0 175 142 1 0 Role: 5
0 133 185 0 Role: 5
0 129 2 187 11 33 0 Role: 6
0 51 78 86 0 Role: 6
0 90 161 0 Role: 6
0 173 147 0 Role: 6
0 13 0 Role: 6
0 120 44 0 Role: 6
0 22 53 111 0 Role: 7
0 146 31 64 170 0 Role: 8
0 193 199 184 99 0 Role: 8
0 124 30 0 Role: 8
0 126 0 Role: 9
0 62 0 Role: 10
0 200 54 0 Role: 10
0 18 52 143 0 Role: 11
0 65 98 0 Role: 12
0 93 4 0 Role: 12

Số khách: 104
Chi phí: 7.65844e+06
0 3 182 0 Role: 0
0 184 129 99 58 127 170 27 107 0 Role: 1
0 147 148 100 91 0 Role: 1
0 133 22 0 Role: 2
0 30 71 1 54 80 7 39 0 Role: 2
0 175 0 Role: 2
0 181 10 57 177 0 Role: 2
0 24 0 Role: 2
0 41 185 69 0 Role: 2
0 25 0 Role: 2
0 8 0 Role: 2
0 142 194 0 Role: 2
0 13 61 0 Role: 2
0 62 162 161 0 Role: 3
0 143 20 145 157 0 Role: 3
0 120 90 141 0 Role: 3
0 78 172 0 Role: 3
0 118 146 0 Role: 4
0 106 200 124 86 0 Role: 4
0 64 51 112 0 Role: 4
0 44 6 0 Role: 4
0 186 193 0 Role: 4
0 173 154 0 Role: 4
0 11 188 18 0 Role: 5
0 150 117 52 121 0 Role: 5
0 23 122 65 0 Role: 5
0 76 183 0 Role: 6
0 32 4 74 119 196 0 Role: 6
0 140 43 0 Role: 6
0 108 163 55 0 Role: 6
0 33 165 56 0 Role: 6
0 187 31 0 Role: 6
0 199 0 Role: 6
0 2 126 111 0 Role: 7
0 169 0 Role: 7
0 179 0 Role: 7
0 53 0 Role: 8
0 17 0 Role: 8
0 93 0 Role: 8
0 98 103 0 Role: 8
0 96 0 Role: 9

Số khách: 97
Chi phí: 1.00187e+07
0 79 0 Role: 0
0 93 41 6 178 112 28 37 16 0 Role: 0
0 33 0 Role: 1
0 193 69 0 Role: 2
0 121 64 61 187 170 107 127 0 Role: 3
0 142 157 39 80 177 27 0 Role: 3
0 196 56 71 99 86 0 Role: 4
0 20 58 181 0 Role: 5
0 90 0 Role: 5
0 140 163 185 108 200 0 Role: 6
0 31 0 Role: 6
0 7 8 13 186 172 1 0 Role: 6
0 100 25 154 0 Role: 6
0 173 147 0 Role: 6
0 10 0 Role: 7
0 148 91 0 Role: 7
0 51 0 Role: 7
0 24 145 57 0 Role: 7
0 44 120 0 Role: 7
0 133 0 Role: 7
0 175 18 30 0 Role: 8
0 52 0 Role: 8
0 141 62 117 0 Role: 9
0 122 146 0 Role: 9
0 129 0 Role: 9
0 118 124 0 Role: 9
0 184 0 Role: 9
0 194 0 Role: 9
0 165 78 161 0 Role: 10
0 74 0 Role: 11
0 199 23 54 0 Role: 11
0 43 162 0 Role: 11
0 65 0 Role: 11
0 150 0 Role: 11
0 143 106 0 Role: 11
0 11 0 Role: 11
0 2 126 119 4 0 Role: 12
0 169 188 0 Role: 12
0 55 0 Role: 12
0 179 0 Role: 12

Số khách: 114
Chi phí: 1.46688e+07
0 38 34 48 173 0 Role: 0
0 83 89 18 99 26 101 109 120 142 46 51 0 Role: 0
0 116 69 0 Role: 0
0 188 189 0 Role: 0
0 28 94 88 0 Role: 0
0 106 119 58 124 0 Role: 1
0 20 100 1 0 Role: 2
0 148 107 127 0 Role: 2
0 145 112 39 27 0 Role: 2
0 133 175 118 90 0 Role: 2
0 80 10 41 91 177 0 Role: 2
0 25 147 0 Role: 2
0 24 57 7 0 Role: 2
0 8 44 0 Role: 2
0 13 194 0 Role: 2
0 43 0 Role: 3
0 117 172 64 86 170 0 Role: 3
0 54 0 Role: 3
0 11 129 181 0 Role: 3
0 150 146 0 Role: 3
0 33 121 141 30 0 Role: 3
0 62 6 157 0 Role: 3
0 140 163 200 0 Role: 4
0 186 161 193 0 Role: 4
0 78 61 0 Role: 4
0 185 154 0 Role: 4
0 184 0 Role: 4
0 122 65 0 Role: 5
0 31 52 0 Role: 5
0 32 4 165 169 0 Role: 6
0 2 0 Role: 7
0 93 179 111 0 Role: 8
0 22 55 196 0 Role: 8
0 187 162 71 0 Role: 9
0 183 76 0 Role: 10
0 199 23 0 Role: 10
0 143 0 Role: 10
0 103 98 0 Role: 11
0 17 108 0 Role: 11
0 56 0 Role: 11
0 126 74 0 Role: 12

Số khách: 104
Chi phí: 1.11942e+07
0 32 136 0 Role: 0
0 46 158 95 134 80 182 0 Role: 0
0 107 0 Role: 0
0 65 0 Role: 1
0 119 108 129 127 0 Role: 2
0 30 86 90 188 27 39 0 Role: 3
0 112 13 58 0 Role: 3
0 7 148 91 177 0 Role: 3
0 8 99 64 0 Role: 4
0 143 157 170 0 Role: 4
0 172 194 0 Role: 4
0 118 69 0 Role: 4
0 133 147 41 0 Role: 4
0 120 44 142 145 57 0 Role: 4
0 185 25 175 0 Role: 4
0 24 61 100 0 Role: 4
0 96 186 193 1 0 Role: 5
0 154 0 Role: 5
0 162 11 169 54 0 Role: 6
0 6 150 161 18 0 Role: 6
0 33 124 181 0 Role: 6
0 173 0 Role: 6
0 51 0 Role: 6
0 184 10 0 Role: 6
0 31 187 165 71 0 Role: 7
0 200 117 146 0 Role: 7
0 56 20 141 0 Role: 8
0 78 0 Role: 8
0 126 122 106 0 Role: 9
0 62 0 Role: 9
0 43 0 Role: 9
0 52 121 0 Role: 9
0 53 0 Role: 10
0 17 0 Role: 10
0 98 0 Role: 10
0 140 196 0 Role: 11
0 4 93 0 Role: 11
0 103 23 0 Role: 11
0 55 2 22 0 Role: 12
0 74 179 0 Role: 12
0 199 0 Role: 12

Số khách: 97
Chi phí: 8.28671e+06
0 125 145 0 Role: 0
0 146 0 Role: 1
0 30 11 172 107 127 0 Role: 2
0 65 0 Role: 2
0 186 1 80 177 58 27 39 0 Role: 2
0 41 120 112 0 Role: 2
0 122 51 181 129 0 Role: 3
0 200 106 54 86 170 0 Role: 3
0 44 0 Role: 3
0 18 0 Role: 4
0 13 184 194 7 0 Role: 4
0 57 8 61 100 6 0 Role: 4
0 185 0 Role: 4
0 69 91 175 0 Role: 4
0 25 118 0 Role: 4
0 133 147 0 Role: 4
0 148 142 0 Role: 4
0 24 0 Role: 4
0 56 33 121 141 0 Role: 5
0 62 161 0 Role: 5
0 90 157 150 124 0 Role: 6
0 154 193 0 Role: 6
0 10 20 0 Role: 6
0 78 0 Role: 6
0 173 0 Role: 6
0 126 22 55 0 Role: 7
0 187 52 117 188 0 Role: 8
0 99 64 31 0 Role: 8
0 143 0 Role: 8
0 162 196 119 165 0 Role: 9
0 71 199 0 Role: 9
0 53 169 0 Role: 10
0 179 74 4 0 Role: 11
0 17 108 0 Role: 11
0 140 43 163 0 Role: 11
0 93 0 Role: 11
0 23 0 Role: 11
0 96 111 0 Role: 12

Số khách: 106
Chi phí: 9.26883e+06
0 154 102 0 Role: 0
0 132 47 128 0 Role: 0
0 129 78 51 1 7 107 127 0 Role: 1
0 61 141 86 39 27 0 Role: 1
0 69 58 177 80 181 0 Role: 1
0 194 100 0 Role: 1
0 25 175 90 0 Role: 1
0 91 118 0 Role: 1
0 8 142 147 41 0 Role: 1
0 71 54 172 120 0 Role: 2
0 133 173 6 0 Role: 2
0 13 10 24 112 0 Role: 2
0 185 0 Role: 2
0 148 0 Role: 2
0 184 57 0 Role: 2
0 44 145 0 Role: 2
0 74 162 124 170 0 Role: 3
0 20 161 193 157 0 Role: 3
0 55 140 121 0 Role: 4
0 146 187 0 Role: 4
0 108 43 0 Role: 4
0 52 30 200 64 99 0 Role: 4
0 186 0 Role: 4
0 126 56 117 196 188 0 Role: 5
0 165 22 119 33 0 Role: 6
0 65 23 18 0 Role: 6
0 106 31 143 0 Role: 6
0 62 150 0 Role: 6
0 122 0 Role: 6
0 11 0 Role: 6
0 32 103 4 111 0 Role: 7
0 163 0 Role: 7
0 93 179 0 Role: 7
0 199 0 Role: 7
0 2 96 169 0 Role: 8
0 53 0 Role: 9
0 76 17 0 Role: 9
0 98 0 Role: 9
0 183 0 Role: 10

Số khách: 109
Chi phí: 1.33787e+07
0 186 154 192 123 1 189 185 0 Role: 0
0 96 0 Role: 0
0 197 69 89 75 0 Role: 0
0 97 181 106 5 0 Role: 0
0 78 20 127 27 107 0 Role: 1
0 161 44 120 91 0 Role: 1
0 7 177 8 145 142 0 Role: 2
0 133 80 0 Role: 2
0 61 175 90 0 Role: 2
0 148 0 Role: 2
0 39 41 100 25 0 Role: 2
0 58 13 57 0 Role: 2
0 86 188 71 0 Role: 3
0 108 0 Role: 3
0 187 119 52 0 Role: 4
0 54 99 170 0 Role: 4
0 173 6 0 Role: 4
0 194 10 0 Role: 4
0 147 118 0 Role: 4
0 184 24 0 Role: 4
0 32 0 Role: 5
0 23 122 65 64 129 0 Role: 5
0 51 0 Role: 5
0 117 150 30 124 141 0 Role: 5
0 172 112 193 157 0 Role: 5
0 22 33 74 18 0 Role: 6
0 121 146 200 0 Role: 6
0 179 0 Role: 7
0 43 55 0 Role: 7
0 165 196 0 Role: 7
0 169 11 162 4 0 Role: 8
0 199 56 0 Role: 9
0 31 143 0 Role: 9
0 62 0 Role: 9
0 140 93 0 Role: 10
0 103 0 Role: 10
0 163 0 Role: 10
0 2 76 0 Role: 11
0 183 0 Role: 12
0 111 53 0 Role: 12
0 17 0 Role: 12
0 98 0 Role: 12

Số khách: 114
Chi phí: 1.86325e+07
0 70 7 123 139 0 Role: 0
0 26 102 152 0 Role: 0
0 25 68 0 Role: 0
0 177 69 164 15 0 Role: 0
0 79 1 0 Role: 0
0 33 134 6 194 168 12 0 Role: 0
0 91 104 0 Role: 0
0 131 0 Role: 0
0 161 170 188 129 86 18 0 Role: 1
0 154 172 0 Role: 1
0 61 64 181 0 Role: 1
0 141 107 118 90 124 0 Role: 1
0 112 0 Role: 1
0 157 0 Role: 1
0 122 78 127 27 0 Role: 2
0 55 133 196 140 0 Role: 3
0 173 185 147 0 Role: 3
0 120 0 Role: 4
0 58 10 51 24 0 Role: 4
0 8 0 Role: 5
0 41 186 57 193 80 0 Role: 5
0 184 39 0 Role: 5
0 13 0 Role: 5
0 142 145 0 Role: 5
0 44 100 0 Role: 5
0 175 0 Role: 5
0 148 0 Role: 5
0 54 71 121 99 0 Role: 6
0 126 2 111 0 Role: 7
0 53 187 169 165 0 Role: 7
0 56 162 119 0 Role: 7
0 163 0 Role: 8
0 150 62 0 Role: 8
0 20 0 Role: 8
0 43 117 200 30 0 Role: 9
0 143 31 106 0 Role: 9
0 146 0 Role: 9
0 103 65 22 0 Role: 10
0 76 108 74 0 Role: 10
0 98 0 Role: 10
0 183 52 0 Role: 11
0 23 11 0 Role: 11
0 96 4 32 0 Role: 12
0 199 0 Role: 12

Số khách: 121
Chi phí: 1.93784e+07
0 186 35 139 81 51 0 Role: 0
0 72 0 Role: 0
0 16 190 178 127 3 118 0 Role: 0
0 31 10 134 0 Role: 0
0 92 184 105 13 0 Role: 0
0 108 191 22 94 172 110 20 37 6 0 Role: 0
0 99 112 142 148 147 63 0 Role: 0
0 195 85 131 0 Role: 0
0 106 181 33 0 Role: 1
0 119 107 121 0 Role: 1
0 154 133 25 177 0 Role: 2
0 80 0 Role: 2
0 100 120 39 27 58 0 Role: 2
0 8 57 69 175 90 0 Role: 2
0 145 0 Role: 2
0 74 0 Role: 3
0 55 161 170 0 Role: 4
0 52 11 41 91 157 0 Role: 4
0 185 0 Role: 4
0 1 61 7 0 Role: 4
0 44 0 Role: 4
0 194 24 0 Role: 4
0 96 111 71 64 86 0 Role: 5
0 162 188 141 124 129 0 Role: 5
0 78 193 0 Role: 5
0 173 0 Role: 5
0 32 54 103 4 0 Role: 6
0 169 150 200 0 Role: 6
0 122 146 0 Role: 6
0 62 30 0 Role: 6
0 117 0 Role: 6
0 165 143 199 0 Role: 7
0 23 18 0 Role: 7
0 17 163 0 Role: 8
0 196 179 93 0 Role: 8
0 140 43 0 Role: 8
0 187 56 0 Role: 8
0 65 0 Role: 8
0 183 76 0 Role: 9
0 2 53 0 Role: 9
0 126 98 0 Role: 10

Số khách: 114
Chi phí: 1.59148e+07
0 38 42 99 0 Role: 0
0 106 79 0 Role: 0
0 101 92 39 0 Role: 0
0 40 28 66 68 164 150 0 Role: 0
0 35 190 145 132 0 Role: 0
0 1 22 158 197 0 Role: 0
0 53 140 188 127 0 Role: 1
0 161 193 8 0 Role: 1
0 18 154 181 27 107 0 Role: 1
0 133 147 58 170 0 Role: 2
0 194 24 177 80 0 Role: 2
0 44 100 91 41 0 Role: 2
0 175 57 0 Role: 2
0 93 0 Role: 3
0 187 184 54 112 0 Role: 4
0 118 86 141 90 124 0 Role: 4
0 185 157 0 Role: 4
0 7 172 10 0 Role: 4
0 148 142 6 0 Role: 4
0 173 25 69 0 Role: 4
0 13 61 0 Role: 4
0 51 0 Role: 4
0 120 0 Role: 4
0 23 146 0 Role: 5
0 33 117 200 0 Role: 5
0 11 186 78 0 Role: 5
0 20 0 Role: 5
0 30 165 196 71 64 129 0 Role: 6
0 199 0 Role: 6
0 108 0 Role: 6
0 65 122 0 Role: 6
0 143 162 52 0 Role: 6
0 119 43 121 0 Role: 7
0 76 163 0 Role: 8
0 4 31 0 Role: 8
0 2 111 169 0 Role: 9
0 55 62 0 Role: 9
0 183 74 0 Role: 10
0 17 0 Role: 10
0 56 0 Role: 11
0 179 0 Role: 11
0 103 98 0 Role: 12

Số khách: 102
Chi phí: 8.73191e+06
0 98 167 139 0 Role: 0
0 20 44 0 Role: 1
0 27 0 Role: 1
0 8 0 Role: 1
0 57 69 90 177 127 107 0 Role: 1
0 147 91 0 Role: 1
0 184 0 Role: 1
0 141 121 129 41 0 Role: 2
0 193 86 181 80 39 0 Role: 2
0 61 148 0 Role: 2
0 10 51 7 58 0 Role: 2
0 120 175 0 Role: 2
0 185 0 Role: 2
0 24 142 100 0 Role: 2
0 124 0 Role: 3
0 170 173 0 Role: 3
0 145 186 1 0 Role: 3
0 154 25 118 0 Role: 3
0 6 194 0 Role: 3
0 13 0 Role: 3
0 133 0 Role: 3
0 188 0 Role: 4
0 187 33 200 0 Role: 4
0 112 0 Role: 4
0 93 52 157 0 Role: 5
0 162 64 172 0 Role: 5
0 78 161 0 Role: 5
0 74 117 0 Role: 6
0 56 146 106 99 0 Role: 6
0 54 122 0 Role: 6
0 150 76 108 111 0 Role: 7
0 23 65 0 Role: 8
0 143 30 0 Role: 8
0 43 18 0 Role: 8
0 31 0 Role: 8
0 62 0 Role: 8
0 11 0 Role: 8
0 140 196 0 Role: 9
0 169 4 0 Role: 9
0 163 55 119 0 Role: 9
0 199 71 0 Role: 9
0 183 165 22 0 Role: 10
0 179 2 0 Role: 10
0 96 103 32 0 Role: 11
0 126 0 Role: 12

