Số khách: 87
Chi phí: 6.28054e+06
0 72 0 Role: 0
0 94 36 33 14 28 61 58 13 0 Role: 0
0 26 2 19 89 23 64 84 0 Role: 1
0 41 17 34 3 46 49 31 0 Role: 1
0 59 69 30 0 Role: 1
0 24 55 70 32 45 88 44 0 Role: 1
0 97 0 Role: 1
0 47 42 29 0 Role: 1
0 12 0 Role: 1
0 35 0 Role: 1
0 80 90 96 39 8 100 11 57 0 Role: 2
0 53 82 73 18 7 74 0 Role: 2
0 87 1 93 0 Role: 2
0 86 37 10 85 65 0 Role: 3
0 76 0 Role: 3
0 68 0 Role: 3
0 43 79 0 Role: 4
0 16 38 0 Role: 4
0 4 54 81 63 92 0 Role: 4
0 77 0 Role: 4
0 40 0 Role: 5
0 60 75 20 95 22 0 Role: 6
0 48 71 67 0 Role: 6
0 9 27 21 99 0 Role: 7
0 98 0 Role: 8

Số khách: 87
Chi phí: 1.08204e+07
0 54 0 Role: 0
0 2 26 0 Role: 0
0 1 0 Role: 0
0 20 5 0 Role: 0
0 22 3 25 24 55 61 0 Role: 0
0 30 34 19 0 Role: 0
0 65 28 0 Role: 1
0 31 90 47 44 35 0 Role: 1
0 42 97 33 94 17 87 69 46 0 Role: 1
0 82 0 Role: 2
0 93 16 100 14 0 Role: 2
0 39 0 Role: 2
0 77 0 Role: 2
0 57 13 79 37 32 71 36 0 Role: 2
0 70 84 74 0 Role: 2
0 76 4 45 41 38 11 89 49 0 Role: 2
0 96 7 95 0 Role: 3
0 68 0 Role: 3
0 88 64 92 58 23 0 Role: 3
0 12 0 Role: 4
0 18 63 0 Role: 4
0 81 0 Role: 5
0 67 0 Role: 6
0 85 29 59 0 Role: 6
0 53 99 27 48 86 8 10 0 Role: 7
0 75 73 0 Role: 7
0 43 0 Role: 7
0 60 9 0 Role: 8
0 21 0 Role: 8
0 80 40 0 Role: 9

Số khách: 87
Chi phí: 9.78615e+06
0 81 53 8 68 0 Role: 0
0 54 58 55 47 0 Role: 0
0 30 7 26 0 Role: 0
0 39 0 Role: 0
0 5 0 Role: 0
0 71 2 16 69 33 0 Role: 1
0 13 79 77 44 59 49 46 0 Role: 1
0 41 45 84 19 97 32 17 0 Role: 1
0 23 24 35 0 Role: 1
0 43 0 Role: 2
0 87 65 36 0 Role: 2
0 95 34 0 Role: 3
0 89 88 82 0 Role: 3
0 75 67 14 90 94 0 Role: 4
0 64 0 Role: 4
0 92 1 38 4 3 93 0 Role: 4
0 12 29 0 Role: 4
0 11 31 86 0 Role: 4
0 100 42 70 74 57 61 0 Role: 5
0 76 85 48 22 73 10 0 Role: 6
0 99 28 96 18 37 0 Role: 6
0 20 63 0 Role: 6
0 98 40 21 27 0 Role: 7
0 9 0 Role: 8
0 60 80 0 Role: 9

Số khách: 87
Chi phí: 5.50911e+06
0 88 92 17 11 61 93 91 0 Role: 0
0 46 10 0 Role: 1
0 96 73 70 49 58 44 31 0 Role: 2
0 86 48 20 0 Role: 3
0 47 59 32 3 64 55 0 Role: 4
0 13 36 82 8 18 24 81 0 Role: 5
0 79 29 26 0 Role: 5
0 34 30 35 0 Role: 5
0 41 0 Role: 5
0 2 94 97 0 Role: 5
0 23 89 84 69 19 42 0 Role: 5
0 12 45 4 33 0 Role: 5
0 37 71 0 Role: 6
0 22 16 0 Role: 6
0 39 57 63 68 1 38 0 Role: 6
0 28 87 74 7 0 Role: 6
0 77 0 Role: 6
0 43 85 90 65 76 0 Role: 7
0 67 75 0 Role: 7
0 54 95 0 Role: 7
0 14 53 9 27 100 21 0 Role: 8
0 99 0 Role: 8
0 80 98 40 60 0 Role: 9

Số khách: 92
Chi phí: 1.15591e+07
0 54 56 5 0 Role: 0
0 39 97 90 20 0 Role: 0
0 18 35 3 76 32 52 89 33 22 0 Role: 0
0 77 49 0 Role: 0
0 37 55 70 15 50 24 58 34 26 0 Role: 0
0 83 91 79 0 Role: 0
0 12 42 92 0 Role: 1
0 95 7 30 87 29 86 17 0 Role: 2
0 41 69 4 19 0 Role: 2
0 98 74 0 Role: 3
0 94 2 45 64 0 Role: 3
0 59 84 0 Role: 3
0 13 88 0 Role: 3
0 44 31 0 Role: 3
0 46 47 23 0 Role: 3
0 21 0 Role: 4
0 71 81 82 0 Role: 4
0 28 67 0 Role: 4
0 93 63 11 38 16 1 0 Role: 4
0 36 61 68 0 Role: 4
0 57 0 Role: 5
0 73 0 Role: 5
0 100 48 85 0 Role: 5
0 43 8 99 53 0 Role: 5
0 65 10 75 0 Role: 6
0 96 14 0 Role: 7
0 27 0 Role: 8
0 40 80 9 0 Role: 9

Số khách: 89
Chi phí: 9.78825e+06
0 34 30 0 Role: 0
0 47 66 84 0 Role: 0
0 92 64 5 86 91 35 0 Role: 0
0 68 0 Role: 0
0 17 31 0 Role: 0
0 82 29 49 0 Role: 0
0 23 87 0 Role: 1
0 44 45 0 Role: 1
0 38 97 24 0 Role: 1
0 77 12 39 0 Role: 1
0 93 0 Role: 1
0 69 58 4 3 33 55 46 0 Role: 1
0 26 41 32 19 0 Role: 1
0 59 2 0 Role: 1
0 80 0 Role: 2
0 27 57 20 1 36 89 0 Role: 2
0 42 0 Role: 2
0 13 88 11 61 74 0 Role: 2
0 94 7 70 16 0 Role: 2
0 73 22 40 0 Role: 3
0 37 48 0 Role: 3
0 99 75 96 18 10 0 Role: 3
0 8 0 Role: 3
0 100 90 53 85 67 79 0 Role: 3
0 14 0 Role: 3
0 81 54 43 63 28 71 0 Role: 3
0 65 0 Role: 3
0 95 76 0 Role: 3
0 9 21 0 Role: 4
0 98 60 0 Role: 5

Số khách: 88
Chi phí: 6.57065e+06
0 34 81 0 Role: 0
0 78 10 24 13 55 35 47 25 0 Role: 0
0 30 70 1 41 49 46 0 Role: 1
0 4 12 33 0 Role: 1
0 31 58 94 64 23 69 29 0 Role: 1
0 19 32 0 Role: 1
0 74 22 95 28 0 Role: 2
0 40 38 82 20 73 16 48 86 68 0 Role: 3
0 88 77 42 45 0 Role: 3
0 97 84 92 93 3 0 Role: 3
0 89 59 26 17 0 Role: 3
0 44 2 0 Role: 3
0 67 8 71 0 Role: 4
0 36 0 Role: 4
0 87 57 39 76 65 0 Role: 4
0 90 63 18 79 61 0 Role: 4
0 7 11 0 Role: 4
0 75 37 85 21 14 0 Role: 5
0 100 0 Role: 5
0 99 53 0 Role: 6
0 27 0 Role: 6
0 96 54 43 0 Role: 6
0 80 0 Role: 7
0 9 0 Role: 8
0 98 60 0 Role: 9

Số khách: 89
Chi phí: 8.69135e+06
0 74 30 35 47 66 31 0 Role: 0
0 42 37 7 0 Role: 0
0 78 22 38 19 69 0 Role: 0
0 39 94 5 0 Role: 0
0 28 61 0 Role: 1
0 34 97 0 Role: 1
0 68 36 64 95 55 86 29 79 87 49 0 Role: 1
0 24 41 4 23 70 0 Role: 1
0 12 3 45 32 89 2 0 Role: 1
0 88 17 84 59 46 44 0 Role: 1
0 58 26 33 0 Role: 1
0 14 48 75 0 Role: 2
0 81 0 Role: 3
0 100 63 65 13 18 93 0 Role: 3
0 82 77 16 85 57 73 10 0 Role: 4
0 71 1 92 11 0 Role: 4
0 53 20 67 0 Role: 5
0 27 76 0 Role: 6
0 8 0 Role: 7
0 98 96 43 21 0 Role: 7
0 90 99 54 0 Role: 7
0 40 60 9 0 Role: 8
0 80 0 Role: 9

Số khách: 86
Chi phí: 6.29353e+06
0 65 0 Role: 0
0 4 0 Role: 0
0 28 41 61 7 87 84 0 Role: 1
0 26 0 Role: 1
0 70 29 0 Role: 1
0 88 12 19 46 0 Role: 1
0 94 0 Role: 1
0 9 0 Role: 2
0 68 59 1 0 Role: 2
0 31 47 30 0 Role: 2
0 69 0 Role: 2
0 44 32 33 42 64 89 49 0 Role: 2
0 23 34 3 17 55 0 Role: 2
0 24 97 58 0 Role: 2
0 2 45 35 0 Role: 2
0 21 0 Role: 3
0 74 81 67 36 93 90 22 11 82 57 39 0 Role: 3
0 76 13 0 Role: 3
0 16 0 Role: 3
0 60 53 95 0 Role: 4
0 71 18 20 63 54 92 0 Role: 4
0 37 0 Role: 5
0 38 43 86 10 0 Role: 5
0 80 79 85 77 0 Role: 6
0 100 8 73 75 48 0 Role: 6
0 27 14 99 96 0 Role: 7
0 40 0 Role: 8
0 98 0 Role: 9

Số khách: 85
Chi phí: 6.3715e+06
0 98 6 0 Role: 0
0 9 69 0 Role: 0
0 11 0 Role: 1
0 60 90 32 96 28 57 0 Role: 1
0 70 0 Role: 1
0 67 0 Role: 1
0 47 7 88 93 30 55 0 Role: 2
0 33 0 Role: 2
0 37 87 77 1 46 39 49 31 0 Role: 3
0 24 13 41 23 29 17 89 0 Role: 3
0 58 2 84 26 97 4 34 45 0 Role: 3
0 3 59 12 42 94 0 Role: 3
0 64 44 35 0 Role: 3
0 21 16 14 48 76 63 61 74 0 Role: 4
0 82 81 0 Role: 4
0 53 0 Role: 5
0 92 38 0 Role: 5
0 19 0 Role: 5
0 100 0 Role: 6
0 20 71 54 22 86 0 Role: 6
0 68 95 36 79 0 Role: 6
0 43 27 0 Role: 7
0 99 0 Role: 8
0 40 8 0 Role: 8
0 85 65 75 18 10 0 Role: 9

Số khách: 88
Chi phí: 1.01466e+07
0 64 45 0 Role: 0
0 100 17 59 0 Role: 0
0 27 0 Role: 0
0 1 94 0 Role: 0
0 50 95 77 31 66 97 0 Role: 0
0 58 19 0 Role: 0
0 14 8 29 22 87 46 36 0 Role: 1
0 34 79 0 Role: 1
0 24 35 7 61 11 0 Role: 1
0 41 30 70 2 44 49 0 Role: 1
0 23 89 33 4 0 Role: 1
0 32 47 88 55 3 42 84 0 Role: 1
0 69 26 12 0 Role: 1
0 28 21 20 92 0 Role: 2
0 16 93 68 13 38 86 39 0 Role: 2
0 53 73 65 57 67 18 10 0 Role: 3
0 74 90 81 0 Role: 3
0 63 76 82 0 Role: 3
0 37 60 54 75 0 Role: 4
0 96 85 0 Role: 4
0 71 0 Role: 4
0 98 9 48 43 0 Role: 5
0 99 0 Role: 5
0 40 80 0 Role: 6

Số khách: 91
Chi phí: 9.14799e+06
0 4 74 66 33 6 0 Role: 0
0 24 87 15 0 Role: 0
0 27 38 0 Role: 0
0 62 93 0 Role: 0
0 90 5 46 77 41 0 Role: 0
0 58 23 26 0 Role: 1
0 34 17 55 44 84 19 0 Role: 1
0 2 42 31 59 29 45 0 Role: 1
0 47 12 70 89 49 0 Role: 1
0 3 0 Role: 1
0 94 97 88 64 0 Role: 1
0 69 35 0 Role: 1
0 10 48 0 Role: 2
0 75 65 43 8 1 68 16 86 39 36 0 Role: 2
0 22 30 61 0 Role: 2
0 7 0 Role: 2
0 13 32 0 Role: 2
0 76 18 0 Role: 3
0 85 11 82 0 Role: 3
0 81 100 20 14 92 28 0 Role: 3
0 40 37 0 Role: 4
0 96 67 73 79 95 0 Role: 4
0 63 0 Role: 4
0 57 71 54 0 Role: 4
0 80 21 99 9 53 0 Role: 5
0 98 0 Role: 6
0 60 0 Role: 6

Số khách: 88
Chi phí: 7.76783e+06
0 6 29 0 Role: 0
0 28 24 12 63 35 88 0 Role: 0
0 90 0 Role: 0
0 87 15 57 45 0 Role: 0
0 65 69 32 30 41 59 46 0 Role: 1
0 89 26 97 3 34 44 33 23 17 0 Role: 1
0 64 19 2 0 Role: 1
0 55 58 94 0 Role: 1
0 49 70 47 0 Role: 1
0 4 0 Role: 1
0 42 31 0 Role: 1
0 84 0 Role: 1
0 37 54 75 18 36 10 0 Role: 2
0 21 0 Role: 2
0 16 96 67 99 74 61 39 0 Role: 2
0 68 81 82 86 7 76 0 Role: 2
0 1 13 0 Role: 2
0 92 93 38 0 Role: 2
0 48 53 100 73 71 22 11 0 Role: 3
0 95 20 77 79 0 Role: 3
0 43 0 Role: 4
0 14 60 9 27 0 Role: 4
0 85 8 0 Role: 4
0 40 80 0 Role: 5
0 98 0 Role: 6

Số khách: 87
Chi phí: 9.85072e+06
0 46 0 Role: 0
0 33 67 0 Role: 0
0 89 79 0 Role: 0
0 69 70 0 Role: 0
0 98 75 34 92 0 Role: 0
0 51 100 0 Role: 0
0 40 18 95 0 Role: 1
0 55 2 0 Role: 1
0 4 11 0 Role: 1
0 76 23 36 38 97 84 32 0 Role: 1
0 61 44 30 31 12 86 87 93 0 Role: 1
0 17 77 3 24 35 0 Role: 1
0 88 1 0 Role: 1
0 41 0 Role: 1
0 42 13 94 19 0 Role: 1
0 59 45 0 Role: 1
0 58 0 Role: 1
0 49 64 26 47 29 0 Role: 1
0 9 99 8 85 43 65 74 39 0 Role: 2
0 7 68 22 28 0 Role: 2
0 60 96 37 71 82 0 Role: 3
0 81 54 0 Role: 3
0 57 90 0 Role: 3
0 53 16 14 10 0 Role: 4
0 80 27 0 Role: 5
0 63 20 0 Role: 5
0 48 0 Role: 6
0 21 73 0 Role: 6

Số khách: 91
Chi phí: 1.12613e+07
0 37 0 Role: 0
0 77 91 0 Role: 0
0 73 0 Role: 0
0 97 60 38 51 42 15 75 53 7 58 0 Role: 0
0 70 90 0 Role: 0
0 41 6 46 5 1 47 0 Role: 0
0 55 0 Role: 1
0 14 65 29 12 49 44 59 0 Role: 1
0 23 24 33 94 31 0 Role: 1
0 35 0 Role: 1
0 89 3 88 32 2 45 19 0 Role: 1
0 57 87 0 Role: 2
0 36 17 26 34 13 84 0 Role: 2
0 64 30 69 0 Role: 2
0 4 0 Role: 2
0 80 95 20 0 Role: 3
0 54 8 99 81 68 0 Role: 4
0 93 79 74 0 Role: 4
0 76 16 0 Role: 4
0 22 92 86 0 Role: 4
0 43 96 100 28 11 39 0 Role: 5
0 21 63 71 18 61 82 0 Role: 5
0 67 0 Role: 5
0 48 10 85 0 Role: 6
0 40 27 0 Role: 7
0 98 9 0 Role: 8

Số khách: 87
Chi phí: 7.25488e+06
0 93 78 49 33 0 Role: 0
0 48 87 0 Role: 0
0 1 7 0 Role: 0
0 61 42 84 76 41 22 31 97 19 24 46 0 Role: 1
0 29 64 17 32 4 88 0 Role: 1
0 12 47 0 Role: 1
0 59 89 35 55 94 45 44 0 Role: 1
0 70 0 Role: 1
0 69 23 3 2 58 0 Role: 1
0 68 30 13 26 0 Role: 2
0 34 0 Role: 2
0 63 0 Role: 3
0 67 18 38 57 28 77 86 0 Role: 3
0 36 0 Role: 3
0 11 79 0 Role: 3
0 98 60 90 95 71 0 Role: 4
0 39 20 65 0 Role: 4
0 54 0 Role: 4
0 16 92 74 0 Role: 4
0 8 75 73 82 0 Role: 5
0 99 43 100 0 Role: 5
0 37 53 85 14 81 10 0 Role: 5
0 40 96 21 0 Role: 6
0 9 27 0 Role: 7
0 80 0 Role: 8

Số khách: 88
Chi phí: 1.05565e+07
0 19 0 Role: 0
0 32 86 49 0 Role: 0
0 56 34 0 Role: 0
0 70 69 68 0 Role: 0
0 29 62 0 Role: 0
0 11 9 23 55 0 Role: 0
0 90 0 Role: 1
0 58 46 4 89 59 44 24 97 0 Role: 1
0 42 88 2 0 Role: 1
0 12 64 47 41 3 31 0 Role: 1
0 35 26 17 45 33 0 Role: 1
0 84 0 Role: 1
0 94 0 Role: 1
0 77 39 67 0 Role: 2
0 74 63 0 Role: 2
0 76 57 0 Role: 2
0 10 30 7 13 87 93 0 Role: 3
0 1 0 Role: 3
0 20 73 28 96 85 36 0 Role: 4
0 61 0 Role: 4
0 22 92 16 38 0 Role: 4
0 54 75 43 100 18 14 0 Role: 5
0 37 71 79 65 81 0 Role: 5
0 95 82 0 Role: 5
0 48 99 53 8 0 Role: 6
0 21 80 60 27 0 Role: 7
0 98 0 Role: 8
0 40 0 Role: 8

Số khách: 88
Chi phí: 8.31404e+06
0 45 44 0 Role: 0
0 60 74 58 13 34 0 Role: 0
0 7 36 5 19 91 2 35 0 Role: 0
0 49 1 0 Role: 0
0 55 41 21 63 77 46 0 Role: 1
0 76 31 0 Role: 1
0 70 97 87 0 Role: 1
0 12 64 18 0 Role: 1
0 90 86 0 Role: 1
0 33 57 61 68 88 24 0 Role: 1
0 3 0 Role: 1
0 47 4 30 0 Role: 1
0 42 89 17 59 29 23 69 0 Role: 1
0 84 0 Role: 1
0 8 0 Role: 2
0 28 11 75 95 0 Role: 2
0 26 0 Role: 2
0 94 32 0 Role: 2
0 65 20 38 54 93 67 0 Role: 3
0 16 82 22 0 Role: 3
0 48 37 85 100 92 0 Role: 4
0 39 0 Role: 4
0 53 43 0 Role: 5
0 73 99 81 14 96 10 0 Role: 5
0 79 71 0 Role: 5
0 80 9 27 0 Role: 6
0 98 40 0 Role: 7

Số khách: 92
Chi phí: 1.01876e+07
0 35 18 19 0 Role: 0
0 80 70 72 0 Role: 0
0 9 2 69 12 15 51 0 Role: 0
0 95 5 33 58 0 Role: 0
0 83 78 0 Role: 0
0 37 96 48 0 Role: 1
0 84 26 0 Role: 2
0 47 0 Role: 2
0 79 61 13 32 31 39 0 Role: 3
0 89 57 0 Role: 3
0 93 0 Role: 3
0 11 0 Role: 4
0 74 49 0 Role: 4
0 30 45 24 29 1 55 46 0 Role: 4
0 94 17 44 88 3 42 64 0 Role: 4
0 34 23 0 Role: 4
0 97 41 4 0 Role: 4
0 38 16 0 Role: 5
0 10 54 90 68 76 82 81 0 Role: 5
0 28 22 0 Role: 5
0 92 77 87 0 Role: 5
0 7 36 59 0 Role: 5
0 67 8 73 75 14 0 Role: 6
0 63 20 0 Role: 6
0 86 65 0 Role: 6
0 40 100 53 0 Role: 7
0 71 0 Role: 7
0 21 60 99 27 0 Role: 8
0 43 85 0 Role: 8
0 98 0 Role: 9

Số khách: 81
Chi phí: 5.29472e+06
0 24 20 0 Role: 0
0 7 74 47 0 Role: 1
0 42 29 41 55 97 0 Role: 1
0 88 89 0 Role: 1
0 12 0 Role: 1
0 13 34 84 0 Role: 1
0 70 33 69 0 Role: 1
0 31 35 59 32 17 0 Role: 1
0 2 44 49 4 3 45 94 0 Role: 1
0 64 23 26 58 0 Role: 1
0 100 0 Role: 2
0 67 0 Role: 2
0 16 0 Role: 3
0 54 82 39 81 61 68 36 57 93 19 46 0 Role: 4
0 1 30 0 Role: 4
0 18 0 Role: 5
0 14 0 Role: 6
0 77 71 63 87 65 38 0 Role: 6
0 43 73 75 0 Role: 7
0 80 79 10 0 Role: 8
0 53 0 Role: 8
0 95 11 86 22 28 0 Role: 8
0 8 76 0 Role: 8
0 90 92 0 Role: 8
0 85 99 96 21 0 Role: 9
0 37 48 0 Role: 9

Số khách: 86
Chi phí: 5.10068e+06
0 18 0 Role: 0
0 90 92 93 0 Role: 1
0 100 71 74 32 84 86 38 49 31 0 Role: 2
0 19 64 34 2 42 17 46 0 Role: 2
0 33 41 47 23 58 0 Role: 2
0 54 97 28 69 0 Role: 3
0 14 89 1 11 39 77 0 Role: 3
0 55 44 88 26 35 12 45 30 24 0 Role: 3
0 70 0 Role: 3
0 3 13 29 59 94 0 Role: 3
0 4 0 Role: 3
0 27 65 82 20 0 Role: 4
0 10 43 67 0 Role: 4
0 81 79 36 16 7 76 61 0 Role: 4
0 87 68 57 0 Role: 5
0 22 95 0 Role: 5
0 37 96 48 85 8 0 Role: 6
0 60 0 Role: 7
0 73 75 0 Role: 7
0 21 99 53 63 0 Role: 7
0 80 0 Role: 8
0 9 0 Role: 8
0 98 40 0 Role: 9

Số khách: 86
Chi phí: 6.20726e+06
0 36 0 Role: 0
0 45 0 Role: 0
0 3 0 Role: 1
0 71 28 55 24 32 0 Role: 1
0 84 58 17 1 13 0 Role: 1
0 69 89 46 0 Role: 1
0 70 59 94 2 0 Role: 1
0 4 42 44 0 Role: 1
0 29 0 Role: 1
0 34 49 64 35 12 47 0 Role: 1
0 23 88 0 Role: 1
0 20 0 Role: 2
0 86 0 Role: 3
0 97 8 7 30 0 Role: 3
0 31 77 87 61 0 Role: 3
0 93 41 19 26 33 0 Role: 3
0 73 0 Role: 4
0 81 10 82 85 76 74 0 Role: 4
0 39 79 63 68 16 38 0 Role: 4
0 95 92 11 0 Role: 4
0 53 0 Role: 5
0 57 0 Role: 6
0 27 0 Role: 6
0 90 96 99 37 0 Role: 6
0 65 67 0 Role: 6
0 54 18 43 75 0 Role: 6
0 22 0 Role: 6
0 48 21 100 14 0 Role: 7
0 9 0 Role: 8
0 98 0 Role: 9
0 60 80 40 0 Role: 9

Số khách: 86
Chi phí: 7.57831e+06
0 63 81 39 20 26 0 Role: 0
0 32 0 Role: 0
0 66 0 Role: 0
0 74 38 45 44 61 86 0 Role: 1
0 42 93 59 17 97 35 0 Role: 1
0 3 31 84 23 0 Role: 1
0 33 1 0 Role: 2
0 11 0 Role: 2
0 55 53 99 100 22 36 8 48 87 0 Role: 3
0 68 13 79 0 Role: 3
0 16 46 47 49 12 24 0 Role: 3
0 64 30 34 69 89 19 0 Role: 3
0 29 94 58 2 88 0 Role: 3
0 4 41 70 0 Role: 3
0 7 92 28 77 0 Role: 4
0 85 21 0 Role: 5
0 43 10 75 0 Role: 5
0 65 57 71 90 67 82 0 Role: 5
0 95 76 18 54 0 Role: 6
0 9 14 96 73 37 0 Role: 7
0 27 0 Role: 8
0 80 0 Role: 9
0 40 60 0 Role: 9

Số khách: 75
Chi phí: 7.2387e+06
0 76 56 0 Role: 0
0 89 0 Role: 0
0 88 15 0 Role: 0
0 40 0 Role: 1
0 84 3 0 Role: 1
0 33 46 61 38 49 55 0 Role: 2
0 41 94 17 0 Role: 2
0 90 67 48 63 97 11 57 31 0 Role: 3
0 19 0 Role: 4
0 32 29 58 13 70 23 69 0 Role: 4
0 12 24 30 2 45 59 34 35 42 0 Role: 4
0 22 81 28 93 92 64 36 0 Role: 5
0 44 87 86 4 16 0 Role: 5
0 77 47 26 0 Role: 5
0 1 0 Role: 5
0 74 95 39 0 Role: 6
0 75 71 54 7 68 79 0 Role: 7
0 96 43 0 Role: 8
0 99 65 0 Role: 9
0 18 10 82 0 Role: 9
0 20 0 Role: 9

Số khách: 91
Chi phí: 1.01324e+07
0 92 0 Role: 0
0 24 47 59 34 42 0 Role: 0
0 89 79 69 52 26 25 0 Role: 0
0 32 0 Role: 0
0 17 2 15 91 70 4 56 0 Role: 0
0 97 7 30 93 86 0 Role: 1
0 33 1 23 0 Role: 1
0 96 100 64 13 14 46 39 36 0 Role: 2
0 44 94 68 19 0 Role: 2
0 84 55 12 41 45 88 0 Role: 2
0 49 35 0 Role: 2
0 31 3 29 58 0 Role: 2
0 71 74 38 63 22 87 67 0 Role: 3
0 11 0 Role: 3
0 57 76 90 82 0 Role: 3
0 16 0 Role: 3
0 28 77 81 61 0 Role: 3
0 73 0 Role: 4
0 20 21 0 Role: 5
0 65 0 Role: 5
0 43 75 95 10 0 Role: 5
0 27 18 54 37 8 0 Role: 6
0 9 0 Role: 7
0 85 99 48 53 0 Role: 7
0 40 80 60 0 Role: 8
0 98 0 Role: 9

Số khách: 87
Chi phí: 9.89995e+06
0 10 28 26 88 0 Role: 0
0 6 0 Role: 0
0 69 67 0 Role: 0
0 29 35 0 Role: 0
0 19 24 1 31 97 46 64 0 Role: 0
0 23 0 Role: 1
0 4 0 Role: 1
0 70 84 47 30 0 Role: 1
0 42 33 17 44 3 49 0 Role: 1
0 45 13 34 55 2 0 Role: 1
0 94 32 0 Role: 1
0 58 89 0 Role: 1
0 80 73 43 0 Role: 2
0 41 90 74 0 Role: 2
0 57 68 76 22 7 0 Role: 2
0 39 59 0 Role: 2
0 63 36 38 79 75 0 Role: 3
0 16 86 93 95 65 61 0 Role: 3
0 82 77 0 Role: 3
0 87 12 81 11 92 0 Role: 3
0 96 37 85 21 14 0 Role: 4
0 8 0 Role: 5
0 54 20 0 Role: 5
0 99 100 71 18 0 Role: 5
0 40 0 Role: 6
0 48 53 0 Role: 6
0 27 0 Role: 7
0 9 0 Role: 8
0 98 60 0 Role: 9

Số khách: 87
Chi phí: 6.98397e+06
0 24 0 Role: 0
0 50 0 Role: 0
0 33 0 Role: 0
0 26 29 23 89 19 31 88 0 Role: 1
0 55 47 64 35 0 Role: 1
0 70 58 34 3 0 Role: 1
0 94 45 17 49 41 0 Role: 1
0 86 54 16 0 Role: 2
0 99 1 46 77 36 0 Role: 2
0 22 0 Role: 2
0 92 12 13 87 69 38 0 Role: 2
0 30 84 2 61 0 Role: 2
0 7 4 44 0 Role: 2
0 32 97 0 Role: 2
0 65 43 59 42 0 Role: 3
0 8 63 95 18 0 Role: 4
0 79 11 68 93 82 81 0 Role: 4
0 74 67 0 Role: 4
0 28 39 57 90 76 0 Role: 4
0 80 21 73 96 48 20 37 71 0 Role: 5
0 40 60 85 53 100 75 0 Role: 6
0 10 14 0 Role: 6
0 27 0 Role: 7
0 98 0 Role: 8
0 9 0 Role: 8

Số khách: 85
Chi phí: 7.60621e+06
0 67 95 58 69 29 0 Role: 0
0 40 75 86 74 36 89 50 46 0 Role: 0
0 38 45 0 Role: 0
0 44 59 42 4 17 55 31 0 Role: 1
0 12 87 0 Role: 2
0 57 23 19 34 35 24 49 0 Role: 3
0 84 41 94 97 30 26 3 0 Role: 3
0 70 32 47 64 0 Role: 3
0 33 0 Role: 3
0 2 88 0 Role: 3
0 48 39 1 0 Role: 4
0 27 28 96 92 93 0 Role: 5
0 10 43 0 Role: 6
0 61 0 Role: 6
0 7 0 Role: 6
0 77 0 Role: 6
0 76 79 11 0 Role: 6
0 60 18 0 Role: 7
0 37 0 Role: 7
0 65 13 71 54 90 63 22 0 Role: 7
0 81 0 Role: 7
0 82 16 68 0 Role: 7
0 9 100 20 53 0 Role: 8
0 21 0 Role: 8
0 85 73 8 14 0 Role: 9
0 99 0 Role: 9

Số khách: 82
Chi phí: 6.26858e+06
0 56 0 Role: 0
0 61 44 0 Role: 0
0 76 0 Role: 1
0 100 20 45 87 68 46 36 0 Role: 1
0 19 12 0 Role: 1
0 47 29 84 49 0 Role: 1
0 23 0 Role: 1
0 34 0 Role: 1
0 69 0 Role: 2
0 74 30 86 3 31 0 Role: 2
0 88 4 58 64 0 Role: 2
0 75 0 Role: 3
0 16 14 10 0 Role: 4
0 38 92 42 39 41 97 24 11 0 Role: 5
0 95 85 94 67 82 2 0 Role: 6
0 7 17 77 59 89 55 0 Role: 7
0 26 32 1 13 70 33 0 Role: 7
0 35 0 Role: 7
0 21 65 22 71 28 54 0 Role: 8
0 18 57 93 63 90 81 79 0 Role: 8
0 43 9 48 0 Role: 9
0 53 37 73 8 96 0 Role: 9
0 99 0 Role: 9

Số khách: 88
Chi phí: 1.06777e+07
0 64 83 0 Role: 0
0 97 0 Role: 0
0 74 0 Role: 0
0 3 28 11 45 23 84 30 0 Role: 0
0 16 19 56 35 49 0 Role: 0
0 77 18 0 Role: 0
0 93 65 81 26 70 31 46 0 Role: 1
0 41 88 0 Role: 1
0 59 0 Role: 1
0 69 2 12 34 0 Role: 1
0 4 33 32 89 0 Role: 1
0 42 47 0 Role: 1
0 44 0 Role: 1
0 17 94 29 58 0 Role: 1
0 24 0 Role: 1
0 87 0 Role: 2
0 67 7 0 Role: 2
0 95 0 Role: 3
0 63 36 0 Role: 4
0 22 76 54 0 Role: 4
0 61 57 90 39 92 55 0 Role: 4
0 79 38 14 82 43 0 Role: 5
0 20 0 Role: 5
0 73 85 8 71 68 86 0 Role: 5
0 1 13 0 Role: 5
0 9 21 0 Role: 6
0 53 96 99 10 48 0 Role: 6
0 75 37 100 0 Role: 6
0 27 0 Role: 7
0 80 60 0 Role: 8
0 98 40 0 Role: 8

Số khách: 91
Chi phí: 1.1552e+07
0 70 44 0 Role: 0
0 25 69 59 55 13 52 3 91 17 56 4 64 31 0 Role: 0
0 81 90 61 22 0 Role: 0
0 38 0 Role: 0
0 83 53 68 29 32 66 89 86 47 97 0 Role: 0
0 24 0 Role: 0
0 93 0 Role: 1
0 14 35 88 11 2 74 45 46 0 Role: 2
0 42 23 36 19 12 0 Role: 2
0 80 98 16 21 39 82 67 87 49 0 Role: 3
0 1 0 Role: 3
0 96 63 0 Role: 4
0 75 0 Role: 4
0 41 0 Role: 5
0 33 0 Role: 5
0 85 60 48 77 26 34 0 Role: 6
0 30 84 58 94 0 Role: 6
0 100 0 Role: 7
0 37 8 43 20 10 0 Role: 7
0 57 0 Role: 7
0 73 0 Role: 7
0 65 54 76 18 28 95 71 0 Role: 7
0 92 7 0 Role: 7
0 79 0 Role: 8
0 99 9 27 0 Role: 9

Số khách: 86
Chi phí: 4.69264e+06
0 1 0 Role: 0
0 68 0 Role: 1
0 39 12 36 74 23 46 45 31 0 Role: 1
0 70 0 Role: 1
0 9 19 17 97 0 Role: 2
0 34 69 88 55 49 0 Role: 2
0 94 61 58 0 Role: 3
0 24 29 47 4 44 2 0 Role: 3
0 35 84 59 42 89 64 0 Role: 3
0 30 32 3 0 Role: 3
0 26 33 41 0 Role: 3
0 60 75 57 87 90 7 76 0 Role: 4
0 22 79 0 Role: 4
0 93 13 86 92 28 38 0 Role: 4
0 77 16 0 Role: 4
0 11 0 Role: 4
0 43 54 85 8 100 21 71 0 Role: 5
0 95 0 Role: 5
0 65 0 Role: 5
0 67 20 63 82 81 0 Role: 5
0 18 0 Role: 5
0 40 0 Role: 6
0 10 48 37 0 Role: 6
0 14 99 96 73 53 0 Role: 6
0 98 0 Role: 7
0 80 27 0 Role: 7

