Số khách: 200
Chi phí: 1.02216e+07
0 24 30 66 82 114 122 142 182 195 2 12 20 27 32 55 85 86 88 111 112 113 119 123 124 129 134 136 164 168 171 174 179 0 Role: 0
0 29 10 51 110 116 131 181 185 189 0 Role: 0
0 41 154 35 43 101 115 0 Role: 1
0 19 39 169 45 57 83 0 Role: 1
0 177 62 173 71 0 Role: 1
0 141 53 146 25 63 0 Role: 1
0 96 156 180 95 137 0 Role: 1
0 199 33 3 11 133 102 0 Role: 2
0 167 100 163 127 0 Role: 2
0 175 9 197 89 50 0 Role: 3
0 93 31 68 34 37 150 0 Role: 3
0 36 105 149 84 165 64 132 17 0 Role: 4
0 170 1 48 148 52 160 0 Role: 4
0 73 172 191 76 103 139 162 0 Role: 5
0 72 147 192 5 42 44 0 Role: 6
0 97 26 128 79 196 21 0 Role: 7
0 159 18 106 4 184 46 0 Role: 7
0 157 13 49 126 200 70 0 Role: 8
0 198 67 130 187 77 183 91 143 58 16 59 0 Role: 9
0 190 99 135 108 0 Role: 9
0 144 155 60 120 161 23 0 Role: 9
0 92 0 Role: 9
0 188 166 186 0 Role: 9
0 176 28 75 87 0 Role: 9
0 125 74 15 38 0 Role: 10
0 107 193 7 94 65 0 Role: 10
0 61 121 80 98 194 90 0 Role: 10
0 118 158 54 104 22 151 138 178 14 140 0 Role: 10
0 56 0 Role: 10
0 152 0 Role: 10
0 6 69 153 81 145 0 Role: 10
0 8 40 47 78 0 Role: 11
0 109 117 0 Role: 11

Số khách: 49
Chi phí: 3.43055e+06
0 84 27 138 2 4 6 12 14 20 28 32 54 55 58 60 61 77 80 87 88 90 95 96 104 108 111 113 121 123 134 145 156 161 171 174 59 129 178 183 65 0 Role: 0
0 169 45 79 100 52 37 92 140 136 0 Role: 1

Số khách: 193
Chi phí: 9.07068e+06
0 24 30 66 82 114 122 142 182 195 2 12 16 20 23 27 28 32 58 59 60 67 75 77 85 86 87 88 108 112 119 120 123 124 129 136 143 161 164 166 168 171 174 176 179 183 0 Role: 0
0 10 51 110 0 Role: 0
0 13 49 200 126 37 150 0 Role: 1
0 113 38 135 155 186 130 0 Role: 1
0 103 139 55 68 99 163 4 0 Role: 1
0 76 34 127 111 134 0 Role: 1
0 147 192 3 11 33 46 100 0 Role: 2
0 101 44 172 115 64 72 149 184 196 167 0 Role: 3
0 35 191 165 197 18 97 0 Role: 3
0 42 45 173 57 148 43 52 144 0 Role: 3
0 83 31 190 21 79 0 Role: 3
0 41 154 1 5 9 17 132 0 Role: 4
0 19 39 169 48 50 93 0 Role: 4
0 177 62 71 187 188 198 0 Role: 4
0 141 53 146 25 63 0 Role: 4
0 96 156 180 95 92 0 Role: 4
0 26 78 89 106 0 Role: 5
0 128 159 91 137 0 Role: 5
0 125 74 15 160 0 Role: 6
0 107 193 7 94 65 0 Role: 6
0 61 121 80 98 194 90 0 Role: 6
0 118 158 54 104 22 151 138 178 14 140 0 Role: 6
0 56 0 Role: 6
0 152 0 Role: 6
0 6 69 153 81 145 0 Role: 6
0 8 36 40 47 70 84 105 162 0 Role: 7
0 73 102 133 0 Role: 8
0 109 117 170 175 199 0 Role: 9

Số khách: 190
Chi phí: 8.0191e+06
0 24 30 66 82 114 122 142 182 195 2 12 16 20 23 27 28 32 58 59 60 67 75 77 85 86 87 88 108 112 119 120 123 124 129 136 143 161 164 166 168 171 174 176 179 183 0 Role: 0
0 13 49 200 126 37 150 0 Role: 1
0 113 38 135 155 186 130 0 Role: 1
0 103 139 55 68 99 163 4 0 Role: 1
0 76 34 127 111 134 0 Role: 1
0 8 36 40 47 70 84 105 162 0 Role: 2
0 199 33 3 11 133 102 0 Role: 3
0 167 100 91 137 46 0 Role: 3
0 101 44 172 115 64 72 149 184 196 0 Role: 4
0 35 191 165 197 18 97 0 Role: 4
0 42 45 173 57 148 43 52 144 0 Role: 4
0 83 31 190 21 79 0 Role: 4
0 125 74 15 160 0 Role: 5
0 107 193 7 94 65 0 Role: 5
0 61 121 80 98 194 90 0 Role: 5
0 118 158 54 104 22 151 138 178 14 140 0 Role: 5
0 56 0 Role: 5
0 152 0 Role: 5
0 6 69 153 81 145 0 Role: 5
0 41 154 1 5 9 17 132 0 Role: 6
0 19 39 169 48 50 93 0 Role: 6
0 177 62 71 187 188 198 0 Role: 6
0 141 53 146 25 63 0 Role: 6
0 96 156 180 95 92 0 Role: 6
0 26 78 89 106 0 Role: 7
0 128 159 0 Role: 7
0 73 109 117 170 175 0 Role: 8
0 147 192 0 Role: 9

Số khách: 83
Chi phí: 3.65732e+06
0 127 2 4 18 20 23 27 32 60 65 69 88 111 112 119 123 134 136 153 164 168 171 174 178 179 14 54 55 56 77 87 96 113 138 145 0 Role: 0
0 129 154 161 193 71 79 16 130 0 Role: 1
0 155 62 143 133 159 63 124 0 Role: 1
0 12 59 137 25 0 Role: 1
0 7 75 38 140 121 108 28 158 0 Role: 1
0 15 80 186 22 53 76 81 0 Role: 1
0 6 58 90 194 118 183 95 61 98 0 Role: 1
0 94 92 104 120 152 0 Role: 1

Số khách: 143
Chi phí: 5.13711e+06
0 127 2 4 18 20 23 27 32 60 65 69 88 111 112 119 123 134 136 153 164 168 171 174 178 179 14 54 55 56 77 87 96 113 138 145 0 Role: 0
0 84 45 17 47 40 109 0 Role: 1
0 200 125 36 175 78 0 Role: 1
0 165 106 128 135 139 150 184 196 5 16 0 Role: 1
0 44 37 67 107 0 Role: 1
0 9 132 103 57 72 170 1 130 0 Role: 2
0 35 115 25 0 Role: 2
0 172 163 0 Role: 2
0 39 64 43 177 169 101 0 Role: 2
0 19 93 50 3 21 76 0 Role: 2
0 31 11 100 46 52 81 144 0 Role: 2
0 129 154 161 193 71 79 141 0 Role: 3
0 155 62 143 133 159 63 124 0 Role: 3
0 12 59 99 137 92 146 0 Role: 3
0 7 75 38 140 121 108 28 158 0 Role: 3
0 15 80 186 22 53 91 104 152 0 Role: 3
0 6 58 90 194 118 183 95 61 98 0 Role: 3
0 94 120 151 156 160 188 0 Role: 3

Số khách: 60
Chi phí: 3.58551e+06
0 127 2 4 18 20 23 27 32 60 65 69 88 111 112 119 123 134 136 153 164 168 171 174 178 179 14 54 55 56 77 87 96 113 138 145 7 15 59 80 90 95 129 0 Role: 0
0 1 3 11 19 21 25 34 102 188 16 143 0 Role: 1
0 33 37 46 50 52 100 160 0 Role: 1

Số khách: 196
Chi phí: 9.6597e+06
0 24 30 47 2 4 10 12 16 18 20 21 23 27 28 32 58 59 60 67 75 77 85 86 87 88 108 112 119 120 123 124 129 136 143 161 164 166 168 171 174 176 179 183 0 Role: 0
0 29 51 66 82 114 122 131 142 181 182 195 0 Role: 0
0 84 105 99 109 117 0 Role: 1
0 157 8 26 36 40 46 52 97 0 Role: 2
0 73 78 70 162 0 Role: 3
0 89 159 0 Role: 3
0 199 33 3 11 133 102 0 Role: 4
0 167 100 91 137 0 Role: 4
0 101 44 172 115 64 72 149 184 196 0 Role: 5
0 35 191 165 197 106 128 0 Role: 5
0 42 45 173 57 148 43 0 Role: 5
0 83 31 190 79 186 0 Role: 5
0 41 154 1 5 9 17 132 0 Role: 6
0 19 39 169 48 50 93 0 Role: 6
0 177 62 71 187 188 198 0 Role: 6
0 141 53 146 25 63 0 Role: 6
0 96 156 180 95 92 0 Role: 6
0 125 74 15 130 144 0 Role: 7
0 107 193 7 94 65 0 Role: 7
0 61 121 80 98 194 90 0 Role: 7
0 118 158 54 104 22 151 138 178 14 140 0 Role: 7
0 56 160 0 Role: 7
0 152 0 Role: 7
0 6 69 153 81 145 0 Role: 7
0 13 49 200 126 37 150 0 Role: 8
0 113 38 135 155 0 Role: 8
0 103 139 55 68 163 0 Role: 8
0 76 34 127 111 134 0 Role: 8
0 147 170 175 192 0 Role: 9

Số khách: 162
Chi phí: 6.02476e+06
0 127 2 4 18 20 23 27 32 60 65 69 88 111 112 119 123 134 136 153 164 168 171 174 178 179 0 Role: 0
0 129 154 161 193 71 79 150 196 0 Role: 1
0 155 62 143 133 159 0 Role: 1
0 12 59 99 137 184 0 Role: 1
0 7 75 38 140 121 108 28 158 0 Role: 1
0 15 80 186 67 107 0 Role: 1
0 6 58 90 194 118 183 95 61 98 0 Role: 1
0 94 0 Role: 1
0 5 170 72 48 74 141 17 0 Role: 2
0 57 149 3 21 33 34 102 0 Role: 2
0 83 25 199 187 16 113 52 46 0 Role: 3
0 96 55 166 104 152 68 188 130 0 Role: 3
0 163 160 145 56 76 138 14 77 0 Role: 3
0 54 91 151 0 Role: 3
0 124 0 Role: 3
0 63 92 0 Role: 3
0 190 120 53 144 81 0 Role: 3
0 180 22 0 Role: 3
0 176 146 87 156 0 Role: 3
0 9 132 103 44 45 125 0 Role: 4
0 35 97 115 165 191 0 Role: 4
0 172 0 Role: 4
0 39 64 43 177 169 0 Role: 4
0 19 93 50 139 0 Role: 4
0 31 11 100 167 0 Role: 4
0 147 192 1 49 41 126 70 36 0 Role: 5
0 148 101 197 173 198 106 0 Role: 5
0 89 37 0 Role: 5

Số khách: 115
Chi phí: 4.5932e+06
0 127 2 4 18 20 23 27 32 60 65 69 88 111 112 119 123 134 136 153 164 168 171 174 178 179 14 54 55 56 77 87 96 113 138 145 0 Role: 0
0 147 192 1 49 41 126 70 48 149 9 93 0 Role: 1
0 148 101 197 173 198 34 97 0 Role: 1
0 89 33 102 3 11 19 21 37 50 0 Role: 1
0 129 154 161 193 71 79 141 16 0 Role: 2
0 155 62 143 133 159 63 124 0 Role: 2
0 12 59 99 137 25 0 Role: 2
0 7 38 140 121 108 28 158 0 Role: 2
0 15 80 186 22 53 67 81 144 160 0 Role: 2
0 6 58 90 194 118 183 95 61 98 0 Role: 2
0 94 76 92 104 152 0 Role: 2
0 5 17 31 0 Role: 3

Số khách: 153
Chi phí: 5.55435e+06
0 127 2 4 18 20 23 27 32 60 65 69 88 111 112 119 123 134 136 153 164 168 171 174 178 179 14 54 55 56 77 87 96 113 138 145 0 Role: 0
0 9 132 103 57 72 170 97 5 16 0 Role: 1
0 35 115 167 196 0 Role: 1
0 172 0 Role: 1
0 39 64 43 177 169 93 0 Role: 1
0 19 50 22 124 130 0 Role: 1
0 31 11 100 25 46 52 81 144 0 Role: 1
0 147 192 1 49 41 126 70 48 149 17 0 Role: 2
0 148 101 197 173 198 34 0 Role: 2
0 89 33 102 37 68 0 Role: 2
0 129 154 161 193 71 79 141 150 0 Role: 3
0 155 62 143 133 159 63 187 0 Role: 3
0 12 59 99 137 92 146 0 Role: 3
0 7 75 38 140 121 108 28 158 0 Role: 3
0 15 80 186 53 67 91 104 152 0 Role: 3
0 6 58 90 118 183 95 61 98 0 Role: 3
0 94 76 135 151 156 160 188 0 Role: 3
0 3 21 74 106 107 120 180 0 Role: 4
0 163 0 Role: 4
0 166 176 190 194 0 Role: 4

Số khách: 181
Chi phí: 7.29382e+06
0 24 30 66 82 114 122 142 182 195 2 12 16 20 23 27 28 32 58 59 60 67 75 77 85 86 87 88 108 112 119 120 123 124 129 136 143 161 164 166 168 171 174 176 179 183 0 Role: 0
0 125 74 15 0 Role: 1
0 107 193 7 94 65 0 Role: 1
0 61 121 80 98 194 90 0 Role: 1
0 118 158 54 104 22 151 138 178 14 140 0 Role: 1
0 56 0 Role: 1
0 152 0 Role: 1
0 6 69 153 81 145 0 Role: 1
0 199 33 3 11 133 102 0 Role: 2
0 167 100 91 137 0 Role: 2
0 13 49 200 126 37 150 0 Role: 3
0 113 38 135 155 186 0 Role: 3
0 103 139 55 68 99 163 0 Role: 3
0 76 34 127 111 134 0 Role: 3
0 97 26 128 79 196 21 130 0 Role: 4
0 159 18 106 4 184 46 52 144 160 0 Role: 4
0 101 44 172 115 64 72 149 0 Role: 5
0 35 191 165 197 0 Role: 5
0 42 45 173 57 148 43 0 Role: 5
0 83 31 190 0 Role: 5
0 41 154 1 5 9 17 132 0 Role: 6
0 19 39 169 48 50 93 0 Role: 6
0 177 62 71 187 188 198 0 Role: 6
0 141 53 146 25 63 0 Role: 6
0 96 156 180 95 92 0 Role: 6
0 8 36 40 47 70 84 105 162 0 Role: 7

Số khách: 175
Chi phí: 6.52203e+06
0 127 2 4 18 20 23 27 32 60 65 69 88 111 112 119 123 134 136 153 164 168 171 174 178 179 14 54 55 56 77 87 96 113 138 145 0 Role: 0
0 9 132 103 57 72 170 74 162 16 130 0 Role: 1
0 35 115 97 46 0 Role: 1
0 172 197 0 Role: 1
0 39 64 43 177 169 0 Role: 1
0 19 93 50 3 21 76 0 Role: 1
0 31 11 100 25 52 81 144 160 0 Role: 1
0 8 13 26 42 167 148 137 0 Role: 2
0 73 105 1 34 41 101 149 0 Role: 3
0 117 191 89 102 198 152 0 Role: 3
0 84 45 17 47 40 109 0 Role: 4
0 200 125 36 175 78 0 Role: 4
0 165 106 128 135 139 150 184 196 5 0 Role: 4
0 44 37 67 107 0 Role: 4
0 129 154 161 193 71 79 141 0 Role: 5
0 155 62 143 133 159 63 124 0 Role: 5
0 12 59 99 22 68 91 120 0 Role: 5
0 7 75 38 140 121 108 28 158 0 Role: 5
0 15 80 186 53 92 146 151 0 Role: 5
0 6 58 90 194 118 183 95 61 98 0 Role: 5
0 94 104 156 166 0 Role: 5
0 48 49 70 83 126 173 199 0 Role: 6
0 163 176 180 187 188 0 Role: 6

Số khách: 179
Chi phí: 6.85492e+06
0 127 2 4 18 20 23 27 32 60 65 69 88 111 112 119 123 134 136 153 164 168 171 174 178 179 0 Role: 0
0 9 132 103 57 72 170 74 162 0 Role: 1
0 35 115 97 0 Role: 1
0 172 0 Role: 1
0 39 64 43 177 169 0 Role: 1
0 19 93 50 3 21 0 Role: 1
0 31 11 100 0 Role: 1
0 129 154 161 193 71 79 141 0 Role: 2
0 155 62 143 133 159 0 Role: 2
0 12 59 99 137 0 Role: 2
0 7 75 38 140 121 108 28 158 0 Role: 2
0 15 80 186 0 Role: 2
0 6 58 90 194 118 183 95 61 98 0 Role: 2
0 94 0 Role: 2
0 84 45 17 47 40 109 0 Role: 3
0 200 125 36 175 78 0 Role: 3
0 165 106 128 135 139 150 184 196 5 0 Role: 3
0 44 37 67 107 0 Role: 3
0 8 13 26 42 167 0 Role: 4
0 83 25 199 187 16 113 52 46 0 Role: 5
0 96 55 166 104 152 68 188 130 0 Role: 5
0 163 160 145 56 76 138 14 77 0 Role: 5
0 54 91 151 0 Role: 5
0 124 0 Role: 5
0 63 92 0 Role: 5
0 190 120 53 144 81 0 Role: 5
0 180 22 0 Role: 5
0 176 146 87 156 0 Role: 5
0 147 192 1 49 41 126 70 48 149 0 Role: 6
0 148 101 197 173 198 34 0 Role: 6
0 89 33 102 0 Role: 6
0 73 105 0 Role: 7
0 117 191 0 Role: 7

Số khách: 199
Chi phí: 9.79662e+06
0 29 147 192 10 51 99 109 110 116 117 131 170 175 181 185 189 0 Role: 0
0 24 30 66 82 114 122 142 182 195 2 12 16 20 23 27 28 32 58 59 60 67 75 77 85 86 87 88 108 112 119 120 123 124 129 136 143 161 164 166 168 171 174 176 179 183 0 Role: 0
0 157 0 Role: 1
0 13 49 200 126 37 150 0 Role: 2
0 113 38 135 155 0 Role: 2
0 103 139 55 68 163 0 Role: 2
0 76 34 127 111 134 0 Role: 2
0 41 154 1 5 9 17 132 0 Role: 3
0 19 39 169 48 50 93 0 Role: 3
0 177 62 71 187 188 198 0 Role: 3
0 141 53 146 25 63 0 Role: 3
0 96 156 180 95 92 0 Role: 3
0 97 26 128 79 196 21 130 0 Role: 4
0 159 18 106 4 184 46 52 144 160 0 Role: 4
0 8 36 40 47 70 84 105 162 0 Role: 5
0 101 44 172 115 64 72 149 0 Role: 6
0 35 191 165 197 0 Role: 6
0 42 45 173 57 148 43 0 Role: 6
0 83 31 190 0 Role: 6
0 199 33 3 11 133 102 0 Role: 7
0 167 100 91 137 0 Role: 7
0 73 78 0 Role: 8
0 89 0 Role: 8
0 125 74 15 0 Role: 9
0 107 193 7 94 65 0 Role: 9
0 61 121 80 98 194 90 0 Role: 9
0 118 158 54 104 22 151 138 178 14 140 0 Role: 9
0 56 0 Role: 9
0 152 0 Role: 9
0 6 69 153 81 145 0 Role: 9

Số khách: 122
Chi phí: 4.72671e+06
0 127 2 4 18 20 23 27 32 60 65 69 88 111 112 119 123 134 136 153 164 168 171 174 178 179 14 54 55 56 77 87 96 113 138 145 0 Role: 0
0 129 154 161 193 71 79 150 196 0 Role: 1
0 155 62 143 133 159 63 124 0 Role: 1
0 12 59 99 137 184 16 0 Role: 1
0 7 75 38 140 121 108 158 28 130 0 Role: 1
0 15 80 186 67 107 135 180 0 Role: 1
0 6 58 90 194 118 183 95 61 98 0 Role: 1
0 94 22 53 81 120 151 0 Role: 1
0 1 3 31 50 52 100 102 188 0 Role: 2
0 11 19 21 74 76 103 104 106 152 187 0 Role: 2
0 25 68 163 0 Role: 2
0 33 34 37 46 144 160 0 Role: 2
0 5 9 17 35 39 72 115 132 0 Role: 3

Số khách: 150
Chi phí: 5.45338e+06
0 127 2 4 18 20 23 27 32 60 65 69 88 111 112 119 123 134 136 153 164 168 171 174 178 179 14 54 55 56 77 87 96 113 138 145 0 Role: 0
0 8 13 26 42 3 21 74 120 139 0 Role: 1
0 129 154 161 193 71 79 141 150 0 Role: 2
0 155 62 143 133 159 63 187 0 Role: 2
0 12 59 99 137 92 146 0 Role: 2
0 7 75 38 140 121 108 28 158 0 Role: 2
0 15 80 186 53 67 91 104 152 0 Role: 2
0 6 58 90 118 183 95 61 98 0 Role: 2
0 94 76 135 151 156 160 188 0 Role: 2
0 147 192 1 49 41 126 70 48 149 17 0 Role: 3
0 148 101 197 173 198 34 0 Role: 3
0 89 33 102 37 68 0 Role: 3
0 9 132 103 57 72 170 97 5 16 0 Role: 4
0 35 115 167 196 0 Role: 4
0 172 0 Role: 4
0 39 64 43 177 169 93 0 Role: 4
0 19 50 22 124 130 0 Role: 4
0 31 11 100 25 46 52 81 144 0 Role: 4

Số khách: 112
Chi phí: 4.2553e+06
0 127 2 4 18 20 23 27 32 60 65 69 88 111 112 119 123 134 136 153 164 168 171 174 178 179 14 54 55 56 77 87 96 113 138 145 0 Role: 0
0 129 154 161 193 71 79 141 16 0 Role: 1
0 155 62 143 133 159 63 124 0 Role: 1
0 12 59 99 137 25 0 Role: 1
0 7 38 140 121 108 28 158 0 Role: 1
0 15 80 186 22 53 67 81 144 160 0 Role: 1
0 6 58 90 194 118 183 95 61 98 0 Role: 1
0 94 76 92 104 152 0 Role: 1
0 147 192 1 49 41 126 70 48 149 9 93 0 Role: 2
0 148 101 197 173 198 34 97 0 Role: 2
0 89 33 102 3 11 19 21 37 50 0 Role: 2

Số khách: 168
Chi phí: 6.38761e+06
0 84 27 138 2 4 6 12 14 15 20 28 32 54 55 58 60 61 77 80 87 88 90 95 96 104 108 111 113 121 123 134 145 156 161 171 174 178 0 Role: 0
0 47 154 13 26 36 41 200 0 Role: 1
0 149 40 70 126 175 39 49 72 0 Role: 1
0 199 197 43 45 0 Role: 1
0 191 52 57 101 169 0 Role: 1
0 62 100 146 196 0 Role: 1
0 42 89 173 128 115 97 0 Role: 1
0 9 153 176 190 7 75 0 Role: 1
0 93 141 155 166 179 180 186 79 0 Role: 2
0 33 21 11 68 22 65 118 69 0 Role: 2
0 150 25 124 56 187 129 143 183 152 130 0 Role: 2
0 67 184 81 158 151 136 59 98 0 Role: 2
0 109 3 167 103 50 71 0 Role: 3
0 198 19 37 0 Role: 3
0 133 46 102 159 193 0 Role: 3
0 74 106 107 91 140 0 Role: 3
0 157 192 147 172 162 64 177 23 0 Role: 4
0 1 18 31 34 127 163 0 Role: 4
0 170 165 188 44 5 17 35 48 83 132 0 Role: 5
0 120 63 38 139 99 16 0 Role: 5
0 94 53 76 135 137 144 194 160 0 Role: 5

Số khách: 134
Chi phí: 4.95711e+06
0 127 2 4 18 20 23 27 32 60 65 69 88 111 112 119 123 134 136 153 164 168 171 174 178 179 14 54 55 56 77 87 96 113 138 145 0 Role: 0
0 147 192 1 49 41 126 70 48 149 9 93 0 Role: 1
0 148 101 197 173 198 34 16 0 Role: 1
0 89 33 102 3 11 19 21 22 46 0 Role: 1
0 84 45 17 47 40 109 0 Role: 2
0 200 125 36 175 78 0 Role: 2
0 165 106 128 135 139 150 184 196 5 0 Role: 2
0 44 37 67 107 0 Role: 2
0 129 154 161 193 71 79 141 130 0 Role: 3
0 155 62 143 133 159 63 124 0 Role: 3
0 12 59 99 137 25 0 Role: 3
0 7 75 38 140 121 108 28 158 0 Role: 3
0 15 80 186 53 76 81 0 Role: 3
0 6 58 90 194 118 183 95 61 98 0 Role: 3
0 94 92 104 120 152 0 Role: 3

Số khách: 183
Chi phí: 7.55242e+06
0 24 30 47 2 4 10 12 16 18 20 21 23 27 28 32 58 59 60 67 75 77 85 86 87 88 108 112 119 120 123 124 129 136 143 161 164 166 168 171 174 176 179 183 0 Role: 0
0 147 170 175 192 70 73 84 105 162 0 Role: 1
0 13 49 200 126 37 150 0 Role: 2
0 113 38 135 155 0 Role: 2
0 103 139 55 68 163 0 Role: 2
0 76 34 127 111 134 0 Role: 2
0 41 154 1 5 9 17 132 0 Role: 3
0 19 39 169 48 50 93 0 Role: 3
0 177 62 71 187 188 198 0 Role: 3
0 141 53 146 25 63 0 Role: 3
0 96 156 180 95 92 0 Role: 3
0 101 44 172 115 64 72 149 184 196 0 Role: 4
0 35 191 165 197 106 128 0 Role: 4
0 42 45 173 57 148 43 0 Role: 4
0 83 31 190 79 186 0 Role: 4
0 125 74 15 130 144 0 Role: 5
0 107 193 7 94 65 0 Role: 5
0 61 121 80 98 194 90 0 Role: 5
0 118 158 54 104 22 151 138 178 14 140 0 Role: 5
0 56 160 0 Role: 5
0 152 0 Role: 5
0 6 69 153 81 145 0 Role: 5
0 157 8 26 36 40 46 52 97 0 Role: 6
0 199 33 3 11 133 102 0 Role: 7
0 167 100 91 137 0 Role: 7
0 78 89 99 159 0 Role: 8

Số khách: 108
Chi phí: 4.23076e+06
0 127 2 4 18 20 23 27 60 65 69 88 111 112 119 123 134 136 153 164 168 171 174 178 179 14 54 55 56 77 87 96 113 138 145 0 Role: 0
0 129 154 161 193 71 79 141 16 0 Role: 1
0 155 62 143 133 159 63 124 0 Role: 1
0 12 59 99 137 25 0 Role: 1
0 7 75 38 140 121 108 28 158 0 Role: 1
0 15 80 186 22 53 76 81 0 Role: 1
0 6 58 90 194 118 183 95 61 98 0 Role: 1
0 94 92 104 120 152 0 Role: 1
0 84 45 17 47 40 109 0 Role: 2
0 200 125 36 175 78 0 Role: 2
0 165 106 128 135 139 150 184 196 5 46 0 Role: 2
0 44 37 67 107 0 Role: 2

Số khách: 88
Chi phí: 4.02828e+06
0 127 2 4 18 20 23 27 32 60 65 69 88 111 112 119 123 134 136 153 164 168 171 174 178 179 14 54 55 56 77 87 96 113 138 145 0 Role: 0
0 129 154 161 193 71 79 150 196 0 Role: 1
0 155 62 143 133 159 63 124 0 Role: 1
0 12 59 99 137 184 16 0 Role: 1
0 7 75 38 140 121 108 158 28 130 0 Role: 1
0 15 80 186 67 107 135 180 0 Role: 1
0 6 58 90 194 118 183 95 61 98 0 Role: 1
0 22 53 81 120 151 0 Role: 1
0 1 3 0 Role: 2

Số khách: 164
Chi phí: 6.35024e+06
0 127 2 4 18 20 23 27 32 60 65 69 88 111 112 119 123 134 136 153 164 168 171 174 178 179 0 Role: 0
0 129 154 161 193 71 79 150 196 0 Role: 1
0 155 62 143 133 159 0 Role: 1
0 12 59 99 137 184 0 Role: 1
0 7 75 38 140 121 108 28 158 0 Role: 1
0 15 80 186 67 107 135 0 Role: 1
0 6 58 90 194 118 183 95 61 98 0 Role: 1
0 94 0 Role: 1
0 9 132 103 44 45 125 0 Role: 2
0 35 97 115 165 191 0 Role: 2
0 172 0 Role: 2
0 39 64 43 177 169 0 Role: 2
0 19 93 50 139 0 Role: 2
0 31 11 100 167 0 Role: 2
0 5 170 72 48 74 141 17 0 Role: 3
0 57 149 3 21 33 34 102 0 Role: 3
0 147 192 1 49 41 126 70 36 0 Role: 4
0 148 101 197 173 198 106 0 Role: 4
0 89 37 0 Role: 4
0 83 25 199 187 16 113 52 46 0 Role: 5
0 96 55 166 104 152 68 188 130 0 Role: 5
0 163 160 145 56 76 138 14 77 0 Role: 5
0 54 91 151 0 Role: 5
0 124 0 Role: 5
0 63 92 0 Role: 5
0 190 120 53 144 81 0 Role: 5
0 180 22 0 Role: 5
0 176 146 87 156 0 Role: 5
0 8 0 Role: 6

Số khách: 176
Chi phí: 6.77452e+06
0 127 2 4 18 20 23 27 32 60 65 69 88 111 112 119 123 134 136 153 164 168 171 174 178 179 0 Role: 0
0 9 132 103 57 72 170 97 0 Role: 1
0 35 115 0 Role: 1
0 172 0 Role: 1
0 39 64 43 177 169 0 Role: 1
0 19 93 50 0 Role: 1
0 31 11 100 0 Role: 1
0 147 192 1 49 41 126 70 48 149 0 Role: 2
0 148 101 197 173 198 34 0 Role: 2
0 89 33 102 0 Role: 2
0 129 154 161 193 71 79 141 0 Role: 3
0 155 62 143 133 159 0 Role: 3
0 12 59 99 137 0 Role: 3
0 7 75 38 140 121 108 28 158 0 Role: 3
0 15 80 186 0 Role: 3
0 6 58 90 194 118 183 95 61 98 0 Role: 3
0 94 0 Role: 3
0 117 191 162 167 3 21 74 0 Role: 4
0 84 45 17 47 40 109 0 Role: 5
0 200 125 36 175 78 0 Role: 5
0 165 106 128 135 139 150 184 196 5 0 Role: 5
0 44 37 107 0 Role: 5
0 8 13 26 42 0 Role: 6
0 83 25 199 187 16 113 52 46 0 Role: 7
0 96 55 166 104 152 68 188 130 0 Role: 7
0 163 160 145 56 76 138 14 77 0 Role: 7
0 54 91 151 0 Role: 7
0 124 0 Role: 7
0 63 92 0 Role: 7
0 190 120 53 144 81 0 Role: 7
0 180 22 0 Role: 7
0 176 146 87 156 0 Role: 7

Số khách: 100
Chi phí: 4.17024e+06
0 127 2 4 18 20 23 27 32 60 65 69 88 111 112 119 123 134 136 153 164 168 171 174 178 179 14 54 55 56 77 87 96 113 138 145 0 Role: 0
0 129 154 161 193 71 79 150 196 0 Role: 1
0 155 62 143 133 159 63 124 0 Role: 1
0 12 59 99 137 184 16 0 Role: 1
0 7 75 38 140 121 108 158 28 130 0 Role: 1
0 15 80 186 67 107 135 180 0 Role: 1
0 6 58 90 194 118 183 95 61 98 0 Role: 1
0 94 22 53 81 120 151 0 Role: 1
0 1 3 11 19 21 0 Role: 2
0 25 33 34 46 50 0 Role: 2
0 52 68 74 0 Role: 2

Số khách: 125
Chi phí: 4.84863e+06
0 127 2 4 18 20 23 27 32 60 65 69 88 111 112 119 123 134 136 153 164 168 171 174 178 179 14 54 55 56 77 87 96 113 138 145 0 Role: 0
0 129 154 161 193 71 79 16 130 0 Role: 1
0 155 62 143 133 159 63 124 0 Role: 1
0 12 59 99 137 25 0 Role: 1
0 7 75 38 140 121 108 28 158 0 Role: 1
0 15 80 186 22 53 76 81 0 Role: 1
0 6 58 90 194 118 183 95 61 98 0 Role: 1
0 94 92 104 120 152 0 Role: 1
0 147 192 1 49 41 126 70 9 50 109 0 Role: 2
0 148 101 197 173 198 11 19 115 0 Role: 2
0 89 3 21 31 33 34 102 188 0 Role: 2
0 5 0 Role: 3
0 17 35 37 46 52 68 0 Role: 3
0 67 91 107 135 144 160 0 Role: 3
0 146 0 Role: 3
0 151 0 Role: 3

Số khách: 92
Chi phí: 4.07215e+06
0 127 2 4 18 20 23 27 32 60 65 69 88 111 112 119 123 134 136 153 164 168 171 174 178 179 14 54 55 56 77 87 96 113 138 145 0 Role: 0
0 129 154 161 193 71 79 16 130 0 Role: 1
0 155 62 143 133 159 63 124 0 Role: 1
0 12 59 137 25 21 0 Role: 1
0 7 75 38 140 121 108 28 158 0 Role: 1
0 15 80 186 22 53 76 81 0 Role: 1
0 6 58 90 194 118 183 95 61 98 0 Role: 1
0 94 92 104 120 152 0 Role: 1
0 1 3 11 19 33 34 46 50 0 Role: 2

Số khách: 129
Chi phí: 4.86455e+06
0 127 2 4 18 20 23 27 32 60 65 69 88 111 112 119 123 134 136 153 164 168 171 174 178 179 14 54 55 56 77 87 96 113 138 145 0 Role: 0
0 8 13 26 35 17 36 132 0 Role: 1
0 39 42 43 52 44 46 0 Role: 1
0 57 68 74 91 144 160 0 Role: 1
0 147 192 1 49 41 126 70 9 50 109 0 Role: 2
0 148 101 197 173 198 11 19 115 0 Role: 2
0 89 3 21 31 33 34 102 188 0 Role: 2
0 129 154 161 193 71 79 16 130 0 Role: 3
0 155 62 143 133 159 63 124 0 Role: 3
0 12 59 99 137 25 0 Role: 3
0 7 75 38 140 121 108 28 158 0 Role: 3
0 15 80 186 22 53 76 81 0 Role: 3
0 6 58 90 194 118 183 95 61 98 0 Role: 3
0 94 92 104 120 152 0 Role: 3

Số khách: 87
Chi phí: 3.68779e+06
0 127 2 4 18 20 23 27 32 60 65 69 88 111 112 119 123 134 136 153 164 168 171 174 178 179 14 54 55 56 77 87 96 113 138 145 0 Role: 0
0 129 154 161 193 71 79 150 196 0 Role: 1
0 155 62 143 133 159 63 124 0 Role: 1
0 12 59 99 137 184 16 0 Role: 1
0 7 75 38 140 121 108 158 28 130 0 Role: 1
0 15 80 186 67 107 135 180 0 Role: 1
0 6 58 90 194 118 183 95 61 98 0 Role: 1
0 94 22 53 81 120 151 0 Role: 1

Số khách: 56
Chi phí: 3.5176e+06
0 84 27 138 2 4 6 12 14 15 20 28 32 54 55 58 60 61 77 80 87 88 90 95 96 104 108 111 113 121 123 134 145 156 161 171 59 65 129 178 183 0 Role: 0
0 49 117 78 125 72 39 101 196 93 194 0 Role: 1
0 57 43 146 148 9 140 0 Role: 1

Số khách: 163
Chi phí: 6.04375e+06
0 127 2 4 18 20 23 27 32 60 65 69 88 111 112 119 123 134 136 153 164 168 171 174 178 179 0 Role: 0
0 5 170 72 48 74 141 17 0 Role: 1
0 57 149 3 21 33 34 102 0 Role: 1
0 147 192 1 49 41 126 70 36 0 Role: 2
0 148 101 197 173 198 106 0 Role: 2
0 89 37 135 0 Role: 2
0 9 132 103 44 45 125 0 Role: 3
0 35 97 115 165 191 0 Role: 3
0 172 0 Role: 3
0 39 64 43 177 169 0 Role: 3
0 19 93 50 139 0 Role: 3
0 31 11 100 167 0 Role: 3
0 83 25 199 187 16 113 52 46 0 Role: 4
0 96 55 166 104 152 68 188 130 0 Role: 4
0 163 160 145 56 76 138 14 77 0 Role: 4
0 54 91 151 0 Role: 4
0 124 0 Role: 4
0 63 92 0 Role: 4
0 190 120 53 144 81 0 Role: 4
0 180 22 0 Role: 4
0 176 146 87 156 0 Role: 4
0 129 154 161 193 71 79 150 196 0 Role: 5
0 155 62 143 133 159 0 Role: 5
0 12 59 99 137 184 0 Role: 5
0 7 75 38 140 121 108 28 158 0 Role: 5
0 15 80 186 67 107 0 Role: 5
0 6 58 90 194 118 183 95 61 98 0 Role: 5
0 94 0 Role: 5

Số khách: 95
Chi phí: 4.16126e+06
0 127 2 4 18 20 23 27 32 60 65 69 88 111 112 119 123 134 136 153 164 168 171 174 178 179 14 54 55 56 77 87 96 113 138 145 0 Role: 0
0 129 154 161 193 71 79 150 196 0 Role: 1
0 155 62 143 133 159 63 124 0 Role: 1
0 12 59 99 137 184 16 0 Role: 1
0 7 75 38 140 121 108 158 0 Role: 1
0 15 80 186 67 107 135 180 0 Role: 1
0 6 58 90 194 118 183 95 61 98 0 Role: 1
0 94 22 53 81 120 151 0 Role: 1
0 1 3 0 Role: 2
0 11 19 21 0 Role: 2
0 25 0 Role: 2
0 33 34 37 46 0 Role: 2

Số khách: 50
Chi phí: 3.44765e+06
0 127 2 4 18 20 23 27 32 60 65 69 88 111 112 119 123 134 136 153 164 168 171 174 178 179 6 7 14 15 54 55 59 77 80 87 90 95 108 121 129 138 0 Role: 0
0 8 13 26 42 1 3 11 16 98 0 Role: 1

Số khách: 188
Chi phí: 7.8579e+06
0 29 147 192 10 51 99 109 110 116 117 131 170 175 181 185 189 2 4 12 16 18 20 21 23 27 28 32 58 59 60 67 75 77 85 86 87 88 108 112 119 120 123 124 129 136 143 161 164 166 168 171 174 176 179 183 0 Role: 0
0 157 8 26 36 40 46 52 97 0 Role: 1
0 125 74 15 130 144 0 Role: 2
0 107 193 7 94 65 0 Role: 2
0 61 121 80 98 194 90 0 Role: 2
0 118 158 54 104 22 151 138 178 14 140 0 Role: 2
0 56 160 0 Role: 2
0 152 0 Role: 2
0 6 69 153 81 145 0 Role: 2
0 101 44 172 115 64 72 149 184 196 0 Role: 3
0 35 191 165 197 106 128 0 Role: 3
0 42 45 173 57 148 43 0 Role: 3
0 83 31 190 79 186 0 Role: 3
0 73 78 70 162 0 Role: 4
0 89 159 0 Role: 4
0 13 49 200 126 37 150 0 Role: 5
0 113 38 135 155 0 Role: 5
0 103 139 55 68 163 0 Role: 5
0 76 34 127 111 134 0 Role: 5
0 199 33 3 11 133 102 0 Role: 6
0 167 100 91 137 0 Role: 6
0 41 154 1 5 9 17 132 0 Role: 7
0 19 39 169 48 50 93 0 Role: 7
0 177 62 71 187 188 198 0 Role: 7
0 141 53 146 25 63 0 Role: 7
0 96 156 180 95 92 0 Role: 7

Số khách: 184
Chi phí: 7.78875e+06
0 29 147 192 10 51 99 109 110 116 117 131 170 175 181 185 189 2 4 12 16 18 20 21 23 27 28 32 58 59 60 67 75 77 85 86 87 88 108 112 119 120 123 124 129 136 143 161 164 166 168 171 174 176 179 183 0 Role: 0
0 157 8 26 36 40 46 52 97 0 Role: 1
0 13 49 200 126 37 150 0 Role: 2
0 113 38 135 155 0 Role: 2
0 103 139 55 68 163 0 Role: 2
0 76 34 127 111 134 0 Role: 2
0 41 154 1 5 9 17 132 0 Role: 3
0 19 39 169 48 50 93 0 Role: 3
0 177 62 71 188 198 0 Role: 3
0 141 53 146 25 63 0 Role: 3
0 96 156 180 95 92 0 Role: 3
0 125 74 15 130 144 0 Role: 4
0 107 193 7 94 65 0 Role: 4
0 61 121 80 98 194 90 0 Role: 4
0 118 158 54 104 22 151 138 178 14 140 0 Role: 4
0 56 160 0 Role: 4
0 152 0 Role: 4
0 6 69 153 81 145 0 Role: 4
0 101 44 172 115 64 72 149 184 196 0 Role: 5
0 35 191 165 197 106 128 0 Role: 5
0 42 45 173 57 148 43 0 Role: 5
0 83 31 190 79 186 0 Role: 5
0 199 33 3 11 133 102 0 Role: 6
0 167 100 91 137 0 Role: 6
0 47 70 78 0 Role: 7

Số khách: 133
Chi phí: 4.93034e+06
0 127 2 4 18 20 23 27 32 60 65 69 88 111 112 119 123 134 136 153 164 168 171 174 178 179 14 54 55 56 77 87 96 113 138 145 0 Role: 0
0 129 154 161 193 71 79 141 130 0 Role: 1
0 155 62 143 133 159 63 124 0 Role: 1
0 12 59 99 137 25 0 Role: 1
0 7 75 38 140 121 108 28 158 0 Role: 1
0 15 80 186 53 76 81 0 Role: 1
0 6 58 90 194 118 183 95 61 98 0 Role: 1
0 94 92 120 152 0 Role: 1
0 84 45 17 47 40 109 0 Role: 2
0 200 125 36 175 78 0 Role: 2
0 165 106 128 135 139 150 184 196 5 0 Role: 2
0 44 37 67 107 0 Role: 2
0 147 192 1 49 41 126 70 48 149 9 93 0 Role: 3
0 148 101 197 173 198 34 16 0 Role: 3
0 89 33 102 3 11 19 21 22 46 0 Role: 3

Số khách: 186
Chi phí: 7.80123e+06
0 29 147 192 10 51 99 109 110 116 117 131 170 175 181 185 189 2 4 12 16 18 20 21 23 27 28 32 58 59 60 67 75 77 85 86 87 88 108 112 119 120 123 124 129 136 143 161 164 166 168 171 174 176 179 183 0 Role: 0
0 125 74 15 130 144 0 Role: 1
0 107 193 7 94 65 0 Role: 1
0 61 121 80 98 194 90 0 Role: 1
0 118 158 54 104 22 151 138 178 14 140 0 Role: 1
0 56 160 0 Role: 1
0 152 0 Role: 1
0 6 69 153 81 145 0 Role: 1
0 13 49 200 126 37 150 0 Role: 2
0 113 38 135 155 0 Role: 2
0 103 139 55 68 163 187 0 Role: 2
0 76 34 127 111 134 0 Role: 2
0 101 44 172 115 64 72 149 184 196 0 Role: 3
0 35 191 165 197 106 128 0 Role: 3
0 42 45 173 57 148 43 0 Role: 3
0 83 31 190 79 186 0 Role: 3
0 199 33 3 11 133 102 0 Role: 4
0 167 100 91 137 0 Role: 4
0 41 154 1 5 9 17 132 0 Role: 5
0 19 39 169 48 50 93 0 Role: 5
0 177 62 71 188 198 0 Role: 5
0 141 53 146 25 63 0 Role: 5
0 96 156 180 95 92 0 Role: 5
0 47 70 78 89 0 Role: 6
0 157 8 26 36 40 46 52 97 0 Role: 7

Số khách: 99
Chi phí: 4.16146e+06
0 127 2 4 18 20 23 27 32 60 65 69 88 111 112 119 123 134 136 153 164 168 171 174 178 179 14 54 55 56 77 87 96 113 138 145 0 Role: 0
0 129 154 161 193 71 79 150 196 0 Role: 1
0 155 62 143 133 159 63 124 0 Role: 1
0 12 59 99 137 184 16 0 Role: 1
0 7 75 38 140 121 108 28 158 0 Role: 1
0 15 80 67 107 92 146 151 0 Role: 1
0 6 58 90 194 118 183 95 61 98 0 Role: 1
0 94 22 53 81 120 152 0 Role: 1
0 1 3 11 19 21 25 34 102 188 0 Role: 2
0 33 37 46 50 0 Role: 2

Số khách: 86
Chi phí: 3.68745e+06
0 127 2 4 18 20 23 27 32 60 65 69 88 111 112 119 123 134 136 153 164 168 171 174 178 179 14 54 55 56 77 87 96 113 138 145 0 Role: 0
0 129 154 161 193 71 79 150 196 0 Role: 1
0 155 62 143 133 159 63 124 0 Role: 1
0 12 59 99 137 184 16 0 Role: 1
0 7 75 38 121 108 158 28 130 0 Role: 1
0 15 80 186 67 107 135 180 0 Role: 1
0 6 58 90 194 118 183 95 61 98 0 Role: 1
0 94 22 53 81 120 151 0 Role: 1

Số khách: 151
Chi phí: 5.45814e+06
0 127 2 4 18 20 23 27 32 60 65 69 88 111 112 119 123 134 136 153 164 168 171 174 178 179 14 54 55 56 77 87 96 113 138 145 0 Role: 0
0 9 132 103 57 72 170 97 5 16 0 Role: 1
0 35 115 167 196 0 Role: 1
0 172 0 Role: 1
0 39 64 43 177 169 93 0 Role: 1
0 19 50 22 124 130 0 Role: 1
0 31 11 100 25 46 52 81 144 0 Role: 1
0 129 154 161 193 71 79 141 150 0 Role: 2
0 155 62 143 133 159 63 187 0 Role: 2
0 12 59 99 137 92 146 0 Role: 2
0 7 75 38 140 121 108 28 158 0 Role: 2
0 15 80 186 53 67 91 104 152 0 Role: 2
0 6 58 90 194 118 183 95 61 98 0 Role: 2
0 94 76 135 151 156 160 188 0 Role: 2
0 147 192 1 49 41 126 70 48 149 17 0 Role: 3
0 148 101 197 173 198 34 0 Role: 3
0 89 33 102 37 68 0 Role: 3
0 8 13 26 42 3 21 74 120 139 0 Role: 4

Số khách: 152
Chi phí: 5.55403e+06
0 127 2 4 18 20 23 27 32 60 65 69 88 111 112 119 123 134 136 153 164 168 171 174 178 179 14 54 55 56 77 87 96 113 138 145 0 Role: 0
0 9 132 103 72 170 97 5 16 0 Role: 1
0 35 115 167 196 0 Role: 1
0 172 0 Role: 1
0 39 64 43 177 169 93 0 Role: 1
0 19 50 22 124 130 0 Role: 1
0 31 11 100 25 46 52 81 144 0 Role: 1
0 129 154 161 193 71 79 141 150 0 Role: 2
0 155 62 143 133 159 63 187 0 Role: 2
0 12 59 99 137 92 146 0 Role: 2
0 7 75 38 140 121 108 28 158 0 Role: 2
0 15 80 186 53 67 91 104 152 0 Role: 2
0 6 58 90 118 183 95 61 98 0 Role: 2
0 94 76 135 151 156 160 188 0 Role: 2
0 147 192 1 49 41 126 70 48 149 17 0 Role: 3
0 148 101 197 173 198 34 0 Role: 3
0 89 33 102 37 68 0 Role: 3
0 3 21 74 106 107 120 180 0 Role: 4
0 163 0 Role: 4
0 166 176 190 194 0 Role: 4

Số khách: 59
Chi phí: 3.54955e+06
0 24 3 118 153 18 23 25 28 53 58 61 81 94 96 120 124 136 140 143 146 156 158 161 176 179 188 2 6 7 14 20 54 55 59 65 77 80 87 88 90 95 108 111 123 129 138 178 15 0 Role: 0
0 4 12 21 79 16 46 98 52 113 121 194 0 Role: 1

Số khách: 57
Chi phí: 3.54926e+06
0 127 2 4 18 20 23 27 32 60 65 69 88 111 112 119 123 134 136 153 164 168 171 174 178 179 6 7 14 15 54 55 59 77 80 87 90 95 108 121 129 138 0 Role: 0
0 5 170 72 48 74 141 17 0 Role: 1
0 57 149 3 21 33 34 102 16 98 0 Role: 1

Số khách: 200
Chi phí: 9.23613e+06
0 24 29 30 66 82 114 122 131 142 182 195 2 4 20 27 32 85 86 92 112 119 123 164 168 171 174 176 181 7 12 56 59 60 65 87 95 96 118 134 156 183 14 54 80 90 108 136 138 145 0 Role: 0
0 10 51 110 116 185 189 0 Role: 0
0 200 8 147 41 64 143 152 166 193 0 Role: 1
0 47 154 40 132 0 Role: 1
0 35 39 42 45 68 0 Role: 1
0 43 175 191 125 162 170 198 0 Role: 2
0 97 184 1 128 111 9 17 0 Role: 2
0 155 180 149 48 103 0 Role: 2
0 72 22 153 129 130 75 121 178 0 Role: 2
0 135 77 0 Role: 2
0 69 0 Role: 2
0 25 6 55 127 76 0 Role: 2
0 113 144 160 0 Role: 2
0 88 15 194 151 190 0 Role: 2
0 104 63 120 124 0 Role: 2
0 78 117 89 133 188 0 Role: 3
0 36 49 73 84 50 100 141 0 Role: 4
0 70 13 26 109 0 Role: 4
0 105 126 148 196 61 0 Role: 4
0 93 169 44 173 62 101 158 0 Role: 4
0 31 71 74 79 81 102 187 0 Role: 4
0 167 107 67 91 98 137 146 0 Role: 4
0 192 172 165 57 83 5 177 58 0 Role: 5
0 115 197 3 11 19 34 37 140 0 Role: 5
0 159 33 163 106 28 161 0 Role: 6
0 46 52 99 21 16 150 179 0 Role: 6
0 139 23 18 38 186 53 94 0 Role: 6
0 157 199 0 Role: 7

Số khách: 48
Chi phí: 3.08133e+06
0 112 63 2 6 7 14 15 20 22 27 28 32 54 55 56 59 60 65 77 80 87 88 90 95 108 111 113 121 123 129 134 138 145 178 183 0 Role: 0
0 5 9 17 31 50 62 71 79 130 58 16 46 98 0 Role: 1

Số khách: 193
Chi phí: 8.0775e+06
0 24 29 30 66 82 114 122 131 142 182 195 2 4 20 27 32 85 86 92 112 119 123 164 168 171 174 176 181 7 12 56 59 60 65 87 95 96 118 134 156 183 0 Role: 0
0 192 172 165 57 83 5 177 58 0 Role: 1
0 115 197 3 11 19 34 37 140 0 Role: 1
0 36 49 73 84 50 100 141 0 Role: 2
0 70 13 26 109 0 Role: 2
0 105 126 148 196 0 Role: 2
0 93 169 44 173 62 101 0 Role: 2
0 31 71 74 79 81 102 187 0 Role: 2
0 167 107 67 91 98 137 0 Role: 2
0 200 8 147 41 64 0 Role: 3
0 47 154 40 132 0 Role: 3
0 35 39 42 45 68 0 Role: 3
0 53 138 14 124 160 0 Role: 4
0 144 161 193 146 0 Role: 4
0 28 120 188 179 0 Role: 4
0 61 90 80 158 0 Role: 4
0 136 143 152 108 54 94 166 63 145 0 Role: 4
0 43 175 191 125 162 170 198 0 Role: 5
0 97 184 1 128 111 9 17 0 Role: 5
0 155 180 149 48 103 0 Role: 5
0 72 22 153 129 130 75 121 178 0 Role: 5
0 135 77 0 Role: 5
0 69 0 Role: 5
0 25 6 55 127 76 0 Role: 5
0 113 0 Role: 5
0 88 15 194 151 190 0 Role: 5
0 104 0 Role: 5
0 159 33 163 106 0 Role: 6
0 46 52 99 21 16 150 0 Role: 6
0 139 23 18 38 186 0 Role: 6
0 78 117 89 133 0 Role: 7
0 199 0 Role: 8

Số khách: 159
Chi phí: 5.87467e+06
0 24 29 30 66 82 114 122 131 142 182 195 2 4 20 27 32 85 86 92 112 119 123 164 168 171 174 176 181 7 12 56 59 60 65 87 95 96 118 134 156 183 0 Role: 0
0 53 138 14 18 23 58 98 140 0 Role: 1
0 144 161 193 146 0 Role: 1
0 28 120 188 179 0 Role: 1
0 61 90 80 158 0 Role: 1
0 136 143 152 108 54 94 166 63 145 0 Role: 1
0 43 175 191 125 162 170 198 132 0 Role: 2
0 97 184 1 128 111 9 17 0 Role: 2
0 155 180 149 48 35 39 0 Role: 2
0 72 22 153 129 130 75 121 178 0 Role: 2
0 135 77 0 Role: 2
0 69 137 0 Role: 2
0 25 6 55 127 76 0 Role: 2
0 113 81 0 Role: 2
0 88 15 194 151 190 0 Role: 2
0 104 124 0 Role: 2
0 36 49 73 84 40 45 100 147 0 Role: 3
0 70 13 26 109 154 200 16 0 Role: 3
0 105 126 148 150 50 0 Role: 3
0 93 169 44 173 62 101 141 0 Role: 3
0 31 71 103 106 186 3 11 19 21 79 0 Role: 3
0 167 107 52 67 91 0 Role: 3

Số khách: 194
Chi phí: 8.67488e+06
0 24 29 30 66 82 114 122 131 142 182 195 2 4 20 27 32 85 86 92 112 119 123 164 168 171 174 176 181 0 Role: 0
0 157 64 3 140 56 95 0 Role: 1
0 11 102 156 0 Role: 2
0 133 134 0 Role: 2
0 196 0 Role: 2
0 183 68 60 67 0 Role: 2
0 7 81 187 87 98 59 0 Role: 2
0 96 0 Role: 2
0 12 91 124 118 137 160 65 58 0 Role: 2
0 199 0 Role: 3
0 78 117 89 0 Role: 4
0 53 138 14 0 Role: 5
0 144 161 193 146 0 Role: 5
0 28 120 188 179 0 Role: 5
0 61 90 80 158 0 Role: 5
0 136 143 152 108 54 94 166 63 145 0 Role: 5
0 159 33 163 0 Role: 6
0 46 52 99 21 16 150 0 Role: 6
0 139 23 18 38 186 0 Role: 6
0 200 8 147 41 0 Role: 7
0 47 154 40 132 0 Role: 7
0 35 39 42 45 0 Role: 7
0 36 49 73 84 0 Role: 8
0 70 13 26 109 0 Role: 8
0 105 126 148 0 Role: 8
0 93 169 44 173 62 101 0 Role: 8
0 31 0 Role: 8
0 167 107 0 Role: 8
0 43 175 191 125 162 170 198 0 Role: 9
0 97 184 1 128 111 9 17 0 Role: 9
0 155 180 149 48 0 Role: 9
0 72 22 153 129 130 75 121 178 0 Role: 9
0 135 77 0 Role: 9
0 69 0 Role: 9
0 25 6 55 127 76 0 Role: 9
0 113 0 Role: 9
0 88 15 194 151 190 0 Role: 9
0 104 0 Role: 9
0 71 19 79 141 0 Role: 10
0 106 0 Role: 10
0 37 103 34 100 50 0 Role: 10
0 74 0 Role: 10
0 192 172 165 57 83 5 177 0 Role: 11
0 115 197 0 Role: 11

Số khách: 60
Chi phí: 3.56722e+06
0 112 63 2 6 7 14 15 20 27 28 32 54 55 56 59 60 65 77 80 87 88 90 95 108 111 113 121 123 129 134 138 145 178 183 174 0 Role: 0
0 5 9 17 31 50 62 71 79 130 58 16 46 98 0 Role: 1
0 1 3 4 11 12 23 136 0 Role: 2
0 18 19 21 25 33 0 Role: 2

Số khách: 192
Chi phí: 7.55958e+06
0 24 29 30 66 82 114 122 131 142 182 195 2 4 20 27 32 85 86 92 112 119 123 164 168 171 174 176 181 7 12 56 59 60 65 87 95 96 118 134 156 183 14 54 80 90 108 136 138 145 0 Role: 0
0 200 8 147 41 64 143 152 166 193 0 Role: 1
0 47 154 40 132 0 Role: 1
0 35 39 42 45 68 0 Role: 1
0 36 49 73 84 50 100 141 0 Role: 2
0 70 13 26 109 0 Role: 2
0 105 126 148 196 61 0 Role: 2
0 93 169 44 173 62 101 158 0 Role: 2
0 31 71 74 79 81 102 187 0 Role: 2
0 167 107 67 91 98 137 146 0 Role: 2
0 159 33 163 106 28 161 0 Role: 3
0 46 52 99 21 16 150 179 0 Role: 3
0 139 23 18 38 186 53 94 0 Role: 3
0 192 172 165 57 83 5 177 58 0 Role: 4
0 115 197 3 11 19 34 37 140 0 Role: 4
0 43 175 191 125 162 170 198 0 Role: 5
0 97 184 1 128 111 9 17 0 Role: 5
0 155 180 149 48 103 0 Role: 5
0 72 22 153 129 130 75 121 178 0 Role: 5
0 135 77 0 Role: 5
0 69 0 Role: 5
0 25 6 55 127 76 0 Role: 5
0 113 144 160 0 Role: 5
0 88 15 194 151 190 0 Role: 5
0 104 63 120 124 0 Role: 5
0 78 117 89 133 188 0 Role: 6

Số khách: 151
Chi phí: 5.61255e+06
0 24 29 30 66 82 114 122 131 142 182 195 2 4 20 27 32 85 86 92 112 119 123 164 168 171 174 176 181 14 28 54 80 90 108 136 138 143 145 161 166 179 7 59 60 65 87 113 134 183 95 0 Role: 0
0 36 49 73 84 192 152 193 40 45 99 0 Role: 1
0 70 13 26 109 154 200 16 58 0 Role: 1
0 105 126 148 146 196 0 Role: 1
0 93 169 44 173 62 101 158 0 Role: 1
0 31 63 94 124 133 156 150 0 Role: 1
0 167 107 53 67 91 118 137 160 0 Role: 1
0 43 175 191 125 162 170 198 132 0 Role: 2
0 97 184 1 128 111 9 17 0 Role: 2
0 155 180 149 48 57 83 115 0 Role: 2
0 72 22 129 130 75 121 178 0 Role: 2
0 135 77 96 140 12 18 23 187 0 Role: 2
0 69 61 0 Role: 2
0 25 6 55 127 76 0 Role: 2
0 144 81 98 0 Role: 2
0 88 15 194 151 190 0 Role: 2
0 104 120 188 56 0 Role: 2

Số khách: 196
Chi phí: 8.85782e+06
0 24 29 30 66 82 114 122 131 142 182 195 2 4 20 27 32 85 86 92 112 119 123 164 168 171 174 176 181 0 Role: 0
0 10 41 42 185 189 0 Role: 0
0 53 138 14 18 23 0 Role: 1
0 144 161 193 146 0 Role: 1
0 28 120 188 179 0 Role: 1
0 61 90 80 158 0 Role: 1
0 136 143 152 108 54 94 166 63 145 0 Role: 1
0 11 102 156 79 141 0 Role: 2
0 133 134 16 21 0 Role: 2
0 196 19 33 34 46 50 52 0 Role: 2
0 68 60 67 38 99 139 0 Role: 2
0 7 81 187 87 98 59 0 Role: 2
0 96 0 Role: 2
0 12 91 124 118 137 160 65 58 0 Role: 2
0 157 64 3 140 56 95 163 0 Role: 3
0 43 175 191 125 162 170 198 132 0 Role: 4
0 97 184 1 128 111 9 17 0 Role: 4
0 155 180 149 48 35 39 0 Role: 4
0 72 22 153 129 130 75 121 178 0 Role: 4
0 135 77 0 Role: 4
0 69 0 Role: 4
0 25 6 55 127 76 0 Role: 4
0 113 0 Role: 4
0 88 15 194 151 190 0 Role: 4
0 104 0 Role: 4
0 78 117 89 37 74 0 Role: 5
0 36 49 73 84 40 45 100 147 0 Role: 6
0 70 13 26 109 154 200 0 Role: 6
0 105 126 148 150 0 Role: 6
0 93 169 44 173 62 101 0 Role: 6
0 31 71 103 106 186 0 Role: 6
0 167 107 0 Role: 6
0 192 172 165 57 83 5 177 0 Role: 7
0 115 197 159 0 Role: 7
0 8 0 Role: 8
0 47 199 0 Role: 8

Số khách: 126
Chi phí: 5.21354e+06
0 10 2 20 27 32 85 86 95 112 113 119 123 146 164 168 171 174 181 6 7 12 22 54 55 59 60 65 77 80 87 90 108 111 134 136 138 161 183 0 Role: 0
0 172 93 173 57 169 58 69 0 Role: 1
0 97 197 43 89 4 46 0 Role: 1
0 9 74 18 21 25 28 98 0 Role: 1
0 8 17 79 31 38 50 71 100 0 Role: 2
0 103 196 19 11 133 68 159 130 0 Role: 2
0 150 99 34 52 61 81 140 143 0 Role: 2
0 165 101 102 23 56 37 158 0 Role: 3
0 76 184 75 33 16 0 Role: 3
0 3 153 176 156 67 91 152 179 0 Role: 3
0 88 94 127 0 Role: 3
0 124 0 Role: 3
0 15 92 0 Role: 3
0 135 120 137 118 178 104 0 Role: 3
0 63 53 180 14 166 129 96 0 Role: 3
0 145 121 151 188 194 0 Role: 3

Số khách: 136
Chi phí: 5.39967e+06
0 173 57 168 102 2 4 11 16 18 19 20 23 27 32 67 76 85 86 92 96 108 112 119 123 134 144 164 171 174 14 87 6 12 22 54 55 56 59 65 77 80 90 113 121 129 136 145 156 161 166 178 183 0 Role: 0
0 147 35 84 105 162 165 175 191 39 72 58 0 Role: 1
0 132 44 172 1 5 34 50 0 Role: 1
0 45 89 99 52 62 97 100 141 0 Role: 1
0 38 159 68 3 74 106 127 187 28 0 Role: 1
0 8 26 13 25 40 41 150 0 Role: 2
0 47 49 48 83 101 149 152 0 Role: 2
0 64 70 78 109 31 71 0 Role: 2
0 9 143 138 199 126 154 200 17 36 130 0 Role: 3
0 169 196 95 60 180 46 0 Role: 3
0 120 37 63 160 194 0 Role: 3
0 15 137 88 7 111 118 69 140 0 Role: 3

Số khách: 56
Chi phí: 3.29723e+06
0 112 63 2 6 7 12 14 15 20 22 27 28 32 54 55 56 59 60 65 77 80 87 88 90 95 108 111 113 121 123 129 134 138 145 178 183 0 Role: 0
0 1 3 4 11 19 75 179 16 58 130 136 0 Role: 1
0 21 23 25 33 34 52 61 143 98 0 Role: 1

Số khách: 169
Chi phí: 6.2056e+06
0 24 29 30 66 82 114 122 131 142 182 195 2 4 20 27 32 85 86 92 112 119 123 164 168 171 174 176 181 14 28 54 80 90 108 136 138 143 145 161 166 179 7 59 60 65 87 113 134 183 95 0 Role: 0
0 36 49 73 84 192 152 193 40 45 99 0 Role: 1
0 70 13 26 109 154 200 0 Role: 1
0 105 126 148 146 196 0 Role: 1
0 93 169 44 173 62 101 158 0 Role: 1
0 31 63 94 124 133 156 150 0 Role: 1
0 167 107 53 67 91 118 137 160 0 Role: 1
0 43 175 191 125 162 170 198 132 0 Role: 2
0 97 184 1 128 111 9 17 0 Role: 2
0 155 180 149 48 57 83 115 0 Role: 2
0 72 22 153 129 130 75 121 178 0 Role: 2
0 135 77 96 140 0 Role: 2
0 69 0 Role: 2
0 25 6 55 127 76 0 Role: 2
0 144 0 Role: 2
0 88 15 194 151 190 0 Role: 2
0 104 120 188 56 0 Role: 2
0 71 19 79 141 16 21 23 58 0 Role: 3
0 106 11 12 33 102 0 Role: 3
0 37 103 34 100 50 46 0 Role: 3
0 74 18 38 52 61 81 98 0 Role: 3

Số khách: 133
Chi phí: 5.35676e+06
0 57 53 136 69 2 4 6 7 15 20 27 28 32 54 55 58 59 61 65 77 81 87 88 90 95 113 121 123 129 134 138 145 166 171 174 0 Role: 0
0 8 13 26 36 40 41 62 109 0 Role: 1
0 11 1 3 16 18 19 21 79 0 Role: 2
0 38 33 118 143 98 183 23 0 Role: 2
0 75 63 76 91 92 94 152 0 Role: 2
0 193 67 25 156 176 140 158 194 0 Role: 2
0 96 178 56 161 104 22 111 14 0 Role: 2
0 80 120 124 12 0 Role: 2
0 108 153 137 179 60 0 Role: 2
0 146 151 188 0 Role: 2
0 5 9 35 39 44 97 130 0 Role: 3
0 17 31 34 37 100 144 0 Role: 3
0 46 50 52 68 74 99 127 187 0 Role: 3
0 107 135 155 160 0 Role: 3
0 42 43 45 89 102 0 Role: 4
0 71 103 106 133 139 150 0 Role: 4
0 159 163 180 184 0 Role: 4

Số khách: 188
Chi phí: 7.42898e+06
0 24 29 30 66 82 114 122 131 142 182 195 2 4 20 27 32 85 86 92 112 119 123 164 168 171 174 176 181 7 12 56 59 60 65 87 95 96 118 134 156 183 14 54 80 90 108 136 138 145 0 Role: 0
0 192 172 165 57 83 5 177 58 0 Role: 1
0 115 197 3 11 19 34 37 140 0 Role: 1
0 36 49 73 84 50 100 141 0 Role: 2
0 70 13 26 109 16 23 0 Role: 2
0 105 126 148 196 61 0 Role: 2
0 93 169 44 173 62 101 158 0 Role: 2
0 31 71 74 79 81 102 187 0 Role: 2
0 167 107 67 91 98 137 146 0 Role: 2
0 200 8 147 41 64 143 152 166 193 18 0 Role: 3
0 47 154 40 132 0 Role: 3
0 35 39 42 45 68 0 Role: 3
0 43 175 191 125 162 170 198 179 0 Role: 4
0 97 184 1 128 111 9 17 0 Role: 4
0 155 180 149 48 103 38 139 150 0 Role: 4
0 72 22 153 129 130 75 121 178 0 Role: 4
0 135 77 28 0 Role: 4
0 69 0 Role: 4
0 25 6 55 127 76 0 Role: 4
0 113 144 160 0 Role: 4
0 88 15 194 151 190 161 0 Role: 4
0 104 63 120 124 0 Role: 4
0 78 117 89 133 188 21 0 Role: 5
0 33 46 52 53 94 163 0 Role: 6

Số khách: 183
Chi phí: 7.05362e+06
0 24 29 30 66 82 114 122 131 142 182 195 2 4 20 27 32 85 86 92 112 119 123 164 168 171 174 176 181 14 28 54 80 90 108 136 138 143 145 161 166 179 7 59 60 65 87 113 134 183 0 Role: 0
0 71 19 79 141 16 21 23 58 0 Role: 1
0 106 11 12 33 102 0 Role: 1
0 37 103 34 100 50 46 0 Role: 1
0 74 18 38 52 61 81 98 0 Role: 1
0 200 8 147 41 99 139 150 0 Role: 2
0 47 154 40 132 0 Role: 2
0 35 39 42 45 89 163 0 Role: 2
0 36 49 73 84 192 152 193 0 Role: 3
0 70 13 26 109 0 Role: 3
0 105 126 148 146 196 0 Role: 3
0 93 169 44 173 62 101 158 0 Role: 3
0 31 63 94 124 133 156 0 Role: 3
0 167 107 53 67 91 118 137 160 0 Role: 3
0 43 175 191 125 162 170 198 0 Role: 4
0 97 184 1 128 111 9 17 0 Role: 4
0 155 180 149 48 57 83 115 0 Role: 4
0 72 22 153 129 130 75 121 178 0 Role: 4
0 135 77 96 0 Role: 4
0 69 0 Role: 4
0 25 6 55 127 76 0 Role: 4
0 144 0 Role: 4
0 88 15 194 151 190 0 Role: 4
0 104 120 188 0 Role: 4
0 157 64 3 140 56 95 187 0 Role: 5

Số khách: 185
Chi phí: 7.25558e+06
0 10 41 42 185 189 2 4 20 27 32 85 86 92 112 119 123 164 168 171 174 176 181 183 0 Role: 0
0 53 138 14 18 23 0 Role: 1
0 144 161 193 146 0 Role: 1
0 28 120 188 179 0 Role: 1
0 61 90 80 158 0 Role: 1
0 136 143 152 108 54 94 166 63 145 0 Role: 1
0 11 102 156 79 141 0 Role: 2
0 133 134 16 21 0 Role: 2
0 196 19 33 34 46 50 52 0 Role: 2
0 68 60 67 38 99 139 0 Role: 2
0 7 81 187 87 98 59 0 Role: 2
0 96 0 Role: 2
0 12 91 124 118 137 160 65 58 0 Role: 2
0 192 172 165 57 83 5 177 0 Role: 3
0 115 197 159 0 Role: 3
0 43 175 191 125 162 170 198 132 0 Role: 4
0 97 184 1 128 111 9 17 0 Role: 4
0 155 180 149 48 35 39 0 Role: 4
0 72 22 153 129 130 75 121 178 0 Role: 4
0 135 77 0 Role: 4
0 69 0 Role: 4
0 25 6 55 127 76 0 Role: 4
0 113 0 Role: 4
0 88 15 194 151 190 0 Role: 4
0 104 0 Role: 4
0 78 117 89 37 74 0 Role: 5
0 157 64 3 140 56 95 163 0 Role: 6
0 8 0 Role: 7
0 47 0 Role: 7
0 36 49 73 84 40 45 100 147 0 Role: 8
0 70 13 26 109 154 200 0 Role: 8
0 105 126 148 150 0 Role: 8
0 93 169 44 173 62 101 0 Role: 8
0 31 71 103 106 186 0 Role: 8
0 167 107 0 Role: 8

Số khách: 84
Chi phí: 3.69042e+06
0 57 53 136 69 2 4 6 7 15 20 27 28 32 54 55 58 59 61 65 77 81 87 88 90 95 113 121 123 129 134 138 145 166 171 174 0 Role: 0
0 11 1 3 16 18 19 21 79 0 Role: 1
0 38 33 118 143 98 183 23 0 Role: 1
0 75 63 76 91 92 94 152 0 Role: 1
0 193 67 25 156 176 140 158 194 0 Role: 1
0 96 178 161 104 22 111 14 0 Role: 1
0 80 120 124 12 0 Role: 1
0 108 153 137 179 60 0 Role: 1
0 146 151 188 0 Role: 1

Số khách: 72
Chi phí: 3.66775e+06
0 57 53 136 69 2 4 6 7 15 20 27 28 32 54 55 58 59 61 65 77 81 87 88 90 95 113 121 123 129 134 138 145 166 171 174 14 80 108 111 178 183 0 Role: 0
0 5 9 35 39 44 97 130 0 Role: 1
0 17 31 34 37 100 144 16 143 0 Role: 1
0 46 50 52 68 74 99 127 187 98 0 Role: 1
0 107 135 155 160 23 118 161 0 Role: 1

Số khách: 145
Chi phí: 5.49284e+06
0 24 29 30 66 82 114 122 131 142 182 195 2 4 20 27 32 85 86 92 112 119 123 164 168 171 174 176 181 7 12 14 28 54 56 59 60 65 80 87 90 95 96 108 118 134 136 138 145 161 183 0 Role: 0
0 36 49 73 84 11 16 23 58 147 0 Role: 1
0 70 13 26 109 34 143 0 Role: 1
0 105 126 148 46 50 141 0 Role: 1
0 93 169 44 173 62 101 150 0 Role: 1
0 31 3 18 19 21 33 61 0 Role: 1
0 167 107 52 53 63 94 152 0 Role: 1
0 43 175 191 125 162 170 198 132 0 Role: 2
0 97 184 1 128 111 9 17 0 Role: 2
0 155 180 149 48 35 38 39 0 Role: 2
0 72 22 153 129 130 75 121 178 0 Role: 2
0 135 77 98 140 158 0 Role: 2
0 69 0 Role: 2
0 25 6 55 127 76 0 Role: 2
0 113 0 Role: 2
0 88 15 194 151 190 137 146 0 Role: 2
0 104 81 124 179 0 Role: 2

Số khách: 163
Chi phí: 6.14046e+06
0 10 51 2 4 20 27 32 85 86 92 112 119 123 164 168 171 174 176 181 7 12 59 60 65 87 96 98 118 134 156 183 0 Role: 0
0 43 175 191 125 162 170 198 58 132 0 Role: 1
0 97 184 1 128 111 9 17 0 Role: 1
0 155 180 149 48 16 23 115 0 Role: 1
0 72 22 153 129 130 75 121 178 0 Role: 1
0 135 77 0 Role: 1
0 69 137 0 Role: 1
0 25 6 55 127 76 0 Role: 1
0 113 81 0 Role: 1
0 88 15 194 151 190 0 Role: 1
0 104 124 0 Role: 1
0 36 49 73 84 38 40 45 99 147 0 Role: 2
0 70 13 26 109 50 100 141 0 Role: 2
0 105 126 148 52 196 0 Role: 2
0 93 169 44 173 62 101 150 0 Role: 2
0 31 71 74 79 102 187 34 0 Role: 2
0 167 107 67 91 160 0 Role: 2
0 157 64 3 140 56 95 163 0 Role: 3
0 53 138 14 186 18 0 Role: 4
0 144 161 193 146 0 Role: 4
0 28 120 188 179 0 Role: 4
0 61 90 80 158 0 Role: 4
0 136 143 152 108 54 94 166 63 145 0 Role: 4
0 5 11 19 21 33 46 0 Role: 5
0 37 68 106 139 0 Role: 5

Số khách: 70
Chi phí: 3.62019e+06
0 57 53 136 69 2 4 6 7 15 20 27 28 32 54 55 58 59 61 65 77 81 87 88 90 95 113 121 123 129 134 138 166 171 174 14 80 108 111 178 183 0 Role: 0
0 5 9 35 39 44 97 130 0 Role: 1
0 17 31 34 37 100 144 16 143 0 Role: 1
0 50 52 68 74 99 127 187 98 0 Role: 1
0 107 135 155 160 23 118 161 0 Role: 1

Số khách: 171
Chi phí: 6.54621e+06
0 24 29 30 66 82 114 122 131 142 182 195 2 4 20 27 32 85 86 92 112 119 123 164 168 171 174 176 181 14 28 54 80 90 108 136 138 143 145 161 166 179 7 59 60 65 87 113 134 183 95 0 Role: 0
0 43 175 191 125 162 170 198 132 0 Role: 1
0 97 184 1 128 111 9 17 0 Role: 1
0 155 180 149 48 57 83 115 0 Role: 1
0 72 22 153 129 130 75 121 178 0 Role: 1
0 135 77 96 140 0 Role: 1
0 69 0 Role: 1
0 25 6 55 127 76 0 Role: 1
0 144 0 Role: 1
0 88 15 194 151 190 0 Role: 1
0 104 120 188 56 0 Role: 1
0 36 49 73 84 192 152 193 40 45 99 0 Role: 2
0 70 13 26 109 154 200 0 Role: 2
0 105 126 148 146 196 0 Role: 2
0 93 169 44 173 62 101 158 0 Role: 2
0 31 63 94 124 133 156 150 0 Role: 2
0 167 107 53 67 91 118 137 160 0 Role: 2
0 71 19 79 141 16 21 23 58 0 Role: 3
0 106 11 12 33 102 0 Role: 3
0 37 103 34 100 50 46 0 Role: 3
0 74 18 38 52 61 81 98 0 Role: 3
0 3 68 0 Role: 4

Số khách: 117
Chi phí: 4.80083e+06
0 57 53 136 69 2 4 6 7 15 20 27 28 32 54 55 58 59 61 65 77 81 87 88 90 95 113 121 123 129 134 138 145 166 171 174 0 Role: 0
0 11 1 3 16 18 19 21 79 0 Role: 1
0 38 33 118 143 98 183 23 0 Role: 1
0 75 63 76 91 92 94 152 0 Role: 1
0 193 67 25 156 176 140 158 194 0 Role: 1
0 96 178 56 161 104 22 111 14 0 Role: 1
0 80 120 124 12 0 Role: 1
0 108 153 137 179 60 0 Role: 1
0 146 151 188 0 Role: 1
0 5 9 35 39 44 97 130 0 Role: 2
0 17 31 34 37 100 144 0 Role: 2
0 46 50 52 68 74 99 127 187 0 Role: 2
0 107 135 155 160 0 Role: 2
0 8 13 26 36 40 41 0 Role: 3
0 42 0 Role: 3

Số khách: 102
Chi phí: 4.18673e+06
0 57 53 136 69 2 4 6 7 15 20 27 28 32 54 55 58 59 61 65 77 81 88 90 95 113 121 123 129 134 138 145 166 171 174 0 Role: 0
0 11 1 3 16 18 19 21 79 0 Role: 1
0 38 33 118 143 98 183 23 0 Role: 1
0 75 63 76 91 92 94 152 0 Role: 1
0 193 67 25 156 176 140 158 194 0 Role: 1
0 96 178 56 161 104 22 111 14 0 Role: 1
0 80 120 124 12 0 Role: 1
0 108 153 137 179 60 0 Role: 1
0 146 151 188 0 Role: 1
0 5 9 17 31 34 46 50 71 100 160 0 Role: 2
0 52 107 127 163 187 0 Role: 2
0 135 144 155 0 Role: 2

Số khách: 103
Chi phí: 4.30065e+06
0 57 53 136 69 2 4 6 7 15 20 27 28 32 54 55 58 59 61 65 77 81 87 88 90 95 113 121 123 129 134 138 145 166 171 174 0 Role: 0
0 11 1 3 16 18 19 21 79 0 Role: 1
0 38 33 118 143 98 183 23 0 Role: 1
0 75 63 76 91 92 94 152 0 Role: 1
0 193 67 25 156 176 140 158 194 0 Role: 1
0 96 178 56 161 104 22 111 14 0 Role: 1
0 80 120 124 12 0 Role: 1
0 108 153 137 179 60 0 Role: 1
0 146 151 188 0 Role: 1
0 5 9 17 31 34 46 50 71 100 160 0 Role: 2
0 52 107 127 163 187 0 Role: 2
0 135 144 155 0 Role: 2

Số khách: 125
Chi phí: 4.94352e+06
0 57 53 136 69 2 4 6 7 15 20 27 28 32 54 55 58 59 61 65 77 81 87 88 90 95 113 121 123 129 134 138 145 166 171 174 0 Role: 0
0 11 1 3 16 18 19 21 79 0 Role: 1
0 38 33 118 143 98 183 23 0 Role: 1
0 75 63 76 91 92 94 152 0 Role: 1
0 193 67 25 156 176 140 158 194 0 Role: 1
0 96 178 56 161 104 22 111 14 0 Role: 1
0 80 120 124 12 0 Role: 1
0 108 153 137 179 60 0 Role: 1
0 146 151 188 0 Role: 1
0 5 9 35 39 44 97 130 0 Role: 2
0 17 31 34 37 100 144 0 Role: 2
0 46 50 52 68 74 99 127 187 0 Role: 2
0 107 135 155 160 0 Role: 2
0 8 13 26 36 40 41 62 109 0 Role: 3
0 42 43 45 0 Role: 3
0 71 103 106 133 0 Role: 3

Số khách: 179
Chi phí: 6.7729e+06
0 24 29 30 66 82 114 122 131 142 182 195 2 4 20 27 32 85 86 92 112 119 123 164 168 171 174 176 181 183 0 Role: 0
0 11 102 156 79 141 0 Role: 1
0 133 134 16 21 0 Role: 1
0 196 19 33 34 46 50 0 Role: 1
0 68 60 67 38 99 139 0 Role: 1
0 7 81 187 87 98 59 0 Role: 1
0 96 0 Role: 1
0 12 91 124 118 137 160 65 58 0 Role: 1
0 43 175 191 125 162 170 198 132 0 Role: 2
0 97 184 1 128 111 9 17 0 Role: 2
0 155 180 149 48 35 39 0 Role: 2
0 72 22 153 129 130 75 121 178 0 Role: 2
0 135 77 0 Role: 2
0 69 0 Role: 2
0 25 6 55 127 76 0 Role: 2
0 113 0 Role: 2
0 88 15 194 151 190 0 Role: 2
0 104 0 Role: 2
0 157 64 3 140 56 95 163 0 Role: 3
0 78 117 89 37 74 0 Role: 4
0 53 138 14 18 23 0 Role: 5
0 144 161 193 146 0 Role: 5
0 28 120 188 179 0 Role: 5
0 61 90 80 158 0 Role: 5
0 136 143 152 108 54 94 166 63 145 0 Role: 5
0 36 49 73 84 40 45 100 147 0 Role: 6
0 70 13 26 109 154 200 0 Role: 6
0 105 126 148 150 115 0 Role: 6
0 93 169 44 173 62 101 0 Role: 6
0 31 71 103 106 186 0 Role: 6
0 167 107 0 Role: 6

Số khách: 87
Chi phí: 3.99997e+06
0 10 51 2 4 20 27 32 85 86 92 112 119 123 164 168 171 174 176 181 6 14 15 22 28 54 55 56 77 80 90 95 104 108 111 113 121 129 136 138 145 178 0 Role: 0
0 11 102 156 79 130 0 Role: 1
0 133 134 34 188 16 46 0 Role: 1
0 196 19 37 50 100 144 25 0 Role: 1
0 183 68 60 67 63 75 135 146 151 158 161 140 0 Role: 1
0 7 81 187 87 98 59 0 Role: 1
0 96 69 0 Role: 1
0 12 91 124 118 137 160 65 58 0 Role: 1

Số khách: 180
Chi phí: 6.87576e+06
0 10 41 42 185 189 2 4 20 27 32 85 86 92 112 119 123 164 168 171 174 176 181 183 0 Role: 0
0 78 117 89 37 74 0 Role: 1
0 11 102 156 79 141 0 Role: 2
0 133 134 16 21 0 Role: 2
0 196 19 33 34 46 50 52 0 Role: 2
0 68 60 67 38 99 139 0 Role: 2
0 7 81 187 87 98 59 0 Role: 2
0 96 0 Role: 2
0 12 91 124 118 137 160 65 58 0 Role: 2
0 157 64 3 140 56 95 163 0 Role: 3
0 43 175 191 125 162 170 198 132 0 Role: 4
0 97 184 1 128 111 9 17 0 Role: 4
0 155 180 149 48 35 39 0 Role: 4
0 72 22 153 129 130 75 121 178 0 Role: 4
0 135 77 0 Role: 4
0 69 0 Role: 4
0 25 6 55 76 0 Role: 4
0 113 0 Role: 4
0 88 15 194 151 190 0 Role: 4
0 104 0 Role: 4
0 53 138 14 18 23 0 Role: 5
0 144 161 193 146 0 Role: 5
0 28 120 188 179 0 Role: 5
0 61 90 80 158 0 Role: 5
0 136 143 152 108 54 94 166 63 145 0 Role: 5
0 36 49 73 84 40 45 100 147 0 Role: 6
0 70 13 26 109 154 200 0 Role: 6
0 105 126 148 150 115 0 Role: 6
0 93 169 44 173 62 101 0 Role: 6
0 31 71 103 106 186 0 Role: 6
0 167 107 0 Role: 6
0 8 57 83 0 Role: 7
0 47 199 5 159 0 Role: 7

Số khách: 175
Chi phí: 6.62644e+06
0 24 29 30 66 82 114 122 131 142 182 195 2 4 20 27 32 85 86 92 112 119 123 164 168 171 174 176 181 14 28 54 80 90 108 136 138 143 145 161 166 179 7 59 60 65 87 113 134 183 95 0 Role: 0
0 71 19 79 141 16 21 23 58 0 Role: 1
0 106 11 12 33 102 0 Role: 1
0 37 103 34 100 50 46 0 Role: 1
0 74 18 38 52 61 81 98 0 Role: 1
0 43 175 191 125 162 170 198 132 0 Role: 2
0 97 184 1 128 111 9 17 0 Role: 2
0 155 180 149 48 57 83 115 0 Role: 2
0 72 22 153 129 130 75 121 178 0 Role: 2
0 135 77 96 140 0 Role: 2
0 69 0 Role: 2
0 25 6 55 127 76 0 Role: 2
0 144 0 Role: 2
0 88 15 194 151 190 0 Role: 2
0 104 120 188 56 0 Role: 2
0 36 49 73 84 192 152 193 40 45 99 0 Role: 3
0 70 13 26 109 154 200 0 Role: 3
0 105 126 148 146 196 0 Role: 3
0 93 169 44 173 62 101 158 0 Role: 3
0 31 63 94 124 133 156 150 0 Role: 3
0 167 107 53 67 91 118 137 160 0 Role: 3
0 3 68 139 163 187 0 Role: 4
0 186 0 Role: 4

Số khách: 85
Chi phí: 3.71794e+06
0 57 53 136 69 2 4 6 7 15 20 27 28 32 54 55 58 59 61 65 77 81 87 88 90 95 113 121 123 129 134 138 145 166 171 174 0 Role: 0
0 11 1 3 16 18 19 21 79 0 Role: 1
0 38 33 118 143 98 183 23 0 Role: 1
0 75 63 76 91 92 94 152 0 Role: 1
0 193 67 25 156 176 140 158 194 0 Role: 1
0 96 178 56 161 104 22 111 14 0 Role: 1
0 80 120 124 12 0 Role: 1
0 108 153 137 179 60 0 Role: 1
0 146 151 188 0 Role: 1

Số khách: 111
Chi phí: 4.54428e+06
0 10 51 2 4 20 27 32 85 86 92 112 119 123 164 168 171 174 176 181 7 12 59 60 65 87 96 98 118 134 156 183 56 95 0 Role: 0
0 43 175 191 125 162 170 198 58 132 0 Role: 1
0 97 184 1 128 111 9 17 0 Role: 1
0 155 180 149 48 150 196 16 46 0 Role: 1
0 72 22 153 129 130 75 121 178 0 Role: 1
0 135 77 0 Role: 1
0 69 137 140 0 Role: 1
0 25 6 55 127 76 0 Role: 1
0 113 81 0 Role: 1
0 88 15 194 151 190 0 Role: 1
0 104 124 0 Role: 1
0 53 138 14 18 23 187 0 Role: 2
0 144 161 193 146 0 Role: 2
0 28 120 188 179 0 Role: 2
0 61 90 80 158 0 Role: 2
0 136 143 152 108 54 94 166 63 145 0 Role: 2

Số khách: 95
Chi phí: 4.11664e+06
0 57 53 136 69 2 4 6 7 15 20 27 28 32 54 55 58 59 61 65 77 81 87 88 90 95 113 121 123 129 134 138 145 166 171 174 0 Role: 0
0 11 1 3 16 18 19 21 79 0 Role: 1
0 38 33 118 143 98 183 23 0 Role: 1
0 75 63 76 91 92 94 152 0 Role: 1
0 193 67 25 156 176 140 158 194 0 Role: 1
0 96 178 56 161 104 22 111 14 0 Role: 1
0 80 120 124 12 0 Role: 1
0 108 153 137 179 60 0 Role: 1
0 146 151 188 0 Role: 1
0 5 9 17 31 34 46 50 71 100 160 0 Role: 2

Số khách: 109
Chi phí: 4.37283e+06
0 57 53 136 69 2 4 6 7 15 20 27 28 32 54 55 58 59 61 65 77 81 87 88 90 95 113 121 123 129 134 138 145 166 171 174 0 Role: 0
0 11 1 3 16 18 19 21 79 0 Role: 1
0 38 33 118 143 98 183 23 0 Role: 1
0 75 63 76 91 92 94 152 0 Role: 1
0 193 67 25 156 176 140 158 194 0 Role: 1
0 96 178 56 161 104 22 111 14 0 Role: 1
0 80 120 124 12 0 Role: 1
0 108 153 137 179 60 0 Role: 1
0 146 151 188 0 Role: 1
0 5 9 35 39 44 97 130 0 Role: 2
0 17 31 34 37 100 144 0 Role: 2
0 46 50 52 74 99 127 187 0 Role: 2
0 107 135 155 160 0 Role: 2

Số khách: 122
Chi phí: 4.87524e+06
0 57 53 136 69 2 4 6 7 15 20 27 28 32 54 55 58 59 61 65 77 81 87 88 90 95 113 121 123 129 134 138 145 166 171 174 0 Role: 0
0 8 13 26 36 40 41 62 109 0 Role: 1
0 42 43 45 89 102 0 Role: 1
0 11 1 3 16 18 19 21 79 0 Role: 2
0 38 33 118 143 98 183 23 0 Role: 2
0 75 63 76 91 92 94 152 0 Role: 2
0 193 67 25 156 176 140 158 194 0 Role: 2
0 96 178 56 161 104 22 111 14 0 Role: 2
0 80 120 124 12 0 Role: 2
0 108 153 137 179 60 0 Role: 2
0 146 151 188 0 Role: 2
0 5 9 35 39 44 97 130 0 Role: 3
0 17 31 34 37 100 144 0 Role: 3
0 46 50 52 68 74 99 127 187 0 Role: 3
0 107 155 160 0 Role: 3

Số khách: 89
Chi phí: 4.07007e+06
0 57 53 136 69 2 4 6 7 15 20 27 28 32 54 55 58 59 61 65 77 81 87 88 90 95 113 121 123 129 134 138 145 166 171 174 0 Role: 0
0 11 1 3 16 18 19 21 79 0 Role: 1
0 38 33 118 143 98 183 23 0 Role: 1
0 75 63 76 91 92 94 152 0 Role: 1
0 193 67 25 156 176 140 158 194 0 Role: 1
0 96 178 56 161 104 22 111 14 0 Role: 1
0 80 120 124 12 0 Role: 1
0 108 153 137 179 60 0 Role: 1
0 146 151 188 0 Role: 1
0 5 9 17 31 0 Role: 2

Số khách: 166
Chi phí: 6.14073e+06
0 10 51 2 4 20 27 32 85 86 92 112 119 123 164 168 171 174 176 181 7 12 59 60 65 87 96 98 118 134 156 183 0 Role: 0
0 157 64 3 140 56 95 163 0 Role: 1
0 36 49 73 84 38 40 45 99 147 0 Role: 2
0 70 13 26 109 50 100 141 0 Role: 2
0 105 126 148 52 196 0 Role: 2
0 93 169 44 173 62 101 150 0 Role: 2
0 31 71 74 79 102 187 0 Role: 2
0 167 107 67 91 160 0 Role: 2
0 53 138 14 186 0 Role: 3
0 144 161 193 146 0 Role: 3
0 28 120 188 179 0 Role: 3
0 61 90 80 158 0 Role: 3
0 136 143 152 108 54 94 166 63 145 0 Role: 3
0 192 172 165 57 83 5 177 0 Role: 4
0 115 197 11 18 19 21 33 34 46 0 Role: 4
0 43 175 191 125 162 170 198 58 132 0 Role: 5
0 97 184 1 128 111 9 17 0 Role: 5
0 155 180 149 48 16 23 0 Role: 5
0 72 22 153 129 130 75 121 178 0 Role: 5
0 135 77 0 Role: 5
0 69 137 0 Role: 5
0 25 6 55 127 76 0 Role: 5
0 113 81 0 Role: 5
0 88 15 194 151 190 0 Role: 5
0 104 124 0 Role: 5

Số khách: 113
Chi phí: 4.71051e+06
0 10 51 2 4 20 27 32 85 86 92 112 119 123 164 168 171 174 176 181 6 14 15 22 28 54 55 56 77 80 88 90 95 104 108 111 113 121 129 136 138 145 178 59 65 87 183 0 Role: 0
0 200 8 147 41 9 38 48 57 64 143 0 Role: 1
0 47 154 40 132 17 141 0 Role: 1
0 39 42 45 53 152 23 12 98 0 Role: 1
0 36 49 73 84 72 74 76 97 16 0 Role: 2
0 70 13 26 109 100 184 194 0 Role: 2
0 105 126 148 43 61 46 0 Role: 2
0 93 169 44 173 62 101 150 69 0 Role: 2
0 31 63 71 75 79 58 130 0 Role: 2
0 167 107 67 127 135 118 0 Role: 2

Số khách: 94
Chi phí: 4.11072e+06
0 57 53 136 69 2 4 6 7 15 20 27 28 32 54 55 58 59 61 65 77 81 87 88 90 95 113 121 123 129 134 138 145 166 171 174 0 Role: 0
0 11 1 3 16 18 19 21 79 0 Role: 1
0 38 33 118 143 98 183 23 0 Role: 1
0 75 63 76 91 92 94 152 0 Role: 1
0 193 67 25 156 176 140 158 194 0 Role: 1
0 96 178 56 161 104 22 111 14 0 Role: 1
0 80 120 124 12 0 Role: 1
0 108 153 137 179 60 0 Role: 1
0 146 188 0 Role: 1
0 5 9 17 31 34 46 50 71 100 160 0 Role: 2

Số khách: 49
Chi phí: 3.14774e+06
0 112 63 2 6 7 14 15 20 22 27 28 32 54 55 56 59 60 65 77 80 87 88 90 95 108 111 113 121 123 129 134 138 145 178 183 174 0 Role: 0
0 5 9 17 31 50 62 71 79 130 58 16 46 98 0 Role: 1

Số khách: 147
Chi phí: 5.55593e+06
0 24 29 30 66 82 114 122 131 142 182 195 2 4 20 27 32 85 86 92 112 119 123 164 168 171 174 176 181 14 28 54 80 90 108 136 138 143 145 161 166 179 7 59 60 65 87 113 134 183 95 0 Role: 0
0 36 49 73 84 192 152 193 40 45 99 0 Role: 1
0 70 13 26 109 154 200 16 58 0 Role: 1
0 105 126 148 146 196 0 Role: 1
0 93 169 44 173 62 101 158 0 Role: 1
0 31 63 94 124 133 156 150 0 Role: 1
0 167 107 53 67 91 118 137 160 0 Role: 1
0 43 175 191 125 162 170 198 132 0 Role: 2
0 97 184 1 128 111 9 17 0 Role: 2
0 155 180 149 48 57 83 115 0 Role: 2
0 72 22 153 129 130 75 121 178 0 Role: 2
0 135 77 96 140 0 Role: 2
0 69 0 Role: 2
0 25 6 55 127 76 0 Role: 2
0 144 81 98 0 Role: 2
0 88 15 194 151 190 0 Role: 2
0 104 120 188 56 0 Role: 2

Số khách: 53
Chi phí: 3.16694e+06
0 112 63 2 6 7 15 20 22 27 28 32 54 55 56 59 60 65 77 80 87 88 90 95 108 111 113 121 123 129 134 138 145 178 183 174 0 Role: 0
0 1 3 4 11 23 136 58 130 141 0 Role: 1
0 18 19 21 25 33 34 61 16 98 0 Role: 1

Số khách: 110
Chi phí: 4.38067e+06
0 57 53 136 69 2 4 6 7 15 20 27 28 32 54 55 58 59 61 65 77 81 87 88 90 95 113 121 123 129 134 138 145 166 171 174 0 Role: 0
0 11 1 3 16 18 19 21 79 0 Role: 1
0 38 33 118 143 98 183 23 0 Role: 1
0 75 63 76 91 92 94 152 0 Role: 1
0 193 67 25 156 176 140 158 194 0 Role: 1
0 96 178 56 161 104 22 111 14 0 Role: 1
0 80 120 124 12 0 Role: 1
0 108 153 137 179 60 0 Role: 1
0 146 151 188 0 Role: 1
0 5 9 35 39 44 97 130 0 Role: 2
0 17 31 34 37 100 144 0 Role: 2
0 46 50 52 68 74 99 127 187 0 Role: 2
0 107 135 155 160 0 Role: 2

Số khách: 54
Chi phí: 3.19951e+06
0 112 63 2 6 7 15 20 22 27 28 32 54 55 56 59 60 65 77 80 87 88 90 95 108 111 113 121 123 129 134 138 145 178 183 174 14 0 Role: 0
0 1 3 4 11 23 136 58 130 141 0 Role: 1
0 18 19 21 25 33 34 61 16 98 0 Role: 1

Số khách: 112
Chi phí: 4.70411e+06
0 57 53 136 69 2 4 6 7 15 20 27 28 32 54 55 58 59 61 65 77 81 87 88 90 95 113 121 123 129 134 138 145 166 171 174 0 Role: 0
0 11 1 3 16 18 19 21 79 0 Role: 1
0 38 33 118 143 98 183 23 0 Role: 1
0 75 63 76 91 92 94 152 0 Role: 1
0 193 67 25 156 176 140 158 194 0 Role: 1
0 96 178 56 161 104 22 111 14 0 Role: 1
0 80 120 124 12 0 Role: 1
0 108 153 137 179 60 0 Role: 1
0 146 151 188 0 Role: 1
0 5 9 35 39 44 97 130 0 Role: 2
0 17 31 34 37 100 144 0 Role: 2
0 46 50 52 68 74 99 127 187 0 Role: 2
0 107 135 155 160 0 Role: 2
0 8 13 0 Role: 3

Số khách: 173
Chi phí: 6.57622e+06
0 24 29 30 66 82 114 122 131 142 182 195 2 4 20 27 32 85 86 92 112 119 123 164 168 171 174 176 181 14 28 54 80 90 108 136 138 143 145 161 166 179 7 59 60 65 87 113 134 183 95 0 Role: 0
0 36 49 73 84 192 152 193 40 45 99 0 Role: 1
0 70 13 26 109 154 200 0 Role: 1
0 105 126 148 146 196 0 Role: 1
0 93 169 44 173 62 101 158 0 Role: 1
0 31 63 94 124 133 156 150 0 Role: 1
0 167 107 53 67 91 118 137 160 0 Role: 1
0 43 175 191 125 162 170 198 132 0 Role: 2
0 97 184 1 128 111 9 17 0 Role: 2
0 155 180 149 48 57 83 115 0 Role: 2
0 72 22 153 129 130 75 121 178 0 Role: 2
0 135 77 96 140 0 Role: 2
0 69 0 Role: 2
0 25 6 55 127 76 0 Role: 2
0 144 0 Role: 2
0 88 15 194 151 0 Role: 2
0 104 120 188 56 0 Role: 2
0 71 19 79 141 16 21 23 58 0 Role: 3
0 106 11 12 33 102 0 Role: 3
0 37 103 34 100 50 46 0 Role: 3
0 74 18 38 52 61 81 98 0 Role: 3
0 3 68 139 163 187 0 Role: 4

Số khách: 123
Chi phí: 4.87531e+06
0 57 53 136 69 2 4 6 7 15 20 27 28 32 54 55 58 59 61 65 77 81 87 88 90 95 113 121 123 129 134 138 145 166 171 174 0 Role: 0
0 11 1 3 16 18 19 21 79 0 Role: 1
0 38 33 118 143 98 183 23 0 Role: 1
0 75 63 76 91 92 94 152 0 Role: 1
0 193 67 25 156 176 140 158 194 0 Role: 1
0 96 178 56 161 104 22 111 14 0 Role: 1
0 80 120 124 12 0 Role: 1
0 108 153 137 179 60 0 Role: 1
0 146 151 188 0 Role: 1
0 5 9 35 39 44 97 130 0 Role: 2
0 17 31 34 37 100 144 0 Role: 2
0 46 50 52 68 74 99 127 187 0 Role: 2
0 107 135 155 160 0 Role: 2
0 8 13 26 36 40 41 62 109 0 Role: 3
0 42 43 45 89 102 0 Role: 3

Số khách: 88
Chi phí: 4.04347e+06
0 10 51 2 4 20 27 32 85 86 92 112 119 123 164 168 171 174 176 181 6 14 15 22 28 54 55 56 77 80 88 90 95 104 108 111 113 121 129 136 138 145 178 0 Role: 0
0 11 102 156 79 130 0 Role: 1
0 133 134 34 188 16 46 0 Role: 1
0 196 19 37 50 100 144 25 0 Role: 1
0 183 68 60 67 63 75 135 146 151 158 161 140 0 Role: 1
0 7 81 187 87 98 59 0 Role: 1
0 96 69 0 Role: 1
0 12 91 124 118 137 160 65 58 0 Role: 1

Số khách: 146
Chi phí: 5.54685e+06
0 24 29 30 66 82 114 122 131 142 182 195 2 4 20 27 32 85 86 92 112 119 123 164 168 171 174 176 181 14 28 54 80 90 108 136 138 143 145 161 166 179 7 59 60 65 87 113 134 183 95 0 Role: 0
0 36 49 73 84 192 152 193 40 45 99 0 Role: 1
0 70 13 26 109 154 200 16 58 0 Role: 1
0 105 126 148 146 196 0 Role: 1
0 93 169 44 173 62 101 158 0 Role: 1
0 31 63 94 124 133 156 150 0 Role: 1
0 167 107 53 67 91 118 137 160 0 Role: 1
0 43 175 191 125 162 170 198 132 0 Role: 2
0 97 184 1 128 111 9 17 0 Role: 2
0 155 180 149 48 57 83 115 0 Role: 2
0 72 22 129 130 75 121 178 0 Role: 2
0 135 77 96 140 0 Role: 2
0 69 0 Role: 2
0 25 6 55 127 76 0 Role: 2
0 144 81 98 0 Role: 2
0 88 15 194 151 190 0 Role: 2
0 104 120 188 56 0 Role: 2

Số khách: 71
Chi phí: 3.65897e+06

