Số khách: 20
Chi phí: 1.52859e+06
0 17 3 2 9 20 11 12 6 7 4 18 14 5 0 Role: 0
0 1 19 13 10 8 16 15 0 Role: 1

Số khách: 19
Chi phí: 1.52573e+06
0 17 3 2 9 20 15 16 4 19 5 10 18 0 Role: 0
0 1 8 13 7 6 12 11 0 Role: 1

Số khách: 20
Chi phí: 1.58556e+06
0 20 9 16 14 8 19 7 6 1 2 3 11 12 4 18 10 5 0 Role: 0
0 17 13 15 0 Role: 1

Số khách: 16
Chi phí: 1.4883e+06
0 17 20 14 18 19 0 Role: 0
0 16 15 2 6 7 12 11 1 5 10 3 0 Role: 1

Số khách: 18
Chi phí: 1.53223e+06
0 8 20 14 18 4 0 Role: 0
0 3 13 15 0 Role: 1
0 5 10 19 7 12 11 1 2 16 6 0 Role: 1

Số khách: 19
Chi phí: 1.57108e+06
0 20 9 16 14 8 19 7 6 1 2 3 11 12 4 10 5 0 Role: 0
0 17 13 15 0 Role: 1

Số khách: 17
Chi phí: 1.49874e+06
0 17 20 14 18 4 19 0 Role: 0
0 16 15 2 6 7 12 11 1 5 10 3 0 Role: 1

