Số khách: 33
Chi phí: 1.75372e+07
0 19 23 38 0 Role: 0
0 178 156 29 0 Role: 0
0 46 154 159 56 32 67 0 Role: 0
0 189 0 Role: 0
0 44 0 Role: 0
0 54 0 Role: 0
0 62 0 Role: 0
0 51 76 84 112 0 Role: 0
0 59 80 0 Role: 1
0 81 97 115 0 Role: 1
0 158 0 Role: 1
0 148 0 Role: 2
0 18 50 69 0 Role: 2
0 17 0 Role: 2
0 140 0 Role: 3
0 174 0 Role: 3

Số khách: 171
Chi phí: 4.98739e+07
0 2 12 14 22 60 63 36 26 40 67 122 169 159 95 135 165 88 137 181 182 188 189 151 0 Role: 0
0 74 4 175 139 155 39 193 125 32 7 8 68 56 92 120 31 30 13 10 97 6 0 Role: 0
0 58 79 49 102 48 86 103 76 84 107 130 109 145 110 127 128 156 116 199 152 71 195 198 158 70 34 38 93 89 142 176 9 83 0 Role: 0
0 35 41 53 72 73 57 64 75 82 85 90 104 117 121 101 91 87 167 25 43 47 126 161 19 46 0 Role: 0
0 5 52 15 16 24 45 27 61 51 65 78 66 99 108 29 80 81 77 177 23 42 147 0 Role: 0
0 62 21 28 100 98 105 111 129 113 131 172 1 3 11 37 54 112 0 Role: 0
0 171 44 20 55 96 133 0 Role: 0
0 33 94 106 114 119 136 138 141 143 144 162 163 180 191 196 0 Role: 0
0 18 59 50 0 Role: 1
0 69 17 0 Role: 1
0 115 0 Role: 2
0 140 0 Role: 3
0 148 0 Role: 3
0 174 0 Role: 3

Số khách: 58
Chi phí: 2.17137e+07
0 138 199 158 97 67 0 Role: 0
0 44 0 Role: 0
0 137 159 180 169 135 88 0 Role: 0
0 170 45 121 86 63 108 181 115 198 0 Role: 0
0 22 72 85 172 0 Role: 0
0 19 161 32 195 95 71 70 29 0 Role: 0
0 157 113 144 176 39 42 1 9 0 Role: 0
0 5 126 40 87 92 38 0 Role: 0
0 81 50 80 0 Role: 1
0 54 0 Role: 1
0 18 17 69 0 Role: 2
0 59 0 Role: 2
0 148 0 Role: 3
0 140 174 0 Role: 3

Số khách: 74
Chi phí: 2.40173e+07
0 2 19 161 122 180 23 56 182 38 42 6 120 93 83 10 9 92 68 0 Role: 0
0 70 71 183 89 55 31 4 151 158 13 30 181 46 0 Role: 0
0 85 163 101 152 11 121 193 117 104 7 176 159 8 88 29 80 97 0 Role: 0
0 3 34 25 1 20 32 0 Role: 0
0 5 0 Role: 0
0 12 0 Role: 0
0 22 14 37 36 26 0 Role: 0
0 15 16 0 Role: 0
0 54 50 18 59 0 Role: 1
0 81 17 69 0 Role: 2
0 115 0 Role: 2
0 140 174 0 Role: 3
0 148 0 Role: 4

Số khách: 75
Chi phí: 2.65678e+07
0 52 153 4 169 23 42 6 137 13 9 93 30 120 19 10 0 Role: 0
0 51 62 61 45 65 78 152 66 87 91 96 104 177 46 29 112 182 167 31 68 0 Role: 0
0 1 3 0 Role: 0
0 2 8 7 0 Role: 0
0 5 11 12 14 0 Role: 0
0 15 0 Role: 0
0 16 20 32 71 56 25 38 34 70 83 0 Role: 0
0 21 22 24 26 36 37 0 Role: 0
0 54 69 50 18 81 0 Role: 1
0 80 97 0 Role: 1
0 115 0 Role: 1
0 140 17 0 Role: 2
0 59 0 Role: 3
0 158 0 Role: 3
0 148 0 Role: 4
0 174 0 Role: 4

Số khách: 162
Chi phí: 4.71292e+07
0 185 2 12 14 22 36 1 26 40 11 54 137 0 Role: 0
0 35 41 53 72 73 57 64 75 82 85 90 104 117 121 101 91 87 167 25 43 47 126 161 0 Role: 0
0 3 143 20 133 96 37 55 6 9 19 23 42 46 83 151 0 Role: 0
0 74 4 175 139 155 39 193 125 32 7 8 68 56 92 120 31 30 13 10 97 169 159 0 Role: 0
0 5 52 15 16 24 45 27 61 51 65 78 147 66 99 88 112 108 95 122 135 188 181 182 189 165 0 Role: 0
0 58 79 49 102 48 86 103 76 84 107 130 109 145 110 127 128 156 116 199 152 198 158 195 29 34 38 70 71 89 93 142 176 0 Role: 0
0 21 28 100 98 105 111 129 113 131 160 191 180 196 163 177 80 81 77 0 Role: 0
0 194 178 18 17 44 63 60 67 0 Role: 0
0 148 0 Role: 1
0 59 115 0 Role: 2
0 140 174 50 0 Role: 3
0 69 0 Role: 4

Số khách: 93
Chi phí: 2.71933e+07
0 155 30 94 120 23 44 9 97 81 4 83 10 13 6 0 Role: 0
0 140 3 156 192 1 103 7 122 19 29 38 89 31 93 181 70 0 Role: 0
0 113 25 110 42 101 39 56 188 67 88 92 176 159 169 0 Role: 0
0 16 126 95 47 55 137 142 182 71 189 0 Role: 0
0 37 102 11 43 96 133 20 77 32 161 177 165 0 Role: 0
0 33 87 147 68 8 151 135 46 34 112 167 199 0 Role: 0
0 2 0 Role: 0
0 5 12 14 0 Role: 0
0 148 0 Role: 1
0 18 174 50 0 Role: 1
0 54 69 17 0 Role: 1
0 158 0 Role: 1
0 80 0 Role: 1
0 115 0 Role: 1
0 59 0 Role: 2

Số khách: 154
Chi phí: 3.95346e+07
0 62 51 178 28 194 65 45 61 52 66 196 78 96 133 117 104 95 87 91 122 126 135 0 Role: 0
0 2 27 24 44 163 108 167 60 99 112 0 Role: 0
0 161 20 47 6 37 55 9 83 80 151 0 Role: 0
0 100 21 33 22 94 11 105 98 1 25 43 165 71 70 67 34 29 38 88 77 182 142 137 89 189 188 0 Role: 0
0 15 16 53 3 64 57 36 26 40 63 0 Role: 0
0 58 79 49 102 48 86 103 76 84 107 130 109 145 110 127 128 156 116 199 152 147 42 23 177 195 158 198 19 159 169 176 93 181 46 0 Role: 0
0 74 4 175 139 155 39 193 125 32 7 8 68 56 92 120 31 30 13 10 97 0 Role: 0
0 90 85 12 14 72 82 75 73 101 121 129 0 Role: 0
0 17 18 54 0 Role: 1
0 50 59 81 0 Role: 1
0 69 0 Role: 1
0 115 0 Role: 1
0 140 174 0 Role: 2
0 148 0 Role: 3

Số khách: 150
Chi phí: 3.753e+07
0 100 21 33 22 94 11 105 98 1 25 43 165 71 70 67 34 29 38 88 77 188 182 142 137 89 189 6 151 0 Role: 0
0 5 3 12 14 60 63 36 26 40 95 126 122 161 83 112 9 135 0 Role: 0
0 58 79 49 102 48 86 103 76 84 107 130 109 145 110 127 128 156 116 199 152 147 42 23 177 195 158 198 19 159 169 176 93 181 46 0 Role: 0
0 15 16 53 72 73 57 64 75 82 85 121 101 129 47 37 55 80 81 0 Role: 0
0 74 4 175 139 155 39 193 125 32 7 8 68 56 92 120 31 30 13 10 97 0 Role: 0
0 62 51 178 28 194 65 45 61 52 66 196 78 133 117 104 96 87 91 0 Role: 0
0 2 17 0 Role: 0
0 54 18 115 20 44 108 167 0 Role: 0
0 148 0 Role: 1
0 140 174 50 0 Role: 2
0 59 0 Role: 3
0 69 0 Role: 3

Số khách: 155
Chi phí: 4.30006e+07
0 5 52 15 16 24 45 27 61 51 65 78 66 99 108 29 80 81 77 177 126 161 0 Role: 0
0 2 12 14 22 60 63 36 26 40 67 122 169 159 95 135 165 88 137 181 182 188 189 0 Role: 0
0 62 21 28 100 98 105 111 129 113 131 172 160 43 47 25 167 54 0 Role: 0
0 58 79 49 102 48 86 103 76 84 107 130 109 145 110 127 128 156 116 199 152 71 195 198 158 70 34 38 93 89 142 176 0 Role: 0
0 74 4 175 139 155 39 193 125 32 7 8 68 56 92 120 31 30 13 10 97 0 Role: 0
0 3 143 20 133 96 37 55 6 9 19 23 42 46 83 151 0 Role: 0
0 11 44 1 196 91 147 87 163 112 0 Role: 0
0 33 35 53 57 64 72 73 75 82 85 90 0 Role: 0
0 140 174 0 Role: 1
0 148 0 Role: 2
0 115 0 Role: 3
0 18 59 50 0 Role: 4
0 69 17 0 Role: 4

Số khách: 113
Chi phí: 3.03804e+07
0 32 161 19 195 4 95 71 70 29 6 120 30 10 9 0 Role: 0
0 77 27 36 26 40 1 63 60 88 112 13 189 199 135 151 176 122 83 46 0 Role: 0
0 52 16 24 45 64 22 51 62 61 65 117 104 8 196 66 91 147 87 137 23 42 31 93 181 92 68 0 Role: 0
0 100 48 21 33 79 98 103 74 53 105 111 129 145 110 127 155 113 125 107 193 7 188 38 89 56 0 Role: 0
0 2 3 0 Role: 0
0 5 11 0 Role: 0
0 12 0 Role: 0
0 34 14 142 25 39 43 159 126 20 169 0 Role: 0
0 81 50 80 0 Role: 1
0 54 97 0 Role: 1
0 18 17 69 0 Role: 2
0 59 115 0 Role: 2
0 140 174 0 Role: 3
0 158 0 Role: 3
0 148 0 Role: 4

Số khách: 47
Chi phí: 2.0576e+07
0 124 34 113 0 Role: 0
0 71 13 182 0 Role: 0
0 121 130 176 169 126 165 31 108 0 Role: 0
0 100 93 142 14 0 Role: 0
0 22 46 0 Role: 0
0 149 27 187 141 96 68 163 25 0 Role: 0
0 197 0 Role: 0
0 6 37 88 161 0 Role: 0
0 148 0 Role: 1
0 80 0 Role: 1
0 54 97 0 Role: 1
0 81 115 0 Role: 1
0 158 0 Role: 1
0 59 0 Role: 2
0 18 69 0 Role: 2
0 50 0 Role: 2
0 17 0 Role: 2
0 140 0 Role: 3
0 174 0 Role: 3

Số khách: 100
Chi phí: 2.77214e+07
0 10 197 7 191 4 165 9 6 13 30 46 181 0 Role: 0
0 19 61 151 126 39 23 42 56 112 89 120 93 0 Role: 0
0 3 1 98 73 196 11 8 26 97 25 29 70 71 169 159 176 92 31 0 Role: 0
0 32 122 44 68 137 88 38 34 83 161 188 0 Role: 0
0 174 162 133 20 77 135 95 47 37 142 0 Role: 0
0 14 22 189 36 40 91 147 87 55 182 0 Role: 0
0 52 45 177 62 2 12 63 60 51 67 167 96 117 104 0 Role: 0
0 5 0 Role: 0
0 54 18 81 59 0 Role: 1
0 69 17 0 Role: 1
0 158 50 0 Role: 1
0 115 0 Role: 1
0 80 0 Role: 1
0 140 0 Role: 2
0 148 0 Role: 2

Số khách: 119
Chi phí: 3.19051e+07
0 5 52 15 16 24 45 27 60 51 62 158 78 66 108 63 99 128 156 55 0 Role: 0
0 54 131 122 133 40 96 95 135 67 161 199 70 0 Role: 0
0 18 17 32 20 43 1 56 47 189 71 188 77 81 181 142 89 0 Role: 0
0 177 197 165 191 91 147 87 167 182 0 Role: 0
0 7 160 8 11 138 196 37 25 3 29 34 80 97 169 159 31 88 38 0 Role: 0
0 61 126 151 4 6 13 112 9 10 30 120 93 0 Role: 0
0 46 137 42 23 39 68 44 19 83 92 176 193 117 104 198 115 195 0 Role: 0
0 2 12 14 22 82 36 26 101 102 109 121 0 Role: 0
0 174 69 50 0 Role: 1
0 140 0 Role: 2
0 148 0 Role: 2

Số khách: 102
Chi phí: 2.97649e+07
0 61 126 151 4 6 13 112 9 10 30 120 93 0 Role: 0
0 46 137 42 23 39 68 44 19 83 92 176 0 Role: 0
0 18 17 32 20 43 1 56 47 189 71 188 77 81 181 142 89 0 Role: 0
0 54 131 122 133 40 96 95 135 67 161 0 Role: 0
0 177 197 165 191 91 147 87 167 182 0 Role: 0
0 7 160 8 11 138 196 37 25 3 29 34 80 97 169 159 31 88 38 0 Role: 0
0 2 12 14 22 26 36 0 Role: 0
0 5 52 15 16 24 45 27 51 55 108 156 199 0 Role: 0
0 148 0 Role: 1
0 140 50 69 0 Role: 1
0 59 115 0 Role: 2
0 158 0 Role: 2
0 174 0 Role: 3

Số khách: 34
Chi phí: 1.89142e+07
0 174 162 0 Role: 0
0 177 0 Role: 0
0 98 73 196 26 97 0 Role: 0
0 189 0 Role: 0
0 197 165 191 0 Role: 0
0 68 44 83 137 0 Role: 0
0 61 126 151 112 0 Role: 0
0 131 133 0 Role: 0
0 54 18 81 59 0 Role: 1
0 69 17 0 Role: 1
0 158 50 0 Role: 1
0 115 0 Role: 1
0 80 0 Role: 1
0 148 0 Role: 2
0 140 0 Role: 2

Số khách: 144
Chi phí: 3.68839e+07
0 185 2 12 14 60 63 36 26 40 67 46 95 135 122 0 Role: 0
0 100 21 33 22 94 11 105 98 1 25 163 43 165 71 70 34 29 38 88 167 0 Role: 0
0 62 51 178 28 194 65 45 61 52 66 196 78 133 117 104 96 87 91 0 Role: 0
0 3 27 24 126 44 77 108 99 112 137 89 93 189 188 181 182 142 0 Role: 0
0 58 79 49 102 48 86 103 76 84 107 130 109 145 110 127 128 156 116 199 152 159 169 19 198 158 195 177 42 23 176 0 Role: 0
0 74 4 175 139 155 39 193 125 32 7 8 68 56 92 120 31 30 13 10 97 0 Role: 0
0 161 20 47 6 37 55 9 83 80 151 0 Role: 0
0 5 15 16 53 0 Role: 0
0 148 0 Role: 1
0 17 18 54 0 Role: 2
0 50 59 81 0 Role: 2
0 69 0 Role: 2
0 115 0 Role: 2
0 140 174 0 Role: 3

Số khách: 126
Chi phí: 3.41879e+07
0 5 1 43 78 66 47 37 112 34 158 167 0 Role: 0
0 58 79 49 102 48 86 103 76 84 107 130 109 110 127 128 156 3 116 199 4 7 83 10 9 46 29 13 30 6 68 176 151 0 Role: 0
0 133 96 8 196 91 87 55 25 70 71 89 0 Role: 0
0 2 12 14 63 22 60 36 26 40 67 88 165 135 95 159 169 122 97 0 Role: 0
0 90 85 163 101 152 11 121 117 104 193 191 198 195 0 Role: 0
0 21 177 27 77 24 44 161 108 99 126 188 181 182 142 137 189 120 42 92 0 Role: 0
0 19 32 20 56 23 39 147 31 0 Role: 0
0 93 38 0 Role: 0
0 59 0 Role: 1
0 54 69 50 18 81 0 Role: 2
0 80 0 Role: 2
0 115 0 Role: 2
0 140 17 0 Role: 3
0 148 0 Role: 4
0 174 0 Role: 4

Số khách: 161
Chi phí: 4.46279e+07
0 11 171 147 1 44 112 54 0 Role: 0
0 74 4 175 139 155 39 193 125 32 7 8 68 56 92 120 31 30 13 10 97 0 Role: 0
0 58 79 49 102 48 86 103 76 84 107 130 109 145 110 127 128 156 116 199 152 71 195 198 158 70 34 38 93 89 142 176 0 Role: 0
0 35 41 53 72 73 57 64 75 82 85 90 104 117 121 101 91 87 167 25 43 47 126 161 0 Role: 0
0 2 12 14 22 60 63 36 26 40 67 122 169 159 95 135 165 88 137 181 182 188 189 0 Role: 0
0 3 143 20 133 96 37 55 6 9 19 23 42 46 83 151 0 Role: 0
0 5 52 15 16 24 45 27 61 51 65 78 66 99 108 29 80 81 77 177 0 Role: 0
0 62 21 28 100 98 105 111 129 113 131 69 172 160 196 163 183 115 0 Role: 0
0 148 0 Role: 1
0 140 174 50 0 Role: 2
0 18 59 0 Role: 2
0 17 0 Role: 3

Số khách: 107
Chi phí: 2.99953e+07
0 5 32 20 77 1 56 47 43 71 89 189 188 181 142 0 Role: 0
0 61 126 151 4 6 13 112 9 10 30 120 93 0 Role: 0
0 54 131 122 133 40 96 95 135 67 161 199 70 0 Role: 0
0 177 197 165 191 91 147 87 167 182 0 Role: 0
0 7 160 8 11 138 196 37 25 3 29 34 80 97 169 159 31 88 38 0 Role: 0
0 46 137 42 23 39 68 44 19 83 92 176 193 117 104 198 115 195 0 Role: 0
0 2 12 14 22 26 0 Role: 0
0 52 15 16 24 45 27 36 51 55 108 0 Role: 0
0 17 18 81 0 Role: 1
0 59 0 Role: 1
0 69 0 Role: 1
0 140 174 50 0 Role: 2
0 148 0 Role: 3
0 158 0 Role: 3

Số khách: 131
Chi phí: 3.5146e+07
0 133 96 8 196 91 87 55 25 70 71 93 89 38 0 Role: 0
0 21 177 27 77 24 44 161 108 99 126 188 181 182 142 137 189 120 42 92 0 Role: 0
0 2 12 14 63 22 60 36 26 40 67 88 165 135 95 159 169 122 97 0 Role: 0
0 58 79 49 102 48 86 103 76 84 107 130 109 110 127 128 156 3 116 199 4 7 83 10 9 46 29 13 30 6 68 176 151 0 Role: 0
0 32 19 20 56 23 39 147 31 112 167 0 Role: 0
0 90 85 163 101 152 11 121 117 104 193 191 198 195 43 0 Role: 0
0 155 179 37 47 78 1 34 158 0 Role: 0
0 5 15 16 28 45 0 Role: 0
0 148 0 Role: 1
0 174 0 Role: 1
0 54 69 50 18 81 0 Role: 2
0 80 0 Role: 2
0 115 0 Role: 2
0 140 17 0 Role: 3
0 59 0 Role: 4

Số khách: 122
Chi phí: 3.25102e+07
0 61 126 151 4 6 13 112 9 10 30 120 93 0 Role: 0
0 54 131 122 133 40 96 95 135 67 161 199 70 0 Role: 0
0 46 137 42 23 39 68 44 19 83 92 176 193 117 104 198 115 195 0 Role: 0
0 5 52 15 16 24 45 27 60 51 62 158 78 66 108 63 99 128 156 55 163 0 Role: 0
0 18 17 32 20 43 1 56 47 189 71 188 77 81 181 142 89 0 Role: 0
0 7 160 8 11 138 196 37 25 3 29 34 80 97 169 159 31 88 38 0 Role: 0
0 177 197 165 191 91 147 87 167 182 0 Role: 0
0 2 22 14 12 59 90 36 26 101 109 152 130 121 0 Role: 0
0 174 69 50 0 Role: 1
0 140 0 Role: 2
0 148 0 Role: 2

Số khách: 138
Chi phí: 3.57025e+07
0 161 20 47 6 37 55 9 83 80 151 0 Role: 0
0 3 27 24 126 44 77 108 99 112 137 89 93 189 188 181 182 142 0 Role: 0
0 58 79 49 102 48 86 103 76 84 107 130 109 145 110 127 128 156 116 199 152 147 42 23 177 195 158 198 19 159 169 176 0 Role: 0
0 100 21 33 22 94 11 105 98 1 25 43 165 71 70 34 29 38 88 0 Role: 0
0 74 4 175 139 155 39 193 125 32 7 8 68 56 92 120 31 30 13 10 97 0 Role: 0
0 185 2 12 14 60 63 36 26 40 67 135 95 122 0 Role: 0
0 62 51 178 28 194 65 45 61 52 66 78 133 117 104 96 87 91 0 Role: 0
0 5 0 Role: 0
0 148 0 Role: 1
0 17 18 54 0 Role: 2
0 50 59 81 0 Role: 2
0 69 0 Role: 2
0 115 0 Role: 2
0 140 174 0 Role: 3

Số khách: 124
Chi phí: 3.34562e+07
0 5 18 34 22 37 47 43 26 1 88 165 135 122 169 159 95 0 Role: 0
0 133 96 8 196 91 87 55 25 70 71 93 89 38 0 Role: 0
0 21 177 27 77 24 44 161 108 99 126 188 181 182 142 137 189 120 42 92 0 Role: 0
0 32 19 20 56 23 39 147 31 112 167 0 Role: 0
0 90 85 163 101 152 11 121 117 104 193 191 54 158 195 0 Role: 0
0 58 79 49 102 48 86 103 76 84 107 130 109 110 127 128 156 3 116 199 4 7 83 10 9 46 29 13 30 6 68 176 151 0 Role: 0
0 2 12 0 Role: 0
0 14 36 40 60 63 67 198 0 Role: 0
0 148 0 Role: 1
0 17 0 Role: 2
0 69 81 50 0 Role: 2
0 80 97 0 Role: 2
0 115 0 Role: 2
0 59 0 Role: 3
0 140 0 Role: 4
0 174 0 Role: 4

Số khách: 140
Chi phí: 3.63858e+07
0 185 2 12 14 60 63 36 26 40 67 46 13 30 95 4 135 122 10 0 Role: 0
0 161 20 47 6 37 55 9 83 80 151 92 56 120 68 0 Role: 0
0 100 21 33 22 94 11 105 98 1 25 43 7 165 71 70 34 29 38 88 31 97 0 Role: 0
0 3 27 24 126 44 77 108 99 112 137 89 93 189 188 181 182 142 0 Role: 0
0 58 79 49 102 48 86 103 76 84 107 130 109 145 110 127 128 156 116 199 152 147 42 23 177 195 158 198 19 159 169 176 0 Role: 0
0 62 51 178 28 194 65 45 61 52 66 196 39 78 133 117 104 96 87 91 0 Role: 0
0 5 8 32 90 101 121 163 167 0 Role: 0
0 15 0 Role: 0
0 148 0 Role: 1
0 17 18 54 0 Role: 2
0 50 59 81 0 Role: 2
0 69 0 Role: 2
0 115 0 Role: 2
0 140 174 0 Role: 3

Số khách: 38
Chi phí: 2.00154e+07
0 93 57 82 115 0 Role: 0
0 167 56 0 Role: 0
0 11 177 119 179 60 34 0 Role: 0
0 14 0 Role: 0
0 146 23 92 188 175 0 Role: 0
0 137 0 Role: 0
0 59 125 50 0 Role: 0
0 120 68 96 70 29 0 Role: 0
0 81 80 0 Role: 1
0 54 97 0 Role: 1
0 158 0 Role: 1
0 18 17 69 0 Role: 2
0 148 0 Role: 3
0 140 174 0 Role: 3

Số khách: 158
Chi phí: 4.35815e+07
0 58 79 49 102 48 86 103 76 84 107 130 109 145 110 127 128 156 116 199 152 71 195 198 158 70 34 29 38 89 93 142 151 176 0 Role: 0
0 5 52 15 16 24 45 27 61 51 65 66 6 99 108 46 80 81 77 9 83 0 Role: 0
0 21 28 100 98 105 111 129 113 131 160 180 191 19 112 163 147 196 23 177 42 0 Role: 0
0 2 12 14 22 60 63 36 26 40 67 122 169 159 95 135 165 88 137 181 182 188 189 0 Role: 0
0 11 183 3 44 133 96 1 37 55 0 Role: 0
0 74 4 175 139 155 39 193 125 32 7 8 68 56 92 120 31 30 13 10 97 0 Role: 0
0 35 41 53 72 73 57 64 75 82 85 90 104 117 121 101 91 87 167 25 43 47 126 161 0 Role: 0
0 54 17 18 20 115 0 Role: 0
0 140 174 50 0 Role: 1
0 148 0 Role: 2
0 59 0 Role: 3
0 69 0 Role: 3

Số khách: 43
Chi phí: 2.05404e+07
0 17 0 Role: 0
0 190 163 7 0 Role: 0
0 52 117 42 127 9 0 Role: 0
0 96 0 Role: 0
0 132 172 170 128 30 31 178 176 133 68 71 0 Role: 0
0 1 44 0 Role: 0
0 90 122 168 159 182 0 Role: 0
0 116 192 0 Role: 0
0 81 50 80 0 Role: 1
0 97 158 0 Role: 1
0 115 0 Role: 1
0 54 0 Role: 1
0 18 69 0 Role: 2
0 59 0 Role: 2
0 140 174 0 Role: 3
0 148 0 Role: 4

Số khách: 132
Chi phí: 3.56172e+07
0 2 3 9 83 91 95 122 126 135 161 0 Role: 0
0 54 18 115 20 44 108 167 60 63 87 96 133 0 Role: 0
0 58 79 49 102 48 86 103 76 84 107 130 109 145 110 127 128 156 116 199 152 147 42 23 177 195 158 198 19 159 169 176 93 181 46 0 Role: 0
0 15 16 53 72 73 57 64 75 82 85 121 101 129 47 37 55 80 81 112 0 Role: 0
0 100 21 33 22 94 11 105 98 1 25 43 165 71 70 67 34 29 38 88 77 188 182 142 137 89 189 6 151 0 Role: 0
0 74 4 175 139 155 39 193 125 32 7 8 68 56 92 120 31 30 13 10 97 0 Role: 0
0 5 12 0 Role: 0
0 14 0 Role: 0
0 59 0 Role: 1
0 69 0 Role: 1
0 140 174 50 0 Role: 2
0 148 0 Role: 3

Số khách: 159
Chi phí: 4.45074e+07
0 74 4 175 139 155 39 193 125 32 7 8 68 56 92 120 31 30 13 10 97 6 151 0 Role: 0
0 2 12 14 22 60 63 36 26 40 67 122 169 159 95 135 165 88 137 181 182 188 189 0 Role: 0
0 3 112 1 163 147 196 11 44 9 19 83 46 42 23 0 Role: 0
0 58 79 49 102 48 86 103 76 84 107 130 109 145 110 127 128 156 116 199 152 71 195 198 158 70 34 38 93 89 142 176 0 Role: 0
0 62 21 28 100 98 105 111 129 113 131 54 172 37 160 96 133 20 0 Role: 0
0 5 52 15 16 24 45 27 61 51 65 78 66 99 108 29 80 81 77 177 0 Role: 0
0 35 41 53 72 73 57 64 75 82 85 90 104 117 121 101 91 87 167 25 43 47 126 161 0 Role: 0
0 197 55 0 Role: 0
0 140 174 0 Role: 1
0 148 0 Role: 2
0 115 0 Role: 3
0 18 59 50 0 Role: 4
0 69 17 0 Role: 4

Số khách: 39
Chi phí: 2.02321e+07
0 33 15 103 0 Role: 0
0 177 155 139 108 195 0 Role: 0
0 42 143 84 83 80 0 Role: 0
0 30 189 9 97 0 Role: 0
0 19 176 39 4 135 0 Role: 0
0 185 0 Role: 0
0 194 178 0 Role: 0
0 92 162 0 Role: 0
0 54 69 17 81 0 Role: 1
0 18 115 0 Role: 1
0 158 0 Role: 1
0 174 50 0 Role: 2
0 59 0 Role: 2
0 140 0 Role: 3
0 148 0 Role: 3

