Số khách: 41
Chi phí: 2.08726e+07
0 46 198 126 102 0 Role: 0
0 164 0 Role: 0
0 145 146 0 Role: 0
0 168 0 Role: 0
0 87 0 Role: 0
0 96 4 84 0 Role: 0
0 119 182 127 30 69 0 Role: 0
0 81 32 1 113 174 0 Role: 0
0 175 138 0 Role: 1
0 55 163 65 0 Role: 1
0 187 193 0 Role: 1
0 135 0 Role: 1
0 99 0 Role: 1
0 73 154 0 Role: 2
0 95 0 Role: 2
0 150 18 0 Role: 2
0 42 0 Role: 2
0 62 0 Role: 3
0 67 0 Role: 3
0 74 148 0 Role: 4

Số khách: 146
Chi phí: 4.86479e+07
0 192 184 8 33 70 1 27 76 69 22 31 185 28 57 55 66 174 87 102 0 Role: 0
0 45 56 60 71 82 104 113 2 4 30 48 78 135 142 94 126 182 0 Role: 0
0 24 29 54 59 72 13 26 42 43 63 68 86 99 180 0 Role: 0
0 164 6 7 9 14 15 18 49 65 83 88 91 92 93 101 107 0 Role: 0
0 169 41 161 153 10 40 21 17 44 46 52 50 47 131 121 127 158 84 167 198 119 89 0 Role: 0
0 38 12 34 25 64 51 37 77 80 90 100 160 108 146 112 105 110 111 144 149 152 177 0 Role: 0
0 35 3 5 19 16 11 39 20 23 81 97 109 0 Role: 0
0 168 53 115 32 36 62 98 116 123 124 159 178 0 Role: 0
0 148 67 138 0 Role: 1
0 95 73 0 Role: 2
0 150 163 0 Role: 2
0 193 187 0 Role: 2
0 74 0 Role: 3
0 154 175 0 Role: 3

Số khách: 78
Chi phí: 2.92973e+07
0 87 4 31 92 159 193 187 70 33 76 55 102 0 Role: 0
0 66 12 174 13 28 22 57 23 0 Role: 0
0 63 36 32 40 44 54 59 27 35 43 68 182 78 89 0 Role: 0
0 6 81 97 1 5 185 2 26 48 8 126 198 94 0 Role: 0
0 16 11 3 0 Role: 0
0 7 9 10 14 15 0 Role: 0
0 19 17 20 0 Role: 0
0 39 21 29 30 0 Role: 0
0 62 99 65 0 Role: 1
0 150 163 0 Role: 1
0 18 42 0 Role: 2
0 135 0 Role: 2
0 67 74 0 Role: 3
0 95 73 0 Role: 3
0 138 154 0 Role: 3
0 175 0 Role: 3
0 148 0 Role: 4

Số khách: 71
Chi phí: 2.7713e+07
0 39 21 8 33 29 30 43 63 55 0 Role: 0
0 14 15 16 19 17 20 4 35 23 13 28 31 22 57 76 81 97 0 Role: 0
0 5 1 70 94 89 48 26 2 102 126 0 Role: 0
0 66 180 174 146 185 131 142 78 119 0 Role: 0
0 3 0 Role: 0
0 6 0 Role: 0
0 7 9 10 11 0 Role: 0
0 12 24 0 Role: 0
0 148 154 0 Role: 1
0 175 0 Role: 1
0 74 67 0 Role: 2
0 73 163 193 0 Role: 2
0 62 138 18 0 Role: 3
0 95 65 0 Role: 3
0 187 0 Role: 3
0 42 0 Role: 4
0 87 99 0 Role: 4
0 135 0 Role: 4

Số khách: 145
Chi phí: 4.71565e+07
0 14 15 26 43 63 68 86 124 180 182 0 Role: 0
0 35 3 5 19 16 11 39 20 23 81 97 0 Role: 0
0 192 184 8 33 70 1 27 76 69 22 31 185 28 57 55 66 174 87 102 0 Role: 0
0 38 12 34 25 64 51 37 77 80 90 98 100 160 108 146 112 105 110 111 144 149 152 177 0 Role: 0
0 24 29 54 59 72 2 4 30 48 78 135 142 0 Role: 0
0 49 36 7 6 53 32 83 9 65 88 107 92 93 91 101 109 13 94 126 0 Role: 0
0 169 41 161 153 10 40 21 17 44 46 52 50 47 131 121 127 158 84 167 198 119 89 0 Role: 0
0 45 56 60 62 71 82 95 104 113 115 116 123 159 162 178 0 Role: 0
0 148 73 187 0 Role: 1
0 67 74 99 0 Role: 2
0 150 18 0 Role: 2
0 193 42 0 Role: 2
0 138 154 175 0 Role: 3
0 163 0 Role: 3

Số khách: 140
Chi phí: 4.45399e+07
0 38 12 34 25 64 51 37 77 80 90 98 100 160 108 146 112 105 110 111 144 149 152 177 97 0 Role: 0
0 49 36 7 6 53 32 83 9 65 88 107 92 93 91 101 109 13 94 126 182 0 Role: 0
0 45 56 60 62 71 82 95 104 113 115 116 123 159 162 178 48 78 81 0 Role: 0
0 169 41 161 153 10 40 21 17 44 46 52 50 47 131 121 127 158 84 167 198 119 89 0 Role: 0
0 192 184 8 33 70 1 27 76 69 22 31 185 28 57 55 66 174 87 102 0 Role: 0
0 2 4 23 0 Role: 0
0 3 5 11 16 19 20 26 35 39 63 180 0 Role: 0
0 14 15 29 30 43 68 86 142 0 Role: 0
0 138 154 175 0 Role: 1
0 163 0 Role: 1
0 67 74 99 0 Role: 2
0 150 18 0 Role: 2
0 193 42 0 Role: 2
0 148 73 187 0 Role: 3
0 135 0 Role: 4

Số khách: 136
Chi phí: 4.20184e+07
0 4 35 2 30 13 107 97 81 109 149 160 0 Role: 0
0 164 6 7 9 14 15 18 26 42 112 177 0 Role: 0
0 79 25 36 32 16 72 59 54 93 110 144 146 199 43 63 78 89 94 102 126 0 Role: 0
0 12 24 91 101 115 152 29 139 123 159 142 178 39 48 182 0 Role: 0
0 192 184 8 33 70 1 27 76 69 22 31 185 28 57 55 66 174 0 Role: 0
0 189 3 5 19 11 20 86 23 87 135 68 124 99 180 0 Role: 0
0 169 41 161 153 10 40 21 17 44 46 52 50 47 131 121 127 158 116 84 167 198 119 0 Role: 0
0 38 34 37 53 51 80 125 49 62 83 88 92 162 187 0 Role: 0
0 74 148 65 0 Role: 1
0 67 138 0 Role: 2
0 95 0 Role: 2
0 150 163 0 Role: 2
0 193 0 Role: 2
0 73 0 Role: 3
0 154 175 0 Role: 3

Số khách: 95
Chi phí: 3.16879e+07
0 192 184 8 33 70 1 27 76 69 22 31 185 28 57 55 66 174 87 0 Role: 0
0 12 24 91 101 115 152 29 139 123 159 142 178 39 48 182 198 0 Role: 0
0 79 25 36 32 16 72 59 54 93 110 144 146 199 43 63 78 89 94 102 126 0 Role: 0
0 4 35 2 30 13 107 97 81 109 149 160 119 0 Role: 0
0 3 5 11 19 20 0 Role: 0
0 6 7 0 Role: 0
0 9 10 0 Role: 0
0 14 15 17 0 Role: 0
0 67 138 0 Role: 1
0 95 65 0 Role: 1
0 150 0 Role: 1
0 193 42 99 0 Role: 1
0 18 0 Role: 2
0 62 73 0 Role: 2
0 135 0 Role: 2
0 154 0 Role: 2
0 175 0 Role: 2
0 187 0 Role: 2
0 74 148 0 Role: 3

Số khách: 59
Chi phí: 2.3262e+07
0 63 28 127 11 55 0 Role: 0
0 191 94 149 33 116 174 0 Role: 0
0 105 83 190 119 183 101 13 30 112 0 Role: 0
0 42 0 Role: 0
0 29 185 69 159 0 Role: 0
0 188 77 157 129 35 87 0 Role: 0
0 173 163 146 88 48 26 126 198 0 Role: 0
0 66 27 70 8 0 Role: 0
0 74 65 0 Role: 1
0 135 0 Role: 1
0 187 0 Role: 1
0 99 138 0 Role: 1
0 193 0 Role: 1
0 148 18 73 0 Role: 2
0 95 0 Role: 2
0 175 67 0 Role: 2
0 62 154 0 Role: 2
0 150 0 Role: 2

Số khách: 67
Chi phí: 2.61503e+07
0 152 81 101 107 13 127 126 0 Role: 0
0 197 171 149 47 102 0 Role: 0
0 113 111 198 159 163 23 0 Role: 0
0 31 22 57 185 158 76 63 182 0 Role: 0
0 16 104 191 0 Role: 0
0 162 117 89 170 184 161 72 59 0 Role: 0
0 73 33 139 110 43 99 0 Role: 0
0 48 78 183 70 116 91 123 0 Role: 0
0 138 65 193 0 Role: 1
0 187 55 0 Role: 1
0 87 0 Role: 1
0 135 0 Role: 1
0 42 0 Role: 2
0 148 62 0 Role: 3
0 175 154 0 Role: 3
0 95 0 Role: 3
0 18 0 Role: 3
0 150 0 Role: 3
0 74 67 0 Role: 4

Số khách: 88
Chi phí: 3.01782e+07
0 105 31 29 5 21 11 27 13 28 185 76 55 126 102 87 66 57 0 Role: 0
0 79 2 68 33 30 22 43 4 63 70 81 97 0 Role: 0
0 195 131 94 48 78 142 119 26 86 182 0 Role: 0
0 84 196 32 101 19 3 69 35 23 99 174 180 0 Role: 0
0 20 8 89 72 107 1 149 39 199 167 198 0 Role: 0
0 6 0 Role: 0
0 7 0 Role: 0
0 9 10 14 15 16 17 40 0 Role: 0
0 42 193 0 Role: 1
0 65 163 0 Role: 2
0 74 148 0 Role: 3
0 18 62 0 Role: 4
0 67 154 0 Role: 4
0 73 95 187 0 Role: 4
0 135 0 Role: 4
0 150 0 Role: 4
0 175 138 0 Role: 4

Số khách: 132
Chi phí: 3.93417e+07
0 7 6 48 63 9 43 15 14 26 89 94 112 177 180 87 0 Role: 0
0 169 41 161 153 10 40 21 17 44 46 52 50 47 131 121 127 158 116 84 167 198 119 0 Role: 0
0 38 34 37 53 51 80 83 49 62 88 105 111 160 149 78 102 126 182 0 Role: 0
0 12 24 91 101 115 152 29 139 123 159 142 178 39 135 0 Role: 0
0 192 184 8 33 70 1 27 76 69 22 31 185 28 57 55 66 174 0 Role: 0
0 2 35 4 30 13 107 97 81 109 146 0 Role: 0
0 25 36 32 16 72 92 59 54 93 110 162 199 68 86 99 0 Role: 0
0 3 5 11 19 20 124 0 Role: 0
0 67 138 0 Role: 1
0 175 154 0 Role: 1
0 150 163 18 65 0 Role: 1
0 42 193 0 Role: 2
0 187 0 Role: 2
0 73 95 0 Role: 3
0 74 148 0 Role: 4

Số khách: 134
Chi phí: 3.97973e+07
0 192 184 8 33 70 1 27 76 69 22 31 185 28 57 55 66 174 0 Role: 0
0 2 35 4 30 13 107 97 81 109 146 0 Role: 0
0 12 24 91 101 115 152 29 139 123 159 142 178 39 0 Role: 0
0 189 3 5 19 11 20 86 23 87 135 68 124 99 0 Role: 0
0 169 41 161 153 10 40 21 17 44 46 52 50 47 131 121 127 158 116 84 167 198 119 0 Role: 0
0 7 6 48 63 9 43 15 14 26 89 94 112 177 180 0 Role: 0
0 38 34 37 53 51 80 83 49 62 88 105 111 160 149 78 102 126 182 0 Role: 0
0 25 36 32 16 72 92 59 54 93 110 162 199 0 Role: 0
0 74 148 65 0 Role: 1
0 67 138 0 Role: 2
0 175 154 0 Role: 2
0 150 163 18 0 Role: 2
0 42 193 0 Role: 3
0 187 0 Role: 3
0 73 95 0 Role: 4

Số khách: 120
Chi phí: 3.55637e+07
0 7 6 89 48 14 9 43 15 63 94 92 177 112 180 87 0 Role: 0
0 150 146 136 72 59 54 93 110 142 39 97 81 78 126 102 0 Role: 0
0 169 41 161 153 10 40 21 17 44 46 52 50 47 131 121 127 158 116 84 167 198 119 0 Role: 0
0 49 25 36 32 83 80 16 53 88 105 111 160 101 149 0 Role: 0
0 192 184 8 33 70 1 27 76 69 22 31 185 28 57 55 66 174 0 Role: 0
0 79 182 2 35 4 30 13 107 109 135 0 Role: 0
0 68 3 5 19 11 190 20 86 23 99 0 Role: 0
0 12 24 0 Role: 0
0 62 138 18 0 Role: 1
0 175 154 0 Role: 1
0 163 42 0 Role: 1
0 73 95 187 0 Role: 2
0 193 0 Role: 2
0 67 65 0 Role: 3
0 74 148 0 Role: 4

Số khách: 137
Chi phí: 4.39593e+07
0 38 12 34 25 64 51 37 77 80 90 98 100 160 108 146 112 105 110 111 144 149 152 177 0 Role: 0
0 49 36 7 6 53 32 83 9 65 88 107 92 93 91 101 109 13 94 126 0 Role: 0
0 192 184 8 33 70 1 27 76 69 22 31 185 28 57 55 66 174 87 102 0 Role: 0
0 14 15 26 43 63 68 86 124 180 182 0 Role: 0
0 35 3 5 19 16 11 39 20 23 81 97 0 Role: 0
0 169 41 161 153 10 40 21 17 44 46 52 50 47 131 121 127 158 84 167 198 119 89 0 Role: 0
0 4 190 48 78 2 30 99 0 Role: 0
0 24 29 54 59 72 115 116 123 142 159 178 0 Role: 0
0 175 154 138 0 Role: 1
0 163 42 0 Role: 1
0 62 73 0 Role: 2
0 67 0 Role: 2
0 95 187 0 Role: 2
0 135 0 Role: 2
0 150 0 Role: 2
0 193 0 Role: 2
0 74 148 0 Role: 3

Số khách: 87
Chi phí: 2.99007e+07
0 192 184 8 70 33 27 76 69 110 116 121 149 1 31 55 0 Role: 0
0 79 2 13 22 57 43 4 66 35 102 126 0 Role: 0
0 89 97 39 131 195 94 78 142 26 0 Role: 0
0 196 32 19 11 101 5 3 23 42 48 81 185 0 Role: 0
0 187 84 68 83 91 127 28 123 63 86 182 119 198 0 Role: 0
0 6 7 10 9 0 Role: 0
0 12 0 Role: 0
0 14 15 16 17 20 30 0 Role: 0
0 74 65 0 Role: 1
0 67 87 0 Role: 2
0 73 163 18 193 0 Role: 2
0 135 0 Role: 2
0 62 0 Role: 3
0 95 0 Role: 3
0 138 154 175 0 Role: 3
0 150 0 Role: 3
0 148 0 Role: 4

Số khách: 61
Chi phí: 2.52177e+07
0 171 77 0 Role: 0
0 36 71 11 65 0 Role: 0
0 58 129 159 33 172 19 5 31 22 76 110 142 0 Role: 0
0 63 92 101 0 Role: 0
0 150 18 8 47 39 97 27 43 180 0 Role: 0
0 145 57 30 131 1 167 0 Role: 0
0 196 108 14 0 Role: 0
0 124 35 177 91 182 0 Role: 0
0 99 55 0 Role: 1
0 42 193 0 Role: 1
0 87 0 Role: 1
0 135 0 Role: 1
0 187 0 Role: 1
0 73 62 138 0 Role: 2
0 163 0 Role: 2
0 175 154 0 Role: 3
0 95 0 Role: 3
0 148 0 Role: 4
0 74 67 0 Role: 4

Số khách: 126
Chi phí: 3.81785e+07
0 150 146 136 72 59 54 93 110 142 39 97 81 78 126 102 0 Role: 0
0 79 182 2 35 4 30 13 107 109 0 Role: 0
0 189 3 5 19 11 20 86 23 87 135 68 124 99 0 Role: 0
0 49 25 36 32 83 80 16 53 88 105 111 160 101 149 0 Role: 0
0 192 184 8 33 70 1 27 76 69 22 31 185 28 57 55 66 174 0 Role: 0
0 169 41 161 153 10 40 21 17 44 46 52 50 47 131 121 127 158 116 84 167 198 119 0 Role: 0
0 7 6 48 63 9 43 15 14 26 89 94 92 112 177 180 0 Role: 0
0 12 24 113 115 29 91 0 Role: 0
0 62 138 18 0 Role: 1
0 175 154 0 Role: 1
0 163 42 0 Role: 1
0 67 65 0 Role: 2
0 73 95 187 0 Role: 3
0 193 0 Role: 3
0 74 148 0 Role: 4

Số khách: 54
Chi phí: 2.27999e+07
0 54 154 0 Role: 0
0 161 153 169 0 Role: 0
0 179 24 84 10 120 101 142 55 0 Role: 0
0 75 39 4 0 Role: 0
0 1 136 146 174 0 Role: 0
0 160 40 19 123 166 78 185 28 0 Role: 0
0 192 184 8 70 33 27 76 69 0 Role: 0
0 148 0 Role: 0
0 18 163 187 65 0 Role: 1
0 87 42 99 0 Role: 1
0 135 0 Role: 1
0 193 0 Role: 1
0 95 73 0 Role: 2
0 175 138 0 Role: 2
0 150 0 Role: 2
0 74 67 0 Role: 3
0 62 0 Role: 3

Số khách: 113
Chi phí: 3.47098e+07
0 169 41 161 153 10 40 21 17 44 46 52 50 47 131 121 127 158 116 84 167 198 119 102 126 0 Role: 0
0 150 146 136 72 59 54 93 110 142 39 81 97 149 89 94 182 0 Role: 0
0 192 184 8 33 70 1 27 76 69 22 31 185 28 57 55 66 174 0 Role: 0
0 189 3 5 19 11 20 86 23 87 135 68 124 63 180 0 Role: 0
0 38 71 2 4 13 26 48 78 178 0 Role: 0
0 6 7 9 14 0 Role: 0
0 12 15 16 29 30 0 Role: 0
0 24 32 35 36 43 49 80 83 0 Role: 0
0 67 138 0 Role: 1
0 154 175 0 Role: 1
0 163 187 0 Role: 1
0 74 148 65 0 Role: 2
0 18 42 99 0 Role: 3
0 193 0 Role: 3
0 62 0 Role: 4
0 73 95 0 Role: 4

Số khách: 49
Chi phí: 2.24678e+07
0 99 0 Role: 0
0 68 45 40 19 16 64 93 43 23 89 0 Role: 0
0 31 189 50 0 Role: 0
0 66 87 198 155 149 158 116 0 Role: 0
0 100 0 Role: 0
0 26 0 Role: 0
0 147 80 13 142 187 0 Role: 0
0 39 131 76 84 0 Role: 0
0 154 138 0 Role: 1
0 193 0 Role: 1
0 135 0 Role: 1
0 55 0 Role: 1
0 42 0 Role: 2
0 74 67 0 Role: 3
0 73 150 0 Role: 3
0 18 163 65 0 Role: 3
0 95 0 Role: 4
0 148 62 0 Role: 4
0 175 0 Role: 4

Số khách: 106
Chi phí: 3.4586e+07
0 175 95 16 147 106 109 27 13 28 31 57 126 102 66 0 Role: 0
0 155 184 8 33 70 149 81 112 63 76 0 Role: 0
0 24 80 5 3 127 116 160 48 26 78 89 97 94 0 Role: 0
0 68 86 182 119 101 22 42 0 Role: 0
0 187 49 125 111 121 195 158 4 23 107 167 131 0 Role: 0
0 18 150 194 196 164 137 17 152 185 43 69 91 124 180 174 0 Role: 0
0 35 39 1 183 178 46 198 84 2 142 0 Role: 0
0 105 146 11 21 88 29 92 30 110 159 177 0 Role: 0
0 148 62 138 0 Role: 1
0 99 65 163 0 Role: 1
0 87 0 Role: 1
0 135 0 Role: 1
0 55 0 Role: 1
0 193 0 Role: 1
0 67 74 0 Role: 2
0 73 154 0 Role: 2

Số khách: 122
Chi phí: 3.71046e+07
0 12 24 113 91 29 115 21 26 42 43 94 89 48 119 0 Role: 0
0 192 184 8 33 70 1 27 76 69 22 31 185 28 57 55 66 174 0 Role: 0
0 150 146 136 72 59 54 93 110 142 39 97 81 78 126 102 0 Role: 0
0 49 25 36 32 83 80 16 53 88 105 111 160 101 149 131 127 0 Role: 0
0 79 182 2 35 4 30 13 107 109 63 167 198 0 Role: 0
0 87 189 3 5 19 11 20 86 135 68 99 124 180 0 Role: 0
0 38 9 71 15 10 40 17 14 41 44 84 46 52 50 47 121 177 158 116 0 Role: 0
0 6 7 0 Role: 0
0 74 148 65 0 Role: 1
0 18 62 138 0 Role: 2
0 95 187 0 Role: 2
0 154 175 0 Role: 2
0 163 193 0 Role: 2
0 67 0 Role: 3
0 73 0 Role: 3

Số khách: 44
Chi phí: 2.23874e+07
0 180 30 0 Role: 0
0 16 3 59 146 151 39 126 55 0 Role: 0
0 162 175 29 0 Role: 0
0 81 44 0 Role: 0
0 57 158 121 172 0 Role: 0
0 150 153 178 116 63 0 Role: 0
0 190 0 Role: 0
0 54 85 163 0 Role: 0
0 148 67 138 0 Role: 1
0 87 42 99 0 Role: 1
0 187 193 0 Role: 1
0 135 0 Role: 1
0 73 154 0 Role: 2
0 18 62 0 Role: 2
0 95 65 0 Role: 2
0 74 0 Role: 3

Số khách: 115
Chi phí: 3.53064e+07
0 14 196 16 11 108 1 5 3 13 19 8 78 119 20 182 68 63 43 22 31 185 0 Role: 0
0 6 26 2 23 66 4 28 55 0 Role: 0
0 7 9 35 10 33 39 21 70 27 76 102 0 Role: 0
0 12 15 29 17 48 46 41 50 47 52 126 84 86 94 97 109 89 0 Role: 0
0 174 92 30 69 91 180 99 0 Role: 0
0 44 59 54 93 72 107 81 101 116 127 131 167 198 0 Role: 0
0 135 172 88 121 158 57 112 110 124 142 178 0 Role: 0
0 49 144 111 190 83 40 149 146 105 160 0 Role: 0
0 74 148 0 Role: 1
0 150 0 Role: 1
0 95 73 0 Role: 2
0 18 193 42 0 Role: 2
0 187 0 Role: 2
0 175 67 0 Role: 3
0 62 154 0 Role: 3
0 87 0 Role: 4
0 138 163 65 0 Role: 5

Số khách: 62
Chi phí: 2.59785e+07
0 152 149 172 160 177 35 124 0 Role: 0
0 38 71 0 Role: 0
0 135 187 184 26 166 78 28 159 0 Role: 0
0 107 139 69 0 Role: 0
0 31 181 140 132 15 110 144 182 0 Role: 0
0 56 156 57 167 178 126 0 Role: 0
0 36 20 48 101 127 76 0 Role: 0
0 188 70 131 27 0 Role: 0
0 62 55 65 0 Role: 1
0 138 193 0 Role: 1
0 42 0 Role: 1
0 87 99 0 Role: 1
0 148 67 0 Role: 2
0 175 154 0 Role: 2
0 18 163 0 Role: 2
0 150 0 Role: 2
0 95 73 0 Role: 3
0 74 0 Role: 3

Số khách: 96
Chi phí: 3.25378e+07
0 39 1 107 57 139 69 33 8 55 0 Role: 0
0 63 160 172 149 152 177 66 35 124 87 126 102 0 Role: 0
0 38 4 71 81 13 22 43 68 2 89 94 0 Role: 0
0 188 97 5 185 27 131 70 84 86 0 Role: 0
0 187 135 184 26 166 78 28 159 99 119 0 Role: 0
0 36 20 48 91 76 92 127 101 109 167 198 0 Role: 0
0 181 15 182 144 140 132 31 110 23 42 116 121 146 158 174 180 0 Role: 0
0 16 11 19 3 0 Role: 0
0 148 67 138 0 Role: 1
0 175 154 0 Role: 1
0 18 163 65 0 Role: 1
0 150 0 Role: 1
0 73 62 0 Role: 2
0 95 0 Role: 2
0 193 0 Role: 2
0 74 0 Role: 3

Số khách: 42
Chi phí: 2.16124e+07
0 55 27 0 Role: 0
0 31 92 159 187 193 87 0 Role: 0
0 89 81 69 42 0 Role: 0
0 7 29 63 0 Role: 0
0 125 82 62 189 30 146 0 Role: 0
0 107 0 Role: 0
0 145 11 0 Role: 0
0 150 43 36 2 102 0 Role: 0
0 73 154 0 Role: 1
0 99 138 0 Role: 1
0 95 65 0 Role: 1
0 163 0 Role: 1
0 135 0 Role: 1
0 148 18 0 Role: 2
0 74 67 0 Role: 2
0 175 0 Role: 2

Số khách: 104
Chi phí: 3.43388e+07
0 34 13 5 97 81 39 78 2 68 102 0 Role: 0
0 176 52 50 83 142 111 84 86 87 99 119 126 0 Role: 0
0 19 59 11 20 42 23 127 107 131 0 Role: 0
0 35 193 91 158 101 109 198 182 0 Role: 0
0 167 16 17 183 3 116 159 110 4 121 135 0 Role: 0
0 7 6 48 63 9 43 15 14 26 89 94 92 112 177 180 0 Role: 0
0 192 184 8 33 70 1 27 76 69 22 31 185 28 57 55 66 174 0 Role: 0
0 12 124 18 10 21 29 146 30 93 0 Role: 0
0 74 67 0 Role: 1
0 73 62 138 0 Role: 1
0 175 154 0 Role: 1
0 150 187 0 Role: 1
0 95 65 0 Role: 1
0 148 163 0 Role: 2

Số khách: 100
Chi phí: 3.41314e+07
0 167 101 107 29 92 57 30 127 91 0 Role: 0
0 7 6 1 9 15 10 21 17 2 4 33 109 13 28 31 22 0 Role: 0
0 113 97 185 3 131 76 110 35 43 63 78 89 94 8 55 0 Role: 0
0 23 69 84 86 119 198 0 Role: 0
0 12 124 87 24 27 72 112 180 66 102 182 126 0 Role: 0
0 79 14 16 19 5 11 39 20 26 48 68 160 70 81 149 0 Role: 0
0 25 32 0 Role: 0
0 34 36 37 38 40 41 44 0 Role: 0
0 148 154 138 0 Role: 1
0 67 74 99 0 Role: 2
0 18 62 0 Role: 3
0 73 163 187 65 0 Role: 3
0 193 42 0 Role: 3
0 95 0 Role: 4
0 135 0 Role: 4
0 150 0 Role: 4
0 175 0 Role: 4

Số khách: 97
Chi phí: 3.36498e+07
0 2 135 91 72 109 101 28 31 174 55 66 0 Role: 0
0 192 184 8 70 33 27 76 69 116 121 149 81 89 97 0 Role: 0
0 75 39 4 32 36 40 44 46 47 50 52 92 112 127 146 158 167 198 94 126 0 Role: 0
0 171 130 21 107 29 57 30 84 99 102 0 Role: 0
0 14 196 16 11 108 1 5 3 13 19 78 119 20 182 68 63 43 22 0 Role: 0
0 6 0 Role: 0
0 7 9 10 0 Role: 0
0 12 15 17 0 Role: 0
0 74 148 0 Role: 1
0 150 0 Role: 1
0 138 163 65 0 Role: 2
0 175 67 0 Role: 3
0 62 154 0 Role: 3
0 95 73 0 Role: 4
0 18 193 42 0 Role: 4
0 187 0 Role: 4
0 87 0 Role: 5

Số khách: 125
Chi phí: 3.7708e+07
0 162 175 159 91 29 178 26 42 0 Role: 0
0 7 6 89 48 14 9 43 15 63 94 87 124 180 112 177 92 199 0 Role: 0
0 150 146 136 72 59 54 93 110 142 39 97 81 78 126 102 0 Role: 0
0 169 41 161 153 10 40 21 17 44 46 52 50 47 131 121 127 158 116 84 167 198 119 0 Role: 0
0 49 25 36 32 83 80 16 53 88 105 111 149 101 0 Role: 0
0 192 184 8 33 70 1 27 76 69 22 31 185 28 57 55 66 174 0 Role: 0
0 79 182 2 35 4 30 13 107 109 135 0 Role: 0
0 68 3 5 19 11 190 20 86 23 99 187 0 Role: 0
0 74 67 138 0 Role: 1
0 73 154 0 Role: 2
0 18 62 0 Role: 2
0 95 65 0 Role: 2
0 148 163 193 0 Role: 3

Số khách: 123
Chi phí: 3.74857e+07
0 189 3 5 19 11 20 86 23 87 135 68 124 63 180 0 Role: 0
0 38 71 2 4 13 26 48 78 178 0 Role: 0
0 169 41 161 153 10 40 21 17 44 46 52 50 47 131 121 127 158 116 84 167 198 119 102 126 0 Role: 0
0 12 35 43 15 16 29 30 109 0 Role: 0
0 192 184 8 33 70 1 27 76 69 22 31 185 28 57 55 66 174 0 Role: 0
0 36 7 6 80 83 14 24 49 9 88 101 91 112 177 92 0 Role: 0
0 150 146 136 72 59 54 93 110 142 39 81 97 149 89 94 182 0 Role: 0
0 105 107 152 111 0 Role: 0
0 67 138 0 Role: 1
0 154 175 0 Role: 1
0 163 187 0 Role: 1
0 18 42 99 0 Role: 2
0 193 0 Role: 2
0 74 148 65 0 Role: 3
0 62 73 0 Role: 4
0 95 0 Role: 4

Số khách: 98
Chi phí: 3.39007e+07
0 79 182 2 35 4 30 13 107 109 178 87 0 Role: 0
0 192 184 8 33 70 1 27 76 69 22 31 185 28 57 55 66 174 0 Role: 0
0 7 6 48 63 9 43 15 14 26 89 92 177 112 180 198 94 0 Role: 0
0 150 146 136 72 59 54 93 110 142 39 97 81 78 126 102 0 Role: 0
0 196 32 19 11 101 5 3 23 42 68 86 84 99 0 Role: 0
0 10 16 17 20 0 Role: 0
0 41 18 12 29 21 0 Role: 0
0 24 36 40 44 0 Role: 0
0 148 62 73 0 Role: 1
0 67 175 0 Role: 1
0 74 0 Role: 2
0 95 0 Role: 2
0 154 0 Role: 2
0 138 65 0 Role: 3
0 187 193 0 Role: 3
0 135 0 Role: 4

