Số khách: 14
Chi phí: 3.01469e+06
0 95 57 13 20 47 52 67 72 80 6 56 51 65 0 Role: 0
0 4 0 Role: 1

Số khách: 100
Chi phí: 1.98361e+07
0 28 32 40 60 63 71 94 98 54 70 92 56 0 Role: 0
0 2 3 12 1 5 7 8 11 13 15 20 31 35 47 52 67 72 75 80 0 Role: 0
0 42 87 9 16 17 49 50 57 61 4 66 84 0 Role: 0
0 18 24 25 36 38 76 81 86 21 27 73 0 Role: 0
0 41 90 91 99 23 26 29 43 44 48 55 74 0 Role: 0
0 34 95 0 Role: 0
0 19 0 Role: 1
0 33 97 0 Role: 1
0 58 0 Role: 1
0 64 89 59 14 0 Role: 2
0 37 10 0 Role: 2
0 96 45 0 Role: 2
0 39 93 0 Role: 2
0 85 22 0 Role: 3
0 83 46 65 0 Role: 3
0 51 30 69 88 6 0 Role: 3
0 68 53 100 0 Role: 3
0 82 78 79 0 Role: 3
0 62 0 Role: 4
0 77 0 Role: 4

Số khách: 99
Chi phí: 1.9082e+07
0 24 2 3 8 11 15 27 50 66 75 1 5 7 13 31 47 52 67 72 80 6 0 Role: 0
0 9 12 16 17 20 35 0 Role: 0
0 18 25 36 38 43 48 57 70 0 Role: 0
0 28 32 40 44 60 73 76 84 0 Role: 0
0 34 63 71 81 86 0 Role: 0
0 87 90 91 94 98 99 0 Role: 0
0 19 0 Role: 1
0 77 0 Role: 1
0 62 96 0 Role: 1
0 85 69 0 Role: 2
0 54 92 49 46 0 Role: 2
0 61 30 0 Role: 2
0 88 56 0 Role: 2
0 33 0 Role: 3
0 64 23 0 Role: 3
0 42 0 Role: 3
0 55 58 0 Role: 3
0 39 0 Role: 3
0 10 0 Role: 3
0 26 29 0 Role: 3
0 4 0 Role: 3
0 51 83 14 0 Role: 4
0 78 0 Role: 4
0 59 89 37 82 68 0 Role: 4
0 21 0 Role: 4
0 93 0 Role: 4
0 45 0 Role: 4
0 97 100 0 Role: 5
0 22 0 Role: 5
0 74 79 53 65 0 Role: 5
0 41 0 Role: 6

Số khách: 96
Chi phí: 1.7729e+07
0 2 3 12 1 5 7 8 11 13 15 20 31 35 47 52 67 72 75 80 0 Role: 0
0 42 87 9 16 17 49 50 57 61 0 Role: 0
0 28 32 40 60 63 71 94 98 54 70 92 0 Role: 0
0 34 43 44 48 73 27 66 84 0 Role: 0
0 18 24 25 36 38 76 81 86 0 Role: 0
0 85 0 Role: 1
0 83 46 65 0 Role: 1
0 51 30 69 88 6 0 Role: 1
0 68 53 100 0 Role: 1
0 82 78 79 0 Role: 1
0 41 0 Role: 2
0 19 0 Role: 2
0 64 89 59 14 0 Role: 3
0 37 10 0 Role: 3
0 96 45 0 Role: 3
0 39 93 0 Role: 3
0 33 0 Role: 4
0 58 74 0 Role: 4
0 26 0 Role: 4
0 4 0 Role: 4
0 22 0 Role: 4
0 21 0 Role: 4
0 97 62 0 Role: 5
0 77 23 0 Role: 5
0 29 0 Role: 5
0 56 0 Role: 5
0 55 0 Role: 5

Số khách: 95
Chi phí: 1.72498e+07
0 21 1 5 7 8 13 15 20 31 35 47 52 67 72 75 80 0 Role: 0
0 34 40 44 60 81 86 0 Role: 0
0 2 18 3 11 12 16 17 27 50 57 66 84 0 Role: 0
0 9 24 29 63 71 83 94 98 0 Role: 0
0 25 28 32 36 38 43 48 70 73 76 0 Role: 0
0 46 26 68 0 Role: 1
0 30 0 Role: 1
0 4 0 Role: 1
0 92 79 0 Role: 1
0 88 51 78 6 0 Role: 1
0 61 37 14 0 Role: 2
0 69 93 65 0 Role: 2
0 49 39 53 0 Role: 2
0 54 0 Role: 2
0 19 23 0 Role: 3
0 74 77 0 Role: 3
0 22 33 0 Role: 3
0 58 0 Role: 3
0 62 97 0 Role: 4
0 45 89 0 Role: 4
0 55 0 Role: 4
0 96 82 59 0 Role: 4
0 56 0 Role: 4
0 100 0 Role: 4
0 64 0 Role: 4
0 10 0 Role: 4
0 41 0 Role: 5
0 42 0 Role: 6
0 85 0 Role: 6

Số khách: 77
Chi phí: 1.05976e+07
0 28 32 40 44 60 81 3 12 16 17 50 57 70 0 Role: 0
0 42 15 1 5 7 8 11 13 20 27 31 35 47 52 66 67 72 75 80 0 Role: 0
0 54 92 0 Role: 1
0 61 0 Role: 1
0 33 0 Role: 2
0 58 74 0 Role: 2
0 26 0 Role: 2
0 4 0 Role: 2
0 22 0 Role: 2
0 21 0 Role: 2
0 64 89 59 14 0 Role: 3
0 37 10 0 Role: 3
0 96 45 0 Role: 3
0 39 93 0 Role: 3
0 97 62 0 Role: 4
0 77 23 0 Role: 4
0 29 0 Role: 4
0 56 0 Role: 4
0 55 0 Role: 4
0 41 0 Role: 5
0 19 0 Role: 5
0 85 0 Role: 6
0 83 46 65 0 Role: 6
0 51 30 69 88 6 0 Role: 6
0 68 49 53 100 0 Role: 6
0 82 78 79 0 Role: 6

Số khách: 93
Chi phí: 1.57391e+07
0 9 24 29 63 71 83 94 98 1 5 7 8 13 15 20 21 31 35 47 52 67 72 75 80 0 Role: 0
0 34 40 44 60 81 86 0 Role: 0
0 2 18 3 11 12 16 17 27 50 57 66 84 0 Role: 0
0 25 28 32 36 38 43 48 70 73 76 0 Role: 0
0 62 97 0 Role: 1
0 45 89 0 Role: 1
0 55 0 Role: 1
0 96 82 59 0 Role: 1
0 56 0 Role: 1
0 100 0 Role: 1
0 64 0 Role: 1
0 10 0 Role: 1
0 61 37 14 0 Role: 2
0 69 93 65 0 Role: 2
0 49 39 53 0 Role: 2
0 54 0 Role: 2
0 46 26 68 0 Role: 3
0 30 0 Role: 3
0 4 0 Role: 3
0 92 79 0 Role: 3
0 88 51 78 6 0 Role: 3
0 19 23 0 Role: 4
0 74 77 0 Role: 4
0 22 33 0 Role: 4
0 58 0 Role: 4
0 41 0 Role: 5

Số khách: 78
Chi phí: 1.1922e+07
0 9 1 2 3 5 7 8 11 13 15 20 31 35 47 52 61 67 72 75 80 0 Role: 0
0 25 63 71 94 12 16 17 27 50 57 66 84 0 Role: 0
0 18 0 Role: 0
0 85 0 Role: 1
0 83 46 65 0 Role: 1
0 51 30 69 88 6 0 Role: 1
0 68 49 53 100 0 Role: 1
0 82 78 79 0 Role: 1
0 41 0 Role: 2
0 19 0 Role: 2
0 33 0 Role: 3
0 58 74 0 Role: 3
0 26 0 Role: 3
0 4 0 Role: 3
0 22 0 Role: 3
0 21 0 Role: 3
0 64 89 59 14 0 Role: 4
0 37 10 0 Role: 4
0 96 45 0 Role: 4
0 39 93 0 Role: 4
0 97 62 0 Role: 5
0 77 23 0 Role: 5
0 29 0 Role: 5
0 56 0 Role: 5
0 55 92 0 Role: 5
0 42 0 Role: 6
0 54 0 Role: 6

Số khách: 85
Chi phí: 1.35944e+07
0 8 11 15 20 27 35 66 75 84 0 Role: 0
0 2 3 12 16 17 50 57 70 1 5 7 13 31 47 52 67 72 80 0 Role: 0
0 28 32 40 44 60 76 36 38 43 48 73 86 0 Role: 0
0 41 0 Role: 1
0 19 0 Role: 1
0 85 0 Role: 2
0 83 46 65 0 Role: 2
0 51 30 69 88 6 0 Role: 2
0 68 49 53 100 0 Role: 2
0 82 78 79 0 Role: 2
0 64 89 59 14 0 Role: 3
0 37 10 0 Role: 3
0 96 45 0 Role: 3
0 39 93 0 Role: 3
0 97 62 0 Role: 4
0 77 23 0 Role: 4
0 29 0 Role: 4
0 56 0 Role: 4
0 55 92 0 Role: 4
0 33 0 Role: 5
0 58 74 0 Role: 5
0 26 0 Role: 5
0 4 0 Role: 5
0 22 0 Role: 5
0 21 0 Role: 5
0 42 0 Role: 6
0 54 0 Role: 6
0 61 0 Role: 6

Số khách: 42
Chi phí: 4.86191e+06
0 42 15 1 5 7 8 11 13 20 27 31 35 47 52 66 67 72 75 80 4 56 96 0 Role: 0
0 85 22 23 0 Role: 1
0 83 46 65 0 Role: 1
0 51 30 69 88 6 0 Role: 1
0 68 49 100 53 0 Role: 1
0 82 78 79 0 Role: 1
0 10 14 0 Role: 2

Số khách: 30
Chi phí: 4.06072e+06
0 95 57 13 20 35 47 52 67 72 80 6 56 7 51 0 Role: 0
0 10 0 Role: 1
0 21 37 0 Role: 1
0 30 45 53 0 Role: 1
0 39 49 0 Role: 1
0 46 65 68 69 0 Role: 1
0 59 78 79 0 Role: 1
0 61 0 Role: 1

Số khách: 32
Chi phí: 4.46075e+06
0 95 57 13 20 35 47 52 67 72 80 6 56 7 51 0 Role: 0
0 4 0 Role: 1
0 10 14 0 Role: 2
0 21 37 0 Role: 2
0 30 45 53 0 Role: 2
0 39 49 0 Role: 2
0 46 65 68 69 0 Role: 2
0 59 78 79 0 Role: 2
0 61 0 Role: 2

Số khách: 84
Chi phí: 1.24945e+07
0 28 32 40 44 60 81 1 3 5 7 8 11 13 15 20 31 35 47 52 61 67 72 75 80 0 Role: 0
0 9 18 24 25 36 38 43 48 73 76 12 17 27 50 57 66 84 0 Role: 0
0 64 89 59 14 0 Role: 1
0 37 10 0 Role: 1
0 96 45 0 Role: 1
0 39 93 0 Role: 1
0 41 0 Role: 2
0 19 0 Role: 2
0 33 0 Role: 3
0 74 0 Role: 3
0 26 0 Role: 3
0 4 0 Role: 3
0 22 0 Role: 3
0 21 0 Role: 3
0 85 0 Role: 4
0 83 46 65 0 Role: 4
0 51 30 69 88 6 0 Role: 4
0 68 49 53 100 0 Role: 4
0 82 78 79 0 Role: 4
0 97 62 0 Role: 5
0 77 23 0 Role: 5
0 29 0 Role: 5
0 56 0 Role: 5
0 55 92 0 Role: 5
0 42 0 Role: 6

Số khách: 68
Chi phí: 8.86394e+06
0 9 18 25 44 3 11 16 17 27 57 66 84 1 4 5 6 7 13 31 47 51 0 Role: 0
0 2 8 10 15 20 21 35 52 67 0 Role: 0
0 19 0 Role: 1
0 33 93 0 Role: 1
0 85 22 23 65 0 Role: 1
0 14 39 100 69 0 Role: 2
0 45 61 37 0 Role: 2
0 46 79 68 30 0 Role: 2
0 64 59 82 0 Role: 2
0 56 88 0 Role: 2
0 26 29 97 0 Role: 3
0 55 58 0 Role: 3
0 74 49 0 Role: 3
0 83 78 0 Role: 3
0 89 53 0 Role: 3
0 41 77 54 92 0 Role: 4

Số khách: 75
Chi phí: 1.0054e+07
0 9 1 2 3 5 7 8 11 13 15 20 31 35 47 52 61 67 72 75 80 0 Role: 0
0 25 63 71 94 12 16 17 27 50 57 66 84 0 Role: 0
0 33 0 Role: 1
0 58 74 0 Role: 1
0 26 0 Role: 1
0 4 0 Role: 1
0 22 0 Role: 1
0 21 0 Role: 1
0 64 89 59 14 0 Role: 2
0 37 10 0 Role: 2
0 96 45 0 Role: 2
0 39 93 0 Role: 2
0 42 0 Role: 3
0 54 0 Role: 3
0 97 62 0 Role: 4
0 77 23 0 Role: 4
0 29 0 Role: 4
0 56 0 Role: 4
0 55 92 0 Role: 4
0 85 0 Role: 5
0 83 46 65 0 Role: 5
0 51 30 69 88 6 0 Role: 5
0 68 49 53 100 0 Role: 5
0 82 78 79 0 Role: 5

Số khách: 72
Chi phí: 9.54056e+06
0 42 15 1 5 7 8 11 13 20 27 31 35 47 52 66 67 72 75 80 46 0 Role: 0
0 2 3 12 16 17 50 54 57 61 84 0 Role: 0
0 64 89 59 14 0 Role: 1
0 37 10 0 Role: 1
0 96 45 0 Role: 1
0 39 93 0 Role: 1
0 33 0 Role: 2
0 58 74 0 Role: 2
0 26 0 Role: 2
0 4 0 Role: 2
0 22 0 Role: 2
0 21 0 Role: 2
0 97 62 0 Role: 3
0 77 23 0 Role: 3
0 29 0 Role: 3
0 56 0 Role: 3
0 55 92 0 Role: 3
0 85 0 Role: 4
0 83 65 0 Role: 4
0 51 30 69 88 6 0 Role: 4
0 68 49 53 100 0 Role: 4
0 82 78 79 0 Role: 4
0 41 0 Role: 5
0 19 0 Role: 5

Số khách: 66
Chi phí: 7.75292e+06
0 28 32 40 44 60 81 1 3 5 7 8 11 13 15 20 31 35 47 52 61 67 72 75 80 96 0 Role: 0
0 85 0 Role: 1
0 83 46 0 Role: 1
0 51 30 69 88 6 0 Role: 1
0 68 49 53 100 0 Role: 1
0 82 78 79 0 Role: 1
0 97 62 0 Role: 2
0 77 23 0 Role: 2
0 29 10 37 0 Role: 2
0 56 0 Role: 2
0 55 92 0 Role: 2
0 33 93 0 Role: 3
0 74 58 39 0 Role: 3
0 26 45 0 Role: 3
0 4 0 Role: 3
0 22 14 0 Role: 3
0 21 0 Role: 3
0 19 0 Role: 4
0 42 0 Role: 4
0 54 0 Role: 4
0 59 64 0 Role: 4

Số khách: 23
Chi phí: 4.05572e+06
0 95 57 1 7 20 31 47 67 72 80 6 56 4 13 0 Role: 0
0 65 30 51 69 49 46 100 0 Role: 1
0 10 14 0 Role: 2

Số khách: 19
Chi phí: 3.35841e+06
0 95 57 1 7 20 31 47 67 72 80 6 56 0 Role: 0
0 65 30 51 69 49 46 100 0 Role: 1

Số khách: 81
Chi phí: 1.22303e+07
0 42 15 1 5 7 8 11 13 20 27 31 35 47 52 66 67 72 75 80 4 0 Role: 0
0 9 18 24 25 63 71 76 86 21 36 54 61 73 84 0 Role: 0
0 2 3 12 16 17 50 57 70 0 Role: 0
0 85 22 0 Role: 1
0 83 46 65 0 Role: 1
0 51 30 69 88 6 0 Role: 1
0 68 49 53 100 0 Role: 1
0 82 78 79 0 Role: 1
0 64 89 59 14 0 Role: 2
0 37 10 0 Role: 2
0 96 45 0 Role: 2
0 39 93 0 Role: 2
0 41 74 0 Role: 3
0 19 0 Role: 3
0 97 62 0 Role: 4
0 77 23 0 Role: 4
0 29 26 0 Role: 4
0 56 0 Role: 4
0 55 92 0 Role: 4

Số khách: 48
Chi phí: 5.17916e+06
0 42 15 1 5 7 8 11 13 20 27 31 35 47 52 66 67 72 75 80 4 96 0 Role: 0
0 97 62 0 Role: 1
0 77 23 0 Role: 1
0 29 10 37 0 Role: 1
0 56 0 Role: 1
0 55 74 92 0 Role: 1
0 85 22 0 Role: 2
0 46 65 0 Role: 2
0 51 30 69 88 6 0 Role: 2
0 68 49 53 100 0 Role: 2
0 82 78 79 0 Role: 2

Số khách: 39
Chi phí: 4.46283e+06
0 42 15 1 5 7 8 11 13 20 27 31 35 47 52 66 67 72 75 80 4 56 96 0 Role: 0
0 85 22 23 0 Role: 1
0 83 46 65 0 Role: 1
0 51 30 69 88 6 0 Role: 1
0 68 49 100 53 0 Role: 1
0 78 79 0 Role: 1

Số khách: 87
Chi phí: 1.423e+07
0 9 18 24 25 36 38 43 48 73 76 1 5 7 8 10 13 15 20 31 35 47 52 59 61 67 72 75 80 96 0 Role: 0
0 28 32 40 44 60 81 11 14 27 39 64 66 84 0 Role: 0
0 2 3 12 16 17 50 57 70 0 Role: 0
0 97 62 0 Role: 1
0 77 23 0 Role: 1
0 29 37 0 Role: 1
0 56 0 Role: 1
0 55 92 0 Role: 1
0 33 93 0 Role: 2
0 58 74 0 Role: 2
0 26 45 0 Role: 2
0 4 0 Role: 2
0 22 0 Role: 2
0 21 0 Role: 2
0 85 0 Role: 3
0 83 46 65 0 Role: 3
0 51 30 69 88 6 0 Role: 3
0 68 49 53 100 0 Role: 3
0 82 78 79 0 Role: 3
0 41 0 Role: 4
0 19 0 Role: 4
0 42 0 Role: 5

Số khách: 54
Chi phí: 6.18575e+06
0 24 2 3 8 11 15 27 50 66 75 1 5 7 13 31 47 52 67 72 80 6 0 Role: 0
0 51 83 14 0 Role: 1
0 78 46 65 0 Role: 1
0 59 89 37 82 68 0 Role: 1
0 21 0 Role: 1
0 93 53 69 0 Role: 1
0 45 30 88 0 Role: 1
0 33 97 0 Role: 2
0 64 23 0 Role: 2
0 42 96 0 Role: 2
0 55 58 0 Role: 2
0 39 49 0 Role: 2
0 10 0 Role: 2
0 26 29 79 0 Role: 2
0 4 0 Role: 2

Số khách: 89
Chi phí: 1.50812e+07
0 2 3 12 16 17 50 57 70 1 5 7 13 31 47 52 67 72 80 0 Role: 0
0 8 11 15 20 27 35 0 Role: 0
0 9 18 24 25 36 38 43 48 66 73 75 84 86 0 Role: 0
0 28 32 40 44 60 76 0 Role: 0
0 97 62 0 Role: 1
0 77 23 0 Role: 1
0 29 0 Role: 1
0 56 0 Role: 1
0 55 92 0 Role: 1
0 85 0 Role: 2
0 83 46 65 0 Role: 2
0 51 30 69 88 6 0 Role: 2
0 68 49 53 100 0 Role: 2
0 82 78 79 0 Role: 2
0 33 0 Role: 3
0 58 74 0 Role: 3
0 26 0 Role: 3
0 4 0 Role: 3
0 22 0 Role: 3
0 21 0 Role: 3
0 64 89 59 14 0 Role: 4
0 37 10 0 Role: 4
0 96 45 0 Role: 4
0 39 93 0 Role: 4
0 41 0 Role: 5
0 19 0 Role: 5
0 42 0 Role: 6
0 54 0 Role: 6
0 61 0 Role: 6

Số khách: 69
Chi phí: 9.20601e+06
0 42 15 1 5 7 8 11 13 20 27 31 35 47 52 66 67 72 75 80 56 0 Role: 0
0 2 3 12 16 17 50 0 Role: 0
0 54 92 69 0 Role: 1
0 61 0 Role: 1
0 64 89 59 14 0 Role: 2
0 10 0 Role: 2
0 96 45 0 Role: 2
0 93 39 0 Role: 2
0 41 77 0 Role: 3
0 19 0 Role: 3
0 85 97 0 Role: 4
0 83 46 65 0 Role: 4
0 51 30 88 6 0 Role: 4
0 68 49 53 100 0 Role: 4
0 82 78 79 0 Role: 4
0 33 23 0 Role: 5
0 58 55 74 0 Role: 5
0 26 29 0 Role: 5
0 4 0 Role: 5
0 22 0 Role: 5
0 21 0 Role: 5
0 62 0 Role: 6

Số khách: 92
Chi phí: 1.53831e+07
0 28 32 40 44 60 81 36 38 43 48 54 61 73 84 0 Role: 0
0 42 15 1 5 7 8 11 13 20 27 31 35 47 52 66 67 72 75 80 0 Role: 0
0 2 3 12 16 17 50 57 70 0 Role: 0
0 9 18 24 25 63 71 76 86 0 Role: 0
0 64 89 59 14 0 Role: 1
0 37 10 0 Role: 1
0 96 45 0 Role: 1
0 39 93 0 Role: 1
0 41 0 Role: 2
0 19 0 Role: 2
0 33 0 Role: 3
0 58 74 0 Role: 3
0 26 0 Role: 3
0 4 0 Role: 3
0 22 0 Role: 3
0 21 0 Role: 3
0 97 62 0 Role: 4
0 77 23 0 Role: 4
0 29 0 Role: 4
0 56 0 Role: 4
0 55 92 0 Role: 4
0 85 0 Role: 5
0 83 46 65 0 Role: 5
0 51 30 69 88 6 0 Role: 5
0 68 49 53 100 0 Role: 5
0 82 78 79 0 Role: 5

Số khách: 52
Chi phí: 5.59216e+06
0 42 15 1 5 7 8 11 13 20 27 31 35 47 52 66 67 72 75 80 56 4 0 Role: 0
0 64 89 59 14 0 Role: 1
0 37 10 0 Role: 1
0 96 45 69 0 Role: 1
0 93 39 0 Role: 1
0 85 97 0 Role: 2
0 83 65 0 Role: 2
0 51 30 88 6 0 Role: 2
0 68 49 53 100 0 Role: 2
0 82 78 79 0 Role: 2
0 41 77 74 0 Role: 3
0 19 23 0 Role: 3

Số khách: 57
Chi phí: 6.19002e+06
0 42 15 1 5 7 8 11 13 20 27 31 35 47 52 66 67 72 75 80 6 30 46 51 56 0 Role: 0
0 33 23 0 Role: 1
0 58 74 69 0 Role: 1
0 26 29 78 82 0 Role: 1
0 4 0 Role: 1
0 22 53 65 0 Role: 1
0 21 0 Role: 1
0 64 89 59 14 0 Role: 2
0 37 10 68 0 Role: 2
0 96 45 88 0 Role: 2
0 39 93 79 0 Role: 2
0 19 0 Role: 3
0 49 54 92 100 0 Role: 3
0 61 0 Role: 3

Số khách: 88
Chi phí: 1.45921e+07
0 42 15 1 5 7 8 11 13 20 27 31 35 47 52 66 67 72 75 80 0 Role: 0
0 2 3 12 16 17 50 57 70 0 Role: 0
0 9 18 24 25 36 38 43 48 73 76 0 Role: 0
0 28 32 40 44 60 81 0 Role: 0
0 33 0 Role: 1
0 58 74 0 Role: 1
0 26 0 Role: 1
0 4 0 Role: 1
0 22 0 Role: 1
0 21 0 Role: 1
0 85 0 Role: 2
0 83 46 65 0 Role: 2
0 51 30 69 88 6 0 Role: 2
0 68 49 53 100 0 Role: 2
0 82 78 79 0 Role: 2
0 54 92 0 Role: 3
0 61 0 Role: 3
0 97 62 0 Role: 4
0 77 23 0 Role: 4
0 29 0 Role: 4
0 56 0 Role: 4
0 55 0 Role: 4
0 41 0 Role: 5
0 19 0 Role: 5
0 64 89 59 14 0 Role: 6
0 37 10 0 Role: 6
0 96 45 0 Role: 6
0 39 93 0 Role: 6

Số khách: 59
Chi phí: 6.57082e+06
0 42 15 1 5 7 8 11 13 20 27 31 35 47 52 66 67 72 75 80 6 30 46 51 56 0 Role: 0
0 33 23 0 Role: 1
0 58 74 69 0 Role: 1
0 26 29 78 82 0 Role: 1
0 4 0 Role: 1
0 22 53 65 0 Role: 1
0 21 0 Role: 1
0 41 77 0 Role: 2
0 19 79 0 Role: 2
0 54 92 49 100 0 Role: 3
0 61 0 Role: 3
0 64 89 59 14 0 Role: 4
0 37 10 68 0 Role: 4
0 96 45 88 0 Role: 4
0 39 93 0 Role: 4

Số khách: 62
Chi phí: 6.9203e+06
0 25 63 71 94 12 16 17 27 50 57 66 84 1 5 7 13 47 52 72 75 80 6 51 0 Role: 0
0 64 89 59 14 65 0 Role: 1
0 37 10 68 0 Role: 1
0 96 45 78 82 0 Role: 1
0 39 93 53 69 0 Role: 1
0 42 88 0 Role: 2
0 54 46 49 100 0 Role: 2
0 97 62 0 Role: 3
0 77 23 0 Role: 3
0 29 83 0 Role: 3
0 56 0 Role: 3
0 55 92 0 Role: 3
0 33 0 Role: 4
0 58 74 0 Role: 4
0 26 0 Role: 4
0 4 0 Role: 4
0 22 79 0 Role: 4
0 21 0 Role: 4

Số khách: 50
Chi phí: 5.5805e+06
0 42 15 1 5 7 8 11 13 20 27 31 35 47 52 66 67 72 75 80 4 96 0 Role: 0
0 97 62 0 Role: 1
0 77 23 0 Role: 1
0 29 10 37 0 Role: 1
0 56 0 Role: 1
0 55 74 92 0 Role: 1
0 85 22 14 0 Role: 2
0 46 65 0 Role: 2
0 51 30 69 88 6 0 Role: 2
0 68 49 53 100 0 Role: 2
0 82 78 79 0 Role: 2
0 19 0 Role: 3

Số khách: 40
Chi phí: 4.56795e+06
0 42 15 1 5 7 8 11 13 20 27 31 35 47 52 66 67 72 75 80 4 96 56 0 Role: 0
0 85 22 14 0 Role: 1
0 46 65 37 0 Role: 1
0 51 30 69 88 6 0 Role: 1
0 68 49 53 100 0 Role: 1
0 82 78 79 0 Role: 1

Số khách: 60
Chi phí: 6.79769e+06
0 42 15 1 5 7 8 11 13 20 27 31 35 47 52 66 67 72 75 80 6 30 46 51 65 78 0 Role: 0
0 33 69 0 Role: 1
0 58 74 100 0 Role: 1
0 26 49 0 Role: 1
0 4 0 Role: 1
0 22 53 0 Role: 1
0 21 0 Role: 1
0 54 92 79 0 Role: 2
0 61 0 Role: 2
0 64 89 59 14 0 Role: 3
0 37 10 68 0 Role: 3
0 96 45 82 0 Role: 3
0 39 93 0 Role: 3
0 97 62 0 Role: 4
0 77 23 0 Role: 4
0 29 0 Role: 4
0 56 88 0 Role: 4
0 55 0 Role: 4

Số khách: 63
Chi phí: 7.31895e+06
0 42 15 1 5 7 8 11 13 20 27 31 35 47 52 66 67 72 75 80 56 0 Role: 0
0 54 92 69 0 Role: 1
0 61 0 Role: 1
0 62 0 Role: 2
0 41 77 0 Role: 3
0 19 0 Role: 3
0 85 97 0 Role: 4
0 83 46 65 0 Role: 4
0 51 30 88 6 0 Role: 4
0 68 49 53 100 0 Role: 4
0 82 78 79 0 Role: 4
0 64 89 59 14 0 Role: 5
0 37 10 0 Role: 5
0 96 45 0 Role: 5
0 93 0 Role: 5
0 33 23 0 Role: 6
0 58 55 74 0 Role: 6
0 26 29 0 Role: 6
0 4 0 Role: 6
0 22 0 Role: 6
0 21 0 Role: 6

Số khách: 49
Chi phí: 5.1827e+06
0 42 15 1 5 7 8 11 13 20 27 31 35 47 52 66 67 72 75 80 4 96 0 Role: 0
0 85 22 14 0 Role: 1
0 46 65 0 Role: 1
0 51 30 69 88 6 0 Role: 1
0 68 49 53 100 0 Role: 1
0 82 78 79 0 Role: 1
0 97 62 0 Role: 2
0 77 23 0 Role: 2
0 29 10 37 0 Role: 2
0 56 0 Role: 2
0 55 74 92 0 Role: 2

Số khách: 22
Chi phí: 3.77019e+06
0 95 57 1 5 7 20 31 35 47 52 67 72 80 6 56 0 Role: 0
0 65 30 51 69 49 46 100 0 Role: 1

Số khách: 20
Chi phí: 3.60057e+06
0 95 1 7 20 31 47 67 72 80 6 56 4 13 0 Role: 0
0 65 30 51 69 49 46 100 0 Role: 1

Số khách: 65
Chi phí: 7.57155e+06
0 25 63 71 94 12 16 17 27 50 57 66 84 1 5 7 13 31 47 52 72 75 80 0 Role: 0
0 97 62 0 Role: 1
0 77 23 0 Role: 1
0 29 0 Role: 1
0 56 0 Role: 1
0 55 92 0 Role: 1
0 42 0 Role: 2
0 54 0 Role: 2
0 33 0 Role: 3
0 58 74 0 Role: 3
0 26 0 Role: 3
0 4 0 Role: 3
0 22 0 Role: 3
0 21 0 Role: 3
0 85 0 Role: 4
0 83 46 65 0 Role: 4
0 51 30 69 88 6 0 Role: 4
0 68 49 53 100 0 Role: 4
0 82 78 79 0 Role: 4
0 64 89 59 14 0 Role: 5
0 37 10 0 Role: 5
0 96 45 0 Role: 5
0 39 93 0 Role: 5

Số khách: 64
Chi phí: 7.46471e+06
0 42 15 1 5 7 8 11 13 20 27 31 35 47 52 66 67 72 75 80 0 Role: 0
0 97 62 0 Role: 1
0 77 23 0 Role: 1
0 29 0 Role: 1
0 56 0 Role: 1
0 55 0 Role: 1
0 54 92 0 Role: 2
0 61 0 Role: 2
0 85 0 Role: 3
0 83 46 65 0 Role: 3
0 51 30 69 88 6 0 Role: 3
0 68 49 53 100 0 Role: 3
0 82 78 79 0 Role: 3
0 64 89 59 14 0 Role: 4
0 37 10 0 Role: 4
0 96 45 0 Role: 4
0 39 93 0 Role: 4
0 41 0 Role: 5
0 19 0 Role: 5
0 33 0 Role: 6
0 58 74 0 Role: 6
0 26 0 Role: 6
0 4 0 Role: 6
0 22 0 Role: 6
0 21 0 Role: 6

Số khách: 21
Chi phí: 3.65798e+06
0 95 57 1 7 20 31 47 67 72 80 6 56 4 13 0 Role: 0
0 65 30 51 69 49 46 100 0 Role: 1

Số khách: 23
Chi phí: 3.28087e+06
0 51 35 4 7 5 31 20 13 79 67 56 6 65 46 75 47 80 52 72 78 0 Role: 0
0 29 10 14 0 Role: 1

Số khách: 100
Chi phí: 1.43601e+07
0 42 62 40 34 94 63 71 60 81 98 84 70 74 50 12 16 22 38 73 27 0 Role: 0
0 85 87 9 90 32 99 28 11 91 17 59 45 66 21 57 0 Role: 0
0 26 76 48 18 25 44 24 36 43 86 0 Role: 0
0 95 10 2 7 3 1 5 13 8 15 31 47 20 75 35 56 67 72 52 80 96 0 Role: 0
0 93 97 0 Role: 1
0 54 0 Role: 1
0 4 0 Role: 1
0 39 0 Role: 1
0 51 0 Role: 1
0 6 0 Role: 1
0 37 29 14 79 0 Role: 2
0 41 77 0 Role: 3
0 69 68 65 0 Role: 4
0 64 89 78 82 0 Role: 4
0 61 30 0 Role: 4
0 46 92 0 Role: 4
0 49 100 53 88 0 Role: 4
0 19 23 0 Role: 5
0 33 83 0 Role: 5
0 58 55 0 Role: 5

Số khách: 89
Chi phí: 1.26544e+07
0 42 62 40 34 94 63 71 60 81 98 84 70 74 50 12 16 11 73 38 14 45 66 21 59 17 57 1 5 7 13 20 31 35 47 52 56 67 72 80 0 Role: 0
0 2 3 8 15 27 75 0 Role: 0
0 9 18 24 25 36 43 44 0 Role: 0
0 93 97 0 Role: 1
0 54 79 0 Role: 1
0 4 0 Role: 1
0 39 0 Role: 1
0 51 96 0 Role: 1
0 6 0 Role: 1
0 41 77 0 Role: 2
0 19 23 0 Role: 3
0 33 83 0 Role: 3
0 58 55 0 Role: 3
0 69 68 65 0 Role: 4
0 64 89 78 82 37 0 Role: 4
0 61 30 0 Role: 4
0 46 92 0 Role: 4
0 49 100 53 88 0 Role: 4
0 10 29 0 Role: 5
0 22 0 Role: 5
0 26 0 Role: 5

Số khách: 86
Chi phí: 1.0734e+07
0 42 62 40 34 94 63 71 60 81 98 73 38 22 16 12 50 74 70 84 27 5 35 7 52 1 31 47 20 13 56 75 80 72 67 0 Role: 0
0 26 76 48 18 25 44 24 36 43 86 96 45 66 21 10 8 57 15 59 0 Role: 0
0 19 23 0 Role: 1
0 33 83 0 Role: 1
0 58 0 Role: 1
0 41 77 0 Role: 2
0 93 97 0 Role: 3
0 54 0 Role: 3
0 4 0 Role: 3
0 39 0 Role: 3
0 51 0 Role: 3
0 6 0 Role: 3
0 69 68 65 0 Role: 4
0 64 89 78 82 0 Role: 4
0 61 30 0 Role: 4
0 46 92 0 Role: 4
0 49 100 53 88 0 Role: 4
0 37 29 14 79 0 Role: 5

Số khách: 88
Chi phí: 1.23101e+07
0 85 87 9 90 32 99 28 11 91 17 59 45 21 66 7 1 5 57 13 20 31 72 56 30 46 0 Role: 0
0 26 76 48 18 25 44 24 36 43 86 37 35 10 52 15 47 8 53 49 65 78 67 80 75 0 Role: 0
0 42 62 40 34 94 63 71 60 81 98 73 38 22 16 12 50 74 70 84 27 64 61 96 88 68 69 100 79 0 Role: 0
0 93 97 0 Role: 1
0 54 0 Role: 1
0 4 0 Role: 1
0 39 92 0 Role: 1
0 51 82 0 Role: 1
0 6 0 Role: 1
0 14 89 0 Role: 2

Số khách: 78
Chi phí: 9.70194e+06
0 42 62 40 34 94 63 71 60 81 98 73 38 22 16 12 50 74 70 84 27 59 45 21 57 0 Role: 0
0 95 10 2 7 3 1 5 13 8 15 31 47 20 75 35 56 67 72 52 80 96 0 Role: 0
0 69 68 65 0 Role: 1
0 64 89 78 82 0 Role: 1
0 61 30 0 Role: 1
0 46 92 0 Role: 1
0 49 100 53 88 0 Role: 1
0 93 97 0 Role: 2
0 54 0 Role: 2
0 4 0 Role: 2
0 39 0 Role: 2
0 51 0 Role: 2
0 6 0 Role: 2
0 41 77 0 Role: 3
0 19 23 0 Role: 4
0 33 83 0 Role: 4
0 58 55 0 Role: 4
0 37 29 79 0 Role: 5

Số khách: 82
Chi phí: 1.07334e+07
0 95 10 2 7 3 1 5 13 8 15 52 72 67 56 35 75 20 47 31 80 6 51 96 4 0 Role: 0
0 42 62 98 40 71 63 94 60 81 73 38 84 70 74 50 12 16 22 27 39 79 0 Role: 0
0 85 87 9 90 32 99 28 11 91 17 59 45 66 21 57 0 Role: 0
0 19 23 0 Role: 1
0 33 83 0 Role: 1
0 58 55 0 Role: 1
0 69 68 65 0 Role: 2
0 64 89 78 82 37 0 Role: 2
0 61 30 0 Role: 2
0 46 92 0 Role: 2
0 49 100 53 88 0 Role: 2

Số khách: 38
Chi phí: 3.75485e+06
0 2 4 1 11 16 12 17 27 5 6 30 56 7 72 31 47 13 65 0 Role: 0
0 77 74 55 58 0 Role: 1
0 14 45 61 0 Role: 1
0 21 37 0 Role: 1
0 51 89 68 0 Role: 1
0 64 59 79 53 0 Role: 1
0 69 100 92 39 0 Role: 1

Số khách: 62
Chi phí: 5.99356e+06
0 76 7 44 80 1 3 5 8 93 10 52 15 31 47 20 13 72 35 67 75 53 49 46 69 65 6 30 56 4 78 96 88 0 Role: 0
0 19 0 Role: 1
0 33 83 0 Role: 1
0 54 0 Role: 1
0 82 0 Role: 1
0 23 22 0 Role: 2
0 26 29 97 0 Role: 2
0 62 0 Role: 2
0 77 74 55 58 0 Role: 3
0 45 14 0 Role: 3
0 21 37 0 Role: 3
0 51 89 68 0 Role: 3
0 64 59 79 0 Role: 3
0 92 39 100 0 Role: 3
0 41 0 Role: 4
0 42 0 Role: 4

Số khách: 31
Chi phí: 3.65333e+06
0 83 13 20 31 5 1 7 35 79 4 67 56 6 46 78 72 47 80 52 75 51 0 Role: 0
0 33 22 14 0 Role: 1
0 74 39 65 0 Role: 1
0 89 68 30 88 0 Role: 1

Số khách: 63
Chi phí: 6.71126e+06
0 26 76 48 18 25 44 24 36 43 86 96 45 66 21 10 8 57 15 59 1 31 47 13 5 72 56 67 7 52 75 80 0 Role: 0
0 69 68 65 0 Role: 1
0 64 89 78 82 37 0 Role: 1
0 61 30 0 Role: 1
0 46 92 0 Role: 1
0 49 100 53 88 0 Role: 1
0 19 23 0 Role: 2
0 33 83 0 Role: 2
0 58 14 0 Role: 2
0 93 97 0 Role: 3
0 54 79 0 Role: 3
0 4 0 Role: 3
0 39 0 Role: 3
0 51 0 Role: 3
0 6 0 Role: 3
0 41 74 0 Role: 4

Số khách: 71
Chi phí: 8.46474e+06
0 95 10 2 7 3 1 5 13 8 15 52 72 67 56 35 75 20 47 31 80 6 51 96 4 0 Role: 0
0 42 62 98 40 71 63 94 60 81 73 38 84 70 74 50 12 16 22 27 39 79 59 57 0 Role: 0
0 69 68 65 0 Role: 1
0 64 89 78 82 37 0 Role: 1
0 61 30 0 Role: 1
0 46 92 0 Role: 1
0 49 100 53 88 0 Role: 1
0 19 23 0 Role: 2
0 33 83 0 Role: 2
0 58 55 0 Role: 2
0 14 45 0 Role: 3

Số khách: 43
Chi phí: 4.14553e+06
0 76 7 44 80 1 3 5 8 93 10 52 15 31 47 20 13 72 35 67 75 53 49 46 69 65 6 30 56 4 78 96 88 51 0 Role: 0
0 19 23 0 Role: 1
0 33 83 14 0 Role: 1
0 54 79 0 Role: 1
0 45 82 68 0 Role: 1

Số khách: 74
Chi phí: 9.12016e+06
0 9 24 36 43 25 1 18 38 4 5 8 30 6 35 7 15 31 20 13 46 51 56 67 72 47 80 0 Role: 0
0 2 3 11 16 12 17 50 27 49 52 75 0 Role: 0
0 41 77 54 92 53 0 Role: 1
0 85 97 0 Role: 2
0 26 42 96 0 Role: 2
0 74 55 58 65 0 Role: 2
0 64 59 78 0 Role: 3
0 29 10 82 0 Role: 3
0 22 100 0 Role: 3
0 23 83 14 68 0 Role: 4
0 93 39 69 0 Role: 4
0 37 21 0 Role: 4
0 33 0 Role: 5
0 45 61 0 Role: 5
0 88 89 79 0 Role: 5

Số khách: 70
Chi phí: 7.54514e+06
0 42 62 40 34 94 63 71 60 81 98 84 70 74 50 12 16 22 38 73 27 5 35 7 52 1 31 47 20 13 56 96 75 80 72 67 0 Role: 0
0 37 29 14 79 0 Role: 1
0 69 68 65 0 Role: 2
0 64 89 78 82 0 Role: 2
0 61 30 0 Role: 2
0 46 92 0 Role: 2
0 49 100 53 88 0 Role: 2
0 93 97 0 Role: 3
0 54 0 Role: 3
0 4 0 Role: 3
0 39 0 Role: 3
0 51 59 0 Role: 3
0 6 0 Role: 3
0 19 23 0 Role: 4
0 33 83 0 Role: 4
0 58 55 0 Role: 4
0 41 77 0 Role: 5

Số khách: 49
Chi phí: 4.33588e+06
0 76 7 44 80 1 3 5 8 93 10 52 15 31 47 20 13 72 35 67 75 53 49 46 69 65 6 30 56 4 78 96 88 0 Role: 0
0 77 74 55 58 0 Role: 1
0 45 14 0 Role: 1
0 21 37 0 Role: 1
0 51 89 68 0 Role: 1
0 64 59 79 0 Role: 1
0 92 39 100 0 Role: 1

Số khách: 57
Chi phí: 5.22804e+06
0 76 7 44 80 1 3 5 8 93 10 52 15 31 47 20 13 72 35 67 75 53 49 46 65 6 30 56 4 78 96 88 0 Role: 0
0 19 23 0 Role: 1
0 22 33 83 0 Role: 1
0 77 74 55 58 0 Role: 2
0 69 14 45 0 Role: 2
0 21 37 0 Role: 2
0 51 89 68 0 Role: 2
0 64 59 79 0 Role: 2
0 92 39 100 0 Role: 2
0 26 29 82 0 Role: 3

Số khách: 76
Chi phí: 9.27548e+06
0 42 62 40 34 94 63 71 60 81 98 73 38 22 16 12 50 74 70 84 27 5 35 7 52 1 31 47 20 13 56 96 65 75 80 72 78 67 0 Role: 0
0 45 61 2 3 21 10 8 57 15 66 0 Role: 0
0 37 29 14 79 53 0 Role: 1
0 93 97 0 Role: 2
0 54 46 49 69 0 Role: 2
0 4 0 Role: 2
0 39 92 100 0 Role: 2
0 51 59 0 Role: 2
0 6 30 88 0 Role: 2
0 19 23 0 Role: 3
0 33 83 0 Role: 3
0 58 55 0 Role: 3
0 41 77 68 0 Role: 4

Số khách: 72
Chi phí: 8.5645e+06
0 42 62 98 40 71 63 94 60 81 73 38 84 70 74 50 12 16 22 27 39 79 59 57 0 Role: 0
0 95 10 2 7 3 1 5 13 8 15 52 72 67 56 35 75 20 47 31 80 6 51 96 4 0 Role: 0
0 69 68 65 0 Role: 1
0 64 89 78 82 37 0 Role: 1
0 61 30 0 Role: 1
0 46 92 0 Role: 1
0 49 100 53 88 0 Role: 1
0 19 23 0 Role: 2
0 33 83 0 Role: 2
0 58 55 0 Role: 2
0 14 45 0 Role: 3
0 21 0 Role: 3

Số khách: 51
Chi phí: 4.73393e+06
0 76 7 44 80 1 3 5 8 93 10 52 15 31 47 20 13 72 35 67 75 53 49 46 69 65 6 30 56 4 78 96 88 0 Role: 0
0 77 74 55 58 0 Role: 1
0 45 14 0 Role: 1
0 21 37 0 Role: 1
0 51 89 68 0 Role: 1
0 64 59 79 0 Role: 1
0 92 39 100 0 Role: 1
0 19 23 0 Role: 2

Số khách: 67
Chi phí: 7.16989e+06
0 42 62 40 34 94 63 71 60 81 98 84 70 74 50 12 16 22 38 73 27 5 35 7 52 1 31 47 20 13 56 96 75 80 72 67 0 Role: 0
0 69 68 65 0 Role: 1
0 64 89 78 82 0 Role: 1
0 61 30 0 Role: 1
0 46 92 0 Role: 1
0 49 53 88 0 Role: 1
0 19 23 0 Role: 2
0 33 83 0 Role: 2
0 58 55 0 Role: 2
0 37 29 14 79 0 Role: 3
0 93 97 0 Role: 4
0 54 0 Role: 4
0 4 0 Role: 4
0 39 0 Role: 4
0 51 59 0 Role: 4
0 6 0 Role: 4

Số khách: 69
Chi phí: 7.49315e+06
0 42 62 40 34 94 63 71 60 81 98 84 70 74 50 12 16 22 38 73 27 5 35 7 52 1 31 47 20 13 56 96 75 80 72 67 0 Role: 0
0 69 68 65 0 Role: 1
0 64 89 78 82 0 Role: 1
0 61 30 0 Role: 1
0 46 0 Role: 1
0 49 100 53 88 0 Role: 1
0 93 97 0 Role: 2
0 54 0 Role: 2
0 4 0 Role: 2
0 39 0 Role: 2
0 51 59 0 Role: 2
0 6 0 Role: 2
0 37 29 14 79 0 Role: 3
0 19 23 0 Role: 4
0 33 83 0 Role: 4
0 58 55 0 Role: 4
0 41 77 0 Role: 5

Số khách: 55
Chi phí: 4.93774e+06
0 76 7 44 80 1 3 5 8 93 10 52 15 31 47 20 13 72 35 67 75 53 49 46 69 65 6 30 56 4 78 96 88 0 Role: 0
0 23 22 0 Role: 1
0 26 29 97 0 Role: 1
0 62 0 Role: 1
0 77 74 55 58 0 Role: 2
0 61 14 0 Role: 2
0 21 37 0 Role: 2
0 51 89 68 0 Role: 2
0 64 59 79 0 Role: 2
0 39 92 100 0 Role: 2

Số khách: 59
Chi phí: 5.53692e+06
0 76 7 44 80 1 3 5 8 93 10 52 15 31 47 20 13 72 35 67 75 53 49 46 69 65 6 30 56 4 78 96 88 0 Role: 0
0 77 74 55 58 0 Role: 1
0 45 14 0 Role: 1
0 21 37 0 Role: 1
0 51 89 68 0 Role: 1
0 64 59 79 0 Role: 1
0 92 39 100 0 Role: 1
0 19 0 Role: 2
0 33 83 0 Role: 2
0 54 0 Role: 2
0 82 0 Role: 2
0 23 22 0 Role: 3
0 26 29 0 Role: 3
0 62 0 Role: 3

Số khách: 61
Chi phí: 5.58765e+06
0 76 7 44 80 1 3 5 8 93 10 52 15 31 47 20 13 72 35 67 75 53 49 46 69 65 6 30 56 4 78 96 88 0 Role: 0
0 19 0 Role: 1
0 33 83 14 0 Role: 1
0 54 0 Role: 1
0 45 82 0 Role: 1
0 23 22 0 Role: 2
0 26 29 97 0 Role: 2
0 62 0 Role: 2
0 77 74 55 58 0 Role: 3
0 61 0 Role: 3
0 21 37 0 Role: 3
0 51 89 68 0 Role: 3
0 64 59 79 0 Role: 3
0 92 39 100 0 Role: 3

Số khách: 50
Chi phí: 4.34283e+06
0 76 7 44 80 1 3 5 8 93 10 52 15 31 47 20 13 72 35 67 75 53 49 46 65 6 30 56 4 78 96 88 0 Role: 0
0 77 74 55 58 0 Role: 1
0 69 14 68 82 45 0 Role: 1
0 21 37 0 Role: 1
0 51 89 0 Role: 1
0 64 59 79 0 Role: 1
0 92 39 100 0 Role: 1

Số khách: 64
Chi phí: 7.07558e+06
0 32 40 1 28 44 60 86 84 4 5 8 30 6 35 7 15 31 20 13 46 51 56 67 72 47 80 75 0 Role: 0
0 64 59 78 0 Role: 1
0 29 10 82 0 Role: 1
0 22 100 0 Role: 1
0 23 83 14 68 0 Role: 2
0 93 39 69 0 Role: 2
0 21 0 Role: 2
0 41 77 54 92 53 0 Role: 3
0 85 97 0 Role: 4
0 26 42 96 0 Role: 4
0 74 55 58 65 0 Role: 4
0 19 79 0 Role: 5
0 33 0 Role: 6
0 45 61 0 Role: 6
0 49 88 0 Role: 6

Số khách: 28
Chi phí: 3.4634e+06
0 75 13 5 1 7 61 21 35 20 80 47 31 52 72 67 4 78 46 30 96 88 51 49 65 53 6 0 Role: 0
0 33 14 0 Role: 1

Số khách: 26
Chi phí: 3.43436e+06
0 2 4 3 1 15 11 5 8 50 6 30 56 7 72 31 20 13 46 51 0 Role: 0
0 10 14 65 0 Role: 1
0 21 0 Role: 1
0 45 79 53 0 Role: 1

Số khách: 40
Chi phí: 3.90297e+06
0 68 4 61 7 52 1 5 36 39 8 13 20 47 31 15 72 35 67 65 75 80 0 Role: 0
0 37 96 88 14 69 0 Role: 1
0 78 45 82 0 Role: 1
0 49 0 Role: 1
0 53 79 30 0 Role: 1
0 59 6 51 0 Role: 1
0 56 0 Role: 1
0 92 46 0 Role: 1
0 100 0 Role: 1

Số khách: 30
Chi phí: 3.51573e+06
0 83 13 20 31 5 1 7 35 79 4 67 56 6 46 75 80 52 72 78 51 0 Role: 0
0 33 22 14 0 Role: 1
0 74 39 65 0 Role: 1
0 89 68 30 88 0 Role: 1

Số khách: 53
Chi phí: 4.82223e+06
0 76 7 44 80 1 3 5 8 93 10 52 15 31 47 20 13 72 35 67 75 53 49 46 65 6 30 56 4 78 96 88 0 Role: 0
0 77 74 55 58 0 Role: 1
0 45 14 0 Role: 1
0 21 37 0 Role: 1
0 51 89 68 0 Role: 1
0 64 59 79 0 Role: 1
0 92 39 100 0 Role: 1
0 19 23 0 Role: 2
0 22 33 83 0 Role: 2

Số khách: 24
Chi phí: 3.41585e+06
0 2 66 48 4 6 50 57 1 5 7 31 47 13 51 56 0 Role: 0
0 85 97 0 Role: 1
0 26 42 96 37 0 Role: 1
0 74 58 65 0 Role: 1

Số khách: 42
Chi phí: 4.05125e+06
0 76 7 44 80 1 3 5 8 93 10 52 15 31 47 20 13 72 35 67 75 53 49 46 69 65 6 30 56 4 78 96 88 51 0 Role: 0
0 19 23 0 Role: 1
0 33 22 83 0 Role: 1
0 26 82 68 14 0 Role: 1

Số khách: 41
Chi phí: 3.94486e+06
0 68 4 61 7 52 1 5 36 39 8 13 20 47 31 15 72 35 67 65 75 80 0 Role: 0
0 37 96 88 14 69 0 Role: 1
0 78 82 45 0 Role: 1
0 49 54 0 Role: 1
0 53 79 30 0 Role: 1
0 59 6 51 0 Role: 1
0 56 0 Role: 1
0 92 46 0 Role: 1
0 100 0 Role: 1

Số khách: 54
Chi phí: 4.91538e+06
0 76 7 44 80 1 3 5 8 93 10 52 15 31 47 20 13 72 35 67 75 53 49 46 69 65 6 30 56 4 78 96 88 0 Role: 0
0 77 74 55 58 0 Role: 1
0 61 14 0 Role: 1
0 21 37 0 Role: 1
0 51 89 68 0 Role: 1
0 64 59 79 0 Role: 1
0 100 92 0 Role: 1
0 23 22 0 Role: 2
0 26 29 97 0 Role: 2
0 62 0 Role: 2

Số khách: 66
Chi phí: 7.08394e+06
0 42 62 40 34 94 63 71 60 81 98 73 38 22 16 12 50 74 70 84 27 5 35 7 52 1 31 47 20 13 56 96 6 51 75 80 72 4 67 0 Role: 0
0 19 23 0 Role: 1
0 33 83 0 Role: 1
0 58 55 0 Role: 1
0 37 29 14 79 0 Role: 2
0 69 68 65 0 Role: 3
0 64 89 78 82 0 Role: 3
0 61 30 0 Role: 3
0 46 92 0 Role: 3
0 49 100 53 88 0 Role: 3
0 41 77 39 0 Role: 4

Số khách: 60
Chi phí: 5.54054e+06
0 76 7 44 80 1 3 5 8 93 10 52 15 31 47 20 13 72 35 67 75 53 49 46 69 65 6 30 56 4 78 96 88 0 Role: 0
0 77 74 55 58 0 Role: 1
0 45 14 0 Role: 1
0 21 37 0 Role: 1
0 51 89 68 0 Role: 1
0 64 59 79 0 Role: 1
0 92 39 100 0 Role: 1
0 19 0 Role: 2
0 33 83 0 Role: 2
0 54 0 Role: 2
0 82 0 Role: 2
0 23 22 0 Role: 3
0 26 29 97 0 Role: 3
0 62 0 Role: 3

Số khách: 65
Chi phí: 7.08368e+06
0 42 62 40 34 94 63 71 60 81 98 73 38 22 16 12 50 74 70 84 27 5 35 7 52 1 31 47 20 13 56 96 6 51 75 80 72 4 67 0 Role: 0
0 37 29 14 79 0 Role: 1
0 19 0 Role: 2
0 33 83 0 Role: 2
0 58 55 0 Role: 2
0 69 68 65 0 Role: 3
0 64 89 78 82 0 Role: 3
0 61 30 0 Role: 3
0 46 92 0 Role: 3
0 49 100 53 88 0 Role: 3
0 41 77 39 0 Role: 4

