Số khách: 50
Chi phí: 2.70644e+06
0 36 1 37 39 41 2 11 4 6 20 32 23 5 29 9 27 42 31 17 33 44 47 40 50 48 38 0 Role: 0
0 45 49 15 28 0 Role: 1
0 34 16 22 0 Role: 1
0 21 12 26 24 7 13 0 Role: 2
0 19 46 25 0 Role: 2
0 3 10 14 8 18 0 Role: 2
0 43 30 35 0 Role: 2

Số khách: 34
Chi phí: 1.98087e+06
0 40 49 9 29 2 4 17 23 33 6 20 31 1 42 38 27 11 48 50 5 44 47 0 Role: 0
0 21 12 18 8 25 7 13 3 15 43 19 46 0 Role: 1

Số khách: 47
Chi phí: 2.53137e+06
0 36 1 37 39 41 2 11 4 6 20 32 27 42 31 0 Role: 0
0 19 33 48 13 9 0 Role: 1
0 5 46 23 17 0 Role: 1
0 40 29 50 7 38 35 0 Role: 1
0 12 44 47 0 Role: 1
0 45 21 26 16 0 Role: 2
0 25 0 Role: 2
0 3 10 18 8 14 22 0 Role: 2
0 15 43 24 30 0 Role: 2

Số khách: 39
Chi phí: 2.07604e+06
0 36 5 17 1 37 39 41 2 9 31 20 32 23 47 50 48 27 42 38 0 Role: 0
0 40 33 25 12 26 30 10 15 43 0 Role: 1
0 19 6 14 29 11 13 7 35 8 0 Role: 1
0 46 44 0 Role: 1

Số khách: 46
Chi phí: 2.34915e+06
0 36 1 37 39 41 2 11 4 6 20 32 23 5 29 9 27 42 31 17 33 44 47 40 50 48 38 0 Role: 0
0 21 12 26 7 13 0 Role: 1
0 45 25 46 19 0 Role: 1
0 3 10 18 8 14 22 0 Role: 1
0 15 43 30 24 35 0 Role: 1

Số khách: 35
Chi phí: 1.99731e+06
0 2 49 9 11 27 42 20 17 4 29 1 32 23 47 6 0 Role: 0
0 45 16 22 33 18 46 0 Role: 1
0 5 44 19 12 8 25 7 48 50 0 Role: 1
0 40 13 38 31 35 0 Role: 1

Số khách: 43
Chi phí: 2.24555e+06
0 37 1 20 39 41 2 11 4 6 32 23 5 33 29 9 27 42 31 17 38 44 47 40 50 48 0 Role: 0
0 3 45 14 46 19 28 0 Role: 1
0 15 34 22 13 7 8 18 12 25 43 30 35 0 Role: 1

Số khách: 41
Chi phí: 2.13746e+06
0 36 5 1 37 39 41 2 9 4 17 31 38 42 27 48 47 23 32 20 50 0 Role: 0
0 40 33 25 12 26 30 10 15 43 0 Role: 1
0 6 14 35 24 7 13 11 29 19 0 Role: 1
0 46 44 8 0 Role: 1

Số khách: 48
Chi phí: 2.67733e+06
0 36 1 37 39 41 2 11 4 6 20 32 23 5 29 9 27 42 31 17 33 44 47 40 50 48 38 0 Role: 0
0 45 49 28 0 Role: 1
0 34 22 0 Role: 1
0 21 12 26 7 13 0 Role: 2
0 25 46 0 Role: 2
0 3 10 14 8 18 0 Role: 2
0 15 43 30 24 35 0 Role: 2

Số khách: 45
Chi phí: 2.29633e+06
0 36 1 37 39 41 2 11 4 6 20 32 23 5 29 9 27 42 31 17 33 44 47 40 50 48 38 0 Role: 0
0 3 49 45 14 46 19 28 0 Role: 1
0 15 34 22 13 7 8 18 12 25 43 30 35 0 Role: 1

Số khách: 40
Chi phí: 2.11437e+06
0 36 17 1 37 39 41 2 9 4 20 31 38 42 27 48 50 47 23 32 6 0 Role: 0
0 40 33 25 12 26 30 10 15 43 0 Role: 1
0 19 14 35 24 7 13 11 29 0 Role: 1
0 46 44 8 0 Role: 1

Số khách: 44
Chi phí: 2.2812e+06
0 36 1 37 39 41 2 11 4 6 20 32 23 5 29 9 27 42 31 17 33 38 48 50 40 47 44 0 Role: 0
0 3 49 45 14 19 28 0 Role: 1
0 15 34 22 13 7 8 18 12 25 43 30 35 0 Role: 1

Số khách: 49
Chi phí: 2.68198e+06
0 36 1 37 39 41 2 11 4 6 20 32 23 5 29 9 27 42 31 17 33 44 47 40 50 48 38 0 Role: 0
0 21 12 26 7 13 0 Role: 1
0 19 46 25 0 Role: 1
0 3 10 14 8 18 0 Role: 1
0 15 43 30 24 35 0 Role: 1
0 45 49 28 0 Role: 2
0 34 22 0 Role: 2

Số khách: 49
Chi phí: 2.68198e+06
0 36 1 37 39 41 2 11 4 6 20 32 23 5 29 9 27 42 31 17 33 44 47 40 50 48 38 0 Role: 0
0 45 49 28 0 Role: 1
0 34 22 0 Role: 1
0 21 12 26 7 13 0 Role: 2
0 19 46 25 0 Role: 2
0 3 10 14 8 18 0 Role: 2
0 15 43 30 24 35 0 Role: 2

