Số khách: 50
Chi phí: 5.24466e+06
0 40 16 15 22 25 11 21 34 26 42 4 9 44 24 6 19 18 32 46 50 0 Role: 0
0 41 0 Role: 0
0 45 23 0 Role: 1
0 13 36 0 Role: 1
0 2 7 3 0 Role: 1
0 20 35 38 49 0 Role: 2
0 30 12 1 39 0 Role: 2
0 29 33 17 5 0 Role: 2
0 43 0 Role: 2
0 48 27 28 31 0 Role: 2
0 8 14 47 0 Role: 3
0 37 10 0 Role: 3

Số khách: 26
Chi phí: 2.24777e+06
0 4 9 44 24 6 50 19 32 46 5 0 Role: 0
0 20 35 38 49 0 Role: 1
0 30 12 1 39 0 Role: 1
0 29 33 17 0 Role: 1
0 43 0 Role: 1
0 48 27 28 31 0 Role: 1

Số khách: 33
Chi phí: 2.49e+06
0 5 9 0 Role: 0
0 20 7 0 Role: 1
0 13 4 23 0 Role: 1
0 37 28 0 Role: 1
0 2 3 1 0 Role: 1
0 18 32 46 30 0 Role: 1
0 29 10 0 Role: 1
0 48 31 17 38 49 39 0 Role: 1
0 50 0 Role: 1
0 43 27 33 0 Role: 1
0 19 6 0 Role: 1
0 12 0 Role: 1
0 24 0 Role: 1
0 44 0 Role: 1

Số khách: 49
Chi phí: 4.15299e+06
0 40 16 15 22 25 11 21 34 26 42 4 9 44 24 6 19 18 32 46 50 0 Role: 0
0 20 35 38 49 0 Role: 1
0 30 12 1 39 0 Role: 1
0 29 33 17 5 0 Role: 1
0 43 0 Role: 1
0 48 27 28 31 0 Role: 1
0 23 45 0 Role: 2
0 13 36 10 0 Role: 2
0 2 7 3 0 Role: 2
0 8 14 47 0 Role: 3
0 37 0 Role: 3

Số khách: 27
Chi phí: 2.31598e+06
0 4 9 44 24 6 19 18 32 46 50 0 Role: 0
0 20 35 38 49 0 Role: 1
0 30 12 1 39 0 Role: 1
0 29 33 17 5 0 Role: 1
0 43 0 Role: 1
0 48 27 28 31 0 Role: 1

Số khách: 47
Chi phí: 3.99028e+06
0 40 16 15 22 25 11 21 34 26 42 4 9 44 24 6 19 18 32 46 50 20 5 29 48 17 39 12 30 1 0 Role: 0
0 23 45 28 31 0 Role: 1
0 13 36 10 0 Role: 1
0 2 7 3 0 Role: 1
0 8 14 47 0 Role: 2
0 27 33 38 43 0 Role: 2
0 49 0 Role: 2

Số khách: 45
Chi phí: 3.7175e+06
0 40 42 3 22 15 11 37 34 26 1 6 24 20 28 29 9 17 5 12 30 31 48 33 39 0 Role: 0
0 25 14 46 47 0 Role: 1
0 50 18 19 23 0 Role: 1
0 2 7 32 0 Role: 1
0 13 49 38 44 0 Role: 1
0 43 27 0 Role: 1
0 8 0 Role: 2
0 21 10 4 0 Role: 2

Số khách: 34
Chi phí: 2.85876e+06
0 4 9 44 24 6 19 18 32 46 50 0 Role: 0
0 20 35 38 49 0 Role: 1
0 30 12 1 39 0 Role: 1
0 29 33 17 5 0 Role: 1
0 43 0 Role: 1
0 48 27 28 0 Role: 1
0 23 45 0 Role: 2
0 13 36 47 0 Role: 2
0 2 7 3 0 Role: 2

Số khách: 42
Chi phí: 3.50477e+06
0 21 40 42 8 25 45 22 16 1 2 3 18 12 5 9 28 20 24 6 50 44 29 33 48 17 39 30 46 32 0 Role: 0
0 13 36 4 0 Role: 1
0 23 19 7 43 31 0 Role: 1
0 37 10 27 49 38 0 Role: 1

Số khách: 38
Chi phí: 3.03189e+06
0 5 0 Role: 0
0 20 7 0 Role: 1
0 23 0 Role: 1
0 28 0 Role: 1
0 2 3 1 0 Role: 1
0 18 32 46 30 0 Role: 1
0 29 10 0 Role: 1
0 48 31 17 38 49 39 0 Role: 1
0 50 0 Role: 1
0 43 27 33 0 Role: 1
0 19 6 0 Role: 1
0 12 0 Role: 1
0 24 0 Role: 1
0 44 0 Role: 1
0 25 47 13 0 Role: 2
0 14 36 0 Role: 2
0 8 0 Role: 2
0 45 0 Role: 2
0 37 4 0 Role: 2

Số khách: 36
Chi phí: 2.96075e+06
0 5 9 0 Role: 0
0 20 7 0 Role: 1
0 13 4 23 0 Role: 1
0 37 28 0 Role: 1
0 2 3 0 Role: 1
0 18 32 46 30 0 Role: 1
0 29 10 0 Role: 1
0 48 31 17 38 49 39 0 Role: 1
0 50 0 Role: 1
0 43 27 33 0 Role: 1
0 19 6 0 Role: 1
0 12 0 Role: 1
0 24 0 Role: 1
0 44 0 Role: 1
0 8 14 47 0 Role: 2
0 21 0 Role: 2

Số khách: 41
Chi phí: 3.24925e+06
0 40 42 3 22 15 11 37 34 26 1 6 24 20 28 29 9 17 5 12 30 31 48 33 39 0 Role: 0
0 25 14 46 47 0 Role: 1
0 50 18 19 23 0 Role: 1
0 2 7 32 0 Role: 1
0 13 49 38 44 0 Role: 1
0 43 27 0 Role: 1

Số khách: 48
Chi phí: 4.11705e+06
0 40 16 15 22 25 11 21 34 26 42 4 9 44 24 6 19 18 32 46 50 0 Role: 0
0 23 45 0 Role: 1
0 13 36 0 Role: 1
0 2 3 0 Role: 1
0 8 14 47 0 Role: 2
0 10 37 0 Role: 2
0 20 35 38 49 0 Role: 3
0 30 12 1 39 0 Role: 3
0 29 33 17 5 0 Role: 3
0 43 0 Role: 3
0 48 27 28 31 0 Role: 3

Số khách: 43
Chi phí: 3.59632e+06
0 40 42 3 22 15 11 37 34 26 1 6 24 20 28 29 9 17 5 12 30 31 48 33 39 0 Role: 0
0 14 46 47 36 0 Role: 1
0 50 18 19 23 0 Role: 1
0 2 7 32 0 Role: 1
0 13 49 38 44 0 Role: 1
0 43 27 0 Role: 1
0 4 10 0 Role: 2

Số khách: 35
Chi phí: 2.86152e+06
0 4 9 44 24 6 19 18 32 46 50 0 Role: 0
0 23 45 0 Role: 1
0 13 36 47 0 Role: 1
0 2 7 3 0 Role: 1
0 20 35 38 49 0 Role: 2
0 30 12 1 39 0 Role: 2
0 29 33 17 5 0 Role: 2
0 43 0 Role: 2
0 48 27 28 31 0 Role: 2

Số khách: 40
Chi phí: 3.22034e+06
0 40 42 3 22 15 11 37 34 26 1 6 24 20 28 29 9 17 5 12 30 31 48 33 39 0 Role: 0
0 25 14 46 47 0 Role: 1
0 50 18 19 23 0 Role: 1
0 2 7 32 0 Role: 1
0 13 49 38 44 0 Role: 1
0 43 0 Role: 1

Số khách: 39
Chi phí: 3.15961e+06
0 5 9 0 Role: 0
0 20 7 0 Role: 1
0 23 0 Role: 1
0 28 0 Role: 1
0 2 3 1 0 Role: 1
0 18 32 46 30 0 Role: 1
0 29 10 0 Role: 1
0 48 31 17 38 49 39 0 Role: 1
0 50 0 Role: 1
0 43 27 33 0 Role: 1
0 19 6 0 Role: 1
0 12 0 Role: 1
0 24 0 Role: 1
0 44 0 Role: 1
0 25 47 13 0 Role: 2
0 14 36 0 Role: 2
0 8 0 Role: 2
0 45 0 Role: 2
0 37 4 0 Role: 2

Số khách: 44
Chi phí: 3.64683e+06
0 40 42 3 22 15 11 37 34 26 1 6 24 20 28 29 9 17 5 12 30 31 48 33 39 0 Role: 0
0 25 14 46 47 0 Role: 1
0 50 18 19 23 0 Role: 1
0 2 7 32 0 Role: 1
0 13 49 38 44 0 Role: 1
0 43 27 0 Role: 1
0 36 10 4 0 Role: 2

Số khách: 39
Chi phí: 3.15961e+06
0 5 9 0 Role: 0
0 25 47 13 0 Role: 1
0 14 36 0 Role: 1
0 8 0 Role: 1
0 45 0 Role: 1
0 37 4 0 Role: 1
0 20 7 0 Role: 2
0 23 0 Role: 2
0 28 0 Role: 2
0 2 3 1 0 Role: 2
0 18 32 46 30 0 Role: 2
0 29 10 0 Role: 2
0 48 31 17 38 49 39 0 Role: 2
0 50 0 Role: 2
0 43 27 33 0 Role: 2
0 19 6 0 Role: 2
0 12 0 Role: 2
0 24 0 Role: 2
0 44 0 Role: 2

Số khách: 44
Chi phí: 3.64683e+06
0 40 42 3 22 15 11 37 34 26 1 6 24 20 28 29 9 17 5 12 30 31 48 33 39 0 Role: 0
0 36 10 4 0 Role: 1
0 25 14 46 47 0 Role: 2
0 50 18 19 23 0 Role: 2
0 2 7 32 0 Role: 2
0 13 49 38 44 0 Role: 2
0 43 27 0 Role: 2

