Số khách: 100
Chi phí: 1.72736e+07
0 72 61 11 18 59 5 45 54 20 23 4 3 22 19 9 32 53 17 12 25 26 75 47 65 62 40 27 93 76 30 71 57 51 0 Role: 0
0 89 39 10 95 13 8 35 42 36 44 99 77 21 1 84 87 96 86 28 100 29 31 60 91 38 67 0 Role: 0
0 52 66 24 85 15 90 16 92 14 37 50 64 98 48 70 49 69 41 46 6 34 88 68 63 79 83 0 Role: 0
0 58 82 73 7 55 81 97 80 0 Role: 0
0 94 0 Role: 1
0 74 0 Role: 2
0 78 33 56 2 0 Role: 2
0 43 0 Role: 2

Số khách: 39
Chi phí: 1.21698e+07
0 58 63 64 45 18 0 Role: 0
0 55 0 Role: 0
0 41 73 25 0 Role: 0
0 4 47 26 0 Role: 0
0 65 7 37 0 Role: 0
0 15 80 16 76 3 38 0 Role: 0
0 75 68 43 0 Role: 1
0 2 96 0 Role: 1
0 22 91 0 Role: 1
0 28 88 0 Role: 1
0 62 20 0 Role: 1
0 74 0 Role: 2
0 8 78 72 0 Role: 2
0 56 33 0 Role: 2
0 94 0 Role: 3

Số khách: 99
Chi phí: 1.62546e+07
0 89 77 95 35 84 36 44 74 78 86 87 98 99 18 100 12 17 6 4 20 30 19 51 40 73 71 76 25 22 26 93 57 65 0 Role: 0
0 66 52 85 90 1 92 94 2 3 5 11 49 53 32 9 43 28 37 50 64 91 63 70 82 45 27 80 67 34 68 75 0 Role: 0
0 58 42 24 10 39 69 55 59 81 31 21 29 41 97 46 47 62 48 54 83 79 60 88 0 Role: 0
0 15 13 14 61 16 7 23 0 Role: 0
0 38 96 0 Role: 1
0 72 0 Role: 1
0 56 33 0 Role: 2

Số khách: 79
Chi phí: 1.60172e+07
0 35 98 45 81 17 82 70 6 4 18 76 93 57 73 48 19 63 40 71 0 Role: 0
0 9 79 54 60 27 21 12 46 28 83 0 Role: 0
0 3 56 20 22 47 29 34 25 26 0 Role: 0
0 94 50 5 11 1 16 10 15 24 31 49 53 32 58 43 80 97 41 0 Role: 0
0 51 30 0 Role: 0
0 55 69 7 14 23 72 0 Role: 0
0 2 68 75 0 Role: 1
0 37 88 0 Role: 1
0 62 65 91 38 0 Role: 1
0 64 0 Role: 1
0 74 0 Role: 2
0 8 78 0 Role: 2
0 33 96 0 Role: 2

Số khách: 61
Chi phí: 1.44247e+07
0 47 4 80 6 51 83 73 17 12 18 57 40 19 30 65 25 76 0 Role: 0
0 1 0 Role: 0
0 5 0 Role: 0
0 9 27 7 21 14 0 Role: 0
0 15 13 10 11 8 0 Role: 0
0 31 16 23 46 29 34 71 79 63 93 0 Role: 0
0 20 96 75 0 Role: 1
0 72 26 68 28 0 Role: 1
0 62 22 3 0 Role: 1
0 38 91 0 Role: 1
0 94 37 0 Role: 2
0 33 2 0 Role: 3
0 43 0 Role: 3
0 64 0 Role: 3
0 88 0 Role: 3
0 56 78 0 Role: 4
0 74 0 Role: 4

Số khách: 49
Chi phí: 1.33174e+07
0 67 46 75 0 Role: 0
0 16 48 70 60 22 0 Role: 0
0 54 82 53 57 55 0 Role: 0
0 93 0 Role: 0
0 4 14 61 27 45 99 49 84 56 73 34 0 Role: 0
0 90 33 32 0 Role: 0
0 38 3 68 0 Role: 1
0 62 47 0 Role: 1
0 28 88 26 0 Role: 1
0 20 65 91 0 Role: 1
0 64 0 Role: 1
0 78 37 0 Role: 2
0 2 43 0 Role: 2
0 96 0 Role: 2
0 72 0 Role: 2
0 8 0 Role: 3
0 94 0 Role: 3
0 74 0 Role: 3

Số khách: 54
Chi phí: 1.40424e+07
0 72 67 5 16 85 54 42 51 2 38 58 83 40 57 45 4 91 0 Role: 0
0 49 35 78 0 Role: 0
0 88 46 71 73 60 0 Role: 0
0 19 0 Role: 0
0 28 76 50 80 63 98 17 64 65 34 20 0 Role: 0
0 68 26 29 93 0 Role: 0
0 75 96 0 Role: 1
0 3 22 0 Role: 1
0 37 0 Role: 1
0 62 43 0 Role: 1
0 47 0 Role: 1
0 56 33 0 Role: 2
0 74 0 Role: 2
0 8 0 Role: 3
0 94 0 Role: 3

Số khách: 47
Chi phí: 1.26353e+07
0 21 98 93 20 0 Role: 0
0 54 82 22 65 91 26 28 0 Role: 0
0 86 88 76 61 41 18 27 64 2 55 31 14 0 Role: 0
0 40 79 71 25 75 0 Role: 0
0 62 47 4 80 50 0 Role: 0
0 38 32 0 Role: 0
0 94 37 68 0 Role: 1
0 3 72 0 Role: 1
0 96 43 0 Role: 1
0 74 0 Role: 2
0 8 33 56 0 Role: 2
0 78 0 Role: 2

Số khách: 65
Chi phí: 1.52826e+07
0 3 37 18 12 7 17 6 19 65 25 76 71 57 73 40 51 30 0 Role: 0
0 47 4 27 45 31 21 34 46 26 63 93 83 79 0 Role: 0
0 1 0 Role: 0
0 9 5 0 Role: 0
0 10 11 13 14 0 Role: 0
0 15 16 23 29 41 48 54 60 0 Role: 0
0 94 0 Role: 1
0 75 68 43 38 0 Role: 2
0 2 96 0 Role: 2
0 22 91 0 Role: 2
0 28 88 0 Role: 2
0 62 20 0 Role: 2
0 8 33 56 0 Role: 3
0 64 0 Role: 3
0 72 0 Role: 3
0 74 0 Role: 4
0 78 0 Role: 4

Số khách: 53
Chi phí: 1.36149e+07
0 50 45 42 0 Role: 0
0 80 40 83 19 30 91 65 26 0 Role: 0
0 95 73 57 14 34 0 Role: 0
0 66 61 25 71 68 28 0 Role: 0
0 47 64 62 51 98 49 81 12 67 76 0 Role: 0
0 10 41 27 48 20 0 Role: 0
0 78 33 56 0 Role: 1
0 37 0 Role: 1
0 75 0 Role: 1
0 38 96 0 Role: 1
0 3 43 0 Role: 1
0 22 2 0 Role: 1
0 72 88 0 Role: 1
0 94 0 Role: 2
0 8 0 Role: 2
0 74 0 Role: 2

Số khách: 46
Chi phí: 1.22699e+07
0 82 35 98 81 45 70 4 0 Role: 0
0 3 56 20 22 47 29 34 25 26 0 Role: 0
0 50 94 0 Role: 0
0 27 12 46 28 0 Role: 0
0 67 51 30 0 Role: 0
0 63 6 71 93 0 Role: 0
0 2 68 75 0 Role: 1
0 37 88 0 Role: 1
0 62 65 91 38 0 Role: 1
0 64 0 Role: 1
0 96 43 0 Role: 2
0 72 0 Role: 2
0 74 0 Role: 3
0 8 78 0 Role: 3
0 33 0 Role: 3

Số khách: 77
Chi phí: 1.57558e+07
0 65 45 57 55 81 12 46 88 28 49 40 19 20 22 3 4 25 76 27 26 62 75 68 0 Role: 0
0 38 13 15 31 16 14 23 29 41 91 0 Role: 0
0 54 17 73 48 83 51 60 47 67 0 Role: 0
0 74 30 63 79 6 71 21 34 18 93 0 Role: 0
0 5 43 9 58 32 53 82 69 7 97 50 37 64 70 80 0 Role: 0
0 1 10 0 Role: 0
0 8 78 2 0 Role: 1
0 56 33 96 0 Role: 1
0 72 0 Role: 2
0 94 0 Role: 2

Số khách: 75
Chi phí: 1.55417e+07
0 3 4 18 25 41 12 17 73 6 19 30 20 22 76 71 57 40 51 0 Role: 0
0 9 42 35 49 36 39 21 16 11 37 50 43 91 60 48 54 45 67 46 0 Role: 0
0 94 14 5 27 1 7 31 23 29 34 63 79 83 93 0 Role: 0
0 10 0 Role: 0
0 13 15 24 32 0 Role: 0
0 44 0 Role: 0
0 62 8 75 0 Role: 1
0 78 33 2 0 Role: 1
0 47 64 0 Role: 1
0 72 68 28 0 Role: 1
0 88 26 0 Role: 1
0 38 65 0 Role: 1
0 56 96 0 Role: 2
0 74 0 Role: 3

Số khách: 71
Chi phí: 1.54793e+07
0 3 2 9 32 53 45 7 12 4 18 27 40 30 20 22 28 26 25 34 51 73 57 93 65 0 Role: 0
0 38 47 5 14 11 31 16 23 29 48 63 60 75 68 88 76 0 Role: 0
0 62 56 91 70 79 83 17 67 46 0 Role: 0
0 64 54 49 71 81 21 41 97 50 80 0 Role: 0
0 82 6 19 0 Role: 0
0 1 0 Role: 0
0 74 0 Role: 1
0 94 0 Role: 1
0 8 33 43 0 Role: 1
0 72 0 Role: 2
0 78 96 0 Role: 2

Số khách: 69
Chi phí: 1.53818e+07
0 91 19 63 6 64 18 67 21 34 71 79 93 0 Role: 0
0 65 45 57 55 81 12 46 88 28 49 54 48 40 60 3 4 25 76 27 0 Role: 0
0 74 70 30 0 Role: 0
0 80 17 73 83 51 47 0 Role: 0
0 13 14 15 16 23 29 31 41 0 Role: 0
0 1 5 7 9 0 Role: 0
0 8 78 2 0 Role: 1
0 56 33 43 0 Role: 1
0 20 96 75 0 Role: 2
0 72 26 68 0 Role: 2
0 62 22 0 Role: 2
0 38 0 Role: 2
0 94 37 0 Role: 3

Số khách: 66
Chi phí: 1.52912e+07
0 43 5 32 9 30 6 18 21 34 63 93 71 79 51 0 Role: 0
0 64 67 41 29 31 54 48 19 91 60 17 47 83 0 Role: 0
0 65 45 57 55 81 12 46 88 28 49 27 76 25 3 4 40 0 Role: 0
0 1 7 14 23 37 0 Role: 0
0 8 0 Role: 0
0 10 11 0 Role: 0
0 20 96 75 0 Role: 1
0 72 26 68 0 Role: 1
0 62 22 0 Role: 1
0 38 0 Role: 1
0 2 33 56 0 Role: 2
0 78 0 Role: 2
0 74 0 Role: 3
0 94 0 Role: 3

Số khách: 100
Chi phí: 1.85008e+07
0 35 58 42 53 44 36 39 55 56 59 61 72 75 98 84 82 69 99 80 5 31 7 70 9 91 64 29 0 Role: 0
0 15 89 90 10 16 1 11 23 14 32 38 37 50 67 41 49 54 48 83 88 68 47 62 79 27 45 21 34 46 0 Role: 0
0 4 18 81 12 97 25 6 60 3 17 57 40 63 51 19 30 65 71 93 20 22 26 76 73 0 Role: 0
0 95 77 85 52 66 24 87 33 43 86 100 0 Role: 0
0 13 92 0 Role: 0
0 94 28 0 Role: 1
0 2 96 0 Role: 1
0 74 0 Role: 2
0 78 8 0 Role: 2

Số khách: 26
Chi phí: 3.35806e+06
0 80 0 Role: 0
0 33 43 38 0 Role: 1
0 62 20 65 3 0 Role: 1
0 64 47 75 0 Role: 1
0 96 91 0 Role: 1
0 88 28 68 0 Role: 1
0 26 0 Role: 1
0 37 0 Role: 1
0 22 0 Role: 1
0 72 78 8 0 Role: 2
0 56 2 0 Role: 2
0 74 0 Role: 2
0 94 0 Role: 3

Số khách: 74
Chi phí: 1.01482e+07
0 5 13 24 9 35 1 7 21 14 27 79 83 31 29 34 46 0 Role: 0
0 15 89 90 10 16 41 23 11 32 48 53 54 49 12 67 50 4 60 6 17 73 40 51 19 30 25 18 71 57 45 63 76 93 0 Role: 0
0 33 43 38 0 Role: 1
0 62 20 65 3 0 Role: 1
0 64 47 75 0 Role: 1
0 96 91 0 Role: 1
0 88 28 68 0 Role: 1
0 26 0 Role: 1
0 37 0 Role: 1
0 22 0 Role: 1
0 72 78 8 0 Role: 2
0 56 2 0 Role: 2
0 74 0 Role: 2
0 94 0 Role: 3

Số khách: 96
Chi phí: 1.4725e+07
0 35 58 42 53 44 36 39 55 56 59 61 72 75 98 84 82 69 99 80 5 63 9 70 7 31 29 64 60 91 71 73 93 0 Role: 0
0 15 89 90 10 16 1 11 23 14 32 38 37 50 67 41 49 54 48 83 88 68 47 62 79 27 45 21 34 46 0 Role: 0
0 95 77 85 52 66 24 87 33 43 86 3 4 18 100 12 17 6 19 20 22 30 51 40 57 76 25 26 65 0 Role: 0
0 94 28 0 Role: 1
0 2 96 0 Role: 1
0 74 0 Role: 2
0 78 8 0 Role: 2

Số khách: 79
Chi phí: 1.17929e+07
0 4 5 80 18 1 12 17 6 19 25 76 71 57 73 40 51 30 0 Role: 0
0 86 9 85 87 98 84 99 7 100 14 63 79 27 45 31 21 29 34 46 83 93 0 Role: 0
0 15 89 90 10 16 41 23 11 32 48 53 54 49 67 50 60 0 Role: 0
0 94 0 Role: 1
0 33 43 38 0 Role: 2
0 62 20 65 3 0 Role: 2
0 64 47 75 0 Role: 2
0 96 91 0 Role: 2
0 88 28 68 0 Role: 2
0 26 0 Role: 2
0 37 0 Role: 2
0 22 0 Role: 2
0 72 78 8 0 Role: 3
0 56 2 0 Role: 3
0 74 0 Role: 3

Số khách: 60
Chi phí: 8.4673e+06
0 4 5 80 18 1 12 17 6 19 25 76 71 57 73 40 51 30 63 79 83 93 0 Role: 0
0 15 89 90 10 16 41 23 11 32 48 53 54 49 67 50 60 21 27 34 45 46 0 Role: 0
0 33 43 38 0 Role: 1
0 62 20 65 3 0 Role: 1
0 64 47 75 0 Role: 1
0 96 91 0 Role: 1
0 88 28 68 0 Role: 1
0 26 0 Role: 1
0 37 0 Role: 1
0 22 0 Role: 1

Số khách: 88
Chi phí: 1.4151e+07
0 3 66 52 12 77 85 87 6 4 17 18 25 26 22 20 30 19 51 40 57 76 65 0 Role: 0
0 15 89 90 10 16 1 11 23 14 32 38 37 50 67 41 49 54 48 83 88 68 47 62 79 27 45 21 34 46 0 Role: 0
0 35 58 42 53 44 36 39 55 56 59 61 72 75 98 84 82 69 99 80 5 63 9 70 7 31 29 64 60 91 71 73 93 0 Role: 0
0 74 0 Role: 1
0 8 78 2 28 0 Role: 1

Số khách: 82
Chi phí: 1.19462e+07
0 15 89 90 10 16 1 11 23 14 32 38 37 50 67 41 49 54 48 83 88 68 47 62 79 27 45 21 34 46 4 22 20 19 51 40 57 12 25 18 0 Role: 0
0 35 58 42 53 44 36 39 55 56 59 61 72 75 98 84 82 69 99 80 5 63 9 70 7 31 29 64 60 91 71 17 73 30 65 26 76 93 0 Role: 0
0 3 74 0 Role: 1
0 8 78 2 28 0 Role: 1

Số khách: 97
Chi phí: 1.62516e+07
0 95 77 85 52 66 24 87 33 43 86 3 4 18 100 12 17 6 19 20 22 30 51 40 57 76 25 26 65 0 Role: 0
0 35 58 42 53 44 36 39 55 56 59 61 72 75 98 84 82 69 99 80 5 63 9 70 7 31 29 64 60 91 71 73 93 0 Role: 0
0 15 89 90 10 16 1 11 23 14 32 38 37 50 67 41 49 54 48 83 88 68 47 62 79 27 45 21 34 46 0 Role: 0
0 13 0 Role: 0
0 94 28 0 Role: 1
0 2 96 0 Role: 1
0 74 0 Role: 2
0 78 8 0 Role: 2

Số khách: 84
Chi phí: 1.32429e+07
0 35 58 42 53 44 36 39 55 56 59 61 72 75 98 84 82 69 99 80 5 31 7 70 9 91 64 29 3 4 6 12 17 18 19 20 22 25 26 30 40 51 57 73 0 Role: 0
0 15 89 90 10 16 1 11 23 14 32 38 88 37 50 67 41 49 54 48 68 47 62 63 79 27 45 21 34 46 71 93 76 65 0 Role: 0
0 94 28 0 Role: 1
0 2 96 43 0 Role: 1
0 74 0 Role: 2
0 78 8 0 Role: 2

Số khách: 32
Chi phí: 4.06563e+06
0 3 4 5 18 1 12 17 6 19 20 30 51 40 57 76 25 26 65 22 0 Role: 0
0 28 68 37 75 0 Role: 1
0 62 43 91 0 Role: 1
0 88 0 Role: 1
0 74 0 Role: 2
0 78 8 2 38 0 Role: 2

Số khách: 65
Chi phí: 8.95924e+06
0 94 11 13 15 54 39 10 16 23 32 48 45 41 50 60 67 34 21 27 46 63 79 83 93 0 Role: 0
0 4 5 80 18 1 12 17 6 19 25 76 71 57 73 40 51 30 0 Role: 0
0 72 78 8 0 Role: 1
0 56 2 0 Role: 1
0 74 0 Role: 1
0 33 43 38 0 Role: 2
0 62 20 65 3 0 Role: 2
0 64 47 75 0 Role: 2
0 96 91 0 Role: 2
0 88 28 68 0 Role: 2
0 26 0 Role: 2
0 37 0 Role: 2
0 22 0 Role: 2

Số khách: 99
Chi phí: 1.79229e+07
0 35 58 42 53 44 36 39 55 56 59 61 72 75 98 84 82 69 99 80 5 63 9 70 7 31 29 64 60 91 71 73 19 20 22 4 18 25 12 93 26 57 40 51 0 Role: 0
0 86 24 13 92 100 33 43 81 97 3 76 17 6 30 65 0 Role: 0
0 15 89 90 10 16 1 11 23 14 32 38 37 50 67 41 49 54 48 83 88 68 47 62 79 27 45 21 34 46 0 Role: 0
0 52 66 77 85 87 0 Role: 0
0 74 0 Role: 1
0 8 78 0 Role: 1
0 94 28 0 Role: 2
0 2 96 0 Role: 2

Số khách: 98
Chi phí: 1.6753e+07
0 95 77 85 52 66 24 87 33 43 86 3 4 18 100 12 17 6 19 20 22 30 51 40 57 76 25 26 65 0 Role: 0
0 15 89 90 10 16 1 11 23 14 32 38 37 50 67 41 49 54 48 83 88 68 47 62 79 27 45 21 34 46 63 71 93 73 0 Role: 0
0 35 58 42 53 44 36 39 55 56 59 61 72 75 98 84 82 69 99 80 5 64 9 70 7 31 29 91 60 0 Role: 0
0 13 81 97 0 Role: 0
0 74 0 Role: 1
0 78 8 0 Role: 1
0 94 28 0 Role: 2
0 96 0 Role: 2

Số khách: 38
Chi phí: 4.3937e+06
0 4 5 1 12 25 18 80 6 19 76 71 57 73 40 79 83 51 30 63 93 0 Role: 0
0 33 43 38 0 Role: 1
0 62 20 65 3 0 Role: 1
0 64 47 75 0 Role: 1
0 96 91 0 Role: 1
0 28 88 68 0 Role: 1
0 26 0 Role: 1
0 37 0 Role: 1
0 22 0 Role: 1

Số khách: 29
Chi phí: 3.9552e+06
0 4 5 18 14 1 12 7 17 6 19 30 20 22 26 25 71 57 40 51 73 93 0 Role: 0
0 38 2 65 91 3 75 0 Role: 1
0 47 64 0 Role: 1

Số khách: 58
Chi phí: 7.03495e+06
0 15 89 90 10 16 41 23 11 32 48 53 54 49 12 67 50 4 60 6 17 73 40 51 19 30 25 18 71 57 45 63 76 93 0 Role: 0
0 8 78 72 0 Role: 1
0 56 2 0 Role: 1
0 74 0 Role: 1
0 94 0 Role: 2
0 33 43 38 0 Role: 3
0 62 20 65 3 0 Role: 3
0 64 47 75 0 Role: 3
0 96 91 0 Role: 3
0 88 28 68 0 Role: 3
0 26 0 Role: 3
0 37 0 Role: 3
0 22 0 Role: 3

Số khách: 68
Chi phí: 1.0015e+07
0 78 66 84 77 61 74 56 33 96 98 58 9 43 38 80 41 55 82 70 48 54 6 18 12 67 4 60 91 19 30 20 22 25 71 57 73 40 51 0 Role: 0
0 5 13 1 92 14 2 27 7 21 28 47 65 62 63 45 31 29 34 46 76 93 0 Role: 0
0 3 26 75 0 Role: 1
0 37 88 68 0 Role: 1
0 8 64 0 Role: 2
0 72 0 Role: 2

Số khách: 46
Chi phí: 5.38078e+06
0 5 13 24 9 35 1 7 21 14 27 31 29 12 34 46 18 4 79 83 19 25 76 93 71 57 73 40 51 0 Role: 0
0 33 43 38 0 Role: 1
0 62 20 65 3 0 Role: 1
0 64 47 75 0 Role: 1
0 96 91 0 Role: 1
0 88 28 68 0 Role: 1
0 26 0 Role: 1
0 37 0 Role: 1
0 22 0 Role: 1

Số khách: 66
Chi phí: 9.44744e+06
0 94 11 13 15 54 39 10 16 23 48 53 4 50 67 41 12 17 60 6 73 57 71 34 25 18 30 19 51 40 63 76 93 0 Role: 0
0 1 5 7 9 14 21 27 29 31 45 0 Role: 0
0 72 78 8 0 Role: 1
0 56 2 0 Role: 1
0 74 0 Role: 1
0 33 43 38 0 Role: 2
0 62 20 65 3 0 Role: 2
0 64 47 75 0 Role: 2
0 96 91 0 Role: 2
0 88 28 68 0 Role: 2
0 26 0 Role: 2
0 37 0 Role: 2
0 22 0 Role: 2

Số khách: 49
Chi phí: 5.77311e+06
0 5 13 24 9 35 1 7 21 14 27 31 29 12 34 46 18 4 79 83 19 25 76 93 71 57 73 40 51 0 Role: 0
0 33 43 38 0 Role: 1
0 62 20 65 3 0 Role: 1
0 64 47 75 0 Role: 1
0 96 91 0 Role: 1
0 88 28 68 0 Role: 1
0 26 0 Role: 1
0 37 0 Role: 1
0 22 0 Role: 1
0 2 56 78 0 Role: 2

Số khách: 86
Chi phí: 1.36516e+07
0 4 18 81 12 97 25 6 60 3 17 57 40 63 51 19 30 65 71 93 20 22 26 76 73 0 Role: 0
0 15 89 90 10 16 1 11 23 14 32 38 37 50 67 41 49 54 48 83 88 68 47 62 79 27 45 21 34 46 0 Role: 0
0 35 58 42 53 44 36 39 55 56 59 61 72 75 98 84 82 69 99 80 5 64 9 70 7 31 29 28 91 0 Role: 0
0 74 0 Role: 1
0 8 78 43 2 0 Role: 1

Số khách: 67
Chi phí: 9.8972e+06
0 78 66 84 77 61 74 56 33 96 98 58 9 43 20 80 55 7 82 70 21 45 27 63 62 65 22 47 46 34 76 93 0 Role: 0
0 15 89 90 10 16 41 23 11 32 48 53 54 49 12 67 50 4 60 6 17 73 40 51 19 30 25 18 71 57 79 83 0 Role: 0
0 3 26 0 Role: 1
0 28 88 37 0 Role: 1

Số khách: 57
Chi phí: 6.64044e+06
0 15 89 90 10 16 41 23 11 32 48 53 54 49 12 67 50 4 60 6 17 73 40 51 19 30 25 18 71 57 45 63 76 93 0 Role: 0
0 72 78 8 0 Role: 1
0 56 2 0 Role: 1
0 74 0 Role: 1
0 33 43 38 0 Role: 2
0 62 20 65 3 0 Role: 2
0 64 47 75 0 Role: 2
0 96 91 0 Role: 2
0 88 28 68 0 Role: 2
0 26 0 Role: 2
0 37 0 Role: 2
0 22 0 Role: 2

Số khách: 52
Chi phí: 6.26792e+06
0 5 13 24 9 35 1 7 21 14 27 31 29 12 34 46 18 4 79 83 19 25 76 93 71 57 73 40 51 0 Role: 0
0 2 56 78 0 Role: 1
0 72 0 Role: 1
0 33 43 38 0 Role: 2
0 62 20 65 3 0 Role: 2
0 64 47 75 0 Role: 2
0 96 91 0 Role: 2
0 88 28 68 0 Role: 2
0 26 0 Role: 2
0 37 0 Role: 2
0 22 0 Role: 2
0 8 0 Role: 3
0 74 0 Role: 3

Số khách: 51
Chi phí: 5.87314e+06
0 5 13 24 9 35 1 7 21 14 27 31 29 12 34 46 18 4 79 83 19 25 76 93 71 57 73 40 51 0 Role: 0
0 8 78 56 2 0 Role: 1
0 74 0 Role: 1
0 33 43 38 0 Role: 2
0 62 20 65 3 0 Role: 2
0 64 47 75 0 Role: 2
0 96 91 0 Role: 2
0 88 28 68 0 Role: 2
0 26 0 Role: 2
0 37 0 Role: 2
0 22 0 Role: 2

Số khách: 85
Chi phí: 1.36328e+07
0 85 77 10 100 99 84 87 98 86 55 80 68 3 62 82 58 30 70 17 0 Role: 0
0 9 54 15 39 1 11 5 14 94 16 23 46 63 27 45 31 21 29 34 75 88 0 Role: 0
0 8 13 44 52 35 24 66 74 72 28 43 32 48 53 49 41 50 37 60 67 4 22 20 19 83 79 6 18 12 25 26 51 40 73 57 71 93 76 0 Role: 0
0 38 2 91 0 Role: 1
0 47 64 0 Role: 1
0 33 78 0 Role: 2

Số khách: 39
Chi phí: 4.57538e+06
0 4 5 80 18 1 12 17 6 19 25 76 71 57 73 40 79 51 30 63 83 93 0 Role: 0
0 33 43 38 0 Role: 1
0 62 20 65 3 0 Role: 1
0 64 47 75 0 Role: 1
0 96 91 0 Role: 1
0 28 88 68 0 Role: 1
0 26 0 Role: 1
0 37 0 Role: 1
0 22 0 Role: 1

Số khách: 40
Chi phí: 4.7811e+06
0 4 5 1 12 25 18 80 6 19 76 71 57 73 40 79 83 51 30 63 93 0 Role: 0
0 2 56 78 0 Role: 1
0 33 43 38 0 Role: 2
0 3 65 20 0 Role: 2
0 64 47 75 0 Role: 2
0 96 91 0 Role: 2
0 28 88 68 0 Role: 2
0 26 0 Role: 2
0 37 0 Role: 2
0 22 0 Role: 2

Số khách: 42
Chi phí: 4.86662e+06
0 4 5 1 12 25 18 80 6 19 76 71 57 73 40 79 83 51 30 63 93 0 Role: 0
0 33 43 38 0 Role: 1
0 62 20 65 3 0 Role: 1
0 64 47 75 0 Role: 1
0 96 91 0 Role: 1
0 28 88 68 0 Role: 1
0 26 0 Role: 1
0 37 0 Role: 1
0 22 0 Role: 1
0 2 56 78 0 Role: 2
0 72 0 Role: 2

Số khách: 58
Chi phí: 7.03495e+06
0 15 89 90 10 16 41 23 11 32 48 53 54 49 12 67 50 4 60 6 17 73 40 51 19 30 25 18 71 57 45 63 76 93 0 Role: 0
0 8 78 72 0 Role: 1
0 56 2 0 Role: 1
0 74 0 Role: 1
0 33 43 38 0 Role: 2
0 62 20 65 3 0 Role: 2
0 64 47 75 0 Role: 2
0 96 91 0 Role: 2
0 88 28 68 0 Role: 2
0 26 0 Role: 2
0 37 0 Role: 2
0 22 0 Role: 2
0 94 0 Role: 3

Số khách: 54
Chi phí: 6.43707e+06
0 15 89 90 10 16 41 23 11 32 48 53 54 49 12 67 50 4 60 6 17 73 40 51 19 30 25 18 71 57 45 63 76 93 0 Role: 0
0 38 43 2 0 Role: 1
0 62 20 65 3 0 Role: 1
0 64 47 75 0 Role: 1
0 96 91 0 Role: 1
0 88 28 68 0 Role: 1
0 26 0 Role: 1
0 37 0 Role: 1
0 22 0 Role: 1
0 8 33 56 0 Role: 2

Số khách: 43
Chi phí: 4.99568e+06
0 5 13 24 9 35 1 7 21 14 27 31 29 12 34 46 18 4 79 83 19 51 40 73 57 25 0 Role: 0
0 33 43 38 0 Role: 1
0 62 20 65 3 0 Role: 1
0 64 47 75 0 Role: 1
0 96 91 0 Role: 1
0 88 28 68 0 Role: 1
0 26 0 Role: 1
0 37 0 Role: 1
0 22 0 Role: 1

Số khách: 44
Chi phí: 5.04351e+06
0 4 5 80 18 1 12 17 6 19 25 76 71 57 73 40 79 83 51 30 93 0 Role: 0
0 33 43 38 0 Role: 1
0 62 20 65 3 0 Role: 1
0 64 47 75 0 Role: 1
0 96 91 0 Role: 1
0 88 28 68 0 Role: 1
0 26 0 Role: 1
0 37 0 Role: 1
0 22 0 Role: 1
0 72 78 8 0 Role: 2
0 56 2 0 Role: 2
0 74 0 Role: 2

Số khách: 53
Chi phí: 6.32222e+06
0 94 11 13 15 54 39 10 16 23 48 53 4 50 67 41 12 17 60 6 73 57 71 34 25 18 30 19 51 40 63 76 93 0 Role: 0
0 33 43 38 0 Role: 1
0 62 20 65 3 0 Role: 1
0 64 47 75 0 Role: 1
0 96 91 0 Role: 1
0 88 28 68 0 Role: 1
0 26 0 Role: 1
0 37 0 Role: 1
0 22 0 Role: 1
0 2 56 78 0 Role: 2

Số khách: 56
Chi phí: 6.51964e+06
0 94 11 13 15 54 39 10 16 23 48 53 4 50 67 41 12 17 60 6 73 57 71 34 25 18 30 19 51 40 63 76 93 0 Role: 0
0 33 43 38 0 Role: 1
0 62 20 65 3 0 Role: 1
0 64 47 75 0 Role: 1
0 96 91 0 Role: 1
0 88 28 68 0 Role: 1
0 26 0 Role: 1
0 37 0 Role: 1
0 22 0 Role: 1
0 72 78 8 0 Role: 2
0 56 2 0 Role: 2
0 74 0 Role: 2

Số khách: 50
Chi phí: 5.8537e+06
0 5 13 24 9 35 1 7 21 14 27 31 29 12 34 46 18 4 79 83 19 25 76 93 71 57 73 40 51 0 Role: 0
0 33 43 38 0 Role: 1
0 62 20 65 3 0 Role: 1
0 64 47 75 0 Role: 1
0 96 91 0 Role: 1
0 88 28 68 0 Role: 1
0 26 0 Role: 1
0 37 0 Role: 1
0 22 0 Role: 1
0 2 56 78 0 Role: 2
0 72 0 Role: 2

Số khách: 41
Chi phí: 4.78603e+06
0 4 5 1 12 25 18 80 6 19 76 71 57 73 40 79 83 51 30 63 93 0 Role: 0
0 33 43 38 0 Role: 1
0 62 20 65 3 0 Role: 1
0 64 47 75 0 Role: 1
0 96 91 0 Role: 1
0 28 88 68 0 Role: 1
0 26 0 Role: 1
0 37 0 Role: 1
0 22 0 Role: 1
0 2 56 78 0 Role: 2

Số khách: 55
Chi phí: 6.50235e+06
0 94 11 13 15 54 39 10 16 23 48 53 4 50 67 41 12 17 60 6 73 57 71 34 25 18 30 19 51 40 63 76 93 0 Role: 0
0 33 43 38 0 Role: 1
0 62 20 65 3 0 Role: 1
0 64 47 75 0 Role: 1
0 96 91 0 Role: 1
0 88 28 68 0 Role: 1
0 26 0 Role: 1
0 37 0 Role: 1
0 22 0 Role: 1
0 72 78 8 0 Role: 2
0 2 0 Role: 2
0 74 0 Role: 2

Số khách: 45
Chi phí: 5.16982e+06
0 4 5 80 18 1 12 17 6 19 25 76 71 57 73 40 79 51 30 63 83 93 0 Role: 0
0 72 78 8 0 Role: 1
0 56 2 0 Role: 1
0 74 0 Role: 1
0 33 43 38 0 Role: 2
0 62 20 65 3 0 Role: 2
0 64 47 75 0 Role: 2
0 96 91 0 Role: 2
0 88 28 68 0 Role: 2
0 26 0 Role: 2
0 37 0 Role: 2
0 22 0 Role: 2

Số khách: 45
Chi phí: 5.16982e+06
0 4 5 80 18 1 12 17 6 19 25 76 71 57 73 40 79 51 30 63 83 93 0 Role: 0
0 33 43 38 0 Role: 1
0 62 20 65 3 0 Role: 1
0 64 47 75 0 Role: 1
0 96 91 0 Role: 1
0 88 28 68 0 Role: 1
0 26 0 Role: 1
0 37 0 Role: 1
0 22 0 Role: 1
0 72 78 8 0 Role: 2
0 56 2 0 Role: 2
0 74 0 Role: 2

