Số khách: 100
Chi phí: 2.40209e+07
0 16 18 32 81 82 88 6 9 17 34 50 56 71 75 0 Role: 0
0 47 48 58 84 87 89 90 94 96 97 5 7 28 37 52 63 92 14 23 24 35 45 49 59 64 79 93 95 0 Role: 0
0 19 41 43 44 46 55 61 74 78 80 68 72 91 8 10 13 33 57 67 21 0 Role: 0
0 12 66 70 76 25 26 27 29 30 31 40 83 2 20 77 4 53 60 86 100 0 Role: 0
0 11 15 0 Role: 0
0 54 0 Role: 0
0 73 0 Role: 1
0 85 0 Role: 1
0 1 38 39 3 0 Role: 2
0 22 42 51 0 Role: 2
0 62 99 36 0 Role: 2
0 69 65 0 Role: 2
0 98 0 Role: 3

Số khách: 19
Chi phí: 3.70395e+06
0 72 69 91 92 20 24 45 86 8 13 21 67 95 93 0 Role: 0
0 1 3 14 36 39 0 Role: 1

Số khách: 83
Chi phí: 1.72473e+07
0 12 15 16 18 20 26 31 34 37 55 56 72 75 77 80 87 91 52 60 64 86 93 100 0 Role: 0
0 50 90 11 32 43 47 58 62 69 78 81 84 94 96 97 2 8 10 13 24 33 35 45 49 57 59 67 79 95 0 Role: 0
0 6 7 9 17 28 61 63 74 92 0 Role: 0
0 1 53 3 0 Role: 1
0 4 0 Role: 1
0 23 14 21 0 Role: 1
0 68 0 Role: 1
0 98 82 0 Role: 2
0 73 0 Role: 2
0 51 42 22 0 Role: 2
0 85 83 0 Role: 2
0 99 36 39 0 Role: 3
0 71 38 0 Role: 4
0 65 0 Role: 4

Số khách: 88
Chi phí: 1.88265e+07
0 70 11 15 16 18 25 26 27 30 31 40 41 44 46 84 89 90 96 97 34 37 50 56 77 2 4 13 24 33 49 57 59 67 93 95 0 Role: 0
0 29 94 7 8 10 23 28 45 61 63 72 86 100 64 79 0 Role: 0
0 54 5 6 9 17 20 52 55 74 75 78 80 91 0 Role: 0
0 42 51 99 0 Role: 1
0 82 0 Role: 1
0 98 0 Role: 2
0 85 0 Role: 2
0 1 0 Role: 2
0 73 62 0 Role: 3
0 36 39 22 0 Role: 3
0 69 0 Role: 3
0 38 0 Role: 3
0 68 53 81 0 Role: 4
0 71 21 0 Role: 4
0 3 35 0 Role: 4
0 83 0 Role: 4
0 14 65 60 0 Role: 4

Số khách: 80
Chi phí: 1.5788e+07
0 12 15 16 18 20 23 25 26 27 29 31 41 52 55 63 65 72 80 96 8 10 13 24 33 45 57 59 64 67 95 0 Role: 0
0 2 61 74 75 68 77 79 86 93 100 0 Role: 0
0 11 30 32 40 5 7 9 17 28 34 37 50 56 87 91 92 0 Role: 0
0 73 82 71 0 Role: 1
0 85 0 Role: 1
0 98 62 0 Role: 2
0 38 3 1 36 39 0 Role: 3
0 51 21 14 0 Role: 3
0 83 53 81 0 Role: 3
0 4 49 35 0 Role: 3
0 60 0 Role: 3
0 22 42 99 0 Role: 4

Số khách: 74
Chi phí: 1.55256e+07
0 12 16 18 15 32 36 39 81 82 2 20 75 77 86 100 4 0 Role: 0
0 47 48 58 84 87 89 90 94 96 97 5 7 28 37 52 63 92 14 23 24 35 45 49 59 64 79 93 95 0 Role: 0
0 19 41 43 44 46 55 61 74 78 80 68 72 91 8 10 13 33 57 67 21 0 Role: 0
0 1 38 3 0 Role: 1
0 22 42 51 0 Role: 1
0 99 62 0 Role: 1
0 69 65 0 Role: 1

Số khách: 73
Chi phí: 1.38501e+07
0 12 15 16 18 20 26 31 34 37 55 56 72 77 80 87 91 52 60 64 86 93 100 0 Role: 0
0 50 90 11 32 43 47 58 62 69 78 81 84 94 96 97 2 8 10 13 24 33 35 45 49 57 59 67 79 95 0 Role: 0
0 1 53 3 0 Role: 1
0 4 0 Role: 1
0 23 14 21 0 Role: 1
0 68 0 Role: 1
0 99 36 39 0 Role: 2
0 71 38 0 Role: 3
0 65 0 Role: 3
0 98 82 0 Role: 4
0 73 0 Role: 4
0 51 42 22 0 Role: 4
0 85 83 0 Role: 4

Số khách: 91
Chi phí: 2.08148e+07
0 32 5 6 7 9 17 28 34 37 50 56 61 75 77 91 10 86 100 0 Role: 0
0 12 15 16 18 20 23 25 26 27 29 31 41 52 55 63 65 72 80 96 0 Role: 0
0 74 22 2 8 13 24 33 45 57 59 64 67 79 93 95 0 Role: 0
0 11 43 44 87 94 46 71 78 84 89 90 92 97 0 Role: 0
0 19 30 40 0 Role: 0
0 38 3 1 36 39 0 Role: 1
0 51 99 21 14 0 Role: 1
0 83 53 81 0 Role: 1
0 4 49 35 0 Role: 1
0 60 0 Role: 1
0 62 0 Role: 2
0 42 0 Role: 3
0 69 68 0 Role: 3
0 73 82 0 Role: 4
0 85 0 Role: 4

Số khách: 68
Chi phí: 1.25454e+07
0 11 43 44 87 94 46 71 78 89 90 92 97 2 8 13 23 24 33 45 57 59 64 67 79 95 0 Role: 0
0 32 5 6 7 9 17 28 34 37 50 56 61 75 77 91 10 86 100 93 0 Role: 0
0 38 3 1 36 39 0 Role: 1
0 51 99 21 14 0 Role: 1
0 83 53 81 0 Role: 1
0 4 49 35 0 Role: 1
0 60 0 Role: 1
0 42 22 0 Role: 2
0 69 68 0 Role: 2
0 62 0 Role: 3
0 73 82 0 Role: 4
0 85 0 Role: 4

Số khách: 99
Chi phí: 2.32394e+07
0 11 15 16 18 32 82 88 3 4 53 60 0 Role: 0
0 47 48 58 84 87 89 90 94 96 97 5 7 28 37 52 63 92 14 23 24 35 45 49 59 64 79 93 95 0 Role: 0
0 19 41 43 44 46 55 61 74 78 80 68 72 91 8 10 13 33 57 67 21 0 Role: 0
0 12 66 70 76 25 26 27 29 30 31 40 83 0 Role: 0
0 6 9 17 34 50 56 71 2 20 75 77 86 100 0 Role: 0
0 73 81 0 Role: 1
0 85 0 Role: 1
0 1 38 39 0 Role: 2
0 22 42 51 0 Role: 2
0 62 99 36 0 Role: 2
0 69 65 0 Role: 2
0 98 0 Role: 3

Số khách: 56
Chi phí: 1.01276e+07
0 8 59 2 10 13 24 33 45 57 64 67 79 93 95 0 Role: 0
0 5 6 7 9 17 20 28 34 37 50 52 61 63 72 0 Role: 0
0 42 38 0 Role: 1
0 62 99 0 Role: 1
0 68 0 Role: 1
0 85 0 Role: 2
0 98 0 Role: 3
0 69 1 0 Role: 3
0 73 82 0 Role: 3
0 83 0 Role: 3
0 60 0 Role: 3
0 51 21 0 Role: 4
0 22 23 36 3 0 Role: 4
0 71 81 0 Role: 4
0 39 65 14 0 Role: 4
0 49 4 0 Role: 4
0 53 35 0 Role: 4

Số khách: 65
Chi phí: 1.14388e+07
0 12 15 16 18 20 23 25 26 27 29 31 41 52 55 63 65 72 80 96 8 10 13 24 33 45 57 59 64 67 95 0 Role: 0
0 2 61 74 75 77 79 86 93 100 0 Role: 0
0 42 22 0 Role: 1
0 69 68 0 Role: 1
0 73 82 71 0 Role: 2
0 85 0 Role: 2
0 38 3 1 36 39 0 Role: 3
0 51 21 14 0 Role: 3
0 83 53 81 0 Role: 3
0 4 49 35 0 Role: 3
0 60 0 Role: 3
0 62 99 0 Role: 4
0 98 0 Role: 5

Số khách: 55
Chi phí: 8.17143e+06
0 1 11 15 16 18 25 26 27 29 30 31 34 37 41 44 46 50 52 2 8 10 13 24 33 45 57 59 64 67 79 95 21 0 Role: 0
0 51 99 39 3 14 36 0 Role: 1
0 69 65 0 Role: 1
0 42 22 0 Role: 2
0 73 82 71 0 Role: 2
0 98 38 23 0 Role: 3
0 49 81 53 0 Role: 3
0 68 0 Role: 3
0 60 0 Role: 3
0 35 4 0 Role: 3

Số khách: 90
Chi phí: 1.99319e+07
0 47 48 58 84 87 89 90 94 96 97 5 7 28 37 52 63 92 14 23 24 35 45 49 59 64 79 93 95 0 Role: 0
0 11 15 16 18 32 82 88 3 4 53 60 75 86 100 0 Role: 0
0 12 66 70 76 25 26 27 29 30 31 40 83 2 20 77 0 Role: 0
0 19 41 43 44 46 55 61 74 78 80 68 72 91 8 10 13 33 57 67 21 0 Role: 0
0 1 38 39 0 Role: 1
0 22 42 51 0 Role: 1
0 62 99 36 0 Role: 1
0 69 65 0 Role: 1
0 98 71 0 Role: 2

Số khách: 72
Chi phí: 1.26902e+07
0 11 43 44 87 94 46 71 78 84 89 90 92 97 2 8 10 13 24 33 45 57 59 64 67 79 95 0 Role: 0
0 12 15 16 18 20 23 25 26 27 29 31 41 52 55 63 65 72 80 96 75 77 86 91 93 100 0 Role: 0
0 42 22 0 Role: 1
0 69 68 0 Role: 1
0 62 0 Role: 2
0 38 3 1 36 39 0 Role: 3
0 51 99 21 14 0 Role: 3
0 83 53 81 0 Role: 3
0 4 49 35 0 Role: 3
0 60 0 Role: 3

Số khách: 94
Chi phí: 2.25734e+07
0 19 47 48 58 5 6 7 9 17 28 34 37 50 87 2 4 8 10 14 33 35 49 57 95 0 Role: 0
0 16 15 18 25 26 27 29 30 31 40 41 46 55 78 80 84 89 90 92 96 20 52 63 72 59 60 64 79 93 13 21 67 0 Role: 0
0 70 76 88 94 97 56 61 75 77 86 91 24 45 100 0 Role: 0
0 54 66 11 32 43 44 62 3 22 23 36 39 53 65 74 0 Role: 0
0 71 38 0 Role: 1
0 82 81 0 Role: 1
0 42 51 99 0 Role: 2
0 68 0 Role: 2
0 1 0 Role: 3

Số khách: 93
Chi phí: 2.21995e+07
0 19 41 43 44 46 55 61 74 78 80 68 72 91 8 10 13 33 57 67 21 0 Role: 0
0 47 48 58 84 87 89 90 94 96 97 5 7 28 37 52 63 92 14 23 24 35 45 49 59 64 79 93 95 0 Role: 0
0 25 26 27 29 30 31 40 83 3 4 53 60 0 Role: 0
0 12 16 18 15 32 36 39 81 82 0 Role: 0
0 6 9 17 34 50 56 71 2 20 75 77 86 100 0 Role: 0
0 73 0 Role: 1
0 85 0 Role: 1
0 1 38 0 Role: 2
0 22 42 51 0 Role: 2
0 62 99 0 Role: 2
0 69 65 0 Role: 2

Số khách: 61
Chi phí: 1.13828e+07
0 29 73 45 74 8 90 63 92 2 10 13 24 33 57 59 64 67 79 93 95 0 Role: 0
0 5 6 7 9 17 20 28 34 37 50 52 61 72 75 86 91 0 Role: 0
0 1 51 3 0 Role: 1
0 62 4 23 0 Role: 1
0 35 53 0 Role: 1
0 21 49 0 Role: 1
0 14 60 0 Role: 1
0 68 0 Role: 1
0 69 81 0 Role: 2
0 82 71 0 Role: 2
0 42 39 0 Role: 3
0 98 38 0 Role: 3
0 85 0 Role: 3
0 22 99 36 0 Role: 3

Số khách: 60
Chi phí: 1.04428e+07
0 12 15 16 18 20 23 25 26 27 29 31 41 52 55 63 65 72 80 96 8 10 13 24 33 45 57 59 64 67 95 0 Role: 0
0 2 61 74 75 0 Role: 0
0 42 22 0 Role: 1
0 69 68 0 Role: 1
0 73 82 71 0 Role: 2
0 85 0 Role: 2
0 62 99 0 Role: 3
0 38 3 1 36 39 0 Role: 4
0 51 21 14 0 Role: 4
0 83 53 81 0 Role: 4
0 4 49 35 0 Role: 4
0 60 0 Role: 4
0 98 0 Role: 5

Số khách: 30
Chi phí: 4.07751e+06
0 8 59 0 Role: 0
0 51 21 0 Role: 1
0 22 23 36 3 0 Role: 1
0 71 81 0 Role: 1
0 39 65 14 0 Role: 1
0 49 4 0 Role: 1
0 53 35 0 Role: 1
0 42 38 0 Role: 2
0 62 99 0 Role: 2
0 68 0 Role: 2
0 98 0 Role: 3
0 69 1 0 Role: 3
0 73 82 0 Role: 3
0 83 0 Role: 3
0 60 0 Role: 3
0 85 0 Role: 4

Số khách: 25
Chi phí: 4.00746e+06
0 68 79 61 2 8 10 13 24 33 45 57 59 64 67 93 95 21 0 Role: 0
0 51 42 3 38 0 Role: 1
0 73 82 35 71 0 Role: 1

Số khách: 20
Chi phí: 3.89698e+06
0 72 69 91 92 20 23 24 45 86 8 13 21 67 95 93 0 Role: 0
0 1 3 14 36 39 0 Role: 1

Số khách: 48
Chi phí: 7.00091e+06
0 11 43 44 87 94 46 71 78 84 89 90 92 97 2 8 10 13 24 33 45 57 59 64 67 79 95 0 Role: 0
0 38 3 1 36 39 0 Role: 1
0 51 99 21 14 0 Role: 1
0 83 53 81 0 Role: 1
0 4 49 35 0 Role: 1
0 60 0 Role: 1
0 42 22 23 0 Role: 2
0 69 68 0 Role: 2
0 62 0 Role: 3

Số khách: 33
Chi phí: 4.63988e+06
0 68 79 61 2 8 10 13 24 33 57 59 64 67 93 95 21 0 Role: 0
0 42 51 0 Role: 1
0 98 3 38 0 Role: 2
0 69 1 0 Role: 2
0 62 99 36 14 0 Role: 2
0 22 39 0 Role: 2
0 49 35 53 81 0 Role: 2

Số khách: 24
Chi phí: 3.97587e+06
0 72 69 90 92 20 23 24 45 86 8 13 21 67 95 93 0 Role: 0
0 36 99 22 38 0 Role: 1
0 39 3 14 53 81 0 Role: 1

Số khách: 49
Chi phí: 7.46334e+06
0 12 15 16 18 20 23 25 26 27 29 31 41 52 55 63 65 72 80 96 8 10 13 24 33 45 57 59 64 67 95 0 Role: 0
0 38 3 1 36 39 0 Role: 1
0 51 21 14 0 Role: 1
0 83 53 81 0 Role: 1
0 4 49 35 0 Role: 1
0 60 0 Role: 1
0 22 42 99 0 Role: 2
0 62 0 Role: 2

Số khách: 58
Chi phí: 1.03522e+07
0 68 79 61 2 8 10 13 24 33 45 57 59 64 67 93 95 0 Role: 0
0 5 6 7 9 17 20 28 34 37 50 52 63 72 75 86 91 0 Role: 0
0 49 71 53 81 0 Role: 1
0 4 23 14 0 Role: 1
0 60 21 0 Role: 1
0 35 0 Role: 1
0 65 0 Role: 2
0 83 0 Role: 2
0 51 42 0 Role: 3
0 73 82 0 Role: 3
0 98 3 38 0 Role: 4
0 69 1 0 Role: 4
0 62 99 36 0 Role: 4
0 22 0 Role: 4
0 39 0 Role: 4

Số khách: 53
Chi phí: 8.00269e+06
0 12 15 16 18 20 23 25 26 27 29 31 41 52 55 63 65 72 80 96 8 10 13 24 33 45 57 59 64 67 95 0 Role: 0
0 42 22 0 Role: 1
0 69 68 0 Role: 1
0 73 82 71 0 Role: 2
0 85 0 Role: 2
0 38 3 1 36 39 0 Role: 3
0 51 21 14 0 Role: 3
0 83 53 81 0 Role: 3
0 4 49 35 0 Role: 3
0 60 0 Role: 3

Số khách: 42
Chi phí: 5.7921e+06
0 68 79 61 2 8 10 13 24 33 45 57 59 64 67 93 95 0 Role: 0
0 51 42 0 Role: 1
0 73 82 0 Role: 1
0 98 3 38 0 Role: 2
0 69 1 0 Role: 2
0 62 99 36 0 Role: 2
0 22 0 Role: 2
0 39 0 Role: 2
0 49 71 53 81 0 Role: 3
0 4 23 14 0 Role: 3
0 60 21 0 Role: 3
0 35 0 Role: 3
0 65 0 Role: 4
0 83 0 Role: 4

Số khách: 36
Chi phí: 4.71053e+06
0 68 79 61 2 8 10 13 24 33 57 59 64 67 93 95 21 0 Role: 0
0 51 42 39 0 Role: 1
0 73 82 35 71 0 Role: 1
0 98 3 38 0 Role: 2
0 69 1 0 Role: 2
0 62 99 36 14 0 Role: 2
0 22 23 0 Role: 2
0 4 49 0 Role: 2

Số khách: 37
Chi phí: 4.86008e+06
0 68 79 61 2 8 10 13 24 33 45 57 59 64 67 93 95 21 0 Role: 0
0 98 3 38 0 Role: 1
0 69 1 0 Role: 1
0 62 99 36 14 0 Role: 1
0 22 23 39 0 Role: 1
0 4 49 35 0 Role: 1
0 42 51 0 Role: 2
0 53 65 0 Role: 2
0 60 0 Role: 2

Số khách: 39
Chi phí: 5.12385e+06
0 68 79 61 2 8 10 13 24 33 45 57 59 64 67 93 95 21 0 Role: 0
0 51 42 39 0 Role: 1
0 73 82 35 71 0 Role: 1
0 98 3 38 0 Role: 2
0 69 1 0 Role: 2
0 62 99 36 14 0 Role: 2
0 22 23 0 Role: 2
0 4 49 0 Role: 2
0 53 65 0 Role: 3

Số khách: 46
Chi phí: 6.7592e+06
0 9 17 20 28 34 37 50 52 61 63 72 75 86 8 10 13 33 57 67 0 Role: 0
0 42 22 0 Role: 1
0 73 82 71 0 Role: 1
0 85 0 Role: 2
0 98 23 0 Role: 2
0 38 3 1 36 39 0 Role: 3
0 51 99 21 14 0 Role: 3
0 83 53 81 0 Role: 3
0 4 49 35 0 Role: 3
0 60 0 Role: 3
0 62 0 Role: 4
0 65 0 Role: 4
0 68 0 Role: 4

Số khách: 41
Chi phí: 5.38689e+06
0 68 79 61 2 8 10 13 24 33 45 57 59 64 67 93 95 0 Role: 0
0 98 3 38 0 Role: 1
0 69 1 0 Role: 1
0 62 99 36 0 Role: 1
0 22 0 Role: 1
0 39 65 0 Role: 1
0 49 71 53 81 0 Role: 2
0 4 23 14 0 Role: 2
0 60 21 0 Role: 2
0 35 0 Role: 2
0 51 42 0 Role: 3
0 73 82 0 Role: 3

Số khách: 43
Chi phí: 6.18553e+06
0 68 79 61 2 8 10 13 24 33 45 57 59 64 67 93 95 0 Role: 0
0 98 3 38 0 Role: 1
0 69 1 0 Role: 1
0 62 99 36 0 Role: 1
0 22 0 Role: 1
0 39 0 Role: 1
0 51 42 0 Role: 2
0 73 82 0 Role: 2
0 49 71 53 81 0 Role: 3
0 4 23 14 0 Role: 3
0 60 21 0 Role: 3
0 35 0 Role: 3
0 65 0 Role: 4
0 83 0 Role: 4
0 85 0 Role: 5

Số khách: 44
Chi phí: 6.28831e+06
0 9 17 20 28 34 37 50 52 61 63 72 75 86 8 10 13 33 57 67 0 Role: 0
0 62 23 0 Role: 1
0 65 0 Role: 1
0 68 0 Role: 1
0 42 22 0 Role: 2
0 73 82 71 0 Role: 2
0 38 3 1 36 39 0 Role: 3
0 51 99 21 14 0 Role: 3
0 83 53 81 0 Role: 3
0 4 49 35 0 Role: 3
0 60 0 Role: 3

Số khách: 45
Chi phí: 6.67343e+06
0 11 43 44 62 68 69 71 87 94 97 2 8 10 13 24 33 45 57 59 64 67 79 95 0 Role: 0
0 38 3 1 36 39 0 Role: 1
0 51 99 21 14 0 Role: 1
0 83 53 81 0 Role: 1
0 4 49 35 0 Role: 1
0 60 0 Role: 1
0 65 23 0 Role: 2
0 42 22 0 Role: 3
0 73 82 0 Role: 3

Số khách: 51
Chi phí: 7.87303e+06
0 11 43 44 87 94 46 71 78 84 89 90 92 97 2 8 10 13 23 24 33 45 57 59 64 67 95 0 Role: 0
0 62 22 0 Role: 1
0 65 0 Role: 2
0 38 3 1 36 39 0 Role: 3
0 51 99 21 14 0 Role: 3
0 83 53 81 0 Role: 3
0 4 49 35 0 Role: 3
0 60 0 Role: 3
0 73 82 0 Role: 4
0 85 0 Role: 4
0 42 0 Role: 5
0 69 68 0 Role: 5

Số khách: 50
Chi phí: 7.83922e+06
0 11 43 44 87 94 46 71 78 84 89 90 92 97 2 8 10 13 23 24 33 45 57 59 64 67 95 0 Role: 0
0 42 0 Role: 1
0 69 68 0 Role: 1
0 73 82 0 Role: 2
0 85 0 Role: 2
0 62 0 Role: 3
0 38 3 1 36 39 0 Role: 4
0 51 99 21 14 0 Role: 4
0 83 53 81 0 Role: 4
0 4 49 35 0 Role: 4
0 60 0 Role: 4
0 65 0 Role: 5

Số khách: 32
Chi phí: 4.297e+06
0 68 79 61 2 8 10 13 24 33 45 57 59 64 67 93 95 21 0 Role: 0
0 98 3 38 0 Role: 1
0 69 1 0 Role: 1
0 62 99 36 14 0 Role: 1
0 22 23 39 0 Role: 1
0 4 49 35 0 Role: 1

Số khách: 40
Chi phí: 5.22036e+06
0 68 79 61 2 8 10 13 24 33 45 57 59 64 67 93 95 21 0 Role: 0
0 51 42 39 0 Role: 1
0 73 82 35 71 0 Role: 1
0 98 3 38 0 Role: 2
0 69 1 0 Role: 2
0 62 99 36 14 0 Role: 2
0 22 23 0 Role: 2
0 4 49 0 Role: 2
0 53 65 0 Role: 3
0 60 0 Role: 3

Số khách: 31
Chi phí: 4.27199e+06
0 68 79 61 2 8 10 13 24 33 57 59 64 67 93 95 21 0 Role: 0
0 98 3 38 0 Role: 1
0 69 1 0 Role: 1
0 62 99 36 14 0 Role: 1
0 22 23 39 0 Role: 1
0 4 49 35 0 Role: 1

Số khách: 100
Chi phí: 1.87654e+07
0 11 84 47 89 90 43 32 94 58 97 56 68 3 39 36 65 53 91 77 10 13 57 33 24 79 35 4 14 95 21 67 0 Role: 0
0 81 19 69 44 20 8 83 71 7 23 59 100 93 64 86 45 52 49 0 Role: 0
0 54 37 66 34 6 28 5 9 17 50 72 75 63 61 0 Role: 0
0 76 12 48 18 16 70 25 15 82 26 46 55 40 74 27 30 41 78 31 80 96 87 2 92 60 0 Role: 0
0 29 88 0 Role: 0
0 51 1 0 Role: 1
0 42 22 38 0 Role: 1
0 85 0 Role: 1
0 73 62 0 Role: 2
0 98 0 Role: 3
0 99 0 Role: 3

Số khách: 26
Chi phí: 3.14374e+06
0 1 10 20 13 8 2 45 24 4 21 59 95 93 57 33 79 35 49 0 Role: 0
0 39 38 3 81 0 Role: 1
0 51 42 99 23 0 Role: 1

Số khách: 88
Chi phí: 1.44731e+07
0 7 29 34 6 28 5 20 9 17 37 93 100 72 50 75 52 63 61 86 23 4 49 45 8 13 64 59 21 67 0 Role: 0
0 76 12 48 18 16 70 25 15 82 26 46 55 40 74 27 30 41 78 31 80 96 87 2 92 60 0 Role: 0
0 11 84 47 89 90 43 32 94 58 97 56 68 3 39 36 65 53 91 77 10 95 14 35 79 24 33 57 0 Role: 0
0 51 1 0 Role: 1
0 98 38 0 Role: 2
0 22 42 99 0 Role: 3

Số khách: 86
Chi phí: 1.34672e+07
0 11 84 47 89 90 43 32 94 58 97 56 14 3 39 23 55 49 53 60 68 10 13 8 77 91 33 4 67 21 0 Role: 0
0 19 66 12 18 16 26 25 27 15 30 40 74 41 31 44 80 46 65 92 71 35 24 79 45 57 64 93 95 59 0 Role: 0
0 54 5 28 6 34 7 20 9 17 37 100 72 50 75 52 63 61 86 87 0 Role: 0
0 1 51 38 0 Role: 1
0 42 22 0 Role: 1
0 85 81 0 Role: 1
0 36 62 0 Role: 2

Số khách: 96
Chi phí: 1.63593e+07
0 81 19 44 69 83 71 0 Role: 0
0 76 12 48 18 16 70 25 15 82 26 46 55 40 74 27 30 41 78 31 80 96 87 2 92 60 0 Role: 0
0 7 29 34 6 28 5 20 9 17 37 93 100 72 50 75 52 63 61 86 23 4 49 45 8 13 64 59 21 67 0 Role: 0
0 11 84 47 89 90 43 32 94 58 97 56 68 3 39 36 65 53 91 77 10 95 14 35 79 24 33 57 0 Role: 0
0 51 1 0 Role: 1
0 42 0 Role: 1
0 85 0 Role: 1
0 73 62 0 Role: 2
0 38 99 22 0 Role: 3

Số khách: 75
Chi phí: 1.21385e+07
0 7 29 34 6 28 5 20 9 17 37 93 100 72 50 75 52 63 61 86 80 10 13 8 33 4 67 21 0 Role: 0
0 11 84 47 89 90 43 32 94 58 97 56 14 3 39 23 55 49 53 60 68 64 77 57 45 91 24 79 35 59 95 0 Role: 0
0 2 74 0 Role: 0
0 51 1 0 Role: 1
0 42 36 0 Role: 1
0 99 22 62 0 Role: 2
0 81 69 0 Role: 2
0 38 65 0 Role: 2
0 71 83 0 Role: 2
0 98 73 82 0 Role: 3

Số khách: 81
Chi phí: 1.21844e+07
0 18 16 26 31 25 30 15 27 40 41 74 55 46 44 80 56 77 87 78 91 92 96 8 10 13 24 33 35 57 59 64 67 95 0 Role: 0
0 7 29 34 6 28 5 20 9 17 37 93 100 72 50 75 52 63 61 86 45 79 0 Role: 0
0 14 36 0 Role: 1
0 49 21 3 0 Role: 1
0 53 81 23 39 0 Role: 1
0 65 60 0 Role: 1
0 68 0 Role: 1
0 4 0 Role: 1
0 85 0 Role: 2
0 1 51 0 Role: 2
0 42 0 Role: 2
0 73 82 0 Role: 3
0 99 22 62 0 Role: 4
0 69 0 Role: 4
0 38 0 Role: 4
0 71 83 0 Role: 4
0 98 0 Role: 5

Số khách: 82
Chi phí: 1.30862e+07
0 18 16 26 31 25 30 15 27 40 41 74 55 46 44 80 56 77 87 78 91 92 96 0 Role: 0
0 8 88 13 10 2 45 33 24 35 57 64 95 59 67 79 0 Role: 0
0 7 29 34 6 28 5 20 9 17 37 93 100 72 50 75 52 63 61 86 0 Role: 0
0 14 36 0 Role: 1
0 49 21 3 0 Role: 1
0 53 81 23 39 0 Role: 1
0 65 60 0 Role: 1
0 68 0 Role: 1
0 4 0 Role: 1
0 73 82 0 Role: 2
0 85 0 Role: 3
0 1 51 0 Role: 3
0 42 0 Role: 3
0 99 22 62 0 Role: 4
0 69 0 Role: 4
0 38 0 Role: 4
0 71 83 0 Role: 4

Số khách: 97
Chi phí: 1.79349e+07
0 11 84 47 89 90 43 32 94 58 97 56 68 3 39 36 65 53 91 77 10 95 14 35 79 24 33 57 0 Role: 0
0 76 12 48 18 16 70 25 15 82 26 46 55 40 74 27 30 41 78 31 80 96 87 2 92 60 0 Role: 0
0 7 29 34 6 28 5 20 9 17 37 93 100 72 50 75 52 63 61 86 23 4 49 45 8 13 64 59 21 67 0 Role: 0
0 81 19 44 69 83 71 0 Role: 0
0 66 54 0 Role: 0
0 38 22 0 Role: 1
0 73 62 0 Role: 2
0 51 1 0 Role: 3
0 42 0 Role: 3
0 85 0 Role: 3

Số khách: 63
Chi phí: 8.76535e+06
0 76 12 48 18 16 70 25 15 82 26 46 55 40 74 27 30 41 78 31 80 96 20 87 28 61 52 7 92 72 75 86 8 10 13 33 57 67 95 0 Role: 0
0 1 38 39 0 Role: 1
0 22 42 51 0 Role: 1
0 62 0 Role: 1
0 69 0 Role: 1
0 71 0 Role: 1
0 36 99 14 21 3 0 Role: 2
0 35 23 0 Role: 2
0 81 53 83 0 Role: 2
0 68 0 Role: 2
0 65 60 0 Role: 2
0 49 4 0 Role: 2
0 73 0 Role: 3

Số khách: 66
Chi phí: 9.59073e+06
0 1 10 20 13 8 2 45 24 4 21 59 95 93 57 33 79 35 49 67 0 Role: 0
0 76 12 48 18 16 70 25 15 82 26 46 55 40 74 27 30 41 78 31 80 37 87 28 52 7 61 92 64 96 68 72 100 86 0 Role: 0
0 39 38 3 81 0 Role: 1
0 51 42 99 36 14 0 Role: 1
0 22 62 0 Role: 2
0 23 53 0 Role: 2
0 60 0 Role: 2

Số khách: 89
Chi phí: 1.5755e+07
0 8 88 13 10 2 45 33 24 35 57 64 95 59 21 67 4 79 0 Role: 0
0 7 29 34 6 28 5 20 9 17 37 93 100 72 50 75 52 63 61 86 80 0 Role: 0
0 11 84 47 89 90 43 32 94 58 97 56 14 3 39 23 55 49 53 60 68 77 91 0 Role: 0
0 19 66 12 18 16 26 25 27 15 30 41 31 74 40 71 44 46 65 92 87 0 Role: 0
0 51 1 0 Role: 1
0 42 22 0 Role: 1
0 85 81 0 Role: 1
0 73 82 0 Role: 2
0 36 99 0 Role: 2

Số khách: 94
Chi phí: 1.59662e+07
0 81 19 44 69 83 71 0 Role: 0
0 7 29 34 6 28 5 20 9 17 37 93 100 72 50 75 52 63 61 86 23 4 49 45 8 13 64 59 21 67 0 Role: 0
0 11 84 47 89 90 43 32 94 58 97 56 68 3 39 36 65 53 91 77 10 95 14 35 79 24 33 57 0 Role: 0
0 76 12 48 18 16 70 25 15 82 26 46 55 40 74 27 30 41 78 31 80 96 87 2 92 60 0 Role: 0
0 51 1 0 Role: 1
0 42 0 Role: 1
0 85 0 Role: 1
0 38 22 62 0 Role: 2

Số khách: 72
Chi phí: 1.04038e+07
0 11 84 47 89 90 43 32 94 58 97 56 14 3 39 23 55 49 53 60 68 10 13 8 77 91 33 4 67 21 0 Role: 0
0 19 66 12 18 16 26 25 27 15 30 41 31 74 40 71 44 46 65 92 87 93 64 59 35 24 79 57 45 86 95 0 Role: 0
0 51 1 0 Role: 1
0 42 22 38 0 Role: 1
0 85 81 0 Role: 1
0 73 82 0 Role: 2
0 36 99 62 0 Role: 2
0 69 0 Role: 3

Số khách: 74
Chi phí: 1.11938e+07
0 76 12 48 18 16 70 25 15 82 26 46 55 40 74 27 30 41 78 31 80 96 13 8 87 2 92 4 14 60 67 21 33 0 Role: 0
0 54 37 66 34 6 28 5 9 17 50 20 72 23 75 63 24 7 61 35 45 57 64 93 95 59 49 79 0 Role: 0
0 51 1 3 0 Role: 1
0 42 22 38 0 Role: 1
0 85 53 81 0 Role: 1
0 98 62 0 Role: 2
0 39 99 36 0 Role: 2
0 65 0 Role: 3

Số khách: 60
Chi phí: 7.86587e+06
0 18 16 26 31 25 30 15 27 40 41 74 55 46 44 80 56 77 87 78 91 92 20 52 75 86 93 100 8 10 13 33 67 0 Role: 0
0 14 0 Role: 1
0 49 21 3 0 Role: 1
0 53 81 23 39 0 Role: 1
0 65 60 0 Role: 1
0 68 0 Role: 1
0 4 0 Role: 1
0 85 0 Role: 2
0 1 51 0 Role: 2
0 42 36 0 Role: 2
0 98 73 82 0 Role: 3
0 99 22 62 0 Role: 4
0 69 0 Role: 4
0 38 35 0 Role: 4
0 71 83 0 Role: 4

Số khách: 98
Chi phí: 1.82549e+07
0 7 29 34 6 28 5 20 9 17 37 93 100 72 50 75 52 63 61 86 23 4 49 45 8 13 64 59 21 67 0 Role: 0
0 42 51 19 1 85 66 88 22 38 62 81 69 71 35 83 57 2 79 24 95 60 14 33 10 0 Role: 0
0 76 12 48 18 16 70 25 15 82 26 46 55 40 74 27 30 41 78 31 80 92 87 96 0 Role: 0
0 11 84 47 89 90 43 32 94 58 97 56 68 3 39 36 65 53 91 77 0 Role: 0
0 99 0 Role: 1
0 73 0 Role: 2
0 98 0 Role: 3

Số khách: 48
Chi phí: 5.62265e+06
0 12 26 32 44 37 87 84 15 7 27 74 29 63 52 61 72 80 100 77 8 13 10 93 95 67 79 33 57 0 Role: 0
0 73 3 0 Role: 1
0 1 69 0 Role: 1
0 71 82 0 Role: 1
0 22 62 23 0 Role: 1
0 42 39 36 38 0 Role: 2
0 81 83 0 Role: 2
0 53 68 21 0 Role: 2
0 35 4 0 Role: 2

Số khách: 43
Chi phí: 4.98199e+06
0 62 44 10 13 8 2 45 33 24 57 79 67 59 95 100 93 64 0 Role: 0
0 39 38 1 0 Role: 1
0 22 42 51 0 Role: 1
0 69 0 Role: 1
0 73 82 0 Role: 2
0 85 53 0 Role: 2
0 3 99 36 14 21 0 Role: 3
0 35 71 23 0 Role: 3
0 81 83 0 Role: 3
0 68 0 Role: 3
0 65 60 0 Role: 3
0 49 4 0 Role: 3

Số khách: 90
Chi phí: 1.58688e+07
0 11 84 47 89 90 43 32 94 58 97 56 68 3 39 36 65 53 91 77 10 95 14 35 79 24 33 57 0 Role: 0
0 7 29 34 6 28 5 20 9 17 37 93 100 72 50 75 52 63 61 86 23 4 49 45 8 13 64 59 21 67 0 Role: 0
0 76 12 48 18 16 70 25 15 82 26 46 55 40 74 27 30 41 78 31 80 96 87 2 92 60 0 Role: 0
0 42 1 69 44 71 62 0 Role: 0
0 98 38 0 Role: 1
0 51 0 Role: 2

Số khách: 69
Chi phí: 1.0197e+07
0 62 44 10 13 8 2 45 33 24 57 79 67 59 95 100 93 64 0 Role: 0
0 76 12 48 18 16 70 25 15 82 26 46 55 40 74 27 30 41 78 31 80 96 20 87 28 61 52 7 92 72 75 86 0 Role: 0
0 36 99 14 21 0 Role: 1
0 35 23 0 Role: 1
0 81 53 83 0 Role: 1
0 68 0 Role: 1
0 65 60 0 Role: 1
0 49 4 0 Role: 1
0 1 38 39 0 Role: 2
0 22 42 51 0 Role: 2
0 69 0 Role: 2

Số khách: 73
Chi phí: 1.10686e+07
0 54 37 66 34 6 28 5 9 17 50 10 13 8 61 63 75 4 14 72 21 67 49 35 33 57 95 59 0 Role: 0
0 76 12 48 18 16 70 25 15 82 26 46 55 40 74 27 30 41 78 31 80 96 64 87 2 45 92 24 23 60 93 0 Role: 0
0 51 1 3 0 Role: 1
0 42 22 38 0 Role: 1
0 85 53 81 0 Role: 1
0 73 62 0 Role: 2
0 98 71 0 Role: 3
0 39 99 36 0 Role: 3

Số khách: 44
Chi phí: 5.53841e+06
0 12 26 32 44 37 87 84 15 7 27 74 29 63 52 61 72 80 100 77 8 13 10 95 14 67 57 0 Role: 0
0 73 3 0 Role: 1
0 1 69 0 Role: 1
0 82 35 71 0 Role: 1
0 38 22 62 23 0 Role: 1
0 98 81 0 Role: 2
0 99 65 21 0 Role: 2
0 4 49 0 Role: 3

Số khách: 41
Chi phí: 4.89959e+06
0 62 44 10 13 8 2 45 33 24 57 79 67 59 95 93 64 0 Role: 0
0 3 99 36 14 21 0 Role: 1
0 35 71 23 0 Role: 1
0 81 83 0 Role: 1
0 68 0 Role: 1
0 65 60 0 Role: 1
0 49 4 0 Role: 1
0 39 38 1 0 Role: 2
0 22 42 51 0 Role: 2
0 69 0 Role: 2
0 73 82 0 Role: 3
0 85 0 Role: 3

Số khách: 36
Chi phí: 4.31038e+06
0 7 24 52 33 87 8 13 64 10 57 91 45 86 93 100 95 59 67 4 35 79 49 21 0 Role: 0
0 39 36 23 62 0 Role: 1
0 38 22 3 0 Role: 1
0 53 65 0 Role: 1
0 1 51 0 Role: 2
0 42 99 0 Role: 2

Số khách: 57
Chi phí: 7.73982e+06
0 7 29 34 6 28 5 20 9 17 37 93 100 72 50 75 52 63 61 86 45 57 8 13 10 59 67 35 79 33 95 0 Role: 0
0 99 22 62 0 Role: 1
0 69 0 Role: 1
0 38 53 0 Role: 1
0 71 83 0 Role: 1
0 98 0 Role: 2
0 14 36 0 Role: 3
0 49 21 3 0 Role: 3
0 39 23 81 0 Role: 3
0 65 60 0 Role: 3
0 68 0 Role: 3
0 4 0 Role: 3
0 73 82 0 Role: 4
0 85 0 Role: 5
0 1 51 0 Role: 5
0 42 0 Role: 5

Số khách: 39
Chi phí: 4.49053e+06
0 62 44 10 13 8 2 45 33 24 57 79 67 59 95 100 93 64 0 Role: 0
0 3 99 36 14 21 0 Role: 1
0 35 23 0 Role: 1
0 81 53 83 0 Role: 1
0 68 0 Role: 1
0 65 60 0 Role: 1
0 49 4 0 Role: 1
0 1 38 39 0 Role: 2
0 22 42 51 0 Role: 2
0 69 0 Role: 2

Số khách: 49
Chi phí: 6.37336e+06
0 11 84 47 89 90 43 32 94 58 97 56 14 3 39 23 49 53 60 68 64 77 57 45 91 24 79 35 59 95 4 13 21 67 0 Role: 0
0 99 22 62 0 Role: 1
0 81 69 0 Role: 1
0 38 65 0 Role: 1
0 71 83 0 Role: 1
0 51 1 0 Role: 2
0 42 36 0 Role: 2
0 98 73 82 0 Role: 3

Số khách: 61
Chi phí: 8.37042e+06
0 76 12 48 18 16 70 25 15 82 26 46 55 40 74 27 30 41 78 31 80 96 20 87 28 61 52 7 92 72 75 86 8 10 13 33 57 67 95 0 Role: 0
0 1 38 39 0 Role: 1
0 22 42 51 0 Role: 1
0 62 0 Role: 1
0 69 0 Role: 1
0 71 0 Role: 1
0 36 99 14 21 3 0 Role: 2
0 35 23 0 Role: 2
0 81 53 83 0 Role: 2
0 68 0 Role: 2
0 65 60 0 Role: 2
0 49 0 Role: 2

Số khách: 46
Chi phí: 5.54678e+06
0 12 26 32 44 37 87 84 15 7 27 74 29 63 52 61 72 80 100 77 8 13 10 95 67 33 57 0 Role: 0
0 42 39 36 38 0 Role: 1
0 81 83 0 Role: 1
0 53 68 21 0 Role: 1
0 35 4 0 Role: 1
0 73 3 0 Role: 2
0 1 69 0 Role: 2
0 71 82 0 Role: 2
0 22 62 23 0 Role: 2

Số khách: 29
Chi phí: 3.56753e+06
0 62 44 0 Role: 0
0 3 99 36 14 21 0 Role: 1
0 35 71 23 0 Role: 1
0 81 53 83 0 Role: 1
0 68 0 Role: 1
0 65 60 0 Role: 1
0 49 4 0 Role: 1
0 51 42 0 Role: 2
0 82 0 Role: 2
0 1 69 0 Role: 2
0 39 22 38 0 Role: 2
0 73 0 Role: 2
0 85 0 Role: 2
0 98 0 Role: 3

Số khách: 52
Chi phí: 6.97242e+06
0 76 12 48 18 16 70 25 15 82 26 46 55 40 74 27 30 41 78 31 80 96 64 87 2 45 92 24 23 60 93 13 8 4 67 21 95 0 Role: 0
0 98 35 71 0 Role: 1
0 39 99 36 14 0 Role: 1
0 51 1 3 0 Role: 2
0 42 22 38 0 Role: 2
0 85 53 81 0 Role: 2

Số khách: 51
Chi phí: 6.54175e+06
0 12 26 32 44 37 87 84 15 7 27 74 29 63 52 61 72 80 100 77 8 10 13 14 33 57 67 95 0 Role: 0
0 73 3 0 Role: 1
0 1 69 0 Role: 1
0 71 23 0 Role: 1
0 22 62 0 Role: 1
0 98 82 0 Role: 2
0 99 65 0 Role: 2
0 42 39 36 38 0 Role: 3
0 85 83 81 0 Role: 3
0 53 68 21 0 Role: 3
0 35 4 0 Role: 3

Số khách: 31
Chi phí: 3.78735e+06
0 7 24 52 33 87 8 13 64 10 57 91 45 86 93 100 95 59 67 4 35 79 49 21 0 Role: 0
0 39 23 0 Role: 1
0 38 22 3 0 Role: 1
0 14 65 53 0 Role: 1

Số khách: 40
Chi phí: 4.49085e+06
0 62 44 10 13 8 2 45 33 24 57 79 67 59 95 100 93 64 0 Role: 0
0 39 38 1 0 Role: 1
0 22 42 51 0 Role: 1
0 69 0 Role: 1
0 3 99 36 14 21 0 Role: 2
0 35 71 23 0 Role: 2
0 81 53 83 0 Role: 2
0 68 0 Role: 2
0 65 60 0 Role: 2
0 49 4 0 Role: 2

Số khách: 67
Chi phí: 9.91755e+06
0 19 66 12 18 16 26 25 27 15 30 41 31 74 40 71 44 46 65 92 87 8 13 10 21 67 4 33 57 0 Role: 0
0 11 84 47 89 90 43 32 94 58 97 56 14 3 39 23 55 49 53 60 68 64 93 77 45 91 24 79 35 59 95 0 Role: 0
0 1 51 38 0 Role: 1
0 42 22 0 Role: 1
0 85 81 0 Role: 1
0 36 62 0 Role: 2

Số khách: 53
Chi phí: 7.00568e+06
0 12 26 32 44 37 87 84 15 7 27 74 29 63 52 61 72 80 100 77 8 10 13 14 33 57 67 95 0 Role: 0
0 73 3 0 Role: 1
0 1 69 0 Role: 1
0 71 23 0 Role: 1
0 22 62 0 Role: 1
0 42 39 36 38 0 Role: 2
0 85 83 81 0 Role: 2
0 53 68 21 0 Role: 2
0 35 4 0 Role: 2
0 98 82 0 Role: 3
0 99 65 0 Role: 3
0 49 0 Role: 4
0 60 0 Role: 4

Số khách: 62
Chi phí: 8.38284e+06
0 76 12 48 18 16 70 25 15 82 26 46 55 40 74 27 30 41 78 31 80 96 20 87 28 61 52 7 92 72 75 86 8 10 13 33 57 67 95 0 Role: 0
0 36 99 14 21 3 0 Role: 1
0 35 23 0 Role: 1
0 81 53 83 0 Role: 1
0 68 0 Role: 1
0 65 60 0 Role: 1
0 49 4 0 Role: 1
0 1 38 39 0 Role: 2
0 22 42 51 0 Role: 2
0 62 0 Role: 2
0 69 0 Role: 2
0 71 0 Role: 2

Số khách: 33
Chi phí: 3.84021e+06
0 7 24 52 33 87 8 13 64 10 57 91 45 86 93 100 95 59 67 4 35 79 49 21 0 Role: 0
0 39 36 23 62 0 Role: 1
0 38 22 3 0 Role: 1
0 14 65 53 0 Role: 1

Số khách: 54
Chi phí: 7.37197e+06
0 76 12 48 18 16 70 25 15 82 26 46 55 40 74 27 30 41 78 31 80 96 64 87 2 45 92 24 23 60 93 13 8 4 67 21 95 0 Role: 0
0 51 1 3 0 Role: 1
0 42 22 38 0 Role: 1
0 85 53 81 0 Role: 1
0 73 62 0 Role: 2
0 98 35 71 0 Role: 3
0 39 99 36 14 0 Role: 3

Số khách: 34
Chi phí: 4.19141e+06
0 7 24 52 33 87 8 13 64 10 57 91 45 86 93 100 95 59 67 4 35 79 49 21 0 Role: 0
0 39 1 0 Role: 1
0 38 22 3 0 Role: 1
0 14 65 53 0 Role: 1
0 36 51 99 0 Role: 2

Số khách: 27
Chi phí: 3.37557e+06
0 1 10 20 13 8 2 45 24 4 21 59 95 93 57 33 79 35 49 67 0 Role: 0
0 39 38 3 81 0 Role: 1
0 51 42 99 23 0 Role: 1

Số khách: 56
Chi phí: 7.68456e+06
0 7 29 34 6 28 5 20 9 17 37 93 100 72 50 75 52 63 61 86 45 57 8 13 10 59 67 35 79 33 95 0 Role: 0
0 14 36 0 Role: 1
0 49 21 3 0 Role: 1
0 39 23 81 0 Role: 1
0 65 60 0 Role: 1
0 68 0 Role: 1
0 4 0 Role: 1
0 73 82 0 Role: 2
0 85 0 Role: 3
0 1 51 0 Role: 3
0 42 0 Role: 3
0 99 22 62 0 Role: 4
0 69 0 Role: 4
0 38 0 Role: 4
0 71 83 0 Role: 4
0 98 0 Role: 5

Số khách: 55
Chi phí: 7.38918e+06
0 18 16 26 31 25 30 15 27 40 41 74 55 46 44 80 56 77 87 78 91 92 96 8 10 13 24 33 35 57 59 64 67 95 0 Role: 0
0 85 0 Role: 1
0 1 51 38 0 Role: 1
0 42 22 0 Role: 1
0 73 82 71 0 Role: 2
0 14 36 0 Role: 3
0 49 21 3 0 Role: 3
0 53 81 23 39 0 Role: 3
0 65 60 0 Role: 3
0 68 0 Role: 3
0 4 0 Role: 3

Số khách: 68
Chi phí: 9.99756e+06
0 12 26 32 44 37 87 84 15 7 27 74 29 63 52 61 72 80 100 77 24 64 0 Role: 0
0 3 18 16 8 5 31 25 6 30 9 14 49 33 57 28 13 10 59 60 67 79 86 93 95 0 Role: 0
0 42 39 36 38 0 Role: 1
0 85 83 81 0 Role: 1
0 53 68 21 0 Role: 1
0 35 4 0 Role: 1
0 98 82 0 Role: 2
0 99 65 0 Role: 2
0 73 0 Role: 3
0 1 69 0 Role: 3
0 71 23 0 Role: 3
0 22 62 0 Role: 3

Số khách: 28
Chi phí: 3.51758e+06
0 1 10 20 13 8 2 45 24 4 21 59 95 93 57 33 79 35 49 0 Role: 0
0 3 14 22 0 Role: 1
0 39 36 23 0 Role: 1
0 38 42 51 99 0 Role: 2

Số khách: 50
Chi phí: 6.51375e+06
0 12 26 32 44 37 87 84 15 7 27 74 29 63 52 61 72 80 100 77 8 10 13 14 33 57 67 95 0 Role: 0
0 73 3 0 Role: 1
0 1 69 0 Role: 1
0 71 82 0 Role: 1
0 22 62 23 0 Role: 1
0 98 0 Role: 2
0 99 65 0 Role: 2
0 42 39 36 38 0 Role: 3
0 81 83 0 Role: 3
0 53 68 21 0 Role: 3
0 35 4 0 Role: 3

Số khách: 35
Chi phí: 4.21621e+06
0 7 24 52 33 87 8 13 64 10 57 91 45 86 93 100 95 59 67 4 35 79 49 21 0 Role: 0
0 1 23 39 0 Role: 1
0 38 22 3 0 Role: 1
0 14 65 53 0 Role: 1
0 36 51 99 0 Role: 2

Số khách: 32
Chi phí: 3.80693e+06
0 7 24 52 33 87 8 13 64 10 57 91 45 86 93 100 95 59 67 4 35 79 49 21 0 Role: 0
0 39 36 23 0 Role: 1
0 38 22 3 0 Role: 1
0 14 65 53 0 Role: 1

Số khách: 49
Chi phí: 6.37336e+06
0 11 84 47 89 90 43 32 94 58 97 56 14 3 39 23 49 53 60 68 64 77 57 45 91 24 79 35 59 95 4 13 21 67 0 Role: 0
0 99 22 62 0 Role: 1
0 81 69 0 Role: 1
0 38 65 0 Role: 1
0 71 83 0 Role: 1
0 98 73 82 0 Role: 2
0 51 1 0 Role: 3
0 42 36 0 Role: 3

