Số khách: 50
Chi phí: 7.78113e+06
0 24 43 1 2 6 16 34 36 45 0 Role: 0
0 19 20 22 33 39 50 18 48 3 11 17 32 40 42 0 Role: 0
0 30 8 0 Role: 1
0 13 44 35 31 0 Role: 1
0 23 10 4 12 27 0 Role: 1
0 5 0 Role: 1
0 49 26 0 Role: 1
0 38 9 0 Role: 1
0 47 0 Role: 1
0 25 14 0 Role: 2
0 46 7 0 Role: 3
0 37 21 29 0 Role: 3
0 41 0 Role: 3
0 15 28 0 Role: 3

Số khách: 21
Chi phí: 2.52473e+06
0 40 3 11 32 0 Role: 0
0 30 8 0 Role: 1
0 13 44 35 31 0 Role: 1
0 23 10 4 12 27 0 Role: 1
0 5 0 Role: 1
0 49 26 0 Role: 1
0 9 38 0 Role: 1
0 47 0 Role: 1

Số khách: 43
Chi phí: 5.90386e+06
0 1 2 6 16 19 20 22 33 39 50 3 11 17 18 32 40 0 Role: 0
0 14 0 Role: 1
0 30 8 0 Role: 2
0 13 44 35 31 0 Role: 2
0 23 10 4 12 27 0 Role: 2
0 5 0 Role: 2
0 49 26 0 Role: 2
0 9 38 0 Role: 2
0 47 0 Role: 2
0 46 7 0 Role: 3
0 29 37 21 0 Role: 3
0 41 0 Role: 3
0 15 28 0 Role: 3
0 25 0 Role: 4

Số khách: 45
Chi phí: 7.11273e+06
0 1 2 6 16 19 20 22 33 39 50 3 11 17 18 32 40 0 Role: 0
0 24 34 36 0 Role: 0
0 14 0 Role: 1
0 30 8 0 Role: 2
0 13 44 35 31 0 Role: 2
0 23 10 4 12 27 0 Role: 2
0 5 0 Role: 2
0 49 26 0 Role: 2
0 9 38 0 Role: 2
0 47 0 Role: 2
0 46 7 0 Role: 3
0 29 37 21 0 Role: 3
0 41 0 Role: 3
0 15 28 0 Role: 3

Số khách: 41
Chi phí: 5.13959e+06
0 1 2 6 16 19 20 22 33 39 50 3 11 17 18 32 40 0 Role: 0
0 30 8 0 Role: 1
0 13 44 35 31 0 Role: 1
0 23 10 4 12 27 0 Role: 1
0 5 0 Role: 1
0 49 26 0 Role: 1
0 9 38 0 Role: 1
0 47 0 Role: 1
0 46 7 0 Role: 2
0 29 37 21 0 Role: 2
0 41 0 Role: 2
0 15 28 0 Role: 2

Số khách: 35
Chi phí: 4.3389e+06
0 19 20 22 3 11 16 17 18 32 40 0 Role: 0
0 46 7 0 Role: 1
0 29 37 21 0 Role: 1
0 41 0 Role: 1
0 15 28 0 Role: 1
0 30 8 0 Role: 2
0 13 44 35 31 0 Role: 2
0 23 10 4 12 27 0 Role: 2
0 5 0 Role: 2
0 49 26 0 Role: 2
0 38 9 0 Role: 2
0 47 0 Role: 2

Số khách: 42
Chi phí: 5.52674e+06
0 1 2 6 16 19 20 22 33 39 50 3 11 17 18 32 40 0 Role: 0
0 30 8 0 Role: 1
0 13 44 35 31 0 Role: 1
0 23 10 4 12 27 0 Role: 1
0 5 0 Role: 1
0 49 26 0 Role: 1
0 9 38 0 Role: 1
0 47 0 Role: 1
0 46 7 0 Role: 2
0 29 37 21 0 Role: 2
0 41 0 Role: 2
0 15 28 0 Role: 2
0 14 0 Role: 3

Số khách: 38
Chi phí: 4.8493e+06
0 24 33 34 36 43 45 50 17 18 40 3 10 11 26 44 49 0 Role: 0
0 25 14 7 0 Role: 1
0 46 9 0 Role: 1
0 21 0 Role: 1
0 30 41 0 Role: 1
0 28 15 0 Role: 1
0 5 13 31 8 0 Role: 2
0 4 38 0 Role: 2
0 37 12 29 27 0 Role: 2
0 23 35 0 Role: 2

Số khách: 33
Chi phí: 3.8285e+06
0 40 3 11 17 32 42 0 Role: 0
0 25 14 0 Role: 1
0 46 7 0 Role: 2
0 29 37 21 0 Role: 2
0 41 0 Role: 2
0 15 28 0 Role: 2
0 30 8 0 Role: 3
0 13 44 35 31 0 Role: 3
0 23 10 4 12 27 0 Role: 3
0 5 0 Role: 3
0 49 26 0 Role: 3
0 38 9 0 Role: 3
0 47 0 Role: 3

Số khách: 48
Chi phí: 7.47979e+06
0 19 20 22 33 39 50 18 48 3 11 17 32 40 42 0 Role: 0
0 1 2 6 16 34 36 45 0 Role: 0
0 25 14 0 Role: 1
0 30 8 0 Role: 2
0 13 44 35 31 0 Role: 2
0 23 10 4 12 27 0 Role: 2
0 5 0 Role: 2
0 49 26 0 Role: 2
0 38 9 0 Role: 2
0 47 0 Role: 2
0 7 46 0 Role: 3
0 29 37 21 0 Role: 3
0 41 0 Role: 3
0 15 28 0 Role: 3

Số khách: 36
Chi phí: 4.6422e+06
0 24 34 36 42 48 3 11 17 18 32 40 0 Role: 0
0 30 8 0 Role: 1
0 13 44 35 31 0 Role: 1
0 23 10 4 12 27 0 Role: 1
0 5 0 Role: 1
0 49 26 0 Role: 1
0 9 38 0 Role: 1
0 47 0 Role: 1
0 46 7 0 Role: 2
0 29 37 21 0 Role: 2
0 41 0 Role: 2
0 15 28 0 Role: 2

Số khách: 24
Chi phí: 3.1318e+06
0 40 3 11 17 32 42 0 Role: 0
0 30 8 0 Role: 1
0 13 44 35 31 0 Role: 1
0 23 10 4 12 27 0 Role: 1
0 5 0 Role: 1
0 49 26 0 Role: 1
0 38 9 0 Role: 1
0 47 0 Role: 1
0 7 0 Role: 2

Số khách: 23
Chi phí: 2.77115e+06
0 40 3 11 17 32 42 0 Role: 0
0 30 8 0 Role: 1
0 13 44 35 31 0 Role: 1
0 23 10 4 12 27 0 Role: 1
0 5 0 Role: 1
0 49 26 0 Role: 1
0 9 38 0 Role: 1
0 47 0 Role: 1

Số khách: 29
Chi phí: 3.48453e+06
0 40 3 11 32 42 0 Role: 0
0 7 14 0 Role: 1
0 15 0 Role: 1
0 28 0 Role: 1
0 29 37 0 Role: 1
0 41 0 Role: 1
0 30 8 0 Role: 2
0 13 44 35 31 0 Role: 2
0 23 10 4 12 27 0 Role: 2
0 5 0 Role: 2
0 49 26 0 Role: 2
0 9 38 0 Role: 2
0 47 0 Role: 2

Số khách: 46
Chi phí: 7.1845e+06
0 19 20 22 33 39 50 18 48 3 11 17 32 40 42 0 Role: 0
0 1 2 6 16 34 0 Role: 0
0 25 14 0 Role: 1
0 46 7 0 Role: 2
0 37 21 29 0 Role: 2
0 41 0 Role: 2
0 15 28 0 Role: 2
0 30 8 0 Role: 3
0 13 44 35 31 0 Role: 3
0 23 10 4 12 27 0 Role: 3
0 5 0 Role: 3
0 49 26 0 Role: 3
0 38 9 0 Role: 3
0 47 0 Role: 3

Số khách: 30
Chi phí: 3.59901e+06
0 40 3 11 32 17 42 0 Role: 0
0 30 8 0 Role: 1
0 13 44 35 31 0 Role: 1
0 23 10 4 12 27 0 Role: 1
0 5 0 Role: 1
0 49 26 0 Role: 1
0 9 38 0 Role: 1
0 47 0 Role: 1
0 7 14 0 Role: 2
0 15 0 Role: 2
0 28 0 Role: 2
0 29 37 0 Role: 2
0 41 0 Role: 2

Số khách: 47
Chi phí: 7.4431e+06
0 19 20 22 33 39 50 18 48 3 11 17 32 40 42 0 Role: 0
0 1 2 6 34 36 45 0 Role: 0
0 30 8 0 Role: 1
0 13 44 35 31 0 Role: 1
0 23 10 4 12 27 0 Role: 1
0 5 0 Role: 1
0 49 26 0 Role: 1
0 38 9 0 Role: 1
0 47 0 Role: 1
0 46 7 0 Role: 2
0 29 37 21 0 Role: 2
0 41 0 Role: 2
0 15 28 0 Role: 2
0 25 14 0 Role: 3

Số khách: 22
Chi phí: 2.747e+06
0 40 3 11 32 42 0 Role: 0
0 30 8 0 Role: 1
0 13 44 35 31 0 Role: 1
0 23 10 4 12 27 0 Role: 1
0 5 0 Role: 1
0 49 26 0 Role: 1
0 9 38 0 Role: 1
0 47 0 Role: 1

Số khách: 31
Chi phí: 3.80302e+06
0 40 3 11 17 32 42 0 Role: 0
0 14 8 0 Role: 1
0 30 0 Role: 2
0 44 35 31 0 Role: 2
0 23 10 4 12 27 0 Role: 2
0 5 0 Role: 2
0 49 26 0 Role: 2
0 9 38 0 Role: 2
0 47 0 Role: 2
0 46 7 0 Role: 3
0 29 37 21 0 Role: 3
0 41 0 Role: 3
0 15 28 0 Role: 3

Số khách: 28
Chi phí: 3.26226e+06
0 40 3 11 32 0 Role: 0
0 30 8 0 Role: 1
0 13 44 35 31 0 Role: 1
0 23 10 4 12 27 0 Role: 1
0 5 0 Role: 1
0 49 26 0 Role: 1
0 9 38 0 Role: 1
0 47 0 Role: 1
0 7 14 0 Role: 2
0 15 0 Role: 2
0 28 0 Role: 2
0 29 37 0 Role: 2
0 41 0 Role: 2

Số khách: 37
Chi phí: 4.74987e+06
0 24 34 36 1 2 3 11 16 17 18 32 40 0 Role: 0
0 46 7 0 Role: 1
0 29 37 21 0 Role: 1
0 41 0 Role: 1
0 15 28 0 Role: 1
0 30 8 0 Role: 2
0 13 44 35 31 0 Role: 2
0 23 10 4 12 27 0 Role: 2
0 5 0 Role: 2
0 49 26 0 Role: 2
0 38 9 0 Role: 2
0 47 0 Role: 2

Số khách: 25
Chi phí: 3.16298e+06
0 40 3 11 17 32 42 0 Role: 0
0 30 8 0 Role: 1
0 13 44 35 31 0 Role: 1
0 23 10 4 12 27 0 Role: 1
0 5 0 Role: 1
0 49 26 0 Role: 1
0 38 9 0 Role: 1
0 47 0 Role: 1
0 7 14 0 Role: 2

Số khách: 26
Chi phí: 3.23758e+06
0 40 3 11 32 42 0 Role: 0
0 30 8 0 Role: 1
0 13 44 35 31 0 Role: 1
0 23 10 4 12 27 0 Role: 1
0 5 0 Role: 1
0 49 26 0 Role: 1
0 9 38 0 Role: 1
0 47 0 Role: 1
0 7 14 0 Role: 2
0 15 28 0 Role: 2

Số khách: 32
Chi phí: 3.8225e+06
0 40 3 11 17 32 42 0 Role: 0
0 14 0 Role: 1
0 46 7 0 Role: 2
0 29 37 21 0 Role: 2
0 41 0 Role: 2
0 15 28 0 Role: 2
0 30 8 0 Role: 3
0 13 44 35 31 0 Role: 3
0 23 10 4 12 27 0 Role: 3
0 5 0 Role: 3
0 49 26 0 Role: 3
0 9 38 0 Role: 3
0 47 0 Role: 3

Số khách: 27
Chi phí: 3.26173e+06
0 40 3 11 17 32 42 0 Role: 0
0 30 8 0 Role: 1
0 13 44 35 31 0 Role: 1
0 23 10 4 12 27 0 Role: 1
0 5 0 Role: 1
0 49 26 0 Role: 1
0 9 38 0 Role: 1
0 47 0 Role: 1
0 7 14 0 Role: 2
0 15 28 0 Role: 2

Số khách: 19
Chi phí: 2.37571e+06
0 5 47 17 3 26 49 4 10 27 23 44 12 0 Role: 0
0 8 9 38 0 Role: 1
0 29 35 31 13 0 Role: 1

Số khách: 50
Chi phí: 8.01869e+06
0 33 20 22 41 16 45 19 28 31 37 13 42 39 32 50 3 17 11 18 40 0 Role: 0
0 25 43 48 8 0 Role: 0
0 1 24 36 7 34 2 30 46 6 14 21 15 0 Role: 0
0 29 10 27 35 0 Role: 1
0 47 0 Role: 1
0 9 38 0 Role: 1
0 4 5 0 Role: 1
0 23 12 44 0 Role: 1
0 49 26 0 Role: 1

Số khách: 45
Chi phí: 6.40541e+06
0 1 24 36 7 34 2 30 46 6 14 22 21 37 16 15 42 31 39 50 3 5 18 12 13 32 17 11 40 0 Role: 0
0 8 48 0 Role: 0
0 29 10 27 35 0 Role: 1
0 47 0 Role: 1
0 9 38 0 Role: 1
0 4 0 Role: 1
0 23 44 0 Role: 1
0 49 26 0 Role: 1
0 25 0 Role: 2
0 28 0 Role: 2
0 41 0 Role: 2

Số khách: 49
Chi phí: 7.26443e+06
0 1 24 36 7 34 2 30 46 6 14 22 21 37 16 15 42 31 39 50 3 5 18 12 13 32 17 11 40 0 Role: 0
0 19 20 33 45 48 0 Role: 0
0 29 10 27 35 0 Role: 1
0 47 0 Role: 1
0 9 38 0 Role: 1
0 4 0 Role: 1
0 23 44 0 Role: 1
0 49 26 0 Role: 1
0 25 0 Role: 2
0 28 0 Role: 2
0 41 8 0 Role: 2

Số khách: 44
Chi phí: 5.27669e+06
0 1 24 36 7 34 2 30 46 6 14 22 21 37 16 15 42 31 39 50 3 5 18 12 13 32 17 11 40 0 Role: 0
0 25 0 Role: 1
0 28 0 Role: 1
0 41 8 0 Role: 1
0 29 10 27 35 0 Role: 2
0 47 0 Role: 2
0 9 38 0 Role: 2
0 4 0 Role: 2
0 23 44 0 Role: 2
0 49 26 0 Role: 2

Số khách: 48
Chi phí: 6.75128e+06
0 1 24 36 7 34 2 30 46 6 14 21 15 13 8 18 3 11 17 32 40 0 Role: 0
0 33 48 20 22 19 16 50 39 42 0 Role: 0
0 25 0 Role: 1
0 28 0 Role: 1
0 37 0 Role: 1
0 41 0 Role: 1
0 29 10 27 35 31 0 Role: 2
0 47 0 Role: 2
0 9 38 0 Role: 2
0 4 5 0 Role: 2
0 23 12 44 0 Role: 2
0 49 26 0 Role: 2

Số khách: 35
Chi phí: 4.17919e+06
0 1 22 7 2 16 30 6 31 8 39 42 9 35 13 29 23 10 18 48 32 47 40 3 26 49 4 12 27 44 0 Role: 0
0 14 0 Role: 1
0 28 15 0 Role: 1
0 5 0 Role: 2
0 37 0 Role: 2
0 38 0 Role: 2

Số khách: 33
Chi phí: 3.90326e+06
0 1 22 7 2 16 30 6 31 8 39 11 48 18 10 23 29 13 9 42 35 32 47 40 3 26 49 4 44 27 12 0 Role: 0
0 14 0 Role: 1
0 28 15 0 Role: 1

Số khách: 26
Chi phí: 3.06589e+06
0 25 43 48 13 8 18 3 17 11 32 40 0 Role: 0
0 29 10 27 35 31 0 Role: 1
0 47 0 Role: 1
0 9 38 0 Role: 1
0 4 5 0 Role: 1
0 23 12 44 0 Role: 1
0 49 26 0 Role: 1

Số khách: 28
Chi phí: 3.31694e+06
0 33 20 3 41 45 19 28 8 11 32 17 40 18 0 Role: 0
0 29 10 27 35 31 0 Role: 1
0 47 0 Role: 1
0 9 38 0 Role: 1
0 4 5 0 Role: 1
0 23 12 44 0 Role: 1
0 49 26 0 Role: 1

Số khách: 40
Chi phí: 4.65528e+06
0 33 28 46 30 34 36 24 22 20 45 16 39 41 38 37 48 5 3 47 35 9 42 32 11 40 26 49 10 44 0 Role: 0
0 25 7 0 Role: 1
0 21 23 8 0 Role: 2
0 29 27 12 4 13 31 0 Role: 2

Số khách: 38
Chi phí: 4.37767e+06
0 33 28 46 30 34 36 24 22 20 45 16 39 41 38 37 48 5 3 47 9 42 32 11 40 26 49 10 44 35 0 Role: 0
0 21 23 8 0 Role: 1
0 29 27 12 4 13 31 0 Role: 1

Số khách: 46
Chi phí: 6.69698e+06
0 25 43 48 13 8 18 3 17 11 32 40 0 Role: 0
0 1 24 36 7 34 2 30 46 6 14 22 21 37 16 15 42 31 39 50 0 Role: 0
0 29 10 27 35 0 Role: 1
0 47 0 Role: 1
0 9 38 0 Role: 1
0 4 5 0 Role: 1
0 23 12 44 0 Role: 1
0 49 26 0 Role: 1
0 28 0 Role: 2
0 41 0 Role: 2

Số khách: 42
Chi phí: 4.89289e+06
0 1 24 36 7 34 2 30 46 6 14 37 21 22 3 50 16 39 42 31 18 13 32 17 11 40 0 Role: 0
0 28 0 Role: 1
0 41 8 0 Role: 1
0 29 10 27 35 0 Role: 2
0 47 0 Role: 2
0 9 38 0 Role: 2
0 4 5 0 Role: 2
0 23 12 44 0 Role: 2
0 49 26 0 Role: 2

Số khách: 32
Chi phí: 3.67256e+06
0 1 22 7 2 16 30 6 31 8 39 42 9 35 13 29 23 10 18 48 32 47 40 3 26 49 4 12 27 44 0 Role: 0
0 14 0 Role: 1
0 28 15 0 Role: 1

Số khách: 20
Chi phí: 2.73235e+06
0 47 11 17 5 26 49 4 10 27 23 44 12 0 Role: 0
0 9 8 0 Role: 1
0 13 29 31 35 0 Role: 1
0 7 14 0 Role: 2

Số khách: 23
Chi phí: 2.8822e+06
0 27 10 4 49 26 3 17 11 47 23 44 12 0 Role: 0
0 8 9 38 0 Role: 1
0 29 35 31 13 0 Role: 1
0 7 14 0 Role: 2
0 15 28 0 Role: 2

Số khách: 43
Chi phí: 5.26399e+06
0 1 24 36 7 34 2 30 46 6 14 22 21 37 16 15 42 31 39 50 3 5 18 12 13 32 17 11 40 0 Role: 0
0 25 0 Role: 1
0 28 0 Role: 1
0 41 8 0 Role: 1
0 29 10 27 35 0 Role: 2
0 47 0 Role: 2
0 9 0 Role: 2
0 4 0 Role: 2
0 23 44 0 Role: 2
0 49 26 0 Role: 2

Số khách: 37
Chi phí: 4.2759e+06
0 33 28 46 30 34 36 24 22 20 45 16 39 41 38 37 48 5 3 47 9 32 11 40 26 49 10 44 35 0 Role: 0
0 21 23 8 0 Role: 1
0 29 27 12 4 13 31 0 Role: 1

Số khách: 24
Chi phí: 3.02854e+06
0 13 48 11 3 5 4 18 23 12 27 44 40 32 0 Role: 0
0 25 7 35 31 0 Role: 1
0 9 38 0 Role: 1
0 49 26 0 Role: 1
0 29 10 0 Role: 1
0 47 0 Role: 1

Số khách: 21
Chi phí: 2.79403e+06
0 5 47 17 3 26 49 4 10 27 23 12 44 11 40 0 Role: 0
0 8 9 38 0 Role: 1
0 29 35 31 13 0 Role: 1

Số khách: 30
Chi phí: 3.59481e+06
0 25 43 48 13 8 18 3 17 11 32 40 0 Role: 0
0 29 10 27 35 31 0 Role: 1
0 47 0 Role: 1
0 38 0 Role: 1
0 4 5 0 Role: 1
0 23 12 44 0 Role: 1
0 49 26 0 Role: 1
0 7 14 0 Role: 2
0 15 28 0 Role: 2
0 37 0 Role: 2

Số khách: 29
Chi phí: 3.52595e+06
0 9 39 11 3 5 4 18 10 12 29 23 49 26 40 47 32 35 44 27 42 0 Role: 0
0 46 30 41 0 Role: 1
0 28 15 13 0 Role: 1
0 37 8 31 0 Role: 1

Số khách: 41
Chi phí: 4.76694e+06
0 33 28 46 30 34 36 24 22 20 45 16 39 41 38 37 48 5 3 47 35 9 42 32 11 40 26 49 10 44 0 Role: 0
0 21 23 8 0 Role: 1
0 29 27 12 4 13 31 0 Role: 1
0 7 14 0 Role: 2
0 15 0 Role: 2

