Số khách: 20
Chi phí: 1.621e+06
0 14 19 3 5 4 12 8 2 10 18 9 17 16 0 Role: 0
0 20 1 11 15 13 7 6 0 Role: 1

Số khách: 19
Chi phí: 1.59762e+06
0 14 19 3 5 4 12 2 10 18 9 17 16 6 0 Role: 0
0 20 1 11 15 13 7 0 Role: 1

Số khách: 20
Chi phí: 1.78923e+06
0 18 19 4 12 8 2 10 16 13 0 Role: 0
0 20 5 0 Role: 1
0 15 11 0 Role: 1
0 14 3 9 1 6 7 0 Role: 1
0 17 0 Role: 1

Số khách: 17
Chi phí: 1.66983e+06
0 7 6 17 9 8 2 4 5 3 10 18 16 0 Role: 0
0 14 20 1 11 15 0 Role: 1

Số khách: 19
Chi phí: 1.71767e+06
0 18 10 8 4 12 2 13 0 Role: 0
0 20 5 11 0 Role: 1
0 15 0 Role: 1
0 16 6 7 1 9 3 14 0 Role: 1
0 17 0 Role: 1

Số khách: 18
Chi phí: 1.70239e+06
0 18 10 8 4 12 2 13 0 Role: 0
0 20 0 Role: 1
0 15 11 0 Role: 1
0 16 6 7 1 9 3 14 0 Role: 1
0 17 0 Role: 1

