Số khách: 12
Chi phí: 3.25821e+06
0 72 54 0 Role: 0
0 86 17 0 Role: 1
0 61 95 0 Role: 1
0 64 78 0 Role: 2
0 48 36 0 Role: 3
0 69 40 0 Role: 3

Số khách: 96
Chi phí: 3.13509e+07
0 4 28 54 58 70 7 12 15 19 22 26 29 57 62 76 0 Role: 0
0 27 32 46 47 77 80 85 36 45 61 66 68 84 89 90 92 0 Role: 0
0 21 3 5 9 37 63 25 41 33 81 72 78 91 0 Role: 0
0 13 8 34 16 10 14 2 11 18 23 44 39 69 55 67 52 56 59 60 79 43 71 0 Role: 0
0 42 20 35 30 24 82 65 73 74 93 97 98 6 1 51 75 38 49 83 88 95 31 40 0 Role: 0
0 50 87 99 0 Role: 0
0 64 0 Role: 1
0 86 17 0 Role: 1
0 48 0 Role: 2

Số khách: 95
Chi phí: 2.79657e+07
0 42 20 35 30 24 82 65 73 74 93 97 98 6 1 51 75 38 49 83 88 95 31 40 0 Role: 0
0 13 8 34 16 10 14 2 11 18 23 44 39 69 55 67 52 56 59 60 79 43 71 0 Role: 0
0 50 68 45 12 84 87 66 89 62 90 92 7 15 19 22 26 29 57 76 0 Role: 0
0 21 3 5 9 37 63 25 41 33 81 0 Role: 0
0 48 85 70 28 77 80 4 54 58 72 91 78 0 Role: 0
0 27 32 46 47 0 Role: 0
0 61 0 Role: 1
0 17 86 0 Role: 2
0 36 0 Role: 2
0 64 0 Role: 2

Số khách: 91
Chi phí: 2.41431e+07
0 21 3 87 84 5 72 75 90 41 92 15 9 81 63 12 29 0 Role: 0
0 65 11 16 38 2 20 10 23 39 44 52 67 55 71 79 6 59 60 49 51 56 7 95 26 57 76 22 43 19 31 62 0 Role: 0
0 13 8 37 30 14 33 1 25 88 89 91 0 Role: 0
0 28 24 34 4 18 45 70 68 58 78 83 0 Role: 0
0 27 32 35 42 46 47 50 0 Role: 0
0 53 66 80 93 97 98 0 Role: 0
0 40 0 Role: 1
0 64 54 0 Role: 1
0 86 17 0 Role: 2
0 69 48 0 Role: 2
0 36 61 0 Role: 2

Số khách: 92
Chi phí: 2.66698e+07
0 50 68 90 45 12 84 87 66 62 92 15 19 22 76 57 26 29 7 0 Role: 0
0 4 37 80 77 63 28 25 41 33 72 81 78 0 Role: 0
0 91 9 5 3 21 58 0 Role: 0
0 42 20 35 30 24 82 65 93 73 97 98 6 1 51 75 38 88 49 83 95 40 31 0 Role: 0
0 13 8 34 16 10 14 2 11 18 23 44 39 69 55 67 52 56 59 60 79 43 71 0 Role: 0
0 27 32 46 47 54 70 0 Role: 0
0 48 36 0 Role: 1
0 64 0 Role: 2
0 86 17 0 Role: 2
0 61 0 Role: 3

Số khách: 50
Chi phí: 1.04163e+07
0 21 3 11 16 15 9 25 2 33 38 49 19 43 12 51 91 55 79 7 57 26 76 62 0 Role: 0
0 53 89 87 97 84 90 68 6 92 22 31 37 81 63 41 29 0 Role: 0
0 17 86 0 Role: 1
0 48 0 Role: 2
0 36 95 61 0 Role: 2
0 78 54 0 Role: 2
0 69 40 0 Role: 2
0 64 0 Role: 3

Số khách: 71
Chi phí: 1.73765e+07
0 13 8 34 16 30 36 61 99 45 3 21 38 37 25 33 56 67 79 71 75 7 76 19 0 Role: 0
0 97 2 72 5 44 23 6 98 93 9 49 15 62 57 26 69 40 55 92 43 88 0 Role: 0
0 18 4 39 50 20 68 70 28 66 84 31 12 90 91 41 29 95 89 22 63 81 0 Role: 0
0 54 64 0 Role: 1
0 78 0 Role: 1
0 17 86 0 Role: 2
0 48 0 Role: 2

Số khách: 57
Chi phí: 1.10817e+07
0 50 68 90 45 12 84 87 66 62 92 31 37 81 63 25 41 33 40 29 0 Role: 0
0 65 11 16 38 2 20 10 23 39 44 52 67 55 71 79 6 59 60 49 51 56 7 95 26 57 76 22 43 19 0 Role: 0
0 64 54 0 Role: 1
0 86 17 0 Role: 2
0 69 48 0 Role: 2
0 36 61 0 Role: 2
0 78 0 Role: 3

Số khách: 87
Chi phí: 2.30488e+07
0 21 3 87 84 5 72 75 90 41 92 15 9 81 63 12 29 0 Role: 0
0 13 8 37 30 14 33 1 25 88 89 91 0 Role: 0
0 28 24 34 4 18 45 70 68 58 78 83 0 Role: 0
0 65 11 16 38 2 20 10 23 39 44 52 67 55 71 79 6 59 60 49 51 56 7 95 26 57 76 22 43 19 31 62 0 Role: 0
0 53 66 80 93 97 98 0 Role: 0
0 27 32 35 0 Role: 0
0 40 0 Role: 1
0 64 54 0 Role: 1
0 86 17 0 Role: 2
0 69 48 0 Role: 2
0 36 61 0 Role: 2

Số khách: 58
Chi phí: 1.40173e+07
0 1 51 59 7 88 37 19 43 83 76 0 Role: 0
0 97 2 72 5 44 23 6 98 93 9 49 15 62 57 26 69 40 55 92 71 0 Role: 0
0 18 4 39 50 20 68 70 28 66 84 12 31 63 90 41 29 95 89 22 81 0 Role: 0
0 17 86 0 Role: 1
0 48 36 0 Role: 1
0 54 64 0 Role: 2
0 78 0 Role: 2
0 61 0 Role: 3

Số khách: 47
Chi phí: 9.38222e+06
0 65 11 16 38 2 20 10 23 39 44 52 67 55 71 79 6 59 60 49 51 56 7 26 57 62 76 22 19 31 63 81 0 Role: 0
0 89 15 84 12 70 41 1 29 40 95 0 Role: 0
0 86 17 0 Role: 1
0 69 48 0 Role: 1
0 36 61 0 Role: 1

Số khách: 43
Chi phí: 9.10049e+06
0 65 11 16 38 2 20 10 23 39 44 52 67 55 71 79 6 59 60 49 51 56 7 95 26 57 76 22 43 19 31 62 0 Role: 0
0 1 9 12 0 Role: 0
0 86 17 0 Role: 1
0 69 48 0 Role: 1
0 36 61 0 Role: 1
0 40 0 Role: 2
0 64 54 0 Role: 2

Số khách: 75
Chi phí: 1.83594e+07
0 13 8 34 30 14 50 97 61 93 98 1 29 40 26 76 22 7 0 Role: 0
0 79 2 25 28 37 38 31 9 5 41 91 63 49 88 43 71 67 56 51 81 12 57 62 19 0 Role: 0
0 18 4 11 20 70 72 44 23 39 78 21 83 89 84 55 0 Role: 0
0 27 87 32 66 15 45 68 33 6 59 75 60 92 95 0 Role: 0
0 17 86 0 Role: 1
0 64 54 0 Role: 1
0 69 0 Role: 1

Số khách: 64
Chi phí: 1.49112e+07
0 42 20 35 30 24 82 65 73 74 93 21 89 43 97 84 9 25 41 98 92 6 7 12 15 19 22 26 29 40 57 62 76 0 Role: 0
0 13 8 34 16 10 14 2 11 18 23 39 69 52 33 44 31 37 60 59 81 95 51 63 71 0 Role: 0
0 36 48 0 Role: 1
0 17 86 0 Role: 2
0 61 0 Role: 2
0 54 64 0 Role: 3
0 78 0 Role: 3

Số khách: 85
Chi phí: 2.23307e+07
0 13 8 14 33 1 25 37 88 89 91 0 Role: 0
0 28 24 34 4 18 45 70 68 58 78 69 83 0 Role: 0
0 65 11 16 38 2 20 10 23 39 44 52 67 55 71 79 6 59 60 49 51 56 7 95 26 57 76 22 43 19 31 62 0 Role: 0
0 27 32 35 50 48 17 36 61 66 93 97 98 0 Role: 0
0 21 3 87 84 5 72 75 90 41 92 15 9 81 63 12 29 0 Role: 0
0 40 0 Role: 1
0 64 54 0 Role: 1
0 86 0 Role: 2

Số khách: 78
Chi phí: 1.99142e+07
0 18 4 81 28 45 70 68 58 78 83 15 9 63 12 29 0 Role: 0
0 65 11 16 38 2 20 10 23 39 44 52 67 55 71 79 6 59 60 49 51 56 7 95 26 57 76 22 43 19 31 62 0 Role: 0
0 13 8 37 30 14 33 1 25 88 89 91 0 Role: 0
0 41 90 75 72 5 84 87 3 21 92 0 Role: 0
0 24 34 0 Role: 0
0 40 0 Role: 1
0 64 54 0 Role: 1
0 86 17 0 Role: 2
0 69 48 0 Role: 2
0 36 61 0 Role: 2

Số khách: 83
Chi phí: 2.1225e+07
0 65 11 16 38 2 20 10 23 39 44 52 67 55 71 79 6 59 60 49 51 56 7 95 26 57 76 22 43 19 31 62 0 Role: 0
0 13 8 37 30 14 33 1 25 88 89 91 40 0 Role: 0
0 21 3 87 84 5 72 75 90 41 92 93 98 0 Role: 0
0 18 4 81 28 45 70 68 58 78 83 15 9 63 12 29 0 Role: 0
0 24 34 35 50 66 0 Role: 0
0 86 17 0 Role: 1
0 69 48 0 Role: 1
0 36 61 0 Role: 1
0 64 54 0 Role: 2

Số khách: 56
Chi phí: 1.06912e+07
0 50 68 90 45 12 84 87 66 62 92 31 37 81 63 25 41 33 40 29 0 Role: 0
0 65 11 16 38 2 20 10 23 39 44 52 67 55 71 79 6 59 60 49 51 56 7 95 26 57 76 22 43 19 0 Role: 0
0 86 17 0 Role: 1
0 69 48 0 Role: 1
0 36 61 0 Role: 1
0 64 54 0 Role: 2

Số khách: 80
Chi phí: 2.09593e+07
0 27 21 3 5 9 31 37 25 33 40 71 41 63 81 43 0 Role: 0
0 50 68 45 12 84 87 66 89 62 90 92 7 15 19 22 26 29 57 76 0 Role: 0
0 4 11 16 28 2 10 23 44 39 52 67 55 79 59 60 56 0 Role: 0
0 42 20 35 30 24 82 65 73 74 93 97 98 6 1 51 75 38 49 83 88 95 0 Role: 0
0 48 36 0 Role: 1
0 17 86 0 Role: 2
0 54 64 0 Role: 2
0 78 0 Role: 2
0 61 0 Role: 3
0 69 0 Role: 4

Số khách: 59
Chi phí: 1.42051e+07
0 79 2 25 28 37 38 31 9 5 41 91 63 49 88 43 7 71 56 51 12 76 57 62 19 0 Role: 0
0 20 14 13 18 16 45 44 23 39 64 95 6 70 72 15 89 22 84 92 26 40 29 81 0 Role: 0
0 69 55 67 1 52 33 59 0 Role: 0
0 48 36 0 Role: 1
0 17 0 Role: 2
0 78 54 0 Role: 2

Số khách: 68
Chi phí: 1.63936e+07
0 13 8 34 16 30 36 61 99 45 3 21 38 37 25 33 56 67 79 71 7 76 43 19 0 Role: 0
0 97 9 2 5 44 23 6 98 93 49 88 15 62 57 26 40 69 51 75 92 0 Role: 0
0 18 4 39 50 20 68 70 28 66 84 31 12 90 91 41 29 95 89 22 63 81 0 Role: 0
0 64 54 0 Role: 1
0 17 86 0 Role: 2

Số khách: 36
Chi phí: 6.103e+06
0 65 11 16 38 2 20 10 23 39 44 52 67 55 71 79 6 59 60 49 51 56 7 95 26 57 76 22 43 19 62 0 Role: 0
0 86 17 0 Role: 1
0 69 48 0 Role: 1
0 36 61 0 Role: 1

Số khách: 76
Chi phí: 1.92076e+07
0 24 34 35 50 66 9 12 15 29 63 81 83 0 Role: 0
0 13 8 37 30 14 33 1 25 88 89 91 40 0 Role: 0
0 65 11 16 38 2 20 10 23 39 44 52 67 55 71 79 6 59 60 49 51 56 7 95 26 57 76 22 43 19 31 62 0 Role: 0
0 21 3 87 84 5 72 75 90 41 92 93 98 78 0 Role: 0
0 64 54 0 Role: 1
0 86 17 0 Role: 2
0 69 48 0 Role: 2
0 36 61 0 Role: 2

Số khách: 31
Chi phí: 5.79934e+06
0 21 3 11 16 15 9 25 2 33 38 49 19 43 12 51 91 55 79 7 57 26 76 62 0 Role: 0
0 48 0 Role: 1
0 36 95 61 0 Role: 1
0 78 54 0 Role: 1
0 69 40 0 Role: 1

Số khách: 42
Chi phí: 7.44527e+06
0 65 11 16 38 2 20 10 23 39 44 52 67 55 71 79 6 59 60 49 51 56 7 26 57 62 76 22 19 31 63 81 0 Role: 0
0 40 0 Role: 1
0 86 17 0 Role: 2
0 69 48 0 Role: 2
0 36 95 61 0 Role: 2
0 54 64 0 Role: 3
0 78 0 Role: 3

Số khách: 65
Chi phí: 1.56135e+07
0 65 11 16 38 2 20 10 23 39 44 52 67 55 71 79 6 59 60 49 51 56 7 26 57 76 22 19 0 Role: 0
0 70 28 75 72 83 3 78 54 58 88 43 95 29 91 63 81 0 Role: 0
0 50 68 90 45 12 84 87 66 62 92 40 33 25 37 31 0 Role: 0
0 86 17 0 Role: 1
0 69 48 0 Role: 1
0 36 61 0 Role: 1
0 64 0 Role: 2

Số khách: 14
Chi phí: 3.3559e+06
0 84 63 25 54 0 Role: 0
0 48 36 0 Role: 1
0 61 95 0 Role: 1
0 69 40 0 Role: 1
0 64 78 0 Role: 1
0 86 17 0 Role: 2

Số khách: 30
Chi phí: 5.57925e+06
0 21 3 11 16 15 9 25 2 33 38 49 19 43 12 51 91 55 79 7 57 76 62 0 Role: 0
0 48 0 Role: 1
0 36 95 61 0 Role: 1
0 78 54 0 Role: 1
0 69 40 0 Role: 1

Số khách: 16
Chi phí: 3.85041e+06
0 26 6 1 12 15 19 22 7 29 40 76 62 57 0 Role: 0
0 36 95 61 0 Role: 1

Số khách: 27
Chi phí: 5.23599e+06
0 39 16 10 44 72 70 68 52 58 75 79 26 78 57 62 83 19 88 0 Role: 0
0 48 36 0 Role: 1
0 69 40 0 Role: 1
0 64 0 Role: 1
0 61 95 0 Role: 1
0 17 86 0 Role: 2

Số khách: 67
Chi phí: 1.58738e+07
0 13 8 34 30 14 50 97 61 93 98 1 29 40 26 76 22 7 33 92 95 0 Role: 0
0 79 2 25 28 37 38 31 9 5 41 91 63 49 88 43 71 67 56 51 81 12 57 62 19 0 Role: 0
0 18 4 11 20 70 72 44 23 39 78 21 83 89 84 55 6 15 75 0 Role: 0
0 17 86 0 Role: 1
0 64 54 0 Role: 1
0 69 0 Role: 1

Số khách: 21
Chi phí: 3.88836e+06
0 29 7 6 56 51 63 81 19 22 57 62 0 Role: 0
0 17 86 0 Role: 1
0 69 48 0 Role: 1
0 64 78 54 0 Role: 1
0 36 61 95 0 Role: 2

Số khách: 18
Chi phí: 3.8523e+06
0 57 15 37 9 12 25 41 1 33 0 Role: 0
0 64 54 0 Role: 1
0 86 17 0 Role: 2
0 69 48 0 Role: 2
0 36 95 61 0 Role: 2

Số khách: 23
Chi phí: 4.3716e+06
0 26 6 12 15 19 22 84 7 29 57 76 62 0 Role: 0
0 64 78 54 0 Role: 1
0 69 40 0 Role: 1
0 86 17 0 Role: 2
0 48 36 0 Role: 2
0 61 95 0 Role: 2

Số khách: 40
Chi phí: 6.96242e+06
0 65 11 16 38 2 20 10 23 39 44 52 67 55 71 79 6 59 60 49 51 56 7 26 57 62 76 22 19 31 63 81 0 Role: 0
0 64 54 0 Role: 1
0 86 17 0 Role: 2
0 69 48 0 Role: 2
0 36 95 61 0 Role: 2

Số khách: 37
Chi phí: 6.38606e+06
0 65 11 16 38 2 20 10 23 39 44 52 67 55 71 79 6 59 60 49 51 56 7 95 26 57 76 22 43 19 31 62 0 Role: 0
0 86 17 0 Role: 1
0 69 48 0 Role: 1
0 36 61 0 Role: 1

Số khách: 25
Chi phí: 4.87026e+06
0 69 55 67 1 52 33 59 6 7 12 15 19 22 26 29 40 57 62 76 0 Role: 0
0 17 86 0 Role: 1
0 78 54 0 Role: 1
0 48 36 0 Role: 2

Số khách: 22
Chi phí: 4.22605e+06
0 29 7 6 51 63 81 19 22 57 62 26 76 0 Role: 0
0 17 86 0 Role: 1
0 69 48 0 Role: 1
0 64 78 54 0 Role: 1
0 36 61 95 0 Role: 2

Số khách: 41
Chi phí: 7.4091e+06
0 65 11 16 38 2 20 10 23 39 44 52 67 55 71 79 6 59 60 49 51 56 7 26 57 62 76 22 19 31 63 81 0 Role: 0
0 86 17 0 Role: 1
0 69 48 0 Role: 1
0 36 95 61 0 Role: 1
0 54 0 Role: 2
0 78 0 Role: 2
0 40 0 Role: 3

Số khách: 38
Chi phí: 6.70688e+06
0 65 11 16 38 2 20 10 23 39 44 52 67 55 71 79 6 59 60 49 51 56 7 26 57 76 22 19 31 40 0 Role: 0
0 64 54 0 Role: 1
0 86 17 0 Role: 2
0 69 48 0 Role: 2
0 36 61 95 0 Role: 2

Số khách: 26
Chi phí: 5.12773e+06
0 26 6 12 15 19 22 84 7 29 57 62 43 81 63 76 0 Role: 0
0 86 17 0 Role: 1
0 48 36 0 Role: 1
0 61 95 0 Role: 1
0 64 78 54 0 Role: 2
0 69 40 0 Role: 2

Số khách: 25
Chi phí: 4.87026e+06
0 69 55 67 1 52 33 59 6 7 12 15 19 22 26 29 40 57 62 76 0 Role: 0
0 17 86 0 Role: 1
0 78 54 0 Role: 1
0 36 48 0 Role: 2

Số khách: 39
Chi phí: 6.77427e+06
0 65 11 16 38 2 20 10 23 39 44 52 67 55 71 79 6 59 60 49 51 56 7 95 26 57 76 22 43 19 31 62 0 Role: 0
0 64 54 0 Role: 1
0 86 17 0 Role: 2
0 69 48 0 Role: 2
0 36 61 0 Role: 2

Số khách: 26
Chi phí: 5.12773e+06
0 26 6 12 15 19 22 84 7 29 57 62 43 81 63 76 0 Role: 0
0 64 78 54 0 Role: 1
0 69 40 0 Role: 1
0 86 17 0 Role: 2
0 48 36 0 Role: 2
0 61 95 0 Role: 2

Số khách: 39
Chi phí: 6.77427e+06
0 65 11 16 38 2 20 10 23 39 44 52 67 55 71 79 6 59 60 49 51 56 7 95 26 57 76 22 43 19 31 62 0 Role: 0
0 86 17 0 Role: 1
0 69 48 0 Role: 1
0 36 61 0 Role: 1
0 64 54 0 Role: 2

Số khách: 42
Chi phí: 7.44527e+06
0 65 11 16 38 2 20 10 23 39 44 52 67 55 71 79 6 59 60 49 51 56 7 26 57 62 76 22 19 31 63 81 0 Role: 0
0 54 64 0 Role: 1
0 78 0 Role: 1
0 86 17 0 Role: 2
0 69 48 0 Role: 2
0 36 95 61 0 Role: 2
0 40 0 Role: 3

Số khách: 42
Chi phí: 7.44527e+06
0 65 11 16 38 2 20 10 23 39 44 52 67 55 71 79 6 59 60 49 51 56 7 26 57 62 76 22 19 31 63 81 0 Role: 0
0 40 0 Role: 1
0 54 64 0 Role: 2
0 78 0 Role: 2
0 86 17 0 Role: 3
0 69 48 0 Role: 3
0 36 95 61 0 Role: 3

