Số khách: 84
Chi phí: 1.03131e+07
0 30 47 15 89 48 20 17 0 Role: 0
0 88 57 19 21 0 Role: 0
0 45 95 0 Role: 0
0 78 0 Role: 0
0 91 74 68 59 67 64 0 Role: 0
0 12 28 10 56 2 69 71 54 39 0 Role: 1
0 72 35 25 85 60 40 0 Role: 1
0 18 92 4 77 75 73 58 38 0 Role: 1
0 84 6 0 Role: 2
0 50 31 0 Role: 3
0 3 61 24 0 Role: 4
0 86 5 36 0 Role: 4
0 8 22 0 Role: 4
0 93 9 0 Role: 5
0 27 11 0 Role: 5
0 43 0 Role: 5
0 97 0 Role: 6
0 1 49 13 51 70 90 0 Role: 6
0 98 7 0 Role: 6
0 34 66 99 0 Role: 7
0 80 52 23 62 44 0 Role: 8
0 16 96 53 0 Role: 8
0 41 37 46 100 0 Role: 9

Số khách: 79
Chi phí: 6.41582e+06
0 68 0 Role: 0
0 53 35 0 Role: 0
0 88 28 72 0 Role: 1
0 43 22 0 Role: 1
0 54 58 78 0 Role: 1
0 75 73 19 39 0 Role: 1
0 36 69 51 38 74 0 Role: 2
0 31 59 60 84 0 Role: 2
0 2 4 64 0 Role: 2
0 92 77 13 24 17 0 Role: 3
0 11 0 Role: 3
0 10 48 3 40 0 Role: 4
0 85 6 18 0 Role: 4
0 5 86 0 Role: 4
0 44 49 89 0 Role: 5
0 27 67 91 47 98 56 0 Role: 5
0 45 97 0 Role: 6
0 50 61 25 8 0 Role: 6
0 71 96 23 100 52 41 70 0 Role: 7
0 16 62 90 12 0 Role: 7
0 93 7 0 Role: 7
0 37 14 99 34 0 Role: 8
0 46 0 Role: 8
0 1 9 95 66 0 Role: 9

Số khách: 82
Chi phí: 4.89654e+06
0 15 23 88 7 16 69 13 55 98 0 Role: 0
0 4 0 Role: 1
0 12 100 22 51 0 Role: 1
0 53 2 67 6 0 Role: 2
0 36 0 Role: 2
0 35 86 72 78 0 Role: 2
0 74 5 59 73 3 39 0 Role: 2
0 38 56 92 17 18 61 77 0 Role: 2
0 8 19 25 0 Role: 2
0 84 60 0 Role: 2
0 70 68 71 0 Role: 3
0 48 89 0 Role: 3
0 40 0 Role: 4
0 62 43 91 31 0 Role: 4
0 58 64 54 24 47 85 0 Role: 4
0 11 75 0 Role: 4
0 49 96 93 45 52 0 Role: 5
0 27 0 Role: 5
0 90 28 0 Role: 5
0 80 66 44 50 0 Role: 6
0 46 9 10 34 41 1 0 Role: 7
0 14 97 37 99 95 0 Role: 7

Số khách: 81
Chi phí: 8.62705e+06
0 63 46 0 Role: 0
0 13 0 Role: 0
0 77 0 Role: 0
0 22 58 59 72 8 5 0 Role: 0
0 62 78 69 3 60 0 Role: 1
0 25 0 Role: 1
0 36 88 75 64 0 Role: 1
0 34 98 0 Role: 2
0 91 0 Role: 2
0 37 48 45 0 Role: 3
0 31 84 0 Role: 3
0 35 38 4 39 0 Role: 3
0 61 6 73 17 0 Role: 3
0 85 19 86 18 56 74 40 0 Role: 3
0 2 92 0 Role: 3
0 28 100 68 7 11 47 0 Role: 4
0 24 67 43 0 Role: 4
0 80 71 0 Role: 5
0 50 10 53 97 90 51 0 Role: 6
0 54 23 93 70 89 0 Role: 6
0 27 0 Role: 6
0 96 44 0 Role: 7
0 16 0 Role: 7
0 12 0 Role: 7
0 52 0 Role: 7
0 49 0 Role: 7
0 41 1 14 95 9 0 Role: 8
0 99 0 Role: 8
0 66 0 Role: 8

Số khách: 80
Chi phí: 7.15806e+06
0 66 14 0 Role: 0
0 73 18 4 78 84 56 75 88 0 Role: 0
0 62 0 Role: 0
0 31 69 0 Role: 1
0 74 6 0 Role: 1
0 72 61 22 68 77 0 Role: 1
0 36 0 Role: 1
0 58 0 Role: 2
0 91 51 38 60 0 Role: 2
0 3 0 Role: 2
0 53 46 0 Role: 3
0 37 43 44 0 Role: 3
0 86 17 0 Role: 3
0 98 54 0 Role: 3
0 35 64 59 25 39 85 0 Role: 3
0 19 0 Role: 3
0 92 8 2 67 0 Role: 3
0 5 0 Role: 3
0 40 0 Role: 3
0 24 70 45 0 Role: 4
0 49 71 48 0 Role: 4
0 23 47 90 13 0 Role: 4
0 11 0 Role: 4
0 89 12 10 7 28 9 50 0 Role: 5
0 97 52 41 93 34 0 Role: 5
0 96 99 27 0 Role: 5
0 16 100 0 Role: 6
0 80 95 1 0 Role: 7

Số khách: 73
Chi phí: 9.58678e+06
0 12 57 0 Role: 0
0 13 0 Role: 0
0 72 35 0 Role: 0
0 95 43 0 Role: 0
0 41 0 Role: 0
0 25 85 73 69 0 Role: 1
0 38 61 84 88 31 19 74 60 39 0 Role: 2
0 64 92 18 8 0 Role: 2
0 77 56 75 59 78 0 Role: 2
0 4 86 0 Role: 3
0 27 0 Role: 3
0 67 17 47 98 0 Role: 4
0 5 3 0 Role: 4
0 7 66 51 22 11 58 0 Role: 5
0 6 0 Role: 5
0 2 24 40 68 36 0 Role: 5
0 100 50 70 23 28 0 Role: 6
0 90 0 Role: 6
0 10 45 91 54 71 0 Role: 7
0 14 52 89 62 44 0 Role: 8
0 16 96 53 93 48 0 Role: 8
0 49 0 Role: 9

Số khách: 83
Chi phí: 1.02655e+07
0 41 58 60 0 Role: 0
0 5 33 78 8 35 22 6 0 Role: 0
0 23 95 87 54 81 0 Role: 0
0 92 90 74 51 71 75 0 Role: 0
0 61 69 0 Role: 0
0 99 28 0 Role: 1
0 73 72 0 Role: 1
0 18 0 Role: 1
0 77 4 17 40 31 85 39 0 Role: 1
0 68 0 Role: 1
0 56 36 19 25 86 88 0 Role: 1
0 3 38 2 59 64 0 Role: 1
0 84 0 Role: 1
0 46 53 0 Role: 2
0 34 24 7 0 Role: 3
0 10 49 47 45 0 Role: 4
0 89 66 13 0 Role: 5
0 48 27 67 43 98 11 0 Role: 5
0 14 52 44 96 50 16 0 Role: 6
0 62 12 91 0 Role: 6
0 100 93 0 Role: 7
0 70 0 Role: 7
0 97 37 9 1 0 Role: 8
0 80 0 Role: 9

Số khách: 80
Chi phí: 6.13346e+06
0 60 0 Role: 0
0 11 6 19 17 0 Role: 0
0 75 93 0 Role: 1
0 100 73 0 Role: 1
0 98 40 0 Role: 2
0 18 92 47 67 43 38 35 39 0 Role: 2
0 74 59 84 86 78 0 Role: 2
0 56 4 0 Role: 2
0 3 5 8 31 77 85 0 Role: 2
0 58 69 61 88 72 0 Role: 2
0 25 0 Role: 2
0 2 68 22 54 0 Role: 3
0 24 36 64 0 Role: 3
0 44 23 28 71 51 13 27 49 91 0 Role: 4
0 7 0 Role: 4
0 53 52 62 0 Role: 5
0 16 50 89 70 48 0 Role: 5
0 45 90 0 Role: 5
0 1 12 0 Role: 6
0 80 99 34 10 41 0 Role: 7
0 14 95 9 37 66 0 Role: 7
0 46 96 0 Role: 7
0 97 0 Role: 8

Số khách: 83
Chi phí: 8.64962e+06
0 49 31 25 0 Role: 0
0 23 3 74 0 Role: 0
0 26 40 32 88 61 0 Role: 0
0 95 52 89 24 8 81 0 Role: 0
0 14 91 64 0 Role: 1
0 53 99 56 75 11 22 60 85 0 Role: 2
0 6 39 5 17 0 Role: 2
0 92 35 0 Role: 2
0 36 0 Role: 2
0 4 0 Role: 2
0 69 0 Role: 2
0 86 59 58 0 Role: 2
0 2 18 77 38 73 84 19 0 Role: 2
0 78 0 Role: 2
0 67 47 68 43 0 Role: 3
0 54 72 0 Role: 3
0 80 97 41 0 Role: 4
0 71 96 7 12 44 0 Role: 4
0 98 0 Role: 5
0 93 28 13 70 27 0 Role: 5
0 45 0 Role: 5
0 51 90 0 Role: 5
0 37 100 16 0 Role: 6
0 62 50 0 Role: 6
0 48 0 Role: 6
0 46 9 66 0 Role: 7
0 10 1 34 0 Role: 7

Số khách: 83
Chi phí: 1.03026e+07
0 48 84 0 Role: 0
0 74 68 22 0 Role: 0
0 7 99 78 0 Role: 0
0 17 93 61 88 4 35 59 0 Role: 0
0 82 89 34 26 14 0 Role: 0
0 38 20 5 0 Role: 0
0 18 70 39 100 77 44 0 Role: 1
0 3 0 Role: 1
0 19 0 Role: 1
0 56 58 75 60 0 Role: 1
0 23 25 24 36 92 31 85 0 Role: 2
0 67 8 69 2 6 0 Role: 2
0 73 64 40 0 Role: 2
0 72 86 0 Role: 2
0 41 28 0 Role: 3
0 53 50 90 49 0 Role: 3
0 51 43 54 0 Role: 3
0 45 13 11 98 91 0 Role: 3
0 47 0 Role: 3
0 16 62 71 96 0 Role: 4
0 27 12 0 Role: 4
0 37 95 1 0 Role: 5
0 52 9 46 97 10 66 0 Role: 5
0 80 0 Role: 6

Số khách: 80
Chi phí: 5.56908e+06
0 95 0 Role: 0
0 98 4 91 0 Role: 0
0 48 25 0 Role: 1
0 35 8 67 0 Role: 1
0 84 0 Role: 1
0 85 6 36 0 Role: 1
0 28 93 16 10 0 Role: 2
0 92 90 78 2 5 88 19 60 39 0 Role: 2
0 56 61 72 75 69 0 Role: 2
0 68 59 18 38 74 0 Role: 2
0 64 31 40 73 77 0 Role: 2
0 3 86 17 58 22 0 Role: 2
0 24 70 13 71 89 43 0 Role: 3
0 49 7 45 27 0 Role: 3
0 47 0 Role: 3
0 54 51 11 0 Role: 3
0 41 1 97 23 96 0 Role: 4
0 12 0 Role: 4
0 46 44 52 53 50 0 Role: 4
0 62 0 Role: 4
0 80 9 14 37 34 0 Role: 5
0 99 0 Role: 5
0 100 0 Role: 5
0 66 0 Role: 6

Số khách: 84
Chi phí: 8.70792e+06
0 79 56 0 Role: 0
0 45 12 82 1 64 84 33 92 35 20 71 73 75 0 Role: 0
0 2 22 38 77 0 Role: 0
0 24 5 89 90 0 Role: 0
0 48 91 11 88 18 0 Role: 1
0 59 3 19 58 78 85 39 0 Role: 1
0 72 0 Role: 1
0 68 40 86 74 60 0 Role: 1
0 69 31 25 0 Role: 1
0 96 36 0 Role: 2
0 6 27 43 67 98 0 Role: 2
0 8 0 Role: 2
0 54 47 4 61 0 Role: 2
0 53 93 50 52 37 97 49 13 0 Role: 3
0 7 51 28 0 Role: 3
0 70 17 0 Role: 3
0 34 99 66 9 14 41 0 Role: 4
0 44 16 62 23 0 Role: 4
0 46 0 Role: 5
0 100 0 Role: 5
0 95 10 0 Role: 6
0 80 0 Role: 7

Số khách: 86
Chi phí: 9.51671e+06
0 76 26 0 Role: 0
0 94 0 Role: 0
0 37 81 96 21 0 Role: 0
0 90 51 93 24 69 0 Role: 0
0 52 38 77 20 4 0 Role: 0
0 53 95 0 Role: 1
0 70 64 61 60 92 0 Role: 1
0 58 84 67 56 18 0 Role: 1
0 34 39 0 Role: 2
0 22 5 27 86 0 Role: 2
0 40 74 19 68 47 98 35 85 0 Role: 2
0 71 3 36 75 2 31 0 Role: 2
0 73 6 0 Role: 2
0 59 72 17 88 78 25 0 Role: 2
0 8 0 Role: 2
0 66 49 16 0 Role: 3
0 54 45 0 Role: 3
0 91 11 43 0 Role: 3
0 12 0 Role: 4
0 97 14 9 7 13 0 Role: 4
0 89 48 0 Role: 4
0 23 0 Role: 4
0 44 62 28 0 Role: 5
0 50 0 Role: 5
0 41 46 1 100 0 Role: 6
0 10 80 99 0 Role: 7

Số khách: 81
Chi phí: 6.39563e+06
0 51 24 86 27 5 2 0 Role: 0
0 6 55 69 18 0 Role: 0
0 75 38 74 19 59 77 36 39 35 0 Role: 1
0 80 56 11 68 88 0 Role: 2
0 92 58 60 22 3 40 85 0 Role: 2
0 17 8 73 0 Role: 2
0 31 0 Role: 2
0 61 0 Role: 2
0 64 4 84 25 78 0 Role: 2
0 72 0 Role: 2
0 48 54 0 Role: 3
0 23 0 Role: 3
0 43 93 91 71 0 Role: 3
0 13 0 Role: 3
0 67 0 Role: 3
0 96 34 9 90 28 0 Role: 4
0 16 98 89 0 Role: 4
0 49 45 0 Role: 4
0 7 70 47 0 Role: 4
0 53 46 0 Role: 5
0 97 50 66 44 52 12 0 Role: 5
0 62 0 Role: 5
0 10 0 Role: 6
0 95 1 99 37 41 100 0 Role: 7
0 14 0 Role: 8

Số khách: 86
Chi phí: 1.01957e+07
0 51 31 84 27 60 87 40 36 81 68 0 Role: 0
0 38 5 0 Role: 0
0 48 42 0 Role: 0
0 70 76 7 93 64 8 20 55 0 Role: 0
0 46 0 Role: 0
0 4 100 0 Role: 1
0 24 0 Role: 2
0 3 0 Role: 3
0 56 92 85 58 0 Role: 3
0 73 6 69 0 Role: 3
0 17 75 39 25 2 0 Role: 3
0 74 77 0 Role: 3
0 72 22 19 54 61 35 0 Role: 4
0 88 67 78 59 18 0 Role: 4
0 86 0 Role: 4
0 91 98 43 71 0 Role: 5
0 47 11 0 Role: 5
0 97 50 23 45 62 28 44 0 Role: 6
0 53 13 90 0 Role: 6
0 89 0 Role: 6
0 1 49 16 12 52 0 Role: 7
0 96 0 Role: 7
0 34 0 Role: 8
0 14 10 9 37 99 95 41 0 Role: 8
0 66 0 Role: 8
0 80 0 Role: 9

Số khách: 80
Chi phí: 5.11871e+06
0 69 0 Role: 0
0 52 64 61 72 35 39 0 Role: 1
0 22 9 88 45 90 24 85 43 70 0 Role: 2
0 60 74 40 8 56 0 Role: 2
0 75 38 73 31 4 36 19 0 Role: 2
0 86 18 0 Role: 2
0 84 0 Role: 2
0 6 2 92 17 77 78 25 3 0 Role: 2
0 59 5 0 Role: 2
0 46 71 16 12 0 Role: 3
0 47 27 89 0 Role: 4
0 93 0 Role: 4
0 11 67 68 91 54 58 0 Role: 4
0 50 98 13 49 0 Role: 5
0 44 53 48 23 7 0 Role: 6
0 51 0 Role: 6
0 28 96 97 66 14 0 Role: 7
0 41 10 0 Role: 8
0 95 99 1 34 37 0 Role: 8
0 62 0 Role: 8
0 80 100 0 Role: 9

Số khách: 81
Chi phí: 8.80722e+06
0 6 40 0 Role: 0
0 57 35 64 72 3 73 0 Role: 0
0 93 11 0 Role: 0
0 36 99 0 Role: 0
0 74 0 Role: 1
0 27 98 47 69 78 0 Role: 1
0 5 67 0 Role: 1
0 77 0 Role: 2
0 84 45 16 8 19 58 0 Role: 3
0 34 59 14 0 Role: 4
0 60 17 61 86 24 38 85 39 0 Role: 4
0 1 100 12 70 22 43 44 0 Role: 5
0 90 18 28 4 31 25 88 56 0 Role: 5
0 75 92 68 0 Role: 5
0 2 0 Role: 5
0 52 53 46 0 Role: 6
0 9 66 62 96 71 50 51 0 Role: 6
0 91 7 54 0 Role: 6
0 13 0 Role: 6
0 95 41 89 0 Role: 7
0 48 49 23 0 Role: 7
0 10 97 0 Role: 8
0 37 0 Role: 8
0 80 0 Role: 9

Số khách: 85
Chi phí: 6.33127e+06
0 81 82 63 87 13 76 43 18 4 47 22 0 Role: 0
0 27 16 0 Role: 0
0 23 0 Role: 1
0 3 64 6 0 Role: 1
0 69 56 74 38 85 0 Role: 1
0 17 59 25 0 Role: 1
0 5 75 78 40 0 Role: 1
0 72 73 2 77 19 31 61 35 0 Role: 1
0 60 8 92 86 39 0 Role: 1
0 84 88 0 Role: 1
0 45 96 14 9 98 58 24 0 Role: 2
0 71 68 91 11 67 0 Role: 2
0 54 36 0 Role: 2
0 51 90 70 49 0 Role: 3
0 89 7 0 Role: 3
0 80 0 Role: 4
0 44 12 48 28 0 Role: 4
0 93 0 Role: 4
0 10 52 53 34 50 66 0 Role: 5
0 97 1 46 95 41 0 Role: 5
0 62 0 Role: 5
0 100 0 Role: 6
0 99 37 0 Role: 7

Số khách: 81
Chi phí: 7.00313e+06
0 14 96 0 Role: 0
0 97 48 84 43 0 Role: 0
0 77 16 29 80 60 18 8 88 0 Role: 0
0 54 0 Role: 1
0 66 62 72 75 70 47 98 35 0 Role: 1
0 2 0 Role: 1
0 3 0 Role: 1
0 86 24 17 36 40 19 61 0 Role: 1
0 5 0 Role: 1
0 85 58 0 Role: 1
0 73 38 0 Role: 1
0 59 0 Role: 1
0 4 39 69 92 56 74 0 Role: 1
0 25 22 78 0 Role: 1
0 31 6 64 0 Role: 1
0 89 53 52 0 Role: 2
0 100 0 Role: 2
0 7 91 13 71 11 0 Role: 2
0 67 68 0 Role: 2
0 44 12 50 93 0 Role: 3
0 49 90 0 Role: 3
0 45 27 0 Role: 3
0 51 23 0 Role: 4
0 99 0 Role: 5
0 95 0 Role: 6
0 9 28 1 34 10 41 0 Role: 6
0 46 37 0 Role: 6

Số khách: 82
Chi phí: 1.13499e+07
0 19 59 2 40 24 0 Role: 0
0 94 5 67 0 Role: 0
0 10 69 81 0 Role: 0
0 58 0 Role: 0
0 89 38 4 20 64 25 0 Role: 0
0 12 91 84 43 39 77 61 0 Role: 0
0 100 53 75 44 52 0 Role: 1
0 50 99 0 Role: 2
0 34 0 Role: 2
0 27 51 90 72 86 85 0 Role: 3
0 96 3 74 68 60 35 0 Role: 4
0 95 0 Role: 5
0 92 17 47 98 28 0 Role: 5
0 49 0 Role: 5
0 22 70 45 54 88 93 0 Role: 5
0 1 46 8 18 0 Role: 6
0 56 36 31 0 Role: 6
0 73 6 78 0 Role: 6
0 48 11 0 Role: 7
0 71 23 0 Role: 8
0 62 7 0 Role: 8
0 13 16 0 Role: 8
0 97 9 37 0 Role: 9
0 41 66 14 0 Role: 9

Số khách: 85
Chi phí: 1.13243e+07
0 90 0 Role: 0
0 48 0 Role: 0
0 7 15 33 18 67 35 87 17 20 57 69 0 Role: 0
0 82 0 Role: 0
0 9 0 Role: 0
0 26 86 43 89 64 68 40 56 0 Role: 0
0 12 16 11 60 2 58 25 74 39 0 Role: 1
0 34 61 92 8 19 85 0 Role: 2
0 59 88 78 77 6 0 Role: 2
0 97 54 0 Role: 3
0 93 0 Role: 3
0 36 49 3 31 0 Role: 3
0 22 75 73 4 0 Role: 3
0 72 0 Role: 3
0 84 0 Role: 3
0 96 66 0 Role: 4
0 91 98 0 Role: 4
0 13 71 51 5 47 0 Role: 4
0 1 50 10 38 0 Role: 5
0 52 62 70 53 27 0 Role: 6
0 46 0 Role: 7
0 100 24 45 23 28 0 Role: 8
0 37 80 14 41 44 0 Role: 9

Số khách: 83
Chi phí: 1.01251e+07
0 51 13 58 67 3 35 0 Role: 0
0 69 7 18 57 4 71 0 Role: 0
0 11 31 86 39 0 Role: 0
0 62 82 33 91 85 0 Role: 0
0 97 59 48 72 0 Role: 0
0 77 0 Role: 0
0 9 78 92 45 90 74 2 36 0 Role: 1
0 64 25 0 Role: 1
0 8 0 Role: 1
0 19 38 0 Role: 1
0 60 5 22 40 61 0 Role: 1
0 56 17 0 Role: 1
0 88 6 73 84 75 0 Role: 1
0 34 54 0 Role: 2
0 12 23 46 53 37 44 0 Role: 2
0 28 0 Role: 2
0 43 24 0 Role: 2
0 16 0 Role: 2
0 93 47 0 Role: 2
0 49 27 70 89 98 0 Role: 2
0 68 0 Role: 2
0 100 96 52 41 50 0 Role: 3
0 10 99 0 Role: 4
0 95 66 0 Role: 4
0 14 1 0 Role: 4
0 80 0 Role: 5

Số khách: 82
Chi phí: 1.06354e+07
0 31 76 54 93 91 72 64 51 6 84 0 Role: 0
0 40 37 47 0 Role: 0
0 57 17 0 Role: 0
0 50 18 75 71 39 38 0 Role: 0
0 68 28 69 0 Role: 0
0 35 86 88 0 Role: 0
0 36 0 Role: 1
0 100 62 0 Role: 1
0 73 92 4 25 85 60 0 Role: 2
0 59 3 67 0 Role: 2
0 8 74 5 61 0 Role: 2
0 77 2 0 Role: 2
0 58 22 0 Role: 2
0 78 56 0 Role: 2
0 19 0 Role: 2
0 24 13 0 Role: 3
0 98 90 0 Role: 3
0 16 46 95 99 12 14 9 0 Role: 4
0 34 96 23 10 43 41 0 Role: 4
0 45 70 49 11 0 Role: 4
0 48 89 27 0 Role: 5
0 7 0 Role: 5
0 66 44 53 0 Role: 6
0 52 0 Role: 6
0 80 1 97 0 Role: 7

Số khách: 81
Chi phí: 6.0739e+06
0 68 0 Role: 0
0 85 15 17 86 78 77 0 Role: 0
0 48 35 73 88 0 Role: 1
0 5 22 36 69 61 39 0 Role: 1
0 56 59 0 Role: 1
0 38 64 18 6 4 74 60 0 Role: 1
0 89 96 95 0 Role: 2
0 44 45 54 11 24 3 40 19 0 Role: 2
0 58 67 84 8 31 2 0 Role: 2
0 72 25 75 92 0 Role: 2
0 1 27 12 0 Role: 3
0 43 49 93 71 98 70 0 Role: 3
0 97 52 51 91 47 0 Role: 4
0 13 0 Role: 4
0 7 10 0 Role: 5
0 90 23 0 Role: 6
0 16 28 0 Role: 6
0 34 66 99 9 0 Role: 7
0 41 46 50 0 Role: 7
0 14 37 100 53 62 0 Role: 7
0 80 0 Role: 8

Số khách: 83
Chi phí: 1.10622e+07
0 15 82 0 Role: 0
0 40 44 86 0 Role: 0
0 64 43 18 59 3 73 39 77 74 5 0 Role: 0
0 99 12 4 0 Role: 0
0 97 87 0 Role: 0
0 62 22 89 75 0 Role: 0
0 60 35 71 91 54 61 19 0 Role: 1
0 67 0 Role: 1
0 56 31 17 2 88 78 0 Role: 1
0 8 72 58 85 38 0 Role: 1
0 84 25 69 6 36 0 Role: 1
0 92 0 Role: 1
0 23 13 45 90 48 68 27 0 Role: 2
0 11 24 47 0 Role: 2
0 16 51 0 Role: 3
0 49 0 Role: 3
0 34 52 70 95 37 50 0 Role: 4
0 80 53 28 14 66 98 0 Role: 5
0 7 0 Role: 5
0 93 0 Role: 5
0 10 100 96 41 0 Role: 6
0 1 46 0 Role: 7
0 9 0 Role: 8

Số khách: 75
Chi phí: 7.51741e+06
0 94 95 0 Role: 0
0 50 29 0 Role: 0
0 90 60 0 Role: 0
0 64 41 17 45 48 24 39 0 Role: 1
0 37 91 98 56 4 0 Role: 2
0 72 40 0 Role: 2
0 61 0 Role: 3
0 2 78 68 36 69 88 35 0 Role: 3
0 28 0 Role: 4
0 19 85 7 96 0 Role: 5
0 70 23 38 77 3 0 Role: 5
0 73 0 Role: 5
0 59 5 86 74 22 0 Role: 5
0 92 75 0 Role: 5
0 8 0 Role: 5
0 31 84 6 25 18 0 Role: 5
0 97 0 Role: 6
0 13 12 27 0 Role: 7
0 89 0 Role: 7
0 49 47 67 71 11 0 Role: 7
0 54 58 43 0 Role: 7
0 46 66 14 9 1 51 0 Role: 8
0 93 0 Role: 8
0 62 52 16 0 Role: 9

