Số khách: 15
Chi phí: 2.77029e+06
0 48 42 18 9 30 21 7 17 28 14 44 31 5 0 Role: 0
0 24 11 0 Role: 1

Số khách: 50
Chi phí: 8.74162e+06
0 49 4 22 15 26 29 36 1 10 20 23 33 46 6 35 41 48 2 5 7 21 9 31 42 44 14 28 17 0 Role: 0
0 37 12 11 40 25 19 43 3 8 13 16 32 18 30 38 0 Role: 0
0 45 50 0 Role: 0
0 24 27 34 0 Role: 1
0 39 0 Role: 1
0 47 0 Role: 1

Số khách: 49
Chi phí: 7.25682e+06
0 4 22 46 15 23 20 7 25 5 8 42 44 13 14 28 17 21 9 31 0 Role: 0
0 40 2 45 26 29 36 6 1 10 12 30 33 32 35 16 19 48 41 18 38 0 Role: 0
0 34 24 47 27 11 0 Role: 1
0 39 3 43 0 Role: 2
0 49 50 0 Role: 3

Số khách: 42
Chi phí: 5.70191e+06
0 40 4 26 29 36 46 1 10 3 12 20 30 33 6 8 35 16 19 7 9 42 13 28 17 21 0 Role: 0
0 34 5 49 50 0 Role: 1
0 39 43 0 Role: 1
0 14 2 31 0 Role: 1
0 44 0 Role: 1
0 11 41 0 Role: 1
0 38 0 Role: 1
0 27 0 Role: 1
0 24 47 0 Role: 2
0 25 0 Role: 2

Số khách: 23
Chi phí: 2.78536e+06
0 28 14 48 42 18 9 30 21 7 0 Role: 0
0 34 5 49 50 0 Role: 1
0 19 3 43 0 Role: 1
0 2 31 0 Role: 1
0 44 0 Role: 1
0 11 41 0 Role: 1
0 38 0 Role: 1
0 27 0 Role: 1

Số khách: 44
Chi phí: 6.5679e+06
0 49 4 22 15 26 29 36 1 10 20 23 33 46 6 35 41 48 2 5 7 21 9 31 42 44 14 28 17 0 Role: 0
0 13 3 16 8 18 30 27 0 Role: 0
0 34 39 43 19 0 Role: 1
0 47 24 11 0 Role: 1
0 25 0 Role: 2
0 38 0 Role: 2

Số khách: 16
Chi phí: 2.77793e+06
0 48 42 18 9 30 21 7 17 28 14 44 31 5 0 Role: 0
0 47 24 11 0 Role: 1

Số khách: 40
Chi phí: 5.54893e+06
0 49 4 22 15 26 29 36 1 10 20 23 33 46 6 35 41 48 2 5 7 21 9 31 42 44 14 28 17 0 Role: 0
0 50 0 Role: 1
0 24 27 34 0 Role: 2
0 38 0 Role: 2
0 43 3 11 0 Role: 3
0 19 25 0 Role: 3
0 39 0 Role: 4
0 47 0 Role: 4

Số khách: 46
Chi phí: 7.10461e+06
0 49 4 22 15 26 29 36 1 10 20 23 33 46 6 35 41 48 2 5 7 21 9 31 42 44 14 28 17 0 Role: 0
0 50 45 16 3 13 11 8 18 30 32 38 0 Role: 0
0 24 27 34 0 Role: 1
0 39 43 19 0 Role: 1
0 47 0 Role: 1

Số khách: 39
Chi phí: 4.84575e+06
0 49 4 22 15 26 29 36 1 10 20 23 33 46 6 35 41 48 2 5 7 21 9 31 42 44 14 28 17 0 Role: 0
0 24 27 34 0 Role: 1
0 39 43 19 0 Role: 1
0 47 11 0 Role: 1
0 3 0 Role: 2
0 25 0 Role: 2
0 38 0 Role: 2

Số khách: 45
Chi phí: 6.61761e+06
0 49 4 22 15 26 29 36 1 10 20 23 33 46 6 35 41 48 2 5 7 21 9 31 42 44 14 28 17 0 Role: 0
0 13 3 16 32 8 18 30 27 0 Role: 0
0 34 39 43 19 0 Role: 1
0 47 24 11 0 Role: 1
0 25 0 Role: 2
0 38 0 Role: 2

Số khách: 32
Chi phí: 4.15801e+06
0 49 4 22 15 26 29 36 1 10 20 23 33 46 6 35 41 48 2 5 7 21 9 31 44 14 28 17 0 Role: 0
0 11 3 43 0 Role: 1
0 19 25 0 Role: 1

Số khách: 36
Chi phí: 4.33564e+06
0 49 4 22 15 26 29 36 1 10 20 23 33 46 6 35 41 48 2 5 7 21 9 31 42 44 14 28 17 0 Role: 0
0 24 27 34 0 Role: 1
0 39 43 19 0 Role: 1
0 47 11 0 Role: 1

Số khách: 37
Chi phí: 4.67405e+06
0 49 4 22 15 26 29 36 1 10 20 23 33 46 6 35 41 48 2 5 7 21 9 31 42 44 14 28 17 0 Role: 0
0 25 0 Role: 1
0 38 0 Role: 1
0 34 39 43 19 0 Role: 2
0 47 24 11 0 Role: 2

Số khách: 27
Chi phí: 3.44444e+06
0 48 42 18 9 30 21 7 17 28 14 0 Role: 0
0 34 5 49 50 0 Role: 1
0 2 43 3 19 0 Role: 1
0 31 0 Role: 1
0 44 0 Role: 1
0 11 41 0 Role: 1
0 38 0 Role: 1
0 27 0 Role: 1
0 24 47 0 Role: 2
0 25 0 Role: 2

Số khách: 31
Chi phí: 3.87101e+06
0 4 38 10 12 30 27 32 35 16 7 21 9 31 42 44 14 5 28 17 0 Role: 0
0 47 24 0 Role: 1
0 34 39 11 0 Role: 1
0 2 3 19 43 0 Role: 2
0 25 49 0 Role: 2
0 41 0 Role: 2

Số khách: 25
Chi phí: 3.11023e+06
0 28 48 42 32 18 9 30 21 7 14 17 0 Role: 0
0 34 5 49 50 0 Role: 1
0 19 3 43 0 Role: 1
0 2 31 0 Role: 1
0 44 0 Role: 1
0 11 41 0 Role: 1
0 38 0 Role: 1
0 27 0 Role: 1

Số khách: 26
Chi phí: 3.30329e+06
0 28 17 7 21 30 9 18 32 42 31 0 Role: 0
0 34 5 49 50 0 Role: 1
0 19 3 43 0 Role: 1
0 2 14 0 Role: 1
0 44 0 Role: 1
0 11 41 0 Role: 1
0 38 0 Role: 1
0 27 0 Role: 1
0 24 47 0 Role: 2

Số khách: 24
Chi phí: 2.94538e+06
0 28 48 42 32 18 9 30 21 7 14 0 Role: 0
0 34 5 49 50 0 Role: 1
0 19 3 43 0 Role: 1
0 2 31 0 Role: 1
0 44 0 Role: 1
0 11 41 0 Role: 1
0 38 0 Role: 1
0 27 0 Role: 1

Số khách: 28
Chi phí: 3.68459e+06
0 4 10 12 30 27 16 35 32 18 38 7 21 9 31 5 14 28 17 0 Role: 0
0 47 24 0 Role: 1
0 34 39 11 0 Role: 1
0 2 3 19 43 49 0 Role: 2

Số khách: 34
Chi phí: 4.1716e+06
0 49 4 22 15 36 1 23 20 10 33 46 6 35 41 48 2 5 7 21 9 42 44 14 28 17 31 0 Role: 0
0 24 27 34 0 Role: 1
0 39 43 19 0 Role: 1
0 47 11 0 Role: 1

Số khách: 38
Chi phí: 4.75811e+06
0 49 4 22 15 26 29 36 1 10 20 23 33 46 6 35 41 48 2 5 7 21 9 31 42 44 14 28 17 0 Role: 0
0 24 27 34 0 Role: 1
0 39 43 19 0 Role: 1
0 47 11 0 Role: 1
0 3 0 Role: 2
0 25 0 Role: 2

Số khách: 35
Chi phí: 4.23747e+06
0 49 4 22 15 26 29 36 1 10 20 23 33 46 6 35 41 48 2 5 7 21 9 31 42 44 14 28 17 0 Role: 0
0 34 39 43 19 0 Role: 1
0 47 24 11 0 Role: 1

Số khách: 30
Chi phí: 3.77844e+06
0 4 38 27 10 12 30 18 32 35 7 21 9 31 42 44 14 5 28 17 0 Role: 0
0 47 24 0 Role: 1
0 34 39 11 0 Role: 1
0 2 3 19 43 49 0 Role: 2
0 25 0 Role: 2

Số khách: 29
Chi phí: 3.74416e+06
0 4 38 10 12 30 27 32 35 16 7 21 9 31 42 44 14 5 28 17 0 Role: 0
0 47 24 0 Role: 1
0 34 39 11 0 Role: 1
0 2 3 19 43 49 0 Role: 2

Số khách: 29
Chi phí: 3.74416e+06
0 4 38 10 12 30 27 32 35 16 7 21 9 31 42 44 14 5 28 17 0 Role: 0
0 2 3 19 43 49 0 Role: 1
0 47 24 0 Role: 2
0 34 39 11 0 Role: 2

