Số khách: 49
Chi phí: 1.8639e+07
0 182 171 0 Role: 0
0 169 0 Role: 0
0 78 0 Role: 0
0 93 83 0 Role: 0
0 141 108 0 Role: 0
0 66 22 134 41 95 168 139 20 0 Role: 0
0 174 0 Role: 0
0 94 170 153 181 102 0 Role: 0
0 149 189 197 8 0 Role: 1
0 177 88 156 0 Role: 1
0 57 200 0 Role: 1
0 16 45 0 Role: 1
0 48 0 Role: 1
0 65 97 0 Role: 2
0 91 0 Role: 2
0 129 0 Role: 2
0 63 150 178 0 Role: 3
0 40 58 0 Role: 3
0 77 0 Role: 3
0 146 0 Role: 3
0 104 195 0 Role: 4
0 47 0 Role: 4
0 54 0 Role: 5

Số khách: 178
Chi phí: 4.3919e+07
0 46 93 103 127 132 106 142 162 133 183 184 136 36 39 32 192 57 88 82 165 108 143 169 0 Role: 0
0 11 17 12 7 18 19 83 37 31 86 98 151 131 171 181 153 4 6 105 14 66 95 110 197 55 23 0 Role: 0
0 27 52 49 107 81 71 53 68 56 113 115 126 69 135 128 139 145 156 96 170 99 87 0 Role: 0
0 25 5 160 28 2 147 50 41 38 8 20 42 29 59 10 16 0 Role: 0
0 60 30 33 34 26 62 24 35 61 73 94 3 9 15 21 44 0 Role: 0
0 80 51 75 64 67 70 72 117 85 122 161 148 124 130 125 119 163 157 159 144 76 186 164 120 112 137 196 0 Role: 0
0 74 89 92 1 13 43 155 166 168 0 Role: 0
0 79 90 100 116 138 140 152 154 172 173 182 188 191 199 0 Role: 0
0 149 47 40 0 Role: 1
0 77 58 0 Role: 1
0 65 91 97 0 Role: 1
0 129 102 48 0 Role: 1
0 189 45 0 Role: 1
0 22 200 0 Role: 2
0 146 141 0 Role: 3
0 54 177 0 Role: 4
0 104 78 0 Role: 4
0 195 150 63 178 0 Role: 5

Số khách: 105
Chi phí: 2.72221e+07
0 65 2 10 60 189 95 6 4 181 14 29 42 137 23 165 0 Role: 0
0 32 55 119 36 108 136 82 16 88 120 143 0 Role: 0
0 112 69 131 151 99 144 59 87 168 153 0 Role: 0
0 46 96 3 94 15 13 73 147 21 170 196 0 Role: 0
0 9 44 162 115 62 105 20 0 Role: 0
0 157 76 186 39 169 192 66 110 200 0 Role: 0
0 173 43 19 41 133 37 25 31 38 86 125 98 107 0 Role: 0
0 1 5 0 Role: 0
0 149 47 40 0 Role: 1
0 150 0 Role: 1
0 77 58 0 Role: 1
0 22 0 Role: 2
0 63 97 0 Role: 2
0 141 129 0 Role: 2
0 195 0 Role: 3
0 54 146 178 0 Role: 4
0 91 0 Role: 4
0 104 0 Role: 5
0 8 197 45 171 0 Role: 5
0 177 102 48 156 0 Role: 5
0 57 78 0 Role: 5

Số khách: 95
Chi phí: 2.56793e+07
0 46 122 148 70 142 85 160 124 133 166 73 32 21 192 128 145 69 164 45 156 200 2 10 66 59 0 Role: 0
0 60 134 163 105 153 29 181 42 96 48 20 57 16 197 82 95 110 87 4 0 Role: 0
0 1 3 0 Role: 0
0 6 5 0 Role: 0
0 23 36 12 7 13 15 14 9 39 43 0 Role: 0
0 11 17 0 Role: 0
0 18 19 25 31 37 38 41 44 55 0 Role: 0
0 24 0 Role: 0
0 54 146 178 0 Role: 1
0 63 150 8 0 Role: 1
0 177 129 0 Role: 1
0 189 0 Role: 1
0 47 40 22 0 Role: 2
0 77 58 0 Role: 2
0 91 97 0 Role: 2
0 102 88 0 Role: 2
0 65 0 Role: 3
0 171 78 0 Role: 3
0 104 195 0 Role: 4
0 141 0 Role: 4
0 149 0 Role: 5

Số khách: 79
Chi phí: 2.43887e+07
0 157 37 117 39 23 170 159 6 181 0 Role: 0
0 127 171 120 130 21 151 163 43 153 66 0 Role: 0
0 162 0 Role: 0
0 136 0 Role: 0
0 74 140 158 112 160 50 0 Role: 0
0 178 62 144 0 Role: 0
0 31 114 105 183 10 107 155 99 82 131 57 177 4 110 137 0 Role: 0
0 94 14 196 55 192 197 29 0 Role: 0
0 146 102 88 8 0 Role: 1
0 156 200 0 Role: 1
0 48 0 Role: 1
0 16 45 0 Role: 1
0 149 47 0 Role: 2
0 63 97 0 Role: 2
0 65 0 Role: 2
0 141 129 0 Role: 2
0 189 0 Role: 2
0 78 0 Role: 2
0 77 58 0 Role: 3
0 91 0 Role: 3
0 40 22 150 0 Role: 4
0 54 0 Role: 5
0 104 195 0 Role: 5

Số khách: 135
Chi phí: 3.21133e+07
0 50 43 107 115 36 21 126 69 139 39 82 137 57 143 120 0 Role: 0
0 11 17 12 7 18 19 83 37 31 86 98 151 131 2 171 156 181 153 105 10 177 59 0 Role: 0
0 80 51 75 64 67 70 72 117 85 122 161 148 124 130 125 119 163 157 159 144 23 196 186 55 164 4 6 66 14 136 165 169 0 Role: 0
0 27 35 74 53 61 71 128 135 112 145 197 16 95 110 87 29 42 200 20 0 Role: 0
0 1 8 25 5 26 3 15 13 9 41 99 44 32 45 48 96 0 Role: 0
0 28 30 33 34 38 56 0 Role: 0
0 46 0 Role: 0
0 49 52 58 0 Role: 0
0 54 88 0 Role: 1
0 104 150 178 0 Role: 2
0 146 102 129 0 Role: 2
0 149 22 40 0 Role: 3
0 195 63 0 Role: 3
0 47 189 0 Role: 4
0 65 0 Role: 4
0 78 0 Role: 4
0 77 0 Role: 5
0 91 97 0 Role: 5
0 141 0 Role: 5

Số khách: 85
Chi phí: 2.51698e+07
0 22 46 56 24 53 147 71 61 78 163 2 20 4 10 0 Role: 0
0 74 38 25 168 5 50 28 135 160 3 23 39 55 8 16 66 6 59 14 87 0 Role: 0
0 1 9 13 15 21 0 Role: 0
0 7 0 Role: 0
0 11 17 12 36 18 19 95 29 42 110 137 0 Role: 0
0 26 0 Role: 0
0 27 30 31 0 Role: 0
0 33 32 0 Role: 0
0 104 195 0 Role: 1
0 149 47 156 0 Role: 1
0 63 150 178 57 0 Role: 2
0 40 58 0 Role: 2
0 77 0 Role: 2
0 146 102 129 88 0 Role: 2
0 54 141 48 0 Role: 3
0 97 45 197 0 Role: 3
0 189 0 Role: 3
0 65 0 Role: 4
0 91 0 Role: 4
0 171 0 Role: 4
0 177 0 Role: 4
0 200 0 Role: 4

Số khách: 113
Chi phí: 2.88405e+07
0 1 2 77 13 15 3 14 6 4 20 55 23 59 29 42 0 Role: 0
0 187 21 32 39 36 76 136 82 137 87 181 153 110 95 0 Role: 0
0 69 60 50 108 62 105 38 129 197 151 169 0 Role: 0
0 96 66 170 10 196 73 120 112 57 143 186 0 Role: 0
0 125 98 99 144 107 94 43 41 48 0 Role: 0
0 133 115 155 119 126 131 128 139 145 164 0 Role: 0
0 178 177 25 86 9 165 172 44 160 31 74 135 147 159 0 Role: 0
0 5 17 19 37 0 Role: 0
0 104 65 97 0 Role: 1
0 156 102 141 0 Role: 1
0 8 45 171 0 Role: 1
0 16 189 0 Role: 1
0 200 88 0 Role: 1
0 78 0 Role: 1
0 47 22 0 Role: 2
0 195 0 Role: 2
0 54 0 Role: 3
0 149 0 Role: 3
0 146 0 Role: 4
0 63 150 0 Role: 4
0 40 58 0 Role: 4
0 91 0 Role: 4

Số khách: 153
Chi phí: 3.66617e+07
0 156 60 43 62 94 15 107 44 21 177 200 0 Role: 0
0 80 51 75 64 67 70 72 117 85 122 161 148 124 130 125 119 163 157 159 144 76 186 164 120 112 137 196 108 170 0 Role: 0
0 46 93 103 127 132 106 142 162 133 183 184 165 136 36 39 32 57 88 82 143 87 0 Role: 0
0 63 1 168 3 13 9 135 78 0 Role: 0
0 25 5 160 28 2 147 50 41 38 8 16 169 99 10 59 29 42 20 0 Role: 0
0 11 17 12 7 18 19 83 37 31 86 98 151 131 171 181 153 4 6 105 14 66 95 110 197 55 23 0 Role: 0
0 24 26 30 33 34 35 61 69 71 73 74 96 126 128 139 145 0 Role: 0
0 27 49 52 0 Role: 0
0 149 47 40 22 0 Role: 1
0 77 58 0 Role: 1
0 65 91 97 0 Role: 1
0 129 102 48 0 Role: 1
0 189 45 0 Role: 1
0 54 141 0 Role: 2
0 146 0 Role: 2
0 150 0 Role: 2
0 104 0 Role: 3
0 178 0 Role: 3
0 195 0 Role: 4

Số khách: 72
Chi phí: 2.29586e+07
0 9 44 162 115 62 105 20 0 Role: 0
0 157 76 186 39 169 192 66 110 200 0 Role: 0
0 173 43 133 0 Role: 0
0 92 36 107 193 148 6 56 40 135 38 0 Role: 0
0 60 10 189 95 181 65 0 Role: 0
0 99 144 59 87 168 0 Role: 0
0 46 147 0 Role: 0
0 136 119 16 88 0 Role: 0
0 104 0 Role: 1
0 8 197 45 171 0 Role: 1
0 177 102 48 156 0 Role: 1
0 57 78 0 Role: 1
0 129 0 Role: 2
0 22 0 Role: 3
0 63 97 0 Role: 3
0 141 0 Role: 3
0 54 146 178 0 Role: 4
0 91 0 Role: 4
0 149 47 0 Role: 5
0 150 0 Role: 5
0 77 58 0 Role: 5
0 195 0 Role: 6

Số khách: 158
Chi phí: 3.84745e+07
0 25 5 160 28 2 147 50 41 38 8 20 42 29 59 10 16 0 Role: 0
0 27 52 49 107 81 71 53 68 56 113 115 126 69 135 128 139 145 156 96 170 99 87 0 Role: 0
0 11 17 12 7 18 19 83 37 31 86 98 151 131 171 181 153 4 6 105 14 66 95 110 197 55 23 0 Role: 0
0 46 93 103 127 132 106 142 162 133 183 184 136 36 39 32 192 57 88 82 165 0 Role: 0
0 80 51 75 64 67 70 72 117 85 122 161 148 124 130 125 119 163 157 159 144 76 186 164 120 112 137 196 0 Role: 0
0 9 1 21 44 13 15 3 43 0 Role: 0
0 60 30 33 34 26 62 24 35 61 73 94 0 Role: 0
0 74 89 92 0 Role: 0
0 54 177 0 Role: 1
0 104 78 0 Role: 1
0 149 47 40 0 Role: 2
0 77 58 0 Role: 2
0 65 91 97 0 Role: 2
0 129 102 48 0 Role: 2
0 189 45 0 Role: 2
0 146 141 0 Role: 3
0 195 150 63 178 0 Role: 4
0 22 200 0 Role: 5

Số khách: 142
Chi phí: 3.34071e+07
0 1 2 10 13 3 14 6 4 16 20 55 76 144 165 0 Role: 0
0 11 12 7 18 19 37 61 71 128 145 164 196 136 36 169 0 Role: 0
0 46 122 148 70 142 85 160 124 133 166 73 32 21 192 69 0 Role: 0
0 134 163 60 105 153 181 96 0 Role: 0
0 38 50 43 41 62 94 108 99 44 112 143 137 87 59 66 23 39 151 120 0 Role: 0
0 74 35 24 5 83 86 107 17 98 115 119 186 125 131 139 126 170 0 Role: 0
0 27 28 30 33 9 26 34 53 68 81 159 113 130 147 15 157 168 161 29 42 82 95 110 0 Role: 0
0 25 0 Role: 0
0 156 189 8 0 Role: 1
0 57 65 200 63 0 Role: 1
0 129 88 0 Role: 1
0 78 171 0 Role: 1
0 197 45 0 Role: 1
0 177 48 0 Role: 1
0 47 40 22 0 Role: 2
0 58 77 0 Role: 2
0 91 97 0 Role: 2
0 102 141 0 Role: 2
0 54 146 0 Role: 3
0 150 0 Role: 3
0 178 0 Role: 3
0 104 195 0 Role: 4
0 149 0 Role: 4

Số khách: 121
Chi phí: 3.06776e+07
0 50 43 107 115 36 21 126 69 139 39 2 120 143 57 59 10 0 Role: 0
0 80 51 75 64 67 70 72 117 85 122 161 148 124 130 125 119 163 157 159 144 23 196 186 55 164 4 6 66 14 136 165 169 0 Role: 0
0 28 30 33 34 26 24 35 48 45 74 200 20 8 112 135 145 128 82 87 110 137 171 197 0 Role: 0
0 177 29 95 105 108 76 99 151 0 Role: 0
0 9 170 15 32 131 16 153 42 156 0 Role: 0
0 1 0 Role: 0
0 3 5 0 Role: 0
0 7 12 11 17 13 19 37 25 31 0 Role: 0
0 195 150 63 178 0 Role: 1
0 40 22 0 Role: 2
0 47 189 0 Role: 2
0 65 0 Role: 2
0 78 0 Role: 2
0 88 0 Role: 2
0 54 102 0 Role: 3
0 91 97 0 Role: 3
0 129 0 Role: 3
0 58 77 0 Role: 4
0 146 0 Role: 4
0 104 0 Role: 5
0 149 0 Role: 5

Số khách: 173
Chi phí: 4.22034e+07
0 80 64 79 89 100 106 116 103 1 3 5 31 25 21 32 44 36 13 15 73 99 76 94 59 137 10 108 165 136 0 Role: 0
0 17 19 60 61 69 71 86 96 119 151 153 66 197 0 Role: 0
0 11 33 12 26 18 34 37 24 35 38 83 41 62 43 164 120 135 145 112 131 169 143 0 Role: 0
0 51 52 67 81 70 117 93 68 113 155 199 2 65 4 6 168 50 159 107 14 20 16 0 Role: 0
0 49 7 111 140 127 123 134 138 141 154 161 115 166 98 125 128 126 0 Role: 0
0 85 130 91 97 160 147 186 157 105 196 9 95 110 87 29 82 55 39 23 42 181 0 Role: 0
0 40 92 109 72 75 118 124 148 122 132 142 133 183 184 162 144 163 139 192 170 0 Role: 0
0 27 28 30 46 53 0 Role: 0
0 149 47 0 Role: 1
0 22 150 0 Role: 1
0 77 58 0 Role: 1
0 63 200 0 Role: 2
0 129 102 0 Role: 2
0 189 45 8 0 Role: 2
0 78 57 0 Role: 2
0 156 0 Role: 2
0 88 48 177 0 Role: 2
0 171 0 Role: 2
0 54 146 0 Role: 3
0 104 0 Role: 4
0 195 0 Role: 4

Số khách: 69
Chi phí: 2.11118e+07
0 120 194 10 0 Role: 0
0 177 29 105 95 0 Role: 0
0 63 46 96 168 43 82 164 125 0 Role: 0
0 146 117 152 71 36 23 136 184 60 39 0 Role: 0
0 130 171 133 3 181 0 Role: 0
0 4 153 44 143 0 Role: 0
0 156 16 42 0 Role: 0
0 148 169 107 41 31 20 0 Role: 0
0 57 150 141 48 0 Role: 1
0 102 129 88 0 Role: 1
0 8 197 45 0 Role: 1
0 200 0 Role: 1
0 22 189 0 Role: 2
0 78 0 Role: 2
0 195 178 97 0 Role: 3
0 65 0 Role: 3
0 149 58 40 0 Role: 4
0 91 0 Role: 4
0 104 0 Role: 5
0 47 0 Role: 5
0 77 0 Role: 5
0 54 0 Role: 6

Số khách: 176
Chi phí: 4.31529e+07
0 80 64 79 89 100 106 116 103 1 3 5 31 25 21 32 44 36 13 15 73 99 76 94 59 137 10 108 165 136 0 Role: 0
0 51 52 67 81 70 117 93 68 113 155 199 2 65 4 6 168 50 159 107 14 20 16 0 Role: 0
0 40 92 109 72 75 118 124 148 122 132 142 133 183 184 162 144 163 139 192 170 0 Role: 0
0 85 130 91 97 160 147 186 157 105 196 9 95 110 87 29 82 55 39 23 42 181 0 Role: 0
0 17 19 60 61 69 71 86 96 119 151 153 66 197 0 Role: 0
0 11 33 12 26 18 34 37 24 35 38 83 41 62 43 164 120 135 145 112 131 169 143 0 Role: 0
0 49 7 111 140 127 123 134 138 141 154 161 115 166 98 125 126 0 Role: 0
0 27 28 30 46 53 56 74 128 0 Role: 0
0 54 146 178 0 Role: 1
0 104 195 0 Role: 2
0 63 200 0 Role: 3
0 129 102 0 Role: 3
0 189 45 8 0 Role: 3
0 78 57 0 Role: 3
0 156 0 Role: 3
0 88 48 177 0 Role: 3
0 171 0 Role: 3
0 47 149 0 Role: 4
0 22 150 0 Role: 4
0 77 58 0 Role: 4

Số khách: 147
Chi phí: 3.53029e+07
0 1 2 10 13 3 14 6 4 16 20 55 76 144 165 0 Role: 0
0 11 12 7 49 18 56 61 28 65 78 88 0 Role: 0
0 46 122 148 70 142 85 160 124 133 166 73 32 21 192 128 145 69 164 45 156 200 0 Role: 0
0 8 31 25 37 19 159 15 9 135 168 161 0 Role: 0
0 74 35 24 5 83 86 107 17 98 115 170 136 36 186 126 139 131 125 119 169 196 177 171 0 Role: 0
0 38 50 43 41 62 94 108 99 44 112 143 137 87 59 66 23 39 151 120 0 Role: 0
0 60 134 163 105 153 29 181 42 96 48 57 197 82 95 110 0 Role: 0
0 26 27 30 33 34 53 68 71 81 113 117 147 155 157 183 0 Role: 0
0 104 195 0 Role: 1
0 149 0 Role: 1
0 54 146 178 0 Role: 2
0 150 0 Role: 2
0 129 0 Role: 2
0 189 0 Role: 2
0 47 40 22 0 Role: 3
0 58 77 0 Role: 3
0 91 97 0 Role: 3
0 141 102 0 Role: 3

Số khách: 148
Chi phí: 3.65985e+07
0 11 12 7 18 19 37 61 71 128 145 164 196 136 36 169 2 4 10 165 0 Role: 0
0 27 28 30 33 9 26 34 53 68 81 159 113 130 147 15 157 168 161 29 42 82 95 110 6 14 16 20 0 Role: 0
0 38 50 43 41 62 94 108 99 44 112 143 137 87 59 66 23 39 151 120 55 0 Role: 0
0 134 163 60 105 153 181 96 0 Role: 0
0 74 35 24 5 83 86 107 17 98 115 119 186 125 131 139 126 170 76 144 0 Role: 0
0 25 1 3 13 31 102 117 135 183 0 Role: 0
0 46 122 148 70 142 85 160 124 133 166 73 32 21 192 69 0 Role: 0
0 49 52 0 Role: 0
0 104 195 0 Role: 1
0 149 22 40 0 Role: 1
0 54 146 0 Role: 2
0 150 0 Role: 2
0 178 58 0 Role: 2
0 156 189 8 0 Role: 3
0 57 65 200 63 0 Role: 3
0 129 88 0 Role: 3
0 78 171 0 Role: 3
0 197 45 0 Role: 3
0 177 48 0 Role: 3
0 47 0 Role: 4
0 77 0 Role: 4
0 91 97 0 Role: 4
0 141 0 Role: 4

Số khách: 172
Chi phí: 4.09857e+07
0 11 17 12 7 18 19 83 37 31 86 98 151 131 2 171 156 181 153 105 10 177 59 0 Role: 0
0 27 35 74 53 61 71 128 135 112 145 197 16 95 110 87 29 42 200 20 0 Role: 0
0 1 8 25 5 26 3 15 13 9 41 96 48 45 32 44 99 76 108 170 0 Role: 0
0 28 33 30 60 34 62 24 56 38 73 81 147 160 168 94 166 0 Role: 0
0 52 49 58 68 93 106 142 113 133 155 162 184 183 192 0 Role: 0
0 50 43 107 115 36 21 126 69 139 39 82 137 57 143 120 0 Role: 0
0 80 51 75 64 67 70 72 117 85 122 161 148 124 130 125 119 163 157 159 144 23 196 186 55 164 4 6 66 14 136 165 169 0 Role: 0
0 84 116 103 46 138 127 132 152 154 172 173 188 191 199 0 Role: 0
0 54 88 0 Role: 1
0 104 150 178 0 Role: 2
0 146 102 129 0 Role: 2
0 149 22 40 0 Role: 3
0 195 63 0 Role: 3
0 47 189 0 Role: 4
0 65 0 Role: 4
0 78 0 Role: 4
0 77 0 Role: 5
0 91 97 0 Role: 5
0 141 0 Role: 5

Số khách: 70
Chi phí: 2.23786e+07
0 200 29 110 14 196 197 0 Role: 0
0 154 185 40 74 0 Role: 0
0 165 92 30 76 108 50 66 4 8 0 Role: 0
0 51 170 10 82 126 125 2 120 143 0 Role: 0
0 107 23 88 57 0 Role: 0
0 109 100 77 85 0 Role: 0
0 72 56 113 119 169 189 181 96 48 0 Role: 0
0 59 159 0 Role: 0
0 156 141 129 0 Role: 1
0 177 102 0 Role: 1
0 171 78 0 Role: 1
0 16 45 0 Role: 1
0 22 178 150 0 Role: 2
0 91 97 0 Role: 2
0 63 65 0 Role: 2
0 58 0 Role: 3
0 146 0 Role: 3
0 149 47 0 Role: 4
0 104 195 0 Role: 4
0 54 0 Role: 5

Số khách: 127
Chi phí: 3.18435e+07
0 80 64 79 89 100 106 116 103 1 3 5 31 25 21 32 44 36 13 15 73 99 76 94 59 137 10 108 165 136 0 Role: 0
0 40 92 109 72 75 118 124 148 122 132 142 133 183 184 162 163 2 139 192 4 14 66 16 20 0 Role: 0
0 74 61 125 71 98 119 186 55 164 9 23 39 82 197 153 29 87 110 95 0 Role: 0
0 7 12 11 0 Role: 0
0 17 18 19 37 38 0 Role: 0
0 26 33 28 30 34 24 35 42 41 0 Role: 0
0 27 43 50 0 Role: 0
0 46 53 56 60 62 68 0 Role: 0
0 104 195 65 0 Role: 1
0 54 146 178 0 Role: 2
0 63 200 97 0 Role: 3
0 129 102 0 Role: 3
0 189 45 8 0 Role: 3
0 78 57 0 Role: 3
0 156 0 Role: 3
0 88 48 177 0 Role: 3
0 171 0 Role: 3
0 47 149 0 Role: 4
0 22 150 0 Role: 4
0 77 58 0 Role: 4
0 91 0 Role: 5
0 141 0 Role: 5

Số khách: 55
Chi phí: 1.88267e+07
0 32 115 159 86 0 Role: 0
0 1 131 82 129 29 0 Role: 0
0 57 53 184 133 20 0 Role: 0
0 165 49 66 83 24 87 45 0 Role: 0
0 148 0 Role: 0
0 102 0 Role: 0
0 195 112 14 0 Role: 0
0 31 10 0 Role: 0
0 178 146 8 0 Role: 1
0 58 197 156 0 Role: 1
0 48 200 0 Role: 1
0 141 88 0 Role: 1
0 16 171 0 Role: 1
0 177 0 Role: 1
0 91 97 0 Role: 2
0 63 65 0 Role: 2
0 189 0 Role: 2
0 78 0 Role: 2
0 149 40 22 0 Role: 3
0 77 0 Role: 3
0 150 0 Role: 3
0 104 0 Role: 4
0 47 0 Role: 4
0 54 0 Role: 5

Số khách: 125
Chi phí: 3.16406e+07
0 133 131 2 119 115 155 14 6 4 20 23 55 169 0 Role: 0
0 178 177 25 86 9 165 172 44 160 3 15 13 36 39 21 42 29 87 59 0 Role: 0
0 197 60 129 38 95 62 76 32 82 110 136 0 Role: 0
0 48 105 41 43 94 108 99 98 69 120 143 0 Role: 0
0 1 17 77 37 5 83 19 50 31 96 112 151 107 137 0 Role: 0
0 66 170 144 73 196 10 153 181 57 0 Role: 0
0 92 7 26 89 18 24 35 74 28 61 126 117 164 71 125 135 145 139 128 186 0 Role: 0
0 11 12 30 33 0 Role: 0
0 47 22 0 Role: 1
0 63 150 0 Role: 1
0 104 65 97 0 Role: 2
0 156 102 141 0 Role: 2
0 8 45 171 0 Role: 2
0 16 189 0 Role: 2
0 200 88 0 Role: 2
0 78 0 Role: 2
0 40 58 0 Role: 3
0 91 0 Role: 3
0 54 146 0 Role: 4
0 149 0 Role: 5

Số khách: 119
Chi phí: 2.9645e+07
0 1 194 120 2 9 10 15 14 6 21 32 55 66 59 110 87 4 153 82 0 Role: 0
0 74 42 156 16 98 126 131 128 139 143 170 0 Role: 0
0 146 117 152 71 36 23 136 184 60 39 163 159 164 44 0 Role: 0
0 17 13 37 5 83 19 86 147 61 0 Role: 0
0 20 31 25 148 41 107 73 169 50 94 115 144 119 125 186 196 0 Role: 0
0 181 38 62 3 43 133 69 130 171 76 165 108 137 99 0 Role: 0
0 177 96 29 95 105 151 112 0 Role: 0
0 7 11 0 Role: 0
0 47 0 Role: 1
0 63 195 178 0 Role: 1
0 77 0 Role: 1
0 149 58 40 0 Role: 2
0 91 65 97 0 Role: 2
0 57 150 141 48 0 Role: 3
0 102 129 88 0 Role: 3
0 8 197 45 0 Role: 3
0 200 0 Role: 3
0 104 0 Role: 4
0 22 189 0 Role: 5
0 78 0 Role: 5
0 54 0 Role: 6

Số khách: 63
Chi phí: 2.08337e+07
0 99 186 55 82 4 29 0 Role: 0
0 17 0 Role: 0
0 28 0 Role: 0
0 187 86 152 130 0 Role: 0
0 114 59 179 165 23 188 164 63 42 139 32 0 Role: 0
0 31 159 151 131 135 120 0 Role: 0
0 83 126 20 0 Role: 0
0 177 45 78 0 Role: 0
0 150 0 Role: 1
0 200 97 0 Role: 1
0 57 156 197 8 0 Role: 1
0 48 102 129 88 0 Role: 1
0 16 171 0 Role: 1
0 149 178 0 Role: 2
0 77 58 0 Role: 2
0 146 141 0 Role: 2
0 65 91 0 Role: 2
0 189 0 Role: 2
0 40 22 0 Role: 3
0 195 0 Role: 3
0 47 0 Role: 3
0 54 0 Role: 4
0 104 0 Role: 4

Số khách: 56
Chi phí: 2.00184e+07
0 60 113 23 192 0 Role: 0
0 82 183 170 44 0 Role: 0
0 66 62 119 99 164 197 0 Role: 0
0 79 68 160 168 87 0 Role: 0
0 20 78 0 Role: 0
0 146 0 Role: 0
0 80 34 198 0 Role: 0
0 193 131 0 Role: 0
0 57 156 45 8 0 Role: 1
0 177 129 88 0 Role: 1
0 16 171 0 Role: 1
0 48 0 Role: 1
0 200 0 Role: 1
0 54 178 0 Role: 2
0 189 0 Role: 2
0 141 102 0 Role: 2
0 63 65 0 Role: 2
0 77 58 0 Role: 3
0 91 97 0 Role: 3
0 104 195 150 0 Role: 4
0 40 0 Role: 4
0 47 22 0 Role: 5
0 149 0 Role: 6

Số khách: 146
Chi phí: 3.43977e+07
0 74 35 24 5 83 86 107 17 98 115 170 136 36 186 126 139 131 125 119 169 196 95 110 29 0 Role: 0
0 11 12 7 49 56 18 15 9 61 42 82 159 0 Role: 0
0 1 2 10 13 3 14 6 4 16 20 55 76 144 165 0 Role: 0
0 46 122 148 70 142 85 160 124 133 166 73 32 21 128 145 69 164 0 Role: 0
0 38 50 43 41 62 94 108 99 44 112 143 137 87 59 66 23 39 151 120 0 Role: 0
0 31 25 168 37 19 71 147 135 0 Role: 0
0 134 163 60 105 153 181 96 0 Role: 0
0 27 28 30 33 81 26 34 53 68 113 157 155 130 117 0 Role: 0
0 104 195 0 Role: 1
0 149 150 0 Role: 1
0 47 40 22 0 Role: 2
0 58 77 0 Role: 2
0 91 97 0 Role: 2
0 102 141 0 Role: 2
0 54 146 178 0 Role: 3
0 156 189 8 0 Role: 4
0 57 65 200 63 0 Role: 4
0 129 88 0 Role: 4
0 78 171 0 Role: 4
0 197 45 0 Role: 4
0 177 48 0 Role: 4

Số khách: 169
Chi phí: 4.05115e+07
0 25 5 160 28 2 147 50 41 38 8 20 29 87 110 95 59 10 197 16 0 Role: 0
0 11 17 12 7 18 19 83 37 31 86 98 151 131 171 181 153 4 6 105 14 66 55 23 0 Role: 0
0 46 93 103 127 132 106 142 162 133 183 184 136 36 39 169 192 45 88 48 168 0 Role: 0
0 80 51 75 64 67 70 72 117 85 122 161 148 124 130 125 119 163 157 159 144 186 164 196 76 120 0 Role: 0
0 30 32 33 34 13 26 24 35 61 44 108 94 62 60 177 200 143 112 42 57 82 137 165 0 Role: 0
0 27 92 9 100 113 15 155 81 166 21 135 145 139 128 0 Role: 0
0 49 52 56 68 53 69 71 73 43 74 156 126 99 115 107 170 96 0 Role: 0
0 1 3 154 172 173 188 191 199 0 Role: 0
0 40 47 149 0 Role: 1
0 58 77 0 Role: 1
0 65 91 97 0 Role: 1
0 102 129 0 Role: 1
0 189 0 Role: 1
0 195 150 63 178 0 Role: 2
0 22 0 Role: 3
0 146 0 Role: 3
0 54 0 Role: 4
0 104 78 0 Role: 4

Số khách: 167
Chi phí: 3.98866e+07
0 49 52 56 68 53 69 71 73 43 74 57 126 99 115 107 170 156 96 42 82 108 112 143 137 0 Role: 0
0 46 93 103 127 132 106 142 162 133 183 184 136 36 39 169 192 45 88 48 168 165 200 177 0 Role: 0
0 11 17 12 7 18 19 83 37 31 86 98 151 131 171 181 153 4 6 105 14 66 55 23 0 Role: 0
0 27 92 9 100 113 15 155 81 166 21 135 145 139 128 32 0 Role: 0
0 25 5 160 28 2 147 50 41 38 8 20 29 87 110 95 59 10 197 16 0 Role: 0
0 80 51 75 64 67 70 72 117 85 122 161 148 124 130 125 119 163 157 159 144 186 164 196 76 120 0 Role: 0
0 1 154 3 173 172 44 199 188 191 60 94 62 0 Role: 0
0 26 13 24 35 61 0 Role: 0
0 22 141 0 Role: 1
0 146 0 Role: 1
0 54 0 Role: 2
0 104 78 0 Role: 2
0 40 47 149 0 Role: 3
0 58 77 0 Role: 3
0 65 91 97 0 Role: 3
0 102 129 0 Role: 3
0 189 0 Role: 3
0 63 150 178 0 Role: 4
0 195 0 Role: 5

Số khách: 117
Chi phí: 2.9207e+07
0 22 46 56 24 53 147 71 61 78 163 107 0 Role: 0
0 11 12 7 86 18 19 83 74 88 96 137 99 119 165 136 0 Role: 0
0 8 105 94 169 73 151 28 112 57 171 164 126 0 Role: 0
0 65 91 21 55 23 144 15 29 42 66 181 0 Role: 0
0 1 17 5 41 13 36 39 44 32 45 82 95 110 87 153 177 48 156 197 200 0 Role: 0
0 20 16 4 6 59 14 10 196 2 186 159 0 Role: 0
0 25 3 43 173 50 133 37 31 38 60 62 170 108 76 125 131 69 120 143 0 Role: 0
0 26 0 Role: 0
0 63 150 178 0 Role: 1
0 40 58 0 Role: 1
0 77 0 Role: 1
0 146 102 129 0 Role: 1
0 54 141 0 Role: 2
0 97 0 Role: 2
0 189 0 Role: 2
0 47 149 0 Role: 3
0 104 0 Role: 3
0 195 0 Role: 3

Số khách: 143
Chi phí: 3.39441e+07
0 60 174 17 12 7 18 19 37 31 62 169 73 99 151 69 87 0 Role: 0
0 141 177 96 105 108 71 61 143 78 200 0 Role: 0
0 94 170 126 131 139 102 181 153 156 0 Role: 0
0 63 182 168 83 86 107 115 98 171 0 Role: 0
0 1 21 44 9 13 15 3 43 4 6 48 197 45 55 23 14 66 95 110 0 Role: 0
0 25 5 160 28 2 147 50 41 38 8 20 42 29 59 10 16 0 Role: 0
0 46 93 103 127 132 106 142 162 133 183 184 136 36 39 32 192 57 88 82 165 0 Role: 0
0 80 51 75 64 67 70 72 117 85 122 161 148 124 130 125 119 163 157 159 144 76 186 164 120 112 137 196 0 Role: 0
0 65 97 0 Role: 1
0 91 0 Role: 1
0 129 0 Role: 1
0 22 40 0 Role: 2
0 47 189 0 Role: 2
0 54 146 178 0 Role: 3
0 58 77 0 Role: 3
0 150 0 Role: 3
0 104 195 0 Role: 4
0 149 0 Role: 4

Số khách: 164
Chi phí: 3.94929e+07
0 30 32 33 34 13 26 24 35 61 44 108 94 62 60 177 200 143 112 42 57 82 137 165 0 Role: 0
0 49 52 56 68 53 69 71 73 43 74 96 170 107 115 99 156 0 Role: 0
0 11 17 12 7 18 19 83 37 31 86 98 151 131 171 181 153 4 6 105 14 66 55 23 0 Role: 0
0 25 5 160 28 2 147 50 41 38 8 20 29 87 110 95 59 10 197 16 0 Role: 0
0 80 51 75 64 67 70 72 117 85 122 161 148 124 130 125 119 163 157 159 144 186 164 196 76 120 0 Role: 0
0 46 93 103 127 132 106 142 162 133 183 184 136 36 39 169 192 45 88 48 168 0 Role: 0
0 1 3 15 9 21 126 128 139 135 145 0 Role: 0
0 27 81 92 100 113 155 166 0 Role: 0
0 40 47 149 0 Role: 1
0 58 77 0 Role: 1
0 65 91 97 0 Role: 1
0 102 129 0 Role: 1
0 189 0 Role: 1
0 195 150 63 178 0 Role: 2
0 54 0 Role: 3
0 104 78 0 Role: 3
0 22 141 0 Role: 4
0 146 0 Role: 4

Số khách: 161
Chi phí: 3.88402e+07
0 30 32 33 34 13 26 24 61 44 108 94 62 60 177 200 143 112 42 57 82 137 165 0 Role: 0
0 49 52 56 68 53 69 71 73 43 74 96 170 107 115 99 156 0 Role: 0
0 25 5 160 28 2 147 50 41 38 8 20 29 87 110 95 59 10 197 16 0 Role: 0
0 80 51 75 64 67 70 72 117 85 122 161 148 124 130 125 119 163 157 159 144 186 164 196 76 120 0 Role: 0
0 46 93 103 127 132 106 142 162 133 183 184 136 36 39 169 192 45 88 48 168 0 Role: 0
0 1 3 15 9 21 126 128 139 135 145 0 Role: 0
0 11 17 12 7 18 19 83 37 31 86 98 151 131 171 181 153 4 6 105 14 66 55 23 0 Role: 0
0 27 81 92 100 113 0 Role: 0
0 54 0 Role: 1
0 104 78 0 Role: 1
0 40 47 149 0 Role: 2
0 58 77 0 Role: 2
0 65 91 97 0 Role: 2
0 102 129 0 Role: 2
0 189 0 Role: 2
0 195 150 63 178 0 Role: 3
0 22 141 0 Role: 4
0 146 0 Role: 4

Số khách: 61
Chi phí: 2.04486e+07
0 66 170 10 196 73 57 0 Role: 0
0 36 136 187 137 0 Role: 0
0 23 144 183 0 Role: 0
0 155 133 115 119 131 0 Role: 0
0 77 0 Role: 0
0 38 129 197 0 Role: 0
0 99 98 43 41 48 0 Role: 0
0 165 9 86 25 177 178 172 44 160 0 Role: 0
0 104 65 97 0 Role: 1
0 156 102 141 0 Role: 1
0 8 45 171 0 Role: 1
0 16 189 0 Role: 1
0 200 88 0 Role: 1
0 78 0 Role: 1
0 146 0 Role: 2
0 63 150 0 Role: 2
0 40 58 0 Role: 2
0 91 0 Role: 2
0 47 22 0 Role: 3
0 195 0 Role: 3
0 54 0 Role: 4
0 149 0 Role: 4

Số khách: 58
Chi phí: 2.03834e+07
0 147 139 143 78 0 Role: 0
0 71 151 69 95 0 Role: 0
0 51 113 0 Role: 0
0 96 0 Role: 0
0 6 32 145 200 0 Role: 0
0 186 41 0 Role: 0
0 198 44 61 157 43 161 0 Role: 0
0 165 169 16 153 87 42 177 0 Role: 0
0 77 58 45 8 0 Role: 1
0 57 65 156 0 Role: 1
0 197 189 0 Role: 1
0 171 0 Role: 1
0 48 88 0 Role: 1
0 104 0 Role: 2
0 149 150 0 Role: 2
0 141 102 129 0 Role: 2
0 63 97 0 Role: 3
0 91 0 Role: 3
0 40 22 178 0 Role: 4
0 146 0 Role: 4
0 195 0 Role: 5
0 54 0 Role: 5
0 47 0 Role: 5

Số khách: 51
Chi phí: 1.86559e+07
0 145 0 Role: 0
0 125 21 164 69 171 4 0 Role: 0
0 165 193 95 38 153 0 Role: 0
0 198 150 0 Role: 0
0 87 0 Role: 0
0 154 100 178 0 Role: 0
0 156 48 166 126 0 Role: 0
0 96 189 137 45 0 Role: 0
0 195 16 8 0 Role: 1
0 57 197 0 Role: 1
0 177 0 Role: 1
0 129 88 0 Role: 1
0 200 0 Role: 1
0 40 58 0 Role: 2
0 91 78 0 Role: 2
0 102 0 Role: 2
0 77 0 Role: 3
0 146 141 0 Role: 3
0 63 65 97 0 Role: 3
0 47 22 0 Role: 4
0 104 0 Role: 5
0 54 0 Role: 5
0 149 0 Role: 5

Số khách: 162
Chi phí: 3.91224e+07
0 81 155 117 50 14 6 168 0 Role: 0
0 80 64 79 89 100 106 116 103 1 3 5 31 25 21 32 44 36 13 15 73 99 76 94 59 137 10 108 165 136 0 Role: 0
0 17 19 60 61 69 71 86 96 119 151 153 66 197 0 Role: 0
0 85 130 91 97 160 147 186 157 105 196 9 95 110 87 29 82 55 39 23 42 181 0 Role: 0
0 11 33 12 26 18 34 37 24 35 38 83 41 62 43 164 120 135 145 112 131 169 4 143 0 Role: 0
0 40 92 109 72 75 118 124 148 122 132 142 133 183 184 162 144 163 139 192 170 2 20 16 0 Role: 0
0 49 7 111 140 127 123 134 138 141 154 161 159 107 115 166 98 125 128 126 0 Role: 0
0 27 0 Role: 0
0 54 146 178 0 Role: 1
0 104 195 0 Role: 2
0 63 200 65 0 Role: 3
0 129 102 0 Role: 3
0 189 45 8 0 Role: 3
0 78 57 0 Role: 3
0 156 0 Role: 3
0 88 48 177 0 Role: 3
0 171 0 Role: 3
0 47 149 0 Role: 4
0 22 150 0 Role: 4
0 77 58 0 Role: 4

Số khách: 163
Chi phí: 3.92318e+07
0 49 52 56 68 53 69 71 73 43 74 156 126 99 115 107 170 96 0 Role: 0
0 30 32 33 34 13 26 24 35 61 44 108 94 62 60 177 200 143 112 42 57 82 137 165 0 Role: 0
0 80 51 75 64 67 70 72 117 85 122 161 148 124 130 125 119 163 157 159 144 186 164 196 76 120 0 Role: 0
0 27 92 9 100 113 15 155 81 166 21 139 128 0 Role: 0
0 11 17 12 7 18 19 83 37 31 86 98 151 131 171 181 153 4 6 105 14 66 55 23 0 Role: 0
0 25 5 160 28 2 147 50 41 38 8 20 29 87 110 95 59 10 197 16 0 Role: 0
0 46 93 103 127 132 106 142 162 133 183 184 136 36 39 169 192 45 88 48 168 0 Role: 0
0 1 3 135 0 Role: 0
0 54 0 Role: 1
0 104 78 0 Role: 1
0 40 47 149 0 Role: 2
0 58 77 0 Role: 2
0 65 91 97 0 Role: 2
0 102 129 0 Role: 2
0 189 0 Role: 2
0 22 141 0 Role: 3
0 146 0 Role: 3
0 195 150 63 178 0 Role: 4

