Số khách: 190
Chi phí: 4.01562e+07
0 13 27 36 39 49 50 81 87 88 121 135 139 176 193 0 Role: 0
0 34 47 70 80 82 86 90 106 109 114 123 143 149 183 186 189 145 1 17 40 66 72 73 118 128 150 161 185 0 Role: 0
0 101 110 115 129 131 142 158 165 169 173 175 177 200 30 32 62 75 85 119 151 188 0 Role: 0
0 2 15 19 26 51 68 92 99 147 148 4 6 7 10 11 12 20 25 31 35 37 42 76 84 0 Role: 0
0 102 93 122 28 41 53 78 95 104 108 136 137 140 157 167 180 5 9 16 24 44 46 59 74 126 138 156 164 170 181 194 196 0 Role: 0
0 192 125 3 8 18 21 22 23 48 52 64 71 91 98 103 124 141 159 172 174 178 69 77 97 113 130 0 Role: 0
0 29 60 94 96 100 179 195 0 Role: 0
0 107 112 116 0 Role: 0
0 111 63 0 Role: 1
0 190 45 171 0 Role: 1
0 79 105 14 0 Role: 2
0 132 146 187 133 0 Role: 3
0 182 197 58 0 Role: 3
0 199 120 0 Role: 3
0 43 152 154 166 0 Role: 4
0 184 160 54 0 Role: 4
0 56 57 0 Role: 5
0 33 89 0 Role: 6
0 38 55 0 Role: 6
0 61 0 Role: 6
0 65 0 Role: 7
0 67 83 0 Role: 7
0 155 0 Role: 8

Số khách: 17
Chi phí: 3.75319e+06
0 124 1 4 7 12 16 17 20 25 37 42 76 84 0 Role: 0
0 79 14 157 161 0 Role: 1

Số khách: 179
Chi phí: 3.91165e+07
0 171 44 173 114 74 118 124 138 143 151 188 194 25 37 42 84 0 Role: 0
0 86 1 2 4 5 6 7 9 11 17 20 28 30 40 59 69 76 77 97 130 0 Role: 0
0 8 27 23 78 104 120 121 136 157 185 193 16 24 31 72 73 113 126 150 0 Role: 0
0 34 47 68 70 80 81 41 53 99 108 148 158 175 180 186 200 32 54 66 75 85 128 145 164 170 0 Role: 0
0 196 49 51 60 64 87 91 95 100 102 135 139 176 183 189 123 159 181 0 Role: 0
0 13 18 26 33 36 39 48 50 52 62 71 98 0 Role: 0
0 29 57 88 93 147 149 167 172 174 0 Role: 0
0 82 90 106 109 165 184 199 0 Role: 0
0 110 154 0 Role: 1
0 19 166 0 Role: 1
0 43 21 105 45 14 0 Role: 2
0 96 22 177 61 0 Role: 2
0 160 169 0 Role: 2
0 101 79 65 197 0 Role: 3
0 12 133 0 Role: 4
0 35 161 0 Role: 4
0 111 63 58 0 Role: 5
0 119 56 103 0 Role: 6
0 178 0 Role: 6
0 38 55 92 0 Role: 6
0 46 156 0 Role: 6
0 141 0 Role: 6
0 140 10 137 0 Role: 6
0 89 15 0 Role: 7
0 67 94 83 0 Role: 7
0 3 182 187 0 Role: 8
0 122 0 Role: 8
0 132 146 0 Role: 9
0 152 0 Role: 9
0 155 0 Role: 9
0 190 0 Role: 10

Số khách: 178
Chi phí: 3.51195e+07
0 80 82 86 3 13 15 18 26 36 39 48 50 52 55 71 114 124 135 138 139 143 145 151 176 183 188 4 7 20 76 84 150 0 Role: 0
0 21 23 46 64 121 136 149 167 189 193 24 72 73 113 0 Role: 0
0 34 47 68 70 78 99 104 89 173 2 6 9 30 32 62 66 75 98 118 119 123 156 159 170 0 Role: 0
0 8 27 96 109 147 148 158 160 175 177 180 186 200 1 5 11 17 28 40 59 74 77 97 185 194 196 0 Role: 0
0 29 41 49 51 53 60 69 81 87 91 95 100 102 38 128 141 172 174 178 181 0 Role: 0
0 88 93 108 165 0 Role: 0
0 90 106 0 Role: 0
0 132 169 0 Role: 1
0 182 22 140 157 0 Role: 1
0 111 184 83 0 Role: 2
0 58 16 164 54 0 Role: 3
0 130 33 92 0 Role: 4
0 197 10 61 0 Role: 4
0 137 85 0 Role: 4
0 25 44 0 Role: 4
0 42 0 Role: 4
0 126 37 31 0 Role: 4
0 190 146 187 0 Role: 5
0 63 155 56 103 0 Role: 5
0 57 122 14 45 0 Role: 5
0 12 133 0 Role: 6
0 35 161 0 Role: 6
0 110 171 0 Role: 7
0 19 166 0 Role: 7
0 43 0 Role: 8
0 65 67 94 0 Role: 8
0 101 0 Role: 8
0 120 0 Role: 8
0 79 199 0 Role: 9
0 152 154 0 Role: 10

Số khách: 122
Chi phí: 1.71665e+07
0 8 27 41 48 50 62 91 95 100 102 123 172 174 176 183 17 40 69 77 97 194 0 Role: 0
0 86 2 13 18 26 36 39 49 52 64 71 81 87 88 124 135 138 139 143 145 159 170 4 7 20 76 150 0 Role: 0
0 101 0 Role: 1
0 160 23 169 171 0 Role: 1
0 58 46 0 Role: 1
0 133 38 0 Role: 1
0 154 110 0 Role: 2
0 45 21 132 57 0 Role: 2
0 94 56 0 Role: 2
0 33 0 Role: 2
0 67 0 Role: 2
0 63 79 0 Role: 3
0 65 184 83 0 Role: 3
0 187 182 28 0 Role: 3
0 19 0 Role: 3
0 96 122 105 0 Role: 3
0 15 55 92 0 Role: 3
0 3 137 0 Role: 3
0 152 16 0 Role: 4
0 14 146 197 89 0 Role: 5
0 22 54 0 Role: 5
0 199 120 0 Role: 5
0 25 44 0 Role: 5
0 157 141 0 Role: 5
0 98 140 61 177 0 Role: 5
0 10 103 161 0 Role: 6
0 178 0 Role: 6
0 119 0 Role: 6
0 126 164 185 0 Role: 6
0 84 0 Role: 6
0 42 85 0 Role: 6
0 156 0 Role: 6
0 12 37 0 Role: 6
0 35 0 Role: 6
0 130 0 Role: 6
0 155 0 Role: 7
0 43 166 181 0 Role: 7

Số khách: 147
Chi phí: 2.54659e+07
0 1 5 6 11 24 30 32 59 66 69 72 73 74 113 17 0 Role: 0
0 29 51 53 60 9 16 40 75 77 97 118 128 151 188 194 196 0 Role: 0
0 86 2 13 18 26 36 39 49 52 64 71 81 87 88 124 135 138 139 143 145 159 170 4 7 20 76 150 0 Role: 0
0 8 27 41 48 50 62 91 95 100 102 123 172 174 176 183 0 Role: 0
0 63 79 0 Role: 1
0 65 184 83 0 Role: 1
0 187 182 28 0 Role: 1
0 19 0 Role: 1
0 96 122 105 0 Role: 1
0 15 55 92 0 Role: 1
0 3 137 0 Role: 1
0 155 0 Role: 2
0 43 166 181 0 Role: 2
0 10 103 161 0 Role: 3
0 178 0 Role: 3
0 119 0 Role: 3
0 126 164 185 0 Role: 3
0 84 0 Role: 3
0 42 85 0 Role: 3
0 156 31 0 Role: 3
0 12 37 0 Role: 3
0 35 0 Role: 3
0 130 0 Role: 3
0 14 146 197 89 0 Role: 4
0 22 54 0 Role: 4
0 199 120 0 Role: 4
0 25 44 0 Role: 4
0 157 141 0 Role: 4
0 98 140 61 177 0 Role: 4
0 154 110 0 Role: 5
0 45 21 132 57 0 Role: 5
0 94 56 0 Role: 5
0 33 0 Role: 5
0 67 0 Role: 5
0 101 0 Role: 6
0 160 23 169 171 0 Role: 6
0 58 46 0 Role: 6
0 133 38 0 Role: 6
0 152 0 Role: 7

Số khách: 128
Chi phí: 1.94203e+07
0 2 6 9 30 38 4 32 62 66 72 73 75 113 118 128 150 20 84 0 Role: 0
0 80 82 86 3 13 15 18 26 36 39 48 50 52 55 71 114 124 135 138 139 143 145 151 176 183 188 172 7 164 170 0 Role: 0
0 8 27 96 109 147 148 158 160 175 177 180 186 200 1 5 11 17 28 40 59 74 77 97 185 194 196 76 0 Role: 0
0 110 171 0 Role: 1
0 19 166 181 0 Role: 1
0 154 43 0 Role: 2
0 152 157 0 Role: 2
0 130 33 92 0 Role: 3
0 197 10 61 0 Role: 3
0 137 85 0 Role: 3
0 25 44 0 Role: 3
0 42 0 Role: 3
0 126 37 31 0 Role: 3
0 111 184 83 54 0 Role: 4
0 65 67 58 0 Role: 5
0 94 199 98 0 Role: 5
0 190 146 187 0 Role: 6
0 63 155 56 103 0 Role: 6
0 57 122 14 45 0 Role: 6
0 12 133 0 Role: 7
0 35 161 0 Role: 7
0 132 169 0 Role: 8
0 182 22 140 0 Role: 8

Số khách: 142
Chi phí: 2.43247e+07
0 1 5 6 11 24 30 32 59 66 69 72 73 74 113 0 Role: 0
0 86 2 13 18 26 36 39 49 52 64 71 81 87 88 124 135 138 139 143 145 159 170 4 7 20 76 150 0 Role: 0
0 153 193 40 17 9 75 118 123 128 151 188 196 77 97 0 Role: 0
0 29 51 53 60 16 62 172 174 176 183 194 0 Role: 0
0 154 110 0 Role: 1
0 45 21 132 57 0 Role: 1
0 94 56 0 Role: 1
0 33 0 Role: 1
0 67 0 Role: 1
0 190 0 Role: 2
0 10 103 161 0 Role: 3
0 178 0 Role: 3
0 119 0 Role: 3
0 126 164 185 0 Role: 3
0 84 0 Role: 3
0 42 85 0 Role: 3
0 156 31 0 Role: 3
0 12 37 0 Role: 3
0 35 0 Role: 3
0 130 0 Role: 3
0 101 0 Role: 4
0 160 23 169 171 0 Role: 4
0 58 46 0 Role: 4
0 133 38 0 Role: 4
0 63 111 79 0 Role: 5
0 65 184 83 0 Role: 5
0 187 182 28 0 Role: 5
0 19 0 Role: 5
0 96 122 105 0 Role: 5
0 15 55 92 0 Role: 5
0 3 137 0 Role: 5
0 155 0 Role: 6
0 43 166 181 0 Role: 6
0 14 146 197 89 0 Role: 7
0 22 54 0 Role: 7
0 199 120 0 Role: 7
0 25 44 0 Role: 7
0 157 141 0 Role: 7
0 98 140 61 177 0 Role: 7
0 152 0 Role: 8

Số khách: 149
Chi phí: 2.76074e+07
0 88 24 98 123 84 159 170 172 174 181 7 20 76 0 Role: 0
0 80 82 86 3 13 15 18 26 36 39 48 50 52 55 71 114 124 135 138 139 143 145 151 176 183 188 17 40 77 97 185 0 Role: 0
0 29 41 49 51 53 60 69 81 87 91 95 100 102 1 5 11 28 46 59 74 194 196 0 Role: 0
0 2 6 9 30 38 4 32 62 66 72 73 75 113 118 128 150 0 Role: 0
0 8 21 23 0 Role: 0
0 27 64 0 Role: 0
0 58 16 164 54 0 Role: 1
0 111 184 83 0 Role: 2
0 12 133 0 Role: 3
0 35 161 0 Role: 3
0 110 171 0 Role: 4
0 19 166 0 Role: 4
0 130 33 92 0 Role: 5
0 197 10 61 0 Role: 5
0 137 85 0 Role: 5
0 25 44 0 Role: 5
0 42 0 Role: 5
0 126 37 31 0 Role: 5
0 190 146 187 0 Role: 6
0 63 155 56 103 0 Role: 6
0 57 122 14 45 0 Role: 6
0 132 169 0 Role: 7
0 182 22 140 177 0 Role: 7
0 105 141 0 Role: 8
0 119 120 0 Role: 8
0 156 0 Role: 8
0 178 0 Role: 8
0 154 43 0 Role: 9
0 152 157 0 Role: 9
0 65 67 0 Role: 10
0 89 94 160 0 Role: 10
0 199 0 Role: 10

Số khách: 153
Chi phí: 2.79694e+07
0 34 47 68 70 78 99 104 89 173 88 98 1 5 11 17 28 40 59 74 77 97 185 194 196 0 Role: 0
0 80 82 86 3 13 15 18 26 36 39 48 50 52 55 71 114 124 135 138 139 143 145 151 176 183 188 0 Role: 0
0 29 41 49 51 53 60 69 81 87 91 95 100 102 7 20 24 76 84 159 170 181 0 Role: 0
0 2 6 9 30 38 4 32 62 66 72 73 75 113 118 128 150 0 Role: 0
0 21 23 46 64 121 136 149 167 189 193 123 172 174 0 Role: 0
0 58 16 164 54 0 Role: 1
0 190 146 187 0 Role: 2
0 63 155 56 103 0 Role: 2
0 57 122 14 45 0 Role: 2
0 105 141 171 0 Role: 3
0 119 120 0 Role: 3
0 156 0 Role: 3
0 178 0 Role: 3
0 132 169 0 Role: 4
0 182 22 140 177 0 Role: 4
0 12 133 0 Role: 5
0 35 161 0 Role: 5
0 154 43 0 Role: 6
0 152 157 0 Role: 6
0 130 33 92 0 Role: 7
0 197 10 61 0 Role: 7
0 137 85 0 Role: 7
0 25 44 0 Role: 7
0 42 0 Role: 7
0 126 37 31 0 Role: 7
0 111 184 83 0 Role: 8

Số khách: 78
Chi phí: 7.33945e+06
0 54 64 0 Role: 0
0 160 164 37 89 133 0 Role: 1
0 103 105 157 169 161 0 Role: 1
0 28 0 Role: 1
0 181 0 Role: 1
0 12 185 0 Role: 1
0 35 98 0 Role: 1
0 31 61 85 0 Role: 1
0 166 58 197 0 Role: 2
0 56 199 119 0 Role: 2
0 38 130 55 0 Role: 2
0 177 140 10 137 0 Role: 2
0 156 16 46 0 Role: 2
0 141 0 Role: 2
0 44 25 0 Role: 2
0 178 0 Role: 2
0 42 84 0 Role: 2
0 126 0 Role: 2
0 23 171 0 Role: 3
0 120 0 Role: 3
0 92 0 Role: 3
0 15 0 Role: 4
0 96 57 0 Role: 4
0 33 0 Role: 4
0 101 0 Role: 4
0 22 0 Role: 4
0 184 0 Role: 4
0 3 0 Role: 4
0 110 154 19 0 Role: 5
0 94 0 Role: 5
0 182 122 187 0 Role: 5
0 63 67 0 Role: 5
0 111 79 65 0 Role: 6
0 155 83 0 Role: 6
0 14 21 0 Role: 6
0 146 132 45 0 Role: 7
0 43 152 0 Role: 8
0 190 0 Role: 9

Số khách: 37
Chi phí: 4.72979e+06
0 200 124 1 4 6 7 17 20 40 69 76 77 97 150 0 Role: 0
0 122 182 187 28 133 0 Role: 1
0 23 56 54 58 0 Role: 1
0 92 31 37 89 0 Role: 1
0 25 44 161 0 Role: 1
0 111 155 63 197 0 Role: 2
0 45 10 61 0 Role: 2

Số khách: 155
Chi phí: 2.99126e+07
0 120 177 55 38 50 62 75 85 118 119 128 145 188 151 196 77 97 0 Role: 0
0 34 47 70 80 82 86 90 106 109 114 123 143 149 183 186 189 91 98 103 124 172 174 69 73 113 130 0 Role: 0
0 2 15 19 26 51 68 92 99 147 148 4 6 7 10 11 12 20 25 31 35 37 42 76 0 Role: 0
0 102 93 122 28 41 53 78 95 104 108 136 137 140 157 167 180 5 9 16 24 44 46 59 74 126 138 156 164 170 181 194 0 Role: 0
0 14 30 121 72 27 33 36 49 56 58 60 81 88 100 135 139 176 193 1 17 40 84 150 161 185 0 Role: 0
0 187 57 45 146 0 Role: 1
0 110 197 171 0 Role: 1
0 67 0 Role: 1
0 199 0 Role: 1
0 101 79 0 Role: 2
0 132 169 0 Role: 2
0 182 54 0 Role: 2
0 65 63 83 94 133 0 Role: 3
0 96 89 0 Role: 3
0 155 0 Role: 4
0 43 152 154 166 0 Role: 5
0 184 160 0 Role: 5
0 111 0 Role: 6
0 190 21 105 0 Role: 6

Số khách: 168
Chi phí: 3.30607e+07
0 2 6 9 30 38 4 32 62 66 72 73 75 113 118 128 150 0 Role: 0
0 80 82 86 3 13 15 18 26 36 39 48 50 52 55 71 114 124 135 138 139 143 145 151 176 183 188 0 Role: 0
0 88 24 98 123 84 159 170 172 174 181 7 20 76 0 Role: 0
0 8 27 96 109 147 148 158 160 175 177 180 186 200 1 5 11 17 28 40 59 74 77 97 185 194 196 0 Role: 0
0 21 23 46 64 121 136 149 167 189 193 0 Role: 0
0 29 41 49 51 53 60 69 81 87 91 95 100 102 0 Role: 0
0 34 47 68 70 78 99 104 89 173 0 Role: 0
0 111 184 83 0 Role: 1
0 130 33 92 0 Role: 2
0 197 10 61 0 Role: 2
0 137 85 0 Role: 2
0 25 44 0 Role: 2
0 42 0 Role: 2
0 126 37 31 0 Role: 2
0 190 146 187 0 Role: 3
0 63 155 56 103 0 Role: 3
0 57 122 14 45 0 Role: 3
0 154 43 0 Role: 4
0 152 157 0 Role: 4
0 12 133 0 Role: 5
0 35 161 0 Role: 5
0 132 169 0 Role: 6
0 182 22 140 0 Role: 6
0 105 141 0 Role: 7
0 119 120 0 Role: 7
0 156 0 Role: 7
0 178 0 Role: 7
0 110 171 0 Role: 8
0 19 166 0 Role: 8
0 58 16 164 54 0 Role: 9

Số khách: 167
Chi phí: 3.14474e+07
0 29 41 49 51 53 60 69 81 87 91 95 100 102 7 20 24 76 84 159 170 181 0 Role: 0
0 21 23 46 64 121 136 149 167 189 193 123 172 174 0 Role: 0
0 2 6 9 30 38 4 32 62 66 72 73 75 113 118 128 150 0 Role: 0
0 34 47 68 70 78 99 104 89 173 88 98 0 Role: 0
0 8 27 96 109 147 148 158 160 175 177 180 186 200 1 5 11 17 28 40 59 74 77 97 185 194 196 0 Role: 0
0 80 82 86 3 13 15 18 26 36 39 48 50 52 55 71 114 124 135 138 139 143 145 151 176 183 188 0 Role: 0
0 110 171 0 Role: 1
0 19 166 0 Role: 1
0 190 146 187 0 Role: 2
0 63 155 56 103 0 Role: 2
0 57 122 14 45 0 Role: 2
0 111 184 83 0 Role: 3
0 58 16 164 54 0 Role: 4
0 154 43 0 Role: 5
0 152 157 0 Role: 5
0 105 141 0 Role: 6
0 119 120 0 Role: 6
0 156 0 Role: 6
0 178 0 Role: 6
0 132 169 0 Role: 7
0 182 22 0 Role: 7
0 12 133 0 Role: 8
0 35 161 0 Role: 8
0 130 33 92 0 Role: 9
0 197 10 61 0 Role: 9
0 137 85 0 Role: 9
0 25 44 0 Role: 9
0 42 0 Role: 9
0 126 37 31 0 Role: 9

Số khách: 60
Chi phí: 6.42399e+06
0 200 124 1 4 6 7 12 17 20 25 76 196 0 Role: 0
0 67 133 0 Role: 1
0 37 14 21 45 105 171 0 Role: 2
0 199 120 119 0 Role: 2
0 38 44 0 Role: 2
0 42 85 0 Role: 2
0 185 16 164 181 0 Role: 2
0 178 0 Role: 2
0 156 46 0 Role: 2
0 126 0 Role: 2
0 190 140 161 0 Role: 3
0 130 55 31 28 0 Role: 3
0 89 0 Role: 3
0 197 58 0 Role: 3
0 3 0 Role: 3
0 84 177 61 0 Role: 3
0 169 160 0 Role: 3
0 141 157 0 Role: 3
0 10 103 54 0 Role: 3
0 35 98 0 Role: 3
0 15 92 0 Role: 4

Số khách: 183
Chi phí: 3.98908e+07
0 14 30 121 72 27 33 36 49 56 58 60 81 88 100 135 139 176 193 1 17 40 84 150 161 185 0 Role: 0
0 34 47 70 80 82 86 90 106 109 114 123 143 149 183 186 189 62 75 85 118 119 128 145 151 196 0 Role: 0
0 2 15 19 51 68 92 99 147 148 4 6 7 10 11 12 20 25 31 35 37 42 76 0 Role: 0
0 102 93 122 28 41 53 78 95 104 108 136 137 140 157 167 180 5 9 16 24 44 46 59 74 126 138 156 164 170 181 194 0 Role: 0
0 13 29 32 39 61 66 73 87 38 50 55 177 188 0 Role: 0
0 192 125 3 8 18 21 22 23 48 52 64 71 91 98 103 124 141 159 172 174 178 69 77 97 113 130 0 Role: 0
0 57 67 110 115 129 131 142 158 165 173 175 0 Role: 0
0 107 112 116 0 Role: 0
0 65 63 83 94 133 0 Role: 1
0 96 89 0 Role: 1
0 111 0 Role: 2
0 190 45 171 0 Role: 2
0 79 105 0 Role: 3
0 101 197 0 Role: 4
0 132 169 0 Role: 4
0 182 54 0 Role: 4
0 155 120 0 Role: 5
0 43 152 154 166 0 Role: 6
0 184 160 0 Role: 6

Số khách: 46
Chi phí: 5.4268e+06
0 75 9 200 32 1 4 6 7 17 20 28 31 37 59 74 76 196 42 84 0 Role: 0
0 152 45 14 187 0 Role: 1
0 89 21 57 0 Role: 1
0 137 140 177 161 0 Role: 1
0 38 92 55 0 Role: 1
0 46 54 0 Role: 1
0 178 157 0 Role: 1
0 119 98 103 0 Role: 1
0 3 10 0 Role: 2
0 12 181 164 185 0 Role: 2

Số khách: 112
Chi phí: 1.65766e+07
0 86 2 13 18 26 36 39 49 52 64 71 81 87 88 124 135 138 139 143 145 159 170 4 7 20 76 150 0 Role: 0
0 8 9 48 75 91 100 102 1 16 17 40 59 74 77 97 113 0 Role: 0
0 5 0 Role: 0
0 43 110 166 58 133 0 Role: 1
0 67 160 0 Role: 1
0 181 46 0 Role: 1
0 63 111 79 56 0 Role: 2
0 65 184 83 0 Role: 2
0 187 182 28 171 0 Role: 2
0 19 0 Role: 2
0 96 122 105 0 Role: 2
0 15 55 92 0 Role: 2
0 3 137 0 Role: 2
0 10 103 161 0 Role: 3
0 178 0 Role: 3
0 119 0 Role: 3
0 126 164 185 0 Role: 3
0 84 0 Role: 3
0 42 85 0 Role: 3
0 156 31 0 Role: 3
0 12 37 0 Role: 3
0 35 0 Role: 3
0 130 0 Role: 3
0 152 33 0 Role: 4
0 14 146 197 89 0 Role: 5
0 22 54 0 Role: 5
0 199 120 0 Role: 5
0 25 44 0 Role: 5
0 157 141 0 Role: 5
0 98 140 61 177 0 Role: 5
0 21 23 169 0 Role: 6
0 38 0 Role: 6

Số khách: 103
Chi phí: 1.24126e+07
0 86 2 13 18 26 36 39 49 52 64 71 81 87 88 124 135 138 139 143 145 159 170 4 7 20 76 150 0 Role: 0
0 14 146 197 89 0 Role: 1
0 22 54 0 Role: 1
0 199 120 0 Role: 1
0 25 44 0 Role: 1
0 157 141 0 Role: 1
0 98 140 61 177 0 Role: 1
0 155 0 Role: 2
0 43 166 181 16 0 Role: 2
0 63 111 79 0 Role: 3
0 65 184 83 0 Role: 3
0 187 182 28 0 Role: 3
0 19 0 Role: 3
0 96 122 105 0 Role: 3
0 15 55 92 0 Role: 3
0 3 137 0 Role: 3
0 101 0 Role: 4
0 160 169 171 0 Role: 4
0 58 46 0 Role: 4
0 133 38 0 Role: 4
0 10 103 161 0 Role: 5
0 178 0 Role: 5
0 119 0 Role: 5
0 126 164 185 0 Role: 5
0 84 0 Role: 5
0 42 85 0 Role: 5
0 156 31 0 Role: 5
0 12 37 0 Role: 5
0 35 0 Role: 5
0 130 0 Role: 5
0 154 110 0 Role: 6
0 45 21 132 57 0 Role: 6
0 94 56 0 Role: 6
0 33 0 Role: 6
0 67 0 Role: 6
0 190 0 Role: 7
0 152 0 Role: 8

Số khách: 83
Chi phí: 8.00726e+06
0 153 193 40 17 9 75 118 123 128 151 188 196 77 97 12 42 84 0 Role: 0
0 63 111 79 0 Role: 1
0 65 184 83 58 0 Role: 1
0 187 182 28 133 0 Role: 1
0 19 126 164 0 Role: 1
0 96 122 105 85 0 Role: 1
0 15 55 92 0 Role: 1
0 3 137 10 161 0 Role: 1
0 16 181 37 0 Role: 2
0 14 146 197 89 0 Role: 3
0 22 54 0 Role: 3
0 199 120 119 0 Role: 3
0 25 44 31 0 Role: 3
0 157 141 0 Role: 3
0 98 140 177 0 Role: 3
0 154 110 0 Role: 4
0 45 21 132 57 103 0 Role: 4
0 94 56 0 Role: 4
0 33 130 0 Role: 4
0 67 160 0 Role: 4
0 23 169 171 0 Role: 5
0 35 0 Role: 5
0 46 0 Role: 5
0 156 185 0 Role: 5
0 178 0 Role: 5

Số khách: 161
Chi phí: 3.10761e+07
0 29 41 49 51 53 60 69 81 87 91 95 100 102 46 189 193 0 Role: 0
0 88 24 98 123 84 159 170 172 174 181 7 20 76 0 Role: 0
0 2 6 9 30 38 4 32 62 66 72 73 75 113 118 128 150 0 Role: 0
0 80 82 86 3 13 15 18 26 36 39 48 50 52 55 71 114 124 135 138 139 143 145 151 176 183 188 0 Role: 0
0 8 27 96 109 147 148 158 160 175 177 180 186 200 1 5 11 17 28 40 59 74 77 97 185 194 196 0 Role: 0
0 21 23 0 Role: 0
0 34 47 64 0 Role: 0
0 130 33 92 0 Role: 1
0 197 10 61 0 Role: 1
0 137 85 0 Role: 1
0 25 44 0 Role: 1
0 42 0 Role: 1
0 126 37 31 0 Role: 1
0 190 146 187 0 Role: 2
0 63 155 56 103 0 Role: 2
0 57 122 14 45 0 Role: 2
0 132 169 0 Role: 3
0 182 22 140 0 Role: 3
0 105 141 0 Role: 4
0 119 120 0 Role: 4
0 156 0 Role: 4
0 178 0 Role: 4
0 111 184 83 0 Role: 5
0 58 16 164 54 0 Role: 6
0 12 133 0 Role: 7
0 35 161 0 Role: 7
0 154 43 0 Role: 8
0 152 157 0 Role: 8
0 110 171 0 Role: 9
0 19 166 0 Role: 9
0 65 67 0 Role: 10
0 89 94 0 Role: 10

Số khách: 105
Chi phí: 1.42055e+07
0 86 2 13 18 26 36 39 49 52 64 71 81 87 88 124 135 138 139 143 145 159 170 4 7 20 76 150 0 Role: 0
0 1 5 0 Role: 0
0 146 0 Role: 1
0 152 0 Role: 1
0 199 0 Role: 1
0 63 79 0 Role: 2
0 65 184 83 0 Role: 2
0 187 182 28 14 0 Role: 2
0 19 0 Role: 2
0 96 122 105 0 Role: 2
0 15 55 92 0 Role: 2
0 3 137 0 Role: 2
0 155 0 Role: 3
0 43 166 181 16 0 Role: 3
0 22 140 157 0 Role: 4
0 98 0 Role: 4
0 101 0 Role: 5
0 160 23 169 171 0 Role: 5
0 58 46 89 0 Role: 5
0 133 38 44 0 Role: 5
0 154 110 0 Role: 6
0 45 21 132 57 0 Role: 6
0 94 56 197 0 Role: 6
0 33 61 177 0 Role: 6
0 67 54 0 Role: 6
0 111 120 0 Role: 7
0 10 103 161 0 Role: 8
0 178 0 Role: 8
0 119 0 Role: 8
0 126 164 185 0 Role: 8
0 84 141 0 Role: 8
0 42 85 0 Role: 8
0 156 31 0 Role: 8
0 12 37 0 Role: 8
0 35 0 Role: 8
0 130 0 Role: 8
0 25 0 Role: 9

Số khách: 90
Chi phí: 1.01909e+07
0 75 9 200 32 1 4 6 7 17 20 28 31 37 59 74 76 196 42 0 Role: 0
0 111 58 0 Role: 1
0 190 105 0 Role: 1
0 43 126 133 0 Role: 1
0 33 0 Role: 2
0 83 94 63 171 0 Role: 2
0 15 0 Role: 2
0 122 96 182 0 Role: 2
0 3 0 Role: 3
0 154 110 0 Role: 3
0 132 146 0 Role: 3
0 152 45 14 187 0 Role: 4
0 89 21 57 0 Role: 4
0 137 140 177 0 Role: 4
0 38 92 0 Role: 4
0 46 54 0 Role: 4
0 178 0 Role: 4
0 119 98 103 0 Role: 4
0 19 166 0 Role: 5
0 23 169 0 Role: 5
0 161 0 Role: 6
0 12 185 0 Role: 6
0 61 84 0 Role: 6
0 141 157 0 Role: 6
0 16 156 164 181 0 Role: 6
0 10 85 0 Role: 6
0 55 130 0 Role: 6
0 25 44 0 Role: 6
0 155 199 0 Role: 7
0 22 0 Role: 7
0 101 56 79 0 Role: 8
0 67 160 197 0 Role: 9
0 35 0 Role: 10
0 65 184 0 Role: 11

Số khách: 170
Chi phí: 3.42821e+07
0 2 15 19 26 51 68 92 99 147 148 4 6 7 10 11 12 20 25 31 35 37 42 76 84 0 Role: 0
0 34 47 70 80 82 86 90 106 109 114 123 143 149 183 186 189 145 1 17 40 66 72 73 118 128 150 161 185 0 Role: 0
0 101 110 115 129 131 142 158 165 169 173 175 177 200 30 32 62 75 85 119 151 188 0 Role: 0
0 192 125 3 8 18 21 22 23 48 52 64 71 91 98 103 124 141 159 172 174 178 69 77 97 113 130 0 Role: 0
0 102 93 122 28 41 53 78 95 104 108 136 137 140 157 167 180 5 9 16 24 44 46 59 74 126 138 156 164 170 181 194 196 0 Role: 0
0 13 27 0 Role: 0
0 29 0 Role: 0
0 65 63 83 94 133 0 Role: 1
0 96 89 0 Role: 1
0 43 152 154 166 0 Role: 2
0 184 160 54 0 Role: 2
0 79 105 14 0 Role: 3
0 155 120 0 Role: 4
0 132 146 187 0 Role: 5
0 182 197 58 0 Role: 5
0 199 0 Role: 5
0 111 0 Role: 6
0 190 45 171 0 Role: 6
0 33 0 Role: 7
0 38 55 0 Role: 7
0 61 0 Role: 7
0 56 57 0 Role: 8

Số khách: 96
Chi phí: 1.0735e+07
0 8 27 41 48 50 62 91 95 100 102 123 172 174 176 183 17 40 69 77 97 194 4 0 Role: 0
0 152 16 0 Role: 1
0 101 0 Role: 2
0 160 23 169 171 0 Role: 2
0 58 46 0 Role: 2
0 133 38 31 0 Role: 2
0 63 79 0 Role: 3
0 65 184 83 0 Role: 3
0 187 182 28 0 Role: 3
0 19 0 Role: 3
0 96 122 105 0 Role: 3
0 15 55 92 0 Role: 3
0 3 137 0 Role: 3
0 154 110 0 Role: 4
0 45 21 132 57 0 Role: 4
0 94 56 0 Role: 4
0 33 0 Role: 4
0 67 0 Role: 4
0 10 103 161 0 Role: 5
0 178 0 Role: 5
0 119 0 Role: 5
0 126 164 185 0 Role: 5
0 84 0 Role: 5
0 85 0 Role: 5
0 156 0 Role: 5
0 12 37 0 Role: 5
0 35 0 Role: 5
0 130 0 Role: 5
0 155 0 Role: 6
0 43 166 181 0 Role: 6
0 14 146 197 89 0 Role: 7
0 22 54 0 Role: 7
0 199 120 0 Role: 7
0 25 44 0 Role: 7
0 157 141 0 Role: 7
0 98 140 61 177 0 Role: 7

Số khách: 70
Chi phí: 7.18179e+06
0 75 9 200 32 1 4 6 7 17 20 28 31 37 59 74 76 196 42 84 0 Role: 0
0 111 58 0 Role: 1
0 190 105 0 Role: 1
0 43 126 133 0 Role: 1
0 19 166 164 185 0 Role: 2
0 23 169 56 197 0 Role: 2
0 33 130 0 Role: 3
0 83 94 63 171 0 Role: 3
0 15 0 Role: 3
0 122 96 182 10 61 0 Role: 3
0 3 0 Role: 4
0 12 181 0 Role: 4
0 152 45 14 187 0 Role: 5
0 89 21 57 0 Role: 5
0 137 140 177 161 0 Role: 5
0 38 92 55 0 Role: 5
0 46 54 0 Role: 5
0 178 157 0 Role: 5
0 119 98 103 0 Role: 5

Số khách: 66
Chi phí: 6.98603e+06
0 75 9 200 32 1 4 6 7 17 20 28 31 37 59 74 76 196 42 84 0 Role: 0
0 3 0 Role: 1
0 12 181 0 Role: 1
0 152 45 14 187 0 Role: 2
0 89 21 57 0 Role: 2
0 137 140 177 161 0 Role: 2
0 38 92 55 0 Role: 2
0 46 54 0 Role: 2
0 178 157 0 Role: 2
0 119 98 103 0 Role: 2
0 19 166 164 185 0 Role: 3
0 23 169 56 197 0 Role: 3
0 33 130 133 0 Role: 4
0 83 94 63 171 0 Role: 4
0 15 0 Role: 4
0 122 96 182 10 61 0 Role: 4
0 16 156 0 Role: 5

Số khách: 116
Chi phí: 1.70523e+07
0 86 2 13 18 26 36 39 49 52 64 71 81 87 88 124 135 138 139 143 145 159 170 4 7 17 20 76 0 Role: 0
0 1 5 6 9 11 24 30 32 40 59 69 77 97 0 Role: 0
0 14 146 197 89 0 Role: 1
0 22 28 0 Role: 1
0 199 120 54 0 Role: 1
0 25 44 0 Role: 1
0 157 0 Role: 1
0 98 140 61 177 0 Role: 1
0 166 0 Role: 2
0 92 38 55 0 Role: 2
0 137 0 Role: 2
0 141 0 Role: 2
0 181 46 16 0 Role: 2
0 154 110 0 Role: 3
0 45 21 132 57 0 Role: 3
0 94 56 0 Role: 3
0 33 0 Role: 3
0 67 0 Role: 3
0 63 111 79 0 Role: 4
0 65 184 83 0 Role: 4
0 187 182 0 Role: 4
0 19 0 Role: 4
0 96 122 105 0 Role: 4
0 15 0 Role: 4
0 3 0 Role: 4
0 152 0 Role: 5
0 155 0 Role: 6
0 43 0 Role: 6
0 101 0 Role: 7
0 160 23 169 171 0 Role: 7
0 58 0 Role: 7
0 133 0 Role: 7
0 10 103 161 0 Role: 8
0 178 0 Role: 8
0 119 0 Role: 8
0 126 164 185 0 Role: 8
0 84 0 Role: 8
0 42 85 0 Role: 8
0 156 31 0 Role: 8
0 12 37 0 Role: 8
0 35 0 Role: 8
0 130 0 Role: 8

Số khách: 130
Chi phí: 2.0086e+07
0 29 51 53 60 16 62 172 174 176 183 194 59 69 113 0 Role: 0
0 153 193 40 17 9 75 118 123 128 151 188 196 77 97 0 Role: 0
0 86 2 13 18 26 36 39 49 64 71 81 87 88 124 135 138 139 143 145 159 170 4 7 20 76 150 0 Role: 0
0 155 0 Role: 1
0 43 166 181 0 Role: 1
0 63 111 79 0 Role: 2
0 65 184 83 0 Role: 2
0 187 182 28 0 Role: 2
0 19 0 Role: 2
0 96 122 105 0 Role: 2
0 15 55 92 0 Role: 2
0 3 137 0 Role: 2
0 10 103 161 0 Role: 3
0 178 0 Role: 3
0 119 0 Role: 3
0 126 164 185 0 Role: 3
0 84 0 Role: 3
0 42 85 0 Role: 3
0 156 31 0 Role: 3
0 12 37 0 Role: 3
0 35 0 Role: 3
0 130 0 Role: 3
0 154 110 0 Role: 4
0 45 21 132 57 0 Role: 4
0 94 56 0 Role: 4
0 33 0 Role: 4
0 67 0 Role: 4
0 101 0 Role: 5
0 160 23 169 171 0 Role: 5
0 58 46 0 Role: 5
0 133 38 0 Role: 5
0 152 0 Role: 6
0 190 0 Role: 7
0 14 146 197 89 0 Role: 8
0 22 54 0 Role: 8
0 199 120 0 Role: 8
0 25 44 0 Role: 8
0 157 141 0 Role: 8
0 98 140 61 177 0 Role: 8

Số khách: 133
Chi phí: 2.17328e+07
0 86 2 13 18 26 36 39 49 52 64 71 81 87 88 124 135 138 139 143 145 159 170 4 7 20 76 150 0 Role: 0
0 1 5 6 11 24 30 32 59 66 69 72 73 74 113 17 0 Role: 0
0 8 9 48 75 91 100 102 16 40 77 97 118 128 151 188 194 196 0 Role: 0
0 43 110 166 0 Role: 1
0 67 0 Role: 1
0 181 0 Role: 1
0 14 146 197 89 0 Role: 2
0 22 54 0 Role: 2
0 199 120 0 Role: 2
0 25 44 0 Role: 2
0 157 141 0 Role: 2
0 98 140 61 177 0 Role: 2
0 10 103 161 0 Role: 3
0 178 0 Role: 3
0 119 0 Role: 3
0 126 164 185 0 Role: 3
0 84 0 Role: 3
0 42 85 0 Role: 3
0 156 31 0 Role: 3
0 12 37 0 Role: 3
0 35 0 Role: 3
0 130 0 Role: 3
0 33 0 Role: 4
0 63 111 79 56 0 Role: 5
0 65 184 83 0 Role: 5
0 187 182 28 0 Role: 5
0 19 0 Role: 5
0 96 122 105 0 Role: 5
0 15 55 92 0 Role: 5
0 3 137 0 Role: 5
0 101 0 Role: 6
0 160 23 169 171 0 Role: 6
0 58 46 0 Role: 6
0 133 38 0 Role: 6
0 190 21 45 0 Role: 7
0 57 94 0 Role: 8
0 132 0 Role: 9
0 154 0 Role: 9

Số khách: 137
Chi phí: 2.32538e+07
0 8 27 41 48 50 62 91 95 100 102 123 172 174 176 183 17 25 113 0 Role: 0
0 29 51 53 60 9 16 40 75 77 97 118 128 151 188 194 196 0 Role: 0
0 86 2 13 18 26 36 39 49 52 64 71 81 87 88 124 135 138 139 143 145 159 170 4 7 20 76 150 0 Role: 0
0 1 0 Role: 0
0 10 103 161 0 Role: 1
0 178 0 Role: 1
0 119 0 Role: 1
0 126 164 185 0 Role: 1
0 84 141 0 Role: 1
0 42 85 0 Role: 1
0 156 31 0 Role: 1
0 12 37 0 Role: 1
0 35 0 Role: 1
0 130 0 Role: 1
0 154 110 0 Role: 2
0 45 21 132 57 0 Role: 2
0 94 56 197 0 Role: 2
0 33 61 177 0 Role: 2
0 67 54 0 Role: 2
0 101 0 Role: 3
0 160 23 169 171 0 Role: 3
0 58 46 89 0 Role: 3
0 133 38 44 0 Role: 3
0 155 0 Role: 4
0 43 166 181 0 Role: 4
0 63 79 0 Role: 5
0 65 184 83 0 Role: 5
0 187 182 28 14 0 Role: 5
0 19 0 Role: 5
0 96 122 105 0 Role: 5
0 15 55 92 0 Role: 5
0 3 137 0 Role: 5
0 22 140 157 0 Role: 6
0 98 0 Role: 6
0 111 120 0 Role: 7
0 146 0 Role: 8
0 152 0 Role: 8
0 199 0 Role: 8
0 190 0 Role: 9

Số khách: 85
Chi phí: 8.85793e+06
0 8 9 48 75 91 100 102 1 16 17 40 59 74 77 97 113 4 0 Role: 0
0 21 23 169 0 Role: 1
0 38 0 Role: 1
0 14 146 197 89 0 Role: 2
0 22 54 0 Role: 2
0 199 120 0 Role: 2
0 25 44 0 Role: 2
0 157 141 0 Role: 2
0 98 140 61 177 0 Role: 2
0 10 103 161 0 Role: 3
0 178 0 Role: 3
0 119 0 Role: 3
0 126 164 185 0 Role: 3
0 84 0 Role: 3
0 42 85 0 Role: 3
0 156 31 0 Role: 3
0 12 37 0 Role: 3
0 35 0 Role: 3
0 130 0 Role: 3
0 63 111 79 56 0 Role: 4
0 65 184 83 0 Role: 4
0 187 182 28 171 0 Role: 4
0 19 0 Role: 4
0 96 122 105 0 Role: 4
0 15 55 92 0 Role: 4
0 3 137 0 Role: 4
0 152 33 0 Role: 5
0 43 110 166 58 133 0 Role: 6
0 67 160 0 Role: 6
0 181 46 0 Role: 6

Số khách: 174
Chi phí: 3.4684e+07
0 2 6 9 30 38 4 32 62 66 72 73 75 113 118 128 150 12 84 0 Role: 0
0 34 47 68 70 78 99 104 89 173 7 16 20 24 35 76 159 161 164 170 181 0 Role: 0
0 80 82 86 3 13 15 18 26 36 39 48 50 52 55 71 114 124 135 138 139 143 145 151 176 183 188 172 0 Role: 0
0 8 27 96 109 147 148 158 160 175 177 180 186 200 1 5 11 17 28 40 59 74 77 97 185 194 196 0 Role: 0
0 29 41 49 51 53 60 69 81 87 91 95 100 102 54 98 123 174 0 Role: 0
0 21 23 46 64 121 136 149 167 189 193 0 Role: 0
0 58 0 Role: 0
0 79 88 93 0 Role: 0
0 130 33 92 133 0 Role: 1
0 197 10 61 0 Role: 1
0 137 85 0 Role: 1
0 25 44 0 Role: 1
0 42 0 Role: 1
0 126 37 31 0 Role: 1
0 110 171 0 Role: 2
0 19 166 0 Role: 2
0 154 43 0 Role: 3
0 152 157 0 Role: 3
0 132 169 0 Role: 4
0 182 22 140 0 Role: 4
0 190 146 187 0 Role: 5
0 63 155 56 103 0 Role: 5
0 57 122 14 45 0 Role: 5
0 105 141 0 Role: 6
0 119 120 0 Role: 6
0 156 0 Role: 6
0 178 0 Role: 6
0 65 67 94 0 Role: 7
0 83 0 Role: 7
0 101 0 Role: 7
0 184 0 Role: 7
0 199 0 Role: 7

Số khách: 110
Chi phí: 1.50929e+07
0 153 193 40 17 9 75 118 123 128 151 188 196 77 97 12 42 84 0 Role: 0
0 86 2 13 18 26 36 39 49 52 64 71 81 87 88 124 135 138 139 143 145 159 170 4 7 20 76 150 0 Role: 0
0 152 16 0 Role: 1
0 101 103 161 0 Role: 2
0 160 23 169 171 0 Role: 2
0 58 46 37 0 Role: 2
0 133 38 31 0 Role: 2
0 14 146 197 89 0 Role: 3
0 22 54 0 Role: 3
0 199 120 119 0 Role: 3
0 25 44 0 Role: 3
0 157 141 0 Role: 3
0 98 140 61 177 0 Role: 3
0 154 110 0 Role: 4
0 45 21 132 57 0 Role: 4
0 94 56 0 Role: 4
0 33 130 0 Role: 4
0 67 0 Role: 4
0 63 111 79 0 Role: 5
0 65 184 83 0 Role: 5
0 187 182 28 0 Role: 5
0 19 126 164 0 Role: 5
0 96 122 105 85 0 Role: 5
0 15 55 92 0 Role: 5
0 3 137 10 0 Role: 5
0 35 0 Role: 6

Số khách: 158
Chi phí: 3.0396e+07
0 196 49 51 60 64 87 91 95 100 102 135 139 176 183 189 1 4 7 17 20 76 84 150 0 Role: 0
0 171 44 173 114 74 118 124 138 143 151 188 194 77 97 0 Role: 0
0 29 41 53 78 2 5 6 9 11 24 28 40 59 113 0 Role: 0
0 8 27 3 13 18 26 30 32 36 39 48 50 52 55 62 66 69 72 73 75 123 128 145 170 185 0 Role: 0
0 34 47 68 70 80 81 71 86 88 93 98 149 159 172 174 181 0 Role: 0
0 89 15 0 Role: 1
0 67 94 83 0 Role: 1
0 190 146 0 Role: 2
0 63 155 0 Role: 2
0 57 0 Role: 2
0 111 0 Role: 3
0 154 0 Role: 4
0 152 157 0 Role: 4
0 182 187 0 Role: 5
0 122 23 0 Role: 5
0 184 199 0 Role: 5
0 120 0 Role: 5
0 43 21 105 45 14 0 Role: 6
0 96 22 177 0 Role: 6
0 160 169 0 Role: 6
0 130 33 92 0 Role: 7
0 197 10 61 0 Role: 7
0 137 85 0 Role: 7
0 25 0 Role: 7
0 42 0 Role: 7
0 126 37 31 0 Role: 7
0 119 56 103 0 Role: 8
0 178 0 Role: 8
0 38 0 Role: 8
0 46 156 0 Role: 8
0 141 0 Role: 8
0 140 0 Role: 8
0 110 0 Role: 9
0 19 166 0 Role: 9
0 133 0 Role: 10
0 35 161 0 Role: 10
0 101 79 65 0 Role: 11
0 58 16 164 54 0 Role: 12

Số khách: 88
Chi phí: 9.48545e+06
0 75 9 200 32 1 4 6 7 17 20 28 31 37 59 74 76 196 42 0 Role: 0
0 120 161 0 Role: 1
0 12 185 0 Role: 1
0 61 84 0 Role: 1
0 141 157 0 Role: 1
0 16 156 164 181 0 Role: 1
0 10 85 0 Role: 1
0 55 130 0 Role: 1
0 25 44 0 Role: 1
0 33 0 Role: 2
0 83 94 63 171 0 Role: 2
0 15 0 Role: 2
0 122 96 182 0 Role: 2
0 152 45 14 187 0 Role: 3
0 89 21 57 0 Role: 3
0 137 140 177 0 Role: 3
0 38 92 0 Role: 3
0 46 54 0 Role: 3
0 178 0 Role: 3
0 119 98 103 0 Role: 3
0 3 0 Role: 4
0 154 110 0 Role: 4
0 132 146 0 Role: 4
0 101 56 79 0 Role: 5
0 111 58 0 Role: 6
0 190 105 0 Role: 6
0 43 126 133 0 Role: 6
0 155 199 0 Role: 7
0 22 0 Role: 7
0 67 160 197 0 Role: 8
0 19 166 0 Role: 9
0 23 169 0 Role: 9

Số khách: 135
Chi phí: 2.31914e+07
0 86 2 13 18 26 36 39 49 52 64 71 81 87 88 124 135 138 139 143 145 159 170 4 7 20 76 150 0 Role: 0
0 1 5 6 11 24 30 32 59 66 69 72 73 74 113 17 0 Role: 0
0 29 51 53 60 16 62 172 174 176 183 194 40 77 97 196 0 Role: 0
0 8 9 48 75 91 100 102 0 Role: 0
0 152 33 0 Role: 1
0 63 111 79 56 0 Role: 2
0 65 184 83 0 Role: 2
0 187 182 28 0 Role: 2
0 19 0 Role: 2
0 96 122 105 0 Role: 2
0 15 55 92 0 Role: 2
0 3 137 0 Role: 2
0 10 103 161 0 Role: 3
0 178 0 Role: 3
0 119 0 Role: 3
0 126 164 185 0 Role: 3
0 84 0 Role: 3
0 42 85 0 Role: 3
0 156 31 0 Role: 3
0 12 37 0 Role: 3
0 35 0 Role: 3
0 130 0 Role: 3
0 190 21 45 0 Role: 4
0 101 0 Role: 5
0 160 23 169 171 0 Role: 5
0 58 46 0 Role: 5
0 133 38 0 Role: 5
0 14 146 197 89 0 Role: 6
0 22 54 0 Role: 6
0 199 120 0 Role: 6
0 25 44 0 Role: 6
0 157 141 0 Role: 6
0 98 140 61 177 0 Role: 6
0 43 110 166 0 Role: 7
0 67 0 Role: 7
0 181 0 Role: 7

Số khách: 25
Chi phí: 4.2819e+06
0 200 124 1 4 7 12 16 17 20 25 37 42 76 84 0 Role: 0
0 14 157 161 0 Role: 1
0 111 155 63 197 0 Role: 2
0 45 10 31 28 0 Role: 2

Số khách: 98
Chi phí: 1.13868e+07
0 86 2 13 18 26 36 39 49 52 64 71 81 87 88 124 135 138 139 143 145 159 170 4 7 20 76 150 0 Role: 0
0 63 111 79 0 Role: 1
0 65 184 83 58 0 Role: 1
0 187 182 28 133 0 Role: 1
0 19 0 Role: 1
0 96 122 105 171 0 Role: 1
0 15 55 92 0 Role: 1
0 3 137 0 Role: 1
0 14 146 197 0 Role: 2
0 22 54 0 Role: 2
0 199 120 0 Role: 2
0 25 44 0 Role: 2
0 157 141 0 Role: 2
0 98 140 61 177 0 Role: 2
0 10 103 161 0 Role: 3
0 178 0 Role: 3
0 119 0 Role: 3
0 126 164 185 0 Role: 3
0 84 0 Role: 3
0 42 85 0 Role: 3
0 156 31 0 Role: 3
0 12 37 0 Role: 3
0 35 0 Role: 3
0 130 0 Role: 3
0 155 0 Role: 4
0 43 166 181 16 0 Role: 4
0 154 110 0 Role: 5
0 45 21 132 57 0 Role: 5
0 94 56 0 Role: 5
0 33 0 Role: 5
0 67 160 0 Role: 5
0 152 38 0 Role: 6

Số khách: 132
Chi phí: 2.1203e+07
0 153 193 40 17 9 75 118 123 128 151 188 196 77 97 0 Role: 0
0 1 5 6 11 24 30 32 59 66 69 72 73 74 113 0 Role: 0
0 86 2 13 18 26 36 39 49 52 64 71 81 87 88 124 135 138 139 143 145 159 170 4 7 20 76 150 0 Role: 0
0 63 111 79 0 Role: 1
0 65 184 83 0 Role: 1
0 187 182 28 0 Role: 1
0 19 0 Role: 1
0 96 122 105 0 Role: 1
0 15 55 92 0 Role: 1
0 3 137 0 Role: 1
0 10 103 161 0 Role: 2
0 178 0 Role: 2
0 119 0 Role: 2
0 126 164 185 0 Role: 2
0 84 0 Role: 2
0 42 85 0 Role: 2
0 156 31 0 Role: 2
0 12 37 0 Role: 2
0 35 0 Role: 2
0 130 0 Role: 2
0 154 110 0 Role: 3
0 45 21 132 57 0 Role: 3
0 94 56 0 Role: 3
0 33 0 Role: 3
0 67 0 Role: 3
0 152 16 0 Role: 4
0 190 0 Role: 5
0 155 0 Role: 6
0 43 166 181 0 Role: 6
0 101 0 Role: 7
0 160 23 169 171 0 Role: 7
0 58 46 0 Role: 7
0 133 38 0 Role: 7
0 14 146 197 89 0 Role: 8
0 22 54 0 Role: 8
0 199 120 0 Role: 8
0 25 44 0 Role: 8
0 157 141 0 Role: 8
0 98 140 61 177 0 Role: 8

Số khách: 55
Chi phí: 5.9452e+06
0 200 124 1 4 6 7 17 20 25 76 150 0 Role: 0
0 190 140 161 0 Role: 1
0 130 55 31 28 0 Role: 1
0 89 0 Role: 1
0 197 0 Role: 1
0 3 0 Role: 1
0 84 177 61 0 Role: 1
0 169 42 0 Role: 1
0 141 157 0 Role: 1
0 10 103 54 0 Role: 1
0 35 98 0 Role: 1
0 132 122 14 133 0 Role: 2
0 146 187 58 0 Role: 2
0 43 0 Role: 2
0 19 37 0 Role: 2
0 94 57 0 Role: 2
0 105 182 85 171 0 Role: 2
0 12 164 185 0 Role: 3
0 16 46 156 0 Role: 3

Số khách: 21
Chi phí: 4.108e+06
0 200 124 1 4 6 7 12 16 17 25 37 42 76 84 0 Role: 0
0 14 157 161 10 28 0 Role: 1
0 3 137 0 Role: 2

Số khách: 101
Chi phí: 1.19758e+07
0 86 2 13 18 26 36 39 49 52 64 71 81 87 88 124 135 138 139 143 145 159 170 4 7 17 20 76 0 Role: 0
0 154 110 37 0 Role: 1
0 45 21 132 57 103 0 Role: 1
0 56 0 Role: 1
0 33 31 161 0 Role: 1
0 67 119 0 Role: 1
0 166 12 164 185 0 Role: 2
0 92 38 55 0 Role: 2
0 137 10 85 0 Role: 2
0 141 84 0 Role: 2
0 181 46 16 156 0 Role: 2
0 101 0 Role: 3
0 160 23 169 171 0 Role: 3
0 58 126 0 Role: 3
0 133 42 0 Role: 3
0 14 146 197 89 0 Role: 4
0 22 28 0 Role: 4
0 199 120 54 0 Role: 4
0 25 44 0 Role: 4
0 157 178 0 Role: 4
0 98 140 61 177 0 Role: 4
0 152 0 Role: 5
0 63 111 79 0 Role: 6
0 65 184 83 0 Role: 6
0 187 182 0 Role: 6
0 19 0 Role: 6
0 96 122 105 0 Role: 6
0 15 0 Role: 6
0 3 0 Role: 6
0 155 0 Role: 7
0 43 0 Role: 7
0 35 0 Role: 8

Số khách: 31
Chi phí: 4.33712e+06
0 200 124 1 4 6 7 12 16 17 20 25 37 42 76 84 0 Role: 0
0 132 28 133 0 Role: 1
0 146 58 197 0 Role: 1
0 43 15 0 Role: 1
0 19 44 0 Role: 1
0 94 57 161 0 Role: 1
0 105 10 31 0 Role: 1

Số khách: 49
Chi phí: 5.51813e+06
0 200 124 1 4 6 7 17 20 25 76 150 0 Role: 0
0 132 122 14 133 0 Role: 1
0 146 187 58 0 Role: 1
0 43 15 0 Role: 1
0 19 0 Role: 1
0 94 57 0 Role: 1
0 105 182 85 171 0 Role: 1
0 190 140 161 0 Role: 2
0 130 55 31 28 0 Role: 2
0 89 0 Role: 2
0 197 0 Role: 2
0 3 0 Role: 2
0 84 177 61 0 Role: 2
0 169 42 0 Role: 2
0 141 157 0 Role: 2
0 10 103 54 0 Role: 2
0 35 98 0 Role: 2

Số khách: 52
Chi phí: 5.87486e+06
0 200 124 1 4 6 7 17 20 25 76 150 0 Role: 0
0 132 122 14 133 0 Role: 1
0 146 187 58 0 Role: 1
0 43 15 0 Role: 1
0 19 37 0 Role: 1
0 57 0 Role: 1
0 105 182 85 171 0 Role: 1
0 190 140 161 0 Role: 2
0 130 55 31 28 0 Role: 2
0 89 0 Role: 2
0 197 0 Role: 2
0 3 0 Role: 2
0 84 177 61 0 Role: 2
0 169 42 0 Role: 2
0 141 157 0 Role: 2
0 10 103 54 0 Role: 2
0 35 98 0 Role: 2
0 12 164 185 0 Role: 3

Số khách: 33
Chi phí: 4.65964e+06
0 75 9 200 32 1 4 6 7 17 20 28 31 37 59 74 76 196 42 84 0 Role: 0
0 33 130 133 0 Role: 1
0 83 94 63 171 0 Role: 1
0 15 89 0 Role: 1
0 122 96 182 10 61 0 Role: 1

Số khách: 106
Chi phí: 1.47198e+07
0 86 2 13 18 26 36 39 49 52 64 71 81 87 88 124 135 138 139 143 145 159 170 4 7 20 76 150 0 Role: 0
0 1 5 6 9 11 17 0 Role: 0
0 101 0 Role: 1
0 160 23 169 171 0 Role: 1
0 58 46 89 0 Role: 1
0 133 38 44 0 Role: 1
0 154 110 0 Role: 2
0 45 21 132 57 0 Role: 2
0 94 56 197 0 Role: 2
0 33 61 177 0 Role: 2
0 67 54 0 Role: 2
0 25 0 Role: 3
0 10 103 161 0 Role: 4
0 178 0 Role: 4
0 119 0 Role: 4
0 126 164 185 0 Role: 4
0 84 141 0 Role: 4
0 42 85 0 Role: 4
0 156 31 0 Role: 4
0 12 37 0 Role: 4
0 35 0 Role: 4
0 130 0 Role: 4
0 155 0 Role: 5
0 43 166 181 16 0 Role: 5
0 22 140 157 0 Role: 6
0 98 0 Role: 6
0 111 120 0 Role: 7
0 63 79 0 Role: 8
0 65 184 83 0 Role: 8
0 187 182 28 14 0 Role: 8
0 19 0 Role: 8
0 96 122 105 0 Role: 8
0 15 55 92 0 Role: 8
0 3 137 0 Role: 8

Số khách: 108
Chi phí: 1.49831e+07
0 8 9 48 75 91 100 102 16 40 77 97 118 128 151 188 194 196 4 0 Role: 0
0 1 2 5 6 7 11 17 20 24 30 59 69 76 113 150 0 Role: 0
0 43 110 166 0 Role: 1
0 67 0 Role: 1
0 181 0 Role: 1
0 132 0 Role: 2
0 154 152 0 Role: 2
0 101 0 Role: 3
0 160 23 169 171 0 Role: 3
0 58 46 0 Role: 3
0 133 38 0 Role: 3
0 57 94 0 Role: 4
0 190 21 45 0 Role: 5
0 10 103 161 0 Role: 6
0 178 0 Role: 6
0 119 0 Role: 6
0 126 164 185 0 Role: 6
0 84 0 Role: 6
0 42 85 0 Role: 6
0 156 31 0 Role: 6
0 12 37 0 Role: 6
0 35 0 Role: 6
0 130 0 Role: 6
0 33 0 Role: 7
0 14 146 197 89 0 Role: 8
0 22 54 0 Role: 8
0 199 120 0 Role: 8
0 25 44 0 Role: 8
0 157 141 0 Role: 8
0 98 140 61 177 0 Role: 8
0 63 111 79 56 0 Role: 9
0 65 184 83 0 Role: 9
0 187 182 28 0 Role: 9
0 19 0 Role: 9
0 96 122 105 0 Role: 9
0 15 55 92 0 Role: 9
0 3 137 0 Role: 9

Số khách: 23
Chi phí: 3.86227e+06
0 17 20 42 69 40 76 4 7 59 77 97 24 74 113 150 194 196 0 Role: 0
0 103 171 22 85 161 0 Role: 1
0 10 0 Role: 1

Số khách: 197
Chi phí: 3.57268e+07
0 51 8 13 27 41 192 53 49 1 60 87 64 81 138 102 143 88 124 145 170 77 97 17 20 69 40 76 4 7 0 Role: 0
0 9 73 151 30 72 32 39 59 74 113 150 159 194 0 Role: 0
0 62 48 115 18 52 153 36 50 26 71 5 188 118 128 75 196 123 24 11 46 66 0 Role: 0
0 34 47 70 99 80 106 6 2 93 108 176 180 189 183 175 140 114 136 149 193 0 Role: 0
0 86 90 82 147 109 186 158 148 200 0 Role: 0
0 29 68 78 91 95 100 104 121 135 139 167 172 174 0 Role: 0
0 107 112 116 117 125 129 131 142 165 0 Role: 0
0 127 134 144 163 168 173 179 195 0 Role: 0
0 154 0 Role: 1
0 94 120 0 Role: 1
0 79 155 184 0 Role: 2
0 19 166 0 Role: 2
0 63 83 187 0 Role: 3
0 92 38 0 Role: 3
0 44 55 0 Role: 3
0 16 0 Role: 3
0 35 0 Role: 3
0 141 0 Role: 3
0 133 169 0 Role: 4
0 160 157 0 Role: 4
0 190 132 0 Role: 5
0 101 56 98 103 0 Role: 6
0 84 10 0 Role: 6
0 28 61 137 0 Role: 6
0 12 181 185 0 Role: 6
0 85 42 0 Role: 6
0 156 164 0 Role: 6
0 119 0 Role: 6
0 178 0 Role: 6
0 126 0 Role: 6
0 130 0 Role: 6
0 25 0 Role: 6
0 43 0 Role: 7
0 21 182 0 Role: 7
0 33 0 Role: 7
0 122 0 Role: 7
0 67 0 Role: 7
0 161 199 0 Role: 8
0 177 31 37 54 0 Role: 8
0 111 65 0 Role: 9
0 152 0 Role: 9
0 45 22 0 Role: 10
0 3 0 Role: 10
0 146 0 Role: 11
0 15 0 Role: 11
0 110 0 Role: 11
0 14 96 171 197 0 Role: 12
0 105 89 0 Role: 12
0 58 57 23 0 Role: 12

Số khách: 177
Chi phí: 2.72488e+07
0 70 34 43 58 68 67 56 57 78 81 92 102 88 124 145 128 87 91 98 159 59 32 72 30 66 73 188 178 174 113 150 196 0 Role: 0
0 14 111 48 49 39 26 36 18 13 50 52 183 176 151 62 172 135 139 74 0 Role: 0
0 82 107 131 158 110 115 129 125 160 165 192 104 95 100 140 157 114 136 121 167 0 Role: 0
0 8 80 83 27 90 93 99 106 109 147 193 148 149 173 175 189 180 186 200 0 Role: 0
0 2 7 6 4 1 9 5 11 10 17 25 77 24 35 76 40 69 42 20 97 0 Role: 0
0 47 19 15 38 55 85 71 64 75 118 138 194 164 143 170 123 0 Role: 0
0 133 169 103 54 197 0 Role: 1
0 181 156 16 185 0 Role: 1
0 130 0 Role: 1
0 46 161 0 Role: 1
0 141 84 0 Role: 1
0 44 37 0 Role: 1
0 12 0 Role: 1
0 126 31 28 0 Role: 1
0 63 94 105 0 Role: 2
0 21 89 0 Role: 2
0 190 45 171 0 Role: 3
0 177 33 0 Role: 3
0 146 122 23 0 Role: 3
0 119 184 0 Role: 3
0 61 22 0 Role: 3
0 3 137 0 Role: 3
0 96 182 187 0 Role: 4
0 199 120 0 Role: 4
0 65 79 101 0 Role: 5
0 132 0 Role: 5
0 152 154 166 0 Role: 5

Số khách: 190
Chi phí: 3.34281e+07
0 34 99 39 106 108 62 86 90 93 109 176 121 123 136 149 139 183 174 167 189 193 4 6 7 17 20 28 40 42 69 76 77 84 0 Role: 0
0 111 125 2 3 5 9 10 30 32 66 72 73 75 118 128 151 188 0 Role: 0
0 21 192 13 8 18 33 36 26 1 48 49 102 50 52 100 71 64 87 91 124 145 159 11 138 143 74 24 170 59 97 194 161 113 150 196 0 Role: 0
0 107 112 116 117 27 41 51 53 60 78 81 88 95 104 114 135 172 200 0 Role: 0
0 29 68 80 115 129 131 142 147 148 158 173 175 180 186 0 Role: 0
0 47 70 82 127 134 144 0 Role: 0
0 155 160 0 Role: 1
0 89 98 103 0 Role: 1
0 35 0 Role: 1
0 119 184 0 Role: 2
0 67 63 83 0 Role: 2
0 177 61 137 22 85 0 Role: 2
0 46 37 0 Role: 2
0 31 55 0 Role: 2
0 126 0 Role: 2
0 23 140 0 Role: 3
0 169 0 Role: 3
0 25 0 Role: 4
0 92 130 38 0 Role: 4
0 178 157 0 Role: 4
0 141 0 Role: 4
0 16 181 0 Role: 4
0 132 45 187 0 Role: 5
0 156 94 54 197 0 Role: 5
0 44 58 0 Role: 6
0 146 182 0 Role: 7
0 199 120 0 Role: 7
0 14 122 57 105 0 Role: 8
0 110 166 133 0 Role: 8
0 12 164 185 0 Role: 8
0 101 0 Role: 9
0 152 154 0 Role: 9
0 190 0 Role: 10
0 79 56 65 171 0 Role: 11
0 43 19 0 Role: 11
0 15 0 Role: 11

Số khách: 170
Chi phí: 2.60834e+07
0 82 47 70 2 7 6 4 5 17 20 42 69 40 76 77 28 84 0 Role: 0
0 21 192 13 8 18 33 36 26 1 48 49 102 50 52 100 71 64 87 91 124 145 159 11 138 143 74 24 170 59 97 194 161 113 150 196 0 Role: 0
0 29 3 80 68 32 30 66 9 10 72 123 172 75 151 73 128 118 188 0 Role: 0
0 34 51 99 39 106 62 86 90 93 60 78 174 81 139 114 149 88 135 121 176 183 0 Role: 0
0 27 41 53 95 104 108 136 167 180 186 189 193 0 Role: 0
0 58 44 0 Role: 1
0 132 45 187 133 0 Role: 2
0 156 94 54 197 0 Role: 2
0 155 160 0 Role: 3
0 89 98 103 0 Role: 3
0 35 0 Role: 3
0 14 122 57 105 0 Role: 4
0 110 166 0 Role: 4
0 12 164 185 0 Role: 4
0 65 56 79 171 0 Role: 5
0 43 19 0 Role: 5
0 15 0 Role: 5
0 101 0 Role: 6
0 152 154 0 Role: 6
0 119 184 0 Role: 7
0 67 63 83 0 Role: 7
0 177 61 137 22 85 0 Role: 7
0 46 37 0 Role: 7
0 31 55 0 Role: 7
0 126 0 Role: 7
0 23 140 0 Role: 8
0 169 0 Role: 8
0 25 0 Role: 9
0 92 130 38 0 Role: 9
0 178 157 0 Role: 9
0 141 0 Role: 9
0 16 181 0 Role: 9
0 146 96 182 0 Role: 10
0 199 120 0 Role: 10

Số khách: 108
Chi phí: 1.19268e+07
0 8 13 48 32 39 26 36 15 18 50 52 31 11 5 6 59 24 74 77 97 35 40 151 118 69 150 113 161 194 0 Role: 0
0 34 47 70 68 81 78 91 87 95 100 102 143 170 7 135 4 1 139 159 17 188 128 73 76 196 145 20 0 Role: 0
0 155 94 160 0 Role: 1
0 56 184 0 Role: 1
0 89 23 0 Role: 1
0 3 0 Role: 1
0 171 22 157 0 Role: 1
0 105 169 187 133 0 Role: 2
0 197 119 67 0 Role: 3
0 14 0 Role: 3
0 45 63 83 54 58 0 Role: 3
0 84 98 0 Role: 3
0 177 61 137 140 28 0 Role: 3
0 37 46 185 0 Role: 3
0 103 164 0 Role: 3
0 156 16 181 0 Role: 3
0 111 79 0 Role: 4
0 190 182 0 Role: 4
0 85 10 0 Role: 5
0 130 55 0 Role: 5
0 42 0 Role: 5
0 12 0 Role: 5
0 126 0 Role: 5
0 25 44 0 Role: 5

Số khách: 165
Chi phí: 2.47013e+07
0 14 13 86 60 30 135 136 26 18 32 66 48 73 72 52 50 36 39 59 74 4 196 151 118 42 150 113 194 0 Role: 0
0 47 70 68 88 1 81 78 100 95 2 7 6 76 20 69 5 17 11 25 97 0 Role: 0
0 106 107 109 145 108 121 139 149 114 159 174 167 40 35 172 24 77 0 Role: 0
0 8 27 41 49 51 53 56 62 64 71 75 87 91 98 102 123 124 128 138 143 170 0 Role: 0
0 82 99 90 93 55 104 10 9 176 183 188 0 Role: 0
0 58 166 197 0 Role: 1
0 190 45 105 171 0 Role: 2
0 33 177 0 Role: 2
0 146 122 23 0 Role: 2
0 119 184 0 Role: 2
0 22 61 0 Role: 2
0 3 137 0 Role: 2
0 63 111 79 0 Role: 3
0 43 89 110 164 0 Role: 3
0 85 83 0 Role: 3
0 101 0 Role: 3
0 140 96 21 157 0 Role: 4
0 199 120 0 Role: 4
0 65 67 0 Role: 5
0 132 187 0 Role: 5
0 19 0 Role: 5
0 182 57 0 Role: 5
0 15 38 92 0 Role: 5
0 152 154 0 Role: 6
0 178 0 Role: 6
0 133 169 103 54 0 Role: 7
0 181 156 16 185 0 Role: 7
0 130 0 Role: 7
0 46 161 0 Role: 7
0 141 84 0 Role: 7
0 44 37 0 Role: 7
0 12 0 Role: 7
0 126 31 28 0 Role: 7
0 94 160 0 Role: 8

Số khách: 131
Chi phí: 1.80926e+07
0 47 19 15 38 55 85 71 64 75 118 138 194 164 143 170 123 4 7 17 20 25 0 Role: 0
0 14 13 86 60 30 135 136 26 18 32 66 48 73 72 52 50 36 39 59 74 113 150 151 196 35 42 69 76 97 0 Role: 0
0 70 34 43 58 68 67 56 57 78 81 92 102 88 124 145 128 87 91 98 159 188 178 174 10 1 24 40 77 0 Role: 0
0 96 182 187 140 0 Role: 1
0 199 120 0 Role: 1
0 133 169 103 54 197 0 Role: 2
0 181 156 16 185 0 Role: 2
0 130 0 Role: 2
0 46 161 0 Role: 2
0 141 84 0 Role: 2
0 44 37 0 Role: 2
0 12 0 Role: 2
0 126 31 28 0 Role: 2
0 63 94 105 0 Role: 3
0 21 89 0 Role: 3
0 65 79 101 0 Role: 4
0 132 177 0 Role: 4
0 152 154 166 0 Role: 4
0 190 45 171 0 Role: 5
0 33 0 Role: 5
0 146 122 23 0 Role: 5
0 119 184 0 Role: 5
0 61 22 157 0 Role: 5
0 3 137 0 Role: 5

Số khách: 44
Chi phí: 4.50522e+06
0 2 7 6 124 4 1 20 5 17 40 42 150 25 12 97 77 74 59 76 84 0 Role: 0
0 65 171 105 45 14 187 0 Role: 1
0 133 89 19 28 0 Role: 1
0 122 182 85 0 Role: 1
0 56 184 197 0 Role: 1
0 33 55 92 0 Role: 1
0 58 160 16 46 156 0 Role: 1

Số khách: 182
Chi phí: 2.92747e+07
0 47 19 15 38 55 85 71 64 75 118 138 194 164 143 170 123 4 7 17 20 25 0 Role: 0
0 8 80 83 27 90 93 99 106 109 147 186 193 148 149 173 175 189 180 1 5 9 11 24 35 40 42 69 76 77 97 0 Role: 0
0 14 13 86 60 30 135 136 26 18 32 66 48 73 72 52 50 36 39 59 74 113 150 151 196 0 Role: 0
0 51 29 104 41 95 100 53 62 49 108 121 139 114 157 140 167 183 176 172 6 200 0 Role: 0
0 70 34 43 58 68 67 56 57 78 81 92 102 88 124 145 128 87 91 98 159 188 178 174 10 0 Role: 0
0 111 2 110 115 125 129 131 158 160 165 177 0 Role: 0
0 63 94 105 0 Role: 1
0 21 89 0 Role: 1
0 190 45 171 0 Role: 2
0 33 0 Role: 2
0 146 122 23 0 Role: 2
0 119 184 0 Role: 2
0 61 22 0 Role: 2
0 3 137 0 Role: 2
0 96 182 187 0 Role: 3
0 199 120 0 Role: 3
0 133 169 103 54 197 0 Role: 4
0 181 156 16 185 0 Role: 4
0 130 0 Role: 4
0 46 161 0 Role: 4
0 141 84 0 Role: 4
0 44 37 0 Role: 4
0 12 0 Role: 4
0 126 31 28 0 Role: 4
0 65 79 101 0 Role: 5
0 132 0 Role: 5
0 152 154 166 0 Role: 5
0 155 0 Role: 6

Số khách: 100
Chi phí: 1.10682e+07
0 46 2 4 1 66 5 189 140 159 6 76 40 20 17 150 11 74 59 7 24 73 69 113 97 77 0 Role: 0
0 45 22 61 0 Role: 1
0 3 0 Role: 1
0 111 65 133 0 Role: 2
0 58 154 152 0 Role: 2
0 79 155 184 197 0 Role: 3
0 19 166 0 Role: 3
0 190 132 157 0 Role: 4
0 14 105 171 43 0 Role: 5
0 21 96 182 0 Role: 5
0 33 89 0 Role: 5
0 122 169 0 Role: 5
0 67 120 0 Role: 5
0 101 56 98 103 0 Role: 6
0 84 10 0 Role: 6
0 28 137 0 Role: 6
0 12 181 185 0 Role: 6
0 85 42 0 Role: 6
0 156 164 0 Role: 6
0 119 0 Role: 6
0 178 0 Role: 6
0 126 0 Role: 6
0 130 0 Role: 6
0 25 0 Role: 6
0 63 83 187 0 Role: 7
0 92 38 0 Role: 7
0 44 55 0 Role: 7
0 16 0 Role: 7
0 35 0 Role: 7
0 141 0 Role: 7
0 146 57 0 Role: 8
0 15 0 Role: 8
0 110 160 0 Role: 8
0 94 23 0 Role: 9
0 161 199 0 Role: 10
0 177 31 37 54 0 Role: 10

Số khách: 184
Chi phí: 3.20444e+07
0 95 41 27 51 88 60 53 78 81 104 114 2 7 6 135 4 20 5 17 28 84 42 69 40 151 76 77 0 Role: 0
0 21 192 13 8 18 33 36 26 1 48 49 102 50 52 100 71 64 87 91 124 145 159 11 138 143 74 24 170 59 97 194 161 113 150 196 0 Role: 0
0 82 70 47 3 10 9 66 30 32 72 172 75 73 128 118 188 0 Role: 0
0 34 99 39 106 108 62 86 90 93 109 176 121 123 136 149 139 183 174 167 189 193 0 Role: 0
0 29 68 80 115 0 Role: 0
0 107 112 116 117 0 Role: 0
0 111 125 0 Role: 0
0 127 129 131 142 147 148 158 0 Role: 0
0 155 160 0 Role: 1
0 89 98 103 0 Role: 1
0 35 0 Role: 1
0 14 122 57 105 0 Role: 2
0 110 166 133 0 Role: 2
0 12 164 185 0 Role: 2
0 132 45 187 0 Role: 3
0 156 94 54 197 0 Role: 3
0 23 140 0 Role: 4
0 169 0 Role: 4
0 146 96 182 0 Role: 5
0 199 120 0 Role: 5
0 25 0 Role: 6
0 92 130 38 0 Role: 6
0 178 157 0 Role: 6
0 141 0 Role: 6
0 16 181 0 Role: 6
0 44 58 0 Role: 7
0 101 0 Role: 8
0 152 154 0 Role: 8
0 119 184 0 Role: 9
0 67 63 83 0 Role: 9
0 177 61 137 22 85 0 Role: 9
0 46 37 0 Role: 9
0 31 55 0 Role: 9
0 126 0 Role: 9
0 79 56 65 171 0 Role: 10
0 43 19 0 Role: 10
0 15 0 Role: 10
0 190 0 Role: 11

Số khách: 129
Chi phí: 1.63853e+07
0 34 47 70 68 81 78 91 87 95 100 102 143 170 7 135 4 1 139 159 17 20 196 76 0 Role: 0
0 8 13 48 32 39 26 36 15 18 50 52 31 11 5 6 59 24 74 77 97 161 150 113 0 Role: 0
0 29 46 2 30 62 66 40 9 69 72 138 123 145 75 151 73 118 0 Role: 0
0 65 57 0 Role: 1
0 111 79 0 Role: 2
0 190 182 0 Role: 2
0 43 19 166 0 Role: 3
0 85 10 0 Role: 4
0 130 0 Role: 4
0 42 0 Role: 4
0 12 0 Role: 4
0 126 0 Role: 4
0 25 44 0 Role: 4
0 133 187 169 0 Role: 5
0 157 178 0 Role: 6
0 92 38 55 0 Role: 6
0 141 0 Role: 6
0 35 0 Role: 6
0 33 89 0 Role: 7
0 122 21 105 171 0 Role: 7
0 160 199 120 0 Role: 7
0 155 94 0 Role: 8
0 56 184 0 Role: 8
0 23 0 Role: 8
0 3 0 Role: 8
0 22 0 Role: 8
0 197 119 67 0 Role: 9
0 14 0 Role: 9
0 45 63 83 54 58 0 Role: 9
0 84 98 0 Role: 9
0 177 61 137 140 28 0 Role: 9
0 37 185 0 Role: 9
0 103 164 0 Role: 9
0 156 16 181 0 Role: 9

Số khách: 161
Chi phí: 2.34334e+07
0 34 99 39 106 62 86 3 90 93 9 10 12 72 30 66 75 73 128 118 151 164 185 0 Role: 0
0 21 192 13 8 18 33 36 26 1 48 49 102 50 52 100 71 64 87 91 124 145 159 11 138 143 74 24 170 59 97 194 161 113 150 196 0 Role: 0
0 82 70 47 29 14 57 101 32 68 105 167 109 172 108 121 123 136 149 139 174 183 176 188 0 Role: 0
0 95 41 27 51 88 60 53 78 81 104 114 2 7 6 135 4 20 5 17 28 84 42 69 40 76 77 0 Role: 0
0 25 0 Role: 1
0 92 130 38 0 Role: 1
0 178 157 0 Role: 1
0 141 0 Role: 1
0 16 181 0 Role: 1
0 65 56 79 171 0 Role: 2
0 43 19 133 0 Role: 2
0 15 0 Role: 2
0 132 45 187 0 Role: 3
0 156 94 54 197 0 Role: 3
0 155 160 0 Role: 4
0 89 98 103 0 Role: 4
0 35 0 Role: 4
0 119 184 0 Role: 5
0 67 63 83 0 Role: 5
0 177 61 137 22 85 0 Role: 5
0 46 37 0 Role: 5
0 31 55 0 Role: 5
0 126 0 Role: 5
0 23 140 0 Role: 6
0 169 0 Role: 6
0 146 96 182 0 Role: 7
0 199 120 0 Role: 7
0 44 58 0 Role: 8

Số khách: 147
Chi phí: 2.1869e+07
0 21 192 13 8 18 33 36 26 1 48 49 102 50 52 100 71 64 87 91 124 145 159 11 138 143 74 24 170 59 97 194 161 113 150 196 0 Role: 0
0 82 47 70 2 7 6 4 5 17 20 42 69 40 76 77 28 84 0 Role: 0
0 29 3 80 68 32 30 66 9 10 72 188 118 128 73 151 75 172 123 156 0 Role: 0
0 95 41 104 167 27 136 108 53 180 186 189 174 183 193 0 Role: 0
0 34 0 Role: 0
0 58 44 133 0 Role: 1
0 25 0 Role: 2
0 92 130 38 0 Role: 2
0 178 157 0 Role: 2
0 141 0 Role: 2
0 16 181 54 0 Role: 2
0 65 56 79 171 0 Role: 3
0 43 19 0 Role: 3
0 15 0 Role: 3
0 119 184 197 0 Role: 4
0 67 63 83 0 Role: 4
0 177 61 137 22 85 0 Role: 4
0 46 37 0 Role: 4
0 31 55 0 Role: 4
0 126 0 Role: 4
0 23 140 0 Role: 5
0 169 0 Role: 5
0 155 160 0 Role: 6
0 89 98 103 0 Role: 6
0 35 0 Role: 6
0 14 122 57 105 0 Role: 7
0 110 166 0 Role: 7
0 12 164 185 0 Role: 7
0 101 0 Role: 8
0 152 154 0 Role: 8
0 45 94 0 Role: 9
0 96 182 0 Role: 9

Số khách: 112
Chi phí: 1.3525e+07
0 2 7 6 88 4 1 9 5 11 17 20 69 40 76 30 24 77 97 31 0 Role: 0
0 8 13 48 32 39 26 50 36 18 52 74 59 196 66 72 73 150 113 161 0 Role: 0
0 65 0 Role: 1
0 157 178 0 Role: 2
0 92 38 55 0 Role: 2
0 141 0 Role: 2
0 35 0 Role: 2
0 111 0 Role: 3
0 190 0 Role: 3
0 146 0 Role: 4
0 154 0 Role: 4
0 132 0 Role: 4
0 152 44 89 0 Role: 5
0 33 0 Role: 6
0 122 21 105 171 0 Role: 6
0 160 199 120 0 Role: 6
0 79 101 0 Role: 7
0 57 182 0 Role: 7
0 15 0 Role: 7
0 96 0 Role: 7
0 85 10 0 Role: 8
0 130 0 Role: 8
0 42 0 Role: 8
0 12 0 Role: 8
0 126 0 Role: 8
0 25 0 Role: 8
0 43 19 166 0 Role: 9
0 197 119 67 0 Role: 10
0 14 0 Role: 10
0 45 63 83 54 58 0 Role: 10
0 84 98 0 Role: 10
0 177 61 137 140 28 0 Role: 10
0 37 46 185 0 Role: 10
0 103 164 0 Role: 10
0 156 16 181 0 Role: 10
0 155 94 0 Role: 11
0 56 184 0 Role: 11
0 23 0 Role: 11
0 3 0 Role: 11
0 22 0 Role: 11
0 133 187 169 0 Role: 12

Số khách: 183
Chi phí: 2.98842e+07
0 70 34 43 58 68 67 56 57 78 81 92 102 88 124 145 128 87 91 98 159 188 178 174 0 Role: 0
0 14 13 86 60 30 135 136 26 18 32 66 48 73 72 52 50 36 39 59 74 113 150 151 196 0 Role: 0
0 111 107 158 110 82 125 131 129 115 160 177 165 200 0 Role: 0
0 51 29 104 41 95 100 53 62 49 108 121 139 114 157 140 167 183 176 172 0 Role: 0
0 2 7 6 4 1 9 5 11 10 17 25 77 24 35 76 40 69 42 20 97 0 Role: 0
0 47 19 15 38 55 85 71 64 75 118 138 194 164 143 170 123 0 Role: 0
0 8 80 83 27 90 93 99 106 109 147 186 193 148 149 173 175 189 180 0 Role: 0
0 190 45 171 0 Role: 1
0 33 0 Role: 1
0 146 122 23 0 Role: 1
0 119 184 0 Role: 1
0 61 22 0 Role: 1
0 3 137 0 Role: 1
0 65 79 101 0 Role: 2
0 132 0 Role: 2
0 154 152 0 Role: 2
0 96 182 187 0 Role: 3
0 199 120 0 Role: 3
0 133 169 103 54 197 0 Role: 4
0 181 156 16 185 0 Role: 4
0 130 0 Role: 4
0 46 161 0 Role: 4
0 141 84 0 Role: 4
0 44 37 0 Role: 4
0 12 0 Role: 4
0 126 31 28 0 Role: 4
0 63 94 105 0 Role: 5
0 21 89 0 Role: 5
0 155 0 Role: 6

Số khách: 133
Chi phí: 1.97685e+07
0 29 3 80 68 32 30 66 9 10 72 176 75 151 73 128 118 188 183 1 59 74 97 113 150 161 196 0 Role: 0
0 95 41 27 51 88 60 53 78 81 104 114 2 7 6 135 4 20 5 17 28 84 42 69 40 76 77 143 185 0 Role: 0
0 86 90 34 93 99 39 106 62 35 44 174 172 123 138 159 170 194 0 Role: 0
0 8 11 24 71 91 124 145 193 0 Role: 0
0 119 184 0 Role: 1
0 67 63 83 0 Role: 1
0 177 61 137 22 85 0 Role: 1
0 46 37 0 Role: 1
0 31 55 0 Role: 1
0 126 0 Role: 1
0 140 132 45 187 0 Role: 2
0 156 94 54 197 0 Role: 2
0 14 122 57 105 0 Role: 3
0 58 110 166 160 0 Role: 3
0 12 164 0 Role: 3
0 21 23 98 103 0 Role: 4
0 25 0 Role: 5
0 92 38 0 Role: 5
0 178 157 0 Role: 5
0 141 0 Role: 5
0 181 16 0 Role: 5
0 79 56 65 171 0 Role: 6
0 43 19 89 133 0 Role: 6
0 15 0 Role: 6

Số khách: 68
Chi phí: 6.28527e+06
0 2 7 6 124 4 1 9 17 11 20 97 77 24 76 40 69 42 113 150 194 0 Role: 0
0 85 140 84 169 23 103 0 Role: 1
0 133 166 28 161 0 Role: 1
0 37 181 31 0 Role: 1
0 98 35 0 Role: 1
0 54 10 61 0 Role: 1
0 46 16 185 0 Role: 1
0 156 164 0 Role: 1
0 126 0 Role: 1
0 119 0 Role: 1
0 12 0 Role: 1
0 25 0 Role: 1
0 83 14 105 171 0 Role: 2
0 15 0 Role: 2
0 101 56 0 Role: 2
0 67 94 58 0 Role: 2
0 146 21 89 0 Role: 3
0 197 96 187 0 Role: 3
0 177 38 92 0 Role: 3
0 130 55 0 Role: 3

Số khách: 51
Chi phí: 4.78275e+06
0 2 7 6 88 4 1 9 5 11 17 20 69 40 76 30 24 77 97 31 12 25 130 113 42 0 Role: 0
0 197 119 67 0 Role: 1
0 14 105 171 0 Role: 1
0 45 63 83 54 58 0 Role: 1
0 84 98 161 0 Role: 1
0 177 61 137 140 28 0 Role: 1
0 37 46 185 0 Role: 1
0 103 164 0 Role: 1
0 156 16 181 0 Role: 1

Số khách: 31
Chi phí: 4.46538e+06
0 17 20 42 69 40 76 4 7 59 77 97 24 74 113 150 194 196 84 0 Role: 0
0 103 171 85 22 140 161 0 Role: 1
0 10 28 31 0 Role: 1
0 3 137 0 Role: 2
0 12 37 0 Role: 2

Số khách: 152
Chi phí: 2.26418e+07
0 106 107 109 145 108 121 139 149 114 159 174 167 40 35 172 24 77 4 30 42 59 74 113 150 196 0 Role: 0
0 8 27 41 49 51 53 56 62 64 71 75 87 91 98 102 123 124 128 138 143 170 151 0 Role: 0
0 82 99 90 93 55 104 10 9 176 183 188 66 72 73 118 194 0 Role: 0
0 47 70 68 88 1 81 78 100 95 2 7 6 76 20 69 5 17 11 25 97 0 Role: 0
0 140 96 21 157 0 Role: 1
0 199 120 0 Role: 1
0 63 111 79 0 Role: 2
0 43 89 110 164 0 Role: 2
0 85 83 0 Role: 2
0 101 0 Role: 2
0 94 160 0 Role: 3
0 190 45 105 171 14 0 Role: 4
0 33 177 0 Role: 4
0 146 122 23 0 Role: 4
0 119 184 0 Role: 4
0 22 61 0 Role: 4
0 3 137 0 Role: 4
0 58 166 197 0 Role: 5
0 65 67 0 Role: 6
0 132 187 0 Role: 6
0 19 0 Role: 6
0 182 57 0 Role: 6
0 15 38 92 0 Role: 6
0 133 169 103 54 0 Role: 7
0 181 156 16 185 0 Role: 7
0 130 0 Role: 7
0 46 161 0 Role: 7
0 141 84 0 Role: 7
0 44 37 0 Role: 7
0 12 0 Role: 7
0 126 31 28 0 Role: 7
0 152 154 0 Role: 8
0 178 0 Role: 8

Số khách: 126
Chi phí: 1.5527e+07
0 82 47 70 2 7 6 4 5 3 9 40 30 72 42 20 28 10 17 69 73 76 77 84 0 Role: 0
0 21 192 13 8 18 33 36 26 1 48 49 102 50 52 100 71 64 87 91 124 145 159 11 138 143 74 24 170 59 97 196 151 150 113 161 194 0 Role: 0
0 101 0 Role: 1
0 154 152 133 0 Role: 1
0 119 184 0 Role: 2
0 67 63 83 0 Role: 2
0 177 61 137 22 85 0 Role: 2
0 46 37 0 Role: 2
0 31 55 0 Role: 2
0 126 0 Role: 2
0 14 122 57 105 0 Role: 3
0 110 166 0 Role: 3
0 12 164 185 0 Role: 3
0 132 45 187 0 Role: 4
0 156 94 54 197 0 Role: 4
0 146 96 182 0 Role: 5
0 199 120 0 Role: 5
0 25 0 Role: 6
0 92 130 38 0 Role: 6
0 178 157 0 Role: 6
0 141 0 Role: 6
0 16 181 0 Role: 6
0 23 140 0 Role: 7
0 169 0 Role: 7
0 65 56 79 171 0 Role: 8
0 43 19 0 Role: 8
0 15 0 Role: 8
0 44 58 0 Role: 9
0 155 160 0 Role: 10
0 89 98 103 0 Role: 10
0 35 0 Role: 10

Số khách: 99
Chi phí: 9.94244e+06
0 24 32 30 62 66 180 9 69 11 72 113 194 97 77 7 4 196 75 73 20 42 76 17 150 0 Role: 0
0 155 0 Role: 1
0 177 132 0 Role: 1
0 154 110 0 Role: 1
0 3 0 Role: 1
0 146 21 89 0 Role: 2
0 197 96 187 0 Role: 2
0 92 38 0 Role: 2
0 130 55 0 Role: 2
0 79 111 0 Role: 3
0 190 22 0 Role: 3
0 85 140 84 169 23 0 Role: 4
0 133 166 28 161 0 Role: 4
0 37 181 31 0 Role: 4
0 98 35 0 Role: 4
0 61 10 54 0 Role: 4
0 46 16 185 0 Role: 4
0 156 164 0 Role: 4
0 126 0 Role: 4
0 119 0 Role: 4
0 12 0 Role: 4
0 25 0 Role: 4
0 65 57 45 0 Role: 5
0 19 0 Role: 5
0 122 182 0 Role: 5
0 56 184 0 Role: 5
0 33 0 Role: 5
0 58 160 0 Role: 5
0 63 199 0 Role: 6
0 120 0 Role: 6
0 103 157 0 Role: 6
0 141 0 Role: 6
0 44 0 Role: 6
0 137 0 Role: 6
0 14 105 171 83 0 Role: 7
0 15 0 Role: 7
0 101 0 Role: 7
0 67 94 0 Role: 7
0 43 152 0 Role: 8

Số khách: 186
Chi phí: 3.29573e+07
0 82 70 47 3 10 9 66 30 32 72 172 75 73 128 118 188 31 37 126 0 Role: 0
0 95 41 27 51 88 60 53 78 81 104 114 2 7 6 135 4 20 5 17 28 84 42 69 40 151 76 77 119 0 Role: 0
0 21 192 13 8 18 33 36 26 1 48 49 102 50 52 100 71 64 87 91 124 145 159 11 138 143 74 24 170 59 97 194 161 113 150 196 0 Role: 0
0 111 125 22 46 55 61 85 137 175 177 180 0 Role: 0
0 29 68 80 115 63 67 165 173 184 186 200 0 Role: 0
0 127 129 131 142 147 148 158 195 0 Role: 0
0 34 99 39 106 108 62 86 90 93 109 176 121 123 136 149 139 183 174 167 189 193 0 Role: 0
0 155 0 Role: 1
0 89 98 103 0 Role: 1
0 35 0 Role: 1
0 146 96 182 0 Role: 2
0 199 120 0 Role: 2
0 190 0 Role: 3
0 132 45 187 0 Role: 4
0 156 94 54 197 0 Role: 4
0 44 58 0 Role: 5
0 25 0 Role: 6
0 92 130 38 0 Role: 6
0 178 157 0 Role: 6
0 141 0 Role: 6
0 16 181 0 Role: 6
0 101 0 Role: 7
0 152 154 0 Role: 7
0 79 56 65 171 0 Role: 8
0 43 19 0 Role: 8
0 15 0 Role: 8
0 23 140 0 Role: 9
0 169 0 Role: 9
0 14 122 57 105 0 Role: 10
0 110 166 133 0 Role: 10
0 12 164 185 0 Role: 10
0 83 0 Role: 11

Số khách: 86
Chi phí: 8.03291e+06
0 2 7 6 124 4 1 9 17 11 20 97 77 24 76 40 69 42 113 150 194 0 Role: 0
0 83 56 57 0 Role: 1
0 15 0 Role: 1
0 101 0 Role: 1
0 67 94 58 0 Role: 1
0 85 140 84 169 23 0 Role: 2
0 133 166 28 161 0 Role: 2
0 37 181 31 0 Role: 2
0 98 35 0 Role: 2
0 54 10 61 0 Role: 2
0 46 16 185 0 Role: 2
0 156 164 0 Role: 2
0 126 0 Role: 2
0 119 0 Role: 2
0 12 0 Role: 2
0 25 0 Role: 2
0 63 155 103 0 Role: 3
0 14 132 105 171 45 0 Role: 3
0 154 110 0 Role: 3
0 3 137 0 Role: 3
0 79 111 0 Role: 4
0 190 22 157 0 Role: 4
0 146 21 89 0 Role: 5
0 197 96 187 0 Role: 5
0 177 38 92 0 Role: 5
0 130 55 0 Role: 5
0 19 44 0 Role: 6
0 33 0 Role: 6
0 120 0 Role: 6

Số khách: 154
Chi phí: 2.3252e+07
0 95 41 27 51 88 60 53 78 81 104 114 2 7 6 135 4 20 5 17 28 84 42 69 40 76 77 0 Role: 0
0 21 192 13 8 18 33 36 26 1 48 49 102 50 52 100 71 64 87 91 124 145 159 11 138 143 74 24 170 59 97 194 161 113 150 196 0 Role: 0
0 29 3 80 68 32 30 66 9 10 72 75 151 73 128 118 188 0 Role: 0
0 34 39 62 86 90 93 99 106 0 Role: 0
0 82 70 47 0 Role: 0
0 155 160 0 Role: 1
0 89 98 103 0 Role: 1
0 35 0 Role: 1
0 119 184 0 Role: 2
0 67 63 83 0 Role: 2
0 177 61 137 22 85 0 Role: 2
0 46 37 0 Role: 2
0 31 55 0 Role: 2
0 126 0 Role: 2
0 146 96 182 0 Role: 3
0 199 120 0 Role: 3
0 44 58 0 Role: 4
0 25 0 Role: 5
0 92 130 38 0 Role: 5
0 178 157 0 Role: 5
0 141 0 Role: 5
0 16 181 0 Role: 5
0 65 56 79 171 0 Role: 6
0 43 19 0 Role: 6
0 15 0 Role: 6
0 132 45 187 0 Role: 7
0 156 94 54 197 0 Role: 7
0 23 140 0 Role: 8
0 169 0 Role: 8
0 14 122 57 105 0 Role: 9
0 110 166 0 Role: 9
0 12 164 185 0 Role: 9
0 101 0 Role: 10
0 152 154 0 Role: 10

Số khách: 82
Chi phí: 7.45519e+06
0 2 7 6 124 4 1 9 17 11 20 97 77 24 76 40 69 42 113 150 194 0 Role: 0
0 83 56 57 0 Role: 1
0 15 0 Role: 1
0 101 0 Role: 1
0 67 94 58 0 Role: 1
0 146 21 89 0 Role: 2
0 197 96 187 0 Role: 2
0 177 38 92 0 Role: 2
0 130 55 0 Role: 2
0 79 111 0 Role: 3
0 190 22 157 0 Role: 3
0 63 155 103 0 Role: 4
0 14 132 105 171 45 0 Role: 4
0 154 110 0 Role: 4
0 3 137 0 Role: 4
0 85 140 84 169 23 0 Role: 5
0 133 166 28 161 0 Role: 5
0 37 181 31 0 Role: 5
0 98 35 0 Role: 5
0 54 10 61 0 Role: 5
0 46 16 185 0 Role: 5
0 156 164 0 Role: 5
0 126 0 Role: 5
0 119 0 Role: 5
0 12 0 Role: 5
0 25 0 Role: 5

Số khách: 145
Chi phí: 2.06462e+07
0 51 29 104 41 95 100 53 62 49 108 121 139 114 157 140 167 183 176 172 38 55 85 118 128 75 138 170 164 194 0 Role: 0
0 14 13 86 60 30 135 136 26 18 32 66 48 73 72 52 50 36 39 59 74 113 150 188 151 196 145 0 Role: 0
0 82 107 131 158 110 115 129 125 160 165 71 192 64 87 81 124 123 88 98 143 159 178 174 0 Role: 0
0 2 7 6 4 1 9 5 11 10 17 25 77 24 35 76 40 69 42 20 97 0 Role: 0
0 177 182 96 187 0 Role: 1
0 199 120 0 Role: 1
0 56 155 83 0 Role: 2
0 63 94 105 0 Role: 3
0 21 89 0 Role: 3
0 190 45 171 0 Role: 4
0 33 0 Role: 4
0 146 122 23 0 Role: 4
0 119 184 0 Role: 4
0 61 22 0 Role: 4
0 3 137 0 Role: 4
0 58 54 197 103 169 133 0 Role: 5
0 156 16 185 0 Role: 5
0 130 0 Role: 5
0 46 161 0 Role: 5
0 141 84 0 Role: 5
0 44 37 0 Role: 5
0 12 0 Role: 5
0 126 31 28 0 Role: 5

Số khách: 74
Chi phí: 6.75061e+06
0 8 2 7 6 4 1 9 5 11 17 25 77 24 35 76 40 69 42 20 97 150 113 0 Role: 0
0 133 169 103 54 58 0 Role: 1
0 156 16 181 185 0 Role: 1
0 130 55 38 0 Role: 1
0 46 161 0 Role: 1
0 141 84 0 Role: 1
0 44 37 0 Role: 1
0 12 0 Role: 1
0 126 31 28 0 Role: 1
0 63 111 79 56 0 Role: 2
0 43 89 110 164 0 Role: 2
0 85 83 197 0 Role: 2
0 101 98 0 Role: 2
0 190 45 105 171 14 0 Role: 3
0 33 177 0 Role: 3
0 146 122 23 0 Role: 3
0 119 184 0 Role: 3
0 22 61 0 Role: 3
0 3 137 10 0 Role: 3

Số khách: 120
Chi phí: 1.48954e+07
0 17 20 42 69 40 76 4 7 59 77 97 24 74 113 150 194 196 0 Role: 0
0 21 192 13 8 18 33 36 26 1 48 49 102 50 52 100 71 64 87 91 124 170 143 138 159 145 6 30 66 72 73 75 118 128 151 188 0 Role: 0
0 155 160 54 197 0 Role: 1
0 89 98 0 Role: 1
0 35 0 Role: 1
0 166 161 133 28 0 Role: 2
0 140 23 169 0 Role: 2
0 44 58 0 Role: 3
0 65 56 79 0 Role: 4
0 43 19 0 Role: 4
0 15 0 Role: 4
0 14 122 57 105 0 Role: 5
0 110 156 0 Role: 5
0 12 164 185 0 Role: 5
0 22 85 103 171 0 Role: 6
0 84 0 Role: 6
0 3 187 0 Role: 7
0 146 45 96 182 0 Role: 7
0 120 0 Role: 7
0 119 184 0 Role: 8
0 67 63 83 0 Role: 8
0 137 61 177 0 Role: 8
0 46 37 0 Role: 8
0 55 31 0 Role: 8
0 126 0 Role: 8
0 25 0 Role: 9
0 92 130 38 0 Role: 9
0 178 157 0 Role: 9
0 141 0 Role: 9
0 16 181 0 Role: 9
0 94 199 0 Role: 10
0 101 0 Role: 11

Số khách: 114
Chi phí: 1.44983e+07
0 2 7 6 124 4 1 9 17 11 20 97 77 24 76 40 69 42 0 Role: 0
0 44 138 39 148 32 30 73 5 137 59 196 66 72 150 113 194 74 0 Role: 0
0 61 18 143 123 62 75 48 180 118 151 0 Role: 0
0 63 155 103 0 Role: 1
0 14 132 105 171 0 Role: 1
0 154 110 0 Role: 1
0 3 0 Role: 1
0 85 140 84 169 23 0 Role: 2
0 133 166 28 161 0 Role: 2
0 37 181 31 0 Role: 2
0 98 35 0 Role: 2
0 54 10 0 Role: 2
0 46 16 185 0 Role: 2
0 156 164 0 Role: 2
0 126 0 Role: 2
0 119 0 Role: 2
0 12 0 Role: 2
0 25 0 Role: 2
0 79 111 0 Role: 3
0 190 22 157 0 Role: 3
0 83 0 Role: 4
0 15 0 Role: 4
0 101 0 Role: 4
0 67 94 0 Role: 4
0 43 152 92 0 Role: 5
0 146 21 89 0 Role: 6
0 197 96 187 0 Role: 6
0 177 38 0 Role: 6
0 130 55 0 Role: 6
0 65 57 45 0 Role: 7
0 19 0 Role: 7
0 122 182 0 Role: 7
0 56 184 0 Role: 7
0 33 0 Role: 7
0 58 160 120 0 Role: 7

Số khách: 95
Chi phí: 9.37706e+06
0 24 32 30 62 66 180 9 69 11 72 113 194 97 77 7 4 196 75 73 20 42 76 17 150 0 Role: 0
0 65 57 45 14 105 171 0 Role: 1
0 19 0 Role: 1
0 122 182 0 Role: 1
0 56 184 0 Role: 1
0 33 0 Role: 1
0 58 160 67 0 Role: 1
0 155 0 Role: 2
0 177 132 0 Role: 2
0 154 110 0 Role: 2
0 3 0 Role: 2
0 79 111 0 Role: 3
0 190 22 0 Role: 3
0 63 199 0 Role: 4
0 120 0 Role: 4
0 103 157 0 Role: 4
0 141 0 Role: 4
0 44 0 Role: 4
0 137 0 Role: 4
0 85 140 84 169 23 0 Role: 5
0 133 28 161 0 Role: 5
0 37 181 31 0 Role: 5
0 98 35 0 Role: 5
0 61 10 54 0 Role: 5
0 46 16 185 0 Role: 5
0 156 164 0 Role: 5
0 126 0 Role: 5
0 119 0 Role: 5
0 12 0 Role: 5
0 25 0 Role: 5
0 146 21 89 0 Role: 6
0 197 96 187 0 Role: 6
0 92 38 0 Role: 6
0 130 55 0 Role: 6
0 15 0 Role: 7
0 83 94 0 Role: 7

Số khách: 55
Chi phí: 5.30387e+06
0 2 7 6 124 4 1 9 17 11 20 97 77 24 76 40 69 42 113 150 194 12 25 130 0 Role: 0
0 14 21 85 140 137 10 0 Role: 1
0 65 57 45 187 0 Role: 2
0 37 19 44 133 0 Role: 2
0 103 171 105 177 61 28 0 Role: 2
0 63 184 56 197 0 Role: 2
0 33 31 89 0 Role: 2
0 58 160 120 54 161 0 Role: 2

Số khách: 122
Chi phí: 1.50463e+07
0 21 192 13 8 18 33 36 26 1 48 49 102 50 52 100 71 64 87 91 124 145 159 11 138 143 74 24 170 59 97 194 161 113 150 20 42 76 196 4 84 0 Role: 0
0 34 2 7 6 3 9 5 17 10 28 77 72 30 66 73 40 69 0 Role: 0
0 101 0 Role: 1
0 152 154 0 Role: 1
0 14 122 57 105 0 Role: 2
0 156 110 166 0 Role: 2
0 12 164 185 0 Role: 2
0 65 56 79 171 0 Role: 3
0 43 19 0 Role: 3
0 15 0 Role: 3
0 45 94 0 Role: 4
0 187 182 96 0 Role: 4
0 58 44 133 0 Role: 5
0 155 160 0 Role: 6
0 89 98 103 0 Role: 6
0 35 0 Role: 6
0 25 0 Role: 7
0 92 130 38 0 Role: 7
0 178 157 0 Role: 7
0 141 0 Role: 7
0 16 181 54 0 Role: 7
0 23 140 0 Role: 8
0 169 0 Role: 8
0 119 184 197 0 Role: 9
0 67 63 83 0 Role: 9
0 177 61 137 22 85 0 Role: 9
0 46 37 0 Role: 9
0 31 55 0 Role: 9
0 126 0 Role: 9
0 111 120 0 Role: 10

Số khách: 91
Chi phí: 8.2647e+06
0 2 7 6 124 4 1 9 17 11 20 97 77 24 76 40 69 42 113 150 194 0 Role: 0
0 65 57 45 0 Role: 1
0 19 44 0 Role: 1
0 122 182 61 0 Role: 1
0 56 184 0 Role: 1
0 33 92 0 Role: 1
0 58 160 120 0 Role: 1
0 79 111 0 Role: 2
0 190 22 157 0 Role: 2
0 83 0 Role: 3
0 15 0 Role: 3
0 101 0 Role: 3
0 67 94 0 Role: 3
0 63 155 103 0 Role: 4
0 14 132 105 171 0 Role: 4
0 154 110 0 Role: 4
0 3 137 0 Role: 4
0 85 140 84 169 23 0 Role: 5
0 133 166 28 161 0 Role: 5
0 37 181 31 0 Role: 5
0 98 35 0 Role: 5
0 54 10 0 Role: 5
0 46 16 185 0 Role: 5
0 156 164 0 Role: 5
0 126 0 Role: 5
0 119 0 Role: 5
0 12 0 Role: 5
0 25 0 Role: 5
0 146 21 89 0 Role: 6
0 197 96 187 0 Role: 6
0 177 38 0 Role: 6
0 130 55 0 Role: 6

Số khách: 62
Chi phí: 6.07169e+06
0 2 7 6 124 4 1 9 17 11 20 97 77 24 76 40 69 42 113 150 194 12 25 130 0 Role: 0
0 63 155 103 197 0 Role: 1
0 14 132 105 171 28 133 0 Role: 1
0 154 37 89 0 Role: 1
0 3 137 10 161 0 Role: 1
0 65 57 45 187 0 Role: 2
0 19 44 0 Role: 2
0 122 182 61 177 0 Role: 2
0 56 184 0 Role: 2
0 33 31 0 Role: 2
0 58 160 120 54 0 Role: 2
0 79 111 0 Role: 3
0 190 157 0 Role: 3

Số khách: 78
Chi phí: 7.2089e+06
0 24 32 30 62 66 180 9 69 11 72 113 194 97 77 7 4 196 75 73 20 42 76 17 150 130 0 Role: 0
0 85 140 84 169 23 171 0 Role: 1
0 133 166 28 161 0 Role: 1
0 37 181 89 31 0 Role: 1
0 98 35 0 Role: 1
0 61 10 54 0 Role: 1
0 46 16 185 0 Role: 1
0 156 164 0 Role: 1
0 126 0 Role: 1
0 119 0 Role: 1
0 12 0 Role: 1
0 25 0 Role: 1
0 56 155 197 0 Role: 2
0 14 45 132 21 105 0 Role: 2
0 58 110 154 0 Role: 2
0 177 3 182 187 0 Role: 2
0 63 199 0 Role: 3
0 120 0 Role: 3
0 103 157 0 Role: 3
0 141 0 Role: 3
0 44 38 55 0 Role: 3
0 137 0 Role: 3

Số khách: 137
Chi phí: 1.99278e+07
0 2 7 6 124 4 1 9 17 11 20 97 77 24 76 40 69 42 113 150 194 12 25 130 0 Role: 0
0 107 112 51 117 27 41 116 60 53 78 104 95 81 88 114 16 135 200 172 30 196 32 59 74 46 84 35 72 0 Role: 0
0 148 68 80 29 115 129 147 131 142 158 39 173 175 5 180 73 186 66 62 75 119 170 126 164 185 85 118 0 Role: 0
0 134 13 8 47 127 70 144 15 82 18 123 48 128 21 22 71 23 98 38 138 151 0 Role: 0
0 63 155 103 197 0 Role: 1
0 14 132 105 171 28 133 0 Role: 1
0 154 37 89 0 Role: 1
0 3 137 10 161 0 Role: 1
0 65 57 45 187 0 Role: 2
0 19 44 0 Role: 2
0 122 182 61 177 0 Role: 2
0 56 157 0 Role: 2
0 33 31 0 Role: 2
0 58 160 120 54 0 Role: 2
0 43 55 92 0 Role: 3

Số khách: 139
Chi phí: 2.02591e+07
0 95 41 27 51 88 60 53 78 81 104 114 2 7 6 135 4 20 5 17 28 84 42 69 40 151 76 77 0 Role: 0
0 21 192 13 8 18 33 36 26 1 48 49 102 50 52 100 71 64 87 91 124 145 159 11 138 143 74 24 170 59 97 194 161 113 150 196 0 Role: 0
0 47 3 10 9 73 66 30 32 72 75 188 118 128 0 Role: 0
0 86 90 34 93 99 39 106 62 35 44 174 172 123 0 Role: 0
0 25 0 Role: 1
0 92 130 38 0 Role: 1
0 178 157 0 Role: 1
0 141 0 Role: 1
0 181 16 0 Role: 1
0 140 132 45 0 Role: 2
0 156 94 54 197 0 Role: 2
0 79 56 65 171 0 Role: 3
0 43 19 89 133 0 Role: 3
0 15 0 Role: 3
0 14 122 57 105 0 Role: 4
0 58 110 166 160 0 Role: 4
0 12 164 185 0 Role: 4
0 119 184 0 Role: 5
0 67 63 83 0 Role: 5
0 177 61 137 22 85 0 Role: 5
0 46 37 0 Role: 5
0 31 55 0 Role: 5
0 126 0 Role: 5

Số khách: 143
Chi phí: 2.03803e+07
0 86 90 34 93 99 39 106 62 35 44 174 172 123 0 Role: 0
0 95 41 27 51 88 60 53 78 81 104 114 2 7 6 135 4 20 5 17 28 84 42 69 40 76 77 0 Role: 0
0 29 3 80 68 32 30 66 9 10 72 176 75 151 73 128 118 188 183 0 Role: 0
0 21 192 13 8 18 33 36 26 1 48 49 102 50 52 100 71 64 87 91 124 145 159 11 138 143 74 24 170 59 97 194 161 113 150 196 0 Role: 0
0 14 122 57 105 0 Role: 1
0 58 110 166 160 0 Role: 1
0 12 164 185 0 Role: 1
0 119 184 0 Role: 2
0 67 63 83 0 Role: 2
0 177 61 137 22 85 0 Role: 2
0 46 37 0 Role: 2
0 31 55 0 Role: 2
0 126 0 Role: 2
0 25 0 Role: 3
0 92 130 38 0 Role: 3
0 178 157 0 Role: 3
0 141 0 Role: 3
0 181 16 0 Role: 3
0 140 132 45 0 Role: 4
0 156 94 54 197 0 Role: 4
0 79 56 65 171 0 Role: 5
0 43 19 89 133 0 Role: 5
0 15 0 Role: 5

Số khách: 93
Chi phí: 8.48134e+06
0 24 32 30 62 66 180 9 69 11 72 73 75 196 4 7 77 97 194 113 20 42 76 17 150 0 Role: 0
0 65 57 45 14 105 171 0 Role: 1
0 19 44 0 Role: 1
0 122 182 177 0 Role: 1
0 56 184 63 0 Role: 1
0 33 0 Role: 1
0 58 160 67 0 Role: 1
0 85 140 84 169 23 103 0 Role: 2
0 133 166 28 161 0 Role: 2
0 37 181 31 0 Role: 2
0 98 35 0 Role: 2
0 61 10 54 0 Role: 2
0 46 16 185 0 Role: 2
0 156 164 0 Role: 2
0 126 0 Role: 2
0 119 0 Role: 2
0 12 0 Role: 2
0 25 0 Role: 2
0 43 152 15 0 Role: 3
0 155 0 Role: 4
0 132 0 Role: 4
0 154 110 0 Role: 4
0 3 137 0 Role: 4
0 146 21 89 0 Role: 5
0 197 96 187 0 Role: 5
0 92 38 0 Role: 5
0 130 55 0 Role: 5
0 79 111 0 Role: 6
0 190 22 157 0 Role: 6

Số khách: 113
Chi phí: 1.427e+07
0 29 46 2 30 62 66 40 9 69 72 138 123 4 1 145 75 151 73 118 7 35 20 17 76 196 0 Role: 0
0 8 13 48 32 39 26 36 15 18 50 52 31 11 5 6 59 24 74 77 97 194 161 113 150 128 170 0 Role: 0
0 133 187 157 169 0 Role: 1
0 85 10 0 Role: 2
0 130 55 0 Role: 2
0 42 0 Role: 2
0 12 0 Role: 2
0 126 0 Role: 2
0 25 44 0 Role: 2
0 197 119 67 0 Role: 3
0 14 0 Role: 3
0 45 63 83 54 58 0 Role: 3
0 84 98 0 Role: 3
0 177 61 137 140 28 0 Role: 3
0 37 185 0 Role: 3
0 103 164 0 Role: 3
0 156 16 181 0 Role: 3
0 65 57 0 Role: 4
0 43 19 166 0 Role: 5
0 33 89 0 Role: 6
0 122 21 105 171 0 Role: 6
0 160 199 120 0 Role: 6
0 155 94 0 Role: 7
0 56 184 0 Role: 7
0 23 0 Role: 7
0 3 0 Role: 7
0 22 0 Role: 7
0 111 79 0 Role: 8
0 190 182 0 Role: 8
0 38 0 Role: 9

Số khách: 94
Chi phí: 9.06013e+06
0 70 34 43 58 68 67 56 57 78 81 92 102 88 124 145 128 87 91 98 159 59 32 72 30 66 73 188 178 174 113 150 196 4 20 25 0 Role: 0
0 133 169 103 54 197 0 Role: 1
0 181 156 16 185 0 Role: 1
0 130 38 55 0 Role: 1
0 46 161 0 Role: 1
0 141 84 0 Role: 1
0 44 37 0 Role: 1
0 12 164 0 Role: 1
0 126 31 28 0 Role: 1
0 190 45 171 14 0 Role: 2
0 177 33 0 Role: 2
0 146 122 23 0 Role: 2
0 119 184 0 Role: 2
0 61 22 85 140 157 0 Role: 2
0 3 137 10 0 Role: 2
0 63 94 105 0 Role: 3
0 21 89 0 Role: 3
0 96 182 187 0 Role: 4
0 199 120 0 Role: 4
0 65 79 101 0 Role: 5
0 132 0 Role: 5
0 152 154 166 0 Role: 5

Số khách: 75
Chi phí: 7.11104e+06
0 24 32 30 62 66 180 9 69 11 72 73 75 196 4 7 77 97 194 113 20 42 76 0 Role: 0
0 85 140 84 169 23 171 0 Role: 1
0 133 166 28 161 0 Role: 1
0 37 181 89 31 0 Role: 1
0 98 35 0 Role: 1
0 61 10 54 0 Role: 1
0 46 16 185 0 Role: 1
0 156 164 0 Role: 1
0 126 0 Role: 1
0 119 0 Role: 1
0 12 0 Role: 1
0 25 0 Role: 1
0 56 155 197 0 Role: 2
0 14 45 132 105 0 Role: 2
0 58 110 154 0 Role: 2
0 177 3 0 Role: 2
0 63 199 0 Role: 3
0 120 0 Role: 3
0 103 157 0 Role: 3
0 141 0 Role: 3
0 44 38 55 0 Role: 3
0 137 0 Role: 3
0 15 92 0 Role: 4
0 22 0 Role: 4

Số khách: 61
Chi phí: 5.87872e+06
0 2 7 6 124 4 1 9 17 11 20 97 77 24 76 40 69 42 113 150 194 130 0 Role: 0
0 83 14 21 105 171 0 Role: 1
0 15 89 0 Role: 1
0 101 56 103 0 Role: 1
0 67 94 58 197 0 Role: 1
0 85 140 84 169 23 0 Role: 2
0 133 166 28 161 0 Role: 2
0 37 181 31 0 Role: 2
0 98 35 0 Role: 2
0 54 10 61 0 Role: 2
0 46 16 185 0 Role: 2
0 156 164 0 Role: 2
0 126 0 Role: 2
0 119 0 Role: 2
0 12 0 Role: 2
0 25 0 Role: 2

Số khách: 58
Chi phí: 5.61503e+06
0 2 7 6 124 4 1 9 17 11 20 97 77 24 76 40 69 42 113 150 194 0 Role: 0
0 146 21 89 0 Role: 1
0 197 96 187 0 Role: 1
0 177 38 92 0 Role: 1
0 130 55 0 Role: 1
0 85 140 84 169 23 103 0 Role: 2
0 133 166 28 161 0 Role: 2
0 37 181 31 0 Role: 2
0 98 35 0 Role: 2
0 54 10 61 0 Role: 2
0 46 16 185 0 Role: 2
0 156 164 0 Role: 2
0 126 0 Role: 2
0 119 0 Role: 2
0 12 0 Role: 2
0 25 0 Role: 2

Số khách: 27
Chi phí: 4.23201e+06
0 138 143 124 48 141 71 140 103 98 25 12 181 156 7 4 76 42 20 17 150 84 0 Role: 0
0 3 137 161 0 Role: 1
0 28 31 10 0 Role: 1

Số khách: 26
Chi phí: 3.89223e+06
0 17 20 42 69 40 76 4 7 59 77 97 24 74 113 150 194 196 0 Role: 0
0 103 171 85 22 140 161 0 Role: 1
0 10 28 31 0 Role: 1

Số khách: 30
Chi phí: 4.32426e+06
0 2 7 6 124 4 1 9 17 11 20 24 77 97 194 113 150 69 40 42 12 130 25 0 Role: 0
0 3 10 161 0 Role: 1
0 16 46 156 164 185 0 Role: 1

Số khách: 56
Chi phí: 5.60951e+06

