Số khách: 67
Chi phí: 2.93131e+07
0 44 172 144 162 0 Role: 0
0 25 34 5 20 15 183 124 200 171 4 117 116 0 Role: 0
0 127 23 164 155 0 Role: 0
0 113 54 78 121 198 47 55 0 Role: 0
0 126 38 49 193 181 1 0 Role: 0
0 192 75 199 83 175 50 22 107 105 0 Role: 0
0 163 169 129 19 182 66 85 33 0 Role: 0
0 184 39 63 122 87 0 Role: 0
0 189 186 0 Role: 1
0 71 77 72 0 Role: 1
0 154 161 0 Role: 2
0 89 167 0 Role: 2
0 146 100 0 Role: 2
0 134 0 Role: 3

Số khách: 40
Chi phí: 2.0979e+07
0 189 69 0 Role: 0
0 37 0 Role: 0
0 20 199 75 77 0 Role: 0
0 187 29 116 64 114 23 63 33 171 0 Role: 0
0 121 146 0 Role: 0
0 196 0 Role: 0
0 65 192 84 53 153 83 96 0 Role: 0
0 184 36 39 0 Role: 0
0 25 89 0 Role: 1
0 167 100 0 Role: 1
0 71 72 0 Role: 1
0 4 186 0 Role: 1
0 134 0 Role: 2
0 154 0 Role: 2
0 161 0 Role: 3

Số khách: 65
Chi phí: 2.76593e+07
0 181 73 81 184 157 34 172 44 127 40 165 78 105 0 Role: 0
0 65 94 132 50 16 0 Role: 0
0 31 87 101 98 23 0 Role: 0
0 60 35 154 52 22 0 Role: 0
0 86 85 158 11 17 59 8 198 193 20 0 Role: 0
0 99 24 137 199 15 166 63 0 Role: 0
0 173 76 0 Role: 0
0 147 194 58 42 0 Role: 0
0 146 100 0 Role: 1
0 171 77 72 0 Role: 1
0 71 0 Role: 1
0 4 186 0 Role: 1
0 189 0 Role: 2
0 161 0 Role: 3
0 89 0 Role: 3
0 134 0 Role: 3
0 25 167 0 Role: 3

Số khách: 55
Chi phí: 2.69481e+07
0 65 79 6 191 173 0 Role: 0
0 88 192 106 164 36 34 170 153 99 130 1 52 0 Role: 0
0 195 43 190 0 Role: 0
0 53 103 28 17 182 20 0 Role: 0
0 16 81 18 83 139 0 Role: 0
0 25 54 155 0 Role: 0
0 31 90 0 Role: 0
0 7 185 131 30 184 0 Role: 0
0 171 186 0 Role: 1
0 72 77 0 Role: 1
0 4 0 Role: 1
0 154 134 0 Role: 2
0 146 100 0 Role: 2
0 71 0 Role: 2
0 189 0 Role: 3
0 89 167 0 Role: 4
0 161 0 Role: 5

Số khách: 45
Chi phí: 2.21816e+07
0 151 31 136 15 0 Role: 0
0 146 0 Role: 0
0 89 0 Role: 0
0 192 48 141 173 112 83 171 0 Role: 0
0 163 93 14 50 42 0 Role: 0
0 16 97 46 142 153 133 132 188 172 0 Role: 0
0 59 74 26 69 57 0 Role: 0
0 161 13 0 Role: 0
0 71 77 0 Role: 1
0 72 0 Role: 1
0 4 186 0 Role: 1
0 154 134 0 Role: 2
0 189 0 Role: 2
0 100 0 Role: 2
0 25 167 0 Role: 3

Số khách: 51
Chi phí: 2.354e+07
0 111 36 81 155 18 73 87 198 0 Role: 0
0 44 63 122 43 0 Role: 0
0 200 2 83 170 33 0 Role: 0
0 185 0 Role: 0
0 174 179 23 108 113 41 72 0 Role: 0
0 147 166 173 21 137 193 0 Role: 0
0 189 77 0 Role: 0
0 143 6 107 40 35 1 0 Role: 0
0 171 71 0 Role: 1
0 4 186 0 Role: 1
0 167 146 100 0 Role: 2
0 154 161 0 Role: 3
0 25 89 0 Role: 3
0 134 0 Role: 3

Số khách: 53
Chi phí: 2.50231e+07
0 34 173 102 62 150 188 172 4 0 Role: 0
0 181 24 26 200 0 Role: 0
0 18 0 Role: 0
0 1 42 144 110 17 21 16 0 Role: 0
0 121 63 39 78 183 15 0 Role: 0
0 142 0 Role: 0
0 143 23 85 131 64 190 0 Role: 0
0 187 135 43 153 59 124 0 Role: 0
0 146 100 0 Role: 1
0 171 186 0 Role: 1
0 72 77 0 Role: 1
0 161 0 Role: 2
0 189 71 0 Role: 2
0 154 167 89 0 Role: 3
0 25 0 Role: 3
0 134 0 Role: 3

Số khách: 54
Chi phí: 2.58592e+07
0 112 105 2 42 0 Role: 0
0 56 87 0 Role: 0
0 179 161 172 100 47 0 Role: 0
0 180 184 188 59 117 31 15 4 0 Role: 0
0 108 118 55 198 144 58 23 0 Role: 0
0 192 119 173 74 155 0 Role: 0
0 190 130 66 76 30 81 0 Role: 0
0 143 34 109 175 22 0 Role: 0
0 71 77 72 0 Role: 1
0 171 186 0 Role: 1
0 89 167 0 Role: 2
0 134 0 Role: 2
0 146 0 Role: 2
0 189 0 Role: 3
0 154 25 0 Role: 4

Số khách: 49
Chi phí: 2.28141e+07
0 101 0 Role: 0
0 141 0 Role: 0
0 140 164 47 8 137 78 0 Role: 0
0 138 127 0 Role: 0
0 53 188 59 35 31 168 39 21 0 Role: 0
0 57 0 Role: 0
0 152 181 136 82 2 133 45 34 9 123 43 0 Role: 0
0 192 144 69 18 0 Role: 0
0 154 134 0 Role: 1
0 89 71 189 171 0 Role: 1
0 72 77 0 Role: 1
0 4 186 0 Role: 1
0 161 100 0 Role: 2
0 146 0 Role: 2
0 25 167 0 Role: 3

Số khách: 47
Chi phí: 2.26378e+07
0 147 103 144 0 Role: 0
0 192 131 130 96 0 Role: 0
0 107 0 Role: 0
0 20 164 21 188 132 129 0 Role: 0
0 126 153 183 41 33 186 0 Role: 0
0 149 101 90 0 Role: 0
0 199 69 162 117 133 109 191 0 Role: 0
0 104 168 141 0 Role: 0
0 171 72 0 Role: 1
0 146 100 0 Role: 1
0 71 77 0 Role: 1
0 4 0 Role: 1
0 154 161 0 Role: 2
0 89 167 0 Role: 2
0 189 0 Role: 2
0 134 0 Role: 3
0 25 0 Role: 3

