Số khách: 116
Chi phí: 2.4054e+07
0 199 169 109 73 154 195 71 0 Role: 0
0 21 162 49 14 65 137 31 188 52 0 Role: 0
0 94 59 23 122 19 41 194 0 Role: 0
0 53 51 33 1 0 Role: 0
0 10 6 74 192 97 132 150 55 39 103 189 82 47 178 46 170 134 50 0 Role: 0
0 179 27 119 54 158 191 164 83 72 0 Role: 0
0 186 138 30 156 112 144 0 Role: 0
0 36 193 108 37 28 95 153 69 64 90 79 0 Role: 0
0 40 67 0 Role: 1
0 88 117 0 Role: 1
0 175 106 0 Role: 1
0 120 0 Role: 1
0 135 0 Role: 1
0 130 0 Role: 1
0 183 149 167 0 Role: 1
0 124 0 Role: 1
0 3 140 0 Role: 2
0 56 5 0 Role: 2
0 24 48 32 0 Role: 2
0 20 0 Role: 2
0 161 85 0 Role: 2
0 43 163 0 Role: 2
0 29 0 Role: 2
0 123 0 Role: 2
0 171 129 78 0 Role: 3
0 111 57 0 Role: 3
0 146 197 0 Role: 3
0 102 159 0 Role: 3
0 160 0 Role: 3
0 101 166 0 Role: 4
0 4 58 0 Role: 4
0 93 0 Role: 4
0 126 0 Role: 5
0 13 0 Role: 6
0 181 0 Role: 6

Số khách: 82
Chi phí: 1.83257e+07
0 46 44 0 Role: 0
0 31 178 0 Role: 0
0 82 121 120 135 106 0 Role: 0
0 170 5 26 185 32 196 108 0 Role: 0
0 20 143 87 55 88 0 Role: 0
0 36 0 Role: 0
0 149 0 Role: 0
0 29 0 Role: 0
0 146 64 72 122 0 Role: 1
0 124 0 Role: 1
0 56 3 0 Role: 1
0 90 158 71 0 Role: 1
0 67 0 Role: 1
0 167 69 0 Role: 1
0 123 0 Role: 1
0 183 10 0 Role: 1
0 117 191 0 Role: 1
0 162 130 0 Role: 1
0 175 192 23 0 Role: 1
0 83 0 Role: 1
0 101 119 199 140 0 Role: 2
0 197 194 0 Role: 2
0 161 85 0 Role: 2
0 49 0 Role: 2
0 52 163 0 Role: 2
0 43 0 Role: 2
0 14 0 Role: 2
0 24 48 0 Role: 3
0 160 0 Role: 3
0 40 0 Role: 3
0 21 93 4 0 Role: 4
0 58 0 Role: 4
0 171 129 78 0 Role: 4
0 102 159 0 Role: 4
0 156 57 0 Role: 4
0 111 0 Role: 4
0 126 0 Role: 5
0 166 0 Role: 5
0 181 0 Role: 6
0 13 0 Role: 6
0 54 0 Role: 6

Số khách: 104
Chi phí: 2.37068e+07
0 188 96 147 176 9 88 0 Role: 0
0 93 130 155 103 150 45 79 74 10 82 0 Role: 0
0 178 0 Role: 0
0 183 120 0 Role: 0
0 97 110 108 80 46 39 41 194 14 62 50 23 135 0 Role: 0
0 65 91 189 191 0 Role: 0
0 111 145 95 92 118 141 117 195 25 112 0 Role: 0
0 156 174 35 134 0 Role: 0
0 72 123 52 106 0 Role: 1
0 163 69 149 0 Role: 1
0 175 64 0 Role: 1
0 122 67 0 Role: 1
0 167 90 0 Role: 1
0 170 161 0 Role: 1
0 162 71 0 Role: 1
0 83 0 Role: 1
0 124 0 Role: 1
0 32 29 0 Role: 2
0 43 0 Role: 2
0 192 0 Role: 2
0 101 5 119 199 140 0 Role: 3
0 102 158 0 Role: 3
0 49 0 Role: 3
0 56 0 Role: 3
0 20 0 Role: 3
0 4 126 0 Role: 4
0 21 146 85 0 Role: 4
0 48 0 Role: 4
0 13 0 Role: 5
0 166 3 0 Role: 5
0 57 129 0 Role: 5
0 159 0 Role: 5
0 40 0 Role: 5
0 160 0 Role: 5
0 58 197 0 Role: 6
0 24 0 Role: 6
0 78 0 Role: 6
0 54 171 0 Role: 7
0 181 0 Role: 8

Số khách: 91
Chi phí: 1.93155e+07
0 37 148 15 49 71 104 43 141 0 Role: 0
0 189 109 12 155 130 0 Role: 0
0 170 65 55 87 0 Role: 0
0 168 98 0 Role: 0
0 156 0 Role: 0
0 175 29 0 Role: 0
0 174 123 0 Role: 0
0 90 183 178 34 193 51 50 112 72 120 61 76 0 Role: 0
0 199 161 3 5 0 Role: 1
0 160 191 23 135 0 Role: 1
0 122 69 10 64 0 Role: 1
0 88 162 0 Role: 1
0 192 106 0 Role: 1
0 117 0 Role: 1
0 167 0 Role: 1
0 124 0 Role: 1
0 83 0 Role: 1
0 119 146 194 0 Role: 2
0 48 158 0 Role: 2
0 52 163 0 Role: 2
0 67 0 Role: 2
0 14 149 0 Role: 2
0 171 78 32 0 Role: 3
0 85 0 Role: 3
0 20 0 Role: 3
0 56 0 Role: 3
0 57 129 0 Role: 4
0 111 24 0 Role: 4
0 197 140 0 Role: 4
0 40 0 Role: 4
0 101 181 0 Role: 5
0 54 0 Role: 5
0 102 159 0 Role: 5
0 4 126 0 Role: 6
0 166 0 Role: 6
0 93 0 Role: 6
0 21 58 0 Role: 6
0 13 0 Role: 7

Số khách: 96
Chi phí: 2.0212e+07
0 182 65 200 80 51 20 0 Role: 0
0 183 136 2 98 81 61 9 0 Role: 0
0 106 165 0 Role: 0
0 160 191 123 67 188 149 151 0 Role: 0
0 79 97 131 87 109 11 82 47 130 0 Role: 0
0 144 0 Role: 0
0 175 23 48 42 85 76 176 169 0 Role: 0
0 10 44 0 Role: 0
0 13 167 88 122 0 Role: 1
0 90 117 52 0 Role: 1
0 64 120 0 Role: 1
0 170 161 0 Role: 1
0 72 83 0 Role: 1
0 162 0 Role: 1
0 124 0 Role: 1
0 69 135 0 Role: 1
0 197 0 Role: 2
0 119 71 194 0 Role: 2
0 192 29 0 Role: 2
0 43 0 Role: 2
0 102 159 0 Role: 3
0 199 140 3 0 Role: 3
0 14 32 158 0 Role: 3
0 163 0 Role: 3
0 49 0 Role: 3
0 56 0 Role: 3
0 146 93 4 0 Role: 4
0 5 57 0 Role: 4
0 166 0 Role: 4
0 171 24 0 Role: 4
0 111 78 0 Role: 4
0 40 0 Role: 4
0 101 181 0 Role: 5
0 21 58 0 Role: 5
0 156 0 Role: 5
0 129 0 Role: 5
0 54 0 Role: 6
0 126 0 Role: 6

Số khách: 103
Chi phí: 2.25177e+07
0 6 155 0 Role: 0
0 127 96 189 99 73 115 41 130 0 Role: 0
0 198 91 194 31 33 109 47 191 124 0 Role: 0
0 183 141 76 0 Role: 0
0 55 51 82 83 67 195 0 Role: 0
0 37 78 44 30 196 64 0 Role: 0
0 53 125 173 87 19 72 88 0 Role: 0
0 74 23 145 169 34 165 0 Role: 0
0 156 123 0 Role: 1
0 122 162 0 Role: 1
0 56 3 0 Role: 1
0 163 0 Role: 1
0 10 135 90 0 Role: 1
0 175 117 0 Role: 1
0 71 0 Role: 1
0 192 106 0 Role: 1
0 167 149 0 Role: 1
0 69 0 Role: 1
0 120 0 Role: 1
0 170 0 Role: 1
0 129 29 0 Role: 2
0 43 52 0 Role: 2
0 161 0 Role: 2
0 160 158 0 Role: 3
0 48 32 0 Role: 3
0 14 0 Role: 3
0 20 0 Role: 3
0 21 0 Role: 4
0 54 171 57 0 Role: 4
0 199 140 197 0 Role: 4
0 119 5 0 Role: 4
0 102 40 0 Role: 4
0 85 0 Role: 4
0 49 0 Role: 4
0 166 0 Role: 5
0 146 0 Role: 5
0 4 93 0 Role: 5
0 159 0 Role: 5
0 111 24 0 Role: 5
0 101 181 0 Role: 6
0 126 0 Role: 6
0 58 0 Role: 6
0 13 0 Role: 7

Số khách: 83
Chi phí: 1.89354e+07
0 64 0 Role: 0
0 183 140 62 65 0 Role: 0
0 20 189 0 Role: 0
0 179 55 31 0 Role: 0
0 197 0 Role: 0
0 61 151 88 191 125 164 118 35 0 Role: 0
0 174 126 85 176 0 Role: 0
0 53 192 0 Role: 0
0 175 106 90 0 Role: 1
0 122 71 158 0 Role: 1
0 72 161 194 0 Role: 1
0 43 123 117 0 Role: 1
0 83 0 Role: 1
0 124 0 Role: 1
0 23 29 135 0 Role: 1
0 167 69 149 0 Role: 1
0 162 130 0 Role: 1
0 10 0 Role: 1
0 67 0 Role: 1
0 170 0 Role: 1
0 120 0 Role: 1
0 54 163 0 Role: 2
0 48 32 0 Role: 2
0 14 0 Role: 2
0 160 0 Role: 2
0 56 0 Role: 2
0 52 0 Role: 2
0 40 0 Role: 3
0 49 0 Role: 3
0 3 0 Role: 3
0 102 159 0 Role: 4
0 199 119 5 146 0 Role: 4
0 156 57 0 Role: 4
0 24 0 Role: 4
0 21 58 4 0 Role: 5
0 111 78 171 0 Role: 5
0 166 0 Role: 5
0 129 0 Role: 5
0 101 181 0 Role: 6
0 93 0 Role: 6
0 13 0 Role: 7

Số khách: 98
Chi phí: 2.12865e+07
0 124 36 106 123 118 11 31 0 Role: 0
0 199 3 57 154 82 96 0 Role: 0
0 10 136 34 67 87 176 19 76 0 Role: 0
0 156 99 35 46 44 130 0 Role: 0
0 5 49 0 Role: 0
0 79 24 61 179 105 50 189 0 Role: 0
0 181 149 69 195 196 62 0 Role: 0
0 65 40 147 178 165 52 0 Role: 0
0 29 191 135 0 Role: 1
0 162 71 0 Role: 1
0 88 64 194 0 Role: 1
0 175 72 0 Role: 1
0 23 117 0 Role: 1
0 170 0 Role: 1
0 83 0 Role: 1
0 120 0 Role: 1
0 183 0 Role: 1
0 14 32 158 90 0 Role: 2
0 48 0 Role: 2
0 122 161 0 Role: 2
0 192 163 0 Role: 2
0 20 43 0 Role: 2
0 167 0 Role: 2
0 21 146 0 Role: 3
0 4 197 85 0 Role: 3
0 160 0 Role: 3
0 56 0 Role: 3
0 111 78 0 Role: 4
0 119 166 0 Role: 4
0 102 159 0 Role: 4
0 140 0 Role: 4
0 101 0 Role: 5
0 54 129 171 0 Role: 5
0 13 126 0 Role: 6
0 58 0 Role: 6
0 93 0 Role: 6

Số khách: 101
Chi phí: 2.14808e+07
0 119 133 51 82 68 191 0 Role: 0
0 36 110 41 0 Role: 0
0 65 31 33 196 34 9 151 120 0 Role: 0
0 78 5 85 153 179 87 92 83 79 183 46 188 53 125 0 Role: 0
0 115 0 Role: 0
0 143 0 Role: 0
0 43 178 154 155 161 71 0 Role: 0
0 181 38 185 187 136 11 67 0 Role: 0
0 175 72 0 Role: 1
0 199 140 197 0 Role: 1
0 88 158 163 117 0 Role: 1
0 10 135 106 64 0 Role: 1
0 170 194 0 Role: 1
0 162 130 0 Role: 1
0 167 149 90 0 Role: 1
0 123 0 Role: 1
0 69 0 Role: 1
0 23 0 Role: 1
0 124 0 Role: 1
0 102 20 122 0 Role: 2
0 52 0 Role: 2
0 192 29 0 Role: 2
0 14 0 Role: 2
0 21 58 4 0 Role: 3
0 171 129 57 0 Role: 3
0 146 32 0 Role: 3
0 49 0 Role: 3
0 56 3 0 Role: 3
0 160 0 Role: 3
0 126 0 Role: 4
0 111 48 24 0 Role: 4
0 40 0 Role: 4
0 93 0 Role: 5
0 159 0 Role: 5
0 156 0 Role: 5
0 13 0 Role: 6
0 54 0 Role: 6
0 166 0 Role: 6
0 101 0 Role: 7

