Số khách: 20
Chi phí: 3.39732e+06
0 73 0 Role: 0
0 82 17 0 Role: 1
0 86 24 61 0 Role: 1
0 48 0 Role: 1
0 65 83 5 0 Role: 1
0 93 0 Role: 1
0 14 0 Role: 1
0 34 16 0 Role: 1
0 54 0 Role: 1
0 74 87 18 0 Role: 2
0 71 0 Role: 2
0 32 0 Role: 3

Số khách: 96
Chi phí: 2.47591e+07
0 29 42 6 4 5 47 51 10 69 25 34 67 78 79 92 94 33 36 44 52 75 0 Role: 0
0 40 63 85 97 88 35 57 65 48 83 93 0 Role: 0
0 22 76 72 77 60 80 61 24 17 90 70 82 99 73 0 Role: 0
0 26 2 15 38 9 19 41 68 98 0 Role: 0
0 55 59 7 13 58 64 18 66 20 46 37 49 53 45 39 21 30 62 1 3 8 11 14 16 27 28 31 43 50 54 95 0 Role: 0
0 23 12 91 84 96 0 Role: 0
0 32 86 0 Role: 1
0 71 0 Role: 1
0 74 87 0 Role: 2

Số khách: 82
Chi phí: 1.76501e+07
0 22 58 26 2 12 63 23 20 47 69 86 74 85 77 97 88 3 8 1 14 95 31 50 27 43 28 36 16 54 0 Role: 0
0 40 62 4 38 39 45 51 46 70 73 78 0 Role: 0
0 79 42 94 15 9 52 19 41 92 96 34 98 99 5 33 48 0 Role: 0
0 10 11 13 7 21 6 30 61 25 35 49 37 67 53 75 57 44 65 83 93 0 Role: 0
0 24 17 0 Role: 1
0 18 71 0 Role: 2
0 82 0 Role: 2
0 32 0 Role: 3

Số khách: 70
Chi phí: 1.41698e+07
0 40 79 23 12 78 76 41 98 70 33 5 31 44 52 36 75 16 65 48 83 93 0 Role: 0
0 47 69 77 51 88 96 90 92 99 35 50 27 43 28 57 54 14 95 8 0 Role: 0
0 29 13 11 10 2 7 42 6 4 21 45 53 46 25 62 30 37 49 39 1 73 61 68 67 0 Role: 0
0 24 17 0 Role: 1
0 32 86 18 0 Role: 2
0 71 0 Role: 2

Số khách: 75
Chi phí: 1.56059e+07
0 22 58 26 2 12 63 23 20 47 69 5 86 74 85 77 1 97 88 3 8 54 14 95 31 50 27 43 28 36 0 Role: 0
0 79 42 94 15 9 52 19 41 92 96 99 33 83 98 57 75 44 0 Role: 0
0 40 29 59 64 71 4 6 72 80 7 13 35 25 53 10 11 67 0 Role: 0
0 32 87 0 Role: 1
0 61 24 17 0 Role: 2
0 93 18 65 0 Role: 3
0 16 34 0 Role: 4
0 48 82 0 Role: 4

Số khách: 89
Chi phí: 2.02539e+07
0 29 42 6 4 5 47 51 10 69 25 98 34 67 78 94 68 79 92 0 Role: 0
0 56 26 81 19 84 9 2 15 38 41 90 60 96 61 99 76 0 Role: 0
0 55 59 63 7 13 58 64 18 66 20 46 37 49 53 45 39 21 30 62 1 3 8 11 14 16 27 28 31 43 50 54 95 0 Role: 0
0 22 74 71 33 72 77 35 80 36 44 73 83 93 70 57 75 0 Role: 0
0 32 17 24 48 65 0 Role: 1
0 82 86 0 Role: 2

Số khách: 78
Chi phí: 1.66229e+07
0 5 46 45 73 4 33 24 48 17 62 83 65 70 93 0 Role: 0
0 22 58 26 2 12 63 23 20 47 69 86 74 85 77 97 88 3 8 1 14 54 16 36 28 43 27 50 31 95 0 Role: 0
0 79 42 94 15 9 52 19 41 92 96 34 98 99 68 78 0 Role: 0
0 10 11 13 7 21 6 30 61 25 35 49 37 67 53 75 57 44 0 Role: 0
0 32 18 0 Role: 1
0 71 0 Role: 2

Số khách: 83
Chi phí: 1.94606e+07
0 79 42 94 15 9 52 19 41 92 96 34 98 99 67 35 44 57 75 0 Role: 0
0 70 14 54 46 1 8 36 3 90 28 50 31 33 95 43 0 Role: 0
0 66 4 38 73 39 45 60 51 5 62 48 93 65 16 76 78 68 83 0 Role: 0
0 20 23 63 12 2 26 58 47 69 77 97 85 6 7 13 30 37 49 53 61 25 0 Role: 0
0 10 11 17 24 82 86 88 0 Role: 0
0 74 18 0 Role: 1
0 32 87 0 Role: 2

Số khách: 90
Chi phí: 2.21244e+07
0 10 11 13 7 21 6 30 61 25 35 49 37 67 53 75 57 44 65 83 93 0 Role: 0
0 79 42 94 15 9 52 19 41 92 96 34 98 99 5 33 48 0 Role: 0
0 22 58 26 2 12 63 23 20 47 69 86 74 85 77 97 88 3 8 1 14 54 16 36 28 43 27 50 31 95 0 Role: 0
0 73 4 17 39 45 46 62 68 70 0 Role: 0
0 29 38 40 51 60 76 78 90 0 Role: 0
0 55 59 0 Role: 0
0 24 0 Role: 1
0 18 71 0 Role: 2
0 82 0 Role: 2
0 32 87 0 Role: 3

Số khách: 85
Chi phí: 2.00841e+07
0 20 23 63 12 2 26 58 47 69 77 97 85 18 34 52 79 92 94 98 0 Role: 0
0 66 4 38 73 39 45 60 51 5 62 48 93 65 16 76 78 68 83 0 Role: 0
0 10 11 7 21 6 30 61 25 35 49 37 67 53 75 57 44 0 Role: 0
0 70 14 54 46 1 8 36 3 90 27 28 50 31 33 95 43 0 Role: 0
0 40 72 29 59 71 64 80 17 24 82 86 88 96 99 0 Role: 0
0 74 32 0 Role: 1

Số khách: 60
Chi phí: 1.12062e+07
0 29 13 11 10 2 7 42 6 4 21 45 53 46 25 62 30 37 49 39 1 33 5 14 8 50 28 27 43 31 54 95 0 Role: 0
0 47 69 77 51 88 96 90 92 99 35 52 36 75 57 44 0 Role: 0
0 93 18 65 0 Role: 1
0 32 61 0 Role: 2
0 74 71 0 Role: 2
0 34 16 0 Role: 3
0 48 0 Role: 3
0 83 24 0 Role: 4
0 86 17 0 Role: 5

Số khách: 94
Chi phí: 2.32053e+07
0 40 38 29 78 60 51 76 90 46 62 70 73 68 0 Role: 0
0 22 58 26 2 12 63 23 20 47 69 86 74 85 77 97 88 3 8 1 14 54 16 36 28 43 27 50 31 95 0 Role: 0
0 10 11 13 7 21 6 30 61 25 35 49 37 67 53 75 57 44 65 83 93 0 Role: 0
0 55 59 45 39 4 17 0 Role: 0
0 79 42 94 15 9 52 19 41 92 96 34 98 99 5 33 48 0 Role: 0
0 56 64 66 72 80 0 Role: 0
0 87 0 Role: 1
0 18 71 0 Role: 2
0 82 0 Role: 2
0 24 0 Role: 3

Số khách: 62
Chi phí: 1.23781e+07
0 40 79 23 12 78 76 41 98 70 33 5 31 44 52 36 75 16 65 48 83 93 8 14 28 50 54 95 0 Role: 0
0 29 13 11 10 2 7 42 6 4 21 45 53 46 25 62 30 37 49 39 1 73 61 68 67 27 35 43 57 0 Role: 0
0 24 17 0 Role: 1
0 32 86 18 0 Role: 2
0 71 74 0 Role: 2

Số khách: 55
Chi phí: 1.0412e+07
0 29 13 11 10 2 7 42 6 4 21 45 53 46 25 62 30 37 49 39 1 31 43 27 28 50 8 14 5 33 54 52 95 0 Role: 0
0 35 67 44 36 3 75 57 0 Role: 0
0 65 24 86 17 0 Role: 1
0 34 16 0 Role: 2
0 61 48 0 Role: 2
0 18 71 0 Role: 3
0 74 82 0 Role: 3
0 83 0 Role: 3
0 93 0 Role: 3
0 32 87 0 Role: 4

Số khách: 59
Chi phí: 1.07496e+07
0 28 13 2 7 21 6 4 20 30 37 73 39 45 49 46 70 33 62 68 35 54 14 16 57 75 52 0 Role: 0
0 38 79 94 78 60 26 44 76 41 92 99 5 8 27 31 36 43 50 95 0 Role: 0
0 71 86 18 0 Role: 1
0 65 17 24 48 0 Role: 1
0 61 83 0 Role: 1
0 87 93 0 Role: 2
0 74 82 0 Role: 2
0 32 0 Role: 3

Số khách: 95
Chi phí: 2.4734e+07
0 23 12 35 91 84 57 96 48 65 83 93 0 Role: 0
0 22 76 72 77 60 80 61 24 17 90 70 82 99 73 0 Role: 0
0 55 59 7 13 58 64 18 66 20 46 37 49 53 45 39 21 30 62 1 3 8 11 14 16 27 28 31 43 50 54 95 0 Role: 0
0 26 2 15 38 9 19 41 68 98 0 Role: 0
0 29 42 6 4 5 47 51 10 69 25 34 67 78 79 92 94 33 36 44 52 75 0 Role: 0
0 40 63 85 88 97 0 Role: 0
0 32 0 Role: 1
0 71 0 Role: 1
0 74 87 0 Role: 2

Số khách: 21
Chi phí: 3.49548e+06
0 25 82 5 98 0 Role: 0
0 65 48 83 0 Role: 1
0 34 16 0 Role: 1
0 54 0 Role: 1
0 14 0 Role: 1
0 93 0 Role: 1
0 71 86 18 0 Role: 2
0 24 17 0 Role: 2
0 61 0 Role: 2
0 87 0 Role: 3
0 74 0 Role: 3
0 32 0 Role: 4

Số khách: 64
Chi phí: 1.24769e+07
0 40 29 59 64 71 4 6 72 80 7 67 10 11 13 35 53 44 25 33 52 83 57 75 0 Role: 0
0 22 58 26 2 12 63 23 20 47 69 5 86 74 85 77 1 97 88 3 8 54 14 95 31 50 27 43 28 36 0 Role: 0
0 93 18 65 0 Role: 1
0 32 87 0 Role: 2
0 16 34 0 Role: 3
0 48 82 0 Role: 3
0 61 24 17 0 Role: 4

Số khách: 25
Chi phí: 4.0884e+06
0 53 45 39 49 1 73 37 68 62 8 54 31 50 43 28 36 0 Role: 0
0 32 87 18 0 Role: 1
0 74 71 86 0 Role: 1
0 5 14 83 0 Role: 2

Số khách: 47
Chi phí: 7.54789e+06
0 29 13 11 10 2 7 42 6 4 21 45 53 46 25 62 30 37 1 39 31 33 5 14 54 8 50 28 27 43 52 95 0 Role: 0
0 16 17 0 Role: 1
0 24 65 0 Role: 1
0 34 0 Role: 1
0 82 93 0 Role: 1
0 83 0 Role: 1
0 32 61 18 0 Role: 2
0 74 71 48 86 0 Role: 2
0 87 0 Role: 3

Số khách: 50
Chi phí: 9.04753e+06
0 28 13 2 7 21 6 4 20 30 37 73 39 45 49 46 70 33 62 68 35 8 31 54 14 16 57 75 52 50 95 0 Role: 0
0 10 27 11 1 36 3 34 0 Role: 0
0 87 93 18 0 Role: 1
0 74 82 0 Role: 1
0 32 5 17 24 48 86 0 Role: 2
0 61 65 0 Role: 3

Số khách: 76
Chi phí: 1.59636e+07
0 22 74 71 33 72 77 35 80 36 44 52 73 83 93 70 57 75 0 Role: 0
0 29 42 6 4 5 47 51 10 69 25 98 34 67 78 94 68 79 92 99 0 Role: 0
0 55 59 63 7 13 58 64 18 66 20 46 37 49 53 45 39 21 30 62 1 3 8 11 14 16 27 28 31 43 50 54 95 0 Role: 0
0 32 17 24 48 65 0 Role: 1
0 61 86 0 Role: 2
0 82 0 Role: 2

Số khách: 53
Chi phí: 9.54531e+06
0 29 13 11 10 2 7 42 6 4 21 45 53 46 25 62 30 37 49 39 1 31 43 27 28 50 8 14 5 33 54 52 95 0 Role: 0
0 35 44 36 3 75 57 34 16 0 Role: 0
0 83 24 48 65 0 Role: 1
0 32 61 18 0 Role: 2
0 74 71 93 0 Role: 2
0 17 82 0 Role: 3
0 86 0 Role: 3

Số khách: 65
Chi phí: 1.36311e+07
0 55 59 63 7 13 58 64 18 66 20 46 37 49 53 45 39 21 30 62 1 3 8 11 14 16 27 28 31 43 50 54 95 0 Role: 0
0 56 26 81 19 84 9 2 15 38 41 76 90 60 96 61 33 99 52 36 35 44 57 75 83 93 0 Role: 0
0 82 86 17 0 Role: 1
0 5 24 48 0 Role: 2
0 34 0 Role: 2
0 65 0 Role: 2

Số khách: 35
Chi phí: 5.28432e+06
0 47 69 77 51 88 35 96 90 99 50 8 54 83 16 57 36 28 43 27 95 0 Role: 0
0 18 5 14 0 Role: 1
0 65 17 24 48 86 0 Role: 1
0 34 0 Role: 1
0 61 0 Role: 1
0 93 82 0 Role: 1
0 32 74 0 Role: 2
0 71 0 Role: 2

Số khách: 48
Chi phí: 8.66648e+06
0 29 13 11 10 2 7 42 6 4 21 45 53 46 25 62 30 37 49 39 1 73 61 33 68 75 36 52 67 31 8 14 28 50 95 0 Role: 0
0 34 16 0 Role: 1
0 93 48 82 0 Role: 1
0 5 0 Role: 2
0 17 24 65 0 Role: 2
0 54 0 Role: 2
0 86 18 0 Role: 3
0 74 71 0 Role: 3

Số khách: 41
Chi phí: 6.86479e+06
0 22 58 26 2 12 63 23 20 47 69 86 74 85 77 97 88 3 8 1 14 54 16 36 28 43 27 50 31 95 0 Role: 0
0 65 17 61 83 5 0 Role: 1
0 18 24 48 93 0 Role: 2
0 32 82 0 Role: 3
0 34 0 Role: 3

Số khách: 67
Chi phí: 1.40566e+07
0 66 4 38 73 39 45 60 51 5 62 33 48 93 65 76 78 68 52 83 0 Role: 0
0 10 11 13 7 21 6 30 61 25 35 49 37 67 53 75 57 44 0 Role: 0
0 22 58 26 2 12 63 23 20 47 69 86 74 85 77 97 88 3 8 1 14 54 16 36 28 43 27 50 31 95 0 Role: 0
0 24 17 0 Role: 1

Số khách: 92
Chi phí: 2.23198e+07
0 70 14 54 46 1 8 36 3 90 27 28 50 31 33 95 43 0 Role: 0
0 66 4 38 73 39 45 60 51 5 62 48 93 65 16 76 78 68 83 0 Role: 0
0 79 42 94 15 9 52 19 41 92 96 34 98 99 0 Role: 0
0 40 72 29 59 71 64 80 17 24 82 86 88 0 Role: 0
0 10 11 13 7 21 6 30 61 25 35 49 37 67 53 75 57 44 0 Role: 0
0 20 23 63 12 2 26 58 47 69 77 97 85 0 Role: 0
0 32 87 18 0 Role: 1
0 74 0 Role: 2

Số khách: 93
Chi phí: 2.2865e+07
0 10 11 13 7 21 6 30 61 25 35 49 37 67 53 75 57 44 65 83 93 0 Role: 0
0 22 58 26 2 12 63 23 20 47 69 86 74 85 77 97 88 3 8 1 14 54 16 36 28 43 27 50 31 95 0 Role: 0
0 40 38 29 78 60 51 76 90 46 62 70 73 68 0 Role: 0
0 79 42 94 15 9 52 19 41 92 96 34 98 99 5 33 48 0 Role: 0
0 56 72 66 64 80 39 4 24 17 45 0 Role: 0
0 32 59 0 Role: 0
0 87 18 0 Role: 1
0 71 0 Role: 2

Số khách: 54
Chi phí: 9.78166e+06
0 52 13 2 7 21 6 4 20 25 30 33 46 57 75 44 35 67 78 0 Role: 0
0 53 45 39 49 1 73 37 68 62 8 36 28 43 27 50 31 95 0 Role: 0
0 82 0 Role: 1
0 61 83 0 Role: 2
0 5 14 0 Role: 2
0 93 65 0 Role: 2
0 34 16 0 Role: 2
0 18 17 24 86 0 Role: 3
0 48 0 Role: 3
0 54 0 Role: 3
0 32 87 0 Role: 4
0 71 74 0 Role: 4

Số khách: 33
Chi phí: 4.84254e+06
0 47 69 77 51 88 96 90 92 99 35 50 27 43 28 36 57 16 83 8 54 95 0 Role: 0
0 18 5 14 0 Role: 1
0 65 17 24 48 86 0 Role: 1
0 34 0 Role: 1
0 61 0 Role: 1
0 93 82 0 Role: 1

Số khách: 40
Chi phí: 6.4147e+06
0 20 23 63 12 2 26 58 47 69 86 74 14 85 77 1 8 97 88 3 54 95 31 50 27 43 28 36 16 0 Role: 0
0 65 17 61 83 5 0 Role: 1
0 32 82 0 Role: 2
0 34 0 Role: 2
0 18 24 48 93 0 Role: 3

Số khách: 36
Chi phí: 5.73061e+06
0 47 69 77 51 88 96 90 92 99 35 50 27 43 28 36 57 16 83 8 54 95 0 Role: 0
0 93 18 65 0 Role: 1
0 5 14 0 Role: 2
0 17 24 0 Role: 2
0 34 0 Role: 2
0 48 61 0 Role: 2
0 82 0 Role: 2
0 32 74 86 0 Role: 3
0 71 0 Role: 3

Số khách: 31
Chi phí: 4.67016e+06
0 53 45 39 49 1 73 37 68 62 8 36 28 43 27 50 31 95 83 0 Role: 0
0 32 87 65 0 Role: 1
0 71 74 93 0 Role: 1
0 18 17 24 86 0 Role: 2
0 48 5 0 Role: 2
0 54 0 Role: 2

Số khách: 37
Chi phí: 5.84625e+06
0 79 42 94 15 9 52 19 41 92 96 35 8 99 14 98 16 57 75 44 28 50 95 54 0 Role: 0
0 18 71 74 86 0 Role: 1
0 65 48 93 82 0 Role: 1
0 5 17 24 0 Role: 2
0 34 0 Role: 2
0 61 83 0 Role: 2

Số khách: 66
Chi phí: 1.37029e+07
0 22 58 26 2 12 63 23 20 47 69 86 74 85 77 97 88 3 8 1 14 54 16 36 28 43 27 50 31 95 0 Role: 0
0 79 42 94 15 9 52 19 41 92 96 34 98 99 5 33 48 65 83 93 0 Role: 0
0 10 11 13 21 6 30 61 25 35 49 37 67 53 75 57 44 0 Role: 0
0 24 17 0 Role: 1

Số khách: 29
Chi phí: 4.56386e+06
0 34 44 11 41 3 75 57 83 48 93 14 54 8 28 27 50 31 95 0 Role: 0
0 5 17 24 65 0 Role: 1
0 61 0 Role: 1
0 32 87 18 0 Role: 2
0 74 71 86 0 Role: 2

Số khách: 26
Chi phí: 4.18062e+06
0 53 45 39 49 1 73 37 68 62 8 36 28 43 27 50 31 95 83 0 Role: 0
0 18 17 24 86 65 0 Role: 1
0 48 5 0 Role: 1
0 54 0 Role: 1

Số khách: 49
Chi phí: 8.67939e+06
0 29 13 11 10 2 7 42 6 4 21 45 53 46 25 62 30 37 49 39 1 73 61 33 68 75 36 52 67 31 8 14 28 50 95 0 Role: 0
0 34 16 0 Role: 1
0 93 48 82 0 Role: 1
0 5 0 Role: 2
0 17 24 65 0 Role: 2
0 54 0 Role: 2
0 32 86 18 0 Role: 3
0 74 71 0 Role: 3

Số khách: 38
Chi phí: 6.1813e+06
0 28 13 2 7 21 6 4 20 30 37 73 39 45 49 46 70 33 62 68 35 8 31 54 14 16 57 75 52 50 95 0 Role: 0
0 65 61 18 0 Role: 1
0 5 17 24 48 86 0 Role: 2

Số khách: 27
Chi phí: 4.49951e+06
0 70 5 14 54 46 1 36 3 90 8 44 75 52 28 43 27 50 95 0 Role: 0
0 16 34 0 Role: 1
0 93 48 82 0 Role: 1
0 17 0 Role: 2
0 24 61 65 0 Role: 2

Số khách: 43
Chi phí: 7.17634e+06
0 28 13 2 7 21 6 4 20 30 37 73 39 45 49 46 70 62 68 5 8 27 31 36 43 50 52 95 0 Role: 0
0 65 48 83 0 Role: 1
0 34 16 0 Role: 1
0 54 0 Role: 1
0 14 0 Role: 1
0 93 0 Role: 1
0 61 24 17 0 Role: 2
0 86 82 0 Role: 2
0 18 71 74 0 Role: 3

Số khách: 43
Chi phí: 7.17634e+06
0 28 13 2 7 21 6 4 20 30 37 73 39 45 49 46 70 62 68 5 8 27 31 36 43 50 52 95 0 Role: 0
0 61 24 17 0 Role: 1
0 86 82 0 Role: 1
0 18 71 74 0 Role: 2
0 65 48 83 0 Role: 3
0 34 16 0 Role: 3
0 54 0 Role: 3
0 14 0 Role: 3
0 93 0 Role: 3

Số khách: 46
Chi phí: 7.20263e+06
0 29 13 11 10 2 7 42 6 4 21 45 53 46 25 62 30 37 1 39 31 33 5 14 54 8 50 28 27 43 52 95 0 Role: 0
0 16 17 0 Role: 1
0 24 65 0 Role: 1
0 34 0 Role: 1
0 82 93 0 Role: 1
0 83 0 Role: 1
0 32 61 18 0 Role: 2
0 74 71 48 86 0 Role: 2

Số khách: 39
Chi phí: 6.22063e+06
0 79 42 94 15 9 52 19 41 92 96 35 8 99 14 98 16 57 75 44 28 50 95 54 0 Role: 0
0 32 87 0 Role: 1
0 18 71 74 86 0 Role: 2
0 65 48 93 82 0 Role: 2
0 5 17 24 0 Role: 3
0 34 0 Role: 3
0 61 83 0 Role: 3

Số khách: 32
Chi phí: 4.84187e+06
0 47 69 77 51 88 96 90 92 99 35 50 27 43 28 36 57 16 83 8 54 95 0 Role: 0
0 18 5 14 0 Role: 1
0 65 17 24 86 0 Role: 1
0 34 0 Role: 1
0 61 0 Role: 1
0 93 82 0 Role: 1

Số khách: 28
Chi phí: 4.53845e+06
0 47 69 77 51 88 96 90 92 99 35 44 52 28 36 75 57 16 14 8 50 54 0 Role: 0
0 65 48 24 83 0 Role: 1
0 86 17 5 0 Role: 2

Số khách: 46
Chi phí: 7.20263e+06
0 29 13 11 10 2 7 42 6 4 21 45 53 46 25 62 30 37 1 39 31 33 5 14 54 8 50 28 27 43 52 95 0 Role: 0
0 32 61 18 0 Role: 1
0 74 71 48 86 0 Role: 1
0 16 17 0 Role: 2
0 24 65 0 Role: 2
0 34 0 Role: 2
0 82 93 0 Role: 2
0 83 0 Role: 2

