Số khách: 146
Chi phí: 4.91279e+07
0 38 84 86 44 72 59 54 69 199 135 2 4 39 97 0 Role: 0
0 34 25 36 37 75 6 82 88 91 92 93 123 174 180 124 87 159 76 8 33 57 0 Role: 0
0 45 49 51 56 60 64 71 77 9 10 15 17 21 22 27 30 63 68 70 78 89 94 198 0 Role: 0
0 43 98 108 113 115 136 144 152 13 28 31 66 0 Role: 0
0 7 114 53 32 83 80 24 90 100 105 112 110 111 109 149 1 131 185 160 81 0 Role: 0
0 12 26 166 184 190 195 101 107 121 127 146 158 167 0 Role: 0
0 35 3 5 19 16 11 48 20 23 142 182 119 178 102 126 0 Role: 0
0 14 29 40 41 46 47 50 52 116 177 0 Role: 0
0 74 0 Role: 1
0 148 0 Role: 1
0 18 62 0 Role: 2
0 67 175 0 Role: 2
0 73 95 0 Role: 2
0 99 42 0 Role: 3
0 187 193 0 Role: 3
0 55 0 Role: 3
0 154 138 65 0 Role: 4
0 150 163 0 Role: 4

Số khách: 36
Chi phí: 1.85186e+07
0 130 19 171 0 Role: 0
0 62 2 183 69 0 Role: 0
0 18 193 0 Role: 0
0 116 185 0 Role: 0
0 196 0 Role: 0
0 63 0 Role: 0
0 148 184 81 0 Role: 0
0 135 113 78 92 199 0 Role: 0
0 187 99 0 Role: 1
0 55 0 Role: 1
0 87 65 163 0 Role: 1
0 138 42 0 Role: 1
0 74 67 0 Role: 2
0 95 73 0 Role: 2
0 150 0 Role: 2
0 175 154 0 Role: 2

Số khách: 132
Chi phí: 4.08115e+07
0 162 107 30 199 180 0 Role: 0
0 124 66 174 93 94 8 126 102 135 57 33 97 0 Role: 0
0 12 25 34 37 38 49 51 64 69 72 91 92 159 43 63 68 70 76 0 Role: 0
0 35 3 5 19 16 11 48 20 23 142 178 167 198 87 0 Role: 0
0 6 10 9 15 36 59 54 44 2 4 22 13 27 152 81 119 182 0 Role: 0
0 14 41 46 52 50 40 29 101 47 39 121 116 127 146 158 28 31 177 55 0 Role: 0
0 7 114 53 32 83 80 24 90 100 105 112 110 111 160 109 149 1 131 185 78 89 0 Role: 0
0 56 171 21 17 166 26 144 84 86 0 Role: 0
0 74 67 0 Role: 1
0 95 73 0 Role: 1
0 154 175 0 Role: 1
0 62 163 0 Role: 2
0 150 187 0 Role: 2
0 193 42 99 0 Role: 2
0 148 18 65 138 0 Role: 3

Số khách: 69
Chi phí: 2.7711e+07
0 31 57 159 136 1 94 184 193 0 Role: 0
0 66 196 3 152 78 198 42 0 Role: 0
0 68 116 33 11 13 28 22 112 4 76 89 0 Role: 0
0 82 48 81 97 70 5 185 2 26 0 Role: 0
0 190 8 20 87 23 63 27 39 102 126 0 Role: 0
0 6 7 9 10 14 0 Role: 0
0 12 0 Role: 0
0 16 0 Role: 0
0 95 0 Role: 1
0 148 62 65 0 Role: 1
0 67 175 154 0 Role: 2
0 73 99 18 0 Role: 2
0 163 138 0 Role: 2
0 135 0 Role: 2
0 55 187 0 Role: 2
0 150 0 Role: 2
0 74 0 Role: 3

Số khách: 57
Chi phí: 2.34695e+07
0 157 109 107 27 0 Role: 0
0 87 124 78 178 115 81 167 180 0 Role: 0
0 30 0 Role: 0
0 61 168 44 91 28 54 4 35 187 48 126 76 0 Role: 0
0 11 0 Role: 0
0 16 121 159 93 199 116 190 86 135 0 Role: 0
0 84 111 0 Role: 0
0 169 39 186 0 Role: 0
0 175 67 0 Role: 1
0 138 55 65 0 Role: 1
0 150 163 0 Role: 1
0 99 42 193 0 Role: 1
0 74 148 0 Role: 2
0 18 62 0 Role: 2
0 95 73 0 Role: 2
0 154 0 Role: 2

Số khách: 140
Chi phí: 4.21945e+07
0 12 26 166 184 190 195 27 43 63 68 70 89 94 55 0 Role: 0
0 56 60 49 45 64 51 5 3 11 16 19 39 48 78 119 20 126 23 35 182 87 0 Role: 0
0 38 84 86 44 72 59 54 69 199 135 2 4 13 22 28 31 66 102 0 Role: 0
0 146 127 121 101 21 107 29 30 116 158 167 198 99 0 Role: 0
0 34 25 36 37 75 6 82 88 91 92 93 123 174 180 124 159 8 33 76 57 0 Role: 0
0 7 9 10 14 15 17 40 41 46 47 50 52 142 152 177 0 Role: 0
0 114 53 32 83 80 24 90 100 105 112 110 111 109 149 1 131 185 160 81 97 0 Role: 0
0 58 61 71 0 Role: 0
0 74 0 Role: 1
0 148 18 42 0 Role: 1
0 154 138 65 0 Role: 2
0 150 163 0 Role: 2
0 62 73 0 Role: 3
0 67 175 0 Role: 3
0 95 187 0 Role: 3
0 193 0 Role: 3

Số khách: 45
Chi phí: 1.95207e+07
0 66 116 39 160 135 0 Role: 0
0 24 0 Role: 0
0 152 81 1 167 80 33 177 22 0 Role: 0
0 43 0 Role: 0
0 170 0 Role: 0
0 91 0 Role: 0
0 63 102 0 Role: 0
0 87 4 140 53 27 13 121 94 0 Role: 0
0 99 42 0 Role: 1
0 187 193 0 Role: 1
0 55 0 Role: 1
0 154 138 65 0 Role: 2
0 150 163 0 Role: 2
0 95 73 0 Role: 3
0 74 148 0 Role: 3
0 175 67 0 Role: 3
0 18 0 Role: 3
0 62 0 Role: 3

Số khách: 62
Chi phí: 2.53124e+07
0 52 78 26 0 Role: 0
0 175 15 1 50 194 142 0 Role: 0
0 19 146 91 44 178 102 0 Role: 0
0 74 156 70 160 116 195 30 69 99 66 57 0 Role: 0
0 89 33 115 132 83 48 166 150 4 0 Role: 0
0 71 120 0 Role: 0
0 24 90 84 129 131 93 174 0 Role: 0
0 53 139 0 Role: 0
0 62 65 0 Role: 1
0 187 138 0 Role: 1
0 87 42 0 Role: 1
0 55 0 Role: 1
0 193 0 Role: 1
0 135 0 Role: 1
0 95 73 0 Role: 2
0 67 154 0 Role: 2
0 18 163 0 Role: 2
0 148 0 Role: 3

Số khách: 85
Chi phí: 2.94911e+07
0 111 8 21 1 149 39 116 199 63 55 0 Role: 0
0 138 4 145 54 22 31 28 13 26 57 66 0 Role: 0
0 56 12 171 92 27 69 91 86 84 99 180 76 102 0 Role: 0
0 35 3 5 19 16 11 48 20 23 142 178 119 182 126 198 167 94 89 0 Role: 0
0 152 97 121 33 70 78 2 42 0 Role: 0
0 6 7 9 10 0 Role: 0
0 14 0 Role: 0
0 15 17 29 30 0 Role: 0
0 150 187 65 0 Role: 1
0 87 163 0 Role: 1
0 193 0 Role: 1
0 135 0 Role: 1
0 148 18 73 0 Role: 2
0 74 67 0 Role: 2
0 175 154 0 Role: 2
0 95 0 Role: 2
0 62 0 Role: 3

Số khách: 141
Chi phí: 4.38721e+07
0 12 26 166 184 190 195 27 43 63 68 70 89 94 55 0 Role: 0
0 114 53 32 83 80 24 90 100 105 112 110 111 109 149 1 131 185 160 81 97 8 0 Role: 0
0 146 127 121 101 21 107 29 30 116 158 167 198 99 57 0 Role: 0
0 7 9 10 14 15 17 40 41 46 47 50 52 142 152 177 76 0 Role: 0
0 38 84 86 44 72 59 54 69 199 135 2 4 13 22 28 31 66 102 0 Role: 0
0 58 61 71 33 65 91 92 93 123 124 159 174 180 0 Role: 0
0 56 60 49 45 64 51 5 3 11 16 19 39 48 78 119 20 126 23 35 182 87 0 Role: 0
0 6 25 34 36 37 75 77 88 115 0 Role: 0
0 62 73 0 Role: 1
0 67 175 138 0 Role: 1
0 95 187 0 Role: 1
0 193 0 Role: 1
0 74 0 Role: 2
0 148 18 42 0 Role: 2
0 150 163 0 Role: 3
0 154 0 Role: 4

Số khách: 49
Chi phí: 2.2701e+07
0 161 94 72 91 63 0 Role: 0
0 66 157 160 189 0 Role: 0
0 9 0 Role: 0
0 187 0 Role: 0
0 168 19 128 185 178 0 Role: 0
0 89 1 47 69 0 Role: 0
0 46 191 8 21 29 167 0 Role: 0
0 179 137 97 158 0 Role: 0
0 67 138 65 0 Role: 1
0 99 163 0 Role: 1
0 42 193 0 Role: 1
0 87 0 Role: 1
0 55 0 Role: 1
0 135 0 Role: 1
0 148 18 73 0 Role: 2
0 175 154 0 Role: 2
0 62 0 Role: 2
0 150 0 Role: 2
0 95 0 Role: 2
0 74 0 Role: 3

Số khách: 129
Chi phí: 3.83535e+07
0 7 16 6 19 9 15 10 17 196 20 182 23 180 174 43 27 152 33 8 57 0 Role: 0
0 83 32 53 80 24 90 100 112 105 110 111 160 109 149 81 97 1 131 185 13 76 22 31 28 0 Role: 0
0 56 171 3 5 21 11 30 69 91 124 63 68 119 0 Role: 0
0 14 41 46 52 50 40 29 101 47 107 177 158 146 116 121 39 127 167 198 66 0 Role: 0
0 87 38 12 34 25 36 37 55 42 99 84 178 142 86 0 Role: 0
0 135 113 26 78 48 89 70 92 199 126 102 0 Role: 0
0 2 4 35 93 123 159 187 0 Role: 0
0 44 54 59 72 144 166 0 Role: 0
0 148 62 73 0 Role: 1
0 74 65 0 Role: 2
0 67 154 138 0 Role: 3
0 175 0 Role: 3
0 18 150 0 Role: 4
0 95 0 Role: 4
0 163 193 0 Role: 4

Số khách: 143
Chi phí: 4.59648e+07
0 34 25 36 37 75 6 82 88 91 92 93 123 174 180 124 159 8 33 76 57 0 Role: 0
0 38 44 54 59 13 22 72 84 87 0 Role: 0
0 146 127 121 101 21 107 29 30 116 158 167 198 28 31 55 66 0 Role: 0
0 12 26 166 184 190 195 27 43 63 68 70 89 94 102 0 Role: 0
0 114 53 32 83 80 24 90 100 105 112 110 111 109 149 1 131 185 160 81 97 0 Role: 0
0 58 61 71 77 98 108 2 4 42 69 86 99 0 Role: 0
0 56 60 49 45 64 51 5 3 11 16 19 39 48 78 119 20 126 23 35 182 135 0 Role: 0
0 196 7 9 10 14 15 17 40 41 46 47 50 52 142 152 177 0 Role: 0
0 74 0 Role: 1
0 148 187 65 0 Role: 1
0 18 62 0 Role: 2
0 67 175 154 0 Role: 2
0 73 95 0 Role: 2
0 193 0 Role: 3
0 138 163 0 Role: 4
0 150 0 Role: 4

Số khách: 75
Chi phí: 2.90356e+07
0 161 8 94 1 72 28 57 91 63 66 0 Role: 0
0 89 168 19 13 128 22 185 76 178 0 Role: 0
0 110 112 31 70 33 30 116 142 26 81 97 0 Role: 0
0 4 2 0 Role: 0
0 3 5 11 16 20 27 35 43 68 78 102 126 182 0 Role: 0
0 6 7 0 Role: 0
0 10 14 9 15 21 17 0 Role: 0
0 12 24 0 Role: 0
0 148 18 73 0 Role: 1
0 175 154 0 Role: 1
0 62 0 Role: 1
0 150 187 0 Role: 1
0 95 0 Role: 1
0 67 138 65 0 Role: 2
0 99 163 0 Role: 2
0 42 193 0 Role: 2
0 87 0 Role: 2
0 55 0 Role: 2
0 135 0 Role: 2
0 74 0 Role: 3

Số khách: 48
Chi phí: 2.14018e+07
0 179 62 0 Role: 0
0 167 195 182 42 0 Role: 0
0 54 145 138 0 Role: 0
0 124 35 57 132 33 48 191 184 144 131 55 126 0 Role: 0
0 27 0 Role: 0
0 39 21 149 111 116 199 63 0 Role: 0
0 90 121 0 Role: 0
0 99 102 0 Role: 0
0 150 187 65 0 Role: 1
0 87 163 0 Role: 1
0 193 0 Role: 1
0 135 0 Role: 1
0 148 18 73 0 Role: 2
0 74 67 0 Role: 2
0 175 154 0 Role: 2
0 95 0 Role: 2

Số khách: 145
Chi phí: 4.71375e+07
0 34 25 36 37 75 6 82 88 91 92 93 123 174 180 124 87 159 76 8 33 57 0 Role: 0
0 43 98 108 113 115 136 144 152 13 28 31 66 0 Role: 0
0 35 3 5 19 16 11 48 20 23 142 182 119 178 102 126 0 Role: 0
0 38 84 86 44 72 59 54 69 199 135 2 4 0 Role: 0
0 7 114 53 32 83 80 24 90 100 105 112 110 111 109 149 1 131 185 160 81 0 Role: 0
0 14 41 46 52 50 40 29 101 47 107 177 158 146 116 121 39 127 167 198 0 Role: 0
0 45 49 51 56 60 64 71 77 9 10 15 17 21 22 27 30 63 68 70 78 89 94 0 Role: 0
0 12 26 166 184 190 195 0 Role: 0
0 154 138 65 0 Role: 1
0 150 163 0 Role: 1
0 99 42 0 Role: 2
0 187 193 0 Role: 2
0 55 0 Role: 2
0 18 62 0 Role: 3
0 67 175 0 Role: 3
0 73 95 0 Role: 3
0 74 0 Role: 4
0 148 0 Role: 4

Số khách: 121
Chi phí: 3.66941e+07
0 68 35 18 193 86 178 119 0 Role: 0
0 7 16 6 19 9 15 10 17 196 20 182 23 180 174 43 27 152 0 Role: 0
0 83 32 53 80 24 90 100 112 105 110 111 160 109 149 81 97 1 131 185 0 Role: 0
0 2 8 33 13 28 31 22 4 63 57 76 0 Role: 0
0 135 113 26 78 48 89 70 92 199 94 126 102 0 Role: 0
0 14 41 46 52 50 40 29 101 47 107 177 158 146 116 121 39 127 167 198 66 0 Role: 0
0 87 38 12 34 25 36 37 55 42 99 84 142 0 Role: 0
0 56 171 3 5 21 11 30 69 91 124 0 Role: 0
0 67 154 138 0 Role: 1
0 175 0 Role: 1
0 74 65 0 Role: 2
0 148 62 73 0 Role: 3
0 95 187 0 Role: 4
0 150 163 0 Role: 4

Số khách: 117
Chi phí: 3.61335e+07
0 68 35 18 193 178 86 0 Role: 0
0 14 41 46 52 50 40 29 101 47 107 177 158 146 116 121 39 127 167 198 66 0 Role: 0
0 7 16 6 19 9 15 10 17 196 20 182 23 180 174 43 27 152 0 Role: 0
0 87 38 12 34 25 36 37 55 42 99 84 142 0 Role: 0
0 2 8 33 13 28 31 22 4 63 57 76 0 Role: 0
0 135 113 26 78 48 89 70 92 199 94 126 102 0 Role: 0
0 83 32 53 80 24 90 100 112 105 110 111 160 109 149 81 97 1 131 185 0 Role: 0
0 3 5 11 21 30 69 91 0 Role: 0
0 148 62 73 0 Role: 1
0 67 154 138 0 Role: 2
0 175 0 Role: 2
0 65 150 163 0 Role: 3
0 187 0 Role: 3
0 74 0 Role: 4
0 95 0 Role: 4

Số khách: 38
Chi phí: 1.90459e+07
0 196 101 17 198 193 0 Role: 0
0 72 8 0 Role: 0
0 180 0 Role: 0
0 56 171 0 Role: 0
0 11 21 0 Role: 0
0 148 161 10 32 0 Role: 0
0 2 69 0 Role: 0
0 31 28 0 Role: 0
0 187 99 0 Role: 1
0 55 163 65 0 Role: 1
0 138 42 0 Role: 1
0 135 0 Role: 1
0 87 0 Role: 1
0 18 62 0 Role: 2
0 73 150 0 Role: 2
0 175 154 0 Role: 2
0 95 0 Role: 2
0 74 67 0 Role: 3

Số khách: 61
Chi phí: 2.51266e+07
0 86 173 80 107 0 Role: 0
0 54 177 3 146 167 8 102 187 0 Role: 0
0 127 149 69 199 193 0 Role: 0
0 194 15 147 30 112 174 0 Role: 0
0 162 9 16 81 140 50 48 111 0 Role: 0
0 159 13 185 33 0 Role: 0
0 152 0 Role: 0
0 6 101 183 121 57 43 124 87 0 Role: 0
0 99 138 65 0 Role: 1
0 135 0 Role: 1
0 150 163 0 Role: 1
0 42 0 Role: 1
0 55 0 Role: 1
0 67 0 Role: 2
0 175 154 0 Role: 2
0 18 62 0 Role: 2
0 95 0 Role: 2
0 148 73 0 Role: 3
0 74 0 Role: 3

Số khách: 74
Chi phí: 2.82277e+07
0 3 11 151 1 47 50 52 182 84 101 127 167 198 89 0 Role: 0
0 6 7 9 2 5 13 22 27 28 31 76 87 0 Role: 0
0 4 35 43 30 70 97 81 48 78 119 0 Role: 0
0 124 66 174 93 94 8 126 102 135 57 33 131 185 0 Role: 0
0 10 0 Role: 0
0 12 14 0 Role: 0
0 15 16 17 0 Role: 0
0 19 0 Role: 0
0 187 0 Role: 1
0 74 148 0 Role: 2
0 18 62 0 Role: 2
0 95 73 0 Role: 2
0 154 0 Role: 2
0 175 67 0 Role: 3
0 138 55 65 0 Role: 3
0 150 163 0 Role: 3
0 99 42 193 0 Role: 3

Số khách: 107
Chi phí: 3.41713e+07
0 68 2 78 33 13 28 22 43 4 87 102 0 Role: 0
0 82 144 194 8 160 39 72 59 76 66 55 94 1 70 81 97 0 Role: 0
0 98 63 196 133 57 185 27 26 126 89 31 0 Role: 0
0 7 16 6 19 9 15 10 17 20 46 47 50 52 101 116 121 127 146 158 177 131 0 Role: 0
0 86 198 167 69 30 109 48 119 182 0 Role: 0
0 18 41 44 91 107 92 54 93 110 135 174 180 99 0 Role: 0
0 12 25 3 5 11 21 23 35 42 84 124 0 Role: 0
0 14 0 Role: 0
0 62 73 0 Role: 1
0 67 175 138 0 Role: 1
0 95 187 65 0 Role: 1
0 193 0 Role: 1
0 74 148 0 Role: 2
0 150 163 0 Role: 2
0 154 0 Role: 3

Số khách: 104
Chi phí: 3.33621e+07
0 119 20 8 101 81 1 33 159 57 0 Role: 0
0 2 89 27 13 28 31 22 4 63 66 102 0 Role: 0
0 161 48 70 131 107 185 76 69 26 0 Role: 0
0 74 39 94 78 126 187 193 0 Role: 0
0 68 140 97 5 3 92 146 43 35 0 Role: 0
0 9 14 10 17 21 11 19 16 23 84 86 167 109 182 0 Role: 0
0 56 75 77 40 98 100 54 59 72 105 110 158 127 121 111 124 180 174 0 Role: 0
0 24 32 15 36 112 29 30 91 142 198 0 Role: 0
0 148 62 0 Role: 1
0 95 0 Role: 1
0 175 154 138 0 Role: 1
0 150 0 Role: 1
0 73 55 99 0 Role: 2
0 18 65 87 0 Role: 2
0 163 42 0 Role: 2
0 135 0 Role: 2
0 67 0 Role: 3

Số khách: 125
Chi phí: 3.79024e+07
0 38 12 34 25 36 37 59 54 44 72 91 93 123 68 119 142 0 Role: 0
0 14 41 46 52 50 40 29 101 47 107 177 158 146 116 121 39 127 167 198 66 0 Role: 0
0 2 8 33 13 28 31 22 4 63 57 76 0 Role: 0
0 84 21 11 5 3 30 69 35 124 0 Role: 0
0 7 16 6 19 9 15 10 17 196 20 182 23 180 174 43 27 152 0 Role: 0
0 135 113 26 78 48 89 70 92 199 94 126 102 0 Role: 0
0 114 53 32 83 80 24 90 100 105 112 110 111 109 149 1 131 185 160 81 97 0 Role: 0
0 45 0 Role: 0
0 187 99 0 Role: 1
0 55 18 0 Role: 1
0 87 65 163 0 Role: 1
0 138 42 0 Role: 1
0 62 0 Role: 2
0 74 67 0 Role: 3
0 95 73 0 Role: 3
0 150 0 Role: 3
0 175 154 0 Role: 3
0 148 193 0 Role: 4

Số khách: 111
Chi phí: 3.55001e+07
0 35 4 43 30 70 97 81 48 8 66 0 Role: 0
0 157 109 33 27 107 13 28 31 22 57 76 94 89 0 Role: 0
0 14 15 10 19 39 17 20 23 142 160 174 0 Role: 0
0 135 86 190 121 16 116 159 199 93 26 126 63 87 102 0 Role: 0
0 41 46 6 7 9 21 72 29 69 91 146 158 92 177 112 0 Role: 0
0 3 11 151 1 47 50 52 182 84 101 127 167 198 0 Role: 0
0 68 75 78 119 2 131 5 185 110 124 180 0 Role: 0
0 12 24 32 36 40 44 0 Role: 0
0 74 148 0 Role: 1
0 18 62 0 Role: 1
0 95 73 0 Role: 1
0 154 0 Role: 1
0 175 67 0 Role: 2
0 138 55 65 0 Role: 2
0 150 163 0 Role: 2
0 99 42 193 0 Role: 2
0 187 0 Role: 3

Số khách: 92
Chi phí: 3.08758e+07
0 3 5 107 39 70 11 27 30 35 81 89 126 0 Role: 0
0 86 84 94 68 63 139 110 43 23 119 182 0 Role: 0
0 167 116 127 185 121 101 109 142 55 0 Role: 0
0 112 91 2 20 46 178 50 47 97 158 177 0 Role: 0
0 160 198 69 76 92 93 124 0 Role: 0
0 175 187 48 131 72 146 159 4 180 199 0 Role: 0
0 80 149 8 102 0 Role: 0
0 26 78 52 33 1 13 28 31 22 57 174 66 0 Role: 0
0 74 138 0 Role: 1
0 87 42 99 0 Role: 1
0 135 0 Role: 1
0 193 0 Role: 1
0 62 65 0 Role: 2
0 150 163 0 Role: 2
0 67 154 0 Role: 3
0 73 95 0 Role: 3
0 148 0 Role: 4

Số khách: 94
Chi phí: 3.21777e+07
0 66 180 4 22 13 33 8 55 0 Role: 0
0 43 2 70 27 5 57 76 69 35 0 Role: 0
0 31 3 81 39 28 94 26 102 0 Role: 0
0 63 16 19 11 21 48 20 42 23 87 182 126 0 Role: 0
0 68 196 17 97 101 198 84 86 193 0 Role: 0
0 7 114 53 32 83 80 24 90 100 105 112 110 111 160 109 149 1 131 185 78 89 0 Role: 0
0 6 9 10 14 15 29 30 91 92 0 Role: 0
0 12 25 34 0 Role: 0
0 18 62 0 Role: 1
0 150 0 Role: 1
0 175 154 138 0 Role: 1
0 95 65 0 Role: 1
0 67 74 99 0 Role: 2
0 135 0 Role: 2
0 163 0 Role: 2
0 187 0 Role: 2
0 148 0 Role: 3

Số khách: 88
Chi phí: 3.01036e+07
0 18 38 34 25 37 53 51 49 62 80 83 146 158 121 101 88 177 93 110 8 48 178 142 135 76 185 0 Role: 0
0 89 45 26 2 23 4 70 39 81 0 Role: 0
0 22 28 3 13 5 107 27 1 33 66 57 0 Role: 0
0 12 7 16 6 19 11 17 20 30 35 43 63 68 78 126 102 87 0 Role: 0
0 9 0 Role: 0
0 41 14 15 10 21 29 0 Role: 0
0 24 0 Role: 0
0 32 0 Role: 0
0 74 148 0 Role: 1
0 95 187 73 0 Role: 1
0 154 0 Role: 1
0 175 67 0 Role: 2
0 138 55 65 0 Role: 2
0 150 163 0 Role: 2
0 99 42 193 0 Role: 2

Số khách: 101
Chi phí: 3.30351e+07
0 135 26 178 121 127 146 158 174 180 8 66 55 0 Role: 0
0 43 199 3 112 23 87 63 159 27 57 31 28 70 76 0 Role: 0
0 84 14 21 11 5 29 35 99 42 124 13 131 33 89 78 126 182 102 0 Role: 0
0 4 6 101 107 177 22 91 68 2 185 81 1 94 0 Role: 0
0 7 34 9 15 10 16 19 17 20 46 48 52 50 47 116 92 97 39 0 Role: 0
0 12 0 Role: 0
0 86 24 30 69 0 Role: 0
0 25 32 36 40 41 44 0 Role: 0
0 18 62 138 0 Role: 1
0 95 187 65 0 Role: 1
0 150 163 0 Role: 1
0 193 0 Role: 1
0 74 67 0 Role: 2
0 73 154 0 Role: 2
0 175 0 Role: 2
0 148 0 Role: 3

Số khách: 98
Chi phí: 3.27694e+07
0 80 167 33 1 81 152 177 22 2 4 66 31 57 8 0 Role: 0
0 56 60 49 45 64 51 5 3 11 16 19 39 48 78 119 20 126 23 35 182 135 97 0 Role: 0
0 12 26 166 184 190 195 27 43 63 68 70 89 94 102 0 Role: 0
0 6 7 9 10 13 0 Role: 0
0 14 15 0 Role: 0
0 86 84 17 21 29 28 30 76 69 107 131 0 Role: 0
0 41 24 46 40 36 32 44 0 Role: 0
0 25 34 37 38 0 Role: 0
0 95 73 0 Role: 1
0 74 148 0 Role: 1
0 175 67 0 Role: 1
0 18 87 0 Role: 1
0 62 0 Role: 1
0 154 138 65 0 Role: 2
0 150 163 0 Role: 2
0 99 42 0 Role: 3
0 187 193 0 Role: 3
0 55 0 Role: 3

Số khách: 109
Chi phí: 3.48277e+07
0 84 14 21 11 5 29 35 99 42 124 13 131 33 89 78 126 102 0 Role: 0
0 135 26 178 121 127 146 158 174 180 0 Role: 0
0 82 144 194 8 160 39 72 59 76 66 55 94 1 70 81 97 0 Role: 0
0 43 199 3 112 23 87 63 159 27 57 0 Role: 0
0 4 6 101 107 177 22 91 68 2 185 0 Role: 0
0 31 28 54 93 110 123 149 142 0 Role: 0
0 86 198 167 69 30 109 48 119 182 0 Role: 0
0 7 34 9 15 10 16 19 17 20 46 52 50 47 92 116 0 Role: 0
0 74 148 65 0 Role: 1
0 18 62 138 0 Role: 2
0 95 187 0 Role: 2
0 150 163 0 Role: 2
0 193 0 Role: 2
0 67 154 0 Role: 3
0 73 0 Role: 3
0 175 0 Role: 3

Số khách: 90
Chi phí: 3.06343e+07
0 157 109 33 27 107 13 28 31 22 57 0 Role: 0
0 4 35 43 30 70 97 81 48 0 Role: 0
0 135 86 190 121 16 116 159 199 93 26 126 63 87 102 0 Role: 0
0 82 144 194 8 160 39 72 59 76 66 89 94 0 Role: 0
0 68 145 75 78 119 2 131 5 185 0 Role: 0
0 3 11 151 1 47 50 52 182 84 101 127 167 198 0 Role: 0
0 6 7 9 0 Role: 0
0 10 14 15 0 Role: 0
0 74 148 0 Role: 1
0 18 62 0 Role: 1
0 95 73 0 Role: 1
0 154 0 Role: 1
0 175 67 0 Role: 2
0 138 55 65 0 Role: 2
0 150 163 0 Role: 2
0 99 42 193 0 Role: 2
0 187 0 Role: 3

Số khách: 96
Chi phí: 3.23512e+07
0 35 3 5 19 16 11 48 20 23 142 178 119 182 126 102 55 0 Role: 0
0 14 9 43 15 10 39 21 17 26 68 70 185 76 0 Role: 0
0 80 167 33 1 81 152 177 22 30 78 89 109 97 131 94 0 Role: 0
0 8 2 91 27 13 28 31 57 4 63 174 180 66 87 0 Role: 0
0 6 7 12 24 0 Role: 0
0 25 29 40 41 46 47 50 52 69 86 127 0 Role: 0
0 32 36 44 54 0 Role: 0
0 34 0 Role: 0
0 95 73 0 Role: 1
0 74 148 0 Role: 1
0 175 67 0 Role: 1
0 18 99 0 Role: 1
0 62 65 0 Role: 1
0 42 0 Role: 2
0 135 0 Role: 2
0 187 193 0 Role: 2
0 138 154 0 Role: 3
0 150 163 0 Role: 3

Số khách: 126
Chi phí: 3.80469e+07
0 66 35 18 68 178 119 86 193 0 Role: 0
0 114 53 32 83 80 24 90 100 105 112 110 111 109 149 1 131 185 160 81 97 0 Role: 0
0 84 21 11 107 5 3 30 69 124 0 Role: 0
0 7 16 6 19 9 15 10 17 196 20 182 23 180 174 43 27 167 198 142 0 Role: 0
0 38 12 34 25 36 37 59 54 44 72 177 93 123 91 158 127 39 101 152 0 Role: 0
0 2 8 33 13 28 31 22 4 63 57 76 0 Role: 0
0 135 113 26 78 48 89 70 92 199 94 126 102 0 Role: 0
0 14 29 40 41 46 47 50 52 116 121 146 159 0 Role: 0
0 187 99 0 Role: 1
0 55 0 Role: 1
0 87 65 163 0 Role: 1
0 138 42 0 Role: 1
0 73 0 Role: 2
0 67 154 0 Role: 2
0 95 0 Role: 2
0 150 0 Role: 2
0 175 0 Role: 2
0 74 0 Role: 3
0 148 0 Role: 3

Số khách: 110
Chi phí: 3.53772e+07
0 8 140 1 146 28 92 31 22 57 66 0 Role: 0
0 89 70 33 13 76 4 2 26 102 0 Role: 0
0 86 198 167 69 30 109 48 119 182 94 126 0 Role: 0
0 7 16 6 19 9 15 10 17 20 46 178 52 50 47 101 97 39 63 142 0 Role: 0
0 56 12 171 53 40 36 32 49 24 80 83 105 43 111 78 88 149 27 0 Role: 0
0 3 5 11 21 0 Role: 0
0 68 14 23 35 127 185 107 81 131 0 Role: 0
0 41 25 54 59 29 72 44 84 124 174 0 Role: 0
0 148 62 0 Role: 1
0 95 187 0 Role: 1
0 175 154 138 0 Role: 1
0 150 0 Role: 1
0 73 55 99 0 Role: 2
0 18 65 87 0 Role: 2
0 163 42 0 Role: 2
0 135 0 Role: 2
0 74 67 0 Role: 3
0 193 0 Role: 3

Số khách: 39
Chi phí: 1.92274e+07
0 177 159 92 3 0 Role: 0
0 126 150 0 Role: 0
0 44 0 Role: 0
0 66 105 61 117 121 0 Role: 0
0 86 0 Role: 0
0 166 101 142 0 Role: 0
0 2 119 135 0 Role: 0
0 130 56 0 Role: 0
0 148 67 138 0 Role: 1
0 42 99 87 0 Role: 1
0 55 187 0 Role: 1
0 193 0 Role: 1
0 175 154 0 Role: 2
0 62 18 65 0 Role: 2
0 163 0 Role: 2
0 95 0 Role: 3
0 74 0 Role: 3
0 73 0 Role: 3

Số khách: 161
Chi phí: 5.09709e+07
0 34 37 49 51 53 54 59 72 92 93 110 112 116 142 160 174 0 Role: 0
0 4 36 7 6 1 40 41 24 44 8 66 57 22 31 28 13 43 48 78 89 94 97 0 Role: 0
0 32 82 83 88 128 195 2 26 39 70 109 185 0 Role: 0
0 9 10 14 15 16 17 19 20 27 30 35 63 68 86 119 198 0 Role: 0
0 60 38 143 129 71 80 64 77 90 98 113 100 123 105 115 152 149 178 111 144 159 199 76 158 146 81 33 55 102 0 Role: 0
0 56 45 85 75 120 108 104 122 124 18 84 46 52 50 29 107 131 101 47 167 0 Role: 0
0 91 127 121 11 21 5 3 69 23 177 180 182 126 0 Role: 0
0 12 25 96 58 61 117 106 114 118 125 133 132 136 162 139 0 Role: 0
0 67 138 0 Role: 1
0 95 0 Role: 1
0 150 0 Role: 1
0 163 0 Role: 1
0 42 99 87 0 Role: 2
0 135 0 Role: 2
0 187 193 0 Role: 2
0 74 65 0 Role: 3
0 148 62 73 0 Role: 4
0 154 175 0 Role: 5

Số khách: 143
Chi phí: 4.20166e+07
0 60 38 143 129 71 80 64 77 90 98 113 100 123 105 115 152 149 178 111 144 126 102 159 199 76 158 146 81 89 94 0 Role: 0
0 9 19 16 10 14 20 46 47 50 52 70 27 185 107 131 39 101 109 33 55 0 Role: 0
0 135 86 68 160 11 29 3 30 35 174 0 Role: 0
0 4 36 7 6 1 40 41 24 44 8 91 66 57 22 31 28 13 127 121 142 119 182 0 Role: 0
0 12 15 21 17 198 23 180 92 116 43 63 97 0 Role: 0
0 49 25 34 37 53 51 59 54 65 72 112 162 93 110 69 87 124 177 0 Role: 0
0 150 32 5 167 48 78 26 84 2 0 Role: 0
0 56 82 62 83 130 128 88 195 0 Role: 0
0 148 18 0 Role: 1
0 74 67 0 Role: 2
0 95 187 73 0 Role: 3
0 138 163 193 0 Role: 3
0 99 42 0 Role: 3
0 154 175 0 Role: 4

Số khách: 137
Chi phí: 3.86149e+07
0 35 43 63 94 89 48 78 26 2 97 0 Role: 0
0 162 54 59 72 151 167 180 87 0 Role: 0
0 4 36 7 6 1 40 41 24 44 8 91 66 57 22 31 28 13 127 121 142 119 182 198 0 Role: 0
0 60 38 143 129 71 80 64 77 90 98 113 100 123 105 115 152 149 178 111 144 126 102 159 199 76 158 146 81 0 Role: 0
0 9 19 16 10 14 20 46 47 50 52 70 27 185 107 131 39 101 109 33 55 0 Role: 0
0 82 83 32 88 195 69 92 93 110 112 124 0 Role: 0
0 84 86 135 68 11 5 29 3 30 160 174 99 0 Role: 0
0 56 12 130 15 17 21 116 23 42 177 0 Role: 0
0 148 18 65 138 0 Role: 1
0 62 0 Role: 2
0 67 154 0 Role: 2
0 73 95 187 0 Role: 2
0 150 163 0 Role: 2
0 193 0 Role: 2
0 74 0 Role: 3
0 175 0 Role: 3

Số khách: 155
Chi phí: 4.70785e+07
0 49 25 34 37 53 51 59 54 65 72 112 162 93 110 69 87 124 177 0 Role: 0
0 150 32 5 167 48 78 26 84 2 23 43 63 97 0 Role: 0
0 60 38 143 129 71 80 64 77 90 98 113 100 123 105 115 152 149 178 111 144 126 102 159 199 76 158 146 81 89 94 0 Role: 0
0 9 19 16 10 14 20 46 47 50 52 70 27 185 107 131 39 101 109 33 55 0 Role: 0
0 4 36 7 6 1 40 41 24 44 8 91 66 57 22 31 28 13 127 121 142 119 182 198 0 Role: 0
0 135 86 68 160 11 29 3 30 35 174 116 180 0 Role: 0
0 130 56 12 15 17 21 83 88 92 195 0 Role: 0
0 45 58 61 75 82 104 108 120 122 128 132 136 139 190 0 Role: 0
0 74 67 0 Role: 1
0 95 187 73 0 Role: 2
0 138 163 193 0 Role: 2
0 99 42 0 Role: 2
0 148 18 0 Role: 3
0 62 154 0 Role: 4
0 175 0 Role: 4

Số khách: 156
Chi phí: 5.05159e+07
0 91 127 121 11 21 5 3 69 23 177 180 182 126 0 Role: 0
0 60 38 143 129 71 80 64 77 90 98 113 100 123 105 115 152 149 178 111 144 159 199 76 158 146 81 33 55 102 0 Role: 0
0 4 36 7 6 1 40 41 24 44 8 66 57 22 31 28 13 43 48 78 89 94 97 0 Role: 0
0 56 45 85 75 120 108 104 122 124 132 136 139 110 93 162 112 92 116 142 86 119 198 0 Role: 0
0 32 82 83 88 128 195 2 26 39 70 109 185 0 Role: 0
0 188 118 148 9 10 14 15 16 17 19 20 27 30 35 63 68 87 174 0 Role: 0
0 49 106 29 46 47 50 52 84 101 107 131 167 0 Role: 0
0 12 25 34 37 51 53 54 59 72 135 145 160 0 Role: 0
0 67 74 0 Role: 1
0 73 95 187 0 Role: 1
0 150 18 65 0 Role: 1
0 163 42 99 0 Role: 1
0 62 138 0 Role: 2
0 154 175 0 Role: 2
0 193 0 Role: 2

Số khách: 145
Chi phí: 4.51728e+07
0 60 38 143 129 71 80 64 77 90 98 113 100 123 105 115 152 149 178 111 144 126 102 159 199 76 158 146 81 0 Role: 0
0 130 56 12 15 17 29 30 92 116 180 87 124 0 Role: 0
0 32 2 5 26 48 89 94 97 0 Role: 0
0 9 19 16 10 14 20 46 47 50 52 70 27 185 107 131 39 101 109 33 55 0 Role: 0
0 4 36 7 6 1 40 41 24 44 8 91 66 57 22 31 28 13 127 121 142 119 182 198 0 Role: 0
0 86 3 11 21 23 35 43 63 68 84 135 160 167 174 0 Role: 0
0 25 34 37 49 51 53 54 59 65 69 72 93 110 112 0 Role: 0
0 45 58 61 67 74 82 83 88 128 162 177 195 0 Role: 0
0 18 62 0 Role: 1
0 95 187 73 0 Role: 2
0 138 163 193 0 Role: 2
0 99 42 0 Role: 2
0 148 154 0 Role: 3
0 150 0 Role: 3
0 175 0 Role: 3

Số khách: 148
Chi phí: 4.58874e+07
0 12 3 11 21 23 35 43 63 68 84 86 99 167 0 Role: 0
0 49 25 34 37 53 51 59 54 65 72 112 162 93 110 69 87 124 177 0 Role: 0
0 32 2 5 26 48 78 89 94 97 0 Role: 0
0 9 19 16 10 14 20 46 47 50 52 70 27 185 107 131 39 101 109 33 55 0 Role: 0
0 4 36 7 6 1 40 41 24 44 8 91 66 57 22 31 28 13 127 121 142 119 182 198 0 Role: 0
0 60 38 143 129 71 80 64 77 90 98 113 100 123 105 115 152 149 178 111 144 126 102 159 199 76 158 146 81 0 Role: 0
0 45 58 61 75 82 83 88 128 195 30 92 116 160 174 180 0 Role: 0
0 15 17 29 132 136 139 0 Role: 0
0 42 193 0 Role: 1
0 135 0 Role: 1
0 187 0 Role: 1
0 62 138 18 0 Role: 2
0 150 163 0 Role: 2
0 67 74 0 Role: 3
0 73 0 Role: 3
0 95 0 Role: 3
0 154 175 0 Role: 3
0 148 0 Role: 4

Số khách: 64
Chi phí: 2.61517e+07
0 9 112 3 11 20 46 47 86 99 198 182 119 8 0 Role: 0
0 35 76 57 30 131 39 1 89 78 94 126 102 55 66 0 Role: 0
0 2 4 13 22 27 28 31 0 Role: 0
0 5 0 Role: 0
0 6 7 10 14 15 16 17 19 0 Role: 0
0 12 0 Role: 0
0 21 0 Role: 0
0 23 0 Role: 0
0 18 62 138 0 Role: 1
0 95 187 0 Role: 1
0 150 163 0 Role: 1
0 193 42 0 Role: 1
0 148 67 0 Role: 2
0 74 65 0 Role: 2
0 73 154 0 Role: 3
0 175 0 Role: 3
0 87 0 Role: 4
0 135 0 Role: 4

Số khách: 44
Chi phí: 2.15462e+07
0 66 114 149 127 180 0 Role: 0
0 16 85 123 0 Role: 0
0 86 14 159 0 Role: 0
0 146 0 Role: 0
0 171 142 111 0 Role: 0
0 135 4 133 139 47 182 0 Role: 0
0 68 101 88 0 Role: 0
0 69 0 Role: 0
0 73 187 163 65 0 Role: 1
0 99 193 0 Role: 1
0 87 42 0 Role: 1
0 55 0 Role: 1
0 150 18 0 Role: 2
0 95 0 Role: 2
0 148 154 138 0 Role: 2
0 175 0 Role: 2
0 74 67 0 Role: 3
0 62 0 Role: 3

Số khách: 77
Chi phí: 2.86737e+07
0 2 8 5 1 13 146 28 31 22 57 66 102 0 Role: 0
0 3 88 11 39 101 70 33 68 23 76 126 94 89 0 Role: 0
0 4 133 139 47 48 78 26 182 135 81 97 0 Role: 0
0 63 35 43 69 30 185 107 27 131 0 Role: 0
0 86 84 111 167 171 109 142 198 0 Role: 0
0 6 0 Role: 0
0 7 9 0 Role: 0
0 10 14 0 Role: 0
0 73 187 163 65 0 Role: 1
0 99 193 0 Role: 1
0 87 42 0 Role: 1
0 55 0 Role: 1
0 150 18 0 Role: 2
0 95 0 Role: 2
0 148 154 138 0 Role: 2
0 175 0 Role: 2
0 62 0 Role: 3
0 67 0 Role: 3
0 74 0 Role: 4

Số khách: 71
Chi phí: 2.77947e+07
0 35 76 57 30 131 39 1 89 78 94 126 102 55 66 0 Role: 0
0 15 19 16 10 14 20 46 47 50 52 178 111 142 116 31 185 8 0 Role: 0
0 2 4 13 22 27 28 0 Role: 0
0 3 5 0 Role: 0
0 6 7 0 Role: 0
0 9 11 17 0 Role: 0
0 12 21 0 Role: 0
0 23 26 33 70 81 97 0 Role: 0
0 73 154 0 Role: 1
0 175 0 Role: 1
0 87 99 0 Role: 2
0 135 0 Role: 2
0 18 62 138 0 Role: 3
0 95 187 0 Role: 3
0 150 163 0 Role: 3
0 42 193 0 Role: 3
0 148 67 0 Role: 4
0 74 65 0 Role: 4

Số khách: 61
Chi phí: 2.47753e+07
0 31 143 199 13 88 167 94 178 0 Role: 0
0 50 155 184 142 146 158 22 180 0 Role: 0
0 121 0 Role: 0
0 89 131 166 182 198 68 99 0 Role: 0
0 149 30 93 0 Role: 0
0 134 15 0 Role: 0
0 64 164 83 151 116 69 63 0 Role: 0
0 174 139 91 109 78 102 0 Role: 0
0 163 0 Role: 1
0 150 187 65 0 Role: 1
0 138 42 0 Role: 1
0 193 0 Role: 1
0 55 0 Role: 1
0 135 0 Role: 1
0 87 0 Role: 1
0 73 154 0 Role: 2
0 95 0 Role: 2
0 62 0 Role: 2
0 175 0 Role: 2
0 18 0 Role: 2
0 74 67 0 Role: 3
0 148 0 Role: 4

Số khách: 68
Chi phí: 2.73642e+07
0 9 4 10 16 19 108 11 14 20 27 68 198 126 182 102 99 63 8 55 0 Role: 0
0 31 22 57 28 13 1 180 66 0 Role: 0
0 2 5 26 33 70 76 185 0 Role: 0
0 3 21 23 35 0 Role: 0
0 6 0 Role: 0
0 12 7 15 17 39 29 30 43 0 Role: 0
0 24 0 Role: 0
0 25 34 0 Role: 0
0 74 138 0 Role: 1
0 175 154 0 Role: 1
0 87 42 0 Role: 2
0 148 18 65 163 193 0 Role: 3
0 62 73 0 Role: 4
0 67 0 Role: 4
0 95 0 Role: 4
0 135 0 Role: 4
0 150 187 0 Role: 4

Số khách: 124
Chi phí: 3.77934e+07
0 91 21 17 178 159 69 43 35 23 78 119 0 Role: 0
0 56 60 38 71 80 77 64 13 22 33 39 109 81 131 185 76 0 Role: 0
0 110 112 177 29 92 30 158 146 121 28 66 0 Role: 0
0 9 4 10 16 19 108 11 14 20 27 68 198 126 182 102 99 63 8 55 0 Role: 0
0 12 15 36 40 3 44 41 26 46 48 94 57 31 97 1 70 89 0 Role: 0
0 25 34 54 7 37 6 53 51 49 59 72 127 83 167 84 86 135 123 93 174 160 87 180 0 Role: 0
0 45 124 100 5 107 101 116 142 2 0 Role: 0
0 24 32 0 Role: 0
0 18 42 193 0 Role: 1
0 187 0 Role: 1
0 67 74 0 Role: 2
0 95 73 0 Role: 2
0 138 65 0 Role: 2
0 150 163 0 Role: 2
0 62 154 0 Role: 3
0 175 0 Role: 3
0 148 0 Role: 4

Số khách: 116
Chi phí: 3.61422e+07
0 41 170 144 155 143 13 29 92 110 112 146 158 177 102 126 182 0 Role: 0
0 24 9 30 127 121 33 97 48 167 198 0 Role: 0
0 105 199 57 72 152 115 160 159 42 87 99 124 180 4 39 81 89 94 0 Role: 0
0 66 174 43 63 68 27 70 78 135 86 0 Role: 0
0 15 19 16 10 14 20 46 47 50 52 111 116 142 178 0 Role: 0
0 17 101 21 91 23 69 107 149 109 131 185 55 0 Role: 0
0 56 60 38 45 80 71 64 77 90 1 11 5 3 31 22 28 76 26 8 0 Role: 0
0 2 35 0 Role: 0
0 95 73 0 Role: 1
0 154 175 138 0 Role: 1
0 18 62 0 Role: 2
0 65 150 0 Role: 2
0 163 0 Role: 2
0 187 193 0 Role: 2
0 67 0 Role: 3
0 74 0 Role: 3
0 148 0 Role: 4

Số khách: 101
Chi phí: 3.32557e+07
0 44 8 1 13 28 31 22 57 4 66 0 Role: 0
0 48 5 3 177 92 76 159 26 102 0 Role: 0
0 150 126 78 11 30 43 35 63 68 81 97 0 Role: 0
0 89 94 119 84 86 2 135 42 87 0 Role: 0
0 9 19 16 10 14 20 46 47 50 52 70 27 185 107 131 39 101 109 33 55 0 Role: 0
0 32 91 15 17 21 69 23 124 99 167 182 0 Role: 0
0 6 7 12 24 29 40 41 54 93 110 112 116 121 127 142 198 0 Role: 0
0 25 0 Role: 0
0 175 154 0 Role: 1
0 62 18 65 0 Role: 1
0 163 138 0 Role: 1
0 74 67 0 Role: 2
0 95 187 73 0 Role: 2
0 193 0 Role: 2
0 148 0 Role: 3

Số khách: 97
Chi phí: 3.21288e+07
0 48 149 1 13 28 31 22 4 63 57 66 102 0 Role: 0
0 35 174 43 129 146 68 8 2 187 87 76 0 Role: 0
0 163 70 39 97 183 47 89 78 26 94 0 Role: 0
0 24 126 50 101 81 107 27 131 121 167 185 0 Role: 0
0 86 84 160 15 93 180 23 42 99 119 182 0 Role: 0
0 55 44 123 59 69 91 116 33 135 109 198 0 Role: 0
0 12 7 16 6 3 19 11 20 30 92 158 127 110 112 177 0 Role: 0
0 9 10 14 0 Role: 0
0 150 18 65 0 Role: 1
0 138 193 0 Role: 1
0 62 73 0 Role: 2
0 67 154 0 Role: 2
0 95 0 Role: 2
0 175 0 Role: 2
0 74 148 0 Role: 3

Số khách: 120
Chi phí: 3.72859e+07
0 110 112 177 29 92 30 158 146 121 28 66 0 Role: 0
0 24 32 50 52 47 39 33 13 22 57 185 76 107 131 81 0 Role: 0
0 12 15 36 40 3 44 41 26 46 48 94 70 97 89 1 31 0 Role: 0
0 9 4 10 16 19 108 11 14 20 27 68 198 126 182 102 99 63 8 55 0 Role: 0
0 25 34 54 7 37 6 53 51 49 59 72 127 83 167 84 86 135 123 93 174 87 180 0 Role: 0
0 45 124 35 100 43 5 78 119 2 0 Role: 0
0 91 17 21 69 23 0 Role: 0
0 38 56 60 64 71 77 80 0 Role: 0
0 148 65 138 0 Role: 1
0 18 42 193 0 Role: 2
0 187 0 Role: 2
0 62 73 0 Role: 3
0 67 154 0 Role: 3
0 95 0 Role: 3
0 150 163 0 Role: 3
0 74 0 Role: 4
0 175 0 Role: 4

Số khách: 113
Chi phí: 3.468e+07
0 14 4 143 199 107 167 8 52 2 63 68 78 126 182 102 0 Role: 0
0 96 106 5 11 27 127 116 43 35 99 119 198 0 Role: 0
0 12 15 36 40 3 44 41 26 46 48 94 57 31 97 1 70 89 0 Role: 0
0 56 60 38 71 80 77 64 13 22 33 39 109 81 131 185 76 174 180 0 Role: 0
0 110 112 177 29 92 30 158 146 121 28 66 0 Role: 0
0 84 21 17 178 159 91 69 23 42 86 160 142 0 Role: 0
0 6 16 7 19 10 9 0 Role: 0
0 20 47 50 101 0 Role: 0
0 74 67 138 0 Role: 1
0 135 0 Role: 1
0 193 187 0 Role: 1
0 55 0 Role: 1
0 87 0 Role: 1
0 148 62 73 0 Role: 2
0 95 0 Role: 2
0 175 154 0 Role: 3
0 150 65 0 Role: 3
0 18 163 0 Role: 4

Số khách: 84
Chi phí: 3.08533e+07
0 41 170 144 155 143 13 29 92 110 112 177 158 146 8 126 182 102 0 Role: 0
0 2 4 22 31 28 27 1 39 33 55 57 0 Role: 0
0 35 59 3 5 19 16 11 20 26 43 66 87 48 0 Role: 0
0 6 7 9 10 14 0 Role: 0
0 12 15 0 Role: 0
0 17 21 0 Role: 0
0 23 63 68 69 70 76 81 97 0 Role: 0
0 24 30 78 84 86 89 94 119 0 Role: 0
0 148 67 0 Role: 1
0 95 73 0 Role: 2
0 74 99 0 Role: 2
0 175 154 0 Role: 2
0 18 62 138 0 Role: 3
0 150 65 0 Role: 3
0 163 42 0 Role: 3
0 187 193 0 Role: 3
0 135 0 Role: 4

Số khách: 80
Chi phí: 2.93833e+07
0 148 86 46 34 30 1 33 8 142 31 57 0 Role: 0
0 66 4 174 76 22 28 27 81 70 0 Role: 0
0 41 170 144 155 143 13 29 92 110 112 146 158 177 102 126 182 0 Role: 0
0 17 101 21 91 23 69 107 149 109 131 185 55 0 Role: 0
0 87 35 39 48 78 26 2 0 Role: 0
0 3 5 11 0 Role: 0
0 6 7 10 9 0 Role: 0
0 12 0 Role: 0
0 175 154 0 Role: 1
0 73 18 99 0 Role: 1
0 95 65 0 Role: 1
0 42 193 0 Role: 2
0 135 0 Role: 2
0 187 0 Role: 2
0 62 138 0 Role: 3
0 150 163 0 Role: 3
0 67 74 0 Role: 4

Số khách: 82
Chi phí: 2.98877e+07
0 9 4 10 16 19 108 11 14 20 27 68 55 99 102 182 126 198 8 0 Role: 0
0 12 15 36 40 3 44 41 26 46 48 94 57 31 97 1 70 89 0 Role: 0
0 143 129 33 39 5 13 28 22 2 66 185 76 0 Role: 0
0 81 21 78 59 43 35 23 42 0 Role: 0
0 6 7 29 17 0 Role: 0
0 24 0 Role: 0
0 25 30 69 84 0 Role: 0
0 32 0 Role: 0
0 62 73 18 0 Role: 1
0 67 154 138 0 Role: 1
0 95 187 65 0 Role: 1
0 150 163 0 Role: 1
0 193 0 Role: 2
0 74 87 148 0 Role: 3
0 135 0 Role: 3
0 175 0 Role: 3

Số khách: 131
Chi phí: 3.83714e+07
0 86 3 5 11 21 23 68 84 116 160 167 174 0 Role: 0
0 35 43 63 94 89 48 78 26 2 97 177 0 Role: 0
0 4 36 7 6 1 40 41 24 44 8 91 66 57 22 31 28 13 127 121 142 119 182 198 0 Role: 0
0 60 38 143 129 71 80 64 77 90 98 113 100 123 105 115 152 149 178 111 144 126 102 159 199 76 158 146 81 0 Role: 0
0 9 19 16 10 14 20 46 47 50 52 70 27 185 107 131 39 101 109 33 55 0 Role: 0
0 82 32 88 195 69 92 93 110 112 124 180 0 Role: 0
0 12 15 17 29 30 162 0 Role: 0
0 25 0 Role: 0
0 135 0 Role: 1
0 74 67 0 Role: 1
0 73 150 0 Role: 1
0 95 187 65 0 Role: 1
0 99 138 163 0 Role: 1
0 42 193 0 Role: 1
0 87 0 Role: 1
0 18 62 0 Role: 2
0 154 175 0 Role: 2
0 148 0 Role: 3

Số khách: 129
Chi phí: 3.82746e+07
0 89 97 5 94 48 78 26 2 63 0 Role: 0
0 86 68 151 11 3 30 43 35 87 135 167 174 0 Role: 0
0 4 36 7 6 1 40 41 24 44 8 91 66 57 22 31 28 13 127 121 142 119 182 198 0 Role: 0
0 60 38 143 129 71 80 64 77 90 98 113 100 123 105 115 152 149 178 111 144 126 102 159 199 76 158 146 81 0 Role: 0
0 9 19 16 10 14 20 46 47 50 52 70 27 185 107 131 39 101 109 33 55 0 Role: 0
0 82 83 32 88 195 69 92 93 110 112 124 177 0 Role: 0
0 12 15 17 21 0 Role: 0
0 23 84 116 160 180 0 Role: 0
0 95 187 73 0 Role: 1
0 138 163 0 Role: 1
0 99 42 0 Role: 1
0 18 0 Role: 2
0 62 65 0 Role: 2
0 150 0 Role: 2
0 67 74 0 Role: 3
0 154 0 Role: 3
0 175 0 Role: 3
0 148 0 Role: 4

Số khách: 56
Chi phí: 2.47462e+07
0 120 90 98 0 Role: 0
0 99 123 44 0 Role: 0
0 37 17 65 92 13 149 178 142 0 Role: 0
0 79 192 55 0 Role: 0
0 176 100 0 Role: 0
0 145 179 162 43 200 108 121 167 8 76 0 Role: 0
0 31 177 21 160 2 35 0 Role: 0
0 117 119 116 187 23 0 Role: 0
0 148 87 138 0 Role: 1
0 42 193 0 Role: 1
0 135 0 Role: 1
0 74 67 0 Role: 2
0 95 73 0 Role: 2
0 175 154 0 Role: 2
0 18 62 0 Role: 2
0 150 163 0 Role: 2

Số khách: 102
Chi phí: 3.38329e+07
0 184 8 1 13 57 31 22 112 110 66 0 Role: 0
0 33 70 39 81 27 28 76 174 4 89 0 Role: 0
0 68 63 43 32 116 94 48 78 26 97 0 Role: 0
0 25 34 54 7 37 6 53 51 49 59 83 88 93 35 102 2 86 84 119 126 182 0 Role: 0
0 17 101 21 91 23 69 107 149 109 131 185 0 Role: 0
0 3 5 11 16 19 20 30 92 121 127 135 167 198 0 Role: 0
0 9 0 Role: 0
0 41 46 14 15 10 40 29 0 Role: 0
0 55 163 65 0 Role: 1
0 187 138 0 Role: 1
0 87 42 99 0 Role: 1
0 74 67 0 Role: 2
0 18 62 0 Role: 3
0 73 95 0 Role: 3
0 150 0 Role: 3
0 154 175 0 Role: 3
0 193 0 Role: 3
0 148 0 Role: 4

Số khách: 107
Chi phí: 3.40291e+07
0 162 54 59 72 1 151 160 8 150 28 31 57 76 0 Role: 0
0 56 12 130 15 17 21 116 23 42 177 22 97 81 0 Role: 0
0 84 86 68 11 5 29 3 30 99 135 63 174 87 102 126 0 Role: 0
0 9 19 16 10 14 20 46 47 50 52 70 27 185 107 131 39 101 109 33 55 0 Role: 0
0 89 114 149 13 127 2 4 180 66 94 182 0 Role: 0
0 119 24 198 26 78 48 146 43 35 0 Role: 0
0 171 158 121 167 142 111 0 Role: 0
0 199 110 112 92 69 91 0 Role: 0
0 18 62 138 0 Role: 1
0 175 154 0 Role: 1
0 65 163 187 0 Role: 2
0 193 0 Role: 2
0 67 74 0 Role: 3
0 73 95 0 Role: 3
0 148 0 Role: 4

Số khách: 119
Chi phí: 3.63829e+07
0 17 101 21 91 23 69 107 149 109 131 185 55 0 Role: 0
0 56 60 38 45 80 71 64 77 90 1 11 5 3 31 22 28 76 26 8 119 0 Role: 0
0 41 170 144 155 143 13 29 92 110 112 146 158 177 102 126 182 0 Role: 0
0 66 174 43 63 68 27 70 78 135 86 0 Role: 0
0 105 199 57 72 152 115 160 159 42 87 99 124 180 4 39 81 89 94 0 Role: 0
0 15 19 16 10 14 20 46 47 50 52 178 111 142 0 Role: 0
0 24 9 30 127 121 33 97 48 167 198 0 Role: 0
0 12 35 2 166 84 0 Role: 0
0 95 73 0 Role: 1
0 154 175 138 0 Role: 1
0 148 67 0 Role: 2
0 18 62 0 Role: 3
0 65 150 0 Role: 3
0 163 0 Role: 3
0 187 193 0 Role: 3
0 74 0 Role: 4

Số khách: 92
Chi phí: 3.15355e+07
0 187 178 48 33 1 27 185 13 57 55 66 0 Role: 0
0 74 35 68 195 151 70 89 26 198 182 126 0 Role: 0
0 78 23 180 69 131 0 Role: 0
0 43 31 158 127 88 101 84 86 42 167 0 Role: 0
0 58 82 8 115 5 3 92 30 91 112 177 174 0 Role: 0
0 12 28 121 11 47 50 52 142 0 Role: 0
0 119 109 81 97 107 116 199 0 Role: 0
0 39 110 146 105 139 160 2 4 22 76 94 102 0 Role: 0
0 95 0 Role: 1
0 67 154 0 Role: 1
0 62 163 0 Role: 1
0 150 0 Role: 1
0 148 18 0 Role: 2
0 175 0 Role: 2
0 73 65 87 0 Role: 3
0 138 193 0 Role: 3
0 135 0 Role: 3
0 99 0 Role: 3

Số khách: 95
Chi phí: 3.20328e+07
0 31 22 13 27 33 4 66 55 102 0 Role: 0
0 189 5 97 81 70 48 191 26 2 185 0 Role: 0
0 78 89 1 39 131 30 57 76 35 94 126 0 Role: 0
0 135 68 63 28 43 180 23 87 42 174 0 Role: 0
0 9 112 3 11 20 46 47 50 86 99 198 119 182 0 Role: 0
0 24 194 52 183 101 107 29 127 91 167 0 Role: 0
0 64 114 21 151 144 110 69 109 0 Role: 0
0 80 121 146 158 177 93 116 8 84 0 Role: 0
0 148 67 0 Role: 1
0 74 65 0 Role: 1
0 18 62 138 0 Role: 2
0 95 187 0 Role: 2
0 150 163 0 Role: 2
0 193 0 Role: 2
0 73 154 0 Role: 3
0 175 0 Role: 3

Số khách: 45
Chi phí: 2.20385e+07
0 1 131 57 76 0 Role: 0
0 45 182 190 83 128 0 Role: 0
0 163 0 Role: 0
0 66 27 0 Role: 0
0 86 177 142 126 99 0 Role: 0
0 191 189 0 Role: 0
0 135 28 180 0 Role: 0
0 41 170 144 155 13 143 0 Role: 0
0 138 55 65 0 Role: 1
0 42 193 0 Role: 1
0 87 0 Role: 1
0 187 0 Role: 1
0 62 154 0 Role: 2
0 73 0 Role: 2
0 175 0 Role: 2
0 150 18 0 Role: 2
0 95 0 Role: 2
0 148 67 0 Role: 3
0 74 0 Role: 3

Số khách: 87
Chi phí: 3.11154e+07
0 113 39 40 1 8 123 112 177 28 27 31 57 33 0 Role: 0
0 4 43 145 35 175 65 166 198 2 63 68 70 81 185 66 0 Role: 0
0 79 78 97 5 13 76 69 102 87 126 182 0 Role: 0
0 89 94 167 158 107 47 26 84 86 0 Role: 0
0 12 159 199 30 195 101 109 119 0 Role: 0
0 135 48 172 131 121 116 127 22 55 146 180 0 Role: 0
0 3 11 16 0 Role: 0
0 6 7 0 Role: 0
0 95 187 73 0 Role: 1
0 138 163 193 0 Role: 1
0 99 42 0 Role: 1
0 18 62 0 Role: 2
0 67 154 0 Role: 2
0 150 0 Role: 2
0 74 148 0 Role: 3

Số khách: 51
Chi phí: 2.31726e+07
0 39 40 113 8 123 112 177 28 0 Role: 0
0 135 48 172 131 22 55 0 Role: 0
0 79 97 13 76 0 Role: 0
0 158 47 0 Role: 0
0 87 151 0 Role: 0
0 175 145 174 43 65 166 198 0 Role: 0
0 12 159 199 30 195 101 0 Role: 0
0 63 0 Role: 0
0 95 187 73 0 Role: 1
0 138 163 193 0 Role: 1
0 99 42 0 Role: 1
0 18 62 0 Role: 2
0 150 0 Role: 2
0 154 0 Role: 2
0 74 67 0 Role: 3
0 148 0 Role: 4

Số khách: 53
Chi phí: 2.42046e+07
0 128 100 78 111 0 Role: 0
0 24 126 131 27 121 0 Role: 0
0 135 44 123 59 33 116 55 0 Role: 0
0 97 163 47 183 70 0 Role: 0
0 129 174 146 8 187 0 Role: 0
0 63 13 149 48 0 Role: 0
0 89 178 142 87 0 Role: 0
0 160 15 93 180 0 Role: 0
0 193 0 Role: 1
0 99 42 0 Role: 1
0 150 18 65 0 Role: 2
0 138 0 Role: 2
0 74 67 0 Role: 3
0 73 62 0 Role: 3
0 95 0 Role: 3
0 175 154 0 Role: 3
0 148 0 Role: 4

Số khách: 108
Chi phí: 3.45e+07
0 9 19 16 10 14 20 46 47 50 52 70 33 27 185 107 131 39 101 109 55 8 0 Role: 0
0 32 91 11 21 5 3 69 180 23 22 31 28 57 66 0 Role: 0
0 35 100 4 43 128 1 78 111 2 68 76 94 102 0 Role: 0
0 63 13 97 81 149 48 119 26 126 182 0 Role: 0
0 89 127 167 178 142 198 124 87 0 Role: 0
0 6 7 12 15 17 29 30 84 86 121 0 Role: 0
0 24 36 40 41 44 54 59 72 92 93 110 112 0 Role: 0
0 25 34 0 Role: 0
0 42 99 0 Role: 1
0 135 0 Role: 1
0 187 193 0 Role: 1
0 18 62 138 0 Role: 2
0 150 163 65 0 Role: 2
0 67 74 0 Role: 3
0 73 95 0 Role: 3
0 154 175 0 Role: 3
0 148 0 Role: 4

Số khách: 47
Chi phí: 2.26368e+07
0 78 0 Role: 0
0 129 199 185 81 99 0 Role: 0
0 145 92 195 101 0 Role: 0
0 179 31 36 186 121 146 91 52 194 57 0 Role: 0
0 56 0 Role: 0
0 132 107 198 55 0 Role: 0
0 96 111 27 0 Role: 0
0 112 0 Role: 0
0 187 193 0 Role: 1
0 135 0 Role: 1
0 87 0 Role: 1
0 74 138 0 Role: 2
0 150 163 65 0 Role: 2
0 42 0 Role: 2
0 95 73 0 Role: 3
0 148 18 0 Role: 3
0 175 0 Role: 3
0 67 154 0 Role: 3
0 62 0 Role: 3

Số khách: 90
Chi phí: 3.11542e+07
0 66 25 22 28 30 69 84 0 Role: 0
0 32 33 39 5 13 76 43 63 2 87 0 Role: 0
0 24 7 21 81 17 78 35 23 42 131 185 0 Role: 0
0 9 4 10 16 19 108 11 14 20 27 68 55 99 102 182 126 198 8 167 0 Role: 0
0 12 15 36 40 3 44 41 26 46 48 94 57 31 97 1 70 89 0 Role: 0
0 6 29 0 Role: 0
0 34 37 0 Role: 0
0 38 45 47 50 52 86 0 Role: 0
0 62 73 18 0 Role: 1
0 67 154 138 0 Role: 1
0 95 187 65 0 Role: 1
0 150 163 0 Role: 1
0 74 148 0 Role: 2
0 135 0 Role: 2
0 175 0 Role: 2
0 193 0 Role: 2

Số khách: 112
Chi phí: 3.4522e+07
0 56 60 38 71 80 77 64 13 22 33 39 109 81 131 185 76 174 180 0 Role: 0
0 12 15 36 40 3 44 41 26 46 48 94 57 31 97 1 70 89 0 Role: 0
0 86 84 20 47 101 160 50 142 0 Role: 0
0 96 106 5 11 27 127 116 43 35 99 119 198 0 Role: 0
0 110 112 177 29 92 30 158 146 121 28 66 0 Role: 0
0 14 4 143 199 107 167 8 52 2 63 68 78 126 182 102 0 Role: 0
0 6 7 9 10 16 17 0 Role: 0
0 19 21 23 69 91 124 0 Role: 0
0 175 154 0 Role: 1
0 150 65 0 Role: 1
0 148 62 73 0 Role: 2
0 95 0 Role: 2
0 18 163 42 0 Role: 3
0 74 67 138 0 Role: 4
0 135 0 Role: 4
0 193 187 0 Role: 4
0 55 0 Role: 4
0 87 0 Role: 4

Số khách: 54
Chi phí: 2.42165e+07
0 180 0 Role: 0
0 19 146 21 111 198 0 Role: 0
0 144 165 97 185 177 43 126 0 Role: 0
0 96 106 11 127 116 0 Role: 0
0 9 69 57 131 26 0 Role: 0
0 128 138 163 166 8 158 28 0 Role: 0
0 18 187 42 99 0 Role: 0
0 143 14 52 167 107 199 0 Role: 0
0 74 67 0 Role: 1
0 135 0 Role: 1
0 193 0 Role: 1
0 55 0 Role: 1
0 87 0 Role: 1
0 175 154 0 Role: 2
0 150 65 0 Role: 2
0 148 62 73 0 Role: 3
0 95 0 Role: 3

Số khách: 49
Chi phí: 2.27423e+07
0 83 92 0 Role: 0
0 65 47 0 Role: 0
0 49 60 4 184 0 Role: 0
0 57 0 Role: 0
0 66 196 195 158 182 0 Role: 0
0 46 109 159 199 0 Role: 0
0 119 94 39 28 35 0 Role: 0
0 127 13 88 149 101 131 116 0 Role: 0
0 150 18 0 Role: 1
0 42 193 0 Role: 1
0 99 55 0 Role: 1
0 187 0 Role: 1
0 135 0 Role: 1
0 87 0 Role: 1
0 95 73 0 Role: 2
0 138 163 0 Role: 2
0 175 154 0 Role: 3
0 62 0 Role: 3
0 148 67 0 Role: 4
0 74 0 Role: 4

Số khách: 50
Chi phí: 2.31416e+07
0 197 158 11 151 8 0 Role: 0
0 124 136 94 102 0 Role: 0
0 175 54 114 142 68 135 0 Role: 0
0 150 161 61 60 44 70 152 28 57 174 0 Role: 0
0 1 0 Role: 0
0 143 129 0 Role: 0
0 119 52 50 126 0 Role: 0
0 59 0 Role: 0
0 87 138 65 0 Role: 1
0 42 193 0 Role: 1
0 187 99 0 Role: 1
0 55 0 Role: 1
0 73 163 18 0 Role: 2
0 74 67 0 Role: 3
0 62 154 0 Role: 3
0 95 0 Role: 3
0 148 0 Role: 4

