Số khách: 142
Chi phí: 2.29652e+07
0 149 105 189 192 150 88 0 Role: 0
0 175 0 Role: 0
0 89 86 186 166 1 54 56 9 0 Role: 0
0 85 22 140 0 Role: 0
0 157 133 0 Role: 0
0 73 183 138 6 0 Role: 0
0 106 198 103 164 0 Role: 0
0 111 195 5 96 31 14 117 0 Role: 0
0 154 173 116 0 Role: 1
0 178 84 35 174 0 Role: 1
0 162 0 Role: 1
0 153 200 39 134 28 0 Role: 1
0 131 0 Role: 1
0 159 0 Role: 1
0 101 144 0 Role: 1
0 180 184 128 0 Role: 1
0 95 26 191 0 Role: 1
0 44 23 63 0 Role: 2
0 167 0 Role: 2
0 108 0 Role: 2
0 24 19 137 0 Role: 2
0 10 112 72 148 0 Role: 2
0 18 0 Role: 2
0 80 53 0 Role: 2
0 42 79 0 Role: 2
0 120 0 Role: 2
0 123 0 Role: 2
0 20 147 197 0 Role: 3
0 136 32 146 40 0 Role: 4
0 91 0 Role: 4
0 194 145 161 0 Role: 4
0 65 34 0 Role: 4
0 156 187 130 176 0 Role: 5
0 66 17 59 37 0 Role: 5
0 155 0 Role: 5
0 30 125 0 Role: 5
0 61 0 Role: 5
0 90 168 0 Role: 6
0 126 33 0 Role: 6
0 57 0 Role: 7
0 119 0 Role: 7
0 50 87 98 0 Role: 7
0 7 0 Role: 7
0 121 0 Role: 7
0 67 169 0 Role: 7
0 48 21 0 Role: 7
0 151 0 Role: 7
0 69 0 Role: 7
0 16 82 64 27 182 0 Role: 8
0 181 0 Role: 8
0 190 177 0 Role: 8
0 11 55 0 Role: 9
0 113 45 0 Role: 9
0 43 68 0 Role: 9
0 124 0 Role: 9
0 100 49 0 Role: 10
0 199 129 0 Role: 11
0 132 0 Role: 11
0 122 0 Role: 12
0 76 38 0 Role: 12

Số khách: 95
Chi phí: 8.27131e+06
0 49 0 Role: 0
0 184 44 157 174 0 Role: 1
0 79 1 73 0 Role: 1
0 153 200 37 28 0 Role: 1
0 128 159 0 Role: 1
0 95 0 Role: 1
0 23 80 144 35 0 Role: 1
0 63 14 65 0 Role: 1
0 42 180 0 Role: 2
0 20 192 34 116 191 0 Role: 3
0 39 0 Role: 4
0 145 147 0 Role: 4
0 119 140 56 0 Role: 5
0 173 0 Role: 5
0 24 178 154 0 Role: 5
0 103 26 19 0 Role: 5
0 53 150 84 0 Role: 5
0 166 0 Role: 5
0 9 88 133 0 Role: 5
0 112 0 Role: 5
0 120 162 0 Role: 5
0 21 30 125 0 Role: 6
0 90 61 194 0 Role: 6
0 148 134 105 0 Role: 6
0 85 10 0 Role: 6
0 72 6 0 Role: 6
0 54 18 0 Role: 6
0 161 131 0 Role: 6
0 130 146 40 68 0 Role: 7
0 123 156 0 Role: 8
0 91 168 0 Role: 8
0 101 0 Role: 9
0 108 0 Role: 9
0 137 0 Role: 9
0 11 121 0 Role: 10
0 169 0 Role: 10
0 59 17 0 Role: 10
0 67 155 87 98 0 Role: 11
0 136 126 0 Role: 11
0 167 0 Role: 11
0 43 32 50 0 Role: 12

Số khách: 132
Chi phí: 1.46506e+07
0 67 33 198 13 120 108 154 0 Role: 0
0 116 189 177 0 Role: 0
0 78 0 Role: 0
0 14 0 Role: 0
0 5 72 9 28 153 0 Role: 1
0 95 200 128 84 56 0 Role: 1
0 155 35 174 0 Role: 1
0 34 88 180 0 Role: 1
0 26 0 Role: 1
0 140 105 0 Role: 1
0 133 112 148 134 0 Role: 1
0 106 68 50 0 Role: 2
0 10 65 23 0 Role: 2
0 85 0 Role: 2
0 1 42 79 191 0 Role: 2
0 162 173 0 Role: 2
0 53 80 44 0 Role: 2
0 137 24 19 0 Role: 2
0 38 21 0 Role: 3
0 161 159 144 0 Role: 3
0 18 54 192 0 Role: 3
0 123 0 Role: 3
0 131 61 0 Role: 3
0 150 166 0 Role: 3
0 101 0 Role: 3
0 178 0 Role: 3
0 20 0 Role: 3
0 103 0 Role: 3
0 184 0 Role: 3
0 167 0 Role: 4
0 30 0 Role: 4
0 194 145 147 0 Role: 4
0 17 6 0 Role: 4
0 125 63 0 Role: 4
0 91 0 Role: 5
0 76 151 73 0 Role: 5
0 197 146 0 Role: 5
0 176 181 0 Role: 5
0 39 59 0 Role: 5
0 169 87 98 157 0 Role: 5
0 136 90 0 Role: 5
0 37 0 Role: 5
0 45 0 Role: 6
0 82 0 Role: 6
0 190 40 0 Role: 6
0 130 66 182 0 Role: 6
0 49 57 0 Role: 7
0 69 7 156 0 Role: 7
0 121 0 Role: 7
0 117 32 0 Role: 7
0 168 126 0 Role: 7
0 113 129 0 Role: 8
0 124 0 Role: 8
0 27 0 Role: 8
0 43 16 0 Role: 9
0 199 0 Role: 9
0 48 64 0 Role: 10
0 55 187 96 0 Role: 11
0 119 0 Role: 12
0 122 0 Role: 12
0 11 0 Role: 12
0 132 0 Role: 12
0 100 0 Role: 12

Số khách: 136
Chi phí: 1.72523e+07
0 167 30 114 53 149 0 Role: 0
0 85 180 164 176 158 20 0 Role: 0
0 119 58 121 25 97 0 Role: 0
0 61 153 0 Role: 0
0 122 143 0 Role: 0
0 18 50 19 0 Role: 1
0 123 148 73 0 Role: 1
0 161 0 Role: 1
0 108 35 0 Role: 1
0 192 26 63 14 0 Role: 1
0 80 145 173 154 178 0 Role: 1
0 42 191 174 0 Role: 1
0 9 200 112 72 0 Role: 1
0 10 95 56 0 Role: 1
0 131 144 0 Role: 1
0 166 159 0 Role: 1
0 184 0 Role: 1
0 54 137 0 Role: 1
0 150 162 0 Role: 1
0 24 103 0 Role: 1
0 100 5 0 Role: 2
0 157 0 Role: 2
0 65 28 88 133 0 Role: 2
0 7 1 98 0 Role: 3
0 106 194 44 147 0 Role: 3
0 120 0 Role: 4
0 101 0 Role: 4
0 134 0 Role: 4
0 84 128 0 Role: 4
0 79 0 Role: 4
0 126 116 0 Role: 5
0 48 146 0 Role: 6
0 45 32 91 40 0 Role: 7
0 34 197 136 0 Role: 7
0 124 0 Role: 7
0 190 177 21 0 Role: 7
0 169 140 155 105 0 Role: 7
0 23 0 Role: 7
0 132 49 156 0 Role: 8
0 59 0 Role: 8
0 33 64 182 0 Role: 8
0 168 43 0 Role: 8
0 125 117 0 Role: 8
0 39 37 6 0 Role: 8
0 17 0 Role: 8
0 181 130 0 Role: 9
0 27 87 0 Role: 9
0 68 96 66 0 Role: 9
0 69 0 Role: 9
0 67 0 Role: 9
0 187 0 Role: 9
0 90 0 Role: 9
0 151 0 Role: 9
0 16 129 0 Role: 10
0 113 0 Role: 10
0 11 55 0 Role: 11
0 199 76 0 Role: 11
0 82 0 Role: 11
0 38 0 Role: 12
0 57 0 Role: 12

Số khách: 128
Chi phí: 1.05906e+07
0 133 60 140 65 0 Role: 0
0 44 0 Role: 1
0 116 144 1 73 56 0 Role: 1
0 108 0 Role: 1
0 42 19 0 Role: 1
0 72 0 Role: 1
0 137 0 Role: 1
0 90 146 0 Role: 2
0 17 156 0 Role: 2
0 173 0 Role: 2
0 123 6 95 0 Role: 2
0 154 33 14 0 Role: 2
0 101 80 174 0 Role: 2
0 180 192 79 0 Role: 2
0 167 0 Role: 3
0 169 0 Role: 4
0 18 0 Role: 4
0 129 168 178 157 35 0 Role: 4
0 153 9 103 28 0 Role: 4
0 30 0 Role: 4
0 166 162 191 0 Role: 4
0 120 0 Role: 4
0 131 20 0 Role: 4
0 84 134 148 200 0 Role: 5
0 147 197 0 Role: 5
0 145 161 0 Role: 5
0 24 26 85 0 Role: 5
0 34 0 Role: 5
0 88 23 0 Role: 5
0 128 159 150 0 Role: 5
0 184 0 Role: 5
0 53 0 Role: 5
0 54 0 Role: 5
0 112 10 0 Role: 5
0 21 61 136 91 0 Role: 6
0 32 125 63 0 Role: 6
0 105 155 0 Role: 6
0 194 0 Role: 6
0 55 96 66 124 0 Role: 7
0 121 0 Role: 7
0 117 50 0 Role: 7
0 69 0 Role: 7
0 177 126 0 Role: 7
0 151 0 Role: 8
0 43 113 68 0 Role: 8
0 48 64 182 0 Role: 8
0 190 0 Role: 9
0 87 7 98 0 Role: 9
0 181 0 Role: 9
0 67 0 Role: 9
0 39 0 Role: 9
0 106 0 Role: 9
0 37 0 Role: 9
0 119 40 199 76 0 Role: 10
0 176 130 59 0 Role: 10
0 5 0 Role: 10
0 187 0 Role: 10
0 16 57 38 0 Role: 11
0 100 49 0 Role: 11
0 27 82 0 Role: 11
0 132 0 Role: 11
0 122 45 0 Role: 12

Số khách: 104
Chi phí: 8.75456e+06
0 119 111 159 92 0 Role: 0
0 148 35 180 0 Role: 1
0 155 156 56 73 0 Role: 2
0 44 112 72 28 0 Role: 2
0 154 178 79 147 174 0 Role: 2
0 96 17 95 0 Role: 3
0 18 14 191 116 0 Role: 3
0 84 169 0 Role: 4
0 80 90 197 0 Role: 4
0 19 194 0 Role: 4
0 125 153 88 0 Role: 4
0 173 161 162 1 0 Role: 4
0 123 200 134 0 Role: 4
0 184 105 128 0 Role: 4
0 166 150 53 144 0 Role: 4
0 54 26 0 Role: 4
0 133 24 0 Role: 4
0 131 20 0 Role: 4
0 140 0 Role: 5
0 167 108 0 Role: 5
0 126 33 0 Role: 6
0 69 146 0 Role: 7
0 98 192 23 34 91 0 Role: 7
0 6 39 0 Role: 7
0 85 0 Role: 7
0 38 0 Role: 8
0 121 42 137 0 Role: 9
0 66 0 Role: 10
0 187 37 0 Role: 10
0 63 65 0 Role: 10
0 101 0 Role: 10
0 61 145 0 Role: 10
0 10 0 Role: 10
0 120 0 Role: 10
0 103 9 0 Role: 10
0 27 0 Role: 11
0 11 40 0 Role: 11
0 67 0 Role: 11
0 168 43 32 50 0 Role: 11
0 177 21 157 0 Role: 11
0 136 30 0 Role: 11
0 130 124 87 0 Role: 12

Số khách: 137
Chi phí: 2.04947e+07
0 154 0 Role: 0
0 75 150 0 Role: 0
0 91 53 192 196 63 54 0 Role: 0
0 119 123 183 0 Role: 0
0 11 143 0 Role: 0
0 165 10 52 0 Role: 0
0 5 115 36 0 Role: 0
0 181 66 22 159 0 Role: 0
0 100 44 73 0 Role: 1
0 137 65 180 0 Role: 1
0 1 23 178 26 0 Role: 1
0 161 20 80 191 116 35 0 Role: 1
0 56 84 200 153 0 Role: 1
0 72 95 174 0 Role: 1
0 176 50 0 Role: 2
0 19 14 33 0 Role: 2
0 173 85 0 Role: 2
0 90 194 147 0 Role: 2
0 134 88 0 Role: 2
0 61 145 144 0 Role: 2
0 103 9 28 0 Role: 2
0 101 162 0 Role: 2
0 120 0 Role: 2
0 108 0 Role: 2
0 133 24 0 Role: 2
0 124 199 182 146 40 0 Role: 3
0 59 187 130 156 0 Role: 4
0 18 0 Role: 4
0 87 30 0 Role: 4
0 32 42 79 34 0 Role: 4
0 112 148 0 Role: 4
0 155 184 128 105 0 Role: 4
0 166 0 Role: 4
0 140 0 Role: 4
0 131 0 Role: 4
0 57 132 125 0 Role: 5
0 129 64 21 157 0 Role: 5
0 67 6 0 Role: 5
0 126 0 Role: 5
0 167 0 Role: 5
0 17 0 Role: 5
0 98 169 0 Role: 6
0 197 43 106 168 136 0 Role: 6
0 117 0 Role: 6
0 121 0 Role: 7
0 49 68 0 Role: 8
0 177 190 0 Role: 8
0 39 37 0 Role: 8
0 76 16 55 0 Role: 9
0 122 113 0 Role: 9
0 69 7 0 Role: 9
0 151 0 Role: 9
0 27 82 0 Role: 10
0 96 0 Role: 10
0 38 48 0 Role: 11
0 45 0 Role: 12

Số khách: 110
Chi phí: 9.12736e+06
0 166 180 0 Role: 0
0 7 53 162 0 Role: 1
0 24 103 174 0 Role: 1
0 155 140 95 0 Role: 1
0 101 1 0 Role: 1
0 35 0 Role: 1
0 108 0 Role: 1
0 131 178 0 Role: 1
0 150 128 56 0 Role: 1
0 159 144 0 Role: 1
0 154 42 137 19 26 14 0 Role: 1
0 10 191 173 0 Role: 1
0 72 112 9 0 Role: 1
0 134 123 0 Role: 1
0 184 0 Role: 1
0 80 0 Role: 1
0 54 0 Role: 1
0 120 0 Role: 2
0 116 65 133 88 0 Role: 3
0 63 0 Role: 3
0 61 145 44 0 Role: 3
0 161 0 Role: 3
0 153 0 Role: 3
0 84 148 200 0 Role: 3
0 18 192 0 Role: 3
0 40 187 130 0 Role: 4
0 147 32 73 0 Role: 5
0 168 79 43 197 21 0 Role: 5
0 91 0 Role: 5
0 30 125 28 0 Role: 5
0 121 23 34 0 Role: 6
0 69 87 98 0 Role: 7
0 126 20 194 0 Role: 7
0 6 37 0 Role: 7
0 17 0 Role: 7
0 167 0 Role: 7
0 105 0 Role: 7
0 96 146 68 0 Role: 8
0 177 182 157 0 Role: 9
0 67 169 0 Role: 9
0 50 117 85 0 Role: 10
0 59 39 0 Role: 10
0 90 136 0 Role: 10
0 33 48 0 Role: 10
0 106 0 Role: 10
0 151 0 Role: 10
0 190 0 Role: 11
0 156 0 Role: 12
0 66 124 0 Role: 12
0 176 5 0 Role: 12
0 64 0 Role: 12

Số khách: 125
Chi phí: 1.02011e+07
0 83 133 13 19 150 173 178 0 Role: 0
0 157 101 35 174 0 Role: 1
0 137 154 180 14 0 Role: 1
0 20 192 191 0 Role: 1
0 54 18 26 0 Role: 1
0 88 112 10 103 0 Role: 1
0 184 95 84 56 0 Role: 1
0 162 159 53 166 0 Role: 1
0 80 0 Role: 1
0 24 42 0 Role: 1
0 197 32 116 21 73 0 Role: 2
0 28 0 Role: 2
0 37 123 148 153 0 Role: 2
0 187 108 0 Role: 3
0 145 23 0 Role: 3
0 33 34 40 146 0 Role: 4
0 177 168 136 0 Role: 4
0 85 50 0 Role: 4
0 6 0 Role: 4
0 128 91 0 Role: 4
0 39 200 130 156 0 Role: 5
0 121 0 Role: 5
0 65 134 0 Role: 5
0 30 161 44 147 0 Role: 5
0 144 131 0 Role: 5
0 1 79 0 Role: 5
0 72 9 0 Role: 5
0 120 0 Role: 5
0 67 87 0 Role: 6
0 105 155 0 Role: 6
0 17 0 Role: 6
0 125 63 0 Role: 6
0 61 194 0 Role: 6
0 140 0 Role: 6
0 49 117 0 Role: 7
0 181 167 0 Role: 7
0 169 0 Role: 7
0 126 0 Role: 7
0 122 113 55 0 Role: 8
0 16 182 27 129 0 Role: 8
0 106 0 Role: 8
0 132 68 0 Role: 8
0 64 0 Role: 8
0 48 0 Role: 9
0 176 66 0 Role: 9
0 7 151 98 0 Role: 9
0 90 0 Role: 9
0 43 0 Role: 9
0 59 0 Role: 9
0 69 0 Role: 9
0 190 0 Role: 10
0 124 96 0 Role: 10
0 82 0 Role: 11
0 76 199 0 Role: 11
0 119 57 0 Role: 12

Số khách: 120
Chi phí: 9.90497e+06
0 122 129 174 26 67 162 191 0 Role: 0
0 182 19 116 14 73 0 Role: 1
0 178 30 88 28 0 Role: 1
0 112 200 72 95 0 Role: 1
0 6 169 0 Role: 2
0 10 56 0 Role: 2
0 35 0 Role: 2
0 44 1 42 79 23 0 Role: 2
0 140 155 128 84 0 Role: 2
0 156 39 153 0 Role: 3
0 150 53 159 144 0 Role: 3
0 24 85 173 180 0 Role: 3
0 9 65 0 Role: 3
0 61 0 Role: 3
0 131 20 80 0 Role: 3
0 176 103 117 0 Role: 4
0 177 192 91 0 Role: 5
0 161 101 0 Role: 5
0 108 134 148 0 Role: 5
0 18 0 Role: 5
0 137 0 Role: 5
0 123 0 Role: 5
0 120 0 Role: 5
0 54 0 Role: 5
0 184 0 Role: 5
0 154 0 Role: 5
0 5 49 50 0 Role: 6
0 32 157 147 0 Role: 6
0 126 145 33 0 Role: 6
0 34 0 Role: 6
0 166 105 0 Role: 6
0 146 187 0 Role: 7
0 181 0 Role: 7
0 68 43 136 168 197 21 0 Role: 7
0 167 0 Role: 7
0 133 125 0 Role: 7
0 132 63 0 Role: 8
0 194 0 Role: 8
0 11 55 0 Role: 9
0 106 40 0 Role: 9
0 69 87 0 Role: 9
0 121 0 Role: 9
0 124 0 Role: 10
0 82 48 64 0 Role: 10
0 17 0 Role: 10
0 66 37 0 Role: 10
0 119 7 151 98 0 Role: 11
0 59 0 Role: 11
0 90 0 Role: 11
0 100 96 130 0 Role: 12
0 190 0 Role: 12

Số khách: 140
Chi phí: 2.23123e+07
0 84 0 Role: 0
0 41 29 175 192 194 0 Role: 0
0 70 136 51 67 197 63 24 19 0 Role: 0
0 159 0 Role: 0
0 79 21 31 18 0 Role: 0
0 121 34 97 0 Role: 0
0 99 71 93 162 167 154 108 0 Role: 0
0 58 120 123 15 42 160 0 Role: 0
0 39 187 0 Role: 1
0 146 0 Role: 2
0 56 0 Role: 2
0 112 0 Role: 2
0 128 178 180 0 Role: 2
0 134 35 174 147 0 Role: 2
0 166 150 144 1 0 Role: 2
0 26 10 65 14 0 Role: 2
0 140 95 0 Role: 2
0 133 9 200 0 Role: 2
0 131 80 0 Role: 2
0 184 0 Role: 2
0 72 191 0 Role: 2
0 54 137 0 Role: 2
0 103 173 0 Role: 2
0 38 0 Role: 3
0 117 23 44 0 Role: 3
0 126 161 0 Role: 3
0 116 106 43 32 0 Role: 4
0 37 17 6 0 Role: 4
0 155 105 0 Role: 4
0 101 0 Role: 4
0 148 88 153 0 Role: 4
0 48 33 157 73 0 Role: 5
0 53 0 Role: 5
0 125 30 28 0 Role: 6
0 20 145 61 0 Role: 6
0 85 0 Role: 6
0 76 129 182 40 0 Role: 7
0 156 69 87 98 0 Role: 7
0 177 0 Role: 7
0 68 7 0 Role: 8
0 151 0 Role: 8
0 90 0 Role: 8
0 11 91 0 Role: 9
0 55 190 0 Role: 9
0 5 0 Role: 9
0 59 96 176 130 0 Role: 10
0 64 0 Role: 10
0 119 132 50 0 Role: 11
0 66 169 0 Role: 11
0 181 0 Role: 11
0 168 0 Role: 11
0 124 0 Role: 12
0 45 0 Role: 12
0 100 49 0 Role: 12
0 113 16 57 0 Role: 12
0 82 199 0 Role: 12
0 27 0 Role: 12

Số khách: 139
Chi phí: 2.08095e+07
0 41 6 0 Role: 0
0 153 63 0 Role: 0
0 158 69 166 56 143 0 Role: 0
0 180 144 0 Role: 0
0 169 21 152 134 39 15 0 Role: 0
0 200 157 191 126 53 112 110 108 0 Role: 0
0 35 186 84 29 118 198 163 120 0 Role: 0
0 125 170 184 0 Role: 0
0 116 14 154 161 147 0 Role: 1
0 65 0 Role: 1
0 174 44 1 20 178 0 Role: 1
0 173 192 137 19 26 0 Role: 1
0 123 148 0 Role: 1
0 128 140 0 Role: 1
0 80 101 0 Role: 1
0 10 0 Role: 1
0 162 159 0 Role: 1
0 131 0 Role: 1
0 95 150 0 Role: 1
0 103 0 Role: 1
0 24 42 0 Role: 1
0 72 9 0 Role: 1
0 136 168 90 0 Role: 2
0 30 88 133 28 0 Role: 2
0 34 79 23 0 Role: 2
0 40 146 187 0 Role: 3
0 106 194 0 Role: 3
0 17 37 0 Role: 3
0 61 145 0 Role: 3
0 167 0 Role: 3
0 18 85 0 Role: 3
0 155 105 0 Role: 3
0 54 0 Role: 3
0 32 121 50 0 Role: 4
0 197 91 73 0 Role: 4
0 59 0 Role: 4
0 43 0 Role: 4
0 27 0 Role: 5
0 67 0 Role: 5
0 49 181 156 0 Role: 5
0 190 177 0 Role: 5
0 151 87 98 0 Role: 5
0 66 117 0 Role: 5
0 33 7 0 Role: 5
0 132 0 Role: 6
0 176 96 130 0 Role: 6
0 64 182 0 Role: 6
0 38 0 Role: 7
0 76 199 124 0 Role: 8
0 5 100 55 0 Role: 9
0 57 68 0 Role: 9
0 113 16 0 Role: 10
0 129 48 0 Role: 10
0 11 0 Role: 11
0 45 122 0 Role: 12
0 82 0 Role: 12

Số khách: 114
Chi phí: 9.40407e+06
0 33 67 0 Role: 0
0 24 40 1 147 35 0 Role: 1
0 192 194 154 191 180 174 0 Role: 1
0 125 173 14 0 Role: 1
0 20 178 0 Role: 1
0 133 65 103 88 0 Role: 1
0 108 9 153 56 0 Role: 2
0 61 0 Role: 2
0 150 80 44 0 Role: 3
0 10 116 19 26 0 Role: 3
0 34 85 73 0 Role: 4
0 84 0 Role: 4
0 42 23 0 Role: 4
0 18 79 137 0 Role: 4
0 144 120 0 Role: 4
0 53 166 162 0 Role: 4
0 112 200 0 Role: 4
0 72 0 Role: 5
0 90 0 Role: 5
0 197 117 30 0 Role: 5
0 38 57 21 0 Role: 6
0 134 128 0 Role: 6
0 167 0 Role: 6
0 155 140 184 95 0 Role: 6
0 105 0 Role: 7
0 159 0 Role: 7
0 98 157 91 0 Role: 8
0 17 28 0 Role: 8
0 63 0 Role: 8
0 123 148 0 Role: 8
0 161 0 Role: 8
0 131 145 0 Role: 8
0 54 0 Role: 8
0 136 106 113 68 146 0 Role: 9
0 7 156 0 Role: 9
0 64 48 126 0 Role: 9
0 101 0 Role: 9
0 169 55 0 Role: 10
0 177 182 0 Role: 10
0 43 50 0 Role: 10
0 37 6 0 Role: 10
0 5 176 130 0 Role: 11
0 66 0 Role: 11
0 181 0 Role: 11
0 69 87 0 Role: 11
0 190 0 Role: 11
0 151 0 Role: 11
0 59 39 0 Role: 11
0 32 168 0 Role: 11
0 121 0 Role: 11
0 187 96 0 Role: 12

Số khách: 117
Chi phí: 9.54606e+06
0 180 168 120 62 0 Role: 0
0 112 37 6 95 0 Role: 1
0 116 108 153 0 Role: 1
0 88 0 Role: 1
0 184 105 56 84 0 Role: 1
0 173 65 14 35 174 0 Role: 1
0 194 0 Role: 2
0 155 0 Role: 2
0 140 128 0 Role: 2
0 23 1 44 178 191 0 Role: 2
0 54 26 19 0 Role: 2
0 129 147 144 0 Role: 3
0 53 166 162 0 Role: 3
0 18 79 137 0 Role: 3
0 134 0 Role: 3
0 72 9 103 10 0 Role: 3
0 150 159 0 Role: 3
0 76 157 161 0 Role: 4
0 85 24 63 34 192 0 Role: 4
0 167 148 0 Role: 4
0 123 200 0 Role: 4
0 98 67 0 Role: 5
0 59 66 28 0 Role: 5
0 30 0 Role: 5
0 20 80 154 0 Role: 5
0 42 0 Role: 5
0 61 131 145 0 Role: 5
0 101 0 Role: 5
0 133 0 Role: 5
0 32 156 146 0 Role: 6
0 50 0 Role: 7
0 151 0 Role: 7
0 177 90 136 197 21 0 Role: 7
0 69 73 0 Role: 7
0 169 0 Role: 8
0 57 48 33 182 0 Role: 8
0 87 91 0 Role: 8
0 190 0 Role: 8
0 7 0 Role: 8
0 117 0 Role: 8
0 106 43 0 Role: 8
0 17 0 Role: 8
0 39 0 Role: 8
0 121 0 Role: 8
0 68 126 0 Role: 9
0 125 0 Role: 9
0 82 0 Role: 10
0 113 40 0 Role: 10
0 176 5 0 Role: 10
0 181 130 0 Role: 10
0 27 64 0 Role: 10
0 124 0 Role: 11
0 100 0 Role: 12

