Số khách: 11
Chi phí: 3.26399e+06
0 1 42 10 5 65 22 16 4 6 0 Role: 0
0 34 97 0 Role: 1

Số khách: 89
Chi phí: 2.67066e+07
0 7 17 21 15 18 69 52 53 8 57 14 5 55 19 30 50 54 4 0 Role: 0
0 46 29 32 36 45 51 11 38 24 83 47 0 Role: 0
0 49 31 35 90 92 80 41 59 58 9 6 23 25 20 12 64 43 37 81 79 0 Role: 0
0 60 26 16 82 27 33 84 40 28 44 71 48 56 62 67 86 93 94 88 99 65 42 68 85 22 0 Role: 0
0 1 2 3 10 13 0 Role: 0
0 75 39 74 66 77 98 0 Role: 0
0 73 70 0 Role: 1
0 34 0 Role: 2
0 97 0 Role: 2

Số khách: 85
Chi phí: 2.46061e+07
0 46 29 32 36 45 51 11 38 24 83 5 47 55 4 0 Role: 0
0 3 2 1 14 10 13 19 30 50 54 0 Role: 0
0 49 31 35 90 92 80 41 59 58 9 6 23 25 20 12 64 43 37 81 79 0 Role: 0
0 60 26 16 82 27 33 84 40 28 44 71 48 56 62 67 86 93 94 88 99 65 42 68 85 22 0 Role: 0
0 75 39 74 66 98 57 77 8 0 Role: 0
0 17 18 21 0 Role: 0
0 34 0 Role: 1
0 97 0 Role: 1
0 7 0 Role: 2
0 15 0 Role: 2
0 70 0 Role: 2

Số khách: 77
Chi phí: 2.16286e+07
0 21 18 38 79 11 5 25 4 37 54 55 0 Role: 0
0 49 31 35 90 92 80 41 59 58 9 23 6 81 43 64 12 30 19 20 47 0 Role: 0
0 46 29 32 3 45 2 51 8 13 14 50 0 Role: 0
0 60 26 16 82 27 33 84 40 28 44 71 48 56 62 67 86 93 94 88 99 65 42 68 85 22 0 Role: 0
0 1 10 57 0 Role: 0
0 15 73 0 Role: 1
0 24 17 0 Role: 1
0 7 97 0 Role: 1
0 34 0 Role: 2

Số khách: 76
Chi phí: 1.97723e+07
0 4 1 57 8 83 14 11 5 19 30 50 54 55 0 Role: 0
0 46 29 32 36 3 45 2 51 10 13 79 25 24 37 0 Role: 0
0 49 31 35 90 92 80 41 59 58 9 23 6 81 43 64 12 20 47 0 Role: 0
0 60 26 16 82 27 33 84 40 28 44 71 48 56 62 67 86 93 94 88 99 65 42 68 85 22 0 Role: 0
0 34 97 0 Role: 1
0 70 0 Role: 1
0 7 0 Role: 2
0 15 73 0 Role: 2

Số khách: 48
Chi phí: 1.08213e+07
0 30 3 55 47 2 14 10 83 85 65 11 25 37 50 19 0 Role: 0
0 60 26 16 82 27 33 84 40 28 71 48 56 62 67 86 93 94 88 99 42 68 5 79 54 4 22 0 Role: 0
0 70 0 Role: 1
0 34 97 0 Role: 1
0 6 0 Role: 2
0 9 81 0 Role: 2
0 24 0 Role: 2

Số khách: 73
Chi phí: 1.91711e+07
0 46 29 32 3 45 2 51 8 13 14 5 50 54 0 Role: 0
0 49 31 35 90 92 80 41 59 58 9 23 6 81 43 64 12 30 19 20 47 55 4 0 Role: 0
0 1 57 10 11 79 25 37 0 Role: 0
0 60 26 16 82 27 33 84 40 28 44 71 48 56 62 67 86 93 94 88 99 65 42 68 85 22 0 Role: 0
0 34 0 Role: 1
0 15 73 0 Role: 2
0 24 0 Role: 2
0 7 97 0 Role: 2

Số khách: 78
Chi phí: 2.30695e+07
0 49 31 35 90 92 80 41 59 58 9 4 23 6 81 43 64 12 20 5 54 55 0 Role: 0
0 39 52 53 2 11 14 10 25 19 37 50 0 Role: 0
0 60 26 16 82 27 33 84 40 28 44 71 48 56 62 67 86 93 94 88 99 65 42 68 85 22 0 Role: 0
0 18 21 24 38 0 Role: 0
0 1 83 57 8 13 30 47 79 0 Role: 0
0 15 36 3 17 0 Role: 0
0 34 97 0 Role: 1
0 70 0 Role: 1
0 7 0 Role: 2
0 73 0 Role: 2

Số khách: 80
Chi phí: 2.36883e+07
0 46 29 32 36 45 51 11 38 24 83 0 Role: 0
0 7 17 21 15 18 69 52 53 8 57 0 Role: 0
0 60 26 16 82 27 33 84 40 28 44 71 48 56 62 67 86 93 94 88 99 65 42 68 85 22 0 Role: 0
0 49 31 35 90 92 80 41 59 58 9 6 23 25 20 12 64 43 37 81 79 0 Role: 0
0 3 47 2 14 10 13 19 30 50 55 54 4 5 0 Role: 0
0 73 70 0 Role: 1

Số khách: 41
Chi phí: 9.10456e+06
0 60 26 16 82 27 33 84 40 28 44 71 48 56 62 67 86 93 94 88 99 42 68 5 55 79 54 65 22 0 Role: 0
0 1 0 Role: 0
0 7 97 0 Role: 1
0 15 73 0 Role: 1
0 17 24 0 Role: 1
0 4 9 0 Role: 2
0 6 0 Role: 2
0 34 0 Role: 2
0 37 81 0 Role: 2

Số khách: 52
Chi phí: 1.14662e+07
0 49 31 35 90 92 80 41 59 58 9 23 6 81 43 64 50 19 20 54 55 0 Role: 0
0 33 40 28 62 56 26 48 71 57 25 16 4 37 86 12 30 94 79 5 22 85 42 65 0 Role: 0
0 15 73 0 Role: 1
0 70 0 Role: 2
0 97 34 0 Role: 2
0 7 0 Role: 3
0 17 24 0 Role: 3
0 67 0 Role: 3

Số khách: 65
Chi phí: 1.58557e+07
0 3 47 2 14 10 13 19 30 50 55 54 4 5 0 Role: 0
0 60 26 16 82 27 33 84 40 28 44 71 48 56 62 67 86 93 94 88 99 65 42 68 85 22 0 Role: 0
0 49 31 35 90 92 80 41 59 58 9 6 23 25 20 12 64 43 37 81 79 0 Role: 0
0 15 73 0 Role: 1
0 24 17 0 Role: 1
0 7 97 0 Role: 1
0 34 0 Role: 2

Số khách: 66
Chi phí: 1.7197e+07
0 49 31 35 90 92 80 41 59 58 9 6 23 25 20 12 64 43 37 81 79 4 5 54 0 Role: 0
0 60 26 16 82 27 33 84 40 28 44 71 48 56 62 67 86 93 94 88 99 65 42 68 85 22 55 0 Role: 0
0 7 17 21 15 18 69 52 53 8 57 83 11 14 19 30 50 0 Role: 0
0 70 0 Role: 1

Số khách: 56
Chi phí: 1.31436e+07
0 63 33 80 40 28 44 53 48 26 62 71 85 6 86 88 79 94 12 93 0 Role: 0
0 54 55 27 19 30 50 64 37 0 Role: 0
0 96 87 20 72 18 21 66 23 38 43 16 83 68 42 65 99 22 4 0 Role: 0
0 34 97 0 Role: 1
0 7 0 Role: 2
0 73 59 15 0 Role: 2
0 70 0 Role: 2
0 24 17 0 Role: 2
0 9 81 0 Role: 3

Số khách: 24
Chi phí: 4.36071e+06
0 4 54 55 27 19 30 50 64 37 5 14 42 65 99 22 16 85 0 Role: 0
0 7 97 0 Role: 1
0 73 59 15 0 Role: 1
0 70 0 Role: 1
0 24 0 Role: 1

Số khách: 84
Chi phí: 2.41468e+07
0 18 24 74 56 48 35 53 28 20 64 86 14 5 55 19 30 50 0 Role: 0
0 39 32 45 52 51 61 62 69 70 71 83 77 54 88 92 94 93 79 47 65 85 0 Role: 0
0 46 29 36 31 44 40 21 17 58 25 26 68 57 99 23 34 43 13 38 0 Role: 0
0 80 90 33 27 41 49 98 10 0 Role: 0
0 12 3 1 2 11 16 4 8 6 22 42 0 Role: 0
0 7 97 0 Role: 1
0 15 59 0 Role: 1
0 67 0 Role: 2
0 9 37 81 0 Role: 3

Số khách: 64
Chi phí: 1.5266e+07
0 49 31 35 90 92 80 41 59 58 9 23 6 81 43 64 12 30 19 20 47 5 4 54 0 Role: 0
0 60 26 16 82 27 33 84 40 28 44 71 48 56 62 67 86 93 94 88 99 65 42 68 55 85 22 0 Role: 0
0 1 57 10 14 11 25 50 37 0 Role: 0
0 15 73 0 Role: 1
0 24 17 0 Role: 1
0 7 97 0 Role: 1
0 34 0 Role: 2

Số khách: 40
Chi phí: 7.42252e+06
0 60 26 16 82 27 33 84 40 28 71 48 56 62 67 86 93 94 88 99 42 68 5 79 54 4 22 65 0 Role: 0
0 70 0 Role: 1
0 34 97 0 Role: 1
0 6 0 Role: 2
0 9 81 37 0 Role: 2
0 24 0 Role: 2
0 7 0 Role: 3
0 15 59 73 0 Role: 3
0 17 0 Role: 3

Số khách: 46
Chi phí: 1.00001e+07
0 21 18 50 12 30 19 55 11 4 54 5 0 Role: 0
0 60 26 16 82 27 33 84 40 28 44 71 48 56 62 67 86 93 94 88 99 65 42 68 85 22 0 Role: 0
0 9 0 Role: 1
0 24 17 0 Role: 1
0 6 0 Role: 2
0 7 97 0 Role: 3
0 15 59 73 81 0 Role: 3

Số khách: 71
Chi phí: 1.81795e+07
0 49 31 35 90 92 80 41 59 58 9 23 6 81 43 64 12 20 0 Role: 0
0 18 21 37 38 79 11 25 83 0 Role: 0
0 3 47 2 14 10 13 19 30 50 55 54 4 5 0 Role: 0
0 60 26 16 82 27 33 84 40 28 44 71 48 56 62 67 86 93 94 88 99 65 42 68 85 22 0 Role: 0
0 34 0 Role: 1
0 70 0 Role: 1
0 15 73 0 Role: 2
0 24 17 0 Role: 2
0 7 97 0 Role: 2

Số khách: 16
Chi phí: 3.26666e+06
0 67 13 0 Role: 0
0 15 59 73 0 Role: 1
0 70 81 0 Role: 1
0 24 0 Role: 1
0 34 97 0 Role: 2
0 9 37 0 Role: 2
0 4 0 Role: 2
0 6 0 Role: 2
0 7 0 Role: 3
0 17 0 Role: 3

Số khách: 55
Chi phí: 1.26888e+07
0 49 31 35 90 92 80 41 59 58 9 6 23 25 20 12 64 43 37 81 79 54 4 5 0 Role: 0
0 60 26 16 82 27 33 84 40 28 44 71 48 56 62 67 86 93 94 88 99 65 42 68 55 85 22 0 Role: 0
0 15 73 0 Role: 1
0 24 0 Role: 1
0 7 97 0 Role: 1
0 34 0 Role: 2

Số khách: 54
Chi phí: 1.16055e+07
0 60 26 16 82 27 33 84 40 28 44 71 48 56 67 86 93 94 88 99 42 68 5 55 79 54 65 22 0 Role: 0
0 49 31 35 90 92 80 41 59 58 9 4 23 6 81 37 43 64 19 20 85 0 Role: 0
0 34 97 0 Role: 1
0 15 73 0 Role: 1
0 17 24 0 Role: 1
0 7 0 Role: 2

Số khách: 58
Chi phí: 1.42765e+07
0 33 40 28 53 48 57 26 56 62 71 25 4 37 86 12 30 94 79 5 16 22 65 42 55 54 0 Role: 0
0 49 31 35 90 92 80 41 59 58 9 23 6 81 43 64 50 19 20 0 Role: 0
0 18 21 38 47 11 14 85 99 0 Role: 0
0 73 15 0 Role: 1
0 24 17 0 Role: 1
0 7 97 0 Role: 1
0 34 0 Role: 2

Số khách: 68
Chi phí: 1.74599e+07
0 49 31 35 90 92 80 41 59 58 9 23 6 81 43 64 12 30 19 20 47 50 0 Role: 0
0 4 8 13 14 83 0 Role: 0
0 21 18 38 79 11 5 25 54 37 55 0 Role: 0
0 60 26 16 82 27 33 84 28 44 71 48 56 62 67 86 93 94 88 99 65 42 68 85 22 0 Role: 0
0 34 0 Role: 1
0 70 0 Role: 2
0 15 73 0 Role: 3
0 24 17 0 Role: 3
0 7 97 0 Role: 3

Số khách: 61
Chi phí: 1.4677e+07
0 4 1 57 8 83 14 11 5 19 30 50 54 55 0 Role: 0
0 49 31 35 90 92 80 41 59 58 9 23 6 81 43 64 12 20 47 79 0 Role: 0
0 60 26 16 82 27 33 84 40 28 44 71 48 56 62 67 86 93 94 88 99 65 42 68 85 22 0 Role: 0
0 34 97 0 Role: 1
0 70 37 0 Role: 1

Số khách: 25
Chi phí: 5.22046e+06
0 33 40 28 25 62 56 48 71 57 16 4 37 86 12 30 94 79 5 22 85 65 42 0 Role: 0
0 70 0 Role: 1
0 97 34 0 Role: 1

Số khách: 20
Chi phí: 4.26868e+06
0 9 16 77 8 42 14 11 5 54 19 50 4 22 65 0 Role: 0
0 73 15 0 Role: 1
0 24 17 0 Role: 1
0 34 97 0 Role: 1

Số khách: 70
Chi phí: 1.79027e+07
0 21 18 38 79 11 5 25 4 37 54 55 0 Role: 0
0 1 57 14 10 13 50 0 Role: 0
0 60 26 16 82 27 33 84 40 28 44 71 48 56 62 67 86 93 94 88 99 65 42 68 85 22 0 Role: 0
0 49 31 35 90 92 80 41 59 58 9 23 6 81 43 64 12 30 19 20 47 0 Role: 0
0 15 73 0 Role: 1
0 24 17 0 Role: 1
0 7 97 0 Role: 1
0 34 0 Role: 2
0 70 0 Role: 3

Số khách: 44
Chi phí: 9.74054e+06
0 4 54 55 27 19 30 50 64 37 5 14 42 65 22 16 0 Role: 0
0 63 33 80 40 28 44 53 48 26 62 71 85 6 86 88 79 94 12 93 47 0 Role: 0
0 34 97 0 Role: 1
0 7 0 Role: 2
0 73 59 15 0 Role: 2
0 70 0 Role: 2
0 24 17 0 Role: 2

Số khách: 42
Chi phí: 9.58597e+06
0 21 18 50 19 38 79 11 14 25 55 54 4 5 0 Role: 0
0 60 26 16 82 27 33 84 40 28 44 71 48 56 62 67 86 93 94 88 99 65 42 68 85 22 0 Role: 0
0 34 97 0 Role: 1
0 70 81 0 Role: 1

Số khách: 30
Chi phí: 5.80435e+06
0 33 40 28 62 56 26 48 71 57 16 22 4 37 86 12 30 94 79 25 54 65 42 5 55 0 Role: 0
0 15 0 Role: 1
0 24 17 0 Role: 1
0 97 9 81 0 Role: 1

Số khách: 28
Chi phí: 5.30286e+06
0 16 8 22 42 11 44 5 54 12 19 30 50 55 0 Role: 0
0 7 97 0 Role: 1
0 9 0 Role: 2
0 15 59 81 0 Role: 2
0 6 0 Role: 2
0 24 17 0 Role: 3
0 73 70 37 0 Role: 3
0 4 67 0 Role: 3
0 34 0 Role: 3

Số khách: 34
Chi phí: 6.36731e+06
0 33 40 28 62 56 26 48 71 57 16 22 4 37 86 12 30 94 79 25 54 65 42 5 55 0 Role: 0
0 15 73 0 Role: 1
0 24 17 0 Role: 1
0 97 9 81 0 Role: 1
0 6 0 Role: 2
0 34 0 Role: 2
0 67 0 Role: 2

Số khách: 18
Chi phí: 3.81205e+06
0 44 11 8 0 Role: 0
0 9 0 Role: 1
0 15 59 81 0 Role: 1
0 6 0 Role: 1
0 24 17 0 Role: 2
0 73 70 37 0 Role: 2
0 4 67 0 Role: 2
0 34 0 Role: 2
0 7 97 0 Role: 3

Số khách: 17
Chi phí: 3.60274e+06
0 9 16 77 8 42 14 11 5 54 19 50 0 Role: 0
0 73 15 0 Role: 1
0 24 17 0 Role: 1
0 7 97 0 Role: 1

Số khách: 35
Chi phí: 6.84998e+06
0 60 26 16 82 27 33 84 40 28 71 48 56 62 67 86 93 94 88 99 42 68 5 79 54 4 22 65 0 Role: 0
0 6 0 Role: 1
0 9 81 37 0 Role: 1
0 24 0 Role: 1
0 70 0 Role: 2
0 34 97 0 Role: 2

Số khách: 33
Chi phí: 6.22256e+06
0 33 40 28 62 56 26 48 71 57 16 22 4 37 86 12 30 94 79 25 54 65 42 5 55 0 Role: 0
0 15 59 73 0 Role: 1
0 24 17 0 Role: 1
0 97 9 81 0 Role: 1
0 6 0 Role: 2

Số khách: 19
Chi phí: 4.21668e+06
0 9 16 77 8 42 14 11 5 54 19 50 4 22 65 0 Role: 0
0 73 15 0 Role: 1
0 24 17 0 Role: 1
0 97 0 Role: 1

Số khách: 38
Chi phí: 7.31349e+06
0 60 26 16 82 27 33 84 40 28 44 71 48 56 62 67 86 93 94 88 99 42 68 5 55 79 54 65 22 0 Role: 0
0 97 0 Role: 1
0 15 73 0 Role: 1
0 17 24 0 Role: 1
0 6 0 Role: 2
0 37 81 0 Role: 2
0 4 9 0 Role: 3

Số khách: 37
Chi phí: 6.93234e+06
0 60 26 16 82 27 33 84 40 28 44 71 48 56 67 86 93 94 88 99 42 68 5 55 79 54 65 22 0 Role: 0
0 4 97 0 Role: 1
0 15 73 0 Role: 1
0 17 24 0 Role: 1
0 6 0 Role: 2
0 9 37 81 0 Role: 2

Số khách: 32
Chi phí: 5.83112e+06
0 33 40 28 62 56 26 48 71 57 16 22 4 37 86 12 30 94 79 25 54 65 42 5 55 0 Role: 0
0 15 59 73 0 Role: 1
0 24 17 0 Role: 1
0 97 9 81 0 Role: 1

Số khách: 60
Chi phí: 1.46105e+07
0 60 26 16 82 27 33 84 40 28 44 71 48 56 67 86 93 94 88 99 42 68 5 55 79 54 65 22 0 Role: 0
0 49 31 35 90 92 80 41 59 58 9 23 6 81 43 64 50 19 20 12 30 37 85 0 Role: 0
0 1 2 3 7 8 0 Role: 0
0 4 97 0 Role: 1
0 15 73 0 Role: 1
0 17 24 0 Role: 1

Số khách: 59
Chi phí: 1.43313e+07
0 21 18 38 79 11 5 25 4 37 54 55 0 Role: 0
0 60 26 16 82 27 33 84 40 28 44 71 48 56 62 67 86 93 94 88 99 65 42 68 85 22 0 Role: 0
0 49 31 35 90 92 80 41 59 58 9 23 6 81 43 64 12 30 19 20 47 50 0 Role: 0
0 34 97 0 Role: 1

Số khách: 39
Chi phí: 7.36548e+06
0 60 26 16 82 27 33 84 40 28 44 71 48 56 62 67 86 93 94 88 99 42 68 5 55 79 54 65 22 0 Role: 0
0 4 9 0 Role: 1
0 6 0 Role: 2
0 37 81 0 Role: 2
0 34 97 0 Role: 3
0 15 73 0 Role: 3
0 17 24 0 Role: 3

Số khách: 36
Chi phí: 6.90547e+06
0 60 26 16 82 27 33 84 40 28 44 71 48 56 67 86 93 94 88 99 42 68 5 55 79 54 65 22 0 Role: 0
0 6 0 Role: 1
0 9 37 81 0 Role: 1
0 97 0 Role: 2
0 15 73 0 Role: 2
0 17 24 0 Role: 2

Số khách: 27
Chi phí: 5.29597e+06
0 16 8 22 42 44 5 54 12 19 30 50 55 0 Role: 0
0 7 97 0 Role: 1
0 24 17 0 Role: 2
0 73 70 37 0 Role: 2
0 4 67 0 Role: 2
0 34 0 Role: 2
0 9 0 Role: 3
0 15 59 81 0 Role: 3
0 6 0 Role: 3

Số khách: 31
Chi phí: 5.82217e+06
0 33 40 28 62 56 26 48 71 57 16 22 4 37 86 12 30 94 79 25 54 65 42 5 55 0 Role: 0
0 15 73 0 Role: 1
0 24 17 0 Role: 1
0 97 9 81 0 Role: 1

Số khách: 27
Chi phí: 5.29597e+06
0 16 8 22 42 44 5 54 12 19 30 50 55 0 Role: 0
0 24 17 0 Role: 1
0 73 70 37 0 Role: 1
0 4 67 0 Role: 1
0 34 0 Role: 1
0 7 97 0 Role: 2
0 9 0 Role: 3
0 15 59 81 0 Role: 3
0 6 0 Role: 3

