Số khách: 100
Chi phí: 1.69926e+07
0 28 10 31 18 33 24 19 34 80 35 36 48 37 50 58 52 47 63 39 78 12 15 87 89 14 20 6 3 4 17 25 70 30 0 Role: 0
0 75 1 82 90 93 91 83 2 9 11 32 27 16 44 54 53 74 59 76 88 97 0 Role: 0
0 46 7 13 42 21 61 65 57 22 85 45 86 73 56 100 79 49 95 81 5 66 8 0 Role: 0
0 72 92 38 68 98 62 84 60 77 99 29 43 64 67 23 55 94 0 Role: 0
0 51 69 71 0 Role: 1
0 26 40 41 0 Role: 2
0 96 0 Role: 2

Số khách: 22
Chi phí: 3.22372e+06
0 49 57 65 30 45 4 3 56 22 73 70 81 5 71 69 8 88 66 0 Role: 0
0 15 2 16 17 0 Role: 1

Số khách: 97
Chi phí: 1.59841e+07
0 60 10 68 38 72 99 62 84 77 19 46 44 21 35 28 36 39 42 24 48 50 65 58 63 3 87 89 79 95 4 66 8 15 69 71 5 25 17 30 0 Role: 0
0 75 1 82 90 93 91 83 2 6 7 14 12 9 49 61 81 45 73 56 86 57 100 88 70 0 Role: 0
0 26 92 37 98 23 18 31 33 34 52 55 59 54 78 64 67 74 53 76 80 47 94 20 97 22 85 0 Role: 0
0 40 41 0 Role: 1
0 51 0 Role: 1
0 96 0 Role: 1
0 11 16 27 32 0 Role: 2

Số khách: 94
Chi phí: 1.41966e+07
0 72 92 38 68 98 62 84 60 77 99 28 10 35 21 36 13 39 24 19 42 63 48 50 65 58 79 46 47 73 86 56 66 8 69 100 5 71 95 0 Role: 0
0 1 37 31 18 33 78 80 34 52 7 20 22 12 49 57 61 81 85 45 0 Role: 0
0 27 11 53 43 54 29 23 55 16 32 67 64 74 2 94 76 59 44 97 3 15 6 14 25 17 9 30 4 70 88 0 Role: 0
0 51 0 Role: 1
0 26 40 41 89 0 Role: 2
0 96 87 0 Role: 2

Số khách: 88
Chi phí: 1.37239e+07
0 26 92 37 98 23 18 31 33 34 52 55 59 54 78 64 67 74 53 76 80 47 94 6 20 14 97 9 22 85 49 81 70 56 0 Role: 0
0 60 10 68 38 72 99 62 84 77 19 24 42 39 36 28 35 21 44 46 48 50 65 58 63 3 87 89 79 95 4 30 17 25 5 71 69 15 8 66 88 0 Role: 0
0 1 45 13 7 0 Role: 0
0 40 41 100 0 Role: 1
0 51 0 Role: 1
0 96 2 0 Role: 1
0 11 16 27 32 0 Role: 2
0 12 0 Role: 3

Số khách: 87
Chi phí: 1.25946e+07
0 60 10 68 38 72 99 62 84 77 19 24 42 39 36 28 35 21 44 46 48 50 65 58 63 3 87 89 79 95 4 30 17 25 5 71 69 15 8 66 88 0 Role: 0
0 26 92 37 98 23 18 31 33 34 52 55 59 54 78 64 67 74 53 76 80 47 94 6 20 14 97 9 22 85 49 57 81 70 56 86 0 Role: 0
0 12 0 Role: 1
0 11 16 27 32 0 Role: 2
0 40 41 100 0 Role: 3
0 51 0 Role: 3
0 96 2 0 Role: 3
0 90 0 Role: 4

Số khách: 84
Chi phí: 1.21954e+07
0 26 92 37 98 23 18 31 33 34 52 55 59 54 78 64 67 74 53 76 80 47 94 6 20 14 97 9 22 85 49 81 70 56 0 Role: 0
0 60 10 68 38 72 99 62 84 77 19 42 39 36 35 28 48 21 44 46 50 58 87 89 79 63 3 4 95 65 30 15 88 66 8 69 71 5 25 17 0 Role: 0
0 27 40 41 0 Role: 1
0 100 51 0 Role: 1
0 96 2 11 32 0 Role: 1
0 12 0 Role: 2
0 16 0 Role: 3
0 90 0 Role: 4

Số khách: 64
Chi phí: 7.85753e+06
0 28 10 31 18 33 24 19 34 80 35 36 48 37 50 58 52 47 63 39 78 4 45 30 9 17 25 66 56 3 70 81 88 73 5 0 Role: 0
0 90 0 Role: 1
0 94 0 Role: 2
0 41 62 26 27 0 Role: 3
0 12 79 0 Role: 4
0 89 20 14 0 Role: 4
0 69 8 0 Role: 4
0 15 87 0 Role: 4
0 49 0 Role: 4
0 6 0 Role: 4
0 71 40 96 0 Role: 5
0 100 44 32 77 0 Role: 5
0 60 11 16 0 Role: 6
0 51 0 Role: 6
0 67 2 0 Role: 6

Số khách: 66
Chi phí: 8.81109e+06
0 23 43 54 29 59 55 64 53 74 76 97 58 61 50 21 95 85 86 78 0 Role: 0
0 25 22 3 4 45 30 65 57 49 56 66 88 81 70 73 0 Role: 0
0 5 14 77 17 0 Role: 1
0 71 69 20 0 Role: 1
0 100 89 2 15 0 Role: 1
0 8 0 Role: 1
0 9 79 0 Role: 1
0 11 0 Role: 2
0 40 0 Role: 2
0 26 60 96 27 0 Role: 2
0 32 0 Role: 2
0 67 0 Role: 2
0 12 0 Role: 2
0 90 41 0 Role: 3
0 51 0 Role: 4
0 62 16 0 Role: 4
0 94 0 Role: 4
0 44 6 87 0 Role: 4

Số khách: 71
Chi phí: 9.47117e+06
0 98 10 28 18 31 33 24 19 34 35 36 39 63 80 46 52 48 58 50 21 42 61 85 86 95 0 Role: 0
0 25 22 3 4 45 30 65 57 49 56 66 88 81 70 73 0 Role: 0
0 5 14 77 17 0 Role: 1
0 71 69 0 Role: 1
0 100 89 2 15 0 Role: 1
0 8 0 Role: 1
0 9 79 0 Role: 1
0 51 0 Role: 2
0 62 16 0 Role: 2
0 94 0 Role: 2
0 44 6 87 0 Role: 2
0 11 0 Role: 3
0 40 0 Role: 3
0 26 60 96 27 0 Role: 3
0 32 0 Role: 3
0 67 0 Role: 3
0 12 0 Role: 3
0 90 41 0 Role: 4

Số khách: 77
Chi phí: 1.07719e+07
0 28 10 31 18 33 24 19 34 80 35 36 48 37 50 58 52 47 63 39 78 12 87 20 89 79 49 65 95 45 56 73 81 86 69 71 100 0 Role: 0
0 27 11 53 43 54 29 23 55 16 32 67 64 74 2 94 76 59 44 97 3 15 6 14 25 17 9 30 4 70 88 66 5 8 0 Role: 0
0 26 90 0 Role: 1
0 40 60 0 Role: 1
0 62 77 0 Role: 1
0 96 0 Role: 1
0 51 0 Role: 2

Số khách: 99
Chi phí: 1.69274e+07
0 75 1 82 90 93 91 10 83 12 20 47 78 87 89 0 Role: 0
0 27 11 53 43 54 29 23 55 16 32 67 64 74 2 94 76 59 44 97 3 15 6 14 25 17 9 30 4 70 88 0 Role: 0
0 72 92 38 68 98 62 84 60 77 99 18 28 37 35 36 31 33 24 34 48 50 58 52 80 63 39 0 Role: 0
0 46 7 13 42 21 61 65 57 22 85 45 86 73 56 100 79 49 95 81 5 66 8 0 Role: 0
0 26 40 41 0 Role: 1
0 96 0 Role: 1
0 51 69 71 0 Role: 2

Số khách: 73
Chi phí: 1.00822e+07
0 28 10 31 18 33 24 19 34 80 35 36 48 37 50 58 52 47 63 39 78 4 45 30 9 17 25 66 56 3 70 81 88 73 5 0 Role: 0
0 1 7 13 57 65 61 21 85 22 0 Role: 0
0 94 0 Role: 1
0 41 62 26 27 0 Role: 2
0 12 79 0 Role: 3
0 89 20 14 0 Role: 3
0 69 8 0 Role: 3
0 15 87 0 Role: 3
0 49 0 Role: 3
0 6 0 Role: 3
0 60 11 16 0 Role: 4
0 51 0 Role: 4
0 67 2 0 Role: 4
0 71 40 96 0 Role: 5
0 100 44 32 77 0 Role: 5
0 90 0 Role: 6

Số khách: 92
Chi phí: 1.41864e+07
0 60 10 68 38 72 99 62 84 77 19 24 42 39 36 28 35 21 44 46 48 50 65 58 63 3 87 89 79 95 4 30 17 25 5 71 69 15 8 66 88 0 Role: 0
0 1 86 45 73 7 12 61 57 0 Role: 0
0 26 92 37 98 23 18 31 33 34 52 55 59 54 78 64 67 74 53 76 80 47 94 6 20 14 97 9 22 85 49 81 70 56 0 Role: 0
0 11 16 27 32 0 Role: 1
0 40 41 100 0 Role: 2
0 51 0 Role: 2
0 96 2 0 Role: 2
0 90 0 Role: 3

Số khách: 82
Chi phí: 1.12914e+07
0 60 10 68 38 72 99 62 84 77 19 46 44 21 35 28 36 39 42 24 48 50 65 58 63 3 87 89 79 95 4 66 8 15 69 71 5 25 17 30 0 Role: 0
0 26 92 37 98 23 18 31 33 34 52 55 59 54 78 64 67 74 53 76 80 94 2 6 20 14 97 9 49 45 56 73 70 81 57 88 0 Role: 0
0 27 40 41 0 Role: 1
0 100 51 0 Role: 1
0 96 11 32 0 Role: 1

Số khách: 27
Chi phí: 3.45111e+06
0 5 2 8 3 4 65 57 49 9 14 66 30 15 69 71 17 25 0 Role: 0
0 27 51 0 Role: 1
0 100 62 16 0 Role: 1
0 94 0 Role: 1
0 89 6 87 44 0 Role: 1

Số khách: 30
Chi phí: 3.60061e+06
0 25 2 22 56 3 4 45 30 57 95 81 70 73 66 88 8 5 17 86 15 71 69 0 Role: 0
0 26 11 32 77 27 16 44 0 Role: 1
0 79 0 Role: 1

Số khách: 74
Chi phí: 1.04785e+07
0 28 10 31 18 33 24 19 34 80 35 36 48 37 50 58 52 47 63 39 78 4 45 30 9 17 25 66 56 3 70 81 88 73 5 0 Role: 0
0 1 7 13 21 22 46 57 61 65 85 86 95 0 Role: 0
0 94 0 Role: 1
0 71 40 96 27 0 Role: 2
0 100 44 32 77 0 Role: 2
0 12 79 0 Role: 3
0 89 20 14 0 Role: 3
0 69 8 0 Role: 3
0 15 87 0 Role: 3
0 49 0 Role: 3
0 6 0 Role: 3
0 60 11 16 0 Role: 4
0 51 0 Role: 4
0 2 0 Role: 4
0 26 41 62 0 Role: 5

Số khách: 53
Chi phí: 5.71464e+06
0 28 10 31 18 33 24 19 34 80 35 36 48 37 50 58 52 47 63 39 78 12 87 20 89 79 49 65 95 45 56 73 86 81 30 71 5 100 69 8 66 0 Role: 0
0 26 90 15 27 0 Role: 1
0 40 11 60 0 Role: 1
0 62 77 0 Role: 1
0 96 2 16 17 0 Role: 1

Số khách: 34
Chi phí: 3.66095e+06
0 25 2 1 30 45 4 3 56 22 57 95 81 70 73 86 88 66 5 17 0 Role: 0
0 69 14 16 0 Role: 1
0 44 20 0 Role: 1
0 87 6 89 71 0 Role: 1
0 8 100 0 Role: 1
0 15 0 Role: 1
0 49 9 79 0 Role: 1

Số khách: 80
Chi phí: 1.1e+07
0 26 23 37 43 18 31 29 33 34 52 55 59 54 78 64 67 74 53 76 80 94 2 6 20 14 97 9 49 45 56 73 70 86 81 57 100 88 0 Role: 0
0 60 10 68 38 72 99 62 84 77 19 46 44 21 35 28 36 39 42 24 48 50 65 58 63 3 87 89 79 95 4 66 8 15 69 71 5 25 17 30 0 Role: 0
0 11 16 27 32 0 Role: 1

Số khách: 68
Chi phí: 9.26691e+06
0 28 10 31 18 33 24 19 34 80 35 36 48 37 50 58 52 47 63 39 78 4 45 30 9 17 25 66 56 3 70 81 88 73 5 0 Role: 0
0 1 7 13 21 22 46 0 Role: 0
0 12 79 0 Role: 1
0 89 20 14 0 Role: 1
0 69 8 0 Role: 1
0 15 87 0 Role: 1
0 49 0 Role: 1
0 6 0 Role: 1
0 41 62 26 27 0 Role: 2
0 71 40 96 0 Role: 3
0 100 44 32 77 0 Role: 3
0 60 11 16 0 Role: 4
0 51 0 Role: 4
0 67 2 0 Role: 4

Số khách: 50
Chi phí: 5.42089e+06
0 84 1 23 18 99 72 7 2 9 12 69 14 20 22 56 70 45 57 49 71 15 8 66 88 86 95 30 5 25 0 Role: 0
0 6 87 0 Role: 1
0 79 0 Role: 1
0 26 60 41 62 16 0 Role: 2
0 27 77 32 11 100 89 44 17 0 Role: 2
0 40 90 96 0 Role: 3
0 51 0 Role: 3
0 94 0 Role: 3

Số khách: 63
Chi phí: 7.47377e+06
0 28 10 31 18 33 24 19 34 80 35 36 48 37 50 58 52 47 63 39 78 4 45 30 9 17 25 66 56 3 70 81 88 73 5 0 Role: 0
0 12 79 0 Role: 1
0 89 20 14 0 Role: 1
0 69 8 0 Role: 1
0 15 87 0 Role: 1
0 49 0 Role: 1
0 6 0 Role: 1
0 60 11 16 0 Role: 2
0 51 0 Role: 2
0 67 2 0 Role: 2
0 71 40 96 27 0 Role: 3
0 100 44 32 77 0 Role: 3
0 94 0 Role: 4
0 26 41 62 0 Role: 5

Số khách: 23
Chi phí: 3.36245e+06
0 22 56 3 4 45 30 65 57 49 73 70 88 8 69 71 5 25 100 66 0 Role: 0
0 15 2 16 17 0 Role: 1

Số khách: 39
Chi phí: 4.0877e+06
0 25 2 1 30 45 4 3 56 22 57 95 81 70 73 66 88 86 17 0 Role: 0
0 69 14 16 0 Role: 1
0 44 20 0 Role: 1
0 87 6 89 71 0 Role: 1
0 8 100 0 Role: 1
0 15 5 0 Role: 1
0 49 9 79 0 Role: 1
0 26 11 32 77 27 0 Role: 2

Số khách: 58
Chi phí: 6.48879e+06
0 28 10 31 18 33 24 19 34 80 35 36 48 37 50 58 52 47 63 39 78 12 87 20 89 79 49 65 95 45 56 73 86 81 30 71 5 100 69 8 66 0 Role: 0
0 26 90 15 27 0 Role: 1
0 40 11 60 0 Role: 1
0 62 77 0 Role: 1
0 96 2 16 17 0 Role: 1
0 51 6 44 0 Role: 2
0 9 32 0 Role: 3

Số khách: 56
Chi phí: 6.18195e+06
0 23 43 54 29 59 55 64 53 74 76 97 58 61 50 21 95 85 86 78 3 56 66 6 25 49 30 81 4 70 73 88 0 Role: 0
0 62 11 0 Role: 1
0 40 0 Role: 1
0 26 60 96 27 0 Role: 1
0 16 44 32 0 Role: 1
0 67 0 Role: 1
0 12 0 Role: 1
0 5 14 77 17 0 Role: 2
0 71 69 20 0 Role: 2
0 89 2 15 0 Role: 2
0 8 0 Role: 2
0 9 79 0 Role: 2

Số khách: 48
Chi phí: 4.98473e+06
0 84 1 23 18 99 72 7 2 9 12 69 71 14 20 56 22 45 57 49 15 8 66 88 86 95 30 25 5 0 Role: 0
0 40 90 96 0 Role: 1
0 26 60 41 62 16 0 Role: 2
0 27 77 32 11 100 89 44 17 0 Role: 2
0 6 87 0 Role: 3
0 67 79 0 Role: 3

Số khách: 35
Chi phí: 3.96496e+06
0 25 2 1 30 45 4 3 56 22 57 95 81 70 73 86 88 66 5 17 0 Role: 0
0 14 16 0 Role: 1
0 44 20 0 Role: 1
0 87 6 89 71 0 Role: 1
0 8 100 0 Role: 1
0 15 0 Role: 1
0 49 9 79 0 Role: 1
0 11 26 0 Role: 2

Số khách: 41
Chi phí: 4.31829e+06
0 84 1 23 18 99 72 7 2 9 12 69 14 20 22 56 70 45 57 49 71 15 8 66 88 86 95 30 5 0 Role: 0
0 26 60 41 62 16 0 Role: 1
0 27 77 32 11 100 89 44 17 0 Role: 1

Số khách: 37
Chi phí: 4.00599e+06
0 25 2 1 30 45 4 3 56 22 57 95 81 70 73 86 88 66 5 17 0 Role: 0
0 69 14 16 0 Role: 1
0 44 20 0 Role: 1
0 87 6 89 71 0 Role: 1
0 8 100 0 Role: 1
0 15 0 Role: 1
0 49 9 79 0 Role: 1
0 11 26 27 0 Role: 2

Số khách: 67
Chi phí: 9.02684e+06
0 23 43 54 29 59 55 64 53 74 76 97 58 61 50 21 95 85 86 78 3 56 66 6 25 49 30 81 4 70 73 100 88 0 Role: 0
0 1 7 13 22 45 57 65 87 0 Role: 0
0 5 14 77 17 0 Role: 1
0 71 69 20 0 Role: 1
0 89 2 15 0 Role: 1
0 8 0 Role: 1
0 9 79 0 Role: 1
0 11 0 Role: 2
0 40 0 Role: 2
0 26 60 96 27 0 Role: 2
0 16 44 32 0 Role: 2
0 67 0 Role: 2
0 12 0 Role: 2
0 41 51 0 Role: 3
0 94 0 Role: 3

Số khách: 61
Chi phí: 7.05224e+06
0 28 10 31 18 33 24 19 34 80 35 36 48 37 50 58 52 47 63 39 78 4 45 30 9 17 25 66 56 3 70 81 88 73 5 0 Role: 0
0 12 79 0 Role: 1
0 89 20 14 0 Role: 1
0 69 8 0 Role: 1
0 15 87 0 Role: 1
0 49 0 Role: 1
0 6 0 Role: 1
0 41 62 26 27 0 Role: 2
0 71 40 96 0 Role: 3
0 100 44 32 77 0 Role: 3
0 60 11 16 0 Role: 4
0 51 0 Role: 4
0 67 0 Role: 4

Số khách: 62
Chi phí: 7.0817e+06
0 28 10 31 18 33 24 19 34 80 35 36 48 37 50 58 52 47 63 39 78 4 45 30 9 17 25 66 56 3 70 81 88 73 5 0 Role: 0
0 12 79 0 Role: 1
0 89 20 14 0 Role: 1
0 69 8 0 Role: 1
0 15 87 0 Role: 1
0 49 0 Role: 1
0 6 0 Role: 1
0 26 90 41 0 Role: 2
0 60 11 16 0 Role: 3
0 51 0 Role: 3
0 67 2 0 Role: 3
0 27 40 96 71 0 Role: 4
0 100 44 32 77 0 Role: 4

Số khách: 60
Chi phí: 6.65609e+06
0 28 10 31 18 33 24 19 34 80 35 36 48 37 50 58 52 47 63 39 78 12 87 20 89 79 49 65 95 45 56 73 86 81 30 71 5 100 69 8 66 70 0 Role: 0
0 26 90 15 27 0 Role: 1
0 40 11 60 0 Role: 1
0 62 77 0 Role: 1
0 96 2 16 17 0 Role: 1
0 44 6 0 Role: 2
0 67 9 0 Role: 2
0 14 32 0 Role: 2

Số khách: 46
Chi phí: 4.87301e+06
0 84 1 23 18 99 72 7 2 9 12 69 14 20 22 56 70 45 57 49 71 15 8 66 88 86 95 30 5 25 0 Role: 0
0 26 60 41 62 16 0 Role: 1
0 27 77 32 11 100 89 44 17 0 Role: 1
0 6 87 0 Role: 2
0 67 79 0 Role: 2

Số khách: 54
Chi phí: 6.07844e+06
0 28 10 31 18 33 24 19 34 80 35 36 48 37 50 58 52 47 63 39 78 4 45 30 9 17 25 66 56 3 70 73 88 8 69 71 5 81 0 Role: 0
0 27 11 60 44 16 0 Role: 1
0 100 89 51 6 0 Role: 1
0 67 15 2 0 Role: 1
0 12 0 Role: 2
0 14 20 87 0 Role: 2
0 49 0 Role: 2

Số khách: 81
Chi phí: 1.12477e+07
0 26 23 37 43 18 31 29 33 34 52 55 59 54 78 64 67 74 53 76 80 94 2 6 20 14 97 9 49 45 56 73 70 81 57 86 88 0 Role: 0
0 60 10 68 38 72 99 62 84 77 19 46 44 21 35 28 36 39 42 24 48 50 65 58 63 3 87 89 79 95 4 66 8 15 69 71 5 25 17 30 0 Role: 0
0 12 0 Role: 1
0 100 0 Role: 1
0 11 16 27 32 0 Role: 2

Số khách: 44
Chi phí: 4.67969e+06
0 84 1 23 18 99 72 7 2 9 69 71 14 20 22 56 70 45 57 49 15 8 66 88 86 95 30 25 5 0 Role: 0
0 26 60 41 62 16 0 Role: 1
0 27 77 32 11 100 89 44 17 0 Role: 1
0 40 90 96 0 Role: 2

Số khách: 43
Chi phí: 4.50969e+06
0 49 57 65 30 45 4 3 22 25 56 73 70 81 86 88 66 0 Role: 0
0 5 14 77 17 0 Role: 1
0 71 69 20 44 0 Role: 1
0 100 89 2 15 0 Role: 1
0 8 0 Role: 1
0 9 79 0 Role: 1
0 41 62 11 0 Role: 2
0 40 0 Role: 2
0 26 60 96 27 0 Role: 2
0 16 32 0 Role: 2
0 67 0 Role: 2
0 12 0 Role: 2

Số khách: 45
Chi phí: 4.7858e+06
0 84 1 23 18 99 72 7 2 9 12 69 14 20 22 56 70 45 57 49 71 15 8 66 88 86 95 30 5 0 Role: 0
0 26 60 41 62 16 0 Role: 1
0 27 77 32 11 100 89 44 17 0 Role: 1
0 6 87 0 Role: 2
0 67 79 0 Role: 2

Số khách: 42
Chi phí: 4.40551e+06
0 84 1 23 18 99 72 7 2 9 12 69 14 20 22 56 70 45 57 49 71 15 8 66 88 86 95 30 5 25 0 Role: 0
0 26 60 41 62 16 0 Role: 1
0 27 77 32 11 100 89 44 17 0 Role: 1

Số khách: 59
Chi phí: 6.64369e+06
0 28 31 18 33 24 19 34 80 35 36 48 37 50 58 52 47 63 39 78 12 87 20 89 79 49 65 95 45 56 73 86 81 30 71 5 100 69 8 66 70 0 Role: 0
0 26 90 15 27 0 Role: 1
0 40 11 60 0 Role: 1
0 62 77 0 Role: 1
0 96 2 16 17 0 Role: 1
0 44 6 0 Role: 2
0 67 9 0 Role: 2
0 14 32 0 Role: 2

Số khách: 49
Chi phí: 5.27053e+06
0 84 1 23 18 99 72 7 2 9 12 69 14 20 22 56 70 45 57 49 71 15 8 66 88 86 95 30 5 25 0 Role: 0
0 6 87 0 Role: 1
0 67 79 0 Role: 1
0 26 60 41 62 16 0 Role: 2
0 27 77 32 11 100 89 44 17 0 Role: 2
0 40 90 96 0 Role: 3

Số khách: 55
Chi phí: 6.07946e+06
0 28 10 31 18 33 24 19 34 80 35 36 48 37 50 58 52 47 63 39 78 4 45 30 9 17 25 66 56 3 70 73 88 8 69 71 5 81 0 Role: 0
0 27 11 60 44 16 0 Role: 1
0 100 89 51 6 0 Role: 1
0 67 15 2 0 Role: 1
0 12 79 0 Role: 2
0 14 20 87 0 Role: 2
0 49 0 Role: 2

Số khách: 49
Chi phí: 5.27053e+06
0 84 1 23 18 99 72 7 2 9 12 69 14 20 22 56 70 45 57 49 71 15 8 66 88 86 95 30 5 25 0 Role: 0
0 6 87 0 Role: 1
0 67 79 0 Role: 1
0 26 60 41 62 16 0 Role: 2
0 27 77 32 11 100 89 44 17 0 Role: 2
0 40 90 96 0 Role: 3

