Số khách: 28
Chi phí: 1.92899e+06
0 29 14 45 46 13 16 11 21 0 Role: 0
0 27 6 10 9 44 3 24 0 Role: 1
0 47 31 41 26 43 0 Role: 1
0 30 50 33 5 0 Role: 1
0 23 0 Role: 1
0 12 1 39 0 Role: 1

Số khách: 50
Chi phí: 2.80526e+06
0 28 20 38 6 42 25 22 14 11 43 27 26 1 45 19 13 12 9 16 30 46 47 31 41 29 39 24 21 23 0 Role: 0
0 49 37 32 34 4 44 0 Role: 1
0 48 40 50 17 2 35 0 Role: 1
0 36 15 8 33 10 5 3 0 Role: 1
0 7 18 0 Role: 2

Số khách: 38
Chi phí: 2.05756e+06
0 20 38 7 42 50 17 40 8 37 1 12 23 9 16 11 21 24 39 14 29 41 45 31 47 30 46 19 13 0 Role: 0
0 18 44 27 4 6 33 10 5 3 43 0 Role: 1

Số khách: 39
Chi phí: 2.21645e+06
0 20 38 7 42 48 17 40 8 37 50 19 1 12 23 9 16 11 21 14 24 39 29 41 45 31 47 46 30 13 0 Role: 0
0 18 44 27 4 6 33 15 5 3 43 0 Role: 1

Số khách: 48
Chi phí: 2.46249e+06
0 28 20 38 6 42 25 22 14 11 43 27 26 1 45 19 13 12 9 16 30 46 47 31 41 29 39 24 21 23 0 Role: 0
0 49 37 34 4 44 0 Role: 1
0 48 35 2 17 50 40 32 0 Role: 1
0 36 15 8 33 10 5 3 0 Role: 1

Số khách: 30
Chi phí: 1.9482e+06
0 29 14 45 50 46 13 16 11 0 Role: 0
0 27 6 10 9 44 21 3 24 0 Role: 1
0 47 31 41 26 43 0 Role: 1
0 30 40 33 5 0 Role: 1
0 19 23 0 Role: 1
0 12 1 39 0 Role: 1

Số khách: 44
Chi phí: 2.37687e+06
0 20 38 7 28 42 1 12 9 11 13 23 16 21 24 39 29 14 31 19 46 47 41 45 0 Role: 0
0 48 49 32 27 44 18 0 Role: 1
0 17 35 50 40 37 34 4 0 Role: 1
0 36 43 15 8 33 10 5 3 0 Role: 1

Số khách: 49
Chi phí: 2.78971e+06
0 28 20 38 6 42 25 22 14 11 43 27 26 1 45 19 13 12 9 16 30 46 47 31 41 29 39 24 21 23 0 Role: 0
0 49 37 32 34 4 44 0 Role: 1
0 48 40 50 17 2 35 0 Role: 1
0 36 15 33 10 5 3 0 Role: 1
0 7 18 0 Role: 2

Số khách: 45
Chi phí: 2.45535e+06
0 14 28 20 38 6 42 22 11 5 45 43 27 1 12 9 16 13 19 46 30 47 31 41 29 39 24 21 23 0 Role: 0
0 49 50 37 32 34 44 0 Role: 1
0 48 40 17 2 35 0 Role: 1
0 36 15 8 26 33 3 0 Role: 1

Số khách: 29
Chi phí: 1.93556e+06
0 29 14 45 50 46 13 16 11 0 Role: 0
0 27 6 10 9 44 21 3 24 0 Role: 1
0 47 31 41 43 0 Role: 1
0 30 40 33 5 0 Role: 1
0 19 23 0 Role: 1
0 12 1 39 0 Role: 1

